  0.00000000
  0.74999812
  0.74999802
  0.74999790
  0.74999777
  0.74999762
  0.74999745
  0.74999725
  0.74999702
  0.74999675
  0.74999642
  0.74999602
  0.74999552
  0.74999488
  0.74999402
  0.74999282
  0.74999101
  0.74998799
  0.74998192
  0.74996343
  0.74958048
  0.74944965
  0.74921254
  0.74877201
  0.74766826
  0.74669110
  0.74648462
  0.74605300
  0.73966105
  0.01648062
 -0.01815672
 -0.69274234
  0.72073341
  0.00283588
 -0.00016399
 -0.00263482
  0.00173826
  0.00199291
  0.00041922
  0.00000005
 -0.00011666
 -0.55646175
 -0.74243969
 -0.74333246
 -0.73540384
  0.73414580
  0.74199502
 -0.63438044
  0.74649345
  0.74319135
  0.64841847
 -0.73887493
 -0.73235149
  0.65695629
  0.72116784
 -0.33209612
 -0.74469490
 -0.74761428
 -0.74851763
 -0.74896373
 -0.74922954
 -0.74940591
 -0.74942475
 -0.74931487
 -0.74893525
 -0.74710414
  0.11726648
 -0.74713085
 -0.74860427
 -0.74911944
 -0.74939394
  0.74957737
  0.74905382
  0.74984712
  0.74989498
  0.64775829
 -0.74990593
 -0.74995430
 -0.74996966
 -0.74997707
 -0.74998146
 -0.74998438
 -0.74998651
 -0.74998802
 -0.74998961
 -0.74999086
 -0.74999183
 -0.74999260
 -0.74999321
 -0.74999372
 -0.74999415
 -0.74999437
 -0.74999443
 -0.74999436
 -0.74999417
 -0.74999384
 -0.74999331
 -0.74999250
 -0.74999122
 -0.74998897
 -0.74998429
 -0.74996900
  0.37166637
  0.74996915
  0.74998397
  0.74998872
  0.74999104
  0.74999241
  0.74999329
  0.00000000
