  0.00000000
  0.00000000
 -0.06085105
 -0.12173258
 -0.11272525
 -0.05648386
 -0.01122423
 -0.00640953
 -0.00583465
 -0.00776800
  0.01195167
  0.00989009
 -0.00596641
 -0.00368074
 -0.00413316
  0.01316073
 -0.00182807
 -0.00090754
 -0.03171335
 -0.09498902
 -0.04430889
 -0.00001215
 -0.00001945
 -0.00002744
 -0.00003661
 -0.00561467
 -0.05784143
 -0.10696728
 -0.15430376
 -0.13166338
 -0.12276983
 -0.14353988
 -0.18870022
 -0.14428472
 -0.12529255
 -0.13784884
 -0.12643326
 -0.08334653
 -0.03977299
 -0.00006464
 -0.00006191
 -0.00005946
 -0.00590462
 -0.05325391
 -0.10080549
 -0.14943985
 -0.20004942
 -0.25042788
 -0.22625878
 -0.17885175
 -0.16970531
 -0.19795233
 -0.20382868
 -0.15910916
 -0.11386173
 -0.06954869
 -0.02560365
 -0.00004987
 -0.00004854
 -0.00004727
 -0.00004604
 -0.00004487
 -0.03812915
 -0.09479915
 -0.15328515
 -0.21526473
 -0.28271374
 -0.35813329
 -0.39769437
 -0.42114105
 -0.42114186
 -0.33531664
 -0.25162408
 -0.17756914
 -0.11694041
 -0.05435467
  0.00835539
  0.07132549
  0.03950298
 -0.02308607
 -0.08640945
 -0.15254516
 -0.22395401
 -0.30387989
 -0.39702061
 -0.42113911
 -0.42113973
 -0.42113997
 -0.42113995
 -0.42113971
 -0.42111204
 -0.32400141
 -0.24151174
 -0.16846160
 -0.10134519
 -0.03756250
  0.02502731
  0.08840939
  0.15467176
  0.22629340
  0.30655162
  0.40020549
  0.42113968
  0.42113917
  0.36072165
  0.27313940
  0.19680597
  0.12766664
  0.06282555
