task_id 9

[x]
1 3.014527850000
2 3.014527850000
3 3.014527850000
4 3.015670790000
5 3.018224000000
6 3.023657770000
7 3.033871760000
8 3.049116950000
9 3.068149420000
10 3.090944060000
11 3.117711220000
12 3.149049910000
13 3.181513320000
14 3.214838040000
15 3.252918940000
16 3.295431890000
17 3.342863710000
18 3.387624980000
19 3.436332320000
20 3.488625070000
21 3.565250300000
22 3.716880650000
23 3.911040670000
24 4.105210490000
25 4.299396030000
26 4.493603680000
27 4.686799580000
28 4.875120250000
29 5.096550550000
30 5.377532940000
31 5.757465020000
32 6.217506380000
33 6.735257800000
34 7.299330380000
35 7.962192870000
36 8.687734310000
37 9.441639520000
38 10.234278280000
39 11.079342590000
40 11.968690360000
41 12.895303790000
42 13.821923530000
43 14.748549120000
44 15.669964910000
45 16.551221730000
46 17.396053110000
47 18.202751340000
48 18.962331570000
49 19.659800150000
50 20.312874760000
51 20.916088860000
52 21.446499840000
53 21.881774030000
54 22.212407620000
55 22.438847180000
56 22.570943760000
57 22.626409940000
58 22.629419680000
59 22.610942460000
60 22.592422170000
61 22.573859990000
62 22.555257010000
63 22.536614290000
64 22.518599400000
65 22.472512090000
66 22.364218820000
67 22.169316410000
68 21.873822930000
69 21.476612690000
70 20.974925020000
71 20.391352300000
72 19.755348520000
73 19.068815750000
74 18.370166320000
75 17.761570140000
76 17.118404910000
77 16.472612990000
78 15.826896810000
79 15.209610790000
80 14.591162030000
81 13.991874140000
82 13.437194020000
83 12.946880340000
84 12.538221740000
85 12.226864870000
86 12.025887030000
87 11.943646310000
88 11.961262320000
89 12.051045570000
90 12.186425460000
91 12.344015790000
92 12.504563250000
93 12.653092780000
94 12.776358690000
95 12.867458660000
96 12.923052060000
97 12.941796070000
98 12.923369510000
99 12.867734800000
100 12.774460910000
101 12.642043600000
102 12.467261270000
103 12.244757340000
104 11.967374440000
105 11.698428420000
106 11.467776780000
107 11.281105520000
108 11.140611260000
109 11.046873770000
110 11.000000000000

[y]
1 2.960048430000
2 2.960048430000
3 2.960048430000
4 3.006909130000
5 3.100623640000
6 3.241142540000
7 3.428362660000
8 3.662239470000
9 3.942842500000
10 4.270172110000
11 4.644212500000
12 5.064918370000
13 5.532538900000
14 6.047081410000
15 6.608285900000
16 7.216170580000
17 7.870698040000
18 8.572389980000
19 9.320799040000
20 10.115947750000
21 10.956201140000
22 11.833810590000
23 12.742301710000
24 13.650788560000
25 14.559268640000
26 15.467738850000
27 16.371325930000
28 17.230291620000
29 18.040803320000
30 18.795144650000
31 19.523545180000
32 20.212204810000
33 20.838737600000
34 21.378644540000
35 21.848047270000
36 22.243450480000
37 22.558161230000
38 22.788522150000
39 22.940964260000
40 23.036400960000
41 23.102605530000
42 23.168754630000
43 23.234850580000
44 23.300523760000
45 23.358505320000
46 23.374278150000
47 23.320544720000
48 23.176563730000
49 22.928280450000
50 22.547916830000
51 22.041493070000
52 21.450633100000
53 20.809993510000
54 20.113967590000
55 19.345091640000
56 18.520674430000
57 17.652653630000
58 16.746110110000
59 15.817306390000
60 14.888502530000
61 13.959698580000
62 13.030894550000
63 12.102090480000
64 11.206426650000
65 10.358015100000
66 9.559619220000
67 8.821972980000
68 8.164799820000
69 7.615721190000
70 7.191586780000
71 6.916451420000
72 6.808029630000
73 6.878897620000
74 7.121556790000
75 7.470330610000
76 7.954157630000
77 8.542714280000
78 9.189926370000
79 9.799261550000
80 10.338464360000
81 10.827700340000
82 11.297275100000
83 11.768262830000
84 12.251683530000
85 12.748280490000
86 13.248689010000
87 13.734158020000
88 14.179321390000
89 14.567716890000
90 14.892386020000
91 15.153389920000
92 15.355371800000
93 15.505437690000
94 15.614016360000
95 15.688056880000
96 15.731442820000
97 15.745856580000
98 15.731712960000
99 15.689060980000
100 15.618466690000
101 15.521964430000
102 15.404253480000
103 15.274451560000
104 15.148909670000
105 15.066661460000
106 15.025084630000
107 15.007523150000
108 15.001536080000
109 15.000138040000
110 15.000000000000

[theta]
1 1.546410920000
2 1.546410920000
3 1.546410920000
4 1.543558550000
5 1.532146200000
6 1.516294340000
7 1.505703700000
8 1.503073040000
9 1.501270370000
10 1.499355900000
11 1.496442920000
12 1.501484990000
13 1.506120930000
14 1.503044520000
15 1.500974130000
16 1.498455510000
17 1.507092160000
18 1.505806810000
19 1.505126160000
20 1.479854860000
21 1.399708830000
22 1.360246790000
23 1.360235500000
24 1.360217430000
25 1.360191940000
26 1.360157920000
27 1.354969910000
28 1.304106050000
29 1.214230580000
30 1.090020180000
31 0.981854430000
32 0.880178310000
33 0.763512090000
34 0.616171490000
35 0.498978400000
36 0.395450500000
37 0.282834170000
38 0.178471780000
39 0.106901790000
40 0.071326690000
41 0.071266630000
42 0.071209120000
43 0.071153880000
44 0.065699470000
45 0.018667640000
46 -0.066510850000
47 -0.187330840000
48 -0.341990220000
49 -0.527392620000
50 -0.698391420000
51 -0.839257160000
52 -0.974004810000
53 -1.127323040000
54 -1.284386320000
55 -1.411916560000
56 -1.506983490000
57 -1.567476320000
58 -1.590687280000
59 -1.590733610000
60 -1.590778700000
61 -1.590822610000
62 -1.590865380000
63 -1.590907060000
64 -1.625064870000
65 -1.705612140000
66 -1.829115030000
67 -1.993353540000
68 -2.197063060000
69 -2.439766290000
70 -2.701030770000
71 -2.972742340000
72 -3.244454270000
73 -3.475883380000
74 -3.661982220000
75 -3.786538140000
76 -3.880655200000
77 -3.928147810000
78 -3.920509000000
79 -3.858643380000
80 -3.826231230000
81 -3.844091220000
82 -3.906889580000
83 -4.010602000000
84 -4.152366380000
85 -4.330480350000
86 -4.544577470000
87 -4.751940360000
88 -4.939563070000
89 -5.107445380000
90 -5.255587160000
91 -5.383988340000
92 -5.492641910000
93 -5.561052100000
94 -5.600724630000
95 -5.620500900000
96 -5.627647690000
97 -5.628535860000
98 -5.629117220000
99 -5.635314970000
100 -5.653407980000
101 -5.690486290000
102 -5.755084170000
103 -5.858176160000
104 -5.986400590000
105 -6.104842370000
106 -6.189384330000
107 -6.240596740000
108 -6.268271940000
109 -6.280240420000
110 -6.283185310000

[v]
1 0.000000000000
2 0.000000000000
3 0.187499050000
4 0.374998080000
5 0.562497080000
6 0.749996050000
7 0.937494980000
8 1.124993860000
9 1.312492700000
10 1.499991480000
11 1.687490190000
12 1.874988820000
13 2.062487350000
14 2.249985750000
15 2.437484000000
16 2.624982030000
17 2.812479760000
18 2.999977030000
19 3.187473550000
20 3.374968560000
21 3.562458940000
22 3.749853530000
23 3.935525860000
24 4.112382070000
25 4.281532320000
26 4.443759580000
27 4.599022250000
28 4.741755660000
29 4.873952400000
30 4.996113490000
31 4.998823470000
32 4.995815340000
33 4.883111710000
34 4.998358290000
35 4.998819120000
36 4.998792010000
37 4.998361400000
38 4.998648460000
39 4.998990820000
40 4.999065830000
41 4.999065840000
42 4.999044160000
43 4.895636030000
44 4.755545750000
45 4.617499960000
46 4.482924870000
47 4.615326470000
48 4.739616840000
49 4.640524510000
50 4.762100140000
51 4.885017810000
52 4.990411540000
53 4.875736810000
54 4.759995440000
55 4.870619240000
56 4.994243720000
57 4.936405140000
58 4.799645290000
59 4.654942030000
60 4.505560090000
61 4.351133260000
62 4.191168730000
63 4.025059580000
64 3.858262450000
65 3.693249140000
66 3.529863950000
67 3.368381510000
68 3.393466650000
69 3.244261450000
70 3.092672560000
71 2.936394620000
72 2.771739190000
73 2.958388750000
74 3.145650570000
75 3.312859380000
76 3.495039580000
77 3.656978070000
78 3.469502730000
79 3.282015300000
80 3.094524000000
81 2.907030850000
82 2.719536600000
83 2.532041620000
84 2.344546100000
85 2.157050290000
86 1.969553970000
87 1.782057310000
88 1.594560420000
89 1.407063360000
90 1.219566150000
91 1.032068830000
92 0.844571300000
93 0.657073750000
94 0.469576210000
95 0.282078720000
96 0.094581290000
97 -0.092916040000
98 -0.280413220000
99 -0.467910180000
100 -0.655406790000
101 -0.842902820000
102 -1.030397640000
103 -1.217888590000
104 -1.124972630000
105 -0.937481500000
106 -0.749986640000
107 -0.562490610000
108 -0.374994020000
109 -0.187497110000
110 0.000000000000

[a]
1 0.000000000000
2 0.749998120000
3 0.749998020000
4 0.749997900000
5 0.749997770000
6 0.749997620000
7 0.749997450000
8 0.749997250000
9 0.749997020000
10 0.749996750000
11 0.749996420000
12 0.749996020000
13 0.749995520000
14 0.749994880000
15 0.749994020000
16 0.749992820000
17 0.749991010000
18 0.749987990000
19 0.749981920000
20 0.749963430000
21 0.749580480000
22 0.749449650000
23 0.749212540000
24 0.748772010000
25 0.747668260000
26 0.746691100000
27 0.746484620000
28 0.746053000000
29 0.739661050000
30 0.016480620000
31 -0.018156720000
32 -0.692742340000
33 0.720733410000
34 0.002835880000
35 -0.000163990000
36 -0.002634820000
37 0.001738260000
38 0.001992910000
39 0.000419220000
40 0.000000050000
41 -0.000116660000
42 -0.556461750000
43 -0.742439690000
44 -0.743332460000
45 -0.735403840000
46 0.734145800000
47 0.741995020000
48 -0.634380440000
49 0.746493450000
50 0.743191350000
51 0.648418470000
52 -0.738874930000
53 -0.732351490000
54 0.656956290000
55 0.721167840000
56 -0.332096120000
57 -0.744694900000
58 -0.747614280000
59 -0.748517630000
60 -0.748963730000
61 -0.749229540000
62 -0.749405910000
63 -0.749424750000
64 -0.749314870000
65 -0.748935250000
66 -0.747104140000
67 0.117266480000
68 -0.747130850000
69 -0.748604270000
70 -0.749119440000
71 -0.749393940000
72 0.749577370000
73 0.749053820000
74 0.749847120000
75 0.749894980000
76 0.647758290000
77 -0.749905930000
78 -0.749954300000
79 -0.749969660000
80 -0.749977070000
81 -0.749981460000
82 -0.749984380000
83 -0.749986510000
84 -0.749988020000
85 -0.749989610000
86 -0.749990860000
87 -0.749991830000
88 -0.749992600000
89 -0.749993210000
90 -0.749993720000
91 -0.749994150000
92 -0.749994370000
93 -0.749994430000
94 -0.749994360000
95 -0.749994170000
96 -0.749993840000
97 -0.749993310000
98 -0.749992500000
99 -0.749991220000
100 -0.749988970000
101 -0.749984290000
102 -0.749969000000
103 0.371666370000
104 0.749969150000
105 0.749983970000
106 0.749988720000
107 0.749991040000
108 0.749992410000
109 0.749993290000
110 0.000000000000

[phy]
1 0.000000000000
2 0.000000000000
3 -0.121106520000
4 -0.238818830000
5 -0.221743530000
6 -0.112490860000
7 -0.022444710000
8 -0.012818360000
9 -0.011668780000
10 -0.015534760000
11 0.023898800000
12 0.019777600000
13 -0.011932250000
14 -0.007361340000
15 -0.008266130000
16 0.026315390000
17 -0.003656130000
18 -0.001815070000
19 -0.063341840000
20 -0.187740750000
21 -0.088386890000
22 -0.000024300000
23 -0.000038910000
24 -0.000054890000
25 -0.000073230000
26 -0.011228870000
27 -0.115170920000
28 -0.210757570000
29 -0.299334780000
30 -0.257481640000
31 -0.240776320000
32 -0.279561630000
33 -0.360873500000
34 -0.280937340000
35 -0.245529260000
36 -0.269014720000
37 -0.247674740000
38 -0.165174360000
39 -0.079378840000
40 -0.000129290000
41 -0.000123820000
42 -0.000118920000
43 -0.011808680000
44 -0.106107800000
45 -0.198944100000
46 -0.290428670000
47 -0.380591590000
48 -0.464331980000
49 -0.424945560000
50 -0.343521080000
51 -0.327210100000
52 -0.376970930000
53 -0.387090070000
54 -0.308085920000
55 -0.223905160000
56 -0.138210570000
57 -0.051162620000
58 -0.000099740000
59 -0.000097080000
60 -0.000094530000
61 -0.000092080000
62 -0.000089730000
63 -0.076110980000
64 -0.187374210000
65 -0.297473650000
66 -0.406544810000
67 -0.514610520000
68 -0.621559910000
69 -0.671922870000
70 -0.699996320000
71 -0.699997280000
72 -0.590743700000
73 -0.466242750000
74 -0.341245000000
75 -0.229751090000
76 -0.108284110000
77 0.016709220000
78 0.141695000000
79 0.078842190000
80 -0.046139380000
81 -0.171128590000
82 -0.296120240000
83 -0.421112880000
84 -0.546105690000
85 -0.671096970000
86 -0.699994060000
87 -0.699994790000
88 -0.699995060000
89 -0.699995040000
90 -0.699994760000
91 -0.699962390000
92 -0.574969950000
93 -0.449974390000
94 -0.324977950000
95 -0.199981130000
96 -0.074984140000
97 0.050012890000
98 0.175009850000
99 0.300006630000
100 0.425003020000
101 0.549998570000
102 0.674991490000
103 0.699994730000
104 0.699994130000
105 0.624972950000
106 0.499981750000
107 0.374987320000
108 0.249991880000
109 0.124996020000
110 0.000000000000

[w]
1 0.000000000000
2 -0.484427310000
3 -0.470850440000
4 0.068301380000
5 0.437011780000
6 0.360185540000
7 0.038505480000
8 0.004598340000
9 -0.015463950000
10 0.157734640000
11 -0.016484860000
12 -0.126839730000
13 0.018283710000
14 -0.003619180000
15 0.138326450000
16 -0.119886380000
17 0.007364230000
18 -0.246107710000
19 -0.497596890000
20 0.397416460000
21 0.353451350000
22 -0.000058960000
23 -0.000067690000
24 -0.000081200000
25 -0.051413790000
26 -0.499879370000
27 -0.499910730000
28 -0.499885950000
29 0.253412360000
30 0.101592710000
31 -0.234103450000
32 -0.499790280000
33 0.499907810000
34 0.217895370000
35 -0.142080410000
36 0.130575200000
37 0.499575260000
38 0.499429060000
39 0.442915850000
40 0.000029430000
41 0.000026350000
42 -0.062905170000
43 -0.499759190000
44 -0.499893820000
45 -0.499929880000
46 -0.499939030000
47 -0.499917660000
48 0.252148950000
49 0.499959120000
50 0.098620270000
51 -0.306145550000
52 -0.065199890000
53 0.499897320000
54 0.499921020000
55 0.499903250000
56 0.499819760000
57 0.278051330000
58 0.000013770000
59 0.000012760000
60 0.000011900000
61 0.000010990000
62 -0.342971940000
63 -0.499909150000
64 -0.499954500000
65 -0.499967230000
66 -0.499969780000
67 -0.499959910000
68 -0.252187710000
69 -0.138637520000
70 -0.000004590000
71 0.497244280000
72 0.499990950000
73 0.499995370000
74 0.499993900000
75 0.499985600000
76 0.499976660000
77 0.499946190000
78 -0.251412790000
79 -0.499929220000
80 -0.499959840000
81 -0.499969570000
82 -0.499973510000
83 -0.499974240000
84 -0.499968280000
85 -0.115589030000
86 -0.000002910000
87 -0.000001110000
88 0.000000090000
89 0.000001130000
90 0.000129480000
91 0.499972420000
92 0.499985020000
93 0.499988640000
94 0.499990200000
95 0.499990910000
96 0.499991120000
97 0.499990920000
98 0.499990230000
99 0.499988750000
100 0.499985440000
101 0.499975030000
102 0.100013640000
103 -0.000002400000
104 -0.300086580000
105 -0.499967780000
106 -0.499980810000
107 -0.499984880000
108 -0.499986620000
109 -0.499987320000
110 0.000000000000

[dt]
1 0.003080130000
2 0.249999370000
3 0.249999370000
4 0.249999370000
5 0.249999370000
6 0.249999370000
7 0.249999370000
8 0.249999370000
9 0.249999370000
10 0.249999370000
11 0.249999370000
12 0.249999370000
13 0.249999370000
14 0.249999370000
15 0.249999370000
16 0.249999370000
17 0.249999370000
18 0.249999370000
19 0.249999370000
20 0.249999370000
21 0.249999290000
22 0.247744910000
23 0.236056130000
24 0.225903540000
25 0.216977600000
26 0.207934270000
27 0.191207430000
28 0.177194840000
29 0.165158210000
30 0.164434320000
31 0.165675950000
32 0.162691980000
33 0.159901810000
34 0.162500340000
35 0.165296910000
36 0.163430540000
37 0.165141050000
38 0.171787200000
39 0.178926880000
40 0.185829820000
41 0.185830290000
42 0.185831510000
43 0.188689100000
44 0.185712040000
45 0.182994810000
46 0.180347830000
47 0.167508360000
48 0.156203020000
49 0.162862290000
50 0.165391680000
51 0.162539760000
52 0.155201820000
53 0.158040760000
54 0.168388130000
55 0.171422340000
56 0.174158690000
57 0.183645480000
58 0.193553360000
59 0.199570370000
60 0.206187330000
61 0.213505370000
62 0.221654440000
63 0.222566890000
64 0.220218920000
65 0.218156630000
66 0.216144480000
67 0.213915930000
68 0.199704240000
69 0.202495360000
70 0.208615520000
71 0.219718120000
72 0.249006400000
73 0.249997830000
74 0.222990530000
75 0.242940960000
76 0.249998330000
77 0.249998480000
78 0.249998470000
79 0.249998520000
80 0.249998510000
81 0.249998510000
82 0.249998510000
83 0.249998520000
84 0.249998410000
85 0.249998560000
86 0.249998590000
87 0.249998570000
88 0.249998560000
89 0.249998540000
90 0.249998520000
91 0.249998660000
92 0.249998610000
93 0.249998570000
94 0.249998540000
95 0.249998520000
96 0.249998490000
97 0.249998470000
98 0.249998440000
99 0.249998410000
100 0.249998380000
101 0.249998330000
102 0.249998270000
103 0.249998310000
104 0.249998450000
105 0.249998490000
106 0.249998460000
107 0.249998430000
108 0.249998410000
109 0.249998390000

[s]
1 0.000000000000
2 0.000000000000
3 0.046874640000
4 0.093749280000
5 0.140623910000
6 0.187498540000
7 0.234373150000
8 0.281247750000
9 0.328122340000
10 0.374996920000
11 0.421871480000
12 0.468746020000
13 0.515620530000
14 0.562495010000
15 0.609369450000
16 0.656243840000
17 0.703118150000
18 0.749992350000
19 0.796866370000
20 0.843740000000
21 0.890612210000
22 0.929007120000
23 0.929005000000
24 0.929001650000
25 0.928996630000
26 0.924009890000
27 0.879367230000
28 0.840214620000
29 0.804973260000
30 0.821532540000
31 0.828184840000
32 0.812779110000
33 0.780818400000
34 0.812234940000
35 0.826289350000
36 0.816955270000
37 0.825434650000
38 0.858703850000
39 0.894453810000
40 0.928975500000
41 0.928977850000
42 0.928979910000
43 0.923753220000
44 0.883162190000
45 0.844978600000
46 0.808485820000
47 0.773105840000
48 0.740342500000
49 0.755766450000
50 0.787611750000
51 0.794009640000
52 0.774520960000
53 0.770565150000
54 0.801526740000
55 0.834933070000
56 0.869791140000
57 0.906548510000
58 0.928987490000
59 0.928988480000
60 0.928989420000
61 0.928990310000
62 0.928991140000
63 0.895844990000
64 0.849662400000
65 0.805706780000
66 0.762960620000
67 0.720550460000
68 0.677689690000
69 0.656947880000
70 0.645179500000
71 0.645179110000
72 0.690180790000
73 0.739590760000
74 0.701450280000
75 0.804829230000
76 0.873754050000
77 0.914238950000
78 0.867370390000
79 0.820498960000
80 0.773626400000
81 0.726753390000
82 0.679880110000
83 0.633006650000
84 0.586132790000
85 0.539259470000
86 0.492385720000
87 0.445511790000
88 0.398637800000
89 0.351763780000
90 0.304889730000
91 0.258015820000
92 0.211141650000
93 0.164267500000
94 0.117393370000
95 0.070519260000
96 0.023645180000
97 -0.023228870000
98 -0.070102870000
99 -0.116976800000
100 -0.163850630000
101 -0.210724300000
102 -0.257597630000
103 -0.304470090000
104 -0.281241410000
105 -0.234368960000
106 -0.187495510000
107 -0.140621770000
108 -0.093747910000
109 -0.046873980000

[splus]
1 0.011552450000
2 0.011552450000
3 0.047846670000
4 0.093809290000
5 0.140627520000
6 0.187498750000
7 0.234373160000
8 0.281247750000
9 0.328122340000
10 0.374996920000
11 0.421871480000
12 0.468746020000
13 0.515620530000
14 0.562495010000
15 0.609369450000
16 0.656243840000
17 0.703118150000
18 0.749992350000
19 0.796866370000
20 0.843740000000
21 0.890612210000
22 0.929007120000
23 0.929005000000
24 0.929001650000
25 0.928996630000
26 0.924009890000
27 0.879367230000
28 0.840214620000
29 0.804973260000
30 0.821532540000
31 0.828184840000
32 0.812779110000
33 0.780818400000
34 0.812234940000
35 0.826289350000
36 0.816955270000
37 0.825434650000
38 0.858703850000
39 0.894453810000
40 0.928975500000
41 0.928977850000
42 0.928979910000
43 0.923753220000
44 0.883162190000
45 0.844978600000
46 0.808485820000
47 0.773105840000
48 0.740342500000
49 0.755766450000
50 0.787611750000
51 0.794009640000
52 0.774520960000
53 0.770565150000
54 0.801526740000
55 0.834933070000
56 0.869791140000
57 0.906548510000
58 0.928987490000
59 0.928988480000
60 0.928989420000
61 0.928990310000
62 0.928991140000
63 0.895844990000
64 0.849662400000
65 0.805706780000
66 0.762960620000
67 0.720550460000
68 0.677689690000
69 0.656947880000
70 0.645179500000
71 0.645179110000
72 0.690180790000
73 0.739590760000
74 0.701450280000
75 0.804829230000
76 0.873754050000
77 0.914238950000
78 0.867370390000
79 0.820498960000
80 0.773626400000
81 0.726753390000
82 0.679880110000
83 0.633006650000
84 0.586132790000
85 0.539259470000
86 0.492385720000
87 0.445511790000
88 0.398637800000
89 0.351763780000
90 0.304889730000
91 0.258015820000
92 0.211141700000
93 0.164268370000
94 0.117407910000
95 0.070759780000
96 0.027257580000
97 0.003694340000
98 0.000246560000
99 0.000014910000
100 0.000000900000
101 0.000000050000
102 0.000000000000
103 0.000000000000
104 0.000000000000
105 0.000000010000
106 0.000000220000
107 0.000003610000
108 0.000060010000
109 0.000972070000

[sminus]
1 0.011552450000
2 0.011552450000
3 0.000972030000
4 0.000060000000
5 0.000003610000
6 0.000000220000
7 0.000000010000
8 0.000000000000
9 0.000000000000
10 0.000000000000
11 0.000000000000
12 0.000000000000
13 0.000000000000
14 0.000000000000
15 0.000000000000
16 -0.000000000000
17 -0.000000000000
18 -0.000000000000
19 -0.000000000000
20 -0.000000000000
21 -0.000000000000
22 -0.000000000000
23 -0.000000000000
24 -0.000000000000
25 -0.000000000000
26 -0.000000000000
27 -0.000000000000
28 -0.000000000000
29 -0.000000000000
30 0.000000000000
31 0.000000000000
32 0.000000000000
33 0.000000000000
34 0.000000000000
35 0.000000000000
36 0.000000000000
37 0.000000000000
38 0.000000000000
39 0.000000000000
40 0.000000000000
41 0.000000000000
42 0.000000000000
43 -0.000000000000
44 -0.000000000000
45 -0.000000000000
46 0.000000000000
47 0.000000000000
48 0.000000000000
49 -0.000000000000
50 -0.000000000000
51 -0.000000000000
52 -0.000000000000
53 -0.000000000000
54 -0.000000000000
55 -0.000000000000
56 0.000000000000
57 0.000000000000
58 -0.000000000000
59 -0.000000000000
60 -0.000000000000
61 -0.000000000000
62 -0.000000000000
63 0.000000000000
64 0.000000000000
65 -0.000000000000
66 -0.000000000000
67 -0.000000000000
68 -0.000000000000
69 0.000000000000
70 -0.000000000000
71 -0.000000000000
72 -0.000000000000
73 -0.000000000000
74 0.000000000000
75 -0.000000000000
76 -0.000000000000
77 -0.000000000000
78 -0.000000000000
79 -0.000000000000
80 -0.000000000000
81 -0.000000000000
82 -0.000000000000
83 -0.000000000000
84 0.000000000000
85 0.000000000000
86 0.000000000000
87 0.000000000000
88 0.000000000000
89 0.000000000000
90 0.000000000000
91 0.000000000000
92 0.000000050000
93 0.000000870000
94 0.000014540000
95 0.000240520000
96 0.003612400000
97 0.026923210000
98 0.070349420000
99 0.116991710000
100 0.163851530000
101 0.210724350000
102 0.257597630000
103 0.304470090000
104 0.281241420000
105 0.234368970000
106 0.187495720000
107 0.140625380000
108 0.093807920000
109 0.047846040000

[k]
1 0.000000000000
2 0.000000000000
3 -0.060851050000
4 -0.121732580000
5 -0.112725250000
6 -0.056483860000
7 -0.011224230000
8 -0.006409530000
9 -0.005834650000
10 -0.007768000000
11 0.011951670000
12 0.009890090000
13 -0.005966410000
14 -0.003680740000
15 -0.004133160000
16 0.013160730000
17 -0.001828070000
18 -0.000907540000
19 -0.031713350000
20 -0.094989020000
21 -0.044308890000
22 -0.000012150000
23 -0.000019450000
24 -0.000027440000
25 -0.000036610000
26 -0.005614670000
27 -0.057841430000
28 -0.106967280000
29 -0.154303760000
30 -0.131663380000
31 -0.122769830000
32 -0.143539880000
33 -0.188700220000
34 -0.144284720000
35 -0.125292550000
36 -0.137848840000
37 -0.126433260000
38 -0.083346530000
39 -0.039772990000
40 -0.000064640000
41 -0.000061910000
42 -0.000059460000
43 -0.005904620000
44 -0.053253910000
45 -0.100805490000
46 -0.149439850000
47 -0.200049420000
48 -0.250427880000
49 -0.226258780000
50 -0.178851750000
51 -0.169705310000
52 -0.197952330000
53 -0.203828680000
54 -0.159109160000
55 -0.113861730000
56 -0.069548690000
57 -0.025603650000
58 -0.000049870000
59 -0.000048540000
60 -0.000047270000
61 -0.000046040000
62 -0.000044870000
63 -0.038129150000
64 -0.094799150000
65 -0.153285150000
66 -0.215264730000
67 -0.282713740000
68 -0.358133290000
69 -0.397694370000
70 -0.421141050000
71 -0.421141860000
72 -0.335316640000
73 -0.251624080000
74 -0.177569140000
75 -0.116940410000
76 -0.054354670000
77 0.008355390000
78 0.071325490000
79 0.039502980000
80 -0.023086070000
81 -0.086409450000
82 -0.152545160000
83 -0.223954010000
84 -0.303879890000
85 -0.397020610000
86 -0.421139110000
87 -0.421139730000
88 -0.421139970000
89 -0.421139950000
90 -0.421139710000
91 -0.421112040000
92 -0.324001410000
93 -0.241511740000
94 -0.168461600000
95 -0.101345190000
96 -0.037562500000
97 0.025027310000
98 0.088409390000
99 0.154671760000
100 0.226293400000
101 0.306551620000
102 0.400205490000
103 0.421139680000
104 0.421139170000
105 0.360721650000
106 0.273139400000
107 0.196805970000
108 0.127666640000
109 0.062825550000

[up]
1 0.011553560000
2 0.011553560000
3 0.050641740000
4 0.104772150000
5 0.155845710000
6 0.197665800000
7 0.236898690000
8 0.282978520000
9 0.329960510000
10 0.377793610000
11 0.426712030000
12 0.473196740000
13 0.518574290000
14 0.564483320000
15 0.611788040000
16 0.664535260000
17 0.704353930000
18 0.750649730000
19 0.821126930000
20 0.920680230000
21 0.928495860000
22 0.929096960000
23 0.929095850000
24 0.929094130000
25 0.929091600000
26 0.928991170000
27 0.928196610000
28 0.926495110000
29 0.924215270000
30 0.925371690000
31 0.925793940000
32 0.924778710000
33 0.922265400000
34 0.924740340000
35 0.925676160000
36 0.925066980000
37 0.925622580000
38 0.927411080000
39 0.928606020000
40 0.929081690000
41 0.929082740000
42 0.929083670000
43 0.928990210000
44 0.928312830000
45 0.926749990000
46 0.924473040000
47 0.921578870000
48 0.918328810000
49 0.919925320000
50 0.922842880000
51 0.923367410000
52 0.921706470000
53 0.921345910000
54 0.923955800000
55 0.926197350000
56 0.927864320000
57 0.928831200000
58 0.929087150000
59 0.929087620000
60 0.929088070000
61 0.929088490000
62 0.929088890000
63 0.928636590000
64 0.926987820000
65 0.924269580000
66 0.920629610000
67 0.916111600000
68 0.910684810000
69 0.907761790000
70 0.906022610000
71 0.906022580000
72 0.912352740000
73 0.918245660000
74 0.821023990000
75 0.895181650000
76 0.919347030000
77 0.921572740000
78 0.926761440000
79 0.851614720000
80 0.790772160000
81 0.787039850000
82 0.779444050000
83 0.769100460000
84 0.757122210000
85 0.744792720000
86 0.691454090000
87 0.625629600000
88 0.559804830000
89 0.493979890000
90 0.428154860000
91 0.362323250000
92 0.276815510000
93 0.202354210000
94 0.136395490000
95 0.077644100000
96 0.028240490000
97 0.003783100000
98 0.000267480000
99 0.000017130000
100 0.000001090000
101 0.000000070000
102 0.000000000000
103 0.000000000000
104 0.000000000000
105 0.000000020000
106 0.000000270000
107 0.000004290000
108 0.000067360000
109 0.001030690000

[down]
1 0.011553560000
2 0.011553560000
3 0.001028810000
4 0.000067020000
5 0.000004000000
6 0.000000230000
7 0.000000010000
8 0.000000000000
9 0.000000000000
10 0.000000000000
11 0.000000000000
12 0.000000000000
13 0.000000000000
14 0.000000000000
15 0.000000000000
16 -0.000000000000
17 -0.000000000000
18 -0.000000000000
19 -0.000000000000
20 -0.000000000000
21 -0.000000000000
22 -0.000000000000
23 -0.000000000000
24 -0.000000000000
25 -0.000000000000
26 -0.000000000000
27 -0.000000000000
28 -0.000000000000
29 -0.000000000000
30 0.000000000000
31 0.000000000000
32 0.000000000000
33 0.000000000000
34 0.000000000000
35 0.000000000000
36 0.000000000000
37 0.000000000000
38 0.000000000000
39 0.000000000000
40 0.000000000000
41 0.000000000000
42 0.000000000000
43 -0.000000000000
44 -0.000000000000
45 -0.000000000000
46 0.000000000000
47 0.000000000000
48 0.000000000000
49 -0.000000000000
50 -0.000000000000
51 -0.000000000000
52 -0.000000000000
53 -0.000000000000
54 -0.000000000000
55 -0.000000000000
56 0.000000000000
57 0.000000000000
58 -0.000000000000
59 -0.000000000000
60 -0.000000000000
61 -0.000000000000
62 -0.000000000000
63 0.000000000000
64 0.000000000000
65 -0.000000000000
66 -0.000000000000
67 -0.000000000000
68 -0.000000000000
69 0.000000000000
70 -0.000000000000
71 -0.000000000000
72 -0.000000000000
73 -0.000000000000
74 0.000000000000
75 -0.000000000000
76 -0.000000000000
77 -0.000000000000
78 -0.000000000000
79 -0.000000000000
80 -0.000000000000
81 -0.000000000000
82 -0.000000000000
83 -0.000000000000
84 0.000000000000
85 0.000000000000
86 0.000000000000
87 0.000000000000
88 0.000000000000
89 0.000000000000
90 0.000000000000
91 0.000000000000
92 0.000000070000
93 0.000001080000
94 0.000016900000
95 0.000263920000
96 0.003742660000
97 0.027570080000
98 0.076320190000
99 0.134363220000
100 0.199446910000
101 0.272738330000
102 0.356565940000
103 0.427565560000
104 0.394945520000
105 0.315529260000
106 0.236659700000
107 0.167194260000
108 0.105305020000
109 0.050731760000

[left]
1 0.023104910000
2 0.023104910000
3 0.021128930000
4 0.023256150000
5 0.026660940000
6 0.022667470000
7 0.021097790000
8 0.021539670000
9 0.021450690000
10 0.020909270000
11 0.031774210000
12 0.030956540000
13 0.020775410000
14 0.021263660000
15 0.020985920000
16 0.041725890000
17 0.021795350000
18 0.022349170000
19 0.035054510000
20 0.086008120000
21 0.048213270000
22 0.023090840000
23 0.023082400000
24 0.023073190000
25 0.023062630000
26 0.020198910000
27 0.058805010000
28 0.095046760000
29 0.126943920000
30 0.112038440000
31 0.106009560000
32 0.119935370000
33 0.148431870000
34 0.120424840000
35 0.107729870000
36 0.116173030000
37 0.108505120000
38 0.078040970000
39 0.044603320000
40 0.023030490000
41 0.023033620000
42 0.023036420000
43 0.020215140000
44 0.055245110000
45 0.090683260000
46 0.123794230000
47 0.155231020000
48 0.183791280000
49 0.170410340000
50 0.142416730000
51 0.136733020000
52 0.153985090000
53 0.157464240000
54 0.130028050000
55 0.099869630000
56 0.067750300000
57 0.033154790000
58 0.023047400000
59 0.023048930000
60 0.023050390000
61 0.023051800000
62 0.023053150000
63 0.043287350000
64 0.086380870000
65 0.126286640000
66 0.164130030000
67 0.200798590000
68 0.237023760000
69 0.254267150000
70 0.263972500000
71 0.263972840000
72 0.226550090000
73 0.184438280000
74 0.127264910000
75 0.098987200000
76 0.055673160000
77 0.039786720000
78 0.221504880000
79 0.120793390000
80 0.028314100000
81 0.069892130000
82 0.107901290000
83 0.143251560000
84 0.177020330000
85 0.210448680000
86 0.204192570000
87 0.185853960000
88 0.167515120000
89 0.149176170000
90 0.130837140000
91 0.112491620000
92 0.075105560000
93 0.048409950000
94 0.030082580000
95 0.021065360000
96 0.022317420000
97 0.022571940000
98 0.021038100000
99 0.029651640000
100 0.049038720000
101 0.078370090000
102 0.120603040000
103 0.150193210000
104 0.138240230000
105 0.099998950000
106 0.063930040000
107 0.039233310000
108 0.024205080000
109 0.021167520000

[right]
1 0.023104910000
2 0.023104910000
3 0.026991770000
4 0.046970250000
5 0.059970710000
6 0.045169930000
7 0.026748930000
8 0.025454380000
9 0.025653090000
10 0.027371710000
11 0.020470210000
12 0.020454410000
13 0.027816720000
14 0.026050920000
15 0.026868630000
16 0.021350980000
17 0.024857770000
18 0.023986810000
19 0.096449440000
20 0.282595920000
21 0.145933350000
22 0.023119010000
23 0.023127500000
24 0.023136810000
25 0.023147510000
26 0.033132650000
27 0.184473510000
28 0.315341190000
29 0.429208260000
30 0.376153930000
31 0.354617060000
32 0.404296390000
33 0.505203760000
34 0.406038170000
35 0.360767020000
36 0.390898050000
37 0.363537310000
38 0.254128320000
39 0.132766490000
40 0.023180350000
41 0.023177140000
42 0.023174260000
43 0.033812310000
44 0.171535140000
45 0.299667760000
46 0.418020270000
47 0.529128250000
48 0.628974190000
49 0.582326480000
50 0.483988800000
51 0.463900970000
52 0.524748500000
53 0.536973500000
54 0.440151420000
55 0.332637810000
56 0.216919320000
57 0.090817170000
58 0.023163020000
59 0.023161460000
60 0.023159970000
61 0.023158530000
62 0.023157160000
63 0.127961900000
64 0.284191370000
65 0.426874560000
66 0.560352210000
67 0.687924110000
68 0.812192780000
69 0.870713870000
70 0.903470060000
71 0.903471210000
72 0.776446570000
73 0.631223510000
74 0.423922880000
75 0.328013040000
76 0.172879080000
77 0.020780430000
78 0.069025610000
79 0.041667240000
80 0.071496230000
81 0.220255060000
82 0.353797220000
83 0.476043910000
84 0.590969020000
85 0.703006890000
86 0.676397850000
87 0.608709760000
88 0.541946210000
89 0.476107580000
90 0.411194030000
91 0.347184190000
92 0.221268780000
93 0.132243350000
94 0.071409280000
95 0.035834200000
96 0.024135490000
97 0.023743430000
98 0.033406960000
99 0.065340040000
100 0.121307090000
101 0.202762200000
102 0.316704730000
103 0.391096790000
104 0.362140110000
105 0.261796660000
106 0.163141380000
107 0.093495680000
108 0.047951340000
109 0.027076640000
