  0.01155245
  0.01155245
  0.04784667
  0.09380929
  0.14062752
  0.18749875
  0.23437316
  0.28124775
  0.32812234
  0.37499692
  0.42187148
  0.46874602
  0.51562053
  0.56249501
  0.60936945
  0.65624384
  0.70311815
  0.74999235
  0.79686637
  0.84374000
  0.89061221
  0.92900712
  0.92900500
  0.92900165
  0.92899663
  0.92400989
  0.87936723
  0.84021462
  0.80497326
  0.82153254
  0.82818484
  0.81277911
  0.78081840
  0.81223494
  0.82628935
  0.81695527
  0.82543465
  0.85870385
  0.89445381
  0.92897550
  0.92897785
  0.92897991
  0.92375322
  0.88316219
  0.84497860
  0.80848582
  0.77310584
  0.74034250
  0.75576645
  0.78761175
  0.79400964
  0.77452096
  0.77056515
  0.80152674
  0.83493307
  0.86979114
  0.90654851
  0.92898749
  0.92898848
  0.92898942
  0.92899031
  0.92899114
  0.89584499
  0.84966240
  0.80570678
  0.76296062
  0.72055046
  0.67768969
  0.65694788
  0.64517950
  0.64517911
  0.69018079
  0.73959076
  0.70145028
  0.80482923
  0.87375405
  0.91423895
  0.86737039
  0.82049896
  0.77362640
  0.72675339
  0.67988011
  0.63300665
  0.58613279
  0.53925947
  0.49238572
  0.44551179
  0.39863780
  0.35176378
  0.30488973
  0.25801582
  0.21114170
  0.16426837
  0.11740791
  0.07075978
  0.02725758
  0.00369434
  0.00024656
  0.00001491
  0.00000090
  0.00000005
  0.00000000
  0.00000000
  0.00000000
  0.00000001
  0.00000022
  0.00000361
  0.00006001
  0.00097207
