  1.54641092
  1.54641092
  1.54641092
  1.54486839
  1.53863526
  1.52436567
  1.49835632
  1.47389402
  1.45440812
  1.44270490
  1.44167599
  1.44498968
  1.44562252
  1.44603117
  1.44637862
  1.44672676
  1.44715153
  1.44803687
  1.44743938
  1.44715964
  1.44696190
  1.44680146
  1.44666141
  1.44653291
  1.44641027
  1.44628894
  1.44616434
  1.44603047
  1.44587730
  1.44568243
  1.44537006
  1.41466833
  1.34429908
  1.23632062
  1.09497312
  0.97866193
  0.88114828
  0.77913166
  0.65100542
  0.55371283
  0.47341071
  0.38941018
  0.28583073
  0.21513060
  0.18055022
  0.18055028
  0.18055022
  0.18055017
  0.13486136
  0.05270111
 -0.06267570
 -0.20880100
 -0.38378442
 -0.58617012
 -0.79838562
 -0.98471369
 -1.12543221
 -1.24055520
 -1.34842216
 -1.42378849
 -1.46353048
 -1.46353047
 -1.46353043
 -1.46353037
 -1.46353032
 -1.46353026
 -1.46353019
 -1.46353012
 -1.46353005
 -1.46352996
 -1.46352987
 -1.46352987
 -1.48844013
 -1.53850125
 -1.61425512
 -1.71663640
 -1.84709696
 -2.00892451
 -2.20041628
 -2.41462024
 -2.61275008
 -2.80598573
 -2.99992112
 -3.20471600
 -3.39210902
 -3.53340452
 -3.63304378
 -3.71269549
 -3.78472673
 -3.85825748
 -3.89886994
 -3.89028429
 -3.84203622
 -3.84195363
 -3.88479917
 -3.96653981
 -4.08436341
 -4.23544556
 -4.39188545
 -4.61119643
 -4.80820972
 -4.98365455
 -5.13865169
 -5.27432598
 -5.39163798
 -5.49970670
 -5.56545118
 -5.60363104
 -5.62351388
 -5.63175847
 -5.63363286
 -5.63363286
 -5.63560538
 -5.64303150
 -5.65939821
 -5.68832938
 -5.73371427
 -5.79984952
 -5.89641411
 -6.02584133
 -6.13676124
 -6.20797714
 -6.24971335
 -6.27167260
 -6.28095116
 -6.28318531
