  0.00000000
 -0.49991889
 -0.49990334
 -0.49985566
 -0.49966087
  0.45935673
  0.49919908
  0.49925974
  0.49989080
  0.16158920
 -0.09916411
 -0.00850181
 -0.00266574
 -0.00070733
  0.00115807
  0.00933057
 -0.03134799
  0.00679495
  0.00177912
  0.00082684
  0.00046885
  0.00028749
  0.00017710
  0.00009745
  0.00002702
 -0.00005298
 -0.00017437
 -0.00043155
 -0.00128125
 -0.34021355
 -0.46073232
 -0.49998218
 -0.49998913
  0.40443096
  0.29425298
 -0.06916782
 -0.41077145
  0.49999184
  0.25704290
 -0.05429898
 -0.29348399
  0.49998776
  0.49998300
  0.43043090
 -0.00000113
  0.00000011
 -0.49999571
 -0.49999775
 -0.49999855
 -0.49999884
 -0.49999886
 -0.49999839
 -0.18717331
  0.49999907
  0.49999966
  0.49999970
  0.49999976
  0.49999988
  0.49999992
  0.49999994
  0.00000198
  0.00000013
  0.00000014
  0.00000016
  0.00000018
  0.00000020
  0.00000023
  0.00000027
  0.00000032
 -0.00000348
 -0.49999980
 -0.49999976
 -0.49999971
 -0.49999966
 -0.49999958
 -0.49999948
 -0.49999933
 -0.49999894
 -0.49999716
 -0.49998980
  0.44540817
  0.49999521
  0.49999878
  0.49999942
  0.49999953
  0.49999951
  0.49999952
  0.49999965
  0.49999931
  0.49999874
  0.42647582
 -0.49999870
 -0.49999934
 -0.49999956
 -0.49999967
 -0.49999972
 -0.49999974
 -0.49999965
 -0.00000064
 -0.00000002
 -0.00000000
  0.00000000
  0.00000001
  0.00000034
  0.49999974
  0.49999987
  0.49999991
  0.49999992
  0.49999993
  0.49999993
  0.49999991
  0.49999990
  0.49999989
  0.49999987
  0.49999982
  0.49999967
  0.41380160
  0.00000006
 -0.00000003
 -0.45712113
 -0.49999974
 -0.49999984
 -0.49999988
 -0.49999989
 -0.49999989
  0.00000000
