  0.00000000
  0.74993999
  0.74993646
  0.74993244
  0.74992783
  0.74992274
  0.74991676
  0.74990976
  0.74990144
  0.74989152
  0.74987922
  0.74986378
  0.74984381
  0.74981916
  0.74977765
  0.74970428
  0.74953551
  0.74913724
  0.74786450
 -0.45762433
 -0.74915713
 -0.74956627
 -0.74970480
 -0.74977593
 -0.74982031
 -0.74985148
 -0.74987523
 -0.74989444
 -0.74990976
 -0.74992106
 -0.74992972
 -0.74993556
 -0.74993904
 -0.74994091
 -0.74994151
 -0.74994100
 -0.74993931
 -0.74993630
 -0.74993153
 -0.74992417
 -0.74991249
 -0.74989239
 -0.74985621
 -0.74978346
 -0.74956438
  0.68097463
  0.74957510
  0.74978798
  0.74985592
  0.74988831
  0.74990724
  0.74991961
  0.74992827
  0.00000000
