  0.00274922
  0.24651538
  0.24628720
  0.24606416
  0.24582710
  0.24621044
  0.24613890
  0.24604600
  0.24600312
  0.24624926
  0.24626209
  0.24627220
  0.24628101
  0.24993324
  0.24993218
  0.24993086
  0.24992928
  0.24493742
  0.19374961
  0.19753064
  0.24994867
  0.24995018
  0.24995362
  0.24995355
  0.24995347
  0.24995340
  0.24995327
  0.24995288
  0.24996114
  0.24996024
  0.24995923
  0.24996111
  0.24995784
  0.24995489
  0.24995220
  0.24994966
  0.24986831
  0.24984950
  0.24982317
  0.24977968
  0.24968610
  0.24929893
  0.24976541
  0.24974818
  0.24972923
  0.24971635
  0.24979375
  0.24981321
  0.24984673
  0.24982827
  0.24980847
  0.24978695
  0.24976277
