  0.00000000
  0.00000000
  0.06114333
  0.12385827
  0.18951613
  0.20584181
  0.13920645
  0.07619859
  0.01581296
  0.00136869
  0.00080108
  0.00052416
  0.00036649
  0.00002873
 -0.06276504
 -0.12756679
 -0.19664988
 -0.27287191
 -0.23649727
 -0.18035884
 -0.12802246
 -0.06321367
 -0.00041624
  0.06237462
  0.12716472
  0.19622863
  0.27244732
  0.35983779
  0.42108898
  0.42109221
  0.42109229
  0.36044404
  0.27295577
  0.19667497
  0.12757163
  0.06275811
 -0.00004406
 -0.06281577
 -0.12759443
 -0.19665084
 -0.27285741
 -0.36020130
 -0.42107815
 -0.42108479
 -0.42108836
 -0.42109002
 -0.42107766
 -0.42106162
 -0.36007685
 -0.27272053
 -0.19652662
 -0.12749182
 -0.06273982
