task_id 3

[x]
1 13.000000000000
2 13.000000000000
3 13.000000000000
4 12.979426950000
5 12.938111530000
6 12.874863720000
7 12.786313350000
8 12.668307120000
9 12.519463280000
10 12.340363700000
11 12.133982770000
12 11.901613800000
13 11.643282370000
14 11.358999630000
15 11.044180990000
16 10.702724110000
17 10.354966920000
18 10.031622880000
19 9.783962350000
20 9.692892300000
21 9.689254460000
22 9.778517540000
23 9.938755010000
24 10.121769190000
25 10.292844870000
26 10.427266060000
27 10.507989980000
28 10.524543000000
29 10.472799820000
30 10.355201810000
31 10.187248220000
32 9.994610510000
33 9.798362050000
34 9.617448600000
35 9.464280410000
36 9.345381620000
37 9.263960620000
38 9.221359490000
39 9.217871060000
40 9.253479060000
41 9.328431570000
42 9.443845960000
43 9.602141110000
44 9.808302710000
45 10.067040510000
46 10.380691910000
47 10.748461790000
48 11.075603590000
49 11.351513040000
50 11.574749360000
51 11.747959710000
52 11.874966770000
53 11.958495850000
54 12.000000000000

[y]
1 7.000000000000
2 7.000000000000
3 7.000000000000
4 7.040618590000
5 7.121629750000
6 7.242269010000
7 7.401063500000
8 7.595224870000
9 7.823530390000
10 8.086157120000
11 8.385544060000
12 8.722271850000
13 9.096359690000
14 9.507817690000
15 9.963293470000
16 10.457292330000
17 11.003308400000
18 11.617585470000
19 12.300250710000
20 12.903403220000
21 13.553908020000
22 14.349460210000
23 15.085976640000
24 15.768801830000
25 16.406334130000
26 17.004663150000
27 17.565277420000
28 18.084561350000
29 18.554418080000
30 18.963719880000
31 19.303478580000
32 19.574057550000
33 19.781131580000
34 19.936443220000
35 20.051514920000
36 20.134022140000
37 20.188323340000
38 20.216358360000
39 20.218654100000
40 20.195207740000
41 20.146437040000
42 20.074194730000
43 19.983114380000
44 19.881910170000
45 19.784628840000
46 19.706796360000
47 19.667236180000
48 19.683148400000
49 19.735215330000
50 19.805432050000
51 19.876430020000
52 19.936231670000
53 19.978414730000
54 20.000000000000

[theta]
1 2.039625240000
2 2.039625240000
3 2.039625240000
4 2.042409190000
5 2.053672650000
6 2.079487300000
7 2.116912470000
8 2.148541480000
9 2.169308660000
10 2.174335490000
11 2.174833200000
12 2.175160940000
13 2.175399240000
14 2.175582540000
15 2.175598450000
16 2.137906610000
17 2.055325600000
18 1.918814930000
19 1.720655150000
20 1.576392090000
21 1.459060810000
22 1.356573190000
23 1.308926150000
24 1.308631880000
25 1.349804500000
26 1.427787310000
27 1.538930440000
28 1.680479790000
29 1.850574100000
30 2.029899300000
31 2.189495130000
32 2.329360070000
33 2.432192870000
34 2.497275150000
35 2.534953670000
36 2.553416050000
37 2.559558020000
38 2.559555770000
39 2.559293450000
40 2.564733310000
41 2.582318400000
42 2.619470540000
43 2.685253380000
44 2.781959270000
45 2.898356200000
46 3.034436880000
47 3.190194480000
48 3.328109440000
49 3.446334810000
50 3.530599590000
51 3.581651920000
52 3.609240670000
53 3.621170880000
54 3.624105950000

[v]
1 0.000000000000
2 0.000000000000
3 0.184871740000
4 0.369571490000
5 0.554102990000
6 0.738455570000
7 0.923094380000
8 1.107678060000
9 1.292190360000
10 1.476668460000
11 1.661328690000
12 1.845995510000
13 2.030666110000
14 2.215338400000
15 2.402743130000
16 2.590136690000
17 2.777510930000
18 2.964841800000
19 3.148333550000
20 3.293231900000
21 3.202833020000
22 3.015582200000
23 2.828227970000
24 2.640836540000
25 2.453427390000
26 2.266007200000
27 2.078579270000
28 1.891145510000
29 1.703707240000
30 1.516258940000
31 1.328808490000
32 1.141356630000
33 0.953901910000
34 0.766448770000
35 0.578997370000
36 0.391547840000
37 0.204100340000
38 0.016714270000
39 -0.170656940000
40 -0.358007210000
41 -0.545323030000
42 -0.732565760000
43 -0.919513130000
44 -1.106801270000
45 -1.294058330000
46 -1.481246470000
47 -1.311195950000
48 -1.123956770000
49 -0.936649830000
50 -0.749300780000
51 -0.561957480000
52 -0.374624300000
53 -0.187304160000
54 0.000000000000

[a]
1 0.000000000000
2 0.749939990000
3 0.749936460000
4 0.749932440000
5 0.749927830000
6 0.749922740000
7 0.749916760000
8 0.749909760000
9 0.749901440000
10 0.749891520000
11 0.749879220000
12 0.749863780000
13 0.749843810000
14 0.749819160000
15 0.749777650000
16 0.749704280000
17 0.749535510000
18 0.749137240000
19 0.747864500000
20 -0.457624330000
21 -0.749157130000
22 -0.749566270000
23 -0.749704800000
24 -0.749775930000
25 -0.749820310000
26 -0.749851480000
27 -0.749875230000
28 -0.749894440000
29 -0.749909760000
30 -0.749921060000
31 -0.749929720000
32 -0.749935560000
33 -0.749939040000
34 -0.749940910000
35 -0.749941510000
36 -0.749941000000
37 -0.749939310000
38 -0.749936300000
39 -0.749931530000
40 -0.749924170000
41 -0.749912490000
42 -0.749892390000
43 -0.749856210000
44 -0.749783460000
45 -0.749564380000
46 0.680974630000
47 0.749575100000
48 0.749787980000
49 0.749855920000
50 0.749888310000
51 0.749907240000
52 0.749919610000
53 0.749928270000
54 0.000000000000

[phy]
1 0.000000000000
2 0.000000000000
3 0.121682520000
4 0.242828380000
5 0.362301100000
6 0.390537870000
7 0.271536390000
8 0.151233570000
9 0.031615410000
10 0.002737380000
11 0.001602150000
12 0.001048320000
13 0.000732980000
14 0.000057470000
15 -0.124876890000
16 -0.249804400000
17 -0.374717000000
18 -0.499569640000
19 -0.441812850000
20 -0.346193300000
21 -0.250659900000
22 -0.125760160000
23 -0.000832480000
24 0.124108110000
25 0.249049300000
26 0.373987200000
27 0.498915190000
28 0.623809470000
29 0.699935400000
30 0.699939190000
31 0.699939270000
32 0.624607690000
33 0.499698860000
34 0.374760460000
35 0.249813500000
36 0.124863240000
37 -0.000088130000
38 -0.124976760000
39 -0.249856290000
40 -0.374718660000
41 -0.499547300000
42 -0.624288160000
43 -0.699922730000
44 -0.699930500000
45 -0.699934680000
46 -0.699936620000
47 -0.699922160000
48 -0.699903380000
49 -0.624124270000
50 -0.499336320000
51 -0.374503480000
52 -0.249663610000
53 -0.124827230000
54 0.000000000000

[w]
1 0.000000000000
2 0.493610150000
3 0.491888550000
4 0.485534760000
5 0.114865840000
6 -0.483333160000
7 -0.488760470000
8 -0.486162750000
9 -0.117386440000
10 -0.004610010000
11 -0.002248970000
12 -0.001280430000
13 -0.002742790000
14 -0.499870930000
15 -0.499845600000
16 -0.499788630000
17 -0.499551870000
18 0.235804000000
19 0.493526220000
20 0.483548030000
21 0.499701590000
22 0.499810310000
23 0.499855080000
24 0.499857660000
25 0.499844640000
26 0.499805090000
27 0.499670540000
28 0.304561180000
29 0.000015140000
30 0.000000340000
31 -0.301375470000
32 -0.499713050000
33 -0.499837890000
34 -0.499878040000
35 -0.499896630000
36 -0.499906130000
37 -0.499817810000
38 -0.499819020000
39 -0.499802980000
40 -0.499754970000
41 -0.499590730000
42 -0.303389070000
43 -0.000031130000
44 -0.000016700000
45 -0.000007780000
46 0.000057890000
47 0.000075170000
48 0.303343080000
49 0.499458000000
50 0.499674600000
51 0.499742340000
52 0.499771420000
53 0.499783190000
54 0.000000000000

[dt]
1 0.002749220000
2 0.246515380000
3 0.246287200000
4 0.246064160000
5 0.245827100000
6 0.246210440000
7 0.246138900000
8 0.246046000000
9 0.246003120000
10 0.246249260000
11 0.246262090000
12 0.246272200000
13 0.246281010000
14 0.249933240000
15 0.249932180000
16 0.249930860000
17 0.249929280000
18 0.244937420000
19 0.193749610000
20 0.197530640000
21 0.249948670000
22 0.249950180000
23 0.249953620000
24 0.249953550000
25 0.249953470000
26 0.249953400000
27 0.249953270000
28 0.249952880000
29 0.249961140000
30 0.249960240000
31 0.249959230000
32 0.249961110000
33 0.249957840000
34 0.249954890000
35 0.249952200000
36 0.249949660000
37 0.249868310000
38 0.249849500000
39 0.249823170000
40 0.249779680000
41 0.249686100000
42 0.249298930000
43 0.249765410000
44 0.249748180000
45 0.249729230000
46 0.249716350000
47 0.249793750000
48 0.249813210000
49 0.249846730000
50 0.249828270000
51 0.249808470000
52 0.249786950000
53 0.249762770000

[s]
1 0.000000000000
2 0.000000000000
3 0.045531540000
4 0.090938280000
5 0.136213500000
6 0.181815440000
7 0.227209400000
8 0.272539710000
9 0.317882770000
10 0.363628420000
11 0.409122160000
12 0.454617250000
13 0.500114350000
14 0.553686700000
15 0.600522830000
16 0.647355090000
17 0.694181310000
18 0.726200760000
19 0.609989080000
20 0.650514840000
21 0.800543840000
22 0.753745320000
23 0.706925820000
24 0.660086470000
25 0.613242680000
26 0.566396210000
27 0.519547680000
28 0.472697260000
29 0.425860610000
30 0.379004450000
31 0.332147950000
32 0.285294770000
33 0.238435260000
34 0.191577620000
35 0.144721670000
36 0.097867250000
37 0.050998220000
38 0.004176070000
39 -0.042634040000
40 -0.089422910000
41 -0.136159580000
42 -0.182627990000
43 -0.229662560000
44 -0.276421600000
45 -0.323164190000
46 -0.369891470000
47 -0.327528560000
48 -0.280779250000
49 -0.234018900000
50 -0.187196510000
51 -0.140381740000
52 -0.093576260000
53 -0.046781600000

[splus]
1 0.000000000000
2 0.000000000000
3 0.045531540000
4 0.090938280000
5 0.136213500000
6 0.181815440000
7 0.227209400000
8 0.272539710000
9 0.317882770000
10 0.363628420000
11 0.409122160000
12 0.454617250000
13 0.500114350000
14 0.553686700000
15 0.600522830000
16 0.647355090000
17 0.694181310000
18 0.726200760000
19 0.609989080000
20 0.650514840000
21 0.800543840000
22 0.753745320000
23 0.706925820000
24 0.660086470000
25 0.613242680000
26 0.566396210000
27 0.519547680000
28 0.472697260000
29 0.425860610000
30 0.379004450000
31 0.332147950000
32 0.285294770000
33 0.238435260000
34 0.191577620000
35 0.144721670000
36 0.097867250000
37 0.050998220000
38 0.004176070000
39 0.000000000000
40 0.000000000000
41 0.000000000000
42 0.000000000000
43 0.000000000000
44 0.000000000000
45 0.000000000000
46 0.000000000000
47 0.000000000000
48 0.000000000000
49 0.000000000000
50 0.000000000000
51 0.000000000000
52 0.000000000000
53 0.000000000000

[sminus]
1 0.000000000000
2 0.000000000000
3 -0.000000000000
4 0.000000000000
5 0.000000000000
6 0.000000000000
7 0.000000000000
8 0.000000000000
9 0.000000000000
10 0.000000000000
11 0.000000000000
12 0.000000000000
13 0.000000000000
14 0.000000000000
15 0.000000000000
16 0.000000000000
17 0.000000000000
18 0.000000000000
19 0.000000000000
20 0.000000000000
21 0.000000000000
22 0.000000000000
23 0.000000000000
24 0.000000000000
25 0.000000000000
26 0.000000000000
27 0.000000000000
28 0.000000000000
29 0.000000000000
30 0.000000000000
31 0.000000000000
32 0.000000000000
33 0.000000000000
34 0.000000000000
35 0.000000000000
36 0.000000000000
37 0.000000000000
38 0.000000000000
39 0.042634040000
40 0.089422910000
41 0.136159580000
42 0.182627990000
43 0.229662560000
44 0.276421600000
45 0.323164190000
46 0.369891470000
47 0.327528560000
48 0.280779250000
49 0.234018900000
50 0.187196510000
51 0.140381740000
52 0.093576260000
53 0.046781600000

[k]
1 0.000000000000
2 0.000000000000
3 0.061143330000
4 0.123858270000
5 0.189516130000
6 0.205841810000
7 0.139206450000
8 0.076198590000
9 0.015812960000
10 0.001368690000
11 0.000801080000
12 0.000524160000
13 0.000366490000
14 0.000028730000
15 -0.062765040000
16 -0.127566790000
17 -0.196649880000
18 -0.272871910000
19 -0.236497270000
20 -0.180358840000
21 -0.128022460000
22 -0.063213670000
23 -0.000416240000
24 0.062374620000
25 0.127164720000
26 0.196228630000
27 0.272447320000
28 0.359837790000
29 0.421088980000
30 0.421092210000
31 0.421092290000
32 0.360444040000
33 0.272955770000
34 0.196674970000
35 0.127571630000
36 0.062758110000
37 -0.000044060000
38 -0.062815770000
39 -0.127594430000
40 -0.196650840000
41 -0.272857410000
42 -0.360201300000
43 -0.421078150000
44 -0.421084790000
45 -0.421088360000
46 -0.421090020000
47 -0.421077660000
48 -0.421061620000
49 -0.360076850000
50 -0.272720530000
51 -0.196526620000
52 -0.127491820000
53 -0.062739820000

[up]
1 0.000000000000
2 0.000000000000
3 0.048204130000
4 0.101751200000
5 0.160995570000
6 0.217743610000
7 0.257573240000
8 0.292476210000
9 0.322708530000
10 0.364106220000
11 0.409436800000
12 0.454846010000
13 0.500290310000
14 0.553701970000
15 0.636707000000
16 0.726632850000
17 0.825231550000
18 0.916434160000
19 0.748481560000
20 0.763152800000
21 0.898931960000
22 0.799486480000
23 0.707208320000
24 0.699612190000
25 0.688106180000
26 0.673093620000
27 0.655435060000
28 0.635987800000
29 0.598012810000
30 0.532216440000
31 0.466418290000
32 0.384014260000
33 0.300914250000
34 0.227749010000
35 0.162445560000
36 0.103763540000
37 0.051000380000
38 0.004427900000
39 0.000000000000
40 0.000000000000
41 0.000000000000
42 0.000000000000
43 0.000000000000
44 0.000000000000
45 0.000000000000
46 0.000000000000
47 0.000000000000
48 0.000000000000
49 0.000000000000
50 0.000000000000
51 0.000000000000
52 0.000000000000
53 0.000000000000

[down]
1 0.000000000000
2 0.000000000000
3 0.000000000000
4 0.000000000000
5 0.000000000000
6 0.000000000000
7 0.000000000000
8 0.000000000000
9 0.000000000000
10 0.000000000000
11 0.000000000000
12 0.000000000000
13 0.000000000000
14 0.000000000000
15 0.000000000000
16 0.000000000000
17 0.000000000000
18 0.000000000000
19 0.000000000000
20 0.000000000000
21 0.000000000000
22 0.000000000000
23 0.000000000000
24 0.000000000000
25 0.000000000000
26 0.000000000000
27 0.000000000000
28 0.000000000000
29 0.000000000000
30 0.000000000000
31 0.000000000000
32 0.000000000000
33 0.000000000000
34 0.000000000000
35 0.000000000000
36 0.000000000000
37 0.000000000000
38 0.000000000000
39 0.047856310000
40 0.106304600000
41 0.171825640000
42 0.245779520000
43 0.322500210000
44 0.388162650000
45 0.453801640000
46 0.519418760000
47 0.459926920000
48 0.394275600000
49 0.314913090000
50 0.236206750000
51 0.166866940000
52 0.105029260000
53 0.049599270000

[left]
1 0.000000000000
2 0.000000000000
3 0.008303870000
4 0.033851980000
5 0.078169540000
6 0.114180730000
7 0.097215070000
8 0.064300810000
9 0.015678420000
10 0.001563700000
11 0.001037170000
12 0.000759540000
13 0.000588390000
14 0.000051500000
15 0.035015720000
16 0.076717760000
17 0.126818410000
18 0.184090440000
19 0.134020330000
20 0.109000700000
21 0.095211000000
22 0.044264100000
23 0.000273380000
24 0.135459700000
25 0.254740310000
26 0.360459170000
27 0.455756880000
28 0.543680700000
29 0.568986380000
30 0.502647390000
31 0.437228150000
32 0.319053920000
33 0.200402510000
34 0.115137610000
35 0.055984600000
36 0.018480760000
37 0.000002090000
38 0.000243700000
39 0.016102000000
40 0.052051860000
41 0.109970350000
42 0.194717210000
43 0.286249420000
44 0.344534920000
45 0.402798810000
46 0.461042510000
47 0.408228280000
48 0.349947080000
49 0.249423770000
50 0.151114900000
51 0.081662700000
52 0.035313410000
53 0.008687810000

[right]
1 0.000000000000
2 0.000000000000
3 0.002586290000
4 0.010463750000
5 0.023981820000
6 0.034767980000
7 0.029383350000
8 0.019292710000
9 0.004669930000
10 0.000462370000
11 0.000304480000
12 0.000221380000
13 0.000170280000
14 0.000014780000
15 0.122885250000
16 0.271169390000
17 0.451453140000
18 0.658504860000
19 0.471018200000
20 0.385463800000
21 0.344386290000
22 0.158992100000
23 0.000975060000
24 0.038249370000
25 0.072446030000
26 0.103251960000
27 0.131499340000
28 0.158017610000
29 0.166593120000
30 0.148264520000
31 0.129934530000
32 0.095531670000
33 0.060461440000
34 0.035003350000
35 0.017151550000
36 0.005705880000
37 0.000006710000
38 0.000777030000
39 0.005169590000
40 0.017122800000
41 0.037043650000
42 0.067119150000
43 0.100944630000
44 0.124220060000
45 0.148407150000
46 0.173505520000
47 0.150708540000
48 0.126428980000
49 0.088141760000
50 0.052206020000
51 0.027566430000
52 0.011641350000
53 0.002795330000
