  0.00000000
  0.00000000
  0.12168252
  0.24282838
  0.36230110
  0.39053787
  0.27153639
  0.15123357
  0.03161541
  0.00273738
  0.00160215
  0.00104832
  0.00073298
  0.00005747
 -0.12487689
 -0.24980440
 -0.37471700
 -0.49956964
 -0.44181285
 -0.34619330
 -0.25065990
 -0.12576016
 -0.00083248
  0.12410811
  0.24904930
  0.37398720
  0.49891519
  0.62380947
  0.69993540
  0.69993919
  0.69993927
  0.62460769
  0.49969886
  0.37476046
  0.24981350
  0.12486324
 -0.00008813
 -0.12497676
 -0.24985629
 -0.37471866
 -0.49954730
 -0.62428816
 -0.69992273
 -0.69993050
 -0.69993468
 -0.69993662
 -0.69992216
 -0.69990338
 -0.62412427
 -0.49933632
 -0.37450348
 -0.24966361
 -0.12482723
  0.00000000
