  0.00000000
  0.00000000
  0.00258629
  0.01046375
  0.02398182
  0.03476798
  0.02938335
  0.01929271
  0.00466993
  0.00046237
  0.00030448
  0.00022138
  0.00017028
  0.00001478
  0.12288525
  0.27116939
  0.45145314
  0.65850486
  0.47101820
  0.38546380
  0.34438629
  0.15899210
  0.00097506
  0.03824937
  0.07244603
  0.10325196
  0.13149934
  0.15801761
  0.16659312
  0.14826452
  0.12993453
  0.09553167
  0.06046144
  0.03500335
  0.01715155
  0.00570588
  0.00000671
  0.00077703
  0.00516959
  0.01712280
  0.03704365
  0.06711915
  0.10094463
  0.12422006
  0.14840715
  0.17350552
  0.15070854
  0.12642898
  0.08814176
  0.05220602
  0.02756643
  0.01164135
  0.00279533
