  2.03962524
  2.03962524
  2.03962524
  2.04240919
  2.05367265
  2.07948730
  2.11691247
  2.14854148
  2.16930866
  2.17433549
  2.17483320
  2.17516094
  2.17539924
  2.17558254
  2.17559845
  2.13790661
  2.05532560
  1.91881493
  1.72065515
  1.57639209
  1.45906081
  1.35657319
  1.30892615
  1.30863188
  1.34980450
  1.42778731
  1.53893044
  1.68047979
  1.85057410
  2.02989930
  2.18949513
  2.32936007
  2.43219287
  2.49727515
  2.53495367
  2.55341605
  2.55955802
  2.55955577
  2.55929345
  2.56473331
  2.58231840
  2.61947054
  2.68525338
  2.78195927
  2.89835620
  3.03443688
  3.19019448
  3.32810944
  3.44633481
  3.53059959
  3.58165192
  3.60924067
  3.62117088
  3.62410595
