  0.00000000
  0.00000000
  0.04820413
  0.10175120
  0.16099557
  0.21774361
  0.25757324
  0.29247621
  0.32270853
  0.36410622
  0.40943680
  0.45484601
  0.50029031
  0.55370197
  0.63670700
  0.72663285
  0.82523155
  0.91643416
  0.74848156
  0.76315280
  0.89893196
  0.79948648
  0.70720832
  0.69961219
  0.68810618
  0.67309362
  0.65543506
  0.63598780
  0.59801281
  0.53221644
  0.46641829
  0.38401426
  0.30091425
  0.22774901
  0.16244556
  0.10376354
  0.05100038
  0.00442790
  0.00000000
  0.00000000
  0.00000000
  0.00000000
  0.00000000
  0.00000000
  0.00000000
  0.00000000
  0.00000000
  0.00000000
  0.00000000
  0.00000000
  0.00000000
  0.00000000
  0.00000000
