  0.00000000
  0.00000000
  0.18487174
  0.36957149
  0.55410299
  0.73845557
  0.92309438
  1.10767806
  1.29219036
  1.47666846
  1.66132869
  1.84599551
  2.03066611
  2.21533840
  2.40274313
  2.59013669
  2.77751093
  2.96484180
  3.14833355
  3.29323190
  3.20283302
  3.01558220
  2.82822797
  2.64083654
  2.45342739
  2.26600720
  2.07857927
  1.89114551
  1.70370724
  1.51625894
  1.32880849
  1.14135663
  0.95390191
  0.76644877
  0.57899737
  0.39154784
  0.20410034
  0.01671427
 -0.17065694
 -0.35800721
 -0.54532303
 -0.73256576
 -0.91951313
 -1.10680127
 -1.29405833
 -1.48124647
 -1.31119595
 -1.12395677
 -0.93664983
 -0.74930078
 -0.56195748
 -0.37462430
 -0.18730416
  0.00000000
