  7.00000000
  7.00000000
  7.00000000
  7.04061859
  7.12162975
  7.24226901
  7.40106350
  7.59522487
  7.82353039
  8.08615712
  8.38554406
  8.72227185
  9.09635969
  9.50781769
  9.96329347
 10.45729233
 11.00330840
 11.61758547
 12.30025071
 12.90340322
 13.55390802
 14.34946021
 15.08597664
 15.76880183
 16.40633413
 17.00466315
 17.56527742
 18.08456135
 18.55441808
 18.96371988
 19.30347858
 19.57405755
 19.78113158
 19.93644322
 20.05151492
 20.13402214
 20.18832334
 20.21635836
 20.21865410
 20.19520774
 20.14643704
 20.07419473
 19.98311438
 19.88191017
 19.78462884
 19.70679636
 19.66723618
 19.68314840
 19.73521533
 19.80543205
 19.87643002
 19.93623167
 19.97841473
 20.00000000
