  0.00000000
  0.74998170
  0.74998109
  0.74998041
  0.74997948
  0.74997812
  0.74997623
  0.74997401
  0.74997175
  0.74996954
  0.74996725
  0.74996484
  0.74996304
  0.74996474
  0.74995691
  0.74995357
  0.74995378
  0.74994967
  0.74994765
  0.74994680
  0.74994706
  0.74994701
  0.74994819
  0.74994392
  0.74994439
  0.74994252
  0.74994026
  0.74993945
  0.74993791
  0.74993240
  0.74992244
  0.74990336
  0.74986056
  0.74971403
  0.55051516
 -0.74970293
 -0.74984763
 -0.74990031
 -0.74992515
 -0.74994090
 -0.74995072
 -0.74995795
 -0.74996312
 -0.74996742
 -0.74997080
 -0.74997363
 -0.74997610
 -0.74997814
 -0.74997974
 -0.74998024
 -0.74998080
 -0.74998304
 -0.74998515
 -0.74998552
 -0.74998614
 -0.74998655
 -0.74998697
 -0.74997605
 -0.74998058
 -0.74998124
 -0.74998287
 -0.74998144
 -0.74998187
 -0.74998042
 -0.74997842
 -0.74997439
 -0.74997487
 -0.74997134
 -0.74996645
 -0.74996045
 -0.74995184
 -0.74993979
 -0.74991793
 -0.74987582
 -0.74974524
  0.42840697
  0.74975389
  0.74987162
  0.74991705
  0.74993809
  0.74995106
  0.74995928
  0.74996453
  0.74996845
  0.74997160
  0.74997391
  0.74997661
  0.74997826
  0.74997976
  0.74998116
  0.74998233
  0.74998339
  0.74998439
  0.74998519
  0.00000000
