  0.01000408
  0.16943713
  0.16938593
  0.16884459
  0.16653998
  0.16138607
  0.15378765
  0.14587963
  0.13931246
  0.13401699
  0.12913532
  0.12436358
  0.12189961
  0.13593099
  0.11251670
  0.10850990
  0.11416028
  0.10797966
  0.10801756
  0.11069160
  0.11641108
  0.12202004
  0.13247163
  0.12907343
  0.13959005
  0.14550473
  0.15234212
  0.16656347
  0.18483484
  0.19926890
  0.21358413
  0.22681005
  0.23746643
  0.22312487
  0.24009640
  0.23750008
  0.23107522
  0.23532134
  0.23505128
  0.23758614
  0.23714001
  0.23789725
  0.23709642
  0.23831022
  0.23894476
  0.24005135
  0.24200319
  0.24308019
  0.24257224
  0.23644225
  0.23591204
  0.24100690
  0.24911824
  0.24997945
  0.24992549
  0.24978865
  0.24910720
  0.17456605
  0.18009986
  0.20971729
  0.21880041
  0.21459676
  0.23169671
  0.23493338
  0.23482940
  0.22306767
  0.24598950
  0.24006548
  0.23537042
  0.23452231
  0.23187922
  0.23372752
  0.22959202
  0.22945698
  0.22572017
  0.22448786
  0.22849893
  0.22450933
  0.23103016
  0.23197311
  0.23387584
  0.23364716
  0.23002780
  0.22687192
  0.22444619
  0.22097115
  0.22389581
  0.22153914
  0.22025600
  0.21992050
  0.21930447
  0.21908909
  0.21933428
  0.21908605
