task_id 20

[x]
1 2.796610170000
2 2.796610170000
3 2.796610170000
4 2.796627310000
5 2.796645930000
6 2.796582420000
7 2.796246620000
8 2.795359620000
9 2.793611910000
10 2.790699350000
11 2.786342910000
12 2.780328430000
13 2.772528940000
14 2.762723320000
15 2.749178780000
16 2.735369890000
17 2.720042050000
18 2.701967500000
19 2.683064480000
20 2.662648840000
21 2.640451520000
22 2.616100630000
23 2.589966170000
24 2.561603720000
25 2.534877280000
26 2.508206520000
27 2.484471600000
28 2.466559740000
29 2.459110240000
30 2.467872160000
31 2.501571670000
32 2.573260970000
33 2.700411170000
34 2.904528230000
35 3.183202760000
36 3.585059850000
37 4.114692430000
38 4.689329220000
39 5.297821540000
40 5.907187290000
41 6.504901030000
42 7.068899140000
43 7.591168430000
44 8.059486970000
45 8.470993990000
46 8.818239390000
47 9.097483810000
48 9.307962480000
49 9.452196390000
50 9.539251700000
51 9.580687020000
52 9.591505540000
53 9.583899950000
54 9.567709650000
55 9.550467210000
56 9.536618480000
57 9.528185180000
58 9.525754900000
59 9.528229640000
60 9.533862790000
61 9.544500830000
62 9.561687590000
63 9.587296040000
64 9.629007820000
65 9.693966350000
66 9.789721440000
67 9.918367240000
68 10.108873860000
69 10.356692320000
70 10.667132120000
71 11.048465320000
72 11.499916880000
73 12.028818520000
74 12.614980800000
75 13.254376920000
76 13.918013850000
77 14.590380260000
78 15.210560080000
79 15.734229610000
80 16.185854360000
81 16.552518450000
82 16.837258600000
83 17.053577500000
84 17.208044010000
85 17.315267240000
86 17.387799290000
87 17.434267930000
88 17.464360600000
89 17.482156960000
90 17.492042150000
91 17.497011710000
92 17.499151640000
93 17.499869670000
94 17.500008660000
95 17.500000000000

[y]
1 27.875302660000
2 27.875302660000
3 27.875302660000
4 27.853778080000
5 27.810872890000
6 27.747464280000
7 27.665861180000
8 27.569489710000
9 27.461258770000
10 27.342680860000
11 27.214647830000
12 27.078360530000
13 26.935149470000
14 26.783515130000
15 26.602151680000
16 26.440729560000
17 26.276042660000
18 26.093634470000
19 25.911993210000
20 25.721651430000
21 25.517716490000
22 25.293633030000
23 25.048104290000
24 24.769355990000
25 24.484785220000
26 24.163266170000
27 23.812542760000
28 23.428292340000
29 22.988749040000
30 22.477906430000
31 21.900451160000
32 21.252495270000
33 20.535068820000
34 19.758207670000
35 19.014237790000
36 18.214481130000
37 17.466197820000
38 16.838765700000
39 16.280672230000
40 15.788590920000
41 15.335871740000
42 14.910954700000
43 14.497530250000
44 14.088865910000
45 13.676790640000
46 13.261670580000
47 12.846076990000
48 12.435708460000
49 12.042174660000
50 11.678411100000
51 11.359524960000
52 11.080726470000
53 10.838448340000
54 10.633555800000
55 10.474955490000
56 10.363165260000
57 10.297942970000
58 10.279170830000
59 10.298407490000
60 10.341610570000
61 10.419941400000
62 10.535549640000
63 10.683193020000
64 10.877854040000
65 11.111682960000
66 11.379002710000
67 11.659966330000
68 11.990982680000
69 12.326373950000
70 12.653849950000
71 12.963160260000
72 13.233599920000
73 13.449038700000
74 13.582817650000
75 13.618440910000
76 13.535522070000
77 13.329793670000
78 13.018938900000
79 12.645560160000
80 12.216510890000
81 11.760310380000
82 11.290453480000
83 10.830940280000
84 10.397958560000
85 9.997810820000
86 9.633311040000
87 9.307915800000
88 9.013507350000
89 8.758500320000
90 8.541173770000
91 8.360350290000
92 8.216152370000
93 8.108117170000
94 8.035998310000
95 8.000000000000

[theta]
1 -1.570000000000
2 -1.570000000000
3 -1.570000000000
4 -1.570362330000
5 -1.571798000000
6 -1.574911250000
7 -1.580000130000
8 -1.586942830000
9 -1.595353850000
10 -1.604809070000
11 -1.614898590000
12 -1.625204070000
13 -1.635372660000
14 -1.645339660000
15 -1.656133750000
16 -1.663601570000
17 -1.669562430000
18 -1.674490920000
19 -1.677645650000
20 -1.679214580000
21 -1.679040460000
22 -1.676838590000
23 -1.672196690000
24 -1.664440050000
25 -1.653559210000
26 -1.638367490000
27 -1.617377660000
28 -1.587742980000
29 -1.553646130000
30 -1.512503800000
31 -1.460605320000
32 -1.395386790000
33 -1.313857990000
34 -1.212395940000
35 -1.105171290000
36 -0.954856790000
37 -0.829290330000
38 -0.742223010000
39 -0.679315750000
40 -0.648231780000
41 -0.645674540000
42 -0.669593340000
43 -0.717480710000
44 -0.786088140000
45 -0.874195700000
46 -0.979167630000
47 -1.096880810000
48 -1.219489980000
49 -1.335895860000
50 -1.441582660000
51 -1.532011490000
52 -1.602178060000
53 -1.649653420000
54 -1.679085890000
55 -1.694048360000
56 -1.699383100000
57 -1.699544420000
58 -1.698741350000
59 -1.700452470000
60 -1.705777850000
61 -1.718379020000
62 -1.742535810000
63 -1.781883170000
64 -1.841767230000
65 -1.914761380000
66 -2.000179130000
67 -2.093021260000
68 -2.207151420000
69 -2.329494910000
70 -2.460102690000
71 -2.601875930000
72 -2.754781270000
73 -2.917207400000
74 -3.085936290000
75 -3.265894590000
76 -3.438523510000
77 -3.606226410000
78 -3.760993270000
79 -3.901362100000
80 -4.035375080000
81 -4.167558710000
82 -4.272408540000
83 -4.369712930000
84 -4.450580370000
85 -4.515964170000
86 -4.570541320000
87 -4.610528740000
88 -4.642714220000
89 -4.666934910000
90 -4.684912980000
91 -4.697549880000
92 -4.705742830000
93 -4.710461750000
94 -4.712629500000
95 -4.713185310000

[v]
1 0.000000000000
2 0.000000000000
3 0.127074780000
4 0.254111060000
5 0.380741210000
6 0.505642780000
7 0.626678790000
8 0.742015840000
9 0.851421750000
10 0.955902150000
11 1.056410800000
12 1.153258050000
13 1.246526360000
14 1.337946520000
15 1.439890050000
16 1.524272690000
17 1.605650060000
18 1.691265030000
19 1.772244330000
20 1.853251840000
21 1.936264660000
22 2.023566820000
23 2.115075390000
24 2.214422270000
25 2.311220100000
26 2.415904900000
27 2.525025100000
28 2.639272600000
29 2.764185130000
30 2.902799810000
31 3.052238050000
32 3.212409610000
33 3.382495270000
34 3.560562040000
35 3.727841820000
36 3.860017560000
37 3.681963390000
38 3.508692180000
39 3.332224640000
40 3.155953780000
41 2.977778230000
42 2.799934920000
43 2.621521990000
44 2.443708440000
45 2.264983550000
46 2.085781980000
47 1.905749830000
48 1.724253260000
49 1.541948510000
50 1.360024330000
51 1.182697300000
52 1.005767630000
53 0.825016580000
54 0.638181800000
55 0.450700880000
56 0.263260280000
57 0.075922240000
58 -0.110904740000
59 -0.241825920000
60 -0.376897400000
61 -0.534181830000
62 -0.698278430000
63 -0.859222050000
64 -1.032990330000
65 -1.209185740000
66 -1.385302730000
67 -1.552597950000
68 -1.737083940000
69 -1.917126110000
70 -2.093645970000
71 -2.269528380000
72 -2.443426570000
73 -2.618708110000
74 -2.790883240000
75 -2.962947440000
76 -3.132179970000
77 -3.036007900000
78 -2.864690030000
79 -2.696336860000
80 -2.523083400000
81 -2.349117900000
82 -2.173722450000
83 -1.998496590000
84 -1.825983890000
85 -1.655837100000
86 -1.487508820000
87 -1.321786210000
88 -1.153869590000
89 -0.987720040000
90 -0.822532490000
91 -0.657596250000
92 -0.493121770000
93 -0.328808590000
94 -0.164311300000
95 0.000000000000

[a]
1 0.000000000000
2 0.749981700000
3 0.749981090000
4 0.749980410000
5 0.749979480000
6 0.749978120000
7 0.749976230000
8 0.749974010000
9 0.749971750000
10 0.749969540000
11 0.749967250000
12 0.749964840000
13 0.749963040000
14 0.749964740000
15 0.749956910000
16 0.749953570000
17 0.749953780000
18 0.749949670000
19 0.749947650000
20 0.749946800000
21 0.749947060000
22 0.749947010000
23 0.749948190000
24 0.749943920000
25 0.749944390000
26 0.749942520000
27 0.749940260000
28 0.749939450000
29 0.749937910000
30 0.749932400000
31 0.749922440000
32 0.749903360000
33 0.749860560000
34 0.749714030000
35 0.550515160000
36 -0.749702930000
37 -0.749847630000
38 -0.749900310000
39 -0.749925150000
40 -0.749940900000
41 -0.749950720000
42 -0.749957950000
43 -0.749963120000
44 -0.749967420000
45 -0.749970800000
46 -0.749973630000
47 -0.749976100000
48 -0.749978140000
49 -0.749979740000
50 -0.749980240000
51 -0.749980800000
52 -0.749983040000
53 -0.749985150000
54 -0.749985520000
55 -0.749986140000
56 -0.749986550000
57 -0.749986970000
58 -0.749976050000
59 -0.749980580000
60 -0.749981240000
61 -0.749982870000
62 -0.749981440000
63 -0.749981870000
64 -0.749980420000
65 -0.749978420000
66 -0.749974390000
67 -0.749974870000
68 -0.749971340000
69 -0.749966450000
70 -0.749960450000
71 -0.749951840000
72 -0.749939790000
73 -0.749917930000
74 -0.749875820000
75 -0.749745240000
76 0.428406970000
77 0.749753890000
78 0.749871620000
79 0.749917050000
80 0.749938090000
81 0.749951060000
82 0.749959280000
83 0.749964530000
84 0.749968450000
85 0.749971600000
86 0.749973910000
87 0.749976610000
88 0.749978260000
89 0.749979760000
90 0.749981160000
91 0.749982330000
92 0.749983390000
93 0.749984390000
94 0.749985190000
95 0.000000000000

[phy]
1 0.000000000000
2 0.000000000000
3 -0.047098440000
4 -0.093418860000
5 -0.136618680000
6 -0.172867600000
7 -0.199035600000
8 -0.214231110000
9 -0.219600890000
10 -0.217049630000
11 -0.208446050000
12 -0.195969760000
13 -0.181637560000
14 -0.164677740000
15 -0.128354610000
16 -0.100569630000
17 -0.075142790000
18 -0.048331390000
19 -0.022943890000
20 0.002376610000
21 0.027345260000
22 0.052590150000
23 0.077359820000
24 0.106190710000
25 0.131090540000
26 0.165657640000
27 0.212455810000
28 0.213853390000
29 0.221765230000
30 0.246127550000
31 0.273118490000
32 0.303623680000
33 0.339957950000
34 0.361317700000
35 0.439553650000
36 0.366211580000
37 0.279059900000
38 0.210179550000
39 0.110667360000
40 0.009549150000
41 -0.094559060000
42 -0.198644320000
43 -0.299752940000
44 -0.400703380000
45 -0.497519410000
46 -0.582173050000
47 -0.639893130000
48 -0.660959610000
49 -0.669328220000
50 -0.667006740000
51 -0.613484160000
52 -0.501615920000
53 -0.381330080000
54 -0.256819550000
55 -0.131859380000
56 -0.006919700000
57 0.117954360000
58 0.242488150000
59 0.329755520000
60 0.419779650000
61 0.524616770000
62 0.633979620000
63 0.699979020000
64 0.699936390000
65 0.699999660000
66 0.699377210000
67 0.696735670000
68 0.687691190000
69 0.681077800000
70 0.679885020000
71 0.682947390000
72 0.672512230000
73 0.666012740000
74 0.666665440000
75 0.625819930000
76 0.588800220000
77 0.558360150000
78 0.548545830000
79 0.542159030000
80 0.563876490000
81 0.490757880000
82 0.492377410000
83 0.457667700000
84 0.416120100000
85 0.390112720000
86 0.328305390000
87 0.295595200000
88 0.259326070000
89 0.227385470000
90 0.193165970000
91 0.157749380000
92 0.121695310000
93 0.083964420000
94 0.043204030000
95 0.000000000000

[w]
1 0.000000000000
2 -0.277968260000
3 -0.273459540000
4 -0.255855180000
5 -0.217658940000
6 -0.162144760000
7 -0.098807830000
8 -0.036809760000
9 0.018313110000
10 0.064197590000
11 0.096614130000
12 0.115244220000
13 0.139127480000
14 0.267212800000
15 0.246941190000
16 0.234327110000
17 0.234857400000
18 0.235113770000
19 0.234410950000
20 0.225569520000
21 0.216859810000
22 0.202996730000
23 0.217638400000
24 0.192912240000
25 0.247632910000
26 0.321626500000
27 0.009173910000
28 0.047500450000
29 0.131805850000
30 0.135449860000
31 0.142825210000
32 0.160196910000
33 0.089948690000
34 0.350637860000
35 -0.305464220000
36 -0.366951760000
37 -0.298086250000
38 -0.422877900000
39 -0.430196380000
40 -0.438191410000
41 -0.438918980000
42 -0.425009650000
43 -0.425777850000
44 -0.406260420000
45 -0.354280900000
46 -0.240448020000
47 -0.087047910000
48 -0.034426660000
49 0.009540810000
50 0.226374480000
51 0.474062380000
52 0.499110810000
53 0.499826900000
54 0.499883460000
55 0.499908860000
56 0.499920490000
57 0.499924050000
58 0.499878290000
59 0.499856430000
60 0.499882670000
61 0.499827080000
62 0.307550990000
63 -0.000188250000
64 0.000270500000
65 -0.002658060000
66 -0.011757940000
67 -0.036760480000
68 -0.027549850000
69 -0.005066180000
70 0.013058770000
71 -0.045003620000
72 -0.027808010000
73 0.002842980000
74 -0.178009480000
75 -0.164006830000
76 -0.135597720000
77 -0.042950970000
78 -0.028447810000
79 0.094002710000
80 -0.315202570000
81 0.006924660000
82 -0.148556130000
83 -0.180619920000
84 -0.114634590000
85 -0.275377100000
86 -0.148028870000
87 -0.161991100000
88 -0.144175950000
89 -0.155362380000
90 -0.161042770000
91 -0.164402000000
92 -0.172217170000
93 -0.185836870000
94 -0.197200480000
95 0.000000000000

[dt]
1 0.010004080000
2 0.169437130000
3 0.169385930000
4 0.168844590000
5 0.166539980000
6 0.161386070000
7 0.153787650000
8 0.145879630000
9 0.139312460000
10 0.134016990000
11 0.129135320000
12 0.124363580000
13 0.121899610000
14 0.135930990000
15 0.112516700000
16 0.108509900000
17 0.114160280000
18 0.107979660000
19 0.108017560000
20 0.110691600000
21 0.116411080000
22 0.122020040000
23 0.132471630000
24 0.129073430000
25 0.139590050000
26 0.145504730000
27 0.152342120000
28 0.166563470000
29 0.184834840000
30 0.199268900000
31 0.213584130000
32 0.226810050000
33 0.237466430000
34 0.223124870000
35 0.240096400000
36 0.237500080000
37 0.231075220000
38 0.235321340000
39 0.235051280000
40 0.237586140000
41 0.237140010000
42 0.237897250000
43 0.237096420000
44 0.238310220000
45 0.238944760000
46 0.240051350000
47 0.242003190000
48 0.243080190000
49 0.242572240000
50 0.236442250000
51 0.235912040000
52 0.241006900000
53 0.249118240000
54 0.249979450000
55 0.249925490000
56 0.249788650000
57 0.249107200000
58 0.174566050000
59 0.180099860000
60 0.209717290000
61 0.218800410000
62 0.214596760000
63 0.231696710000
64 0.234933380000
65 0.234829400000
66 0.223067670000
67 0.245989500000
68 0.240065480000
69 0.235370420000
70 0.234522310000
71 0.231879220000
72 0.233727520000
73 0.229592020000
74 0.229456980000
75 0.225720170000
76 0.224487860000
77 0.228498930000
78 0.224509330000
79 0.231030160000
80 0.231973110000
81 0.233875840000
82 0.233647160000
83 0.230027800000
84 0.226871920000
85 0.224446190000
86 0.220971150000
87 0.223895810000
88 0.221539140000
89 0.220256000000
90 0.219920500000
91 0.219304470000
92 0.219089090000
93 0.219334280000
94 0.219086050000
