 -1.57000000
 -1.57000000
 -1.57000000
 -1.57036233
 -1.57179800
 -1.57491125
 -1.58000013
 -1.58694283
 -1.59535385
 -1.60480907
 -1.61489859
 -1.62520407
 -1.63537266
 -1.64533966
 -1.65613375
 -1.66360157
 -1.66956243
 -1.67449092
 -1.67764565
 -1.67921458
 -1.67904046
 -1.67683859
 -1.67219669
 -1.66444005
 -1.65355921
 -1.63836749
 -1.61737766
 -1.58774298
 -1.55364613
 -1.51250380
 -1.46060532
 -1.39538679
 -1.31385799
 -1.21239594
 -1.10517129
 -0.95485679
 -0.82929033
 -0.74222301
 -0.67931575
 -0.64823178
 -0.64567454
 -0.66959334
 -0.71748071
 -0.78608814
 -0.87419570
 -0.97916763
 -1.09688081
 -1.21948998
 -1.33589586
 -1.44158266
 -1.53201149
 -1.60217806
 -1.64965342
 -1.67908589
 -1.69404836
 -1.69938310
 -1.69954442
 -1.69874135
 -1.70045247
 -1.70577785
 -1.71837902
 -1.74253581
 -1.78188317
 -1.84176723
 -1.91476138
 -2.00017913
 -2.09302126
 -2.20715142
 -2.32949491
 -2.46010269
 -2.60187593
 -2.75478127
 -2.91720740
 -3.08593629
 -3.26589459
 -3.43852351
 -3.60622641
 -3.76099327
 -3.90136210
 -4.03537508
 -4.16755871
 -4.27240854
 -4.36971293
 -4.45058037
 -4.51596417
 -4.57054132
 -4.61052874
 -4.64271422
 -4.66693491
 -4.68491298
 -4.69754988
 -4.70574283
 -4.71046175
 -4.71262950
 -4.71318531
