  2.79661017
  2.79661017
  2.79661017
  2.79662731
  2.79664593
  2.79658242
  2.79624662
  2.79535962
  2.79361191
  2.79069935
  2.78634291
  2.78032843
  2.77252894
  2.76272332
  2.74917878
  2.73536989
  2.72004205
  2.70196750
  2.68306448
  2.66264884
  2.64045152
  2.61610063
  2.58996617
  2.56160372
  2.53487728
  2.50820652
  2.48447160
  2.46655974
  2.45911024
  2.46787216
  2.50157167
  2.57326097
  2.70041117
  2.90452823
  3.18320276
  3.58505985
  4.11469243
  4.68932922
  5.29782154
  5.90718729
  6.50490103
  7.06889914
  7.59116843
  8.05948697
  8.47099399
  8.81823939
  9.09748381
  9.30796248
  9.45219639
  9.53925170
  9.58068702
  9.59150554
  9.58389995
  9.56770965
  9.55046721
  9.53661848
  9.52818518
  9.52575490
  9.52822964
  9.53386279
  9.54450083
  9.56168759
  9.58729604
  9.62900782
  9.69396635
  9.78972144
  9.91836724
 10.10887386
 10.35669232
 10.66713212
 11.04846532
 11.49991688
 12.02881852
 12.61498080
 13.25437692
 13.91801385
 14.59038026
 15.21056008
 15.73422961
 16.18585436
 16.55251845
 16.83725860
 17.05357750
 17.20804401
 17.31526724
 17.38779929
 17.43426793
 17.46436060
 17.48215696
 17.49204215
 17.49701171
 17.49915164
 17.49986967
 17.50000866
 17.50000000
