  0.01155245
  0.01155245
  0.00436760
  0.00143259
  0.00044226
  0.00013373
  0.00004018
  0.00001205
  0.00000361
  0.00000108
  0.00000032
  0.00000010
  0.00000003
  0.00000001
  0.00000000
  0.00000000
  0.00000000
  0.00000000
  0.00000000
  0.00000000
  0.00000000
  0.00000000
  0.00000000
  0.00000000
  0.00000000
  0.00000000
  0.00000000
  0.00000000
 -0.00000000
 -0.00000000
 -0.00000000
 -0.00000000
  0.00000000
  0.00000000
  0.00000000
  0.00000000
 -0.00000000
  0.00000000
  0.00000000
  0.00000000
  0.00000000
  0.00000000
  0.00000000
  0.00000000
  0.00000000
  0.00000000
  0.00000000
  0.00000000
  0.00000000
  0.00000000
  0.00000003
  0.00000040
  0.00000641
  0.00010206
  0.00156115
  0.01614705
  0.05859206
  0.11085780
  0.14184986
  0.16332048
  0.17933298
  0.25559968
  0.28220395
  0.30561919
  0.32677086
  0.34656464
  0.36588084
  0.38561287
  0.40674597
  0.43049104
  0.45852307
  0.49346168
  0.53997870
  0.61683865
  0.70623562
  0.88455357
  0.94726854
  0.55905861
  0.43791824
  0.42545576
  0.51958037
  0.73266429
  0.64588888
  0.56705656
  0.53091421
  0.49978440
  0.46660858
  0.38958380
  0.31920672
  0.25489347
  0.19557799
  0.14062857
  0.09785145
  0.04990831
