  0.00000000
  0.00000000
 -0.03007601
 -0.05941580
 -0.08731744
 -0.11305450
 -0.13585948
 -0.15492576
 -0.16946603
 -0.17887221
 -0.18286825
 -0.18161660
 -0.17567409
 -0.16582801
 -0.15292481
 -0.13776209
 -0.12104415
 -0.10337531
 -0.08526840
 -0.06715736
 -0.04946440
 -0.03265136
 -0.01708899
 -0.00305054
  0.00929705
  0.01990039
  0.02881533
  0.03600728
  0.04142139
  0.04513092
  0.04730404
  0.04815996
  0.04793826
  0.04687423
  0.04518113
  0.04303660
  0.04053585
  0.03775894
  0.03478227
  0.03170057
  0.02844412
  0.02499992
  0.02067167
  0.01499246
  0.00781016
 -0.00019829
 -0.00776795
 -0.01210776
 -0.00890613
  0.00679000
  0.03695432
  0.07883648
  0.12858192
  0.18332394
  0.24125044
  0.30130648
  0.36292587
  0.42588568
  0.49035553
  0.55601093
  0.62209476
  0.63487779
  0.55614468
  0.47508233
  0.39929810
  0.32467539
  0.24984707
  0.17488425
  0.09978656
  0.02455166
 -0.05088615
 -0.12646999
 -0.20193496
 -0.27731538
 -0.35260575
 -0.42754765
 -0.50139985
 -0.46931353
 -0.40029637
 -0.33078658
 -0.26101879
 -0.19143199
 -0.12200761
 -0.05273341
  0.01639873
  0.08540595
  0.15426993
  0.22298542
  0.29107323
  0.35879589
  0.42617364
  0.49308502
  0.55942747
  0.62481058
  0.68723449
  0.69537352
  0.64432178
  0.58001774
  0.51466948
  0.44920562
  0.38385743
  0.31869068
  0.25371931
  0.18893892
  0.12433685
  0.05990034
 -0.00438059
 -0.06851149
 -0.13249223
 -0.19631588
 -0.25996708
 -0.32341927
 -0.38662853
 -0.44952126
 -0.51192310
 -0.57357387
 -0.63372385
 -0.68848300
 -0.69450978
 -0.69410524
 -0.69355898
 -0.69272931
 -0.69078771
 -0.67242979
 -0.62397000
 -0.56941996
 -0.51299438
 -0.45590431
 -0.39880295
 -0.34232975
 -0.28741820
 -0.23593415
 -0.19335987
 -0.18801134
 -0.22920608
 -0.28219250
 -0.33975549
 -0.39968861
 -0.46108187
 -0.52355598
 -0.58632102
 -0.64827907
 -0.69652535
 -0.69811700
 -0.69864284
 -0.63899173
 -0.56721009
 -0.50360963
 -0.44015110
 -0.37668791
 -0.31333782
 -0.24998786
 -0.18666651
 -0.12344120
 -0.06025154
  0.00292830
  0.06607529
  0.12918535
  0.19225171
  0.25525372
  0.31818990
  0.38105643
  0.44383599
  0.50647099
  0.56888227
  0.63088958
  0.69178061
  0.69834386
  0.69840238
  0.69843069
  0.69843568
  0.69841132
  0.69836810
  0.69831429
  0.69824247
  0.69815247
  0.69588695
  0.63037175
  0.56695011
  0.50354206
  0.44049487
  0.37787472
  0.31567850
  0.25387718
  0.19243306
  0.13130798
  0.07046741
  0.00988267
 -0.05046833
 -0.11060045
 -0.17052165
 -0.23023278
 -0.28972690
 -0.34898355
 -0.40798750
 -0.46667980
 -0.52499169
 -0.58280084
 -0.63983246
 -0.69481122
 -0.69790220
 -0.69804759
 -0.69823832
 -0.69813793
 -0.69798213
 -0.69049899
 -0.62793277
 -0.56444799
 -0.50095320
 -0.43761447
 -0.37447729
 -0.31155244
 -0.24883771
 -0.18632836
 -0.12402014
 -0.06191064
  0.00000000
