 -1.54263476
 -1.54263476
 -1.54263476
 -1.54279523
 -1.54342965
 -1.54482966
 -1.54724986
 -1.55089085
 -1.55588040
 -1.56225519
 -1.56995017
 -1.57880098
 -1.58856242
 -1.59893715
 -1.60960462
 -1.62024335
 -1.63054590
 -1.64022802
 -1.64903441
 -1.65674223
 -1.66316335
 -1.66815186
 -1.67161670
 -1.67352068
 -1.67387686
 -1.67274160
 -1.67020398
 -1.66637316
 -1.66138962
 -1.65542923
 -1.64868565
 -1.64135426
 -1.63362057
 -1.62565211
 -1.61759402
 -1.60956803
 -1.60167467
 -1.59400380
 -1.58663607
 -1.57964198
 -1.57307639
 -1.56701178
 -1.56152887
 -1.55686736
 -1.55339240
 -1.55153331
 -1.55158102
 -1.55352659
 -1.55663733
 -1.55898366
 -1.55714885
 -1.54690462
 -1.52443986
 -1.48670830
 -1.43120590
 -1.35565451
 -1.25766375
 -1.13447093
 -0.98340787
 -0.80253315
 -0.59129888
 -0.34691601
 -0.06837921
  0.16473109
  0.33984268
  0.47757254
  0.58486731
  0.66419622
  0.71772974
  0.74727303
  0.75433081
  0.74009637
  0.70568880
  0.65206069
  0.57991950
  0.48995193
  0.38280757
  0.26794005
  0.16359023
  0.08006158
  0.01483318
 -0.03370621
 -0.06738441
 -0.08773881
 -0.09609671
 -0.09362323
 -0.08135354
 -0.06022536
 -0.03129036
  0.00466620
  0.04690611
  0.09468574
  0.14735463
  0.20426855
  0.26473327
  0.32823975
  0.38735673
  0.43522369
  0.47215417
  0.49997640
  0.52032039
  0.53459918
  0.54404553
  0.54975346
  0.55271340
  0.55384018
  0.55399660
  0.55401302
  0.55470433
  0.55688502
  0.56138343
  0.56905559
  0.58079937
  0.59756864
  0.62037676
  0.65033410
  0.68864709
  0.73659783
  0.79556365
  0.86036286
  0.93008543
  1.00464292
  1.08392147
  1.16783110
  1.25356953
  1.33550996
  1.41238838
  1.48367431
  1.54896198
  1.60787150
  1.66007449
  1.70535900
  1.74379534
  1.77641593
  1.80948464
  1.85170498
  1.90618303
  1.97511154
  2.06054085
  2.16493465
  2.29050718
  2.44025284
  2.61812918
  2.82831856
  3.05010519
  3.28164004
  3.49024841
  3.64895632
  3.78259294
  3.89398364
  3.98500240
  4.05761575
  4.11328532
  4.15327546
  4.17879347
  4.19083986
  4.19027240
  4.17785720
  4.15426958
  4.12011087
  4.07590168
  4.02208677
  3.95904581
  3.88712286
  3.80659657
  3.71768373
  3.62045617
  3.51358615
  3.40921370
  3.30989973
  3.21573367
  3.12696885
  3.04375820
  2.96609485
  2.89377582
  2.82671212
  2.76476454
  2.70712745
  2.66188981
  2.62671913
  2.59995367
  2.58009834
  2.56586955
  2.55615738
  2.54998842
  2.54649377
  2.54488251
  2.54441995
  2.54440988
  2.54417976
  2.54306830
  2.54041449
  2.53554769
  2.52777891
  2.51638881
  2.50062553
  2.47968963
  2.45272445
  2.41879454
  2.37691020
  2.32527157
  2.26877518
  2.20790927
  2.14017293
  2.07608561
  2.01653932
  1.96029269
  1.91570598
  1.88097980
  1.85447817
  1.83479478
  1.82070937
  1.81114641
  1.80514235
  1.80181873
  1.80036075
  1.80000000
