  0.00000000
  0.00000000
  0.08935021
  0.17868448
  0.26799970
  0.35729270
  0.44655983
  0.53579847
  0.62500700
  0.71418427
  0.80333103
  0.89244869
  0.98153877
  1.07060262
  1.15964156
  1.24865721
  1.33765173
  1.42662804
  1.51558994
  1.60454226
  1.69348792
  1.78243171
  1.87138194
  1.96034808
  2.04934065
  2.13837108
  2.22745144
  2.31658358
  2.40578064
  2.49505469
  2.58441781
  2.67388203
  2.76345928
  2.85316130
  2.94299985
  3.03298516
  3.12312118
  3.21341934
  3.30389149
  3.39455001
  3.48540701
  3.57647053
  3.66772001
  3.75916533
  3.85081639
  3.94262425
  4.03459384
  4.12669339
  4.21893064
  4.31130686
  4.40378576
  4.49639085
  4.58912338
  4.68182222
  4.77411245
  4.86509080
  4.95128032
  4.98994543
  4.98502008
  4.90489506
  4.80783214
  4.70533492
  4.58727059
  4.46649923
  4.35373462
  4.24265185
  4.13118075
  4.01942542
  3.90738583
  3.79505750
  3.68233801
  3.56930394
  3.45633689
  3.34335484
  3.23029846
  3.11736970
  3.00477817
  2.90068018
  2.79474611
  2.68925267
  2.58374267
  2.47866416
  2.37390463
  2.26940067
  2.16511084
  2.06098521
  1.95703040
  1.85323039
  1.75027524
  1.64773172
  1.54550568
  1.44365845
  1.34210506
  1.24079366
  1.13970661
  1.03811971
  0.93599843
  0.83413505
  0.73300885
  0.63255893
  0.53271144
  0.43338612
  0.33451013
  0.23602063
  0.13786043
  0.03998177
 -0.05765415
 -0.15507755
 -0.25231071
 -0.34936863
 -0.44625961
 -0.54298582
 -0.63954223
 -0.73591390
 -0.83203082
 -0.92790171
 -1.02351800
 -1.11888696
 -1.21469450
 -1.31048147
 -1.40608115
 -1.50145367
 -1.59657245
 -1.69161079
 -1.78676003
 -1.88195971
 -1.97731025
 -2.07292662
 -2.16886680
 -2.26512975
 -2.36169042
 -2.45851625
 -2.55555632
 -2.65279846
 -2.75049143
 -2.84855079
 -2.94680773
 -3.04531586
 -3.14409168
 -3.24340177
 -3.34292048
 -3.44281026
 -3.54357086
 -3.64790518
 -3.75351143
 -3.85727984
 -3.88025589
 -3.79415583
 -3.70363210
 -3.61155277
 -3.51886203
 -3.42569141
 -3.33223225
 -3.23866974
 -3.14496442
 -3.05111051
 -2.95716440
 -2.86314665
 -2.76907597
 -2.67498679
 -2.58087903
 -2.48674872
 -2.39260016
 -2.29847593
 -2.20439924
 -2.11038403
 -2.01634139
 -1.92087915
 -1.82426797
 -1.72744748
 -1.63047588
 -1.53360568
 -1.43703480
 -1.34081775
 -1.24476466
 -1.14878857
 -1.05269499
 -0.95465206
 -0.85750219
 -0.76112288
 -0.66562264
 -0.57094737
 -0.47702123
 -0.38376212
 -0.29109018
 -0.19893281
 -0.10722729
 -0.01592222
  0.07502255
  0.16563575
  0.25593584
  0.34593142
  0.43562131
  0.52498731
  0.61402524
  0.70267792
  0.79090103
  0.87864085
  0.96585565
  1.05243549
  1.13963699
  1.22655973
  1.31122374
  1.22818991
  1.13712875
  1.04474096
  0.94785440
  0.85132823
  0.75524776
  0.65959674
  0.56434897
  0.46947712
  0.37495433
  0.28075899
  0.18687479
  0.09329055
  0.00000000
