1 1 1 7.371428571429
1 1 2 0.746938775510
1 2 1 8.032653061224
1 2 2 0.036734693878
1 3 1 23.167346938776
1 3 2 7.897959183673
1 4 1 21.991836734694
1 4 2 8.853061224490
2 1 1 16.848979591837
2 1 2 6.624489795918
2 2 1 19.591836734694
2 2 2 7.897959183673
2 3 1 16.481632653061
2 3 2 14.142857142857
2 4 1 13.102040816327
2 4 2 12.942857142857
3 1 1 11.632653061224
3 1 2 14.951020408163
3 2 1 11.044897959184
3 2 2 13.604081632653
3 3 1 12.587755102041
3 3 2 13.775510204082
3 4 1 12.587755102041
3 4 2 13.775510204082
4 1 1 3.918367346939
4 1 2 19.481632653061
4 2 1 2.889795918367
4 2 2 18.036734693878
4 3 1 4.653061224490
4 3 2 17.571428571429
4 4 1 4.653061224490
4 4 2 17.571428571429
5 1 1 11.485714285714
5 1 2 4.346938775510
5 2 1 7.297959183673
5 2 2 10.004081632653
5 3 1 5.093877551020
5 3 2 8.265306122449
5 4 1 8.865306122449
5 4 2 2.975510204082
