  0.00463988
  0.21859409
  0.21841903
  0.21834338
  0.21831954
  0.21832554
  0.21834817
  0.21838279
  0.21842990
  0.21851685
  0.21887040
  0.21861578
  0.21855002
  0.21855859
  0.21862216
  0.21893357
  0.21838439
  0.21837281
  0.21842321
  0.21853977
  0.21905346
  0.21911554
  0.21911123
  0.21065902
  0.19180939
  0.17521802
  0.16078882
  0.15515545
  0.15095580
  0.14710495
  0.14972480
  0.14050223
  0.12557511
  0.12496023
  0.14135261
  0.15701765
  0.16840818
  0.17465824
  0.18167792
  0.18117908
  0.17364401
  0.16623286
  0.12815964
  0.12394269
  0.14979078
  0.14436561
  0.13876635
  0.14345637
  0.14896068
  0.15466199
  0.16058326
  0.16676225
  0.17320721
  0.17966040
  0.17931640
  0.17373681
  0.16933175
  0.17469558
  0.17833673
  0.18311732
  0.18550080
  0.18477830
  0.19356708
  0.20209722
  0.20275858
  0.20285997
  0.20362588
  0.20357494
  0.20367328
  0.20402473
  0.20464386
  0.20526986
  0.19432264
  0.19123760
  0.20459998
  0.20904698
  0.22679594
  0.22669613
  0.22674712
  0.22653794
  0.24533730
  0.24463732
  0.24498852
  0.24803879
  0.24558968
  0.24182406
  0.23832288
  0.23545752
  0.23313604
  0.23009338
  0.22782621
  0.22557358
  0.22317856
  0.22052086
  0.21750940
  0.21479835
  0.21480443
  0.21400141
  0.21311254
  0.21456666
  0.21586656
  0.21671506
  0.23608443
  0.23763448
  0.23866432
  0.23890803
  0.23909032
  0.23929983
  0.23954621
  0.23998907
  0.24105233
  0.24022203
  0.23951662
  0.23897830
