  0.00000000
  0.00000000
  0.02409694
  0.02802834
  0.03155003
  0.03406923
  0.03452702
  0.03942424
  0.08308209
  0.11960226
  0.05823785
 -0.00256324
 -0.00636400
 -0.00658244
 -0.00651905
 -0.00629819
 -0.00265941
  0.05810490
  0.12001774
  0.18578528
  0.25863958
  0.34178092
  0.42114120
  0.42114063
  0.42114128
  0.42114256
  0.42114215
  0.42114237
  0.40001129
  0.30654121
  0.22628292
  0.19114715
  0.12766221
  0.06282199
 -0.00000275
 -0.06265078
 -0.12722893
 -0.19578678
 -0.26718587
 -0.28893236
 -0.29387596
 -0.23866258
 -0.17627409
 -0.11554698
 -0.05641493
  0.00292125
  0.01482094
  0.00756484
 -0.04370474
 -0.09277364
 -0.14111264
 -0.18876598
 -0.23404736
 -0.25712732
 -0.24160151
 -0.21149532
 -0.17652039
 -0.13761285
 -0.09458023
 -0.04685955
  0.00548538
  0.02106906
  0.02990626
  0.03908697
  0.04411197
  0.04310126
  0.03346548
  0.02727634
  0.00873345
 -0.04431040
 -0.08970978
 -0.11953824
 -0.13032527
 -0.11046297
 -0.08175624
 -0.05311521
 -0.03246128
 -0.03247651
 -0.02394431
 -0.00332759
  0.05673571
  0.11785206
  0.18155245
  0.24890298
  0.31755970
  0.31926202
  0.25114033
  0.18490195
  0.12243394
  0.06272312
  0.00429085
 -0.05647973
 -0.11872167
 -0.18432470
 -0.25536828
 -0.33375288
 -0.41199513
 -0.41523625
 -0.41490341
 -0.34240642
 -0.26196332
 -0.18946039
 -0.12280939
 -0.05975909
  0.00163904
  0.02098480
  0.02850920
  0.03699961
  0.04902387
  0.06516029
  0.08793283
  0.09400845
  0.10598445
  0.08523004
  0.04897880
