task_id 22

[x]
1 2.179591840000
2 2.179591840000
3 2.179591840000
4 2.177659740000
5 2.173909190000
6 2.168863260000
7 2.163523700000
8 2.159140090000
9 2.156981120000
10 2.158226670000
11 2.163911770000
12 2.174608460000
13 2.188934060000
14 2.201323430000
15 2.206718740000
16 2.201538440000
17 2.182934240000
18 2.153558540000
19 2.125190530000
20 2.098589960000
21 2.073261260000
22 2.049129260000
23 2.043838440000
24 2.089585560000
25 2.222011450000
26 2.460846470000
27 2.811553790000
28 3.264986120000
29 3.821375410000
30 4.444656000000
31 5.089288680000
32 5.734637740000
33 6.291703010000
34 6.729612040000
35 7.104551660000
36 7.459363030000
37 7.771122150000
38 8.019067390000
39 8.200468090000
40 8.338639330000
41 8.459121610000
42 8.593268120000
43 8.771031840000
44 8.966713400000
45 9.214839490000
46 9.595309940000
47 10.063624960000
48 10.609936180000
49 11.259497790000
50 11.983979070000
51 12.755711980000
52 13.553895710000
53 14.365883770000
54 15.187295660000
55 16.020281210000
56 16.841868240000
57 17.627014320000
58 18.369515790000
59 19.098941190000
60 19.810014360000
61 20.497653120000
62 21.150665780000
63 21.750612660000
64 22.307041760000
65 22.822837170000
66 23.299347640000
67 23.762492670000
68 24.217488180000
69 24.659204090000
70 25.068812750000
71 25.428844780000
72 25.722973000000
73 25.935445940000
74 26.046368610000
75 26.096219290000
76 26.108100900000
77 26.091189260000
78 26.060038890000
79 26.031085450000
80 26.016456510000
81 26.023656160000
82 26.058880860000
83 26.123341700000
84 26.213232210000
85 26.322369880000
86 26.432790720000
87 26.528640200000
88 26.602508770000
89 26.651414020000
90 26.674554570000
91 26.672171170000
92 26.645113500000
93 26.593927070000
94 26.518541070000
95 26.417880140000
96 26.289563090000
97 26.129259510000
98 25.928685680000
99 25.684051920000
100 25.392914190000
101 25.051387570000
102 24.662833230000
103 24.232719030000
104 23.725688670000
105 23.259792500000
106 22.836538380000
107 22.455915910000
108 22.116600680000
109 21.818019300000
110 21.560482140000
111 21.344714880000
112 21.171362890000
113 21.042314120000
114 20.956834570000
115 20.914285710000

[y]
1 25.897959180000
2 25.897959180000
3 25.897959180000
4 25.862215370000
5 25.790775740000
6 25.683626730000
7 25.540721730000
8 25.362017920000
9 25.147496200000
10 24.897161210000
11 24.610999640000
12 24.288644500000
13 23.930907320000
14 23.537373320000
15 23.107860860000
16 22.642406340000
17 22.140733200000
18 21.604948860000
19 21.033356010000
20 20.425770740000
21 19.782014840000
22 19.100813600000
23 18.383063260000
24 17.630748440000
25 16.883207780000
26 16.202410260000
27 15.614943450000
28 15.150789820000
29 14.825045040000
30 14.660275240000
31 14.668567360000
32 14.857091290000
33 15.184188360000
34 15.578266750000
35 16.040467770000
36 16.623594970000
37 17.327593290000
38 18.126599060000
39 18.978082210000
40 19.874268470000
41 20.770944860000
42 21.627818140000
43 22.438955460000
44 23.048019480000
45 23.614739980000
46 24.259057600000
47 24.807512310000
48 25.234228820000
49 25.537000080000
50 25.707167700000
51 25.746412040000
52 25.664600630000
53 25.477395860000
54 25.204558210000
55 24.869557290000
56 24.511790670000
57 24.141248250000
58 23.735457510000
59 23.255845790000
60 22.731464300000
61 22.177175040000
62 21.603065870000
63 21.014323260000
64 20.366677770000
65 19.675727120000
66 18.990757540000
67 18.333492920000
68 17.704671090000
69 17.104821410000
70 16.519699050000
71 15.937703430000
72 15.352281570000
73 14.763771000000
74 14.212380430000
75 13.689084420000
76 13.156138790000
77 12.643805160000
78 12.124131220000
79 11.643158210000
80 11.199974560000
81 10.795523690000
82 10.400666830000
83 10.056345880000
84 9.763975350000
85 9.523447110000
86 9.337974490000
87 9.199977110000
88 9.102406840000
89 9.040571970000
90 9.011822750000
91 9.014773060000
92 9.048263810000
93 9.111242480000
94 9.202067150000
95 9.317982570000
96 9.454531990000
97 9.605296660000
98 9.762188650000
99 9.914435200000
100 10.049898510000
101 10.155721050000
102 10.223245100000
103 10.249099260000
104 10.232138420000
105 10.179580750000
106 10.113025320000
107 10.047658190000
108 9.992954640000
109 9.953905310000
110 9.931944970000
111 9.925663410000
112 9.931478920000
113 9.941556720000
114 9.950302320000
115 9.955102040000

[theta]
1 -1.624797830000
2 -1.624797830000
3 -1.624797830000
4 -1.623247670000
5 -1.617854270000
6 -1.608143340000
7 -1.595321430000
8 -1.580860120000
9 -1.565820820000
10 -1.550932190000
11 -1.537625550000
12 -1.530772670000
13 -1.539324400000
14 -1.558235510000
15 -1.581925430000
16 -1.607863640000
17 -1.625568960000
18 -1.620385380000
19 -1.614549190000
20 -1.610121250000
21 -1.606207180000
22 -1.578167590000
23 -1.510062640000
24 -1.395466530000
25 -1.233394280000
26 -1.032598630000
27 -0.797081890000
28 -0.529661190000
29 -0.258446650000
30 0.012862630000
31 0.284218370000
32 0.530938920000
33 0.732764970000
34 0.889260560000
35 1.024177270000
36 1.153912180000
37 1.269901310000
38 1.360893520000
39 1.417823900000
40 1.437230900000
41 1.415503340000
42 1.355053460000
43 1.259930520000
44 1.158110580000
45 1.037390300000
46 0.864053540000
47 0.663101730000
48 0.436174960000
49 0.230699990000
50 0.050808360000
51 -0.102140350000
52 -0.226591820000
53 -0.320691420000
54 -0.382374680000
55 -0.410695060000
56 -0.440949240000
57 -0.500166190000
58 -0.581645350000
59 -0.635421070000
60 -0.678432640000
61 -0.721181040000
62 -0.775974730000
63 -0.861012480000
64 -0.929537850000
65 -0.962985570000
66 -0.956953710000
67 -0.944426850000
68 -0.936069120000
69 -0.960043370000
70 -1.016801030000
71 -1.105214910000
72 -1.224326380000
73 -1.372277890000
74 -1.475821080000
75 -1.548504970000
76 -1.603790540000
77 -1.630666640000
78 -1.630921510000
79 -1.603793610000
80 -1.552997470000
81 -1.481823230000
82 -1.385727190000
83 -1.272515030000
84 -1.144835260000
85 -1.033804100000
86 -0.963720860000
87 -0.922779010000
88 -0.901628360000
89 -0.893068290000
90 -0.891286020000
91 -0.891247870000
92 -0.888324210000
93 -0.878018430000
94 -0.855716690000
95 -0.816469320000
96 -0.754742750000
97 -0.663802380000
98 -0.556687700000
99 -0.435495640000
100 -0.300470180000
101 -0.172064380000
102 -0.060037750000
103 0.033438870000
104 0.112334910000
105 0.155969800000
106 0.170078340000
107 0.159842120000
108 0.130044820000
109 0.085064800000
110 0.029104400000
111 -0.033534780000
112 -0.077934800000
113 -0.101957410000
114 -0.112330130000
115 -0.114876610000

[v]
1 0.000000000000
2 0.000000000000
3 0.163886810000
4 0.327639940000
5 0.491333730000
6 0.655006820000
7 0.818681340000
8 0.982369450000
9 1.146079790000
10 1.309821320000
11 1.473623450000
12 1.637685560000
13 1.801550840000
14 1.965360140000
15 2.129168220000
16 2.293015090000
17 2.457085080000
18 2.620730800000
19 2.784352860000
20 2.947994220000
21 3.111699540000
22 3.275759700000
23 3.439825730000
24 3.603831410000
25 3.761420980000
26 3.904779490000
27 4.035576090000
28 4.155390460000
29 4.270733430000
30 4.382490240000
31 4.490384060000
32 4.597781760000
33 4.691373760000
34 4.762755440000
35 4.828983910000
36 4.903523510000
37 4.967647700000
38 4.984543650000
39 4.991113290000
40 4.993592500000
41 4.994760670000
42 4.995327960000
43 4.991639310000
44 4.991490360000
45 4.995411500000
46 4.995610780000
47 4.995532960000
48 4.995659850000
49 4.995932690000
50 4.996250270000
51 4.996569830000
52 4.996867190000
53 4.997130690000
54 4.997347330000
55 4.997333120000
56 4.997161630000
57 4.997009740000
58 4.997129200000
59 4.954202940000
60 4.823262680000
61 4.687285140000
62 4.549047100000
63 4.411122830000
64 4.266461450000
65 4.115302480000
66 3.963579380000
67 3.811731320000
68 3.659271870000
69 3.506821890000
70 3.354275140000
71 3.201445920000
72 3.048136430000
73 2.894343880000
74 2.748751590000
75 2.605464500000
76 2.452146730000
77 2.295485740000
78 2.125505680000
79 1.955594260000
80 1.785639260000
81 1.615836520000
82 1.431927470000
83 1.248536610000
84 1.064875330000
85 0.878920410000
86 0.694798710000
87 0.513499200000
88 0.334824750000
89 0.158299500000
90 -0.016483540000
91 -0.188982530000
92 -0.359778040000
93 -0.528879700000
94 -0.696179060000
95 -0.861476850000
96 -1.024504400000
97 -1.185481670000
98 -1.346439940000
99 -1.506761450000
100 -1.666361220000
101 -1.826952530000
102 -1.988281410000
103 -2.148866630000
104 -1.972993590000
105 -1.795220130000
106 -1.616499320000
107 -1.437517510000
108 -1.258354580000
109 -1.079005830000
110 -0.899452130000
111 -0.719551260000
112 -0.538841780000
113 -0.358746650000
114 -0.179174060000
115 0.000000000000

[a]
1 0.000000000000
2 0.749731210000
3 0.749720040000
4 0.749708070000
5 0.749695130000
6 0.749681030000
7 0.749665580000
8 0.749648540000
9 0.749629670000
10 0.749608690000
11 0.749585610000
12 0.749558330000
13 0.749527720000
14 0.749492740000
15 0.749452270000
16 0.749405340000
17 0.749347160000
18 0.749278540000
19 0.749193980000
20 0.749087110000
21 0.748950330000
22 0.748764950000
23 0.748504210000
24 0.748078900000
25 0.747400890000
26 0.746479120000
27 0.745166080000
28 0.743402570000
29 0.740328070000
30 0.733447920000
31 0.717300670000
32 0.666123860000
33 0.568437270000
34 0.529995740000
35 0.527330400000
36 0.408388100000
37 0.100327550000
38 0.037614420000
39 0.013646240000
40 0.006447560000
41 0.003267000000
42 -0.022189690000
43 -0.001162180000
44 0.031636720000
45 0.001330400000
46 -0.000539060000
47 0.000914390000
48 0.001901950000
49 0.002131970000
50 0.002066150000
51 0.001851750000
52 0.001580120000
53 0.001250750000
54 -0.000079120000
55 -0.000956340000
56 -0.000874230000
57 0.000705480000
58 -0.245717030000
59 -0.734230530000
60 -0.742570730000
61 -0.745215390000
62 -0.746431090000
63 -0.747344960000
64 -0.747951780000
65 -0.748294340000
66 -0.748536340000
67 -0.748723350000
68 -0.748864200000
69 -0.748977670000
70 -0.749072060000
71 -0.749152650000
72 -0.749221320000
73 -0.749229650000
74 -0.749262130000
75 -0.749353760000
76 -0.749405700000
77 -0.749484600000
78 -0.749511780000
79 -0.749535460000
80 -0.749555400000
81 -0.749617150000
82 -0.749643850000
83 -0.749673010000
84 -0.749700940000
85 -0.749712710000
86 -0.749716600000
87 -0.749715890000
88 -0.749711680000
89 -0.749704070000
90 -0.749691260000
91 -0.749674560000
92 -0.749651880000
93 -0.749621110000
94 -0.749578890000
95 -0.749519560000
96 -0.749434440000
97 -0.749324680000
98 -0.749161030000
99 -0.748898980000
100 -0.748444840000
101 -0.747354690000
102 -0.740997050000
103 0.744958220000
104 0.748096270000
105 0.748837560000
106 0.749166170000
107 0.749352480000
108 0.749472970000
109 0.749557680000
110 0.749621100000
111 0.749669070000
112 0.749702800000
113 0.749729130000
114 0.749750340000
115 0.000000000000

[phy]
1 0.000000000000
2 0.000000000000
3 0.086395040000
4 0.149656900000
5 0.179119040000
6 0.177435580000
7 0.160407970000
8 0.139297280000
9 0.118391870000
10 0.092715980000
11 0.042468630000
12 -0.047735560000
13 -0.095767680000
14 -0.109857970000
15 -0.110988360000
16 -0.070419950000
17 0.019318050000
18 0.020392880000
19 0.014560570000
20 0.012150110000
21 0.082087460000
22 0.187538230000
23 0.295202700000
24 0.403535390000
25 0.507915120000
26 0.602936560000
27 0.689358870000
28 0.699436500000
29 0.699638730000
30 0.699727670000
31 0.633140530000
32 0.558491340000
33 0.488362140000
34 0.425664020000
35 0.363256830000
36 0.292643420000
37 0.214193640000
38 0.130047350000
39 0.042778300000
40 -0.047993900000
41 -0.138503680000
42 -0.225218070000
43 -0.308181210000
44 -0.372085710000
45 -0.433860830000
46 -0.508411490000
47 -0.579679970000
48 -0.520649420000
49 -0.450321220000
50 -0.376937350000
51 -0.300798490000
52 -0.222124320000
53 -0.141577760000
54 -0.063002940000
55 -0.067421350000
56 -0.135577730000
57 -0.190258040000
58 -0.122579410000
59 -0.097055340000
60 -0.096494190000
61 -0.125374250000
62 -0.199638720000
63 -0.159148210000
64 -0.077424870000
65 0.014456100000
66 0.031148110000
67 0.021532710000
68 -0.064281410000
69 -0.157615450000
70 -0.252857660000
71 -0.348750530000
72 -0.441750880000
73 -0.352790960000
74 -0.269797530000
75 -0.204521750000
76 -0.104484530000
77 -0.000978160000
78 0.112126970000
79 0.225219940000
80 0.338365390000
81 0.451424480000
82 0.573817150000
83 0.695628870000
84 0.699087600000
85 0.575924100000
86 0.453474730000
87 0.332802510000
88 0.213838600000
89 0.096287600000
90 -0.020110960000
91 -0.134984490000
92 -0.248714670000
93 -0.361297440000
94 -0.472641190000
95 -0.582565120000
96 -0.690690900000
97 -0.699410190000
98 -0.699364430000
99 -0.699241450000
100 -0.622877870000
101 -0.516647000000
102 -0.409364960000
103 -0.301549090000
104 -0.184029260000
105 -0.065762780000
106 0.052961100000
107 0.171686060000
108 0.290307310000
109 0.408635410000
110 0.525862260000
111 0.473173560000
112 0.355411030000
113 0.236900710000
114 0.118386130000
115 0.000000000000

[w]
1 0.000000000000
2 0.395230470000
3 0.289635280000
4 0.134934900000
5 -0.007710990000
6 -0.077991850000
7 -0.096683610000
8 -0.095728300000
9 -0.117547510000
10 -0.229947260000
11 -0.412135130000
12 -0.219710230000
13 -0.064471690000
14 -0.005172040000
15 0.185564060000
16 0.409886870000
17 0.004921720000
18 -0.026708030000
19 -0.011035700000
20 0.320021090000
21 0.481392880000
22 0.491359350000
23 0.494418730000
24 0.495491390000
25 0.495395090000
26 0.493227330000
27 0.062676170000
28 0.001303400000
29 0.000589180000
30 -0.452650570000
31 -0.498576000000
32 -0.499132290000
33 -0.499287820000
34 -0.499416430000
35 -0.499555070000
36 -0.499623960000
37 -0.499656760000
38 -0.499656070000
39 -0.499632550000
40 -0.499559750000
41 -0.499380250000
42 -0.499077900000
43 -0.498632030000
44 -0.498416800000
45 -0.497698630000
46 -0.493666610000
47 0.425394850000
48 0.490241070000
49 0.492639210000
50 0.492291990000
51 0.489927630000
52 0.483002430000
53 0.453646620000
54 -0.024593240000
55 -0.380090350000
56 -0.314730710000
57 0.399678760000
58 0.146102310000
59 0.003153640000
60 -0.157750000000
61 -0.400377360000
62 0.219135990000
63 0.422178820000
64 0.454624370000
65 0.082319390000
66 -0.047395480000
67 -0.421433930000
68 -0.458468990000
69 -0.467617000000
70 -0.470000680000
71 -0.454439950000
72 0.433377390000
73 0.427089960000
74 0.341337840000
75 0.488941220000
76 0.495140290000
77 0.498706790000
78 0.498875160000
79 0.498994250000
80 0.499073550000
81 0.498875120000
82 0.497927810000
83 0.014117880000
84 -0.496549360000
85 -0.498593310000
86 -0.499008340000
87 -0.499171160000
88 -0.499245050000
89 -0.499273130000
90 -0.499247450000
91 -0.499197070000
92 -0.499095580000
93 -0.498899840000
94 -0.498474030000
95 -0.497108570000
96 -0.040592960000
97 0.000213030000
98 0.000574710000
99 0.358325040000
100 0.495094970000
101 0.496983150000
102 0.497500580000
103 0.497787270000
104 0.497682330000
105 0.497451340000
106 0.496948370000
107 0.496135750000
108 0.494476300000
109 0.489370530000
110 -0.219546250000
111 -0.488535150000
112 -0.493336600000
113 -0.494807340000
114 -0.495384420000
115 0.000000000000

[dt]
1 0.004639880000
2 0.218594090000
3 0.218419030000
4 0.218343380000
5 0.218319540000
6 0.218325540000
7 0.218348170000
8 0.218382790000
9 0.218429900000
10 0.218516850000
11 0.218870400000
12 0.218615780000
13 0.218550020000
14 0.218558590000
15 0.218622160000
16 0.218933570000
17 0.218384390000
18 0.218372810000
19 0.218423210000
20 0.218539770000
21 0.219053460000
22 0.219115540000
23 0.219111230000
24 0.210659020000
25 0.191809390000
26 0.175218020000
27 0.160788820000
28 0.155155450000
29 0.150955800000
30 0.147104950000
31 0.149724800000
32 0.140502230000
33 0.125575110000
34 0.124960230000
35 0.141352610000
36 0.157017650000
37 0.168408180000
38 0.174658240000
39 0.181677920000
40 0.181179080000
41 0.173644010000
42 0.166232860000
43 0.128159640000
44 0.123942690000
45 0.149790780000
46 0.144365610000
47 0.138766350000
48 0.143456370000
49 0.148960680000
50 0.154661990000
51 0.160583260000
52 0.166762250000
53 0.173207210000
54 0.179660400000
55 0.179316400000
56 0.173736810000
57 0.169331750000
58 0.174695580000
59 0.178336730000
60 0.183117320000
61 0.185500800000
62 0.184778300000
63 0.193567080000
64 0.202097220000
65 0.202758580000
66 0.202859970000
67 0.203625880000
68 0.203574940000
69 0.203673280000
70 0.204024730000
71 0.204643860000
72 0.205269860000
73 0.194322640000
74 0.191237600000
75 0.204599980000
76 0.209046980000
77 0.226795940000
78 0.226696130000
79 0.226747120000
80 0.226537940000
81 0.245337300000
82 0.244637320000
83 0.244988520000
84 0.248038790000
85 0.245589680000
86 0.241824060000
87 0.238322880000
88 0.235457520000
89 0.233136040000
90 0.230093380000
91 0.227826210000
92 0.225573580000
93 0.223178560000
94 0.220520860000
95 0.217509400000
96 0.214798350000
97 0.214804430000
98 0.214001410000
99 0.213112540000
100 0.214566660000
101 0.215866560000
102 0.216715060000
103 0.236084430000
104 0.237634480000
105 0.238664320000
106 0.238908030000
107 0.239090320000
108 0.239299830000
109 0.239546210000
110 0.239989070000
111 0.241052330000
112 0.240222030000
113 0.239516620000
114 0.238978300000

[s]
1 0.000000000000
2 0.000000000000
3 0.035796000000
4 0.071538010000
5 0.107267750000
6 0.143004720000
7 0.178757570000
8 0.214532580000
9 0.250338090000
10 0.286218030000
11 0.322532560000
12 0.358023910000
13 0.393728980000
14 0.429546340000
15 0.465483350000
16 0.502017980000
17 0.536589030000
18 0.572296360000
19 0.608167290000
20 0.644253990000
21 0.681628540000
22 0.717769840000
23 0.753704440000
24 0.759179590000
25 0.721475870000
26 0.684187740000
27 0.648875530000
28 0.644731490000
29 0.644691990000
30 0.644686010000
31 0.672321850000
32 0.645998600000
33 0.589119760000
34 0.595155020000
35 0.682589500000
36 0.769939840000
37 0.836592510000
38 0.870591610000
39 0.906775100000
40 0.904734510000
41 0.867310260000
42 0.830387650000
43 0.639726680000
44 0.618658730000
45 0.748266570000
46 0.721194400000
47 0.693211880000
48 0.716659220000
49 0.744197510000
50 0.772730000000
51 0.802365450000
52 0.833288800000
53 0.865539060000
54 0.897825430000
55 0.896103770000
56 0.868190950000
57 0.846152390000
58 0.872976400000
59 0.883516270000
60 0.883222880000
61 0.869495200000
62 0.840565140000
63 0.853848060000
64 0.862239910000
65 0.834412870000
66 0.804051620000
67 0.776167130000
68 0.744936030000
69 0.714245920000
70 0.684355100000
71 0.655156300000
72 0.625690670000
73 0.562436680000
74 0.525664880000
75 0.533077870000
76 0.512612630000
77 0.520606710000
78 0.481843680000
79 0.443425020000
80 0.404514940000
81 0.396424920000
82 0.350302880000
83 0.305877150000
84 0.264130390000
85 0.215853780000
86 0.168019040000
87 0.122378610000
88 0.078837010000
89 0.036905320000
90 -0.003792750000
91 -0.043055170000
92 -0.081156420000
93 -0.118034610000
94 -0.153522010000
95 -0.187379320000
96 -0.220061860000
97 -0.254646720000
98 -0.288140050000
99 -0.321109770000
100 -0.357545560000
101 -0.394377950000
102 -0.430890530000
103 -0.507313950000
104 -0.468851310000
105 -0.428454980000
106 -0.386194670000
107 -0.343696520000
108 -0.301124040000
109 -0.258471760000
110 -0.215858680000
111 -0.173449510000
112 -0.129441670000
113 -0.085925780000
114 -0.042818710000

[splus]
1 0.011552450000
2 0.011552450000
3 0.037636310000
4 0.071764360000
5 0.107294440000
6 0.143007850000
7 0.178757940000
8 0.214532630000
9 0.250338100000
10 0.286218030000
11 0.322532560000
12 0.358023910000
13 0.393728980000
14 0.429546340000
15 0.465483350000
16 0.502017980000
17 0.536589030000
18 0.572296360000
19 0.608167290000
20 0.644253990000
21 0.681628540000
22 0.717769840000
23 0.753704440000
24 0.759179590000
25 0.721475870000
26 0.684187740000
27 0.648875530000
28 0.644731490000
29 0.644691990000
30 0.644686010000
31 0.672321850000
32 0.645998600000
33 0.589119760000
34 0.595155020000
35 0.682589500000
36 0.769939840000
37 0.836592510000
38 0.870591610000
39 0.906775100000
40 0.904734510000
41 0.867310260000
42 0.830387650000
43 0.639726680000
44 0.618658730000
45 0.748266570000
46 0.721194400000
47 0.693211880000
48 0.716659220000
49 0.744197510000
50 0.772730000000
51 0.802365450000
52 0.833288800000
53 0.865539060000
54 0.897825430000
55 0.896103770000
56 0.868190950000
57 0.846152390000
58 0.872976400000
59 0.883516270000
60 0.883222880000
61 0.869495200000
62 0.840565140000
63 0.853848060000
64 0.862239910000
65 0.834412870000
66 0.804051620000
67 0.776167130000
68 0.744936030000
69 0.714245920000
70 0.684355100000
71 0.655156300000
72 0.625690670000
73 0.562436680000
74 0.525664880000
75 0.533077870000
76 0.512612630000
77 0.520606710000
78 0.481843680000
79 0.443425020000
80 0.404514940000
81 0.396424920000
82 0.350302880000
83 0.305877150000
84 0.264130390000
85 0.215853820000
86 0.168019740000
87 0.122389390000
88 0.078983440000
89 0.038633060000
90 0.009763720000
91 0.001213460000
92 0.000127480000
93 0.000013990000
94 0.000001660000
95 0.000000220000
96 0.000000030000
97 0.000000000000
98 0.000000000000
99 0.000000000000
100 0.000000000000
101 0.000000000000
102 0.000000000000
103 0.000000000000
104 0.000000000000
105 0.000000000000
106 0.000000000000
107 0.000000000000
108 0.000000000000
109 0.000000000000
110 0.000000040000
111 0.000000500000
112 0.000007060000
113 0.000095850000
114 0.001230170000

[sminus]
1 0.011552450000
2 0.011552450000
3 0.001840310000
4 0.000226350000
5 0.000026690000
6 0.000003130000
7 0.000000370000
8 0.000000040000
9 0.000000000000
10 0.000000000000
11 0.000000000000
12 0.000000000000
13 0.000000000000
14 0.000000000000
15 0.000000000000
16 0.000000000000
17 0.000000000000
18 0.000000000000
19 0.000000000000
20 -0.000000000000
21 -0.000000000000
22 -0.000000000000
23 -0.000000000000
24 -0.000000000000
25 -0.000000000000
26 -0.000000000000
27 -0.000000000000
28 0.000000000000
29 0.000000000000
30 0.000000000000
31 0.000000000000
32 -0.000000000000
33 0.000000000000
34 0.000000000000
35 -0.000000000000
36 -0.000000000000
37 -0.000000000000
38 -0.000000000000
39 -0.000000000000
40 0.000000000000
41 0.000000000000
42 0.000000000000
43 0.000000000000
44 -0.000000000000
45 -0.000000000000
46 0.000000000000
47 0.000000000000
48 -0.000000000000
49 -0.000000000000
50 -0.000000000000
51 -0.000000000000
52 -0.000000000000
53 -0.000000000000
54 -0.000000000000
55 -0.000000000000
56 -0.000000000000
57 -0.000000000000
58 0.000000000000
59 0.000000000000
60 0.000000000000
61 0.000000000000
62 -0.000000000000
63 -0.000000000000
64 -0.000000000000
65 0.000000000000
66 0.000000000000
67 -0.000000000000
68 -0.000000000000
69 -0.000000000000
70 -0.000000000000
71 -0.000000000000
72 -0.000000000000
73 0.000000000000
74 0.000000000000
75 0.000000000000
76 0.000000000000
77 0.000000000000
78 0.000000000000
79 0.000000000000
80 0.000000000000
81 0.000000000000
82 0.000000000000
83 0.000000000000
84 0.000000000000
85 0.000000040000
86 0.000000700000
87 0.000010780000
88 0.000146430000
89 0.001727730000
90 0.013556470000
91 0.044268620000
92 0.081283890000
93 0.118048600000
94 0.153523670000
95 0.187379540000
96 0.220061890000
97 0.254646730000
98 0.288140050000
99 0.321109770000
100 0.357545560000
101 0.394377950000
102 0.430890530000
103 0.507313950000
104 0.468851310000
105 0.428454980000
106 0.386194670000
107 0.343696520000
108 0.301124040000
109 0.258471760000
110 0.215858720000
111 0.173450010000
112 0.129448730000
113 0.086021630000
114 0.044048890000

[k]
1 0.000000000000
2 0.000000000000
3 0.043305320000
4 0.075392150000
5 0.090529770000
6 0.089660710000
7 0.080899040000
8 0.070102650000
9 0.059474070000
10 0.046491280000
11 0.021247090000
12 -0.023885920000
13 -0.048030770000
14 -0.055151030000
15 -0.055723180000
16 -0.035268290000
17 0.009660230000
18 0.010197850000
19 0.007280800000
20 0.006075360000
21 0.041136170000
22 0.094884110000
23 0.152043820000
24 0.213483420000
25 0.278312350000
26 0.344228240000
27 0.412129410000
28 0.420662780000
29 0.420835500000
30 0.420911480000
31 0.366967920000
32 0.312424930000
33 0.265643070000
34 0.226691710000
35 0.190062840000
36 0.150646940000
37 0.108765270000
38 0.065392740000
39 0.021402210000
40 -0.024015390000
41 -0.069698090000
42 -0.114552430000
43 -0.159161620000
44 -0.195132290000
45 -0.231651100000
46 -0.278637500000
47 -0.327355550000
48 -0.286712180000
49 -0.241725600000
50 -0.197932870000
51 -0.155105650000
52 -0.112925490000
53 -0.071265650000
54 -0.031543200000
55 -0.033761830000
56 -0.068207280000
57 -0.096293700000
58 -0.061598020000
59 -0.048680310000
60 -0.048396840000
61 -0.063017650000
62 -0.101166280000
63 -0.080251390000
64 -0.038789830000
65 0.007228550000
66 0.015579050000
67 0.010768010000
68 -0.032184450000
69 -0.079466360000
70 -0.129193800000
71 -0.181806530000
72 -0.236460320000
73 -0.184097180000
74 -0.138270030000
75 -0.103710780000
76 -0.052433150000
77 -0.000489080000
78 0.056299590000
79 0.114553380000
80 0.175949370000
81 0.242406560000
82 0.323183580000
83 0.417421760000
84 0.420364940000
85 0.324679230000
86 0.243673910000
87 0.172829600000
88 0.108579370000
89 0.048293140000
90 -0.010056840000
91 -0.067905180000
92 -0.126986620000
93 -0.188942420000
94 -0.255646530000
95 -0.329420400000
96 -0.413249150000
97 -0.420640320000
98 -0.420601250000
99 -0.420496250000
100 -0.359131290000
101 -0.284059070000
102 -0.216938200000
103 -0.155517190000
104 -0.093067650000
105 -0.032928870000
106 0.026505340000
107 0.086696530000
108 0.149373740000
109 0.216504890000
110 0.290186090000
111 0.255982400000
112 0.185586360000
113 0.120717140000
114 0.059471160000

[up]
1 0.011553560000
2 0.011553560000
3 0.039200970000
4 0.076958420000
5 0.116619260000
6 0.155317160000
7 0.192640840000
8 0.228970370000
9 0.264631200000
10 0.298992440000
11 0.329111400000
12 0.366233640000
13 0.411883680000
14 0.452288700000
15 0.490384070000
16 0.519015150000
17 0.541565530000
18 0.577899380000
19 0.612418520000
20 0.648012010000
21 0.708546620000
22 0.783150630000
23 0.863716730000
24 0.914768970000
25 0.914239700000
26 0.910283830000
27 0.905599410000
28 0.905097460000
29 0.905148910000
30 0.905187520000
31 0.909173590000
32 0.839751620000
33 0.739355540000
34 0.724675080000
35 0.807135030000
36 0.881289430000
37 0.923945070000
38 0.925244830000
39 0.925406020000
40 0.925593160000
41 0.925342200000
42 0.921705710000
43 0.737473840000
44 0.734550220000
45 0.914669870000
46 0.914108150000
47 0.911061590000
48 0.913915210000
49 0.916893490000
50 0.919560780000
51 0.921838880000
52 0.923624450000
53 0.924755050000
54 0.925013130000
55 0.925147900000
56 0.925039280000
57 0.924372430000
58 0.924601160000
59 0.924807470000
60 0.924261440000
61 0.922097210000
62 0.922201420000
63 0.919632460000
64 0.894349820000
65 0.840204000000
66 0.816077660000
67 0.784190890000
68 0.767951420000
69 0.768733310000
70 0.769232450000
71 0.769503340000
72 0.767724130000
73 0.661838160000
74 0.595441430000
75 0.586152030000
76 0.538413740000
77 0.520856340000
78 0.507886500000
79 0.492189330000
80 0.472842220000
81 0.488677120000
82 0.458986550000
83 0.428449730000
84 0.370720310000
85 0.283133740000
86 0.207324090000
87 0.142695810000
88 0.087216380000
89 0.040424140000
90 0.009857990000
91 0.001292560000
92 0.000143020000
93 0.000016530000
94 0.000002070000
95 0.000000290000
96 0.000000040000
97 0.000000010000
98 0.000000000000
99 0.000000000000
100 0.000000000000
101 0.000000000000
102 0.000000000000
103 0.000000000000
104 0.000000000000
105 0.000000000000
106 0.000000000000
107 0.000000000000
108 0.000000000000
109 0.000000000000
110 0.000000050000
111 0.000000630000
112 0.000008320000
113 0.000106950000
114 0.001300410000

[down]
1 0.011553560000
2 0.011553560000
3 0.001916820000
4 0.000242730000
5 0.000029010000
6 0.000003400000
7 0.000000390000
8 0.000000050000
9 0.000000010000
10 0.000000000000
11 0.000000000000
12 0.000000000000
13 0.000000000000
14 0.000000000000
15 0.000000000000
16 0.000000000000
17 0.000000000000
18 0.000000000000
19 0.000000000000
20 -0.000000000000
21 -0.000000000000
22 -0.000000000000
23 -0.000000000000
24 -0.000000000000
25 -0.000000000000
26 -0.000000000000
27 -0.000000000000
28 0.000000000000
29 0.000000000000
30 0.000000000000
31 0.000000000000
32 -0.000000000000
33 0.000000000000
34 0.000000000000
35 -0.000000000000
36 -0.000000000000
37 -0.000000000000
38 -0.000000000000
39 -0.000000000000
40 0.000000000000
41 0.000000000000
42 0.000000000000
43 0.000000000000
44 -0.000000000000
45 -0.000000000000
46 0.000000000000
47 0.000000000000
48 -0.000000000000
49 -0.000000000000
50 -0.000000000000
51 -0.000000000000
52 -0.000000000000
53 -0.000000000000
54 -0.000000000000
55 -0.000000000000
56 -0.000000000000
57 -0.000000000000
58 0.000000000000
59 0.000000000000
60 0.000000000000
61 0.000000000000
62 -0.000000000000
63 -0.000000000000
64 -0.000000000000
65 0.000000000000
66 0.000000000000
67 -0.000000000000
68 -0.000000000000
69 -0.000000000000
70 -0.000000000000
71 -0.000000000000
72 -0.000000000000
73 0.000000000000
74 0.000000000000
75 0.000000000000
76 0.000000000000
77 0.000000000000
78 0.000000000000
79 0.000000000000
80 0.000000000000
81 0.000000000000
82 0.000000000000
83 0.000000000000
84 0.000000000000
85 0.000000050000
86 0.000000860000
87 0.000012570000
88 0.000161690000
89 0.001807830000
90 0.013687360000
91 0.047154450000
92 0.091192980000
93 0.139460820000
94 0.191201560000
95 0.246637110000
96 0.307364660000
97 0.357476820000
98 0.404484430000
99 0.450734210000
100 0.480815140000
101 0.501923530000
102 0.520628100000
103 0.583054170000
104 0.510740830000
105 0.441999240000
106 0.396021510000
107 0.372301940000
108 0.344304880000
109 0.312193750000
110 0.275992350000
111 0.216074160000
112 0.152511690000
113 0.095990550000
114 0.046563740000

[left]
1 0.023104910000
2 0.023104910000
3 0.024997600000
4 0.031854390000
5 0.042418390000
6 0.051196180000
7 0.056170410000
8 0.058128610000
9 0.057941940000
10 0.053497870000
11 0.035829040000
12 0.021445540000
13 0.029281680000
14 0.033609140000
15 0.035676320000
16 0.028204470000
17 0.032328480000
18 0.033971780000
19 0.030736560000
20 0.029669630000
21 0.104119450000
22 0.237584960000
23 0.393942730000
24 0.552807290000
25 0.678342170000
26 0.789250850000
27 0.889879080000
28 0.901777780000
29 0.902083370000
30 0.902235070000
31 0.824783110000
32 0.674147220000
33 0.520876690000
34 0.451054110000
35 0.439845620000
36 0.399532550000
37 0.318951120000
38 0.204847930000
39 0.077901840000
40 0.031795300000
41 0.067710390000
42 0.099921660000
43 0.106143180000
44 0.123701590000
45 0.172582300000
46 0.198236690000
47 0.222367420000
48 0.202438700000
49 0.178671780000
50 0.153641800000
51 0.127167860000
52 0.098970980000
53 0.068856210000
54 0.037872540000
55 0.039664910000
56 0.066565010000
57 0.087246600000
58 0.061510110000
59 0.051510420000
60 0.051265950000
61 0.062455800000
62 0.090552520000
63 0.075212520000
64 0.042628190000
65 0.035100640000
66 0.054306680000
67 0.041375860000
68 0.033856450000
69 0.064280320000
70 0.093688950000
71 0.122207010000
72 0.148999410000
73 0.107744080000
74 0.079075790000
75 0.062912760000
76 0.036541050000
77 0.022821090000
78 0.098406810000
79 0.173171240000
80 0.236623730000
81 0.315044160000
82 0.366489700000
83 0.409011740000
84 0.354868030000
85 0.226562740000
86 0.136181180000
87 0.075566850000
88 0.039333170000
89 0.025329290000
90 0.023146150000
91 0.027057280000
92 0.043490330000
93 0.077655120000
94 0.127726950000
95 0.194263240000
96 0.280735980000
97 0.328611900000
98 0.370280960000
99 0.411227790000
100 0.391633620000
101 0.343151290000
102 0.288243240000
103 0.245084740000
104 0.140712060000
105 0.053822720000
106 0.024344340000
107 0.044366470000
108 0.060111490000
109 0.070771780000
110 0.076504890000
111 0.056651350000
112 0.035482660000
113 0.023037560000
114 0.021323610000

[right]
1 0.023104910000
2 0.023104910000
3 0.021818480000
4 0.020706240000
5 0.022174410000
6 0.024238050000
7 0.025506940000
8 0.025970570000
9 0.025839550000
10 0.024567780000
11 0.020805710000
12 0.040344960000
13 0.071413060000
14 0.086811330000
15 0.094393730000
16 0.068608160000
17 0.020409920000
18 0.020448450000
19 0.020396940000
20 0.020459320000
21 0.037614750000
22 0.074821950000
23 0.118012240000
24 0.162117580000
25 0.198091610000
26 0.230347510000
27 0.259986280000
28 0.263510760000
29 0.263598770000
30 0.263641930000
31 0.240755850000
32 0.199048860000
33 0.156936850000
34 0.136890080000
35 0.132076180000
36 0.119306350000
37 0.096084220000
38 0.064440780000
39 0.029687330000
40 0.085752830000
41 0.216698490000
42 0.332610820000
43 0.345507940000
44 0.406226810000
45 0.589480300000
46 0.678832490000
47 0.761909860000
48 0.693386140000
49 0.610969160000
50 0.523374680000
51 0.429856580000
52 0.329293360000
53 0.220829590000
54 0.108104650000
55 0.114666600000
56 0.212540460000
57 0.287202680000
58 0.194201920000
59 0.157868340000
60 0.156967480000
61 0.197563140000
62 0.299004430000
63 0.243643830000
64 0.124981110000
65 0.020333300000
66 0.023828300000
67 0.021157850000
68 0.091477360000
69 0.199824260000
70 0.303510550000
71 0.403140610000
72 0.495774940000
73 0.347158580000
74 0.245800480000
75 0.189933380000
76 0.098014140000
77 0.023405130000
78 0.036774300000
79 0.058742130000
80 0.077673330000
81 0.100825680000
82 0.116726540000
83 0.130166960000
84 0.114700400000
85 0.076659810000
86 0.049588730000
87 0.031315470000
88 0.021608980000
89 0.021673380000
90 0.023070090000
91 0.021185900000
92 0.022978800000
93 0.033676780000
94 0.051028280000
95 0.074679740000
96 0.106042340000
97 0.124700190000
98 0.141600020000
99 0.158670090000
100 0.153796900000
101 0.137715610000
102 0.118531320000
103 0.104859410000
104 0.062318740000
105 0.028190710000
106 0.043157520000
107 0.099764160000
108 0.144693630000
109 0.177195260000
110 0.196964470000
111 0.142977190000
112 0.082717650000
113 0.043657900000
114 0.026437770000
