  0.02310491
  0.02310491
  0.02181848
  0.02070624
  0.02217441
  0.02423805
  0.02550694
  0.02597057
  0.02583955
  0.02456778
  0.02080571
  0.04034496
  0.07141306
  0.08681133
  0.09439373
  0.06860816
  0.02040992
  0.02044845
  0.02039694
  0.02045932
  0.03761475
  0.07482195
  0.11801224
  0.16211758
  0.19809161
  0.23034751
  0.25998628
  0.26351076
  0.26359877
  0.26364193
  0.24075585
  0.19904886
  0.15693685
  0.13689008
  0.13207618
  0.11930635
  0.09608422
  0.06444078
  0.02968733
  0.08575283
  0.21669849
  0.33261082
  0.34550794
  0.40622681
  0.58948030
  0.67883249
  0.76190986
  0.69338614
  0.61096916
  0.52337468
  0.42985658
  0.32929336
  0.22082959
  0.10810465
  0.11466660
  0.21254046
  0.28720268
  0.19420192
  0.15786834
  0.15696748
  0.19756314
  0.29900443
  0.24364383
  0.12498111
  0.02033330
  0.02382830
  0.02115785
  0.09147736
  0.19982426
  0.30351055
  0.40314061
  0.49577494
  0.34715858
  0.24580048
  0.18993338
  0.09801414
  0.02340513
  0.03677430
  0.05874213
  0.07767333
  0.10082568
  0.11672654
  0.13016696
  0.11470040
  0.07665981
  0.04958873
  0.03131547
  0.02160898
  0.02167338
  0.02307009
  0.02118590
  0.02297880
  0.03367678
  0.05102828
  0.07467974
  0.10604234
  0.12470019
  0.14160002
  0.15867009
  0.15379690
  0.13771561
  0.11853132
  0.10485941
  0.06231874
  0.02819071
  0.04315752
  0.09976416
  0.14469363
  0.17719526
  0.19696447
  0.14297719
  0.08271765
  0.04365790
  0.02643777
