  0.01155356
  0.01155356
  0.03920097
  0.07695842
  0.11661926
  0.15531716
  0.19264084
  0.22897037
  0.26463120
  0.29899244
  0.32911140
  0.36623364
  0.41188368
  0.45228870
  0.49038407
  0.51901515
  0.54156553
  0.57789938
  0.61241852
  0.64801201
  0.70854662
  0.78315063
  0.86371673
  0.91476897
  0.91423970
  0.91028383
  0.90559941
  0.90509746
  0.90514891
  0.90518752
  0.90917359
  0.83975162
  0.73935554
  0.72467508
  0.80713503
  0.88128943
  0.92394507
  0.92524483
  0.92540602
  0.92559316
  0.92534220
  0.92170571
  0.73747384
  0.73455022
  0.91466987
  0.91410815
  0.91106159
  0.91391521
  0.91689349
  0.91956078
  0.92183888
  0.92362445
  0.92475505
  0.92501313
  0.92514790
  0.92503928
  0.92437243
  0.92460116
  0.92480747
  0.92426144
  0.92209721
  0.92220142
  0.91963246
  0.89434982
  0.84020400
  0.81607766
  0.78419089
  0.76795142
  0.76873331
  0.76923245
  0.76950334
  0.76772413
  0.66183816
  0.59544143
  0.58615203
  0.53841374
  0.52085634
  0.50788650
  0.49218933
  0.47284222
  0.48867712
  0.45898655
  0.42844973
  0.37072031
  0.28313374
  0.20732409
  0.14269581
  0.08721638
  0.04042414
  0.00985799
  0.00129256
  0.00014302
  0.00001653
  0.00000207
  0.00000029
  0.00000004
  0.00000001
  0.00000000
  0.00000000
  0.00000000
  0.00000000
  0.00000000
  0.00000000
  0.00000000
  0.00000000
  0.00000000
  0.00000000
  0.00000000
  0.00000000
  0.00000005
  0.00000063
  0.00000832
  0.00010695
  0.00130041
