  0.00000000
  0.19404613
  0.03160429
  0.02828771
  0.02022043
  0.00367301
  0.03926265
  0.34660765
  0.28272424
 -0.47824911
 -0.48713077
 -0.03065001
 -0.00176162
  0.00051123
  0.00178119
  0.02934969
  0.48714424
  0.48275847
  0.48428886
  0.49035434
  0.49477878
  0.49651596
 -0.00000298
  0.00000340
  0.00000654
 -0.00000205
  0.00000104
 -0.10106683
 -0.49999291
 -0.49999327
 -0.49998292
 -0.49998829
 -0.49998914
 -0.49998906
 -0.49923294
 -0.49877229
 -0.49771210
 -0.49473957
 -0.14986308
 -0.03395133
  0.40042974
  0.47427945
  0.47838741
  0.47833301
  0.48026873
  0.09562969
 -0.05861591
 -0.41254736
 -0.39626375
 -0.39470879
 -0.38964860
 -0.36693479
 -0.18656469
  0.12837876
  0.25663871
  0.30694646
  0.34959274
  0.39133241
  0.43024363
  0.45999755
  0.13567258
  0.07785773
  0.08115393
  0.04477244
 -0.00904575
 -0.08579354
 -0.05422345
 -0.16008689
 -0.44102615
 -0.37262461
 -0.23867721
 -0.08466564
  0.15580432
  0.22853387
  0.23123206
  0.16812621
 -0.00012409
  0.06965971
  0.16872038
  0.48493126
  0.48056002
  0.47392712
  0.46085749
  0.42173623
  0.00982387
 -0.41647250
 -0.45074515
 -0.46208270
 -0.46726700
 -0.47070217
 -0.48876410
 -0.48722733
 -0.48501236
 -0.48085219
 -0.47035259
 -0.40672490
 -0.01554796
  0.00159228
  0.37225132
  0.47571257
  0.48593589
  0.48972614
  0.49168315
  0.49291154
  0.15790087
  0.06131777
  0.06903430
  0.09742225
  0.12995780
  0.18150378
  0.04797577
  0.09391051
 -0.16321831
 -0.29002442
 -0.39740976
  0.00000000
