 25.89795918
 25.89795918
 25.89795918
 25.85219286
 25.76068458
 25.62344098
 25.44045972
 25.21173586
 24.93733372
 24.61720085
 24.25077561
 23.83904898
 23.38346488
 22.88268091
 22.33669566
 21.74562432
 21.10963653
 20.42769530
 19.70160361
 18.93500679
 18.19689348
 17.51321878
 17.00483374
 16.51847248
 16.16372648
 15.96662489
 15.94163008
 16.09057645
 16.40253493
 16.86203659
 17.46848243
 17.76732359
 18.33439535
 18.99802846
 19.70985282
 20.46484495
 21.25995929
 22.08128269
 22.84643185
 23.54057108
 24.16693981
 24.70695704
 25.15894293
 25.51740839
 25.78974099
 25.99630093
 26.16550855
 26.33738688
 26.52150378
 26.70672847
 26.85160618
 26.92741793
 26.91210658
 26.78988816
 26.54875376
 26.18128258
 25.69673896
 25.11078346
 24.43953636
 23.69638530
 22.89229868
 22.06435105
 21.25089117
 20.45240919
 19.67732722
 18.92611980
 18.19314755
 17.47240999
 16.76526199
 16.05944446
 15.38160501
 14.71489716
 14.05195080
 13.39302840
 12.74625628
 12.12325982
 11.53271008
 10.97931700
 10.46686487
  9.99565914
  9.56188502
  9.17178287
  8.82601561
  8.52538548
  8.27073143
  8.06256104
  7.90064327
  7.78357694
  7.70930373
  7.67660447
  7.68502457
  7.73470448
  7.82573685
  7.95774528
  8.12953565
  8.33842640
  8.57909329
  8.84171418
  9.10853704
  9.36005167
  9.57163711
  9.73043099
  9.83303043
  9.88254417
  9.89307777
  9.88782844
  9.88337387
  9.88292148
  9.88642883
  9.89347657
  9.90349316
  9.91562978
  9.92876237
  9.94081927
  9.95011149
  9.95510204
