  0.00000000
  0.00000000
 -0.00000000
  0.00000000
  0.00000000
  0.00000000
  0.00000000
  0.00000000
 -0.00000000
  0.00000000
 -0.00000000
  0.00000000
 -0.00000000
  0.00000000
 -0.00000000
  0.00000000
  0.00000000
  0.00000000
  0.00000000
  0.00000000
  0.00000000
  0.00000000
  0.00000000
  0.00000000
  0.00000000
  0.00000000
 -0.00000000
  0.00000000
 -0.00000000
  0.00000000
 -0.00000000
  0.00000000
  0.00000000
  0.00000000
  0.00000000
  0.00000000
 -0.00000000
  0.00000000
  0.00000000
  0.00000000
  0.00000000
  0.00000000
  0.00000000
  0.00000000
  0.00000000
  0.00000000
  0.00000000
  0.00000000
  0.00000000
  0.03377989
  0.07271117
  0.11446937
  0.15930096
  0.21368288
  0.25697509
  0.29983341
  0.34222627
  0.38407760
  0.44391192
  0.46211114
  0.51406048
  0.59092928
  0.61050146
  0.62627893
  0.63541119
  0.68409926
  0.77446049
  0.87211406
  0.97820447
  1.08464488
  0.94215358
  0.99212214
  1.35335713
  1.32995847
  1.30248928
  1.17687055
  1.06211332
  0.95615777
  0.91809884
  0.90023470
  0.83299688
  0.77864584
  0.72254503
  0.66573663
  0.62061383
  0.56683426
  0.53478469
  0.47192450
  0.42677538
  0.37951677
  0.33226438
  0.28352427
  0.24249960
  0.18934160
  0.14437118
  0.09721830
  0.04850236
