  0.00000000
  0.00000000
  0.00001440
  0.00000077
 -0.05888428
 -0.11919832
 -0.18272672
 -0.25161077
 -0.18244695
 -0.11886230
 -0.05864872
  0.00000053
 -0.05590627
 -0.11316448
 -0.17332625
 -0.17436237
 -0.11400581
 -0.05652288
 -0.06015470
 -0.11457573
 -0.05665796
  0.00000203
  0.00000189
  0.00000150
  0.00000129
 -0.02074025
 -0.07955222
 -0.12766664
 -0.06282536
  0.00000036
  0.00000081
  0.00000074
  0.00000014
 -0.06282713
 -0.12767015
 -0.19681187
 -0.19681189
 -0.12767012
 -0.06282707
  0.00000023
  0.06058058
  0.12210045
  0.18630511
  0.25585465
  0.33298869
  0.42114346
  0.42114362
  0.42114369
  0.42114373
  0.42114375
  0.42114373
  0.42114368
  0.42114360
  0.34698498
  0.26246125
  0.18849952
  0.12125298
  0.05804136
  0.08717792
  0.15336383
  0.20851581
  0.27087226
  0.34836479
  0.42114336
  0.41873673
  0.34624601
  0.26713249
  0.19552625
  0.12765212
  0.06282294
 -0.00000142
 -0.06141992
 -0.06983795
 -0.00818151
 -0.00308834
  0.00395156
  0.00296536
  0.00487006
 -0.00463661
 -0.00331762
 -0.00385544
 -0.00706456
  0.00745321
  0.00621806
  0.00689699
  0.00963748
  0.01459750
 -0.01281299
  0.03970214
  0.04917606
