  0.00000000
  0.00000000
  0.00145805
  0.00575963
  0.01287949
  0.02286277
  0.03190727
  0.02858057
  0.02224592
  0.01280477
  0.00015998
  0.00095204
  0.00098680
  0.00102524
  0.00106929
  0.00111903
  0.00024397
  0.02590241
  0.05587170
  0.09051099
  0.13073107
  0.16974113
  0.13148219
  0.09105784
  0.04752682
  0.00032607
  0.00230968
  0.00227232
  0.00223307
  0.00078435
  0.02330712
  0.04598905
  0.02214874
  0.00078719
  0.00191019
  0.00185624
  0.00032431
  0.02324291
  0.04308298
  0.05974459
  0.07342993
  0.08579856
  0.05567696
  0.03294407
  0.01678868
  0.00603410
  0.00016893
  0.00541618
  0.00070973
  0.00442006
  0.01255997
  0.02462326
  0.04116708
  0.06421974
  0.07847609
  0.09295371
  0.10765618
  0.12254143
  0.14341718
  0.12917973
  0.12271993
  0.11477529
  0.08306873
  0.04520483
  0.00032083
  0.00037690
  0.05906010
  0.13013730
  0.21624532
  0.31771932
  0.32084889
  0.38111991
  0.54781731
  0.44853179
  0.34910825
  0.22405439
  0.11949992
  0.03121924
  0.09272993
  0.18160643
  0.11828005
  0.09473139
  0.06580663
  0.01474473
  0.01653903
  0.00734778
  0.06326856
  0.00534069
  0.00712785
  0.00638669
  0.00567944
  0.00333980
  0.02689826
  0.00247266
  0.00427239
  0.00376761
  0.00173222
