  0.00000000
  0.00000000
 -0.10131875
 -0.20138557
 -0.30012846
 -0.39697886
 -0.41702707
 -0.31480392
 -0.21088159
 -0.10576955
  0.00051776
  0.00285190
  0.00274466
  0.00266014
  0.00259882
  0.00255670
  0.00033355
 -0.11237462
 -0.22416920
 -0.33494813
 -0.44440259
 -0.48505126
 -0.36489148
 -0.24372155
 -0.12191343
  0.00035827
  0.00263374
  0.00268950
  0.00274866
  0.00085430
 -0.09266745
 -0.18551052
 -0.09489198
  0.00124972
  0.00320789
  0.00330135
  0.00042625
 -0.11419460
 -0.22908902
 -0.34422900
 -0.45946641
 -0.57427401
 -0.46144871
 -0.34470733
 -0.22856148
 -0.11313826
  0.00166734
  0.10506305
  0.20772045
  0.30965197
  0.41076658
  0.51085726
  0.60931977
  0.69790671
  0.69845355
  0.69860169
  0.69868709
  0.69871922
  0.69338733
  0.58971455
  0.48550324
  0.37349993
  0.24895342
  0.12432855
 -0.00034122
 -0.00037250
  0.12425757
  0.24885453
  0.37341458
  0.49784786
  0.62061452
  0.69920128
  0.66520561
  0.54158100
  0.41746182
  0.29343746
  0.16990362
  0.04780227
 -0.07044082
 -0.14482661
 -0.10024298
 -0.08537844
 -0.06332523
  0.03585308
  0.04411757
  0.02165357
 -0.08293720
  0.01964574
  0.02972516
  0.03059016
  0.03175269
  0.02226396
 -0.07758927
  0.02585373
  0.06089446
  0.08239506
  0.07764369
  0.00000000
