  0.00000000
  0.00000000
  0.03668174
  0.07777822
  0.11857088
  0.15887986
  0.19863606
  0.23993370
  0.28088332
  0.32197691
  0.36320759
  0.38537822
  0.42212064
  0.45877997
  0.49565524
  0.53419693
  0.57287853
  0.61119221
  0.64906191
  0.68996362
  0.73044944
  0.75065465
  0.85496390
  0.81197854
  0.76899171
  0.72682703
  0.67955740
  0.66848969
  0.62161232
  0.49565007
  0.46078985
  0.42593004
  0.45348152
  0.40660695
  0.35973232
  0.31285767
  0.26598320
  0.21910835
  0.17223353
  0.12092172
  0.07625851
  0.03331172
 -0.00781073
 -0.04766150
 -0.08549706
 -0.12764397
 -0.16773039
 -0.20721364
 -0.24590220
 -0.28363077
 -0.32030421
 -0.35595168
 -0.39548035
 -0.47379284
 -0.51762987
 -0.56174816
 -0.60555554
 -0.64839224
 -0.71027947
 -0.59049912
 -0.64374975
 -0.74554278
 -0.63950310
 -0.56597213
 -0.68615372
 -0.89377225
 -0.95719217
 -1.04034243
 -1.01267919
 -0.96598018
 -0.89887660
 -0.85414377
 -0.81045051
 -0.76650396
 -0.72143113
 -0.67634047
 -0.63125187
 -0.58616206
 -0.54107194
 -0.49598317
 -0.45089378
 -0.40580452
 -0.36071450
 -0.31562546
 -0.27053612
 -0.22544675
 -0.18035723
 -0.13526833
 -0.09017918
 -0.04508985
