  0.00000000
  0.00000000
  0.15298035
  0.30421532
  0.45381296
  0.60173207
  0.74789873
  0.90321111
  1.05991791
  1.21801687
  1.37767644
  1.48747640
  1.59703968
  1.70663986
  1.81627849
  1.92595876
  2.03568503
  2.20473514
  2.37248537
  2.53886613
  2.70378035
  2.86715119
  3.04768998
  3.22874012
  3.40915274
  3.47855876
  3.36218410
  3.24347223
  3.12377795
  3.00352421
  2.86316007
  2.72244955
  2.57770151
  2.43244220
  2.30999816
  2.18770011
  2.06535460
  1.89337705
  1.72084888
  1.54774749
  1.37411856
  1.19992799
  1.02165873
  0.84486112
  0.66965299
  0.49577864
  0.32295250
  0.16638562
  0.01102495
 -0.14325424
 -0.29644296
 -0.44846739
 -0.59918923
 -0.74841827
 -0.90095249
 -1.05328196
 -1.20529572
 -1.35690837
 -1.50804346
 -1.66570750
 -1.82303836
 -1.99162862
 -2.17874840
 -2.36584896
 -2.55292678
 -2.73931362
 -2.92628949
 -3.11320887
 -3.30003941
 -3.48662478
 -3.67098629
 -3.81348088
 -3.95148557
 -4.13629027
 -4.30115181
 -4.11588181
 -3.92951072
 -3.74280363
 -3.55593655
 -3.36897901
 -3.18196208
 -2.99490235
 -2.80781137
 -2.62069578
 -2.43356258
 -2.24641414
 -2.05925174
 -1.87207729
 -1.68489616
 -1.49770731
 -1.31051159
 -1.12330983
 -0.93610180
 -0.74888745
 -0.56167082
 -0.37445064
 -0.18722707
  0.00000000
