  0.00000000
 -0.49626871
 -0.49577172
 -0.49453745
 -0.49052201
 -0.10276018
  0.49301860
  0.49670833
  0.49792543
  0.49853162
  0.01590916
 -0.00073238
 -0.00057694
 -0.00041847
 -0.00028725
 -0.01515545
 -0.49908064
 -0.49876907
 -0.49815600
 -0.49634882
 -0.18586722
  0.49689455
  0.49836753
  0.49887956
  0.49915222
  0.01410503
  0.00034564
  0.00036625
 -0.01171114
 -0.49650529
 -0.49233150
  0.46761728
  0.49467232
  0.01195944
  0.00057162
 -0.01758188
 -0.49887561
 -0.49857976
 -0.49809076
 -0.49708794
 -0.49372222
  0.47418259
  0.49475553
  0.49672599
  0.49744394
  0.49779950
  0.49485162
  0.49514025
  0.49508974
  0.49461877
  0.49335692
  0.48951837
  0.44481197
  0.00268706
  0.00072881
  0.00042104
  0.00015880
 -0.02643598
 -0.49268771
 -0.49628629
 -0.49779444
 -0.49872545
 -0.49903353
 -0.49920779
 -0.00012571
  0.49914116
  0.49901337
  0.49888298
  0.49873072
  0.49758609
  0.41126541
 -0.18341946
 -0.49687164
 -0.49748920
 -0.49675356
 -0.49469761
 -0.48893972
 -0.47348227
 -0.29786254
  0.17853698
  0.05952244
  0.08829920
  0.39713636
  0.03309080
 -0.08995174
 -0.41881203
  0.41076942
  0.04036005
  0.00346350
  0.00465516
 -0.03799497
 -0.39984331
  0.41421441
  0.14031185
  0.08609505
 -0.01902317
 -0.31090872
  0.00000000
