  3.06122449
  3.06122449
  3.06122449
  3.09790500
  3.17568061
  3.29424751
  3.45312725
  3.65173212
  3.89131583
  4.17036349
  4.48793376
  4.84361679
  5.21926332
  5.63072445
  6.07537717
  6.54878845
  7.04355273
  7.55175170
  8.07437044
  8.61741601
  9.17949109
  9.73923477
 10.29401523
 10.92588757
 11.52599190
 12.09432683
 12.63149981
 13.12677990
 13.58854970
 13.97806210
 14.27332636
 14.54782407
 14.80155552
 15.07169983
 15.31392041
 15.52076696
 15.68871923
 15.81742821
 15.91327615
 15.98425745
 16.03289692
 16.06357108
 16.07711112
 16.07390733
 16.05442094
 16.02041953
 15.97301102
 15.91917150
 15.86667538
 15.82534752
 15.80683747
 15.82417085
 15.89105847
 16.02255180
 16.25198224
 16.57338083
 16.97859940
 17.45729766
 17.99760927
 18.60384624
 19.12592249
 19.71994942
 20.44016918
 21.07854314
 21.63698138
 22.26851513
 22.95839076
 23.47678371
 23.80069535
 23.91508608
 23.89956300
 23.83063636
 23.76514096
 23.74545422
 23.77021318
 23.79803755
 23.82562861
 23.84969447
 23.87094490
 23.88901715
 23.90682684
 23.92375887
 23.93970264
 23.95490821
 23.96736516
 23.97751198
 23.98554730
 23.99158393
 23.99575548
 23.99869273
 24.00000000
