param dmin := 0.010000000000;
param Nedge :=
1 4
2 4
3 3
4 4
5 4
;
param ObsA :=
1 1 1 -1.000000000000
1 1 2 0.000000000000
1 2 1 -0.000000000000
1 2 2 1.000000000000
1 3 1 0.999998660673
1 3 2 0.001636659019
1 4 1 -0.021500405152
1 4 2 -0.999768839572
2 1 1 0.879291966537
2 1 2 0.476283148541
2 2 1 -0.388057000058
2 2 2 0.921635375138
2 3 1 -0.835956425987
2 3 2 -0.548795821641
2 4 1 0.990459646229
2 4 2 -0.137803081214
3 1 1 -0.628337107088
3 1 2 0.777941180204
3 2 1 -0.398206019008
3 2 2 -0.917296008072
3 3 1 0.919145030018
3 3 2 0.393919298579
3 4 1 0.000000000000
3 4 2 0.000000000000
4 1 1 -0.918412615811
4 1 2 0.395623896042
4 2 1 -0.462566006695
4 2 2 -0.886584846165
4 3 1 0.943732536021
4 3 2 -0.330709692110
4 4 1 0.589611503310
4 4 2 0.807686990835
5 1 1 -0.852437859071
5 1 2 0.522828553564
5 2 1 -0.568853535189
5 2 2 -0.822438846057
5 3 1 0.982872186934
5 3 2 -0.184288535050
5 4 1 0.435808548271
5 4 2 0.900039393168
;
param Obsb :=
1 1 -16.870415647922
1 2 22.683374083130
1 3 20.281596612274
1 4 -0.711050990680
2 1 34.550235301869
2 2 6.316303692114
2 3 -31.702109457392
2 4 27.258224395971
3 1 0.051075482589
3 2 -10.237646378736
3 3 14.585982744605
3 4 0.000000000000
4 1 4.316830093613
4 2 -14.251485064019
4 3 1.373530140664
4 4 18.301444062072
5 1 1.250792597088
5 2 -24.371720635155
5 3 12.403778578832
5 4 27.660641013978
;
