1 1 1 11.265306122449
1 1 2 23.473469387755
1 2 1 6.881632653061
1 2 2 12.648979591837
1 3 1 12.073469387755
1 3 2 12.526530612245
1 4 1 13.787755102041
1 4 2 23.106122448980
2 1 1 12.146938775510
2 1 2 12.379591836735
2 2 1 19.493877551020
2 2 2 8.755102040816
2 3 1 14.742857142857
2 3 2 6.942857142857
2 4 1 6.955102040816
2 4 2 12.648979591837
3 1 1 17.363265306122
3 1 2 15.391836734694
3 2 1 24.636734693878
3 2 2 9.930612244898
3 3 1 26.497959183673
3 3 2 12.673469387755
3 4 1 20.179591836735
3 4 2 17.742857142857
4 1 1 24.661224489796
4 1 2 9.881632653061
4 2 1 21.404081632653
4 2 2 2.093877551020
4 3 1 26.620408163265
4 3 2 0.012244897959
4 4 1 26.546938775510
4 4 2 12.526530612245
5 1 1 6.783673469388
5 1 2 7.530612244898
5 2 1 2.522448979592
5 2 2 2.069387755102
5 3 1 10.040816326531
5 3 2 0.110204081633
5 4 1 10.040816326531
5 4 2 0.110204081633
