  0.01155245
  0.01155245
  0.00120379
  0.00009975
  0.00000870
  0.00000083
  0.00000003
  0.00000000
  0.00000000
  0.00000000
  0.00000000
  0.00000000
  0.00000000
  0.00000000
  0.00000000
  0.00000000
 -0.00000000
 -0.00000000
 -0.00000000
 -0.00000000
  0.00000000
 -0.00000000
 -0.00000000
 -0.00000000
 -0.00000000
  0.00000000
  0.00000000
  0.00000000
  0.00000000
  0.00000000
  0.00000000
  0.00000000
  0.00000000
  0.00000000
  0.00000000
  0.00000000
  0.00000000
  0.00000000
  0.00000000
  0.00000000
  0.00000004
  0.00000064
  0.00001013
  0.00015864
  0.00232596
  0.02210261
  0.07014258
  0.12953891
  0.19564271
  0.26406909
  0.34803388
  0.41381479
  0.47956621
  0.52296129
  0.54946014
  0.57328546
  0.59389602
  0.61066167
  0.23168203
  0.31187711
  0.33145107
  0.35148888
  0.37501975
  0.37694143
  0.37818236
  0.77698550
  0.87354537
  0.83382293
  1.07349576
  1.06888387
  0.99781037
  1.19079831
  1.42217351
  1.40502871
  0.87599771
  1.15310878
  1.05585783
  0.95386871
  0.91216030
  0.91551321
  0.85784595
  0.76552378
  0.70135571
  0.65409994
  0.60711002
  0.56030290
  0.51356725
  0.46686702
  0.42018704
  0.37351985
  0.32686137
  0.28020913
  0.23356163
  0.18691808
  0.14028105
  0.09370123
  0.04798190
