  0.02310491
  0.02310491
  0.02119491
  0.02284969
  0.03427709
  0.05244811
  0.06773852
  0.06077305
  0.04910854
  0.03284516
  0.02310559
  0.02310901
  0.02310919
  0.02310940
  0.02310964
  0.02310992
  0.02310601
  0.05017876
  0.09558594
  0.14961071
  0.19578473
  0.18447620
  0.14708390
  0.10812397
  0.05841766
  0.02310555
  0.02310872
  0.02310846
  0.02310824
  0.02310593
  0.03628702
  0.05886186
  0.03299224
  0.02310588
  0.02310723
  0.02310716
  0.02310541
  0.03259726
  0.04863806
  0.06016172
  0.06713139
  0.04304048
  0.02678962
  0.02067870
  0.02310464
  0.02235000
  0.02163873
  0.03274742
  0.05415878
  0.08414067
  0.12144914
  0.14512711
  0.16971792
  0.16893469
  0.14788763
  0.12258694
  0.09216379
  0.05558582
  0.02310510
  0.02310597
  0.02371830
  0.03388111
  0.04649114
  0.03574111
  0.02506078
  0.02310531
  0.08095775
  0.13486798
  0.24637841
  0.31441557
  0.34339564
  0.48706820
  0.57463488
  0.47315874
  0.20536395
  0.23477985
  0.13615833
  0.04765031
  0.10125295
  0.25320229
  0.21409734
  0.07127724
  0.02198445
  0.02220124
  0.02241475
  0.02253052
  0.02260078
  0.02264660
  0.02267780
  0.02269946
  0.02271446
  0.02272458
  0.02273091
  0.02273419
  0.02273481
  0.02273330
  0.02274495
