task_id 13

[x]
1 3.061224490000
2 3.061224490000
3 3.061224490000
4 3.105401720000
5 3.192531820000
6 3.321279180000
7 3.489998620000
8 3.711724030000
9 3.979041130000
10 4.290472630000
11 4.645063170000
12 4.934192440000
13 5.247257580000
14 5.584262910000
15 5.945208940000
16 6.330095620000
17 6.738923190000
18 7.334854940000
19 7.976142130000
20 8.654838320000
21 9.355597820000
22 9.981917970000
23 10.533295620000
24 11.010019080000
25 11.412717350000
26 11.729426300000
27 11.883161530000
28 12.031319760000
29 12.173905820000
30 12.310918970000
31 12.497996670000
32 12.675053630000
33 12.830020160000
34 12.950653920000
35 13.023287240000
36 13.091818700000
37 13.156249820000
38 13.258524580000
39 13.349050050000
40 13.420932110000
41 13.471669170000
42 13.502161610000
43 13.515890340000
44 13.521643180000
45 13.523989990000
46 13.524780430000
47 13.524400210000
48 13.522908800000
49 13.521155300000
50 13.521982640000
51 13.531332550000
52 13.560592750000
53 13.625680030000
54 13.741756630000
55 13.924787950000
56 14.181516980000
57 14.510070190000
58 14.905628470000
59 15.361060050000
60 15.549279180000
61 15.802648340000
62 16.064266120000
63 16.335885370000
64 16.621734050000
65 16.923251240000
66 17.238598870000
67 17.909871540000
68 18.621638490000
69 19.281858290000
70 20.127154710000
71 20.962617190000
72 21.716435460000
73 22.540590500000
74 23.397641580000
75 23.991733420000
76 24.176879160000
77 24.282974510000
78 24.234341010000
79 24.106377290000
80 23.962139030000
81 23.850487730000
82 23.809208180000
83 23.821369000000
84 23.846863080000
85 23.869411750000
86 23.889585780000
87 23.907710000000
88 23.923959270000
89 23.938448540000
90 23.951262660000
91 23.962469160000
92 23.972124780000
93 23.980279130000
94 23.986976930000
95 23.992259580000
96 23.996166130000
97 23.998734080000
98 24.000000000000

[y]
1 26.755102040000
2 26.755102040000
3 26.755102040000
4 26.755464150000
5 26.755942540000
6 26.755260830000
7 26.750248720000
8 26.733873910000
9 26.697783370000
10 26.638798670000
11 26.556668250000
12 26.482699880000
13 26.402608150000
14 26.316393100000
15 26.224054870000
16 26.125593710000
17 26.021009870000
18 25.868565080000
19 25.704518550000
20 25.500496180000
21 25.218593660000
22 24.850712110000
23 24.357876680000
24 23.737581520000
25 23.016593620000
26 22.278686150000
27 21.863943720000
28 21.464247450000
29 21.079587620000
30 20.709965620000
31 20.205288570000
32 19.727645650000
33 19.272826660000
34 18.849262870000
35 18.569989760000
36 18.306489130000
37 18.058756290000
38 17.665520150000
39 17.317459760000
40 17.013021720000
41 16.751949790000
42 16.534981960000
43 16.363303980000
44 16.238083940000
45 16.159644920000
46 16.128011160000
47 16.143230960000
48 16.205301460000
49 16.314219410000
50 16.469221650000
51 16.665222490000
52 16.911324490000
53 17.198724410000
54 17.519891220000
55 17.862517210000
56 18.214074080000
57 18.567001300000
58 18.918334850000
59 19.270860870000
60 19.405953520000
61 19.587807090000
62 19.775581500000
63 19.966523630000
64 20.158926500000
65 20.348265070000
66 20.536841250000
67 20.928119590000
68 21.343002130000
69 21.683357680000
70 22.022113230000
71 22.201516900000
72 22.192632790000
73 21.968185040000
74 21.360792380000
75 20.427880380000
76 19.719329070000
77 18.721631560000
78 17.751545530000
79 16.831381350000
80 15.960166010000
81 15.130501330000
82 14.339419320000
83 13.593338210000
84 12.894273850000
85 12.241767570000
86 11.635843510000
87 11.076513590000
88 10.563783760000
89 10.097657790000
90 9.678138280000
91 9.305227260000
92 8.978926350000
93 8.699236930000
94 8.466160210000
95 8.279697250000
96 8.139849030000
97 8.046616380000
98 8.000000000000

[theta]
1 0.008196540000
2 0.008196540000
3 0.008196540000
4 0.005490470000
5 -0.005295190000
6 -0.029698860000
7 -0.073719160000
8 -0.134199290000
9 -0.187181580000
10 -0.227606960000
11 -0.250459570000
12 -0.250458940000
13 -0.250455190000
14 -0.250451300000
15 -0.250447250000
16 -0.250443000000
17 -0.250438520000
18 -0.250437580000
19 -0.292015470000
20 -0.382471320000
21 -0.531080850000
22 -0.729393310000
23 -0.915532980000
24 -1.061422580000
25 -1.165374700000
26 -1.215821590000
27 -1.215821020000
28 -1.215817620000
29 -1.215814430000
30 -1.215811440000
31 -1.215810540000
32 -1.242411420000
33 -1.293336440000
34 -1.316353380000
35 -1.316352480000
36 -1.316350330000
37 -1.316348250000
38 -1.316347800000
39 -1.338928730000
40 -1.378847540000
41 -1.431171770000
42 -1.490998370000
43 -1.524887150000
44 -1.540887130000
45 -1.545816100000
46 -1.545816350000
47 -1.546772670000
48 -1.554698240000
49 -1.576133790000
50 -1.618463300000
51 -1.689135390000
52 -1.793508870000
53 -1.917609800000
54 -2.061429300000
55 -2.201545720000
56 -2.320443460000
57 -2.415337120000
58 -2.482877460000
59 -2.519058860000
60 -2.519058660000
61 -2.519057520000
62 -2.528871510000
63 -2.549153740000
64 -2.580872470000
65 -2.602648850000
66 -2.613848800000
67 -2.613848310000
68 -2.665607430000
69 -2.760436830000
70 -2.930069010000
71 -3.153377630000
72 -3.407481540000
73 -3.758134890000
74 -4.145338640000
75 -4.456812380000
76 -4.606455770000
77 -4.762487430000
78 -4.850569950000
79 -4.876460480000
80 -4.846158390000
81 -4.764519940000
82 -4.696092620000
83 -4.675942310000
84 -4.677851600000
85 -4.679111680000
86 -4.680001280000
87 -4.680711790000
88 -4.681317940000
89 -4.681856720000
90 -4.682349210000
91 -4.682808690000
92 -4.683244130000
93 -4.683661960000
94 -4.684066980000
95 -4.684462970000
96 -4.684853090000
97 -4.685239790000
98 -4.685609670000

[v]
1 0.000000000000
2 0.000000000000
3 0.182856880000
4 0.364058550000
5 0.543558250000
6 0.721205350000
7 0.896737660000
8 1.082684800000
9 1.269539470000
10 1.456791120000
11 1.644175680000
12 1.780309010000
13 1.916440770000
14 2.052572890000
15 2.188705430000
16 2.324838210000
17 2.460971180000
18 2.648430540000
19 2.835877950000
20 3.023300880000
21 3.210671820000
22 3.380336440000
23 3.544390620000
24 3.394572110000
25 3.212137840000
26 3.024657370000
27 2.914988780000
28 2.805320910000
29 2.695651500000
30 2.585981180000
31 2.429884590000
32 2.272658180000
33 2.114093890000
34 1.957857470000
35 1.847319870000
36 1.736784250000
37 1.626248900000
38 1.438863570000
39 1.251405320000
40 1.063932520000
41 0.876453010000
42 0.688965710000
43 0.501483690000
44 0.314012870000
45 0.126583080000
46 -0.060903370000
47 -0.248385950000
48 -0.435860320000
49 -0.623302170000
50 -0.809812870000
51 -0.991542280000
52 -1.179002680000
53 -1.366454540000
54 -1.553889690000
55 -1.741376040000
56 -1.928861900000
57 -2.116347500000
58 -2.303833020000
59 -2.491318630000
60 -2.561060860000
61 -2.652388290000
62 -2.743441840000
63 -2.834203550000
64 -2.925379770000
65 -3.016653480000
66 -3.107997920000
67 -3.295487590000
68 -3.482976280000
69 -3.642915310000
70 -3.830390000000
71 -3.997693910000
72 -4.139112480000
73 -4.293861730000
74 -4.424428980000
75 -4.236969960000
76 -4.107353270000
77 -3.924158200000
78 -3.738527090000
79 -3.552159510000
80 -3.365713120000
81 -3.179172230000
82 -2.992297410000
83 -2.805274930000
84 -2.618257370000
85 -2.431238960000
86 -2.244220110000
87 -2.057201110000
88 -1.870182040000
89 -1.683163000000
90 -1.496144010000
91 -1.309125120000
92 -1.122106340000
93 -0.935087710000
94 -0.748069280000
95 -0.561051110000
96 -0.374033310000
97 -0.187016090000
98 0.000000000000

[a]
1 0.000000000000
2 0.749995820000
3 0.749995590000
4 0.749995280000
5 0.749994860000
6 0.749994290000
7 0.749993980000
8 0.749993350000
9 0.749992660000
10 0.749991950000
11 0.749988220000
12 0.749987450000
13 0.749986560000
14 0.749985540000
15 0.749984350000
16 0.749982940000
17 0.749985870000
18 0.749983150000
19 0.749978500000
20 0.749969060000
21 0.749944580000
22 0.749879800000
23 -0.678766050000
24 -0.749898730000
25 -0.749952340000
26 -0.749934200000
27 -0.749944830000
28 -0.749952510000
29 -0.749958310000
30 -0.749975030000
31 -0.749979220000
32 -0.749982830000
33 -0.749984570000
34 -0.749979490000
35 -0.749980590000
36 -0.749981570000
37 -0.749990010000
38 -0.749991080000
39 -0.749992220000
40 -0.749993320000
41 -0.749994330000
42 -0.749994930000
43 -0.749995310000
44 -0.749995530000
45 -0.749995650000
46 -0.749995680000
47 -0.749995610000
48 -0.749995450000
49 -0.749995120000
50 -0.749994460000
51 -0.749993860000
52 -0.749992830000
53 -0.749991390000
54 -0.749989640000
55 -0.749987760000
56 -0.749985850000
57 -0.749984030000
58 -0.749982460000
59 -0.749951750000
60 -0.749961900000
61 -0.749960150000
62 -0.749957940000
63 -0.749955380000
64 -0.749952720000
65 -0.749950000000
66 -0.749972640000
67 -0.749968670000
68 -0.749964760000
69 -0.749964640000
70 -0.749951380000
71 -0.749927200000
72 -0.749878260000
73 -0.533704450000
74 0.749899360000
75 0.749899680000
76 0.749958590000
77 0.749971680000
78 0.749978620000
79 0.749982820000
80 0.749985660000
81 0.749987730000
82 0.749989270000
83 0.749990460000
84 0.749991420000
85 0.749992200000
86 0.749992850000
87 0.749993400000
88 0.749993870000
89 0.749994280000
90 0.749994640000
91 0.749994950000
92 0.749995230000
93 0.749995480000
94 0.749995710000
95 0.749995920000
96 0.749996100000
97 0.749996270000
98 0.000000000000

[phy]
1 0.000000000000
2 0.000000000000
3 -0.121899180000
4 -0.242694300000
5 -0.362353040000
6 -0.480770820000
7 -0.498270010000
8 -0.374315280000
9 -0.249749770000
10 -0.124917610000
11 0.000004210000
12 0.000023180000
13 0.000022360000
14 0.000021770000
15 0.000021390000
16 0.000021210000
17 0.000003060000
18 -0.124970280000
19 -0.249935500000
20 -0.374883960000
21 -0.499795420000
22 -0.466364030000
23 -0.356984940000
24 -0.246627780000
25 -0.124990790000
26 0.000002590000
27 0.000015960000
28 0.000015520000
29 0.000015200000
30 0.000003320000
31 -0.104062060000
32 -0.208877690000
33 -0.104148320000
34 0.000006200000
35 0.000015780000
36 0.000016280000
37 0.000002220000
38 -0.124921550000
39 -0.249893200000
40 -0.374873210000
41 -0.499853810000
42 -0.374923930000
43 -0.249942630000
44 -0.124966040000
45 -0.000015950000
46 0.124973260000
47 0.249959830000
48 0.374940660000
49 0.499899110000
50 0.624234380000
51 0.699995640000
52 0.699996170000
53 0.699996510000
54 0.624953520000
55 0.499964600000
56 0.374973950000
57 0.249982580000
58 0.124990670000
59 -0.000001740000
60 -0.000007300000
61 0.060875650000
62 0.121573190000
63 0.182067150000
64 0.121722430000
65 0.060888470000
66 -0.000001260000
67 0.124995720000
68 0.249992710000
69 0.356623030000
70 0.481611090000
71 0.593152710000
72 0.687437940000
73 0.635265650000
74 0.512948850000
75 0.387962580000
76 0.301546270000
77 0.179419520000
78 0.055679870000
79 -0.068521510000
80 -0.192622920000
81 -0.171079610000
82 -0.053949990000
83 0.005458260000
84 0.003857540000
85 0.002932610000
86 0.002537330000
87 0.002361380000
88 0.002308820000
89 0.002344950000
90 0.002461220000
91 0.002665680000
92 0.002984140000
93 0.003471220000
94 0.004242270000
95 0.005572690000
96 0.008285530000
97 0.015850570000
98 0.000000000000

[w]
1 0.000000000000
2 -0.499974970000
3 -0.499972160000
4 -0.499964490000
5 -0.499938930000
6 -0.074760020000
7 0.499955500000
8 0.499978430000
9 0.499986000000
10 0.499989770000
11 0.000104430000
12 -0.000004540000
13 -0.000003260000
14 -0.000002090000
15 -0.000000970000
16 -0.000099910000
17 -0.499992320000
18 -0.499989870000
19 -0.499985020000
20 -0.499969380000
21 0.147772020000
22 0.499963900000
23 0.499983040000
24 0.499990670000
25 0.499993800000
26 0.000091450000
27 -0.000003060000
28 -0.000002140000
29 -0.000081260000
30 -0.499988090000
31 -0.499976740000
32 0.495347040000
33 0.499974840000
34 0.000065040000
35 0.000003400000
36 -0.000095480000
37 -0.499994200000
38 -0.499991970000
39 -0.499987390000
40 -0.499972590000
41 0.499749600000
42 0.499969760000
43 0.499981080000
44 0.499984570000
45 0.499990090000
46 0.499989860000
47 0.499988750000
48 0.499985820000
49 0.499975860000
50 0.312666290000
51 0.000002120000
52 0.000001350000
53 -0.300272070000
54 -0.499985190000
55 -0.499992130000
56 -0.499994450000
57 -0.499995610000
58 -0.499996300000
59 -0.000059700000
60 0.499958180000
61 0.499933770000
62 0.499857720000
63 -0.496350370000
64 -0.499843300000
65 -0.499912610000
66 0.499997220000
67 0.499997220000
68 0.499996690000
69 0.499996120000
70 0.499993080000
71 0.499984300000
72 -0.252812310000
73 -0.499983210000
74 -0.499987290000
75 -0.499963370000
76 -0.499958850000
77 -0.499922690000
78 -0.499809880000
79 -0.499199230000
80 0.086603110000
81 0.470074870000
82 0.238215700000
83 -0.006423150000
84 -0.003708490000
85 -0.001584770000
86 -0.000705430000
87 -0.000210760000
88 0.000144820000
89 0.000466080000
90 0.000819570000
91 0.001276600000
92 0.001952560000
93 0.003090920000
94 0.005333250000
95 0.010874930000
96 0.030325510000
97 -0.063539900000
98 0.000000000000

[dt]
1 0.010029790000
2 0.243810530000
3 0.241603640000
4 0.239334430000
5 0.236864430000
6 0.234044850000
7 0.247931510000
8 0.249141770000
9 0.249671320000
10 0.249848760000
11 0.181513960000
12 0.181512050000
13 0.181512750000
14 0.181513550000
15 0.181514170000
16 0.181514760000
17 0.249950520000
18 0.249935490000
19 0.249904410000
20 0.249838240000
21 0.226236220000
22 0.218773970000
23 0.220721810000
24 0.243278530000
25 0.249989850000
26 0.146237610000
27 0.146234580000
28 0.146235130000
29 0.146235230000
30 0.208135710000
31 0.209641010000
32 0.211423890000
33 0.208319490000
34 0.147387490000
35 0.147384640000
36 0.147384090000
37 0.249850440000
38 0.249947310000
39 0.249966330000
40 0.249974900000
41 0.249984960000
42 0.249977710000
43 0.249962660000
44 0.249907890000
45 0.249983380000
46 0.249978200000
47 0.249967300000
48 0.249923980000
49 0.248682560000
50 0.242307660000
51 0.249949250000
52 0.249938210000
53 0.249916390000
54 0.249985260000
55 0.249985240000
56 0.249985510000
57 0.249986020000
58 0.249986660000
59 0.092995640000
60 0.121776090000
61 0.121411190000
62 0.121022410000
63 0.121575520000
64 0.121705940000
65 0.121800680000
66 0.249995350000
67 0.249995360000
68 0.213262060000
69 0.249978050000
70 0.223086320000
71 0.188576390000
72 0.206365780000
73 0.244641790000
74 0.249978910000
75 0.172845190000
76 0.244273530000
77 0.247517470000
78 0.248497170000
79 0.248600890000
80 0.248725930000
81 0.249170510000
82 0.249366880000
83 0.249359920000
84 0.249360740000
85 0.249361050000
86 0.249361060000
87 0.249360940000
88 0.249360760000
89 0.249360550000
90 0.249360320000
91 0.249360050000
92 0.249359760000
93 0.249359410000
94 0.249358990000
95 0.249358430000
96 0.249357590000
97 0.249356030000

[s]
1 0.000000000000
2 0.000000000000
3 0.044178710000
4 0.087131420000
5 0.128749160000
6 0.168793860000
7 0.222329220000
8 0.269742350000
9 0.316968040000
10 0.363977770000
11 0.298441000000
12 0.323147700000
13 0.347858590000
14 0.372569920000
15 0.397281160000
16 0.421992560000
17 0.615121100000
18 0.661936870000
19 0.708698480000
20 0.755336240000
21 0.726370240000
22 0.739529630000
23 0.782324320000
24 0.825826520000
25 0.803001860000
26 0.442318670000
27 0.426272180000
28 0.410236480000
29 0.394199220000
30 0.538235070000
31 0.509403500000
32 0.480494470000
33 0.440407520000
34 0.288563790000
35 0.272266670000
36 0.255974460000
37 0.406318560000
38 0.359639940000
39 0.312809120000
40 0.265956390000
41 0.219100050000
42 0.172226030000
43 0.125352120000
44 0.078474110000
45 0.031643640000
46 -0.015224550000
47 -0.062088420000
48 -0.108932060000
49 -0.155004450000
50 -0.196223720000
51 -0.247835330000
52 -0.294677900000
53 -0.341499480000
54 -0.388449520000
55 -0.435318310000
56 -0.482187540000
57 -0.529057290000
58 -0.575927530000
59 -0.231681830000
60 -0.311876020000
61 -0.322029640000
62 -0.332017940000
63 -0.344569780000
64 -0.356036100000
65 -0.367430410000
66 -0.776985030000
67 -0.823856610000
68 -0.742786700000
69 -0.910648870000
70 -0.854507590000
71 -0.753870620000
72 -0.854171100000
73 -1.050457910000
74 -1.106013920000
75 -0.732340060000
76 -1.003318390000
77 -0.971298600000
78 -0.929013810000
79 -0.883070300000
80 -0.837140290000
81 -0.792155710000
82 -0.746179540000
83 -0.699522790000
84 -0.652890260000
85 -0.606256000000
86 -0.559620820000
87 -0.512985350000
88 -0.466349790000
89 -0.419714240000
90 -0.373078750000
91 -0.326443340000
92 -0.279808020000
93 -0.233172800000
94 -0.186537700000
95 -0.139902750000
96 -0.093268000000
97 -0.046633560000

[splus]
1 0.011552450000
2 0.011552450000
3 0.045315640000
4 0.087220580000
5 0.128756520000
6 0.168794520000
7 0.222329240000
8 0.269742350000
9 0.316968040000
10 0.363977770000
11 0.298441010000
12 0.323147700000
13 0.347858590000
14 0.372569920000
15 0.397281160000
16 0.421992560000
17 0.615121100000
18 0.661936870000
19 0.708698480000
20 0.755336240000
21 0.726370240000
22 0.739529630000
23 0.782324320000
24 0.825826520000
25 0.803001860000
26 0.442318670000
27 0.426272180000
28 0.410236480000
29 0.394199220000
30 0.538235070000
31 0.509403500000
32 0.480494470000
33 0.440407520000
34 0.288563790000
35 0.272266670000
36 0.255974470000
37 0.406318560000
38 0.359639940000
39 0.312809120000
40 0.265956390000
41 0.219100080000
42 0.172226570000
43 0.125361140000
44 0.078623730000
45 0.033969590000
46 0.005621040000
47 0.000396970000
48 0.000024150000
49 0.000001520000
50 0.000000130000
51 0.000000010000
52 0.000000000000
53 0.000000000000
54 0.000000000000
55 0.000000000000
56 0.000000000000
57 0.000000000000
58 0.000000000000
59 0.000000020000
60 0.000000000000
61 0.000000000000
62 0.000000000000
63 0.000000000000
64 0.000000000000
65 0.000000000000
66 0.000000000000
67 0.000000000000
68 -0.000000000000
69 -0.000000000000
70 0.000000000000
71 0.000000000000
72 0.000000000000
73 0.000000000000
74 -0.000000000000
75 0.000000000000
76 0.000000000000
77 0.000000000000
78 0.000000000000
79 -0.000000000000
80 -0.000000000000
81 -0.000000000000
82 -0.000000000000
83 -0.000000000000
84 -0.000000000000
85 0.000000000000
86 0.000000000000
87 0.000000000000
88 0.000000000000
89 0.000000000000
90 0.000000000000
91 0.000000000000
92 0.000000000000
93 0.000000010000
94 0.000000230000
95 0.000003770000
96 0.000061760000
97 0.000985770000

[sminus]
1 0.011552450000
2 0.011552450000
3 0.001136930000
4 0.000089160000
5 0.000007360000
6 0.000000670000
7 0.000000030000
8 0.000000000000
9 0.000000000000
10 0.000000000000
11 0.000000000000
12 0.000000000000
13 0.000000000000
14 0.000000000000
15 0.000000000000
16 0.000000000000
17 -0.000000000000
18 -0.000000000000
19 -0.000000000000
20 -0.000000000000
21 0.000000000000
22 -0.000000000000
23 -0.000000000000
24 -0.000000000000
25 -0.000000000000
26 0.000000000000
27 0.000000000000
28 0.000000000000
29 0.000000000000
30 0.000000000000
31 0.000000000000
32 0.000000000000
33 0.000000000000
34 0.000000000000
35 0.000000000000
36 0.000000000000
37 0.000000000000
38 0.000000000000
39 0.000000000000
40 0.000000000000
41 0.000000030000
42 0.000000540000
43 0.000009020000
44 0.000149610000
45 0.002325950000
46 0.020845590000
47 0.062485390000
48 0.108956220000
49 0.155005970000
50 0.196223850000
51 0.247835330000
52 0.294677900000
53 0.341499480000
54 0.388449520000
55 0.435318310000
56 0.482187540000
57 0.529057290000
58 0.575927530000
59 0.231681840000
60 0.311876020000
61 0.322029640000
62 0.332017940000
63 0.344569780000
64 0.356036100000
65 0.367430410000
66 0.776985030000
67 0.823856610000
68 0.742786700000
69 0.910648870000
70 0.854507590000
71 0.753870620000
72 0.854171100000
73 1.050457910000
74 1.106013920000
75 0.732340060000
76 1.003318390000
77 0.971298600000
78 0.929013810000
79 0.883070300000
80 0.837140290000
81 0.792155710000
82 0.746179540000
83 0.699522790000
84 0.652890260000
85 0.606256000000
86 0.559620820000
87 0.512985350000
88 0.466349790000
89 0.419714240000
90 0.373078750000
91 0.326443340000
92 0.279808020000
93 0.233172810000
94 0.186537930000
95 0.139906520000
96 0.093329750000
97 0.047619340000

[k]
1 0.000000000000
2 0.000000000000
3 -0.061253280000
4 -0.123787090000
5 -0.189545730000
6 -0.260795240000
7 -0.272029130000
8 -0.196417960000
9 -0.127537690000
10 -0.062785720000
11 0.000002110000
12 0.000011590000
13 0.000011180000
14 0.000010880000
15 0.000010690000
16 0.000010600000
17 0.000001530000
18 -0.062812480000
19 -0.127636610000
20 -0.196746270000
21 -0.273018410000
22 -0.251700080000
23 -0.186482260000
24 -0.125876460000
25 -0.062822890000
26 0.000001300000
27 0.000007980000
28 0.000007760000
29 0.000007600000
30 0.000001660000
31 -0.052219660000
32 -0.105984710000
33 -0.052263260000
34 0.000003100000
35 0.000007890000
36 0.000008140000
37 0.000001110000
38 -0.062787720000
39 -0.127614070000
40 -0.196740060000
41 -0.273056310000
42 -0.196769360000
43 -0.127640410000
44 -0.062810320000
45 -0.000007980000
46 0.062813990000
47 0.127649560000
48 0.196779020000
49 0.273085730000
50 0.360160430000
51 0.421140470000
52 0.421140920000
53 0.421141210000
54 0.360706880000
55 0.273128260000
56 0.196798240000
57 0.127661680000
58 0.062822830000
59 -0.000000870000
60 -0.000003650000
61 0.030475480000
62 0.061087850000
63 0.092052960000
64 0.061163590000
65 0.030481920000
66 -0.000000630000
67 0.062825400000
68 0.127667080000
69 0.186276160000
70 0.261330160000
71 0.337065700000
72 0.410518950000
73 0.368605200000
74 0.281618220000
75 0.204337550000
76 0.155515650000
77 0.090684930000
78 0.027868730000
79 -0.034314460000
80 -0.097520520000
81 -0.086375490000
82 -0.026999340000
83 0.002729150000
84 0.001928770000
85 0.001466300000
86 0.001268670000
87 0.001180690000
88 0.001154410000
89 0.001172480000
90 0.001230610000
91 0.001332840000
92 0.001492070000
93 0.001735610000
94 0.002121130000
95 0.002786340000
96 0.004142740000
97 0.007925060000

[up]
1 0.011552450000
2 0.011552450000
3 0.047980330000
4 0.097585410000
5 0.152185380000
6 0.211054180000
7 0.280390180000
8 0.320605350000
9 0.355776410000
10 0.385916280000
11 0.298441610000
12 0.323151300000
13 0.347862320000
14 0.372573820000
15 0.397285240000
16 0.421996860000
17 0.615122000000
18 0.701851640000
19 0.795536100000
20 0.898001390000
21 0.916750210000
22 0.918223710000
23 0.922378340000
24 0.925620550000
25 0.851430880000
26 0.442319220000
27 0.426275440000
28 0.410239540000
29 0.394202090000
30 0.538235930000
31 0.534940340000
32 0.529382500000
33 0.462503780000
34 0.288564650000
35 0.272268730000
36 0.255976470000
37 0.406319000000
38 0.381317630000
39 0.351131180000
40 0.316187650000
41 0.276533630000
42 0.204759900000
43 0.140722220000
44 0.083364560000
45 0.033969850000
46 0.005959990000
47 0.000445620000
48 0.000028720000
49 0.000001920000
50 0.000000170000
51 0.000000010000
52 0.000000000000
53 0.000000000000
54 0.000000000000
55 0.000000000000
56 0.000000000000
57 0.000000000000
58 0.000000000000
59 0.000000020000
60 0.000000000000
61 0.000000000000
62 0.000000000000
63 0.000000000000
64 0.000000000000
65 0.000000000000
66 0.000000000000
67 0.000000000000
68 -0.000000000000
69 -0.000000000000
70 0.000000000000
71 0.000000000000
72 0.000000000000
73 0.000000000000
74 -0.000000000000
75 0.000000000000
76 0.000000000000
77 0.000000000000
78 0.000000000000
79 -0.000000000000
80 -0.000000000000
81 -0.000000000000
82 -0.000000000000
83 -0.000000000000
84 -0.000000000000
85 0.000000000000
86 0.000000000000
87 0.000000000000
88 0.000000000000
89 0.000000000000
90 0.000000000000
91 0.000000000000
92 0.000000000000
93 0.000000010000
94 0.000000230000
95 0.000003780000
96 0.000062000000
97 0.000993260000

[down]
1 0.011552450000
2 0.011552450000
3 0.001203790000
4 0.000099750000
5 0.000008700000
6 0.000000830000
7 0.000000030000
8 0.000000000000
9 0.000000000000
10 0.000000000000
11 0.000000000000
12 0.000000000000
13 0.000000000000
14 0.000000000000
15 0.000000000000
16 0.000000000000
17 -0.000000000000
18 -0.000000000000
19 -0.000000000000
20 -0.000000000000
21 0.000000000000
22 -0.000000000000
23 -0.000000000000
24 -0.000000000000
25 -0.000000000000
26 0.000000000000
27 0.000000000000
28 0.000000000000
29 0.000000000000
30 0.000000000000
31 0.000000000000
32 0.000000000000
33 0.000000000000
34 0.000000000000
35 0.000000000000
36 0.000000000000
37 0.000000000000
38 0.000000000000
39 0.000000000000
40 0.000000000000
41 0.000000040000
42 0.000000640000
43 0.000010130000
44 0.000158640000
45 0.002325960000
46 0.022102610000
47 0.070142580000
48 0.129538910000
49 0.195642710000
50 0.264069090000
51 0.348033880000
52 0.413814790000
53 0.479566210000
54 0.522961290000
55 0.549460140000
56 0.573285460000
57 0.593896020000
58 0.610661670000
59 0.231682030000
60 0.311877110000
61 0.331451070000
62 0.351488880000
63 0.375019750000
64 0.376941430000
65 0.378182360000
66 0.776985500000
67 0.873545370000
68 0.833822930000
69 1.073495760000
70 1.068883870000
71 0.997810370000
72 1.190798310000
73 1.422173510000
74 1.405028710000
75 0.875997710000
76 1.153108780000
77 1.055857830000
78 0.953868710000
79 0.912160300000
80 0.915513210000
81 0.857845950000
82 0.765523780000
83 0.701355710000
84 0.654099940000
85 0.607110020000
86 0.560302900000
87 0.513567250000
88 0.466867020000
89 0.420187040000
90 0.373519850000
91 0.326861370000
92 0.280209130000
93 0.233561630000
94 0.186918080000
95 0.140281050000
96 0.093701230000
97 0.047981900000

[left]
1 0.023104910000
2 0.023104910000
3 0.021194910000
4 0.022849690000
5 0.034277090000
6 0.052448110000
7 0.067738520000
8 0.060773050000
9 0.049108540000
10 0.032845160000
11 0.023105590000
12 0.023109010000
13 0.023109190000
14 0.023109400000
15 0.023109640000
16 0.023109920000
17 0.023106010000
18 0.050178760000
19 0.095585940000
20 0.149610710000
21 0.195784730000
22 0.184476200000
23 0.147083900000
24 0.108123970000
25 0.058417660000
26 0.023105550000
27 0.023108720000
28 0.023108460000
29 0.023108240000
30 0.023105930000
31 0.036287020000
32 0.058861860000
33 0.032992240000
34 0.023105880000
35 0.023107230000
36 0.023107160000
37 0.023105410000
38 0.032597260000
39 0.048638060000
40 0.060161720000
41 0.067131390000
42 0.043040480000
43 0.026789620000
44 0.020678700000
45 0.023104640000
46 0.022350000000
47 0.021638730000
48 0.032747420000
49 0.054158780000
50 0.084140670000
51 0.121449140000
52 0.145127110000
53 0.169717920000
54 0.168934690000
55 0.147887630000
56 0.122586940000
57 0.092163790000
58 0.055585820000
59 0.023105100000
60 0.023105970000
61 0.023718300000
62 0.033881110000
63 0.046491140000
64 0.035741110000
65 0.025060780000
66 0.023105310000
67 0.080957750000
68 0.134867980000
69 0.246378410000
70 0.314415570000
71 0.343395640000
72 0.487068200000
73 0.574634880000
74 0.473158740000
75 0.205363950000
76 0.234779850000
77 0.136158330000
78 0.047650310000
79 0.101252950000
80 0.253202290000
81 0.214097340000
82 0.071277240000
83 0.021984450000
84 0.022201240000
85 0.022414750000
86 0.022530520000
87 0.022600780000
88 0.022646600000
89 0.022677800000
90 0.022699460000
91 0.022714460000
92 0.022724580000
93 0.022730910000
94 0.022734190000
95 0.022734810000
96 0.022733300000
97 0.022744950000

[right]
1 0.023104910000
2 0.023104910000
3 0.026753860000
4 0.045226210000
5 0.085412060000
6 0.145568480000
7 0.197296880000
8 0.175525870000
9 0.137619270000
10 0.083417740000
11 0.023104220000
12 0.023100800000
13 0.023100620000
14 0.023100410000
15 0.023100170000
16 0.023099880000
17 0.023103810000
18 0.148384420000
19 0.311354720000
20 0.507561700000
21 0.670581480000
22 0.631353760000
23 0.500452180000
24 0.362173920000
25 0.181129780000
26 0.023104260000
27 0.023101090000
28 0.023101350000
29 0.023101570000
30 0.023103880000
31 0.097088680000
32 0.174525110000
33 0.084807970000
34 0.023103930000
35 0.023102580000
36 0.023102650000
37 0.023104400000
38 0.082519630000
39 0.135956620000
40 0.173390190000
41 0.195193210000
42 0.114786870000
43 0.060288530000
44 0.030883580000
45 0.023105170000
46 0.024277640000
47 0.037486340000
48 0.075115000000
49 0.136849330000
50 0.220741910000
51 0.320497980000
52 0.378891190000
53 0.437258190000
54 0.426297060000
55 0.363489750000
56 0.292437700000
57 0.211471870000
58 0.118651310000
59 0.023104710000
60 0.023103840000
61 0.042070320000
62 0.071707300000
63 0.105447210000
64 0.076092380000
65 0.045750280000
66 0.023104510000
67 0.164759470000
68 0.292247500000
69 0.513663680000
70 0.672545980000
71 0.763700040000
72 1.049486360000
73 1.157675560000
74 0.933514740000
75 0.454496860000
76 0.473406170000
77 0.272276730000
78 0.088207600000
79 0.053088850000
80 0.121566040000
81 0.102225730000
82 0.037871380000
83 0.025194360000
84 0.024348870000
85 0.023951670000
86 0.023774610000
87 0.023676270000
88 0.023615140000
89 0.023574620000
90 0.023546880000
91 0.023527720000
92 0.023514680000
93 0.023506250000
94 0.023501480000
95 0.023499850000
96 0.023500610000
97 0.023487170000
