  0.00000000
  0.00000000
  0.00016212
  0.00500586
  0.03740311
  0.05848549
  0.07357278
  0.14434424
  0.19093832
  0.23754893
  0.01206888
  0.01208661
  0.01214558
  0.01222590
  0.01232869
  0.01247706
  0.29623492
  0.34243157
  0.38831351
  0.43355784
  0.47769450
  0.52801609
  0.57488920
  0.62172227
  0.66849886
  0.71522260
  0.76151863
  0.80809766
  0.85469573
  0.90202229
  0.87467919
  0.82840994
  0.78788540
  0.70176326
  0.59117894
  0.63033572
  0.84865980
  0.88732926
  1.21241918
  1.24682083
  1.24690360
  0.87659180
  0.84200560
  0.82436488
  0.48147252
  0.43087817
  0.49430286
  0.67671419
  0.81116282
  0.84434819
  0.88146149
  0.90945939
  0.86678638
  0.82528860
  0.78535333
  0.50508608
  0.50283218
  0.57490414
  0.73283667
  0.78389090
  0.51421594
  0.70186267
  0.41849543
  0.62855955
  0.58218593
  0.53534355
  0.48847285
  0.44179178
  0.39491201
  0.34802907
  0.30115162
  0.25429653
  0.20749086
  0.16118309
  0.11433016
  0.06750383
  0.02074333
 -0.02218616
 -0.04937540
 -0.10110781
 -0.14791490
 -0.19470078
 -0.24143989
 -0.23101416
 -0.18418026
 -0.13733966
 -0.09049880
 -0.04069767
