  0.01155245
  0.01155245
  0.04782282
  0.09375422
  0.14053405
  0.18734848
  0.23423615
  0.28108976
  0.32794319
  0.37479676
  0.09824175
  0.10053916
  0.10308649
  0.10563743
  0.10819197
  0.11075017
  0.11331210
  0.11587731
  0.50874080
  0.55557860
  0.60240795
  0.64922008
  0.69617964
  0.74302819
  0.78987296
  0.16277602
  0.16400693
  0.16582723
  0.16765390
  0.16948743
  0.88153665
  0.87493578
  0.82723097
  0.78536182
  0.74750614
  0.74803491
  0.78178269
  0.81624613
  0.85186987
  0.88918974
  1.04973772
  1.05157735
  0.92793567
  0.90379889
  0.86603796
  0.83109641
  0.79833583
  0.76703561
  0.70645523
  0.68481245
  0.77588019
  0.80847422
  0.84388576
  0.88271656
  0.67616405
  0.65542274
  0.63490179
  0.61439475
  0.71840349
  0.68965171
  0.66063234
  0.61622703
  0.51326417
  0.54416310
  0.52028336
  0.43735542
  0.54015812
  0.50070205
  0.46008877
  0.47905740
  0.42394134
  0.37251062
  0.32537121
  0.28183174
  0.24105001
  0.20227898
  0.17135513
  0.12810657
  0.08970167
  0.05466888
  0.02469917
  0.00669903
  0.00083073
  0.00007641
  0.00000766
  0.00000086
  0.00000011
  0.00000000
  0.00000003
  0.00000053
  0.00000900
  0.00015023
  0.00346005
