  0.01155245
  0.01155245
  0.01165912
  0.01424913
  0.04119531
  0.06497586
  0.08451098
  0.17119347
  0.21406547
  0.25171328
  0.01865997
  0.01870692
  0.01877052
  0.01883350
  0.01889383
  0.01897011
  0.29626504
  0.36294291
  0.43558025
  0.51482427
  0.60165986
  0.70667228
  0.72232819
  0.73643966
  0.74813622
  0.75652797
  0.76278973
  0.82303584
  0.86007301
  0.90259786
  0.92641444
  0.92434674
  0.92155464
  0.82958655
  0.68416070
  0.70860018
  0.92488602
  0.92719632
  1.21241920
  1.24682084
  1.24690362
  0.92515018
  0.92374057
  0.90239458
  0.54456464
  0.48697194
  0.54963849
  0.73762924
  0.91218438
  0.91891129
  0.92215085
  0.92425260
  0.92318208
  0.92131698
  0.91885808
  0.61926990
  0.60126098
  0.66573291
  0.81704809
  0.83100074
  0.51424016
  0.73119516
  0.46153767
  0.71871937
  0.70536651
  0.68939051
  0.67228162
  0.62038710
  0.55455758
  0.48872203
  0.42289338
  0.35709565
  0.29136711
  0.22630930
  0.14990963
  0.08351551
  0.02900587
  0.00428993
  0.00087765
  0.00003861
  0.00000247
  0.00000016
  0.00000001
  0.00000002
  0.00000031
  0.00000493
  0.00007729
  0.00139038
