  0.00000000
  0.00000000
  0.00122752
  0.00062162
  0.00041991
  0.00032074
  0.00026270
  0.00022534
  0.00019998
  0.00004113
 -0.04089299
 -0.08232496
 -0.12480179
 -0.08251453
 -0.04098435
  0.00004723
  0.00015399
  0.00015975
  0.00016946
  0.00018479
  0.00020899
  0.00009471
 -0.04003305
 -0.08059826
 -0.12194835
 -0.11185912
 -0.07119152
 -0.03132843
  0.00365381
  0.00354661
  0.00258760
  0.00211782
  0.00179801
  0.00155885
  0.00136938
  0.00192775
  0.04061783
  0.08102397
  0.12195232
  0.16634687
  0.21344867
  0.26325769
  0.26036830
  0.21481301
  0.17096748
  0.12776232
  0.08466510
  0.04416182
 -0.00000069
  0.04062812
  0.08131543
  0.11525096
  0.15054503
  0.18716474
  0.22552038
  0.26611745
  0.30960618
  0.33356970
  0.28582202
  0.24019464
  0.19675690
  0.15518611
  0.11508586
  0.07608828
  0.03783303
 -0.00004850
 -0.03656129
 -0.04847367
 -0.01295407
 -0.00134519
 -0.00082710
 -0.00059345
 -0.00195205
 -0.03868378
 -0.07599315
 -0.11420817
 -0.15381334
 -0.19540371
 -0.23981287
 -0.19947736
 -0.17461422
 -0.17398156
 -0.19908217
 -0.23661958
 -0.28010750
 -0.32892559
 -0.38006858
 -0.33025002
 -0.28579459
 -0.24978946
 -0.21829097
 -0.21029015
 -0.19396964
 -0.15250729
 -0.11246878
 -0.07351736
 -0.03528933
  0.00258133
  0.04042960
  0.03830108
 -0.00006200
 -0.00009580
 -0.00001036
  0.04223663
  0.08510903
  0.12926068
  0.17544608
  0.19132769
  0.14087389
  0.09292108
  0.04668686
  0.00140078
 -0.04374351
 -0.08945309
 -0.13654673
 -0.18813877
 -0.25668615
 -0.33322368
 -0.42113392
 -0.42114072
 -0.42114073
 -0.42114061
 -0.42114038
 -0.42114003
 -0.42113957
 -0.42113820
 -0.33612811
 -0.26548092
 -0.20387070
 -0.14824350
 -0.09661572
 -0.04756765
  0.00000645
  0.03886403
  0.07962749
  0.12107744
  0.16382529
  0.20843648
  0.25559244
  0.30608958
  0.36088391
  0.42112986
  0.42113519
  0.42113624
  0.42113709
  0.42113779
  0.42113846
  0.42113801
  0.42113747
  0.42113681
  0.42113306
  0.35405269
  0.29616987
  0.24473321
  0.19796111
  0.15461719
  0.11379177
  0.07478058
  0.03701205
