  0.00000000
  0.00000000
  0.12009524
  0.23991242
  0.26056020
  0.14127705
  0.02099944
  0.00510360
  0.00391836
  0.00331561
  0.00312668
  0.00345072
  0.00547053
 -0.00708885
 -0.00353132
 -0.00311990
 -0.00475501
  0.00403175
  0.00215606
  0.00184507
  0.00222004
  0.00710695
  0.03881366
  0.00000034
  0.00000013
  0.00000008
  0.00000006
  0.05559014
  0.15185209
  0.24106755
  0.32425796
  0.40377371
  0.42881122
  0.40756276
  0.46684028
  0.53947856
  0.61054728
  0.62321227
  0.55551118
  0.48508025
  0.41186090
  0.33577282
  0.25670874
  0.17452462
  0.08903580
 -0.00000003
 -0.00000014
  0.08710630
  0.17419041
  0.25969052
  0.21062565
  0.12660100
  0.03914299
 -0.04988772
 -0.13893195
 -0.22587977
 -0.30929301
 -0.38939703
 -0.36949046
 -0.29174632
 -0.22971855
 -0.20167192
 -0.21352498
 -0.27846608
 -0.33694771
 -0.40964666
 -0.33347869
 -0.25442433
 -0.17456688
 -0.17859329
 -0.25954364
 -0.34071921
 -0.41958698
 -0.41133812
 -0.33523054
 -0.25614463
 -0.17393860
 -0.08842682
 -0.00000005
 -0.12023980
 -0.20796520
 -0.29209927
 -0.37343912
 -0.45353254
 -0.53040377
 -0.45285338
 -0.38138762
 -0.30643228
 -0.21248765
 -0.11081409
 -0.00000023
  0.12499968
  0.24581756
  0.36586466
  0.48528687
  0.58937136
  0.69999997
  0.69999998
  0.69999998
  0.69999998
  0.69999998
  0.69999997
  0.69999997
  0.69999996
  0.69999995
  0.69999994
  0.62499984
  0.49999997
  0.37500005
  0.25000013
  0.12500021
  0.00000028
 -0.12499966
 -0.24999959
 -0.37499952
 -0.49999944
 -0.62499932
 -0.69999995
 -0.62499978
 -0.49999985
 -0.37499989
 -0.24999992
 -0.12499995
  0.00000002
 -0.08778534
  0.00000203
  0.00000000
