  0.00000000
  0.00000000
  0.04050885
  0.08098574
  0.12146082
  0.16194110
  0.20242714
  0.24291506
  0.28340080
  0.32390294
  0.36473375
  0.40492756
  0.44534104
  0.48586196
  0.52638574
  0.56687033
  0.60730428
  0.64807565
  0.68797648
  0.72833608
  0.76871253
  0.80883014
  0.84836749
  0.88570013
  0.91076858
  0.91816515
  0.92049727
  0.92097372
  0.89969715
  0.86183419
  0.82678773
  0.79453857
  0.76437964
  0.74282435
  0.76871367
  0.77001165
  0.74354433
  0.71626710
  0.68959471
  0.69390400
  0.72026726
  0.74667532
  0.76527240
  0.78037588
  0.77836945
  0.80796849
  0.83934897
  0.87262909
  0.90774339
  0.92475717
  0.92554444
  0.92567768
  0.92458064
  0.92109852
  0.88593174
  0.85088156
  0.81783465
  0.78676523
  0.76330160
  0.79255972
  0.82241278
  0.79689103
  0.82003248
  0.75781294
  0.69522831
  0.76155275
  0.73572055
  0.76377747
  0.79313284
  0.82388225
  0.85625219
  0.89026487
  0.92125745
  0.92199861
  0.91302143
  0.87829667
  0.84410063
  0.81172752
  0.78134226
  0.79836103
  0.76791845
  0.73788460
  0.70659859
  0.59812790
  0.59276211
  0.67278163
  0.80537325
  0.84266563
  0.88123294
  0.87204202
  0.83086844
  0.78996538
  0.74752721
  0.62856663
  0.67070430
  0.64304960
  0.62820857
  0.57820392
  0.52455870
  0.47270040
  0.42445214
  0.37950106
  0.33704576
  0.29630234
  0.26529104
  0.21731220
  0.17448704
  0.13471593
  0.09692948
  0.06059330
  0.02544319
  0.00000000
  0.00000000
  0.00000000
  0.00000000
  0.00000000
  0.00000000
  0.00000000
  0.00000000
  0.00000000
  0.00000000
  0.00000000
  0.00000000
  0.00000000
  0.00000000
  0.00000000
