  0.00000000
  0.00000000
  0.04607953
  0.09733857
  0.14738071
  0.18611284
  0.21997354
  0.26197511
  0.30546460
  0.34900194
  0.39259193
  0.43628126
  0.48037409
  0.52445051
  0.56718830
  0.61069799
  0.65483222
  0.69824570
  0.74121976
  0.78470395
  0.82844734
  0.87409196
  0.92888042
  0.95806394
  1.00161950
  1.04517327
  1.08872678
  0.92880340
  0.92764524
  0.92578884
  0.92346270
  0.92073530
  0.91977548
  0.92059271
  0.90211372
  0.91494024
  0.91129278
  0.91059474
  0.91415622
  0.91744042
  0.92042776
  0.92308512
  0.92539374
  0.92724001
  0.92851053
  0.77877117
  0.87106648
  0.90734853
  0.92723331
  0.92531247
  0.92649517
  0.92802435
  0.90705191
  0.91179028
  0.92784495
  0.92614987
  0.92391950
  0.92126309
  0.92196978
  0.70971602
  0.79858701
  0.74950832
  0.71711348
  0.66508089
  0.84926131
  0.92050231
  0.92203212
  0.89831375
  0.87097733
  0.87969357
  0.91524866
  0.92292957
  0.92013152
  0.92044815
  0.92311235
  0.92540398
  0.92724157
  0.92189886
  1.20239734
  0.92812972
  0.92655819
  0.92442525
  0.92183318
  0.91878046
  0.91537438
  0.79148512
  0.78333207
  0.92400681
  0.92645857
  0.92825518
  0.95244356
  0.92806305
  0.92567099
  0.92209621
  0.80393791
  0.91242678
  0.90602437
  0.90317693
  0.83735047
  0.77152401
  0.70569756
  0.63987110
  0.57404465
  0.50821820
  0.44239175
  0.37656531
  0.29790791
  0.22013457
  0.15162206
  0.09053708
  0.03581431
  0.00000000
  0.00000000
  0.00000000
  0.00000000
  0.00000000
  0.00000000
  0.00000000
  0.00000000
  0.00000000
  0.00000000
  0.00000000
  0.00000000
  0.00000000
  0.00000000
  0.00000000
