  0.00000000
  0.00000000
  0.17677723
  0.35353214
  0.53027893
  0.70702815
  0.88378462
  1.06054944
  1.23732164
  1.41409809
  1.59087503
  1.76764846
  1.94441514
  2.12123873
  2.29798363
  2.47472455
  2.65147432
  2.82821826
  3.00498046
  3.18164626
  3.35831586
  3.53496967
  3.71154891
  3.88791865
  4.06311765
  4.23307243
  4.39670739
  4.55439526
  4.70664065
  4.85361946
  4.98995103
  4.99945876
  4.99940381
  4.99935375
  4.99923635
  4.99923924
  4.99919483
  4.99909063
  4.99907833
  4.99899812
  4.99880070
  4.99859053
  4.99789795
  4.99622588
  4.92576457
  4.83350937
  4.96317581
  4.97906863
  4.99350219
  4.99855741
  4.99830005
  4.99837916
  4.99861952
  4.99845673
  4.99835108
  4.99845738
  4.99433419
  4.99444739
  4.99466118
  4.99480830
  4.99490097
  4.99495885
  4.99499787
  4.99502882
  4.99505981
  4.99509867
  4.99515497
  4.99524275
  4.99539157
  4.99531631
  4.99521842
  4.99514859
  4.99510471
  4.99507727
  4.99506190
  4.99505518
  4.99505003
  4.99504809
  4.99505252
  4.99506536
  4.99508970
  4.99512525
  4.99535888
  4.99696611
  4.99835821
  4.99892607
  4.99773362
  4.99646984
  4.99587104
  4.99614859
  4.99701594
  4.99796597
  4.99862598
  4.99861345
  4.99863384
  4.99865943
  4.99866814
  4.99837413
  4.99836061
  4.99864820
  4.99866035
  4.99863470
  4.99863805
  4.99863732
  4.99863948
  4.99863978
  4.99863895
  4.99863830
  4.99863801
  4.99864012
  4.99866727
  4.99900389
  4.99945702
  4.93298446
  4.85437393
  4.77535042
  4.69611742
  4.61638556
  4.54141634
  4.46656013
  4.38694106
  4.30690212
  4.22665951
  4.15188676
  4.07730382
  4.00279305
  3.92832456
  3.85387394
  3.77694156
  3.70012178
  3.62344228
  3.55171765
  3.48217867
  3.40227998
  3.32219534
  3.24215508
  3.16217948
  3.08228218
  3.00248418
  2.92282370
  2.84334840
  2.76411359
  2.68180430
  2.59982699
  2.51827537
  2.43719783
  2.35659246
  2.27645900
  2.19676616
  2.11746719
  2.03852548
  1.95989342
  1.88152437
  1.80338029
  1.72543687
  1.64766570
  1.57002779
  1.49248656
  1.41501169
  1.33757553
  1.26015349
  1.18272588
  1.10527266
  1.02777614
  0.95024464
  0.87267618
  0.79507223
  0.71733918
  0.63909655
  0.56114121
  0.48344140
  0.40596514
  0.32869198
  0.25161879
  0.17475771
  0.09812335
  0.02171572
 -0.05448359
 -0.13051052
 -0.20640537
 -0.28222629
 -0.38004389
 -0.47764125
 -0.57503350
 -0.67218827
 -0.76904444
 -0.86553475
 -0.96159996
 -1.05718925
 -1.15226317
 -1.24675399
 -1.34058332
 -1.44026735
 -1.54001928
 -1.44694663
 -1.34572686
 -1.24451958
 -1.14344127
 -1.04250599
 -0.93323202
 -0.82569580
 -0.71955488
 -0.61455684
 -0.51051245
 -0.40727030
 -0.30470141
 -0.20269242
 -0.10114921
  0.00000000
