  0.00000000
  0.00000000
  0.00001341
  0.00000752
  0.00000235
 -0.06282323
 -0.12766143
 -0.13818929
 -0.07284742
 -0.00986540
 -0.00004956
 -0.00005227
 -0.00006013
 -0.00007802
 -0.00012533
  0.01852590
  0.03515530
  0.02798593
  0.02397238
  0.02946438
  0.04431878
  0.00355914
  0.00000018
  0.00000009
 -0.00000002
 -0.00000001
  0.00000004
  0.02685432
  0.09029124
  0.14246774
  0.19696755
  0.25507942
  0.31833473
  0.26647071
  0.20430575
  0.14257845
  0.08414340
  0.02736452
 -0.00000029
 -0.03482975
 -0.08142081
 -0.04032699
 -0.02979576
 -0.01772234
  0.04490522
  0.10896244
  0.17662663
  0.25057682
  0.33446658
  0.42114418
  0.40582167
  0.42114417
  0.36074220
  0.27315125
  0.19681330
  0.12767098
  0.06282759
  0.00000003
 -0.06282754
 -0.12767093
 -0.19681325
 -0.27315120
 -0.36074216
 -0.42114419
 -0.42114419
 -0.42114419
 -0.42114419
 -0.42114419
 -0.42114419
 -0.42114419
 -0.36074199
 -0.27315106
 -0.19681313
 -0.12767082
 -0.06282744
  0.00000010
 -0.06282745
 -0.12767082
 -0.19681313
 -0.27315106
 -0.36074200
 -0.42114419
 -0.42114419
 -0.42114419
 -0.42114419
 -0.42114419
 -0.42114419
 -0.40021242
 -0.30655257
 -0.22629154
 -0.15466810
 -0.08840428
 -0.02502083
  0.03757050
  0.10135504
  0.16847391
  0.24152756
  0.32402278
  0.42114419
  0.42114419
  0.36074222
  0.27315124
  0.19681329
  0.12767096
  0.06282757
