  0.01155245
  0.01155245
  0.04784701
  0.09381000
  0.14062861
  0.18750022
  0.23437502
  0.28125001
  0.32812501
  0.37500001
  0.42187501
  0.46875001
  0.51562501
  0.56250001
  0.60937501
  0.65625001
  0.70312501
  0.75000000
  0.79687500
  0.84375000
  0.89062500
  0.93749999
  0.98437499
  1.03124999
  1.07812498
  1.12499997
  1.17187493
  1.12500016
  0.85320606
  0.81356556
  0.77518969
  0.73743636
  0.69974174
  0.73039599
  0.77024741
  0.81348455
  0.85807220
  0.99926013
  0.96004817
  0.91317317
  0.86024066
  0.81975099
  0.77287600
  0.72600101
  0.67912601
  0.63225101
  0.58537601
  0.53850102
  0.49162602
  0.44475102
  0.39787600
  0.35100101
  0.30412601
  0.25725102
  0.21037607
  0.16350193
  0.11664125
  0.07000280
  0.02664111
  0.00354404
  0.00023549
  0.00001424
  0.00000086
  0.00000005
  0.00000000
  0.00000000
  0.00000000
  0.00000001
  0.00000017
  0.00000280
  0.00004664
  0.00076014
  0.00958244
  0.04391127
  0.08962268
  0.13642514
  0.08962268
  0.04391126
  0.00958244
  0.00076014
  0.00004664
  0.00000280
  0.00000017
  0.00000001
  0.00000000
  0.00000000
  0.00000000
  0.00000001
  0.00000017
  0.00000280
  0.00004664
  0.00076014
  0.00958246
  0.04391132
  0.08962273
  0.13642520
  0.18329583
  0.23017056
  0.27704554
  0.24209781
  0.19522295
  0.14835009
  0.10151059
  0.05521595
  0.01585724
