 -1.59856696
 -1.59856696
 -1.59856696
 -1.59856633
 -1.59856563
 -1.59856530
 -1.61034466
 -1.64026531
 -1.67913105
 -1.70303411
 -1.70673363
 -1.70675454
 -1.70677904
 -1.70681004
 -1.70685393
 -1.70693030
 -1.69477268
 -1.67005411
 -1.64906466
 -1.62996167
 -1.60510110
 -1.56562969
 -1.56229299
 -1.56229282
 -1.56229273
 -1.56229275
 -1.56229276
 -1.56229271
 -1.53208159
 -1.45504455
 -1.33913770
 -1.18645049
 -0.99834565
 -0.77559356
 -0.58096442
 -0.42359844
 -0.30761308
 -0.23541196
 -0.20806768
 -0.20806796
 -0.23987355
 -0.30991504
 -0.34297313
 -0.36600156
 -0.37886800
 -0.34837170
 -0.27948009
 -0.17608709
 -0.04115122
  0.12328125
  0.31058555
  0.47205226
  0.61987429
  0.72958538
  0.79985381
  0.84125861
  0.86213295
  0.86946028
  0.86946028
  0.86802304
  0.87108701
  0.88503596
  0.91719923
  0.97658604
  1.06565761
  1.17447031
  1.30302414
  1.42324164
  1.52371801
  1.60445325
  1.66544736
  1.70078366
  1.71473609
  1.71556360
  1.71011583
  1.70448992
  1.70448995
  1.69886404
  1.69341628
  1.69424379
  1.70819622
  1.74353253
  1.80452664
  1.88526188
  1.98573825
  2.10595575
  2.24591436
  2.36613183
  2.46161428
  2.52038177
  2.55315545
  2.56830588
  2.57282152
  2.57292672
  2.57452988
  2.58360577
  2.60658908
  2.65086001
  2.72544051
  2.84211663
  2.94407473
  3.01449985
  3.05502127
  3.07499255
  3.08196374
  3.11937409
