 27.66122449
 27.66122449
 27.66122449
 27.61436756
 27.52065371
 27.38008292
 27.19265520
 26.95846347
 26.67789183
 26.35169045
 25.97996445
 25.56198135
 25.09755701
 24.58669195
 24.02938697
 23.42564354
 22.77546511
 22.07773675
 21.33142826
 20.53699281
 19.69471917
 18.80461817
 17.86713069
 16.88279128
 15.85157858
 14.77349258
 13.64853329
 12.47670073
 11.35174124
 10.49917450
  9.69105312
  8.93657114
  8.25293525
  7.66474915
  7.15336970
  6.73063452
  6.39625697
  6.13644591
  5.90337487
  5.70505806
  5.51642396
  5.31204815
  5.06204236
  4.80213301
  4.54230836
  4.29112072
  4.07529060
  3.91381115
  3.81947733
  3.79925203
  3.85394271
  3.97554008
  4.13514552
  4.31182231
  4.48329570
  4.63418879
  4.75607595
  4.84462221
  4.89791065
  4.91538749
  4.89707501
  4.84285434
  4.75172397
  4.62102872
  4.44578261
  4.21967767
  3.93808995
  3.66280830
  3.42682133
  3.23532926
  3.09058180
  2.99306576
  2.94241720
  2.93825619
  2.98048035
  3.06915822
  3.20436134
  3.29310776
  3.33542881
  3.33125588
  3.28056510
  3.18353378
  3.04085961
  2.85436772
  2.62748774
  2.36625701
  2.08039147
  1.85755627
  1.69053988
  1.57000070
  1.48570704
  1.43133628
  1.40363098
  1.40136648
  1.42434494
  1.47244495
  1.54467683
  1.63812899
  1.74660197
  1.85859597
  1.93001957
  1.96832934
  1.98713256
  1.99590623
  1.99953977
  2.00000000
