  0.03270998
  0.24999100
  0.24999099
  0.24999098
  0.24999099
  0.24999102
  0.24999109
  0.24999111
  0.24999117
  0.24999128
  0.24999144
  0.24999165
  0.24999195
  0.24999230
  0.24999272
  0.24999332
  0.24999436
  0.24999566
  0.24999698
  0.24999864
  0.24999861
  0.24955914
  0.24020475
  0.23189029
  0.22092783
  0.20875509
  0.21938381
  0.20822158
  0.20021552
  0.19351984
  0.19603276
  0.19265303
  0.18748241
  0.19602747
  0.20066032
  0.19952269
  0.20565073
  0.21305019
  0.21718371
  0.21782625
  0.21749074
  0.21730646
  0.22078017
  0.21588768
  0.21161137
  0.20634027
  0.19925870
  0.19060484
  0.19939455
  0.20950770
  0.21130300
  0.20674367
  0.19986619
  0.20930447
  0.21775293
  0.22589602
  0.23447768
  0.23432318
  0.23416477
  0.23675128
  0.23999349
  0.24532470
  0.24865684
  0.24650892
  0.24430291
  0.24017318
  0.23243405
  0.22204310
  0.22619731
  0.22680860
  0.23499191
  0.24824204
  0.24953851
  0.22779220
  0.23769960
  0.24991512
  0.24992890
  0.24992680
  0.24993133
  0.24993153
  0.24993121
  0.24993159
  0.24993205
  0.24993138
  0.24993401
  0.24993665
  0.24993106
  0.24992842
  0.24993037
  0.24993335
  0.24993437
  0.24993093
  0.24992796
  0.24992559
  0.24992388
  0.24992300
  0.24992114
  0.24991975
  0.24991863
  0.24991772
  0.24991663
  0.24991554
  0.24991741
  0.24992225
  0.24992335
  0.24992204
  0.24992095
  0.24992016
  0.24991973
