task_id 9

[x]
1 3.014527850000
2 3.014527850000
3 3.014527850000
4 3.015670680000
5 3.018158530000
6 3.022893240000
7 3.031351790000
8 3.044676540000
9 3.062434510000
10 3.081149110000
11 3.097119340000
12 3.108490540000
13 3.114426990000
14 3.114192580000
15 3.109488770000
16 3.114124750000
17 3.141176920000
18 3.184952690000
19 3.226366050000
20 3.269661880000
21 3.355946740000
22 3.522298750000
23 3.731763530000
24 3.941553430000
25 4.151735920000
26 4.359475340000
27 4.576729650000
28 4.852180520000
29 5.106833320000
30 5.387860810000
31 5.725122780000
32 6.152963740000
33 6.647958330000
34 7.204636010000
35 7.869202270000
36 8.604838410000
37 9.374270310000
38 10.198522580000
39 11.071997380000
40 11.973754060000
41 12.885705110000
42 13.802366100000
43 14.723638300000
44 15.664774070000
45 16.556034700000
46 17.404697710000
47 18.210744590000
48 18.966121900000
49 19.654038700000
50 20.306667840000
51 20.914097100000
52 21.451135220000
53 21.896262810000
54 22.229851970000
55 22.452419260000
56 22.574704360000
57 22.617829970000
58 22.612213740000
59 22.596769270000
60 22.576623370000
61 22.551365400000
62 22.526089860000
63 22.498813420000
64 22.468966050000
65 22.421945220000
66 22.318493360000
67 22.130519610000
68 21.841867260000
69 21.450572020000
70 20.939976600000
71 20.355117150000
72 19.718238470000
73 19.031441880000
74 18.333216530000
75 17.711362100000
76 17.082997500000
77 16.438110830000
78 15.795678610000
79 15.181666040000
80 14.567236010000
81 13.972543380000
82 13.422685250000
83 12.937289460000
84 12.533524910000
85 12.226851810000
86 12.030065950000
87 11.951154050000
88 11.971067760000
89 12.062192650000
90 12.198105270000
91 12.355592740000
92 12.515568940000
93 12.663091480000
94 12.785171890000
95 12.875042340000
96 12.929435850000
97 12.947049680000
98 12.927580680000
99 12.870991860000
100 12.776835970000
101 12.643577220000
102 12.467952010000
103 12.244565450000
104 11.966273510000
105 11.697655700000
106 11.467266260000
107 11.280805340000
108 11.140464330000
109 11.046825740000
110 11.000000000000

[y]
1 2.960048430000
2 2.960048430000
3 2.960048430000
4 3.006904680000
5 3.100611960000
6 3.241142530000
7 3.428431890000
8 3.662402930000
9 3.943061630000
10 4.270617100000
11 4.645236190000
12 5.066911920000
13 5.535573060000
14 6.051141600000
15 6.613560360000
16 7.222851040000
17 7.878471650000
18 8.580157070000
19 9.328933590000
20 10.124546750000
21 10.963775840000
22 11.838583550000
23 12.743272500000
24 13.647672500000
25 14.551233500000
26 15.438803290000
27 16.296871180000
28 17.209893580000
29 18.053979250000
30 18.844522480000
31 19.574855950000
32 20.261329480000
33 20.876243400000
34 21.398867560000
35 21.844008840000
36 22.209454470000
37 22.492742770000
38 22.697114240000
39 22.839914700000
40 22.945858760000
41 23.032927160000
42 23.108085360000
43 23.174707830000
44 23.237536630000
45 23.297032690000
46 23.322371740000
47 23.280973590000
48 23.148612320000
49 22.909902440000
50 22.526900970000
51 22.014426840000
52 21.421444190000
53 20.780418690000
54 20.105827120000
55 19.346833920000
56 18.524193560000
57 17.650431560000
58 16.731698360000
59 15.807795580000
60 14.884251790000
61 13.955638260000
62 13.029102910000
63 12.103905640000
64 11.196763980000
65 10.341354940000
66 9.540208980000
67 8.803560200000
68 8.151170090000
69 7.610837150000
70 7.187753980000
71 6.915065530000
72 6.809154840000
73 6.882523680000
74 7.127367030000
75 7.485877440000
76 7.963704340000
77 8.553964760000
78 9.200633400000
79 9.809719130000
80 10.349963260000
81 10.841280710000
82 11.313206420000
83 11.786301760000
84 12.271217040000
85 12.768441240000
86 13.268494880000
87 13.752670890000
88 14.195952390000
89 14.582247960000
90 14.904860850000
91 15.164006540000
92 15.364397870000
93 15.513261920000
94 15.620881760000
95 15.694084650000
96 15.736668030000
97 15.750262720000
98 15.735261660000
99 15.691717230000
100 15.620220170000
101 15.522849790000
102 15.404373700000
103 15.274008990000
104 15.148246340000
105 15.066358070000
106 15.024980630000
107 15.007493800000
108 15.001530350000
109 15.000137540000
110 15.000000000000

[theta]
1 1.546410920000
2 1.546410920000
3 1.546410920000
4 1.544253410000
5 1.537117360000
6 1.525664030000
7 1.513907320000
8 1.507608120000
9 1.513724220000
10 1.528191550000
11 1.543836180000
12 1.558130200000
13 1.571250990000
14 1.579159680000
15 1.563187690000
16 1.529557830000
17 1.508490520000
18 1.515544600000
19 1.516431690000
20 1.468341720000
21 1.382881190000
22 1.343272830000
23 1.342861570000
24 1.342245000000
25 1.340880880000
26 1.322817290000
27 1.277789920000
28 1.277789070000
29 1.229242100000
30 1.138179750000
31 1.013460350000
32 0.893025140000
33 0.753856970000
34 0.590184030000
35 0.461064170000
36 0.352776490000
37 0.243046230000
38 0.162051840000
39 0.116950040000
40 0.095186220000
41 0.081808240000
42 0.072190180000
43 0.066657090000
44 0.066656130000
45 0.029848890000
46 -0.051314270000
47 -0.173464290000
48 -0.334003390000
49 -0.530701090000
50 -0.700811390000
51 -0.834864700000
52 -0.963838450000
53 -1.111556080000
54 -1.285553490000
55 -1.423227440000
56 -1.521479810000
57 -1.576909720000
58 -1.587511630000
59 -1.592606690000
60 -1.597989360000
61 -1.598069260000
62 -1.600269550000
63 -1.603686720000
64 -1.625709450000
65 -1.699215250000
66 -1.820638810000
67 -1.987357290000
68 -2.197563840000
69 -2.449649850000
70 -2.705310870000
71 -2.976804280000
72 -3.248016830000
73 -3.478860060000
74 -3.664568780000
75 -3.791737670000
76 -3.882793290000
77 -3.930276760000
78 -3.922962460000
79 -3.862830420000
80 -3.832088170000
81 -3.850866540000
82 -3.914157520000
83 -4.018053340000
84 -4.159728500000
85 -4.337471900000
86 -4.550826520000
87 -4.757281140000
88 -4.944047240000
89 -5.111109640000
90 -5.258463370000
91 -5.386103510000
92 -5.493260840000
93 -5.560658680000
94 -5.599643500000
95 -5.618975540000
96 -5.625873600000
97 -5.626678950000
98 -5.627325570000
99 -5.633727100000
100 -5.652159050000
101 -5.689712730000
102 -5.754924070000
103 -5.858744960000
104 -5.987284420000
105 -6.105481910000
106 -6.189675950000
107 -6.240718250000
108 -6.268312130000
109 -6.280248060000
110 -6.283185310000

[v]
1 0.000000000000
2 0.000000000000
3 0.187487530000
4 0.374974710000
5 0.562461540000
6 0.749948000000
7 0.937434080000
8 1.124919770000
9 1.312404980000
10 1.499889710000
11 1.687373920000
12 1.874857570000
13 2.062340580000
14 2.249822860000
15 2.437304160000
16 2.624784100000
17 2.812261900000
18 2.999735750000
19 3.187199930000
20 3.374630480000
21 3.561954060000
22 3.721046230000
23 3.865089160000
24 4.000528300000
25 4.126027930000
26 4.240093850000
27 4.347047760000
28 4.234229500000
29 4.190511320000
30 4.156902830000
31 4.126259910000
32 4.097466460000
33 4.072701310000
34 4.080413310000
35 4.093518870000
36 4.109431290000
37 4.129381770000
38 4.154276900000
39 4.180596020000
40 4.205628690000
41 4.228846050000
42 4.250564640000
43 4.272256590000
44 4.137525240000
45 4.012247470000
46 3.911523930000
47 3.848674760000
48 3.820221940000
49 3.795031340000
50 3.793311720000
51 3.786123180000
52 3.774784890000
53 3.765332580000
54 3.778947710000
55 3.819362370000
56 3.872681570000
57 3.918271680000
58 3.943396000000
59 3.944918040000
60 3.923754700000
61 3.862092010000
62 3.772942310000
63 3.650124380000
64 3.475311730000
65 3.306516360000
66 3.165412300000
67 3.069215770000
68 3.004524010000
69 2.931518100000
70 2.845145920000
71 2.747426630000
72 2.782376980000
73 2.965112420000
74 3.151106780000
75 3.321019280000
76 3.498124490000
77 3.647183940000
78 3.460485080000
79 3.273544170000
80 3.086429330000
81 2.899231220000
82 2.711985660000
83 2.524708160000
84 2.337407300000
85 2.150089280000
86 1.962753410000
87 1.775402670000
88 1.588045910000
89 1.400682880000
90 1.213311620000
91 1.025932500000
92 0.838548150000
93 0.651164220000
94 0.463782060000
95 0.276402780000
96 0.089027480000
97 -0.098342600000
98 -0.285704240000
99 -0.473053970000
100 -0.660385450000
101 -0.847686090000
102 -1.034923920000
103 -1.221960990000
104 -1.123638980000
105 -0.936589560000
106 -0.749350130000
107 -0.562048350000
108 -0.374715450000
109 -0.187363930000
110 0.000000000000

[a]
1 0.000000000000
2 0.749977130000
3 0.749975790000
4 0.749974380000
5 0.749972880000
6 0.749971260000
7 0.749969490000
8 0.749967540000
9 0.749965400000
10 0.749963010000
11 0.749960290000
12 0.749957120000
13 0.749953270000
14 0.749948360000
15 0.749941630000
16 0.749931240000
17 0.749912390000
18 0.749869820000
19 0.749731370000
20 0.749298380000
21 0.636372000000
22 0.577188060000
23 0.563843470000
24 0.541192130000
25 0.516285910000
26 0.512324530000
27 -0.514248070000
28 -0.209942510000
29 -0.167851740000
30 -0.158338750000
31 -0.146877050000
32 -0.128546120000
33 0.041138820000
34 0.066858490000
35 0.079301580000
36 0.099990360000
37 0.121054300000
38 0.123532850000
39 0.115257010000
40 0.106581570000
41 0.099852480000
42 0.099811520000
43 -0.610244480000
44 -0.580295390000
45 -0.475986790000
46 -0.304589990000
47 -0.142790730000
48 -0.132161440000
49 -0.008616260000
50 -0.034306460000
51 -0.053656950000
52 -0.045717560000
53 0.068122300000
54 0.193092100000
55 0.244862600000
56 0.201819580000
57 0.107151100000
58 0.006493720000
59 -0.090383080000
60 -0.260446460000
61 -0.371464640000
62 -0.500632080000
63 -0.703030370000
64 -0.684747140000
65 -0.577578580000
66 -0.400518960000
67 -0.278306100000
68 -0.328782670000
69 -0.381837850000
70 -0.430839920000
71 0.148738650000
72 0.736134760000
73 0.745354440000
74 0.745906130000
75 0.745078900000
76 0.596441250000
77 -0.747007940000
78 -0.747982690000
79 -0.748665030000
80 -0.748997620000
81 -0.749188400000
82 -0.749315070000
83 -0.749407130000
84 -0.749477780000
85 -0.749541340000
86 -0.749592910000
87 -0.749633770000
88 -0.749666770000
89 -0.749693850000
90 -0.749716350000
91 -0.749734220000
92 -0.749742890000
93 -0.749744680000
94 -0.749740280000
95 -0.749729480000
96 -0.749711220000
97 -0.749683070000
98 -0.749639570000
99 -0.749569900000
100 -0.749449220000
101 -0.749201170000
102 -0.748401160000
103 0.393417680000
104 0.748430490000
105 0.749187440000
106 0.749440840000
107 0.749568590000
108 0.749645480000
109 0.749696460000
110 0.000000000000

[phy]
1 0.000000000000
2 0.000000000000
3 -0.091804140000
4 -0.151091250000
5 -0.161490170000
6 -0.124766630000
7 -0.053707120000
8 0.043469530000
9 0.087963760000
10 0.083254200000
11 0.067668180000
12 0.055929790000
13 0.030669910000
14 -0.056734560000
15 -0.109941910000
16 -0.064124130000
17 0.020064300000
18 0.002365620000
19 -0.120128390000
20 -0.199891210000
21 -0.088725560000
22 -0.000885540000
23 -0.001328030000
24 -0.002940600000
25 -0.039611360000
26 -0.101391100000
27 -0.000001790000
28 -0.109683810000
29 -0.213755140000
30 -0.300674520000
31 -0.289419780000
32 -0.338985740000
33 -0.405008380000
34 -0.312286390000
35 -0.257796600000
36 -0.261528220000
37 -0.188487480000
38 -0.101566150000
39 -0.047903320000
40 -0.029197980000
41 -0.020911480000
42 -0.011979540000
43 -0.000002020000
44 -0.082226170000
45 -0.188907890000
46 -0.293918480000
47 -0.396503670000
48 -0.495336450000
49 -0.422524000000
50 -0.325365230000
51 -0.311900910000
52 -0.361888530000
53 -0.433127260000
54 -0.335000080000
55 -0.232018910000
56 -0.126049980000
57 -0.023074560000
58 -0.011027130000
59 -0.011653020000
60 -0.000172060000
61 -0.004747350000
62 -0.007383120000
63 -0.048488780000
64 -0.169946670000
65 -0.292033630000
66 -0.413322450000
67 -0.532524820000
68 -0.647155700000
69 -0.656871530000
70 -0.699504420000
71 -0.698751080000
72 -0.589221530000
73 -0.465227610000
74 -0.340526950000
75 -0.226727330000
76 -0.108204320000
77 0.016046490000
78 0.138168880000
79 0.075009300000
80 -0.048647880000
81 -0.172944720000
82 -0.297466610000
83 -0.422059880000
84 -0.546653820000
85 -0.671104860000
86 -0.699657580000
87 -0.699716610000
88 -0.699738230000
89 -0.699740820000
90 -0.699727710000
91 -0.696199700000
92 -0.571563080000
93 -0.446784830000
94 -0.321963320000
95 -0.197123150000
96 -0.072274440000
97 0.052578080000
98 0.177424200000
99 0.302258950000
100 0.427071780000
101 0.551837230000
102 0.676453160000
103 0.699718400000
104 0.699711570000
105 0.623611410000
106 0.499068470000
107 0.374358520000
108 0.249592600000
109 0.124801890000
110 0.000000000000

[w]
1 0.000000000000
2 -0.367229750000
3 -0.237156970000
4 -0.041597190000
5 0.146899470000
6 0.284248240000
7 0.388720420000
8 0.177983250000
9 -0.018838950000
10 -0.062346240000
11 -0.046955170000
12 -0.101042840000
13 -0.349629070000
14 -0.212835960000
15 0.183276390000
16 0.336762580000
17 -0.070796420000
18 -0.489984570000
19 -0.319055130000
20 0.444665050000
21 0.351362100000
22 -0.001773040000
23 -0.006712800000
24 -0.158137170000
25 -0.279646900000
26 0.485686950000
27 -0.499950060000
28 -0.499810900000
29 -0.434126190000
30 0.058160220000
31 -0.252843570000
32 -0.342709850000
33 0.494563920000
34 0.277969490000
35 -0.018601210000
36 0.366076340000
37 0.422666060000
38 0.251879750000
39 0.086127080000
40 0.038042830000
41 0.041069410000
42 0.055111110000
43 -0.372429990000
44 -0.494154670000
45 -0.496243180000
46 -0.497165510000
47 -0.496002700000
48 0.382013580000
49 0.487270710000
50 0.064269930000
51 -0.236563800000
52 -0.344612460000
53 0.490963170000
54 0.492015400000
55 0.486647010000
56 0.455856400000
57 0.051380090000
58 -0.002671510000
59 0.049026360000
60 -0.019323780000
61 -0.010983910000
62 -0.167549360000
63 -0.488458450000
64 -0.495264880000
65 -0.496469780000
66 -0.496319200000
67 -0.493177170000
68 -0.043752290000
69 -0.188476230000
70 0.003319760000
71 0.466098090000
72 0.499488060000
73 0.499725120000
74 0.499576160000
75 0.498624870000
76 0.497172150000
77 0.488628720000
78 -0.252712090000
79 -0.494764710000
80 -0.497323620000
81 -0.498224660000
82 -0.498509540000
83 -0.498511270000
84 -0.497940830000
85 -0.114241120000
86 -0.000236160000
87 -0.000086530000
88 -0.000010340000
89 0.000052450000
90 0.014115640000
91 0.498677420000
92 0.499250950000
93 0.499429950000
94 0.499509370000
95 0.499546960000
96 0.499563950000
97 0.499542060000
98 0.499499370000
99 0.499413860000
100 0.499226110000
101 0.498630030000
102 0.093092470000
103 -0.000027300000
104 -0.304495270000
105 -0.498324590000
106 -0.498995410000
107 -0.499221540000
108 -0.499322340000
109 -0.499367900000
110 0.000000000000

[dt]
1 0.032709980000
2 0.249991000000
3 0.249990990000
4 0.249990980000
5 0.249990990000
6 0.249991020000
7 0.249991090000
8 0.249991110000
9 0.249991170000
10 0.249991280000
11 0.249991440000
12 0.249991650000
13 0.249991950000
14 0.249992300000
15 0.249992720000
16 0.249993320000
17 0.249994360000
18 0.249995660000
19 0.249996980000
20 0.249998640000
21 0.249998610000
22 0.249559140000
23 0.240204750000
24 0.231890290000
25 0.220927830000
26 0.208755090000
27 0.219383810000
28 0.208221580000
29 0.200215520000
30 0.193519840000
31 0.196032760000
32 0.192653030000
33 0.187482410000
34 0.196027470000
35 0.200660320000
36 0.199522690000
37 0.205650730000
38 0.213050190000
39 0.217183710000
40 0.217826250000
41 0.217490740000
42 0.217306460000
43 0.220780170000
44 0.215887680000
45 0.211611370000
46 0.206340270000
47 0.199258700000
48 0.190604840000
49 0.199394550000
50 0.209507700000
51 0.211303000000
52 0.206743670000
53 0.199866190000
54 0.209304470000
55 0.217752930000
56 0.225896020000
57 0.234477680000
58 0.234323180000
59 0.234164770000
60 0.236751280000
61 0.239993490000
62 0.245324700000
63 0.248656840000
64 0.246508920000
65 0.244302910000
66 0.240173180000
67 0.232434050000
68 0.222043100000
69 0.226197310000
70 0.226808600000
71 0.234991910000
72 0.248242040000
73 0.249538510000
74 0.227792200000
75 0.237699600000
76 0.249915120000
77 0.249928900000
78 0.249926800000
79 0.249931330000
80 0.249931530000
81 0.249931210000
82 0.249931590000
83 0.249932050000
84 0.249931380000
85 0.249934010000
86 0.249936650000
87 0.249931060000
88 0.249928420000
89 0.249930370000
90 0.249933350000
91 0.249934370000
92 0.249930930000
93 0.249927960000
94 0.249925590000
95 0.249923880000
96 0.249923000000
97 0.249921140000
98 0.249919750000
99 0.249918630000
100 0.249917720000
101 0.249916630000
102 0.249915540000
103 0.249917410000
104 0.249922250000
105 0.249923350000
106 0.249922040000
107 0.249920950000
108 0.249920160000
109 0.249919730000

[s]
1 0.000000000000
2 -0.000000000000
3 0.046870190000
4 0.093740300000
5 0.140610310000
6 0.187480260000
7 0.234350160000
8 0.281219930000
9 0.328089650000
10 0.374959340000
11 0.421829020000
12 0.468698720000
13 0.515568530000
14 0.562438360000
15 0.609308280000
16 0.656178470000
17 0.703049590000
18 0.749920880000
19 0.796790310000
20 0.843652980000
21 0.890483550000
22 0.928621130000
23 0.928413160000
24 0.927684780000
25 0.911556720000
26 0.885143870000
27 0.953668140000
28 0.881662380000
29 0.839008300000
30 0.804445460000
31 0.808884200000
32 0.789391240000
33 0.763561150000
34 0.799874240000
35 0.821407800000
36 0.819925310000
37 0.849211050000
38 0.885070560000
39 0.907958690000
40 0.916097980000
41 0.919736960000
42 0.923677910000
43 0.943230250000
44 0.893243930000
45 0.849040730000
46 0.807108700000
47 0.766885580000
48 0.728156010000
49 0.756712780000
50 0.794732260000
51 0.800023410000
52 0.780417160000
53 0.752564690000
54 0.790952770000
55 0.831679460000
56 0.874825420000
57 0.918749840000
58 0.924031620000
59 0.923763430000
60 0.928956940000
61 0.926880000000
62 0.925599150000
63 0.907632330000
64 0.856699700000
65 0.807796750000
66 0.760252610000
67 0.713394530000
68 0.667136260000
69 0.663103770000
70 0.645305470000
71 0.645624620000
72 0.690704150000
73 0.739909910000
74 0.717796970000
75 0.789404920000
76 0.874234210000
77 0.911536630000
78 0.864867950000
79 0.818161200000
80 0.771395970000
81 0.724608340000
82 0.677810860000
83 0.631005470000
84 0.584191420000
85 0.537380420000
86 0.490563990000
87 0.443728250000
88 0.396897780000
89 0.350073180000
90 0.303247010000
91 0.256415770000
92 0.209579100000
93 0.162744130000
94 0.115910990000
95 0.069079640000
96 0.022250000000
97 -0.024577910000
98 -0.071403150000
99 -0.118225020000
100 -0.165042040000
101 -0.211850870000
102 -0.258643580000
103 -0.305389340000
104 -0.280822380000
105 -0.234075590000
106 -0.187279110000
107 -0.140467660000
108 -0.093648940000
109 -0.046825940000

[splus]
1 0.011552450000
2 0.011552450000
3 0.047842470000
4 0.093800330000
5 0.140613930000
6 0.187480480000
7 0.234350170000
8 0.281219930000
9 0.328089650000
10 0.374959340000
11 0.421829020000
12 0.468698720000
13 0.515568530000
14 0.562438360000
15 0.609308280000
16 0.656178470000
17 0.703049590000
18 0.749920880000
19 0.796790310000
20 0.843652980000
21 0.890483550000
22 0.928621130000
23 0.928413160000
24 0.927684780000
25 0.911556720000
26 0.885143870000
27 0.953668140000
28 0.881662380000
29 0.839008300000
30 0.804445460000
31 0.808884200000
32 0.789391240000
33 0.763561150000
34 0.799874240000
35 0.821407800000
36 0.819925310000
37 0.849211050000
38 0.885070560000
39 0.907958690000
40 0.916097980000
41 0.919736960000
42 0.923677910000
43 0.943230250000
44 0.893243930000
45 0.849040730000
46 0.807108700000
47 0.766885580000
48 0.728156010000
49 0.756712780000
50 0.794732260000
51 0.800023410000
52 0.780417160000
53 0.752564690000
54 0.790952770000
55 0.831679460000
56 0.874825420000
57 0.918749840000
58 0.924031620000
59 0.923763430000
60 0.928956940000
61 0.926880000000
62 0.925599150000
63 0.907632330000
64 0.856699700000
65 0.807796750000
66 0.760252610000
67 0.713394530000
68 0.667136260000
69 0.663103770000
70 0.645305470000
71 0.645624620000
72 0.690704150000
73 0.739909910000
74 0.717796970000
75 0.789404920000
76 0.874234210000
77 0.911536630000
78 0.864867950000
79 0.818161200000
80 0.771395970000
81 0.724608340000
82 0.677810860000
83 0.631005470000
84 0.584191420000
85 0.537380420000
86 0.490563990000
87 0.443728250000
88 0.396897780000
89 0.350073180000
90 0.303247010000
91 0.256415780000
92 0.209579160000
93 0.162745080000
94 0.115926880000
95 0.069341620000
96 0.026142980000
97 0.003434230000
98 0.000228140000
99 0.000013830000
100 0.000000830000
101 0.000000050000
102 0.000000000000
103 0.000000000000
104 0.000000000000
105 0.000000010000
106 0.000000220000
107 0.000003640000
108 0.000060370000
109 0.000974790000

[sminus]
1 0.011552450000
2 0.011552450000
3 0.000972280000
4 0.000060040000
5 0.000003610000
6 0.000000220000
7 0.000000010000
8 0.000000000000
9 0.000000000000
10 0.000000000000
11 0.000000000000
12 0.000000000000
13 0.000000000000
14 0.000000000000
15 0.000000000000
16 0.000000000000
17 0.000000000000
18 0.000000000000
19 0.000000000000
20 0.000000000000
21 -0.000000000000
22 0.000000000000
23 0.000000000000
24 0.000000000000
25 0.000000000000
26 0.000000000000
27 0.000000000000
28 -0.000000000000
29 -0.000000000000
30 0.000000000000
31 0.000000000000
32 0.000000000000
33 0.000000000000
34 0.000000000000
35 0.000000000000
36 0.000000000000
37 0.000000000000
38 0.000000000000
39 0.000000000000
40 0.000000000000
41 0.000000000000
42 -0.000000000000
43 -0.000000000000
44 -0.000000000000
45 0.000000000000
46 0.000000000000
47 0.000000000000
48 0.000000000000
49 0.000000000000
50 0.000000000000
51 0.000000000000
52 0.000000000000
53 0.000000000000
54 0.000000000000
55 0.000000000000
56 0.000000000000
57 0.000000000000
58 0.000000000000
59 0.000000000000
60 -0.000000000000
61 -0.000000000000
62 -0.000000000000
63 -0.000000000000
64 0.000000000000
65 0.000000000000
66 0.000000000000
67 0.000000000000
68 0.000000000000
69 0.000000000000
70 0.000000000000
71 0.000000000000
72 0.000000000000
73 0.000000000000
74 0.000000000000
75 0.000000000000
76 0.000000000000
77 0.000000000000
78 -0.000000000000
79 0.000000000000
80 0.000000000000
81 0.000000000000
82 0.000000000000
83 0.000000000000
84 0.000000000000
85 0.000000000000
86 0.000000000000
87 0.000000000000
88 0.000000000000
89 0.000000000000
90 0.000000000000
91 0.000000000000
92 0.000000060000
93 0.000000960000
94 0.000015890000
95 0.000261980000
96 0.003892990000
97 0.028012140000
98 0.071631290000
99 0.118238850000
100 0.165042880000
101 0.211850920000
102 0.258643590000
103 0.305389340000
104 0.280822380000
105 0.234075610000
106 0.187279330000
107 0.140471300000
108 0.093709310000
109 0.047800730000

[k]
1 0.000000000000
2 0.000000000000
3 -0.046031460000
4 -0.076125780000
5 -0.081454390000
6 -0.062709030000
7 -0.026879410000
8 0.021748460000
9 0.044095660000
10 0.041723510000
11 0.033885800000
12 0.027994080000
13 0.015339770000
14 -0.028397740000
15 -0.055193460000
16 -0.032106070000
17 0.010033490000
18 0.001182810000
19 -0.060354750000
20 -0.101298330000
21 -0.044479550000
22 -0.000442770000
23 -0.000664010000
24 -0.001470300000
25 -0.019816030000
26 -0.050869960000
27 -0.000000890000
28 -0.055062870000
29 -0.108535650000
30 -0.155037730000
31 -0.148890440000
32 -0.176297990000
33 -0.214354640000
34 -0.161425150000
35 -0.131831780000
36 -0.133828950000
37 -0.095375830000
38 -0.050958420000
39 -0.023969990000
40 -0.014603130000
41 -0.010457250000
42 -0.005990050000
43 -0.000001010000
44 -0.041205950000
45 -0.095593730000
46 -0.151342550000
47 -0.209338880000
48 -0.270130990000
49 -0.224801620000
50 -0.168677130000
51 -0.161212140000
52 -0.189279790000
53 -0.231204280000
54 -0.174059870000
55 -0.118136660000
56 -0.063360850000
57 -0.011539320000
58 -0.005513780000
59 -0.005826770000
60 -0.000086030000
61 -0.002373690000
62 -0.003691620000
63 -0.024263340000
64 -0.085800900000
65 -0.150314400000
66 -0.219293470000
67 -0.294656660000
68 -0.377862310000
69 -0.385551820000
70 -0.420720770000
71 -0.420077710000
72 -0.334214230000
73 -0.250988210000
74 -0.177164900000
75 -0.115346890000
76 -0.054314270000
77 0.008023930000
78 0.069527440000
79 0.037575110000
80 -0.024343130000
81 -0.087344890000
82 -0.153281250000
83 -0.224522690000
84 -0.304255250000
85 -0.397026990000
86 -0.420851600000
87 -0.420902020000
88 -0.420920500000
89 -0.420922710000
90 -0.420911510000
91 -0.417905620000
92 -0.321587610000
93 -0.239547660000
94 -0.166784740000
95 -0.099858280000
96 -0.036200250000
97 0.026313270000
98 0.089654780000
99 0.155906440000
100 0.227540660000
101 0.307817720000
102 0.401405610000
103 0.420903550000
104 0.420897710000
105 0.359687450000
106 0.272546740000
107 0.196442930000
108 0.127454000000
109 0.062726950000

[up]
1 0.011553560000
2 0.011553560000
3 0.049956640000
4 0.100655340000
5 0.151609410000
6 0.198766950000
7 0.240397450000
8 0.287091450000
9 0.341978330000
10 0.389978230000
11 0.435551340000
12 0.481294760000
13 0.523161040000
14 0.577771580000
15 0.641592990000
16 0.676403190000
17 0.709821840000
18 0.750775500000
19 0.842956750000
20 0.925695130000
21 0.928507670000
22 0.929025710000
23 0.929011660000
24 0.928997330000
25 0.928897990000
26 0.928370220000
27 0.953746720000
28 0.928267540000
29 0.926428200000
30 0.924176110000
31 0.924502020000
32 0.922992700000
33 0.920687200000
34 0.923829330000
35 0.925364010000
36 0.925266410000
37 0.926965710000
38 0.928368370000
39 0.928852140000
40 0.928941150000
41 0.928970720000
42 0.928990410000
43 0.943311230000
44 0.928578920000
45 0.926957340000
46 0.924372700000
47 0.921003100000
48 0.916985800000
49 0.920018680000
50 0.923423450000
51 0.923838240000
52 0.922226110000
53 0.919602300000
54 0.923119830000
55 0.926001800000
56 0.928038220000
57 0.928928040000
58 0.928923680000
59 0.928931550000
60 0.929070600000
61 0.928994130000
62 0.928880780000
63 0.928774280000
64 0.927265270000
65 0.924363370000
66 0.920302350000
67 0.915192840000
68 0.909138860000
69 0.908538350000
70 0.905939160000
71 0.905988680000
72 0.912313680000
73 0.918190290000
74 0.839879120000
75 0.876818350000
76 0.919818420000
77 0.918558900000
78 0.922594770000
79 0.847673860000
80 0.789423360000
81 0.785367720000
82 0.777550860000
83 0.767013640000
84 0.754825090000
85 0.742200860000
86 0.688760430000
87 0.623023720000
88 0.557277690000
89 0.491532760000
90 0.425781550000
91 0.359286810000
92 0.274281110000
93 0.200170730000
94 0.134488190000
95 0.075988870000
96 0.027051430000
97 0.003521000000
98 0.000247780000
99 0.000015900000
100 0.000001020000
101 0.000000070000
102 0.000000000000
103 0.000000000000
104 0.000000000000
105 0.000000020000
106 0.000000280000
107 0.000004330000
108 0.000067750000
109 0.001033490000

[down]
1 0.011553560000
2 0.011553560000
3 0.001015250000
4 0.000064420000
5 0.000003900000
6 0.000000230000
7 0.000000010000
8 0.000000000000
9 0.000000000000
10 0.000000000000
11 0.000000000000
12 0.000000000000
13 0.000000000000
14 0.000000000000
15 0.000000000000
16 0.000000000000
17 0.000000000000
18 0.000000000000
19 0.000000000000
20 0.000000000000
21 -0.000000000000
22 0.000000000000
23 0.000000000000
24 0.000000000000
25 0.000000000000
26 0.000000000000
27 0.000000000000
28 -0.000000000000
29 -0.000000000000
30 0.000000000000
31 0.000000000000
32 0.000000000000
33 0.000000000000
34 0.000000000000
35 0.000000000000
36 0.000000000000
37 0.000000000000
38 0.000000000000
39 0.000000000000
40 0.000000000000
41 0.000000000000
42 -0.000000000000
43 -0.000000000000
44 -0.000000000000
45 0.000000000000
46 0.000000000000
47 0.000000000000
48 0.000000000000
49 0.000000000000
50 0.000000000000
51 0.000000000000
52 0.000000000000
53 0.000000000000
54 0.000000000000
55 0.000000000000
56 0.000000000000
57 0.000000000000
58 0.000000000000
59 0.000000000000
60 -0.000000000000
61 -0.000000000000
62 -0.000000000000
63 -0.000000000000
64 0.000000000000
65 0.000000000000
66 0.000000000000
67 0.000000000000
68 0.000000000000
69 0.000000000000
70 0.000000000000
71 0.000000000000
72 0.000000000000
73 0.000000000000
74 -0.000000000000
75 0.000000000000
76 0.000000000000
77 0.000000000000
78 0.000000000000
79 0.000000000000
80 0.000000000000
81 0.000000000000
82 0.000000000000
83 0.000000000000
84 0.000000000000
85 0.000000000000
86 0.000000000000
87 0.000000000000
88 0.000000000000
89 0.000000000000
90 0.000000000000
91 0.000000000000
92 0.000000080000
93 0.000001180000
94 0.000018440000
95 0.000287100000
96 0.004028300000
97 0.028719670000
98 0.077796400000
99 0.135935590000
100 0.201094590000
101 0.274453830000
102 0.358311640000
103 0.428787230000
104 0.394291980000
105 0.314901890000
106 0.236280000000
107 0.166962110000
108 0.105175190000
109 0.050679200000

[left]
1 0.023104910000
2 0.023104910000
3 0.021438670000
4 0.021022660000
5 0.023255480000
6 0.023449330000
7 0.020718510000
8 0.033938180000
9 0.057235980000
10 0.061152610000
11 0.057365200000
12 0.054101010000
13 0.039181360000
14 0.026693830000
15 0.042798100000
16 0.031204400000
17 0.037473600000
18 0.024272430000
19 0.056228110000
20 0.090945280000
21 0.048349180000
22 0.022603100000
23 0.022378580000
24 0.021652360000
25 0.028482660000
26 0.053383010000
27 0.023103210000
28 0.056652640000
29 0.096149380000
30 0.127416780000
31 0.123436760000
32 0.140839680000
33 0.163604620000
34 0.131504800000
35 0.112151710000
36 0.113491880000
37 0.086796240000
38 0.053452160000
39 0.031828270000
40 0.024480880000
41 0.021787200000
42 0.020212240000
43 0.023102950000
44 0.045747470000
45 0.086952970000
46 0.125029780000
47 0.160693250000
48 0.194284600000
49 0.169584920000
50 0.136087970000
51 0.131369070000
52 0.148782140000
53 0.173196120000
54 0.139451600000
55 0.102828930000
56 0.063046870000
57 0.022415590000
58 0.020187790000
59 0.020203000000
60 0.023004990000
61 0.021025110000
62 0.020439860000
63 0.032064790000
64 0.079839300000
65 0.124354910000
66 0.166433910000
67 0.206834340000
68 0.245740370000
69 0.249061530000
70 0.263769840000
71 0.263508920000
72 0.226005830000
73 0.184075850000
74 0.129692350000
75 0.096143130000
76 0.055664670000
77 0.038841360000
78 0.215546420000
79 0.115131310000
80 0.029131720000
81 0.070349770000
82 0.108071670000
83 0.143168670000
84 0.176676080000
85 0.209758890000
86 0.203348790000
87 0.185058160000
88 0.166753420000
89 0.148444070000
90 0.130130140000
91 0.111101610000
92 0.074165090000
93 0.047771330000
94 0.029687270000
95 0.020993250000
96 0.022385030000
97 0.022516370000
98 0.021088750000
99 0.029979880000
100 0.049541330000
101 0.079041350000
102 0.121428330000
103 0.150592900000
104 0.137954170000
105 0.099622600000
106 0.063750540000
107 0.039150370000
108 0.024179990000
109 0.021170140000

[right]
1 0.023104910000
2 0.023104910000
3 0.025873260000
4 0.035850890000
5 0.047322460000
6 0.048429290000
7 0.034250290000
8 0.020656400000
9 0.025479540000
10 0.026445330000
11 0.025319230000
12 0.024377840000
13 0.021080070000
14 0.063624590000
15 0.121345810000
16 0.080904080000
17 0.020667060000
18 0.022138090000
19 0.173057610000
20 0.300565060000
21 0.146429070000
22 0.023629370000
23 0.023917090000
24 0.025055680000
25 0.073402880000
26 0.164761500000
27 0.023105340000
28 0.176652590000
29 0.319298060000
30 0.430886860000
31 0.416749750000
32 0.478419310000
33 0.558511560000
34 0.445387050000
35 0.376558170000
36 0.381339580000
37 0.285686600000
38 0.165013060000
39 0.085910930000
40 0.057779380000
41 0.045744600000
42 0.034005440000
43 0.023105330000
44 0.136941820000
45 0.286250640000
46 0.422410560000
47 0.548305670000
48 0.665390940000
49 0.579441260000
50 0.461618500000
51 0.444905870000
52 0.506437510000
53 0.592057600000
54 0.473514620000
55 0.343237030000
56 0.199870920000
57 0.048818360000
58 0.032889950000
59 0.033621420000
60 0.023204430000
61 0.026513650000
62 0.028961530000
63 0.086787300000
64 0.260615720000
65 0.420008890000
66 0.568413190000
67 0.708743990000
68 0.841815050000
69 0.853073970000
70 0.902771060000
71 0.901892400000
72 0.774570670000
73 0.629954120000
74 0.433612710000
75 0.317016570000
76 0.172859470000
77 0.020652310000
78 0.067415120000
79 0.040117870000
80 0.074513430000
81 0.221824370000
82 0.354294960000
83 0.475609830000
84 0.589591020000
85 0.700408400000
86 0.673297680000
87 0.605816770000
88 0.539210460000
89 0.473511760000
90 0.408720490000
91 0.342476490000
92 0.218112660000
93 0.130121770000
94 0.070071340000
95 0.035243260000
96 0.024033330000
97 0.023819180000
98 0.033860270000
99 0.066325350000
100 0.122713870000
101 0.204578080000
102 0.318862270000
103 0.392029280000
104 0.361417020000
105 0.260766810000
106 0.162637870000
107 0.093255410000
108 0.047862250000
109 0.027063990000
