  0.00000000
  0.00000000
 -0.09180414
 -0.15109125
 -0.16149017
 -0.12476663
 -0.05370712
  0.04346953
  0.08796376
  0.08325420
  0.06766818
  0.05592979
  0.03066991
 -0.05673456
 -0.10994191
 -0.06412413
  0.02006430
  0.00236562
 -0.12012839
 -0.19989121
 -0.08872556
 -0.00088554
 -0.00132803
 -0.00294060
 -0.03961136
 -0.10139110
 -0.00000179
 -0.10968381
 -0.21375514
 -0.30067452
 -0.28941978
 -0.33898574
 -0.40500838
 -0.31228639
 -0.25779660
 -0.26152822
 -0.18848748
 -0.10156615
 -0.04790332
 -0.02919798
 -0.02091148
 -0.01197954
 -0.00000202
 -0.08222617
 -0.18890789
 -0.29391848
 -0.39650367
 -0.49533645
 -0.42252400
 -0.32536523
 -0.31190091
 -0.36188853
 -0.43312726
 -0.33500008
 -0.23201891
 -0.12604998
 -0.02307456
 -0.01102713
 -0.01165302
 -0.00017206
 -0.00474735
 -0.00738312
 -0.04848878
 -0.16994667
 -0.29203363
 -0.41332245
 -0.53252482
 -0.64715570
 -0.65687153
 -0.69950442
 -0.69875108
 -0.58922153
 -0.46522761
 -0.34052695
 -0.22672733
 -0.10820432
  0.01604649
  0.13816888
  0.07500930
 -0.04864788
 -0.17294472
 -0.29746661
 -0.42205988
 -0.54665382
 -0.67110486
 -0.69965758
 -0.69971661
 -0.69973823
 -0.69974082
 -0.69972771
 -0.69619970
 -0.57156308
 -0.44678483
 -0.32196332
 -0.19712315
 -0.07227444
  0.05257808
  0.17742420
  0.30225895
  0.42707178
  0.55183723
  0.67645316
  0.69971840
  0.69971157
  0.62361141
  0.49906847
  0.37435852
  0.24959260
  0.12480189
  0.00000000
