  0.02310491
  0.02310491
  0.02587326
  0.03585089
  0.04732246
  0.04842929
  0.03425029
  0.02065640
  0.02547954
  0.02644533
  0.02531923
  0.02437784
  0.02108007
  0.06362459
  0.12134581
  0.08090408
  0.02066706
  0.02213809
  0.17305761
  0.30056506
  0.14642907
  0.02362937
  0.02391709
  0.02505568
  0.07340288
  0.16476150
  0.02310534
  0.17665259
  0.31929806
  0.43088686
  0.41674975
  0.47841931
  0.55851156
  0.44538705
  0.37655817
  0.38133958
  0.28568660
  0.16501306
  0.08591093
  0.05777938
  0.04574460
  0.03400544
  0.02310533
  0.13694182
  0.28625064
  0.42241056
  0.54830567
  0.66539094
  0.57944126
  0.46161850
  0.44490587
  0.50643751
  0.59205760
  0.47351462
  0.34323703
  0.19987092
  0.04881836
  0.03288995
  0.03362142
  0.02320443
  0.02651365
  0.02896153
  0.08678730
  0.26061572
  0.42000889
  0.56841319
  0.70874399
  0.84181505
  0.85307397
  0.90277106
  0.90189240
  0.77457067
  0.62995412
  0.43361271
  0.31701657
  0.17285947
  0.02065231
  0.06741512
  0.04011787
  0.07451343
  0.22182437
  0.35429496
  0.47560983
  0.58959102
  0.70040840
  0.67329768
  0.60581677
  0.53921046
  0.47351176
  0.40872049
  0.34247649
  0.21811266
  0.13012177
  0.07007134
  0.03524326
  0.02403333
  0.02381918
  0.03386027
  0.06632535
  0.12271387
  0.20457808
  0.31886227
  0.39202928
  0.36141702
  0.26076681
  0.16263787
  0.09325541
  0.04786225
  0.02706399
