  0.01155356
  0.01155356
  0.04995664
  0.10065534
  0.15160941
  0.19876695
  0.24039745
  0.28709145
  0.34197833
  0.38997823
  0.43555134
  0.48129476
  0.52316104
  0.57777158
  0.64159299
  0.67640319
  0.70982184
  0.75077550
  0.84295675
  0.92569513
  0.92850767
  0.92902571
  0.92901166
  0.92899733
  0.92889799
  0.92837022
  0.95374672
  0.92826754
  0.92642820
  0.92417611
  0.92450202
  0.92299270
  0.92068720
  0.92382933
  0.92536401
  0.92526641
  0.92696571
  0.92836837
  0.92885214
  0.92894115
  0.92897072
  0.92899041
  0.94331123
  0.92857892
  0.92695734
  0.92437270
  0.92100310
  0.91698580
  0.92001868
  0.92342345
  0.92383824
  0.92222611
  0.91960230
  0.92311983
  0.92600180
  0.92803822
  0.92892804
  0.92892368
  0.92893155
  0.92907060
  0.92899413
  0.92888078
  0.92877428
  0.92726527
  0.92436337
  0.92030235
  0.91519284
  0.90913886
  0.90853835
  0.90593916
  0.90598868
  0.91231368
  0.91819029
  0.83987912
  0.87681835
  0.91981842
  0.91855890
  0.92259477
  0.84767386
  0.78942336
  0.78536772
  0.77755086
  0.76701364
  0.75482509
  0.74220086
  0.68876043
  0.62302372
  0.55727769
  0.49153276
  0.42578155
  0.35928681
  0.27428111
  0.20017073
  0.13448819
  0.07598887
  0.02705143
  0.00352100
  0.00024778
  0.00001590
  0.00000102
  0.00000007
  0.00000000
  0.00000000
  0.00000000
  0.00000002
  0.00000028
  0.00000433
  0.00006775
  0.00103349
