  0.00000000
 -0.36722975
 -0.23715697
 -0.04159719
  0.14689947
  0.28424824
  0.38872042
  0.17798325
 -0.01883895
 -0.06234624
 -0.04695517
 -0.10104284
 -0.34962907
 -0.21283596
  0.18327639
  0.33676258
 -0.07079642
 -0.48998457
 -0.31905513
  0.44466505
  0.35136210
 -0.00177304
 -0.00671280
 -0.15813717
 -0.27964690
  0.48568695
 -0.49995006
 -0.49981090
 -0.43412619
  0.05816022
 -0.25284357
 -0.34270985
  0.49456392
  0.27796949
 -0.01860121
  0.36607634
  0.42266606
  0.25187975
  0.08612708
  0.03804283
  0.04106941
  0.05511111
 -0.37242999
 -0.49415467
 -0.49624318
 -0.49716551
 -0.49600270
  0.38201358
  0.48727071
  0.06426993
 -0.23656380
 -0.34461246
  0.49096317
  0.49201540
  0.48664701
  0.45585640
  0.05138009
 -0.00267151
  0.04902636
 -0.01932378
 -0.01098391
 -0.16754936
 -0.48845845
 -0.49526488
 -0.49646978
 -0.49631920
 -0.49317717
 -0.04375229
 -0.18847623
  0.00331976
  0.46609809
  0.49948806
  0.49972512
  0.49957616
  0.49862487
  0.49717215
  0.48862872
 -0.25271209
 -0.49476471
 -0.49732362
 -0.49822466
 -0.49850954
 -0.49851127
 -0.49794083
 -0.11424112
 -0.00023616
 -0.00008653
 -0.00001034
  0.00005245
  0.01411564
  0.49867742
  0.49925095
  0.49942995
  0.49950937
  0.49954696
  0.49956395
  0.49954206
  0.49949937
  0.49941386
  0.49922611
  0.49863003
  0.09309247
 -0.00002730
 -0.30449527
 -0.49832459
 -0.49899541
 -0.49922154
 -0.49932234
 -0.49936790
  0.00000000
