  3.01452785
  3.01452785
  3.01452785
  3.01567068
  3.01815853
  3.02289324
  3.03135179
  3.04467654
  3.06243451
  3.08114911
  3.09711934
  3.10849054
  3.11442699
  3.11419258
  3.10948877
  3.11412475
  3.14117692
  3.18495269
  3.22636605
  3.26966188
  3.35594674
  3.52229875
  3.73176353
  3.94155343
  4.15173592
  4.35947534
  4.57672965
  4.85218052
  5.10683332
  5.38786081
  5.72512278
  6.15296374
  6.64795833
  7.20463601
  7.86920227
  8.60483841
  9.37427031
 10.19852258
 11.07199738
 11.97375406
 12.88570511
 13.80236610
 14.72363830
 15.66477407
 16.55603470
 17.40469771
 18.21074459
 18.96612190
 19.65403870
 20.30666784
 20.91409710
 21.45113522
 21.89626281
 22.22985197
 22.45241926
 22.57470436
 22.61782997
 22.61221374
 22.59676927
 22.57662337
 22.55136540
 22.52608986
 22.49881342
 22.46896605
 22.42194522
 22.31849336
 22.13051961
 21.84186726
 21.45057202
 20.93997660
 20.35511715
 19.71823847
 19.03144188
 18.33321653
 17.71136210
 17.08299750
 16.43811083
 15.79567861
 15.18166604
 14.56723601
 13.97254338
 13.42268525
 12.93728946
 12.53352491
 12.22685181
 12.03006595
 11.95115405
 11.97106776
 12.06219265
 12.19810527
 12.35559274
 12.51556894
 12.66309148
 12.78517189
 12.87504234
 12.92943585
 12.94704968
 12.92758068
 12.87099186
 12.77683597
 12.64357722
 12.46795201
 12.24456545
 11.96627351
 11.69765570
 11.46726626
 11.28080534
 11.14046433
 11.04682574
 11.00000000
