  2.96004843
  2.96004843
  2.96004843
  2.99053741
  3.05150798
  3.14293972
  3.26477113
  3.41682232
  3.59890684
  3.81090015
  4.05283369
  4.32497282
  4.62747890
  4.96026220
  5.32331723
  5.71664403
  6.14024524
  6.59412782
  7.07832260
  7.59274142
  8.13740126
  8.71230588
  9.31745659
  9.95285379
 10.61849740
 11.31438693
 12.04052158
 12.79690011
 13.58352065
 14.40038018
 15.24747314
 16.12478270
 16.97423423
 17.77497348
 18.51846484
 19.24128491
 19.93200303
 20.57065556
 21.13342395
 21.63800787
 22.08493300
 22.47072403
 22.78439964
 23.02676193
 23.21791435
 23.40153756
 23.58516081
 23.77002258
 23.92885154
 24.04287228
 24.08575704
 24.03677059
 23.88099132
 23.61065465
 23.21718991
 22.68764573
 22.12196291
 21.50535981
 20.72792700
 19.89408871
 19.01333384
 18.51952205
 18.02571075
 17.53189968
 17.03808883
 16.54427818
 16.05046769
 15.55665736
 15.06284716
 14.56903709
 14.07522714
 13.37397651
 12.67283183
 11.97010122
 11.26504736
 10.55923229
  9.85802193
  9.16749286
  8.52566372
  7.98286861
  7.62769323
  7.39390093
  7.22593585
  7.14025752
  7.18104606
  7.32583815
  7.51559340
  7.74169022
  8.03272472
  8.48394304
  9.04487795
  9.60469317
 10.14905234
 10.63669283
 11.09613069
 11.54937332
 12.01042783
 12.48117392
 12.88887528
 13.38310759
 13.84851936
 14.26319924
 14.61777924
 14.91110822
 15.14682871
 15.34648079
 15.48944711
 15.59183080
 15.66264711
 15.70688352
 15.72716751
 15.72492329
 15.70250907
 15.66067632
 15.60063302
 15.52442659
 15.43533650
 15.33831005
 15.23175037
 15.11582817
 15.04879520
 15.01755908
 15.00507268
 15.00100183
 15.00008716
 15.00000000
