  1.54641092
  1.54641092
  1.54641092
  1.54541486
  1.54144895
  1.53257157
  1.51696551
  1.49348487
  1.46721061
  1.44222520
  1.42053682
  1.40365273
  1.39263229
  1.38776818
  1.38790030
  1.39010724
  1.39202519
  1.39297217
  1.39306496
  1.39272404
  1.39229164
  1.39191414
  1.39161240
  1.39134178
  1.39109005
  1.39079551
  1.39047405
  1.39014728
  1.38979644
  1.38929067
  1.38836311
  1.38791963
  1.39379451
  1.41590308
  1.43175059
  1.40859665
  1.33843794
  1.20470987
  0.97803944
  0.79351807
  0.55427988
  0.29293185
  0.13032098
  0.03276777
  0.01312718
  0.07055299
  0.10767923
  0.06738523
 -0.05192189
 -0.25428524
 -0.54690962
 -0.94115796
 -1.08377547
 -1.22277506
 -1.35545597
 -1.47337440
 -1.54763797
 -1.54658842
 -1.46833338
 -1.46754671
 -1.47136054
 -1.47535687
 -1.47953448
 -1.48389348
 -1.48843409
 -1.49315666
 -1.49806139
 -1.50314682
 -1.50841316
 -1.51386073
 -1.51948990
 -1.52530111
 -1.53129487
 -1.53747174
 -1.54383235
 -1.55037739
 -1.55710773
 -1.56402463
 -1.57113050
 -1.57843134
 -1.58594707
 -1.59380311
 -1.75615867
 -2.00497824
 -2.33877936
 -2.76183079
 -3.00461833
 -3.26778021
 -3.52481405
 -3.69719778
 -3.79735339
 -3.83471520
 -3.81693682
 -3.81638468
 -3.84249518
 -3.91311884
 -4.02447024
 -4.17392054
 -4.36003117
 -4.58277090
 -4.78936366
 -4.97622673
 -5.14335916
 -5.29076235
 -5.41843940
 -5.52641423
 -5.59432568
 -5.63364075
 -5.65317941
 -5.66019227
 -5.66103488
 -5.66163825
 -5.66786478
 -5.68473205
 -5.71439594
 -5.75776083
 -5.81528000
 -5.90892560
 -6.03319749
 -6.14371108
 -6.21357684
 -6.25435068
 -6.27490858
 -6.28253618
 -6.28318531
