  0.00000000
  0.74971104
  0.74970419
  0.74969702
  0.74968945
  0.74968141
  0.74967287
  0.74966380
  0.74965416
  0.74964394
  0.74963373
  0.74962261
  0.74961079
  0.74959822
  0.74958479
  0.74957039
  0.74955490
  0.74953819
  0.74952015
  0.74950065
  0.74947928
  0.74945586
  0.74943016
  0.74940195
  0.74937084
  0.74933628
  0.74929784
  0.74925479
  0.74920610
  0.74914987
  0.74908213
  0.74893486
  0.74883090
  0.74877945
  0.74875885
  0.74863004
  0.74846293
  0.74813513
  0.74787689
  0.74751616
  0.74701782
  0.74627990
  0.74505914
  0.74259318
  0.73469307
  0.33367802
 -0.70239185
 -0.72327583
 -0.73304533
 -0.73971898
 -0.74428081
 -0.74589179
 -0.74674191
 -0.74729322
 -0.74768017
 -0.74796752
 -0.74789693
 -0.74807797
 -0.74823172
 -0.74837076
 -0.74848754
 -0.74863664
 -0.74872043
 -0.74879472
 -0.74886104
 -0.74892079
 -0.74897513
 -0.74902502
 -0.74907122
 -0.74911434
 -0.74915490
 -0.74919347
 -0.74924388
 -0.74927758
 -0.74930794
 -0.74933552
 -0.74936084
 -0.74938244
 -0.74916392
 -0.74939731
 -0.74943774
 -0.74945602
 -0.74947214
 -0.74948693
 -0.74950067
 -0.74951352
 -0.74952675
 -0.74953620
 -0.74954039
 -0.74954269
 -0.74954328
 -0.74954221
 -0.74953953
 -0.74953521
 -0.74952920
 -0.74952143
 -0.74951195
 -0.74949506
 -0.74947974
 -0.74946173
 -0.74944041
 -0.74941506
 -0.74938478
 -0.74934838
 -0.74930421
 -0.74924993
 -0.74918215
 -0.74909575
 -0.74900448
 -0.74887828
 -0.74872465
 -0.74853499
 -0.74829411
 -0.74797666
 -0.74753724
 -0.74688566
 -0.74581372
 -0.74370762
 -0.73761866
 -0.46895416
  0.73790391
  0.74399290
  0.74599651
  0.74699852
  0.74760319
  0.74801030
  0.74830519
  0.74853061
  0.74877921
  0.74937737
  0.74970110
  0.74978098
  0.74981270
  0.74982486
  0.74982235
  0.74980950
  0.74978671
  0.74974763
  0.74967798
  0.74953087
  0.74905705
 -0.74174105
 -0.74945503
 -0.74968578
 -0.74976420
 -0.74980265
  0.00000000
