  0.01155245
  0.01155245
  0.00103617
  0.00006814
  0.00000437
  0.00000028
  0.00000002
  0.00000000
  0.00000000
  0.00000000
  0.00000000
  0.00003414
  0.00005360
  0.00004876
  0.00004165
  0.00000000
  0.00000000
  0.00000000
  0.00000000
  0.00000000
 -0.00000000
 -0.00000000
 -0.00000000
 -0.00000000
 -0.00000000
 -0.00000000
 -0.00000000
 -0.00000000
 -0.00000000
  0.00000000
  0.00000000
 -0.00000000
 -0.00000000
  0.00000000
 -0.00000000
 -0.00000000
 -0.00000000
  0.00124817
  0.00000000
  0.00000000
  0.00000000
 -0.00000000
 -0.00000000
  0.00000000
  0.00000000
  0.00201979
  0.00000000
  0.00000000
  0.00000000
  0.00000000
  0.00000000
  0.00000000
  0.00000000
  0.00000000
  0.00000000
  0.00000001
  0.00000000
  0.00000000
  0.00000000
  0.00000000
  0.00000005
  0.00000085
  0.00001331
  0.00020790
  0.00299973
  0.02555496
  0.07106771
  0.10701690
  0.13318265
  0.22936724
  0.27030716
  0.30727629
  0.24286798
  0.13694126
  0.15430795
  0.01520943
  0.01519442
  0.10809766
  0.05440466
  0.01165149
  0.01159552
