  0.00000000
  0.00000000
 -0.06268565
 -0.12736265
 -0.19628190
 -0.27226816
 -0.35903774
 -0.27228884
 -0.19627190
 -0.12732444
 -0.06261979
  0.00009679
  0.00249694
  0.00263127
  0.00258270
  0.00028369
 -0.05246482
 -0.10483296
 -0.15761692
 -0.16081975
 -0.10634738
 -0.05219813
 -0.00814617
 -0.00631345
 -0.00658228
 -0.00390600
  0.05210133
  0.10074655
  0.05204622
  0.00000003
  0.06268352
  0.11242675
  0.16033751
  0.18473726
  0.13861610
  0.09161497
  0.05141322
 -0.00007338
 -0.00009464
  0.02320791
  0.04664286
  0.06636763
  0.01092214
  0.00010262
 -0.06252401
  0.00017676
  0.00010404
  0.00003411
 -0.06272833
 -0.12751704
 -0.19661851
 -0.27289841
 -0.36039355
 -0.42109232
 -0.42104197
 -0.40295754
 -0.34532368
 -0.28568281
 -0.36016785
 -0.36042101
 -0.27295375
 -0.19667732
 -0.12757552
 -0.06276325
  0.00003715
  0.06273657
  0.12731031
  0.19262911
  0.25356986
  0.27077789
  0.19502102
  0.12654776
  0.06222401
 -0.00040579
 -0.04723272
 -0.11109255
 -0.11362153
 -0.11615057
 -0.06437697
 -0.00193366
  0.00040775
