  0.00000000
  0.00000000
 -0.12472057
 -0.24942103
 -0.37407947
 -0.49863877
 -0.62275443
 -0.49867067
 -0.37406213
 -0.24934927
 -0.12459088
  0.00019358
  0.00499383
  0.00526248
  0.00516535
  0.00056738
 -0.10454706
 -0.20667222
 -0.30537357
 -0.31118951
 -0.20957177
 -0.10401947
 -0.01629090
 -0.01262622
 -0.01316379
 -0.00781183
  0.10382798
  0.19883087
  0.10371892
  0.00000006
  0.12471637
  0.22117499
  0.31031514
  0.35391763
  0.27044028
  0.18121974
  0.10246631
 -0.00014675
 -0.00018928
  0.04638253
  0.09301656
  0.13196406
  0.02184085
  0.00020525
 -0.12440228
  0.00035353
  0.00020809
  0.00006822
 -0.12480461
 -0.24971099
 -0.37466267
 -0.49961048
 -0.62454124
 -0.69993931
 -0.69988039
 -0.67833731
 -0.60442141
 -0.51909867
 -0.62424410
 -0.62457737
 -0.49969574
 -0.37476452
 -0.24982080
 -0.12487336
  0.00007431
  0.12482084
  0.24932272
  0.36773371
  0.46934306
  0.49633702
  0.37189256
  0.24788997
  0.12381148
 -0.00081158
 -0.09418594
 -0.21863358
 -0.22344840
 -0.22825281
 -0.12804946
 -0.00386729
  0.00081550
  0.00000000
