  0.00000000
  0.00000000
  0.02969075
  0.05928487
  0.08877506
  0.11814625
  0.14738035
  0.17646644
  0.20542337
  0.23518004
  0.26456117
  0.29402058
  0.32354400
  0.35309992
  0.38264715
  0.41214685
  0.44218785
  0.47171436
  0.50124096
  0.53077112
  0.56029647
  0.58982264
  0.61934945
  0.64888180
  0.67840933
  0.70793076
  0.73744297
  0.76696884
  0.79649487
  0.82618056
  0.85583176
  0.82798034
  0.79131861
  0.78508451
  0.81776491
  0.85211068
  0.80850714
  0.74052019
  0.71902994
  0.69817711
  0.63226031
  0.62706255
  0.60893297
  0.62030102
  0.59919529
  0.61828408
  0.50900475
  0.78002208
  0.73314639
  0.68628199
  0.63940715
  0.59253229
  0.54565737
  0.44335222
  0.31080473
  0.30749109
  0.32548563
  0.35236581
  0.30549096
  0.25861599
  0.21174104
  0.16486611
  0.11799119
  0.05258599
  0.02648658
  0.00171356
 -0.02184171
 -0.04418453
 -0.06524940
 -0.09273197
 -0.11814975
 -0.14384681
 -0.16975347
 -0.19584616
 -0.14787405
 -0.13646428
 -0.12505425
 -0.11364412
 -0.10281886
 -0.09128137
 -0.07973328
 -0.06862741
 -0.05676307
 -0.04387264
 -0.03290440
 -0.02193625
 -0.01096809
