  0.01155245
  0.01155245
  0.02220143
  0.03615889
  0.05189449
  0.06837287
  0.08511368
  0.10192717
  0.11874437
  0.13555671
  0.15261241
  0.16958084
  0.18655786
  0.20355711
  0.22058217
  0.23763429
  0.25471530
  0.27183297
  0.28901623
  0.30629508
  0.32353794
  0.34075866
  0.35799341
  0.37530742
  0.39267810
  0.41005278
  0.42755362
  0.44527613
  0.46331656
  0.48157531
  0.49795793
  0.47382815
  0.47493910
  0.50483943
  0.56313541
  0.58530105
  0.60446574
  0.57859390
  0.59874169
  0.61428725
  0.63011979
  0.64649912
  0.66374239
  0.68208424
  0.70050785
  0.67541959
  0.49985936
  0.45667060
  0.46691660
  0.52483981
  0.63473936
  0.64694273
  0.63689848
  0.62392869
  0.60966467
  0.59492672
  0.50616967
  0.49368230
  0.48174895
  0.47200270
  0.46096016
  0.46464458
  0.45132919
  0.43835026
  0.42557796
  0.41297808
  0.40053070
  0.38820956
  0.37597695
  0.36378157
  0.35156158
  0.33931349
  0.33261502
  0.31971695
  0.30645632
  0.29297269
  0.27939882
  0.26510539
  0.18404826
  0.23712513
  0.23154629
  0.21718207
  0.20263482
  0.18821369
  0.17397211
  0.15991582
  0.14637751
  0.13262649
  0.11834771
  0.10450429
  0.09102728
  0.07787231
  0.06503823
  0.05258932
  0.04069767
  0.02969945
  0.02011269
  0.01247746
  0.00721390
  0.00392347
  0.00205246
  0.00105270
  0.00053626
  0.00027345
  0.00014022
  0.00007252
  0.00003791
  0.00002006
  0.00000897
  0.00000442
  0.00000220
  0.00000109
  0.00000054
  0.00000027
  0.00000013
  0.00000007
  0.00000003
  0.00000002
  0.00000001
  0.00000000
  0.00000000
  0.00000000
  0.00000000
  0.00000001
  0.00000002
  0.00000005
  0.00000011
  0.00000024
  0.00000034
  0.00000002
  0.00000000
  0.00000004
  0.00000061
  0.00001037
  0.00018502
  0.00255944
  0.01812507
  0.05026909
  0.08501799
  0.11793029
  0.14840320
  0.18109260
  0.17598672
  0.12741180
  0.08202054
  0.04108148
