  0.01155356
  0.01155356
  0.02298576
  0.03872253
  0.05745211
  0.07823697
  0.10066866
  0.12463629
  0.15012723
  0.17695849
  0.20214289
  0.21824943
  0.23257564
  0.24581643
  0.25816488
  0.26972263
  0.28059406
  0.29098041
  0.30143519
  0.31363698
  0.32912067
  0.34594255
  0.36323634
  0.38211795
  0.40793884
  0.43861052
  0.47187493
  0.50749953
  0.54564652
  0.58618103
  0.61728772
  0.56768324
  0.55237301
  0.57619192
  0.62536762
  0.62822007
  0.62645524
  0.57880367
  0.60459094
  0.64094177
  0.67927825
  0.71996739
  0.76371439
  0.81129008
  0.86207634
  0.86099362
  0.65650719
  0.59365009
  0.59554675
  0.65497671
  0.77200304
  0.76238149
  0.72661289
  0.68911949
  0.65177147
  0.61532665
  0.50627469
  0.49582141
  0.48408698
  0.47349559
  0.47187595
  0.46510598
  0.46486991
  0.46519433
  0.46515954
  0.46484742
  0.46434952
  0.46374851
  0.46311365
  0.46249707
  0.46193083
  0.46148255
  0.46668474
  0.44870015
  0.43012841
  0.41122886
  0.39219301
  0.37213846
  0.25699566
  0.33271411
  0.32496823
  0.30483367
  0.28442885
  0.26419377
  0.24420627
  0.22447595
  0.20546605
  0.18023395
  0.15524731
  0.13257495
  0.11184363
  0.09277301
  0.07518775
  0.05902357
  0.04435427
  0.03142851
  0.02065899
  0.01252254
  0.00745939
  0.00417691
  0.00224862
  0.00118662
  0.00062196
  0.00032640
  0.00017233
  0.00009184
  0.00004952
  0.00002705
  0.00001250
  0.00000597
  0.00000287
  0.00000138
  0.00000066
  0.00000032
  0.00000015
  0.00000007
  0.00000004
  0.00000002
  0.00000001
  0.00000000
  0.00000000
  0.00000000
  0.00000001
  0.00000001
  0.00000003
  0.00000006
  0.00000013
  0.00000030
  0.00000045
  0.00000002
  0.00000000
  0.00000005
  0.00000080
  0.00001277
  0.00021509
  0.00281520
  0.01888977
  0.05091910
  0.09071351
  0.13225387
  0.17476676
  0.22399372
  0.21950254
  0.14991441
  0.09133250
  0.04335595
