  0.00000000
  0.00000000
 -0.09921959
 -0.19831027
 -0.29727037
 -0.39609073
 -0.49475635
 -0.59325015
 -0.69155988
 -0.66451218
 -0.56614209
 -0.46773198
 -0.36925938
 -0.27071578
 -0.17210820
 -0.07345998
  0.02516339
  0.12251048
  0.03840233
 -0.00458944
 -0.00025061
  0.00011627
 -0.00000196
 -0.00000777
  0.00000108
 -0.00004075
  0.00027013
 -0.00064786
 -0.05149333
 -0.08964391
 -0.16163800
 -0.26942658
 -0.37711162
 -0.48475738
 -0.59239538
 -0.69999796
 -0.69999942
 -0.69999949
 -0.69999952
 -0.69999930
 -0.59133756
 -0.48461616
 -0.37934146
 -0.27518060
 -0.17190946
 -0.06937939
  0.03250296
  0.13378787
  0.23448986
  0.33459212
  0.43404909
  0.53278819
  0.63071155
  0.69999939
  0.69999377
  0.59812242
  0.49656440
  0.39526603
  0.29419107
  0.19332532
  0.09267843
 -0.00771710
  0.03926103
  0.14288210
  0.24710403
  0.36330180
  0.47510444
  0.58723922
  0.69999951
  0.67984905
  0.57876778
  0.47593147
  0.37103727
  0.26425625
  0.15280723
  0.04041961
 -0.07224217
 -0.18491650
 -0.09243671
 -0.00208897
  0.00091897
 -0.00009623
  0.00000738
  0.00001237
 -0.00000793
 -0.00003243
 -0.00004758
  0.00041814
  0.00033425
 -0.00923013
 -0.01814017
  0.05806551
  0.15548665
  0.25793640
  0.33636205
  0.22448082
  0.11234067
  0.00000000
