  0.00819654
  0.00819654
  0.00819654
  0.00672844
  0.00081287
 -0.01268651
 -0.03720194
 -0.07663937
 -0.13563053
 -0.21992433
 -0.31121313
 -0.39453387
 -0.46814098
 -0.53021266
 -0.57880080
 -0.61178601
 -0.62682938
 -0.62131653
 -0.59254992
 -0.58300896
 -0.58421581
 -0.58428539
 -0.58425142
 -0.58425202
 -0.58425452
 -0.58425414
 -0.58426762
 -0.58418247
 -0.58437661
 -0.59902202
 -0.62501510
 -0.66854804
 -0.73739150
 -0.82921044
 -0.94214469
 -1.07472275
 -1.22779073
 -1.36541494
 -1.48757030
 -1.59441576
 -1.68778811
 -1.74921641
 -1.78785413
 -1.81024315
 -1.82140905
 -1.82546849
 -1.82599412
 -1.82625291
 -1.82937716
 -1.83850143
 -1.85688694
 -1.88805100
 -1.93592037
 -2.00503567
 -2.09851420
 -2.20747184
 -2.30591911
 -2.39236771
 -2.46519407
 -2.52260356
 -2.56259903
 -2.58294881
 -2.58114792
 -2.59124875
 -2.63078665
 -2.71266421
 -2.83880197
 -3.01965521
 -3.26758236
 -3.60649647
 -3.90446898
 -4.15967845
 -4.37337299
 -4.54410559
 -4.66669463
 -4.73416280
 -4.75115500
 -4.72211860
 -4.65059190
 -4.61683665
 -4.61611577
 -4.61641526
 -4.61638574
 -4.61638786
 -4.61639118
 -4.61638921
 -4.61638174
 -4.61637170
 -4.61645188
 -4.61650964
 -4.61509399
 -4.61265854
 -4.61934311
 -4.63437131
 -4.65460354
 -4.67469212
 -4.68344662
 -4.68560967
