  0.00000000
  0.74994286
  0.74994103
  0.74993825
  0.74993427
  0.74992866
  0.74992826
  0.74992381
  0.74992032
  0.74991812
  0.74986777
  0.74986621
  0.74986462
  0.74986299
  0.74986132
  0.74985961
  0.74991388
  0.74991008
  0.74990463
  0.74989728
  0.74988762
  0.74987507
  0.74986359
  0.74984892
  0.74983007
  0.74979641
  0.74977355
  0.74972204
  0.74963239
  0.74947235
  0.74922669
  0.74879874
  0.74783802
  0.74526612
 -0.48721873
 -0.74417748
 -0.74720271
 -0.74836584
 -0.74880105
 -0.74805076
 -0.74832057
 -0.74852482
 -0.74868480
 -0.74881349
 -0.74894527
 -0.74904278
 -0.74912784
 -0.74920073
 -0.74921841
 -0.74926596
 -0.74958101
 -0.74962393
 -0.74966636
 -0.74972601
 -0.74973228
 -0.74972500
 -0.74948099
 -0.74948805
 -0.74949492
 -0.74950162
 -0.74950813
 -0.74951449
 -0.74952068
 -0.74952671
 -0.74953260
 -0.74953834
 -0.74954395
 -0.74954941
 -0.74955470
 -0.74955945
 -0.74956452
 -0.74956947
 -0.74957431
 -0.74957905
 -0.74958368
 -0.74958822
 -0.74959266
 -0.74959701
 -0.74960127
 -0.74979162
 -0.74980227
 -0.74981637
 -0.74983265
 -0.74984989
 -0.74986712
 -0.74989623
 -0.74990315
 -0.74990745
 -0.74990991
 -0.74991426
 -0.74994400
 -0.74994519
 -0.74994480
 -0.74994279
 -0.74993881
 -0.74993205
 -0.74992908
 -0.74991661
 -0.74989919
 -0.74987341
 -0.74983180
 -0.74975408
 -0.74958945
 -0.74925353
 -0.74865125
 -0.74682576
  0.30779723
  0.74612326
  0.73110179
  0.73336384
  0.73514389
  0.73657890
  0.73776142
  0.73875239
  0.73959471
  0.74031805
  0.74094110
  0.74146915
  0.74191739
  0.74233572
  0.74274284
  0.74311017
  0.74343444
  0.74370520
  0.74915748
  0.74934419
  0.74949436
  0.74961193
  0.74970231
  0.74981154
  0.74991838
  0.74995266
  0.74995921
  0.74995655
  0.74994126
  0.74985336
  0.73010701
  0.74982650
  0.74988377
  0.74988155
  0.74980261
 -0.74930377
 -0.74979393
 -0.74982031
 -0.74974137
 -0.53096828
  0.00000000
