  0.01155245
  0.01155245
  0.00241420
  0.00042549
  0.00007670
  0.00001483
  0.00000126
  0.00000014
  0.00000001
  0.00000000
  0.00000017
  0.00000007
  0.00000003
  0.00000001
  0.00000001
  0.00000000
  0.00000000
  0.00000000
  0.00000000
  0.00000000
  0.00000000
  0.00000000
  0.00000000
 -0.00000000
 -0.00000000
  0.00000000
 -0.00000000
 -0.00000000
 -0.00000000
 -0.00000000
 -0.00000000
 -0.00000000
 -0.00000000
  0.00000000
  0.00000000
  0.00000000
 -0.00000000
 -0.00000000
 -0.00000000
  0.00000000
  0.00000000
  0.00000000
  0.00000000
  0.00000000
  0.00000000
  0.00000000
  0.00000000
  0.00000000
  0.00000000
  0.00000000
  0.00000000
  0.00000000
  0.00000000
  0.00000000
  0.00000000
  0.00000000
  0.00000005
  0.00000006
  0.00000008
  0.00000011
  0.00000015
  0.00000020
  0.00000026
  0.00000035
  0.00000047
  0.00000064
  0.00000085
  0.00000115
  0.00000155
  0.00000216
  0.00000292
  0.00000393
  0.00000526
  0.00000705
  0.00000943
  0.00001261
  0.00001685
  0.00002253
  0.00003011
  0.00000019
  0.00000051
  0.00000139
  0.00000392
  0.00001137
  0.00003394
  0.00005512
  0.00024819
  0.00100454
  0.00359354
  0.01053482
  0.03046785
  0.07582520
  0.12616680
  0.17897140
  0.23379271
  0.29024996
  0.39496244
  0.45458565
  0.51257197
  0.56854030
  0.62228228
  0.67394016
  0.77328221
  0.69765833
  0.70050809
  0.70490507
  0.70915567
  0.66313165
  0.10517156
  0.10382710
  0.10273972
  0.10163912
  0.10053197
  0.09941967
  0.09830530
  0.09719781
  0.09609710
  0.09498036
  0.09430661
  0.09265751
  0.09185190
  0.09069403
  0.08947268
  0.08833467
  0.50930594
  0.49730087
  0.48117428
  0.46137348
  0.43826401
  0.44527491
  0.41200112
  0.33189936
  0.25201132
  0.18165664
  0.11893181
  0.06311488
  0.01873492
  0.00223051
  0.00015080
  0.00000966
  0.00000078
  0.00000004
  0.00000065
  0.00001025
  0.00016050
  0.00244686
