  0.02310491
  0.02310491
  0.02516165
  0.03439220
  0.05594361
  0.08977370
  0.12461646
  0.11331434
  0.09130926
  0.05825645
  0.02310116
  0.02308041
  0.02307935
  0.02307812
  0.02307670
  0.02307504
  0.02309838
  0.10238731
  0.20858946
  0.33280331
  0.47898252
  0.65365641
  0.82756700
  0.69887628
  0.56685251
  0.40531198
  0.28888957
  0.12831527
  0.02835987
  0.07306166
  0.11102716
  0.14428394
  0.17417298
  0.19993044
  0.17425922
  0.14782322
  0.11587256
  0.08824647
  0.05300938
  0.02310941
  0.02314828
  0.02315705
  0.02317001
  0.02319111
  0.02319320
  0.02250089
  0.02246387
  0.04397590
  0.02296955
  0.02300562
  0.02309250
  0.08525105
  0.15433804
  0.23021105
  0.13815076
  0.06725969
  0.02310019
  0.02308587
  0.02308607
  0.02308626
  0.02308645
  0.02308664
  0.02308682
  0.02308699
  0.02308716
  0.02308731
  0.02308746
  0.02308761
  0.02308774
  0.02308787
  0.02308800
  0.02308813
  0.02308824
  0.02308835
  0.02308846
  0.02308856
  0.02308866
  0.02308876
  0.02308884
  0.02310166
  0.03485910
  0.04935710
  0.06197199
  0.07134114
  0.07695637
  0.08114932
  0.05187373
  0.03420749
  0.02606022
  0.02329920
  0.02310436
  0.02964207
  0.05351615
  0.09626932
  0.15481576
  0.22923617
  0.36213865
  0.41506870
  0.46654209
  0.51622384
  0.56392887
  0.60978330
  0.67494018
  0.50212175
  0.41009708
  0.31855649
  0.22368311
  0.11489777
  0.02310407
  0.02299726
  0.02298575
  0.02296898
  0.02294742
  0.02291867
  0.02287636
  0.02280554
  0.02269727
  0.02261207
  0.02281899
  0.02357936
  0.02401598
  0.02381199
  0.02356631
  0.02342324
  0.02310820
  0.04314171
  0.06940944
  0.09104603
  0.10852417
  0.13251636
  0.14446022
  0.10512633
  0.06765772
  0.04179692
  0.02550422
  0.02095478
  0.02310496
  0.02151828
  0.02252577
  0.03483388
  0.05470146
  0.08475030
  0.05513700
  0.03446390
  0.02237579
  0.02160392
