  0.00000000
  0.00000000
  0.03184901
  0.06252850
  0.09201039
  0.12019004
  0.16144114
  0.19727908
  0.23406393
  0.27194922
  0.19196645
  0.20590203
  0.21988377
  0.23386840
  0.24785625
  0.26184766
  0.46004212
  0.49536087
  0.52943800
  0.56225466
  0.59405367
  0.62559578
  0.67156581
  0.71613271
  0.76016154
  0.76377530
  0.84724564
  0.89492894
  0.91116466
  0.86381020
  0.82245488
  0.78534618
  0.75130215
  0.72146431
  0.75124312
  0.78140498
  0.78805026
  0.84360333
  0.88536705
  0.44094368
  0.43245658
  0.42423612
  0.41608779
  0.40797324
  0.40892387
  0.40301033
  0.39857860
  0.39281499
  0.36836371
  0.36037892
  0.56506936
  0.54592650
  0.52625111
  0.52991560
  0.48135996
  0.43871345
  0.21356551
  0.20855793
  0.20369334
  0.19882568
  0.19395497
  0.18908111
  0.18420388
  0.17932287
  0.17443737
  0.16954605
  0.16464599
  0.15972861
  0.15474365
  0.14913402
  0.14411399
  0.13919226
  0.13431007
  0.12944872
  0.12459959
  0.11975785
  0.11492036
  0.11008483
  0.10524945
  0.18969013
  0.17394805
  0.15772165
  0.14102353
  0.12386310
  0.10623636
  0.09854330
  0.07267952
  0.04836301
  0.02522253
  0.00301302
 -0.02754693
 -0.07136316
 -0.11273112
 -0.15149964
 -0.18732875
 -0.21964980
 -0.28125881
 -0.32371552
 -0.36500776
 -0.40486309
 -0.44313317
 -0.47991935
 -0.55812944
 -0.53855477
 -0.57125037
 -0.60533619
 -0.64035654
 -0.62961506
 -0.10514043
 -0.10368934
 -0.10258843
 -0.10146888
 -0.10033788
 -0.09919441
 -0.09803506
 -0.09685238
 -0.09563274
 -0.09441542
 -0.09396061
 -0.09215512
 -0.09097303
 -0.08995718
 -0.08894031
 -0.08794470
 -0.50930238
 -0.47127894
 -0.43267982
 -0.39358677
 -0.35409695
 -0.33959063
 -0.29338796
 -0.24653026
 -0.19965952
 -0.15278878
 -0.10591862
 -0.05904981
 -0.01218542
  0.03343253
  0.08027873
  0.12709906
  0.17008951
  0.21978133
  0.17295003
  0.12608879
  0.07921482
  0.03176245
