  0.01155245
  0.01155245
  0.03585300
  0.06922474
  0.10609012
  0.14505594
  0.19713749
  0.22921692
  0.25893698
  0.28629311
  0.19196999
  0.20592414
  0.21990673
  0.23389237
  0.24788139
  0.26187419
  0.46004767
  0.52254165
  0.58809600
  0.65740700
  0.73182746
  0.81394222
  0.90925560
  0.91499278
  0.91976489
  0.87688840
  0.92593162
  0.92782444
  0.92837412
  0.92737192
  0.92524898
  0.92250682
  0.91934920
  0.91612832
  0.91937928
  0.92222300
  0.89585145
  0.92285656
  0.92820720
  0.44094752
  0.43249361
  0.42428071
  0.41614356
  0.40804717
  0.40899949
  0.41305271
  0.39912437
  0.40224966
  0.36848084
  0.36046510
  0.56507966
  0.56779401
  0.56877948
  0.59500575
  0.51933111
  0.45546974
  0.21356979
  0.20857510
  0.20371037
  0.19884259
  0.19397177
  0.18909781
  0.18422050
  0.17933944
  0.17445393
  0.16956265
  0.16466269
  0.15974550
  0.15476083
  0.14915171
  0.14413234
  0.13921152
  0.13433058
  0.12947093
  0.12462409
  0.11978546
  0.11495215
  0.11012223
  0.10529436
  0.18969326
  0.18030865
  0.16938132
  0.15689599
  0.14281798
  0.12707324
  0.12077142
  0.08558982
  0.05553429
  0.03092550
  0.01367322
  0.00292040
  0.00024224
  0.00002152
  0.00000222
  0.00000027
  0.00000004
  0.00000000
  0.00000000
  0.00000000
  0.00000000
  0.00000000
  0.00000000
  0.00000000
  0.00000000
  0.00000000
  0.00000000
 -0.00000000
 -0.00000000
  0.00003032
  0.00003310
  0.00003537
  0.00003783
  0.00004049
  0.00004338
  0.00004652
  0.00004997
  0.00005383
  0.00005797
  0.00005929
  0.00006628
  0.00007148
  0.00007585
  0.00008043
  0.00008516
  0.00000000
  0.00000000
  0.00000000
  0.00000000
  0.00000000
  0.00000000
  0.00000000
  0.00000001
  0.00000013
  0.00000207
  0.00003249
  0.00050393
  0.00654945
  0.03767925
  0.09026730
  0.15111816
  0.21467854
  0.29542175
  0.21798910
  0.14972137
  0.08896970
  0.03608298
