  0.00000000
  0.74951419
  0.74949418
  0.74947195
  0.74944685
  0.74941849
  0.74939312
  0.74936237
  0.74932939
  0.74929418
  0.74922249
  0.74917754
  0.74912800
  0.74908116
  0.74901492
  0.74893955
  0.74885380
  0.74875324
  0.74863240
  0.74848471
  0.74829985
  0.74806145
  0.74772638
  0.74725700
  0.74664054
  0.74573819
  0.74461662
  0.74282772
  0.74027078
  0.73472350
  0.72336831
  0.21228621
 -0.72476173
 -0.73747502
 -0.74189692
 -0.74394932
 -0.74517486
 -0.74600535
 -0.74674989
 -0.74716510
 -0.74744961
 -0.74682825
 -0.74700240
 -0.74716416
 -0.74795258
 -0.74811117
 -0.74832223
 -0.74843165
 -0.74791475
 -0.74797544
 -0.74893484
 -0.74902085
 -0.74912136
 -0.74922696
 -0.74933057
 -0.74942773
 -0.74951000
 -0.74956314
 -0.74959612
 -0.74961669
 -0.74962856
 -0.74963357
 -0.74963239
 -0.74962512
 -0.74961082
 -0.74958752
 -0.74955126
 -0.74949403
 -0.74940829
 -0.74928740
 -0.74910532
 -0.74879940
 -0.74817635
 -0.74660320
 -0.73779377
  0.73960862
  0.74584726
  0.74718106
  0.74717398
  0.74768720
  0.74811570
  0.74846263
  0.74874059
  0.74896368
  0.74924748
  0.74933380
  0.74938816
  0.74942404
  0.74944778
  0.00000000
