  0.01240596
  0.21747712
  0.21682934
  0.21628574
  0.21573714
  0.21523451
  0.21690499
  0.21729071
  0.21767386
  0.21818113
  0.20873500
  0.20851549
  0.20848450
  0.21066268
  0.21020336
  0.20995896
  0.21009782
  0.21038398
  0.21066164
  0.21091710
  0.21107733
  0.21110562
  0.20830587
  0.20239283
  0.19706786
  0.18629197
  0.18371142
  0.17553111
  0.17723572
  0.15835116
  0.17020374
  0.18473300
  0.19130355
  0.18216056
  0.18404951
  0.18366274
  0.18340373
  0.18333906
  0.19095432
  0.19150959
  0.19132632
  0.14428399
  0.14386239
  0.14378657
  0.18609611
  0.18633970
  0.19142413
  0.19138123
  0.13912488
  0.13874530
  0.24953798
  0.24955263
  0.24956447
  0.24957419
  0.24958243
  0.24958986
  0.24969445
  0.24970778
  0.24968475
  0.24966400
  0.24964490
  0.24962692
  0.24955221
  0.24952179
  0.24948567
  0.24943796
  0.24936770
  0.24925007
  0.24946013
  0.24945294
  0.24944612
  0.24944032
  0.24943979
  0.24958789
  0.24959565
  0.24967735
  0.24966616
  0.24965535
  0.20795272
  0.20919294
  0.21049862
  0.21183073
  0.21319104
  0.21464978
  0.24340597
  0.24005159
  0.23691948
  0.23421704
  0.23194131
