task_id 14

[x]
1 1.640816330000
2 1.640816330000
3 1.640816330000
4 1.670995720000
5 1.731181170000
6 1.821516320000
7 1.942727140000
8 2.097827930000
9 2.288094170000
10 2.514180040000
11 2.776276220000
12 3.060274090000
13 3.374252870000
14 3.718100460000
15 4.095608770000
16 4.502799380000
17 4.943615250000
18 5.422914760000
19 5.943307670000
20 6.503184600000
21 7.101037150000
22 7.736655990000
23 8.409676740000
24 9.106549360000
25 9.804500710000
26 10.493405920000
27 11.139840000000
28 11.747712870000
29 12.261317090000
30 12.679367700000
31 12.960480840000
32 13.182239080000
33 13.343346170000
34 13.441970290000
35 13.499019190000
36 13.555171600000
37 13.616402000000
38 13.707272250000
39 13.848619680000
40 14.065398940000
41 14.343842180000
42 14.651927250000
43 14.888468820000
44 15.116709720000
45 15.337090740000
46 15.612358680000
47 15.875338810000
48 16.144098620000
49 16.420055730000
50 16.616552610000
51 16.804272820000
52 17.127036960000
53 17.423302540000
54 17.705685430000
55 17.980652010000
56 18.249329150000
57 18.508513230000
58 18.751942090000
59 18.970088610000
60 19.152563920000
61 19.293794090000
62 19.391289240000
63 19.444022580000
64 19.451664410000
65 19.414201600000
66 19.331598460000
67 19.203542820000
68 19.029230730000
69 18.807394470000
70 18.536563350000
71 18.218078310000
72 17.857426350000
73 17.465452920000
74 17.059896420000
75 16.666327750000
76 16.306058960000
77 15.987844800000
78 15.750907780000
79 15.566517770000
80 15.438413520000
81 15.320436950000
82 15.218321710000
83 15.135535430000
84 15.073542470000
85 15.031992620000
86 15.006028820000
87 14.997947000000
88 14.997378570000
89 14.998873190000
90 15.000000000000

[y]
1 24.918367350000
2 24.918367350000
3 24.918367350000
4 24.936762410000
5 24.973292600000
6 25.027198830000
7 25.096757310000
8 25.179567020000
9 25.271828690000
10 25.371972080000
11 25.479867580000
12 25.591878750000
13 25.715877850000
14 25.852770440000
15 26.004512590000
16 26.168970500000
17 26.336829560000
18 26.496016940000
19 26.635768310000
20 26.756408820000
21 26.859554540000
22 26.938221250000
23 26.972598370000
24 26.935559840000
25 26.807676270000
26 26.595952720000
27 26.305453500000
28 25.911417190000
29 25.412310810000
30 24.794171330000
31 24.166773930000
32 23.441144850000
33 22.610347720000
34 21.731991220000
35 20.917610540000
36 20.119466310000
37 19.348537080000
38 18.606876530000
39 17.898963320000
40 17.206341020000
41 16.563497270000
42 15.965708250000
43 15.540558970000
44 15.130158020000
45 14.733350120000
46 14.237117820000
47 13.762879890000
48 13.305631750000
49 12.885266870000
50 12.600938680000
51 12.329240340000
52 11.861793590000
53 11.432685460000
54 11.050956520000
55 10.722728120000
56 10.451847570000
57 10.239820120000
58 10.085362540000
59 9.981571280000
60 9.913316070000
61 9.868802640000
62 9.841130840000
63 9.826886270000
64 9.824849340000
65 9.834835610000
66 9.856634560000
67 9.888924500000
68 9.928065020000
69 9.966589000000
70 9.991212760000
71 9.983643880000
72 9.926246740000
73 9.800031450000
74 9.586399490000
75 9.269594730000
76 8.851688230000
77 8.345479850000
78 7.847151810000
79 7.376723040000
80 7.016755920000
81 6.685266550000
82 6.380805530000
83 6.103078680000
84 5.852778330000
85 5.631277550000
86 5.416416080000
87 5.246945220000
88 5.122113540000
89 5.040302120000
90 5.000000000000

[theta]
1 0.547392890000
2 0.547392890000
3 0.547392890000
4 0.545521860000
5 0.538015930000
6 0.520979860000
7 0.490405440000
8 0.451501490000
9 0.416970690000
10 0.390520740000
11 0.375676810000
12 0.376126590000
13 0.378884600000
14 0.382192410000
15 0.383850480000
16 0.363838740000
17 0.320662790000
18 0.262359700000
19 0.212231900000
20 0.170845000000
21 0.123137610000
22 0.051034390000
23 -0.053099800000
24 -0.181216970000
25 -0.298171000000
26 -0.422344250000
27 -0.575123940000
28 -0.771083220000
29 -0.976151050000
30 -1.149555630000
31 -1.274204070000
32 -1.379254900000
33 -1.458982080000
34 -1.500859120000
35 -1.500559470000
36 -1.491539070000
37 -1.448881460000
38 -1.373720230000
39 -1.267471340000
40 -1.162049160000
41 -1.094925430000
42 -1.063073870000
43 -1.063250810000
44 -1.063828880000
45 -1.064340250000
46 -1.064480850000
47 -1.039413290000
48 -0.989886130000
49 -0.966074310000
50 -0.966194570000
51 -0.966486060000
52 -0.966527690000
53 -0.933889420000
54 -0.873469260000
55 -0.789481870000
56 -0.685654980000
57 -0.565407410000
58 -0.444090220000
59 -0.357939080000
60 -0.305327850000
61 -0.276554400000
62 -0.263827930000
63 -0.260494810000
64 -0.260507400000
65 -0.258017390000
66 -0.247006350000
67 -0.220879180000
68 -0.171944710000
69 -0.090669980000
70 0.023760810000
71 0.157824690000
72 0.311515730000
73 0.484827690000
74 0.677754500000
75 0.859330920000
76 1.009596040000
77 1.126969500000
78 1.197238730000
79 1.228894890000
80 1.228876390000
81 1.247189810000
82 1.281097050000
83 1.328007730000
84 1.385367870000
85 1.450539580000
86 1.523143840000
87 1.566242750000
88 1.589063440000
89 1.598748070000
90 1.601090090000

[v]
1 0.000000000000
2 0.000000000000
3 0.163002190000
4 0.325514520000
5 0.487614620000
6 0.649298140000
7 0.810598860000
8 0.973145970000
9 1.135975450000
10 1.299084870000
11 1.462566730000
12 1.618955680000
13 1.775170800000
14 1.931352380000
15 2.089155830000
16 2.246601280000
17 2.403847850000
18 2.561180400000
19 2.718706090000
20 2.876414220000
21 3.034282450000
22 3.192231580000
23 3.350151550000
24 3.505907350000
25 3.657146810000
26 3.804285660000
27 3.943210700000
28 4.080005270000
29 4.210394650000
30 4.341597070000
31 4.457941390000
32 4.581061390000
33 4.620277310000
34 4.481627820000
35 4.347288950000
36 4.210743180000
37 4.074107410000
38 3.937439570000
39 3.800667650000
40 3.658072530000
41 3.514983250000
42 3.371976460000
43 3.264221100000
44 3.156755550000
45 3.049323380000
46 2.910132320000
47 2.770729500000
48 2.627482570000
49 2.484246800000
50 2.380193250000
51 2.276415180000
52 2.089527490000
53 1.902607360000
54 1.715653280000
55 1.528665570000
56 1.341645830000
57 1.154596270000
58 0.967447780000
59 0.780276030000
60 0.593113320000
61 0.405961010000
62 0.218820060000
63 0.031691340000
64 -0.155381070000
65 -0.342428880000
66 -0.529446030000
67 -0.716421620000
68 -0.903335490000
69 -1.090146930000
70 -1.277094420000
71 -1.464006360000
72 -1.650867780000
73 -1.837648540000
74 -2.024273500000
75 -2.210616610000
76 -2.394766730000
77 -2.210103210000
78 -2.023890390000
79 -1.837352630000
80 -1.681975770000
81 -1.525564890000
82 -1.368087560000
83 -1.209540180000
84 -1.049915400000
85 -0.889150510000
86 -0.706779200000
87 -0.526900430000
88 -0.349355780000
89 -0.173827900000
90 0.000000000000

[a]
1 0.000000000000
2 0.749514190000
3 0.749494180000
4 0.749471950000
5 0.749446850000
6 0.749418490000
7 0.749393120000
8 0.749362370000
9 0.749329390000
10 0.749294180000
11 0.749222490000
12 0.749177540000
13 0.749128000000
14 0.749081160000
15 0.749014920000
16 0.748939550000
17 0.748853800000
18 0.748753240000
19 0.748632400000
20 0.748484710000
21 0.748299850000
22 0.748061450000
23 0.747726380000
24 0.747257000000
25 0.746640540000
26 0.745738190000
27 0.744616620000
28 0.742827720000
29 0.740270780000
30 0.734723500000
31 0.723368310000
32 0.212286210000
33 -0.724761730000
34 -0.737475020000
35 -0.741896920000
36 -0.743949320000
37 -0.745174860000
38 -0.746005350000
39 -0.746749890000
40 -0.747165100000
41 -0.747449610000
42 -0.746828250000
43 -0.747002400000
44 -0.747164160000
45 -0.747952580000
46 -0.748111170000
47 -0.748322230000
48 -0.748431650000
49 -0.747914750000
50 -0.747975440000
51 -0.748934840000
52 -0.749020850000
53 -0.749121360000
54 -0.749226960000
55 -0.749330570000
56 -0.749427730000
57 -0.749510000000
58 -0.749563140000
59 -0.749596120000
60 -0.749616690000
61 -0.749628560000
62 -0.749633570000
63 -0.749632390000
64 -0.749625120000
65 -0.749610820000
66 -0.749587520000
67 -0.749551260000
68 -0.749494030000
69 -0.749408290000
70 -0.749287400000
71 -0.749105320000
72 -0.748799400000
73 -0.748176350000
74 -0.746603200000
75 -0.737793770000
76 0.739608620000
77 0.745847260000
78 0.747181060000
79 0.747173980000
80 0.747687200000
81 0.748115700000
82 0.748462630000
83 0.748740590000
84 0.748963680000
85 0.749247480000
86 0.749333800000
87 0.749388160000
88 0.749424040000
89 0.749447780000
90 0.000000000000

[phy]
1 0.000000000000
2 0.000000000000
3 -0.105483130000
4 -0.210078100000
5 -0.313227790000
6 -0.412456140000
7 -0.416629120000
8 -0.315679220000
9 -0.210756950000
10 -0.104362230000
11 0.002946560000
12 0.016338650000
13 0.017873620000
14 0.008150360000
15 -0.090887890000
16 -0.181062580000
17 -0.226907360000
18 -0.183958250000
19 -0.143533360000
20 -0.155994880000
21 -0.221464590000
22 -0.299739140000
23 -0.351891370000
24 -0.318429500000
25 -0.331845140000
26 -0.407068310000
27 -0.495919080000
28 -0.520089660000
29 -0.435049750000
30 -0.347869260000
31 -0.270134020000
32 -0.186236040000
33 -0.094475710000
34 0.000734110000
35 0.022544740000
36 0.109874580000
37 0.198530060000
38 0.286279520000
39 0.282734940000
40 0.189334640000
41 0.094442830000
42 -0.000727370000
43 -0.002461980000
44 -0.002253250000
45 -0.000495510000
46 0.092191650000
47 0.184632660000
48 0.094425690000
49 -0.000695930000
50 -0.001765290000
51 -0.000146590000
52 0.124535600000
53 0.249205160000
54 0.373848180000
55 0.498432330000
56 0.622832310000
57 0.699605760000
58 0.619552040000
59 0.495204970000
60 0.370660150000
61 0.246059550000
62 0.121439460000
63 -0.003184450000
64 -0.127747420000
65 -0.252283660000
66 -0.376772030000
67 -0.501166140000
68 -0.625299640000
69 -0.699575600000
70 -0.699624880000
71 -0.699657430000
72 -0.699680940000
73 -0.699697760000
74 -0.623219950000
75 -0.498746010000
76 -0.374116490000
77 -0.249394000000
78 -0.124652980000
79 0.000096830000
80 -0.103722140000
81 -0.208117260000
82 -0.313093540000
83 -0.418594910000
84 -0.524361830000
85 -0.590957520000
86 -0.470068290000
87 -0.350521530000
88 -0.232437040000
89 -0.115659090000
90 0.000000000000

[w]
1 0.000000000000
2 -0.485030860000
3 -0.482383800000
4 -0.476913910000
5 -0.459950090000
6 -0.019388160000
7 0.465410610000
8 0.482865830000
9 0.488780370000
10 0.491833470000
11 0.064158410000
12 0.007361460000
13 -0.046637830000
14 -0.470127080000
15 -0.428987730000
16 -0.218351320000
17 0.204423810000
18 0.192147300000
19 -0.059152890000
20 -0.310404050000
21 -0.370833300000
22 -0.247043300000
23 0.160637450000
24 -0.066285300000
25 -0.381712040000
26 -0.476943640000
27 -0.131568030000
28 0.484472060000
29 0.491890100000
30 0.490904380000
31 0.492926780000
32 0.496718680000
33 0.497689750000
34 0.119735580000
35 0.474491450000
36 0.482708180000
37 0.478449900000
38 -0.019337730000
39 -0.489123800000
40 -0.495493760000
41 -0.497423470000
42 -0.012022220000
43 0.001450930000
44 0.012224630000
45 0.498060710000
46 0.496088570000
47 -0.471241570000
48 -0.497026920000
49 -0.007686370000
50 0.011666810000
51 0.499652140000
52 0.499572190000
53 0.499442160000
54 0.499186860000
55 0.498432420000
56 0.307598450000
57 -0.320606720000
58 -0.497970360000
59 -0.498808260000
60 -0.499073150000
61 -0.499189400000
62 -0.499240660000
63 -0.499145950000
64 -0.499099660000
65 -0.498980030000
66 -0.498697600000
67 -0.497793000000
68 -0.297997760000
69 -0.000197530000
70 -0.000130500000
71 -0.000094240000
72 -0.000067420000
73 0.306598240000
74 0.498717900000
75 0.499325660000
76 0.499534640000
77 0.499631290000
78 0.499688120000
79 -0.499243160000
80 -0.499037480000
81 -0.498702940000
82 -0.498045640000
83 -0.496113370000
84 -0.310252780000
85 0.496656830000
86 0.498004430000
87 0.498416150000
88 0.498588610000
89 0.498656720000
90 0.000000000000

[dt]
1 0.012405960000
2 0.217477120000
3 0.216829340000
4 0.216285740000
5 0.215737140000
6 0.215234510000
7 0.216904990000
8 0.217290710000
9 0.217673860000
10 0.218181130000
11 0.208735000000
12 0.208515490000
13 0.208484500000
14 0.210662680000
15 0.210203360000
16 0.209958960000
17 0.210097820000
18 0.210383980000
19 0.210661640000
20 0.210917100000
21 0.211077330000
22 0.211105620000
23 0.208305870000
24 0.202392830000
25 0.197067860000
26 0.186291970000
27 0.183711420000
28 0.175531110000
29 0.177235720000
30 0.158351160000
31 0.170203740000
32 0.184733000000
33 0.191303550000
34 0.182160560000
35 0.184049510000
36 0.183662740000
37 0.183403730000
38 0.183339060000
39 0.190954320000
40 0.191509590000
41 0.191326320000
42 0.144283990000
43 0.143862390000
44 0.143786570000
45 0.186096110000
46 0.186339700000
47 0.191424130000
48 0.191381230000
49 0.139124880000
50 0.138745300000
51 0.249537980000
52 0.249552630000
53 0.249564470000
54 0.249574190000
55 0.249582430000
56 0.249589860000
57 0.249694450000
58 0.249707780000
59 0.249684750000
60 0.249664000000
61 0.249644900000
62 0.249626920000
63 0.249552210000
64 0.249521790000
65 0.249485670000
66 0.249437960000
67 0.249367700000
68 0.249250070000
69 0.249460130000
70 0.249452940000
71 0.249446120000
72 0.249440320000
73 0.249439790000
74 0.249587890000
75 0.249595650000
76 0.249677350000
77 0.249666160000
78 0.249655350000
79 0.207952720000
80 0.209192940000
81 0.210498620000
82 0.211830730000
83 0.213191040000
84 0.214649780000
85 0.243405970000
86 0.240051590000
87 0.236919480000
88 0.234217040000
89 0.231941310000

[s]
1 0.000000000000
2 0.000000000000
3 0.035343660000
4 0.070404150000
5 0.105196580000
6 0.139751360000
7 0.175822930000
8 0.211455570000
9 0.247272150000
10 0.283435800000
11 0.305288860000
12 0.337577330000
13 0.370095590000
14 0.406863860000
15 0.439147570000
16 0.471694070000
17 0.505043190000
18 0.538831320000
19 0.572727080000
20 0.606684920000
21 0.640468220000
22 0.673898020000
23 0.697856190000
24 0.709570500000
25 0.720706080000
26 0.708707840000
27 0.724412870000
28 0.716167880000
29 0.746232300000
30 0.687496850000
31 0.758758090000
32 0.846273250000
33 0.883875460000
34 0.816375870000
35 0.800116500000
36 0.773356740000
37 0.747206590000
38 0.721886560000
39 0.725753880000
40 0.700555910000
41 0.672508740000
42 0.486522130000
43 0.469598550000
44 0.453898960000
45 0.567467070000
46 0.542273080000
47 0.530384440000
48 0.502850820000
49 0.345620510000
50 0.330240600000
51 0.568052050000
52 0.521447090000
53 0.474823200000
54 0.428182780000
55 0.381528070000
56 0.334861200000
57 0.288296280000
58 0.241579240000
59 0.194823020000
60 0.148079050000
61 0.101346100000
62 0.054623380000
63 0.007908640000
64 -0.038770960000
65 -0.085431100000
66 -0.132063940000
67 -0.178652410000
68 -0.225156440000
69 -0.271948190000
70 -0.318574950000
71 -0.365190710000
72 -0.411792980000
73 -0.458382680000
74 -0.505234150000
75 -0.551760300000
76 -0.597919020000
77 -0.551787980000
78 -0.505275070000
79 -0.382082480000
80 -0.351857450000
81 -0.321129310000
82 -0.289802980000
83 -0.257863120000
84 -0.225364110000
85 -0.216424510000
86 -0.169663460000
87 -0.124832970000
88 -0.081825070000
89 -0.040317870000

[splus]
1 0.000000000000
2 0.000000000000
3 0.035343660000
4 0.070404150000
5 0.105196580000
6 0.139751360000
7 0.175822930000
8 0.211455570000
9 0.247272150000
10 0.283435800000
11 0.305288860000
12 0.337577330000
13 0.370095590000
14 0.406863860000
15 0.439147570000
16 0.471694070000
17 0.505043190000
18 0.538831320000
19 0.572727080000
20 0.606684920000
21 0.640468220000
22 0.673898020000
23 0.697856190000
24 0.709570500000
25 0.720706080000
26 0.708707840000
27 0.724412870000
28 0.716167880000
29 0.746232300000
30 0.687496850000
31 0.758758090000
32 0.846273250000
33 0.883875460000
34 0.816375870000
35 0.800116500000
36 0.773356740000
37 0.747206590000
38 0.721886560000
39 0.725753880000
40 0.700555910000
41 0.672508740000
42 0.486522130000
43 0.469598550000
44 0.453898960000
45 0.567467070000
46 0.542273080000
47 0.530384440000
48 0.502850820000
49 0.345620510000
50 0.330240600000
51 0.568052050000
52 0.521447090000
53 0.474823200000
54 0.428182780000
55 0.381528070000
56 0.334861200000
57 0.288296280000
58 0.241579240000
59 0.194823020000
60 0.148079050000
61 0.101346100000
62 0.054623380000
63 0.007908640000
64 0.000000000000
65 0.000000000000
66 0.000000000000
67 0.000000000000
68 0.000000000000
69 0.000000000000
70 0.000000000000
71 0.000000000000
72 0.000000000000
73 0.000000000000
74 0.000000000000
75 0.000000000000
76 0.000000000000
77 0.000000000000
78 0.000000000000
79 0.000000000000
80 0.000000000000
81 0.000000000000
82 0.000000000000
83 0.000000000000
84 0.000000000000
85 0.000000000000
86 0.000000000000
87 0.000000000000
88 0.000000000000
89 -0.000000000000

[sminus]
1 0.000000000000
2 0.000000000000
3 0.000000000000
4 0.000000000000
5 0.000000000000
6 0.000000000000
7 0.000000000000
8 0.000000000000
9 0.000000000000
10 0.000000000000
11 0.000000000000
12 0.000000000000
13 0.000000000000
14 0.000000000000
15 0.000000000000
16 0.000000000000
17 0.000000000000
18 0.000000000000
19 0.000000000000
20 0.000000000000
21 0.000000000000
22 0.000000000000
23 0.000000000000
24 0.000000000000
25 0.000000000000
26 0.000000000000
27 0.000000000000
28 0.000000000000
29 0.000000000000
30 0.000000000000
31 0.000000000000
32 0.000000000000
33 0.000000000000
34 0.000000000000
35 0.000000000000
36 0.000000000000
37 0.000000000000
38 0.000000000000
39 0.000000000000
40 0.000000000000
41 0.000000000000
42 0.000000000000
43 0.000000000000
44 0.000000000000
45 0.000000000000
46 0.000000000000
47 0.000000000000
48 0.000000000000
49 0.000000000000
50 0.000000000000
51 0.000000000000
52 0.000000000000
53 0.000000000000
54 0.000000000000
55 0.000000000000
56 0.000000000000
57 0.000000000000
58 0.000000000000
59 0.000000000000
60 0.000000000000
61 0.000000000000
62 0.000000000000
63 0.000000000000
64 0.038770960000
65 0.085431100000
66 0.132063940000
67 0.178652410000
68 0.225156440000
69 0.271948190000
70 0.318574950000
71 0.365190710000
72 0.411792980000
73 0.458382680000
74 0.505234150000
75 0.551760300000
76 0.597919020000
77 0.551787980000
78 0.505275070000
79 0.382082480000
80 0.351857450000
81 0.321129310000
82 0.289802980000
83 0.257863120000
84 0.225364110000
85 0.216424510000
86 0.169663460000
87 0.124832970000
88 0.081825070000
89 0.040317870000

[k]
1 0.000000000000
2 0.000000000000
3 -0.052938050000
4 -0.106612050000
5 -0.161945100000
6 -0.218777210000
7 -0.221267740000
8 -0.163300470000
9 -0.106966950000
10 -0.052371390000
11 0.001473280000
12 0.008170050000
13 0.008937760000
14 0.004075270000
15 -0.045569480000
16 -0.091533720000
17 -0.115441760000
18 -0.093030780000
19 -0.072263240000
20 -0.078636300000
21 -0.112578850000
22 -0.154525070000
23 -0.183586600000
24 -0.164823660000
25 -0.172293890000
26 -0.215575060000
27 -0.270507670000
28 -0.286340410000
29 -0.232373540000
30 -0.181307840000
31 -0.138451210000
32 -0.094209730000
33 -0.047378900000
34 0.000367050000
35 0.011274270000
36 0.055159380000
37 0.100589930000
38 0.147182480000
39 0.145258870000
40 0.095814980000
41 0.047362310000
42 -0.000363690000
43 -0.001230990000
44 -0.001126630000
45 -0.000247760000
46 0.046226860000
47 0.093379830000
48 0.047353670000
49 -0.000347970000
50 -0.000882650000
51 -0.000073290000
52 0.062591720000
53 0.127247710000
54 0.196148450000
55 0.272134350000
56 0.359096760000
57 0.420807340000
58 0.356616450000
59 0.270046290000
60 0.194311400000
61 0.125574370000
62 0.061019990000
63 -0.001592230000
64 -0.064223450000
65 -0.128887940000
66 -0.197837290000
67 -0.273908790000
68 -0.360970040000
69 -0.420781580000
70 -0.420823670000
71 -0.420851470000
72 -0.420871550000
73 -0.420885920000
74 -0.359390640000
75 -0.272337680000
76 -0.196303260000
77 -0.127348260000
78 -0.062651330000
79 0.000048420000
80 -0.052047850000
81 -0.105587480000
82 -0.161870930000
83 -0.222444150000
84 -0.289184060000
85 -0.335471640000
86 -0.254025900000
87 -0.182809820000
88 -0.118357740000
89 -0.058088800000

[up]
1 0.000000000000
2 0.000000000000
3 0.037139840000
4 0.077609840000
5 0.121551210000
6 0.169102810000
7 0.213170720000
8 0.244605140000
9 0.272664110000
10 0.297685970000
11 0.305720650000
12 0.340225020000
13 0.373271090000
14 0.408455610000
15 0.458358850000
16 0.513142980000
17 0.561014150000
18 0.586954010000
19 0.612458520000
20 0.652484030000
21 0.709687300000
22 0.773866850000
23 0.820848680000
24 0.821846360000
25 0.839912410000
26 0.855376350000
27 0.912533770000
28 0.913033000000
29 0.912700700000
30 0.807159350000
31 0.859606890000
32 0.922811340000
33 0.924077420000
34 0.816663540000
35 0.808776080000
36 0.814308050000
37 0.819361380000
38 0.823885500000
39 0.826959180000
40 0.764994690000
41 0.703086240000
42 0.486691990000
43 0.470153500000
44 0.454389880000
45 0.567602040000
46 0.566337930000
47 0.577930520000
48 0.525710160000
49 0.345735960000
50 0.330520430000
51 0.568092020000
52 0.552779820000
53 0.532826560000
54 0.508810670000
55 0.481201880000
56 0.450298870000
57 0.404760780000
58 0.324284320000
59 0.245329810000
60 0.175701560000
61 0.113563510000
62 0.057823170000
63 0.007920730000
64 0.000000000000
65 0.000000000000
66 0.000000000000
67 0.000000000000
68 0.000000000000
69 0.000000000000
70 0.000000000000
71 0.000000000000
72 0.000000000000
73 0.000000000000
74 0.000000000000
75 0.000000000000
76 0.000000000000
77 0.000000000000
78 0.000000000000
79 0.000000000000
80 0.000000000000
81 0.000000000000
82 0.000000000000
83 0.000000000000
84 0.000000000000
85 0.000000000000
86 0.000000000000
87 0.000000000000
88 0.000000000000
89 -0.000000000000

[down]
1 0.000000000000
2 0.000000000000
3 0.000000000000
4 0.000000000000
5 -0.000000000000
6 0.000000000000
7 0.000000000000
8 0.000000000000
9 0.000000000000
10 0.000000000000
11 0.000000000000
12 0.000000000000
13 -0.000000000000
14 0.000000000000
15 -0.000000000000
16 0.000000000000
17 0.000000000000
18 0.000000000000
19 -0.000000000000
20 0.000000000000
21 -0.000000000000
22 0.000000000000
23 -0.000000000000
24 0.000000000000
25 -0.000000000000
26 0.000000000000
27 -0.000000000000
28 0.000000000000
29 0.000000000000
30 0.000000000000
31 0.000000000000
32 0.000000000000
33 -0.000000000000
34 0.000000000000
35 0.000000000000
36 0.000000000000
37 -0.000000000000
38 0.000000000000
39 0.000000000000
40 0.000000000000
41 0.000000000000
42 0.000000000000
43 -0.000000000000
44 0.000000000000
45 -0.000000000000
46 0.000000000000
47 0.000000000000
48 0.000000000000
49 0.000000000000
50 0.000000000000
51 -0.000000000000
52 0.000000000000
53 0.000000000000
54 0.000000000000
55 -0.000000000000
56 0.000000000000
57 -0.000000000000
58 0.000000000000
59 0.000000000000
60 0.000000000000
61 0.000000000000
62 0.000000000000
63 0.000000000000
64 0.041161370000
65 0.096001700000
66 0.157146030000
67 0.225629500000
68 0.303180180000
69 0.381801750000
70 0.447276280000
71 0.512734120000
72 0.578172450000
73 0.643592420000
74 0.679547510000
75 0.696014820000
76 0.710597540000
77 0.619246450000
78 0.535664970000
79 0.382100240000
80 0.369438340000
81 0.353680250000
82 0.334837230000
83 0.312928860000
84 0.287928950000
85 0.286124610000
86 0.211038410000
87 0.146740830000
88 0.091122320000
89 0.042566200000

[left]
1 0.000000000000
2 0.000000000000
3 0.001738180000
4 0.006973010000
5 0.015826510000
6 0.028403640000
7 0.036141770000
8 0.032079110000
9 0.024572000000
10 0.013790010000
11 0.001399990000
12 0.008629240000
13 0.010403230000
14 0.005245190000
15 0.018590910000
16 0.040110460000
17 0.054163570000
18 0.046568730000
19 0.038448440000
20 0.044320170000
21 0.066983880000
22 0.096740660000
23 0.119020850000
24 0.108650290000
25 0.115356950000
26 0.141932330000
27 0.182046160000
28 0.190508020000
29 0.161092860000
30 0.115798400000
31 0.097592220000
32 0.074066550000
33 0.038903780000
34 0.001009300000
35 0.030308920000
36 0.142761200000
37 0.250557650000
38 0.352846480000
39 0.350304930000
40 0.222198190000
41 0.104990840000
42 0.000164380000
43 0.000537030000
44 0.000475070000
45 0.000130610000
46 0.080996660000
47 0.159734620000
48 0.076469870000
49 0.000111730000
50 0.000270790000
51 0.000038680000
52 0.105118840000
53 0.193188140000
54 0.266583640000
55 0.327134040000
56 0.376065930000
57 0.376586530000
58 0.265413510000
59 0.160854200000
60 0.087299780000
61 0.038315250000
62 0.009957070000
63 0.000011700000
64 0.007370420000
65 0.032592680000
66 0.077336430000
67 0.144846020000
68 0.240573200000
69 0.338715140000
70 0.396829080000
71 0.454925510000
72 0.513003380000
73 0.571063370000
74 0.537466210000
75 0.444784750000
76 0.347425430000
77 0.207996940000
78 0.093702210000
79 0.000020720000
80 0.054207740000
81 0.100365410000
82 0.138855610000
83 0.169786020000
84 0.192908250000
85 0.214908640000
86 0.127572760000
87 0.067549240000
88 0.028666510000
89 0.006932370000

[right]
1 0.000000000000
2 0.000000000000
3 0.005571300000
4 0.022481780000
5 0.051322840000
6 0.092636690000
7 0.118575790000
8 0.105862030000
9 0.081562020000
10 0.046041680000
11 0.000417840000
12 0.002562190000
13 0.003072960000
14 0.001540350000
15 0.063628830000
16 0.137983730000
17 0.187299930000
18 0.161883510000
19 0.134356910000
20 0.155685560000
21 0.236515430000
22 0.343325140000
23 0.423930540000
24 0.387677490000
25 0.412299050000
26 0.506365950000
27 0.651017150000
28 0.680432290000
29 0.577977580000
30 0.411806990000
31 0.350804340000
32 0.269727930000
33 0.142463100000
34 0.000278380000
35 0.008379950000
36 0.039628920000
37 0.069824790000
38 0.098705220000
39 0.097937210000
40 0.062357950000
41 0.029590100000
42 0.000566790000
43 0.001846820000
44 0.001629720000
45 0.000456050000
46 0.023287750000
47 0.046010740000
48 0.022121180000
49 0.000376770000
50 0.000910930000
51 0.000135060000
52 0.030320950000
53 0.056130340000
54 0.078024280000
55 0.096455180000
56 0.111709990000
57 0.112703670000
58 0.080034400000
59 0.048875840000
60 0.026730530000
61 0.011822890000
62 0.003096470000
63 0.000037320000
64 0.002361490000
65 0.010699600000
66 0.025997370000
67 0.049831250000
68 0.084653990000
69 0.121865830000
70 0.145900040000
71 0.170842260000
72 0.196691130000
73 0.223446170000
74 0.214553800000
75 0.181051460000
76 0.144129850000
77 0.084666980000
78 0.037406100000
79 0.000054760000
80 0.020235030000
81 0.036944120000
82 0.050377450000
83 0.060683100000
84 0.067888200000
85 0.075306030000
86 0.043695040000
87 0.022624810000
88 0.009393240000
89 0.002222950000
