  0.00000000
  0.00000000
  0.00557130
  0.02248178
  0.05132284
  0.09263669
  0.11857579
  0.10586203
  0.08156202
  0.04604168
  0.00041784
  0.00256219
  0.00307296
  0.00154035
  0.06362883
  0.13798373
  0.18729993
  0.16188351
  0.13435691
  0.15568556
  0.23651543
  0.34332514
  0.42393054
  0.38767749
  0.41229905
  0.50636595
  0.65101715
  0.68043229
  0.57797758
  0.41180699
  0.35080434
  0.26972793
  0.14246310
  0.00027838
  0.00837995
  0.03962892
  0.06982479
  0.09870522
  0.09793721
  0.06235795
  0.02959010
  0.00056679
  0.00184682
  0.00162972
  0.00045605
  0.02328775
  0.04601074
  0.02212118
  0.00037677
  0.00091093
  0.00013506
  0.03032095
  0.05613034
  0.07802428
  0.09645518
  0.11170999
  0.11270367
  0.08003440
  0.04887584
  0.02673053
  0.01182289
  0.00309647
  0.00003732
  0.00236149
  0.01069960
  0.02599737
  0.04983125
  0.08465399
  0.12186583
  0.14590004
  0.17084226
  0.19669113
  0.22344617
  0.21455380
  0.18105146
  0.14412985
  0.08466698
  0.03740610
  0.00005476
  0.02023503
  0.03694412
  0.05037745
  0.06068310
  0.06788820
  0.07530603
  0.04369504
  0.02262481
  0.00939324
  0.00222295
