  0.00000000
  0.00000000
  0.03534366
  0.07040415
  0.10519658
  0.13975136
  0.17582293
  0.21145557
  0.24727215
  0.28343580
  0.30528886
  0.33757733
  0.37009559
  0.40686386
  0.43914757
  0.47169407
  0.50504319
  0.53883132
  0.57272708
  0.60668492
  0.64046822
  0.67389802
  0.69785619
  0.70957050
  0.72070608
  0.70870784
  0.72441287
  0.71616788
  0.74623230
  0.68749685
  0.75875809
  0.84627325
  0.88387546
  0.81637587
  0.80011650
  0.77335674
  0.74720659
  0.72188656
  0.72575388
  0.70055591
  0.67250874
  0.48652213
  0.46959855
  0.45389896
  0.56746707
  0.54227308
  0.53038444
  0.50285082
  0.34562051
  0.33024060
  0.56805205
  0.52144709
  0.47482320
  0.42818278
  0.38152807
  0.33486120
  0.28829628
  0.24157924
  0.19482302
  0.14807905
  0.10134610
  0.05462338
  0.00790864
 -0.03877096
 -0.08543110
 -0.13206394
 -0.17865241
 -0.22515644
 -0.27194819
 -0.31857495
 -0.36519071
 -0.41179298
 -0.45838268
 -0.50523415
 -0.55176030
 -0.59791902
 -0.55178798
 -0.50527507
 -0.38208248
 -0.35185745
 -0.32112931
 -0.28980298
 -0.25786312
 -0.22536411
 -0.21642451
 -0.16966346
 -0.12483297
 -0.08182507
 -0.04031787
