  0.00000000
  0.00000000
  0.03713984
  0.07760984
  0.12155121
  0.16910281
  0.21317072
  0.24460514
  0.27266411
  0.29768597
  0.30572065
  0.34022502
  0.37327109
  0.40845561
  0.45835885
  0.51314298
  0.56101415
  0.58695401
  0.61245852
  0.65248403
  0.70968730
  0.77386685
  0.82084868
  0.82184636
  0.83991241
  0.85537635
  0.91253377
  0.91303300
  0.91270070
  0.80715935
  0.85960689
  0.92281134
  0.92407742
  0.81666354
  0.80877608
  0.81430805
  0.81936138
  0.82388550
  0.82695918
  0.76499469
  0.70308624
  0.48669199
  0.47015350
  0.45438988
  0.56760204
  0.56633793
  0.57793052
  0.52571016
  0.34573596
  0.33052043
  0.56809202
  0.55277982
  0.53282656
  0.50881067
  0.48120188
  0.45029887
  0.40476078
  0.32428432
  0.24532981
  0.17570156
  0.11356351
  0.05782317
  0.00792073
  0.00000000
  0.00000000
  0.00000000
  0.00000000
  0.00000000
  0.00000000
  0.00000000
  0.00000000
  0.00000000
  0.00000000
  0.00000000
  0.00000000
  0.00000000
  0.00000000
  0.00000000
  0.00000000
  0.00000000
  0.00000000
  0.00000000
  0.00000000
  0.00000000
  0.00000000
  0.00000000
  0.00000000
  0.00000000
 -0.00000000
