  0.00000000
  0.00000000
  0.16300219
  0.32551452
  0.48761462
  0.64929814
  0.81059886
  0.97314597
  1.13597545
  1.29908487
  1.46256673
  1.61895568
  1.77517080
  1.93135238
  2.08915583
  2.24660128
  2.40384785
  2.56118040
  2.71870609
  2.87641422
  3.03428245
  3.19223158
  3.35015155
  3.50590735
  3.65714681
  3.80428566
  3.94321070
  4.08000527
  4.21039465
  4.34159707
  4.45794139
  4.58106139
  4.62027731
  4.48162782
  4.34728895
  4.21074318
  4.07410741
  3.93743957
  3.80066765
  3.65807253
  3.51498325
  3.37197646
  3.26422110
  3.15675555
  3.04932338
  2.91013232
  2.77072950
  2.62748257
  2.48424680
  2.38019325
  2.27641518
  2.08952749
  1.90260736
  1.71565328
  1.52866557
  1.34164583
  1.15459627
  0.96744778
  0.78027603
  0.59311332
  0.40596101
  0.21882006
  0.03169134
 -0.15538107
 -0.34242888
 -0.52944603
 -0.71642162
 -0.90333549
 -1.09014693
 -1.27709442
 -1.46400636
 -1.65086778
 -1.83764854
 -2.02427350
 -2.21061661
 -2.39476673
 -2.21010321
 -2.02389039
 -1.83735263
 -1.68197577
 -1.52556489
 -1.36808756
 -1.20954018
 -1.04991540
 -0.88915051
 -0.70677920
 -0.52690043
 -0.34935578
 -0.17382790
  0.00000000
