  0.00000000
 -0.48503086
 -0.48238380
 -0.47691391
 -0.45995009
 -0.01938816
  0.46541061
  0.48286583
  0.48878037
  0.49183347
  0.06415841
  0.00736146
 -0.04663783
 -0.47012708
 -0.42898773
 -0.21835132
  0.20442381
  0.19214730
 -0.05915289
 -0.31040405
 -0.37083330
 -0.24704330
  0.16063745
 -0.06628530
 -0.38171204
 -0.47694364
 -0.13156803
  0.48447206
  0.49189010
  0.49090438
  0.49292678
  0.49671868
  0.49768975
  0.11973558
  0.47449145
  0.48270818
  0.47844990
 -0.01933773
 -0.48912380
 -0.49549376
 -0.49742347
 -0.01202222
  0.00145093
  0.01222463
  0.49806071
  0.49608857
 -0.47124157
 -0.49702692
 -0.00768637
  0.01166681
  0.49965214
  0.49957219
  0.49944216
  0.49918686
  0.49843242
  0.30759845
 -0.32060672
 -0.49797036
 -0.49880826
 -0.49907315
 -0.49918940
 -0.49924066
 -0.49914595
 -0.49909966
 -0.49898003
 -0.49869760
 -0.49779300
 -0.29799776
 -0.00019753
 -0.00013050
 -0.00009424
 -0.00006742
  0.30659824
  0.49871790
  0.49932566
  0.49953464
  0.49963129
  0.49968812
 -0.49924316
 -0.49903748
 -0.49870294
 -0.49804564
 -0.49611337
 -0.31025278
  0.49665683
  0.49800443
  0.49841615
  0.49858861
  0.49865672
  0.00000000
