  1.64081633
  1.64081633
  1.64081633
  1.67099572
  1.73118117
  1.82151632
  1.94272714
  2.09782793
  2.28809417
  2.51418004
  2.77627622
  3.06027409
  3.37425287
  3.71810046
  4.09560877
  4.50279938
  4.94361525
  5.42291476
  5.94330767
  6.50318460
  7.10103715
  7.73665599
  8.40967674
  9.10654936
  9.80450071
 10.49340592
 11.13984000
 11.74771287
 12.26131709
 12.67936770
 12.96048084
 13.18223908
 13.34334617
 13.44197029
 13.49901919
 13.55517160
 13.61640200
 13.70727225
 13.84861968
 14.06539894
 14.34384218
 14.65192725
 14.88846882
 15.11670972
 15.33709074
 15.61235868
 15.87533881
 16.14409862
 16.42005573
 16.61655261
 16.80427282
 17.12703696
 17.42330254
 17.70568543
 17.98065201
 18.24932915
 18.50851323
 18.75194209
 18.97008861
 19.15256392
 19.29379409
 19.39128924
 19.44402258
 19.45166441
 19.41420160
 19.33159846
 19.20354282
 19.02923073
 18.80739447
 18.53656335
 18.21807831
 17.85742635
 17.46545292
 17.05989642
 16.66632775
 16.30605896
 15.98784480
 15.75090778
 15.56651777
 15.43841352
 15.32043695
 15.21832171
 15.13553543
 15.07354247
 15.03199262
 15.00602882
 14.99794700
 14.99737857
 14.99887319
 15.00000000
