  0.00000000
  0.74984770
  0.74984379
  0.74983986
  0.74983547
  0.74983090
  0.74982611
  0.74982107
  0.74981578
  0.74981010
  0.74980402
  0.74979755
  0.74979065
  0.74978330
  0.74977565
  0.74976739
  0.74975834
  0.74974658
  0.74973502
  0.74972435
  0.74971370
  0.74969935
  0.74968376
  0.74966701
  0.74964825
  0.74962553
  0.74960162
  0.74957421
  0.74954278
  0.74950635
  0.74946362
  0.74941282
  0.74935141
  0.74927549
  0.74917946
  0.74905467
  0.74888584
  0.74864201
  0.74826643
  0.74761107
  0.74616066
  0.73990521
 -0.73710908
 -0.74611082
 -0.74656782
 -0.74647454
 -0.74671010
 -0.74723053
 -0.74783957
 -0.74849313
 -0.74889707
 -0.74906498
 -0.74918611
 -0.74927652
 -0.74934346
 -0.74925958
 -0.74928879
 -0.74935566
 -0.74939709
 -0.74944163
 -0.74947253
 -0.74949872
 -0.74952179
 -0.74954222
 -0.74956053
 -0.74957689
 -0.74960077
 -0.74960907
 -0.74962358
 -0.74962885
 -0.74965555
 -0.74966945
 -0.74967299
 -0.74967701
 -0.74969923
 -0.74970708
 -0.74971807
 -0.74972149
 -0.74973161
 -0.74973836
 -0.74974396
 -0.74975025
 -0.74975537
 -0.74976032
 -0.74976393
 -0.74976572
 -0.74976729
 -0.74976813
 -0.74976833
 -0.74976793
 -0.74976696
 -0.74976542
 -0.74976330
 -0.74976059
 -0.74975727
 -0.74975349
 -0.74975073
 -0.74974656
 -0.74974229
 -0.74973783
 -0.74973316
 -0.74972834
 -0.74976847
 -0.74976117
 -0.74975242
 -0.74974200
 -0.74972970
 -0.74971528
 -0.74969846
 -0.74967889
 -0.74965627
 -0.74963637
 -0.74960799
 -0.74957440
 -0.74953377
 -0.74948364
 -0.74942009
 -0.74933728
 -0.74922529
 -0.74906624
 -0.74882429
 -0.74840801
 -0.74753473
 -0.74451908
  0.73162935
  0.74646134
  0.74805844
  0.74866298
  0.74898042
  0.74917598
  0.74930847
  0.74940419
  0.74947685
  0.74953492
  0.74958036
  0.74961836
  0.74964973
  0.74967643
  0.74969862
  0.74971956
  0.74973697
  0.74975236
  0.74976605
  0.74977842
  0.74978942
  0.74979940
  0.74980850
  0.74981615
  0.74982402
  0.74983094
  0.74983737
  0.74984339
  0.74984901
  0.74985425
  0.74985887
  0.00000000
