  0.01041876
  0.14634883
  0.14631313
  0.14648783
  0.14638139
  0.14633536
  0.14631473
  0.14633865
  0.14639523
  0.14643914
  0.14631050
  0.14627580
  0.14625704
  0.14625730
  0.14637194
  0.14650073
  0.14662039
  0.14584481
  0.14547405
  0.14575071
  0.14642797
  0.14633279
  0.14629417
  0.14650356
  0.14671271
  0.14614790
  0.14618276
  0.14618044
  0.14618495
  0.14619347
  0.14620306
  0.14622016
  0.14624647
  0.14626246
  0.14629012
  0.14644541
  0.14677559
  0.14681172
  0.14692976
  0.14722300
  0.14777357
  0.14874243
  0.15331447
  0.15402092
  0.12002992
  0.09778068
  0.09162361
  0.09595475
  0.10708949
  0.12912517
  0.14610238
  0.14734186
  0.14785975
  0.14795962
  0.14744230
  0.12048333
  0.11966248
  0.12409748
  0.12457192
  0.12709474
  0.12725648
  0.12723749
  0.12717331
  0.12705881
  0.12690713
  0.12668104
  0.12553371
  0.12449344
  0.12438222
  0.12281639
  0.12707307
  0.12712904
  0.12375465
  0.12029751
  0.12626902
  0.12611608
  0.12644492
  0.12513576
  0.12556335
  0.12527198
  0.12481749
  0.12466478
  0.12431768
  0.12404114
  0.12379516
  0.12427950
  0.12357408
  0.12297223
  0.12246568
  0.12203958
  0.12168080
  0.12137859
  0.12112390
  0.12090929
  0.12073000
  0.12064003
  0.12135756
  0.12153369
  0.12169631
  0.12187768
  0.12208698
  0.12234124
  0.14828835
  0.14818999
  0.14806093
  0.14786812
  0.14760382
  0.14728005
  0.14691561
  0.14653036
  0.14619018
  0.14884946
  0.14921802
  0.14959704
  0.14994843
  0.15027762
  0.15052756
  0.15072376
  0.15085930
  0.15097192
  0.15135348
  0.15137013
  0.15140226
  0.15141753
  0.15400583
  0.15418573
  0.15421917
  0.15422080
  0.15420682
  0.15418890
  0.15416225
  0.15413435
  0.15414440
  0.15445728
  0.15436689
  0.15444480
  0.15447005
  0.15455401
  0.15428861
  0.15477686
  0.15473636
  0.15471841
  0.15470046
  0.15475696
  0.15478018
  0.15480716
  0.15485792
  0.15423958
  0.15458433
  0.15452586
  0.15449760
  0.15456421
  0.15461458
  0.15468619
  0.15438465
