  0.00000000
  0.00000000
  0.02391721
  0.01131077
 -0.02056544
 -0.04802171
 -0.06790786
 -0.06812214
 -0.04813997
 -0.02013284
  0.01203328
  0.03735287
  0.05488112
  0.06258019
  0.06167684
  0.04525676
  0.01893340
 -0.01274973
 -0.02852550
 -0.02621919
 -0.02094182
 -0.01638547
 -0.01292266
 -0.00619734
  0.02453287
 -0.00533356
 -0.00676519
 -0.00587059
 -0.00510749
 -0.00448134
 -0.00395361
 -0.00350905
 -0.00312762
 -0.00278103
 -0.00246211
 -0.00238063
 -0.02906275
 -0.06516541
 -0.10245923
 -0.14108630
 -0.18150664
 -0.22434679
 -0.27044123
 -0.32195267
 -0.37837802
 -0.41800074
 -0.41299054
 -0.37912179
 -0.34380054
 -0.30631468
 -0.26382905
 -0.21895000
 -0.17647043
 -0.13599064
 -0.09707402
 -0.05938747
 -0.02923602
 -0.00065171
 -0.00065518
 -0.00741823
 -0.03883429
 -0.07080136
 -0.10340405
 -0.13688291
 -0.17152391
 -0.20766013
 -0.24566519
 -0.28569467
 -0.32824737
 -0.37412495
 -0.42055257
 -0.42067594
 -0.42066691
 -0.42062774
 -0.42071871
 -0.42073608
 -0.42074790
 -0.42073581
 -0.42073483
 -0.42071972
 -0.42069485
 -0.42066208
 -0.42061324
 -0.42054842
 -0.42049134
 -0.39359962
 -0.34637116
 -0.30290836
 -0.26265680
 -0.22502599
 -0.18951410
 -0.15570301
 -0.12324310
 -0.09184273
 -0.06127140
 -0.03142454
 -0.00178097
 -0.00112350
 -0.00101559
 -0.00093437
 -0.00087309
 -0.00082703
 -0.00007652
  0.03701977
  0.07449376
  0.11276092
  0.15226007
  0.19347757
  0.23697113
  0.28338068
  0.33332845
  0.37900283
  0.32444291
  0.27436498
  0.22801069
  0.18460444
  0.14349650
  0.10418463
  0.06632431
  0.03003698
  0.00430815
  0.00385839
  0.00391629
  0.00398574
  0.00408043
  0.00448714
  0.00498878
  0.00561108
  0.00640738
  0.00746776
  0.00896030
  0.01113906
  0.01327518
  0.00619273
 -0.02843461
 -0.05947570
 -0.05803300
 -0.02791191
  0.00664831
  0.00475516
 -0.03128518
 -0.06620297
 -0.09915885
 -0.12419894
 -0.10163142
 -0.06830830
 -0.03277943
  0.00373938
  0.00475732
 -0.03090577
 -0.06402182
 -0.08547766
 -0.06052699
 -0.02789650
  0.00708163
