task_id 8

[x]
1 5.000000000000
2 5.000000000000
3 5.000000000000
4 5.016056300000
5 5.048203260000
6 5.096405720000
7 5.160655100000
8 5.240949610000
9 5.337308890000
10 5.449759520000
11 5.578303970000
12 5.722788920000
13 5.883288560000
14 6.059824650000
15 6.252418070000
16 6.461213220000
17 6.686233190000
18 6.927479790000
19 7.183439620000
20 7.454675410000
21 7.742375210000
22 8.047452030000
23 8.368417550000
24 8.705357990000
25 9.058850430000
26 9.428959310000
27 9.813711590000
28 10.214574730000
29 10.631452720000
30 11.064361610000
31 11.513312240000
32 11.978308050000
33 12.459374410000
34 12.956545770000
35 13.469792050000
36 13.999158180000
37 14.545126260000
38 15.108414480000
39 15.687762180000
40 16.282598140000
41 16.891059760000
42 17.508508870000
43 18.125797560000
44 18.738334120000
45 19.270278760000
46 19.596312030000
47 19.790665740000
48 19.910690750000
49 19.975934260000
50 19.985360920000
51 19.923328330000
52 19.771512990000
53 19.548455720000
54 19.275824080000
55 18.971819960000
56 18.651649860000
57 18.384696630000
58 18.120658850000
59 17.851665860000
60 17.589787910000
61 17.330953590000
62 17.079708280000
63 16.833854780000
64 16.591419480000
65 16.350985750000
66 16.111667000000
67 15.873193740000
68 15.637411940000
69 15.404699410000
70 15.174323830000
71 14.950348760000
72 14.723950270000
73 14.505151460000
74 14.302071320000
75 14.115741230000
76 13.932660920000
77 13.763728040000
78 13.608742840000
79 13.469751120000
80 13.344414960000
81 13.233164170000
82 13.135535320000
83 13.050596580000
84 12.977786720000
85 12.916336050000
86 12.865545300000
87 12.824547600000
88 12.793218150000
89 12.770952050000
90 12.757334190000
91 12.752101340000
92 12.755104800000
93 12.766277530000
94 12.785605500000
95 12.813102510000
96 12.848788340000
97 12.892689970000
98 12.945129720000
99 13.005917390000
100 13.075081050000
101 13.152667440000
102 13.238734970000
103 13.333363010000
104 13.458242790000
105 13.595361940000
106 13.743760920000
107 13.902003500000
108 14.068078020000
109 14.239262930000
110 14.411929420000
111 14.581270800000
112 14.741004960000
113 14.885746460000
114 15.002048590000
115 15.088321680000
116 15.144212720000
117 15.170572420000
118 15.169388760000
119 15.143774440000
120 15.097923020000
121 15.037083940000
122 14.967375970000
123 14.894145590000
124 14.817390160000
125 14.737005620000
126 14.651449740000
127 14.567293300000
128 14.484679090000
129 14.403626820000
130 14.324132400000
131 14.246167750000
132 14.169680240000
133 14.094567700000
134 14.020640120000
135 13.947661560000
136 13.877136980000
137 13.813692150000
138 13.760549690000
139 13.716472860000
140 13.677628160000
141 13.640371880000
142 13.605090770000
143 13.574264140000
144 13.549494690000
145 13.531578010000
146 13.520417410000
147 13.513865910000
148 13.509947270000
149 13.507235590000
150 13.504789880000
151 13.502630330000
152 13.501128210000
153 13.500336530000
154 13.500071830000
155 13.500011970000
156 13.500000000000

[y]
1 26.644254280000
2 26.644254280000
3 26.644254280000
4 26.644254280000
5 26.644266620000
6 26.644302660000
7 26.644287000000
8 26.644019700000
9 26.643173480000
10 26.641447660000
11 26.638778670000
12 26.635404530000
13 26.631935660000
14 26.629179180000
15 26.628038410000
16 26.629318320000
17 26.633596180000
18 26.640641320000
19 26.649286480000
20 26.657560730000
21 26.664108950000
22 26.668750480000
23 26.671582530000
24 26.672783360000
25 26.672503970000
26 26.671400630000
27 26.673747180000
28 26.675369360000
29 26.675925790000
30 26.675444150000
31 26.673951990000
32 26.671470960000
33 26.668019730000
34 26.663613640000
35 26.658266910000
36 26.651996510000
37 26.644817710000
38 26.636678790000
39 26.618817430000
40 26.577952500000
41 26.498600780000
42 26.362953570000
43 26.150828260000
44 25.833930540000
45 25.417712820000
46 25.022195310000
47 24.662552640000
48 24.305834280000
49 23.923768890000
50 23.498978570000
51 23.000842350000
52 22.468191560000
53 21.973734700000
54 21.521533170000
55 21.109560910000
56 20.733541470000
57 20.448903380000
58 20.180104860000
59 19.912229080000
60 19.651568070000
61 19.394060910000
62 19.145454560000
63 18.908773060000
64 18.686414320000
65 18.480500060000
66 18.292883930000
67 18.125241500000
68 17.979971810000
69 17.857588430000
70 17.757723390000
71 17.681852680000
72 17.626894930000
73 17.596024100000
74 17.586428640000
75 17.593570140000
76 17.615041650000
77 17.648285050000
78 17.690634370000
79 17.738918250000
80 17.791355640000
81 17.845564230000
82 17.899595190000
83 17.951954390000
84 18.001168970000
85 18.046101200000
86 18.085795020000
87 18.119664580000
88 18.146669770000
89 18.166425600000
90 18.178729410000
91 18.183503340000
92 18.180754490000
93 18.170544750000
94 18.152966110000
95 18.128119090000
96 18.096092440000
97 18.056924710000
98 18.010313220000
99 17.956295250000
100 17.894845460000
101 17.825925500000
102 17.749486860000
103 17.665462760000
104 17.554598450000
105 17.432871790000
106 17.299319870000
107 17.152591990000
108 16.990911620000
109 16.812065370000
110 16.613447410000
111 16.392185760000
112 16.145316800000
113 15.864751410000
114 15.552579520000
115 15.212644240000
116 14.848558840000
117 14.463410840000
118 14.059767470000
119 13.639372950000
120 13.203184870000
121 12.751279030000
122 12.282178640000
123 11.796205710000
124 11.293313940000
125 10.773589630000
126 10.228001540000
127 9.699127850000
128 9.187865740000
129 8.694369860000
130 8.218709180000
131 7.760907420000
132 7.321002610000
133 6.899016230000
134 6.494880240000
135 6.107868990000
136 5.738816880000
137 5.386433870000
138 5.050386140000
139 4.730900680000
140 4.429310960000
141 4.144597920000
142 3.877811020000
143 3.628580910000
144 3.396745510000
145 3.182202470000
146 2.985155790000
147 2.805844310000
148 2.644376900000
149 2.501442010000
150 2.376063530000
151 2.268641600000
152 2.179131580000
153 2.107480710000
154 2.053722420000
155 2.017872580000
156 2.000000000000

[theta]
1 0.000000000000
2 0.000000000000
3 0.000000000000
4 0.000384020000
5 0.000747630000
6 -0.000243680000
7 -0.003329050000
8 -0.008781710000
9 -0.015346160000
10 -0.020760160000
11 -0.023348640000
12 -0.021609540000
13 -0.015612980000
14 -0.005923190000
15 0.006129620000
16 0.019008020000
17 0.029193900000
18 0.033763360000
19 0.030498060000
20 0.022757570000
21 0.015212910000
22 0.008823200000
23 0.003563820000
24 -0.000790370000
25 -0.002981080000
26 0.006098810000
27 0.004046670000
28 0.001334740000
29 -0.001112580000
30 -0.003323650000
31 -0.005335560000
32 -0.007174000000
33 -0.008862130000
34 -0.010417160000
35 -0.011844590000
36 -0.013148050000
37 -0.014447940000
38 -0.030820370000
39 -0.068591730000
40 -0.129681810000
41 -0.216254350000
42 -0.330998070000
43 -0.477433560000
44 -0.663944930000
45 -0.881400580000
46 -1.075347350000
47 -1.246225450000
48 -1.401662500000
49 -1.548608600000
50 -1.694687680000
51 -1.848452630000
52 -1.994577920000
53 -2.113345390000
54 -2.206527000000
55 -2.276154260000
56 -2.324097830000
57 -2.347259950000
58 -2.358276140000
59 -2.358523520000
60 -2.358765580000
61 -2.361474230000
62 -2.375200340000
63 -2.399362370000
64 -2.433378700000
65 -2.476710060000
66 -2.528869400000
67 -2.589402570000
68 -2.657437680000
69 -2.732555990000
70 -2.814974940000
71 -2.903447450000
72 -3.001425070000
73 -3.094380130000
74 -3.179904370000
75 -3.258337370000
76 -3.335890560000
77 -3.408329870000
78 -3.475930110000
79 -3.537837080000
80 -3.594999510000
81 -3.647065710000
82 -3.694008100000
83 -3.735981860000
84 -3.772946500000
85 -3.804961030000
86 -3.832066580000
87 -3.852997650000
88 -3.867324250000
89 -3.876340910000
90 -3.881161420000
91 -3.882755350000
92 -3.881983760000
93 -3.879627210000
94 -3.876407360000
95 -3.873003660000
96 -3.870065690000
97 -3.868216750000
98 -3.868091880000
99 -3.868000570000
100 -3.867906610000
101 -3.867809570000
102 -3.867708900000
103 -3.867603940000
104 -3.867591200000
105 -3.874378750000
106 -3.889250810000
107 -3.913584400000
108 -3.948874860000
109 -3.996773790000
110 -4.059139470000
111 -4.138097130000
112 -4.236108910000
113 -4.355761010000
114 -4.463843850000
115 -4.560067140000
116 -4.644055030000
117 -4.715321410000
118 -4.773243060000
119 -4.817122940000
120 -4.846212260000
121 -4.859908740000
122 -4.861951880000
123 -4.863848130000
124 -4.865840430000
125 -4.867936590000
126 -4.870190040000
127 -4.872593030000
128 -4.875176690000
129 -4.877982840000
130 -4.881072850000
131 -4.884540820000
132 -4.888541640000
133 -4.893316060000
134 -4.898770080000
135 -4.901208950000
136 -4.890525220000
137 -4.869229740000
138 -4.849485470000
139 -4.840483560000
140 -4.842505160000
141 -4.843870570000
142 -4.835451430000
143 -4.818825920000
144 -4.795706540000
145 -4.768967770000
146 -4.748909520000
147 -4.736652870000
148 -4.731358490000
149 -4.731893090000
150 -4.732489670000
151 -4.729169050000
152 -4.723437650000
153 -4.717312710000
154 -4.714058830000
155 -4.713058730000
156 -4.713185310000

[v]
1 0.000000000000
2 0.000000000000
3 0.109739330000
4 0.219451320000
5 0.329293750000
6 0.439055710000
7 0.548782490000
8 0.658493100000
9 0.768220900000
10 0.877990360000
11 0.987791930000
12 1.097496130000
13 1.207173350000
14 1.316835510000
15 1.426496770000
16 1.536242860000
17 1.646084290000
18 1.756014120000
19 1.865360820000
20 1.974427920000
21 2.083700850000
22 2.193479840000
23 2.303185410000
24 2.412859750000
25 2.522688640000
26 2.632671580000
27 2.742227790000
28 2.851806620000
29 2.961379710000
30 3.070951590000
31 3.180524540000
32 3.290098420000
33 3.399677680000
34 3.509267680000
35 3.618858560000
36 3.728456110000
37 3.838151720000
38 3.948069900000
39 4.057979370000
40 4.167922050000
41 4.277987730000
42 4.388250820000
43 4.498306870000
44 4.385296770000
45 4.270380050000
46 4.180769160000
47 4.107778300000
48 4.039362000000
49 3.967661600000
50 3.887575820000
51 3.790926630000
52 3.681510890000
53 3.571142040000
54 3.460367280000
55 3.349504130000
56 3.239018390000
57 3.148747920000
58 3.059086400000
59 2.966092970000
60 2.872739080000
61 2.777488750000
62 2.682113400000
63 2.586749000000
64 2.491429780000
65 2.396193780000
66 2.301069110000
67 2.206111790000
68 2.112011780000
69 2.018690650000
70 1.925451100000
71 1.833384290000
72 1.738123120000
73 1.642818330000
74 1.550043010000
75 1.459858870000
76 1.365195080000
77 1.270644890000
78 1.175846910000
79 1.082029790000
80 0.987890970000
81 0.893969750000
82 0.800388540000
83 0.706921060000
84 0.613713160000
85 0.520711960000
86 0.427894800000
87 0.334714270000
88 0.242062460000
89 0.149861780000
90 0.058040870000
91 -0.033460510000
92 -0.124692770000
93 -0.215698250000
94 -0.306512510000
95 -0.397165520000
96 -0.487683690000
97 -0.578133940000
98 -0.669121900000
99 -0.760241390000
100 -0.851482260000
101 -0.942858530000
102 -1.034391110000
103 -1.126113670000
104 -1.237295780000
105 -1.348403010000
106 -1.459412140000
107 -1.570275120000
108 -1.680938110000
109 -1.791356200000
110 -1.901498580000
111 -2.011349270000
112 -2.120941630000
113 -2.232524650000
114 -2.344379710000
115 -2.456513850000
116 -2.568905280000
117 -2.681535900000
118 -2.794344260000
119 -2.907287160000
120 -3.020314700000
121 -3.133402580000
122 -3.246739750000
123 -3.360026330000
124 -3.473204640000
125 -3.585937170000
126 -3.473261380000
127 -3.358167440000
128 -3.242802390000
129 -3.127342940000
130 -3.011845020000
131 -2.896330380000
132 -2.780815280000
133 -2.665306340000
134 -2.549778680000
135 -2.434007530000
136 -2.318297150000
137 -2.202522530000
138 -2.086724110000
139 -1.970858600000
140 -1.855188650000
141 -1.739149390000
142 -1.623137810000
143 -1.507137320000
144 -1.391148170000
145 -1.275114740000
146 -1.159062190000
147 -1.042987860000
148 -0.926874040000
149 -0.811222740000
150 -0.695311700000
151 -0.579443430000
152 -0.463595360000
153 -0.347696400000
154 -0.231758800000
155 -0.115766690000
156 0.000000000000

[a]
1 0.000000000000
2 0.749847700000
3 0.749843790000
4 0.749839860000
5 0.749835470000
6 0.749830900000
7 0.749826110000
8 0.749821070000
9 0.749815780000
10 0.749810100000
11 0.749804020000
12 0.749797550000
13 0.749790650000
14 0.749783300000
15 0.749775650000
16 0.749767390000
17 0.749758340000
18 0.749746580000
19 0.749735020000
20 0.749724350000
21 0.749713700000
22 0.749699350000
23 0.749683760000
24 0.749667010000
25 0.749648250000
26 0.749625530000
27 0.749601620000
28 0.749574210000
29 0.749542780000
30 0.749506350000
31 0.749463620000
32 0.749412820000
33 0.749351410000
34 0.749275490000
35 0.749179460000
36 0.749054670000
37 0.748885840000
38 0.748642010000
39 0.748266430000
40 0.747611070000
41 0.746160660000
42 0.739905210000
43 -0.737109080000
44 -0.746110820000
45 -0.746567820000
46 -0.746474540000
47 -0.746710100000
48 -0.747230530000
49 -0.747839570000
50 -0.748493130000
51 -0.748897070000
52 -0.749064980000
53 -0.749186110000
54 -0.749276520000
55 -0.749343460000
56 -0.749259580000
57 -0.749288790000
58 -0.749355660000
59 -0.749397090000
60 -0.749441630000
61 -0.749472530000
62 -0.749498720000
63 -0.749521790000
64 -0.749542220000
65 -0.749560530000
66 -0.749576890000
67 -0.749600770000
68 -0.749609070000
69 -0.749623580000
70 -0.749628850000
71 -0.749655550000
72 -0.749669450000
73 -0.749672990000
74 -0.749677010000
75 -0.749699230000
76 -0.749707080000
77 -0.749718070000
78 -0.749721490000
79 -0.749731610000
80 -0.749738360000
81 -0.749743960000
82 -0.749750250000
83 -0.749755370000
84 -0.749760320000
85 -0.749763930000
86 -0.749765720000
87 -0.749767290000
88 -0.749768130000
89 -0.749768330000
90 -0.749767930000
91 -0.749766960000
92 -0.749765420000
93 -0.749763300000
94 -0.749760590000
95 -0.749757270000
96 -0.749753490000
97 -0.749750730000
98 -0.749746560000
99 -0.749742290000
100 -0.749737830000
101 -0.749733160000
102 -0.749728340000
103 -0.749768470000
104 -0.749761170000
105 -0.749752420000
106 -0.749742000000
107 -0.749729700000
108 -0.749715280000
109 -0.749698460000
110 -0.749678890000
111 -0.749656270000
112 -0.749636370000
113 -0.749607990000
114 -0.749574400000
115 -0.749533770000
116 -0.749483640000
117 -0.749420090000
118 -0.749337280000
119 -0.749225290000
120 -0.749066240000
121 -0.748824290000
122 -0.748408010000
123 -0.747534730000
124 -0.744519080000
125 0.731629350000
126 0.746461340000
127 0.748058440000
128 0.748662980000
129 0.748980420000
130 0.749175980000
131 0.749308470000
132 0.749404190000
133 0.749476850000
134 0.749534920000
135 0.749580360000
136 0.749618360000
137 0.749649730000
138 0.749676430000
139 0.749698620000
140 0.749719560000
141 0.749736970000
142 0.749752360000
143 0.749766050000
144 0.749778420000
145 0.749789420000
146 0.749799400000
147 0.749808500000
148 0.749816150000
149 0.749824020000
150 0.749830940000
151 0.749837370000
152 0.749843390000
153 0.749849010000
154 0.749854250000
155 0.749858870000
156 0.000000000000

[phy]
1 0.000000000000
2 0.000000000000
3 0.047797980000
4 0.022617690000
5 -0.041107710000
6 -0.095749740000
7 -0.134989760000
8 -0.135410530000
9 -0.095984110000
10 -0.040243960000
11 0.024061940000
12 0.074567340000
13 0.109325110000
14 0.124513030000
15 0.122734220000
16 0.090267780000
17 0.037848730000
18 -0.025493940000
19 -0.056989240000
20 -0.052390520000
21 -0.041859180000
22 -0.032759230000
23 -0.025839560000
24 -0.012394040000
25 0.049026430000
26 -0.010666720000
27 -0.013529550000
28 -0.011740640000
29 -0.010214630000
30 -0.008962440000
31 -0.007907050000
32 -0.007017990000
33 -0.006255160000
34 -0.005562000000
35 -0.004924180000
36 -0.004761220000
37 -0.058060190000
38 -0.129600310000
39 -0.202120350000
40 -0.275022220000
41 -0.348220580000
42 -0.421766980000
43 -0.495816250000
44 -0.572078820000
45 -0.647811070000
46 -0.696310980000
47 -0.690383600000
48 -0.648756160000
49 -0.602356000000
50 -0.549654080000
51 -0.485528480000
52 -0.412746130000
53 -0.339292340000
54 -0.265557620000
55 -0.191762530000
56 -0.118221420000
57 -0.058405560000
58 -0.001303410000
59 -0.001310360000
60 -0.014835370000
61 -0.077512960000
62 -0.140667510000
63 -0.203933170000
64 -0.267218450000
65 -0.330467980000
66 -0.393643390000
67 -0.456688010000
68 -0.519116560000
69 -0.580927490000
70 -0.642380930000
71 -0.699307420000
72 -0.699451930000
73 -0.699441360000
74 -0.699395490000
75 -0.699502020000
76 -0.699522350000
77 -0.699536190000
78 -0.699522040000
79 -0.699520900000
80 -0.699503210000
81 -0.699474090000
82 -0.699435720000
83 -0.699378530000
84 -0.699302620000
85 -0.699235700000
86 -0.666887000000
87 -0.605838410000
88 -0.544685590000
89 -0.483692930000
90 -0.422897330000
91 -0.362297780000
92 -0.301888150000
93 -0.241669120000
94 -0.181660760000
95 -0.121935210000
96 -0.062766830000
97 -0.003561940000
98 -0.002247010000
99 -0.002031180000
100 -0.001868750000
101 -0.001746180000
102 -0.001654060000
103 -0.000153040000
104 0.073904700000
105 0.147899690000
106 0.221811300000
107 0.295598850000
108 0.369210830000
109 0.442585290000
110 0.515620860000
111 0.587995860000
112 0.648606450000
113 0.575592090000
114 0.501867850000
115 0.427850110000
116 0.353683910000
117 0.279481460000
118 0.205429840000
119 0.131878740000
120 0.060001880000
121 0.008616100000
122 0.007716630000
123 0.007832430000
124 0.007971320000
125 0.008160670000
126 0.008974040000
127 0.009977220000
128 0.011221690000
129 0.012814060000
130 0.014934410000
131 0.017918690000
132 0.022274440000
133 0.026544130000
134 0.012384820000
135 -0.056808030000
136 -0.118395390000
137 -0.115549070000
138 -0.055765950000
139 0.013295830000
140 0.009510030000
141 -0.062488890000
142 -0.131640230000
143 -0.195777460000
144 -0.243470260000
145 -0.200530940000
146 -0.135776050000
147 -0.065465180000
148 0.007478620000
149 0.009514360000
150 -0.061733000000
151 -0.127350730000
152 -0.169318940000
153 -0.120467970000
154 -0.055735260000
155 0.014162320000
156 0.000000000000

[w]
1 0.000000000000
2 0.326603000000
3 -0.172098730000
4 -0.435021000000
5 -0.373285560000
6 -0.268151440000
7 -0.002875700000
8 0.269418800000
9 0.380750760000
10 0.439125760000
11 0.345189920000
12 0.237615050000
13 0.103848150000
14 -0.012166660000
15 -0.221802670000
16 -0.357779660000
17 -0.432022890000
18 -0.215957140000
19 0.031579100000
20 0.072275630000
21 0.062141680000
22 0.047286890000
23 0.091906920000
24 0.419242130000
25 -0.406869280000
26 -0.019588440000
27 0.012237490000
28 0.010439200000
29 0.008565790000
30 0.007219060000
31 0.006080970000
32 0.005216960000
33 0.004739650000
34 0.004360730000
35 0.001113960000
36 -0.363951070000
37 -0.487411320000
38 -0.493965990000
39 -0.496167880000
40 -0.497193490000
41 -0.497696240000
42 -0.497835120000
43 -0.497425300000
44 -0.491700870000
45 -0.404073810000
46 0.060619450000
47 0.454331420000
48 0.483563250000
49 0.492129620000
50 0.496616110000
51 0.498159650000
52 0.498525760000
53 0.498679440000
54 0.498750430000
55 0.498777190000
56 0.496491580000
57 0.477174460000
58 -0.000060440000
59 -0.108571120000
60 -0.493153570000
61 -0.496276730000
62 -0.497224460000
63 -0.497629890000
64 -0.497796780000
65 -0.497807440000
66 -0.497662690000
67 -0.497307310000
68 -0.496505720000
69 -0.494081800000
70 -0.463524110000
71 -0.001135960000
72 0.000083340000
73 0.000368480000
74 -0.000884400000
75 -0.000161050000
76 -0.000109600000
77 0.000112080000
78 0.000009850000
79 0.000140920000
80 0.000232440000
81 0.000307730000
82 0.000458990000
83 0.000611210000
84 0.000530450000
85 0.261312520000
86 0.491217910000
87 0.494865720000
88 0.495985360000
89 0.496428020000
90 0.496554950000
91 0.496458390000
92 0.496124670000
93 0.495429330000
94 0.493970950000
95 0.490092720000
96 0.490739960000
97 0.010838380000
98 0.001776620000
99 0.001334630000
100 0.001005130000
101 0.000753780000
102 0.012234810000
103 0.499414880000
104 0.499323380000
105 0.499195890000
106 0.499008360000
107 0.498712830000
108 0.498197070000
109 0.497126990000
110 0.493927210000
111 0.414608370000
112 -0.490519580000
113 -0.494068710000
114 -0.494779810000
115 -0.494610860000
116 -0.493769050000
117 -0.491947620000
118 -0.487986870000
119 -0.476451050000
120 -0.340364900000
121 -0.005942810000
122 0.000765120000
123 0.000917480000
124 0.001251620000
125 0.005281280000
126 0.006506340000
127 0.008069510000
128 0.010325280000
129 0.013750020000
130 0.019354650000
131 0.028254310000
132 0.027702000000
133 -0.091857440000
134 -0.447974670000
135 -0.398966620000
136 0.018425370000
137 0.387019120000
138 0.446844370000
139 -0.024537660000
140 -0.465178970000
141 -0.446897830000
142 -0.414541610000
143 -0.308291130000
144 0.277462810000
145 0.418366550000
146 0.454183120000
147 0.471036100000
148 0.013198060000
149 -0.460896170000
150 -0.424639220000
151 -0.271644180000
152 0.316055120000
153 0.418670520000
154 0.451865490000
155 -0.091730930000
156 0.000000000000

[dt]
1 0.010418760000
2 0.146348830000
3 0.146313130000
4 0.146487830000
5 0.146381390000
6 0.146335360000
7 0.146314730000
8 0.146338650000
9 0.146395230000
10 0.146439140000
11 0.146310500000
12 0.146275800000
13 0.146257040000
14 0.146257300000
15 0.146371940000
16 0.146500730000
17 0.146620390000
18 0.145844810000
19 0.145474050000
20 0.145750710000
21 0.146427970000
22 0.146332790000
23 0.146294170000
24 0.146503560000
25 0.146712710000
26 0.146147900000
27 0.146182760000
28 0.146180440000
29 0.146184950000
30 0.146193470000
31 0.146203060000
32 0.146220160000
33 0.146246470000
34 0.146262460000
35 0.146290120000
36 0.146445410000
37 0.146775590000
38 0.146811720000
39 0.146929760000
40 0.147223000000
41 0.147773570000
42 0.148742430000
43 0.153314470000
44 0.154020920000
45 0.120029920000
46 0.097780680000
47 0.091623610000
48 0.095954750000
49 0.107089490000
50 0.129125170000
51 0.146102380000
52 0.147341860000
53 0.147859750000
54 0.147959620000
55 0.147442300000
56 0.120483330000
57 0.119662480000
58 0.124097480000
59 0.124571920000
60 0.127094740000
61 0.127256480000
62 0.127237490000
63 0.127173310000
64 0.127058810000
65 0.126907130000
66 0.126681040000
67 0.125533710000
68 0.124493440000
69 0.124382220000
70 0.122816390000
71 0.127073070000
72 0.127129040000
73 0.123754650000
74 0.120297510000
75 0.126269020000
76 0.126116080000
77 0.126444920000
78 0.125135760000
79 0.125563350000
80 0.125271980000
81 0.124817490000
82 0.124664780000
83 0.124317680000
84 0.124041140000
85 0.123795160000
86 0.124279500000
87 0.123574080000
88 0.122972230000
89 0.122465680000
90 0.122039580000
91 0.121680800000
92 0.121378590000
93 0.121123900000
94 0.120909290000
95 0.120730000000
96 0.120640030000
97 0.121357560000
98 0.121533690000
99 0.121696310000
100 0.121877680000
101 0.122086980000
102 0.122341240000
103 0.148288350000
104 0.148189990000
105 0.148060930000
106 0.147868120000
107 0.147603820000
108 0.147280050000
109 0.146915610000
110 0.146530360000
111 0.146190180000
112 0.148849460000
113 0.149218020000
114 0.149597040000
115 0.149948430000
116 0.150277620000
117 0.150527560000
118 0.150723760000
119 0.150859300000
120 0.150971920000
121 0.151353480000
122 0.151370130000
123 0.151402260000
124 0.151417530000
125 0.154005830000
126 0.154185730000
127 0.154219170000
128 0.154220800000
129 0.154206820000
130 0.154188900000
131 0.154162250000
132 0.154134350000
133 0.154144400000
134 0.154457280000
135 0.154366890000
136 0.154444800000
137 0.154470050000
138 0.154554010000
139 0.154288610000
140 0.154776860000
141 0.154736360000
142 0.154718410000
143 0.154700460000
144 0.154756960000
145 0.154780180000
146 0.154807160000
147 0.154857920000
148 0.154239580000
149 0.154584330000
150 0.154525860000
151 0.154497600000
152 0.154564210000
153 0.154614580000
154 0.154686190000
155 0.154384650000

[s]
1 0.000000000000
2 0.000000000000
3 0.016056300000
4 0.032146960000
5 0.048202480000
6 0.064249380000
7 0.080294960000
8 0.096362990000
9 0.112463870000
10 0.128572160000
11 0.144524340000
12 0.160537130000
13 0.176557610000
14 0.192596800000
15 0.208799070000
16 0.225060610000
17 0.241349420000
18 0.256105770000
19 0.271361930000
20 0.287774300000
21 0.305112120000
22 0.320978020000
23 0.336942580000
24 0.353492550000
25 0.370110520000
26 0.384759430000
27 0.400866420000
28 0.416878360000
29 0.432909150000
30 0.448953090000
31 0.465002420000
32 0.481078720000
33 0.497190860000
34 0.513274110000
35 0.529403250000
36 0.546015260000
37 0.563347010000
38 0.579622970000
39 0.596238000000
40 0.613614080000
41 0.632173670000
42 0.652719280000
43 0.689655850000
44 0.675427480000
45 0.512573690000
46 0.408798510000
47 0.376369480000
48 0.387596010000
49 0.424894890000
50 0.501983780000
51 0.553863490000
52 0.542440900000
53 0.528028610000
54 0.511995660000
55 0.493861650000
56 0.390234120000
57 0.376787200000
58 0.379624370000
59 0.369491840000
60 0.365109770000
61 0.353453420000
62 0.341265410000
63 0.328965460000
64 0.316558150000
65 0.304094180000
66 0.291502080000
67 0.276940990000
68 0.262931180000
69 0.251089490000
70 0.236476530000
71 0.232973370000
72 0.220965880000
73 0.203306690000
74 0.186466830000
75 0.184334950000
76 0.172172600000
77 0.160666900000
78 0.147139420000
79 0.135863270000
80 0.123755020000
81 0.111582850000
82 0.099780140000
83 0.087882580000
84 0.076125490000
85 0.064461610000
86 0.053178550000
87 0.041362000000
88 0.029766960000
89 0.018352930000
90 0.007083300000
91 -0.004071480000
92 -0.015135020000
93 -0.026126210000
94 -0.037060220000
95 -0.047949820000
96 -0.058834200000
97 -0.070160940000
98 -0.081320840000
99 -0.092518580000
100 -0.103776710000
101 -0.115110730000
102 -0.126548440000
103 -0.166990540000
104 -0.183354910000
105 -0.199645570000
106 -0.215800310000
107 -0.231778530000
108 -0.247568680000
109 -0.263178290000
110 -0.278627390000
111 -0.294039590000
112 -0.315700870000
113 -0.333132810000
114 -0.350712200000
115 -0.368350350000
116 -0.386048970000
117 -0.403645090000
118 -0.421174110000
119 -0.438591360000
120 -0.455982760000
121 -0.474251390000
122 -0.491459430000
123 -0.508715570000
124 -0.525904000000
125 -0.552255510000
126 -0.535527470000
127 -0.517893850000
128 -0.500107630000
129 -0.482257640000
130 -0.464393080000
131 -0.446504840000
132 -0.428619160000
133 -0.410842040000
134 -0.393831900000
135 -0.375730160000
136 -0.358048890000
137 -0.340223750000
138 -0.322511590000
139 -0.304081020000
140 -0.287140280000
141 -0.269109650000
142 -0.251129310000
143 -0.233154840000
144 -0.215289860000
145 -0.197362480000
146 -0.179431120000
147 -0.161514950000
148 -0.142960610000
149 -0.125402330000
150 -0.107443640000
151 -0.089522620000
152 -0.071655250000
153 -0.053758930000
154 -0.035849890000
155 -0.017872590000

[splus]
1 0.011552450000
2 0.011552450000
3 0.021443690000
4 0.034408360000
5 0.049102040000
6 0.064598600000
7 0.080429180000
8 0.096414300000
9 0.112483420000
10 0.128579590000
11 0.144527190000
12 0.160538220000
13 0.176558020000
14 0.192596960000
15 0.208799130000
16 0.225060640000
17 0.241349420000
18 0.256105770000
19 0.271361940000
20 0.287774300000
21 0.305112120000
22 0.320978020000
23 0.336942580000
24 0.353492550000
25 0.370110520000
26 0.384759430000
27 0.400866420000
28 0.416878360000
29 0.432909150000
30 0.448953090000
31 0.465002420000
32 0.481078720000
33 0.497190860000
34 0.513274110000
35 0.529403250000
36 0.546015260000
37 0.563347010000
38 0.579622970000
39 0.596238000000
40 0.613614080000
41 0.632173670000
42 0.652719280000
43 0.689655850000
44 0.675427480000
45 0.512573690000
46 0.408798510000
47 0.376369480000
48 0.387596010000
49 0.424894890000
50 0.501983780000
51 0.553863490000
52 0.542440900000
53 0.528028610000
54 0.511995660000
55 0.493861650000
56 0.390234120000
57 0.376787200000
58 0.379624370000
59 0.369491840000
60 0.365109770000
61 0.353453420000
62 0.341265410000
63 0.328965460000
64 0.316558150000
65 0.304094180000
66 0.291502080000
67 0.276940990000
68 0.262931180000
69 0.251089490000
70 0.236476540000
71 0.232973390000
72 0.220965910000
73 0.203306770000
74 0.186467060000
75 0.184335220000
76 0.172173140000
77 0.160667990000
78 0.147141860000
79 0.135868070000
80 0.123764950000
81 0.111603450000
82 0.099821940000
83 0.087967830000
84 0.076297630000
85 0.064806450000
86 0.053850530000
87 0.042700130000
88 0.032349840000
89 0.023136960000
90 0.015467600000
91 0.009640720000
92 0.005646970000
93 0.003157030000
94 0.001712540000
95 0.000912930000
96 0.000481360000
97 0.000245700000
98 0.000126230000
99 0.000064590000
100 0.000032900000
101 0.000016670000
102 0.000008390000
103 0.000000740000
104 0.000000280000
105 0.000000100000
106 0.000000040000
107 0.000000020000
108 0.000000010000
109 0.000000000000
110 0.000000000000
111 0.000000000000
112 0.000000000000
113 0.000000000000
114 0.000000000000
115 0.000000000000
116 0.000000000000
117 0.000000000000
118 0.000000000000
119 0.000000000000
120 0.000000000000
121 0.000000000000
122 0.000000000000
123 0.000000000000
124 0.000000000000
125 0.000000000000
126 0.000000000000
127 0.000000000000
128 0.000000000000
129 0.000000000000
130 0.000000000000
131 0.000000000000
132 0.000000000000
133 0.000000000000
134 0.000000000000
135 0.000000000000
136 0.000000000000
137 0.000000000000
138 0.000000000000
139 0.000000000000
140 0.000000000000
141 0.000000000000
142 0.000000000000
143 0.000000010000
144 0.000000040000
145 0.000000120000
146 0.000000350000
147 0.000001030000
148 0.000003140000
149 0.000009000000
150 0.000026410000
151 0.000077280000
152 0.000224770000
153 0.000649420000
154 0.001834680000
155 0.004905180000

[sminus]
1 0.011552450000
2 0.011552450000
3 0.005387390000
4 0.002261400000
5 0.000899560000
6 0.000349220000
7 0.000134210000
8 0.000051310000
9 0.000019550000
10 0.000007440000
11 0.000002860000
12 0.000001090000
13 0.000000420000
14 0.000000160000
15 0.000000060000
16 0.000000020000
17 0.000000010000
18 0.000000000000
19 0.000000000000
20 0.000000000000
21 0.000000000000
22 0.000000000000
23 0.000000000000
24 0.000000000000
25 0.000000000000
26 0.000000000000
27 0.000000000000
28 0.000000000000
29 0.000000000000
30 0.000000000000
31 0.000000000000
32 0.000000000000
33 0.000000000000
34 0.000000000000
35 0.000000000000
36 0.000000000000
37 0.000000000000
38 0.000000000000
39 0.000000000000
40 0.000000000000
41 0.000000000000
42 0.000000000000
43 0.000000000000
44 -0.000000000000
45 0.000000000000
46 0.000000000000
47 0.000000000000
48 0.000000000000
49 0.000000000000
50 0.000000000000
51 0.000000000000
52 0.000000000000
53 0.000000000000
54 0.000000000000
55 0.000000000000
56 0.000000000000
57 0.000000000000
58 0.000000000000
59 0.000000000000
60 0.000000000000
61 0.000000000000
62 0.000000000000
63 0.000000000000
64 0.000000000000
65 0.000000000000
66 0.000000000000
67 0.000000000000
68 0.000000000000
69 0.000000000000
70 0.000000010000
71 0.000000010000
72 0.000000030000
73 0.000000080000
74 0.000000230000
75 0.000000260000
76 0.000000540000
77 0.000001080000
78 0.000002440000
79 0.000004800000
80 0.000009930000
81 0.000020600000
82 0.000041810000
83 0.000085240000
84 0.000172140000
85 0.000344850000
86 0.000671980000
87 0.001338130000
88 0.002582880000
89 0.004784030000
90 0.008384300000
91 0.013712210000
92 0.020781990000
93 0.029283230000
94 0.038772770000
95 0.048862750000
96 0.059315570000
97 0.070406640000
98 0.081447070000
99 0.092583170000
100 0.103809610000
101 0.115127410000
102 0.126556830000
103 0.166991280000
104 0.183355190000
105 0.199645680000
106 0.215800350000
107 0.231778540000
108 0.247568680000
109 0.263178290000
110 0.278627390000
111 0.294039590000
112 0.315700880000
113 0.333132810000
114 0.350712200000
115 0.368350350000
116 0.386048970000
117 0.403645090000
118 0.421174110000
119 0.438591360000
120 0.455982760000
121 0.474251390000
122 0.491459430000
123 0.508715570000
124 0.525904000000
125 0.552255510000
126 0.535527470000
127 0.517893850000
128 0.500107630000
129 0.482257640000
130 0.464393080000
131 0.446504840000
132 0.428619160000
133 0.410842040000
134 0.393831900000
135 0.375730160000
136 0.358048890000
137 0.340223750000
138 0.322511590000
139 0.304081020000
140 0.287140280000
141 0.269109660000
142 0.251129310000
143 0.233154850000
144 0.215289900000
145 0.197362600000
146 0.179431480000
147 0.161515980000
148 0.142963750000
149 0.125411320000
150 0.107470050000
151 0.089599900000
152 0.071880020000
153 0.054408360000
154 0.037684570000
155 0.022777770000

[k]
1 0.000000000000
2 0.000000000000
3 0.023917210000
4 0.011310770000
5 -0.020565440000
6 -0.048021710000
7 -0.067907860000
8 -0.068122140000
9 -0.048139970000
10 -0.020132840000
11 0.012033280000
12 0.037352870000
13 0.054881120000
14 0.062580190000
15 0.061676840000
16 0.045256760000
17 0.018933400000
18 -0.012749730000
19 -0.028525500000
20 -0.026219190000
21 -0.020941820000
22 -0.016385470000
23 -0.012922660000
24 -0.006197340000
25 0.024532870000
26 -0.005333560000
27 -0.006765190000
28 -0.005870590000
29 -0.005107490000
30 -0.004481340000
31 -0.003953610000
32 -0.003509050000
33 -0.003127620000
34 -0.002781030000
35 -0.002462110000
36 -0.002380630000
37 -0.029062750000
38 -0.065165410000
39 -0.102459230000
40 -0.141086300000
41 -0.181506640000
42 -0.224346790000
43 -0.270441230000
44 -0.321952670000
45 -0.378378020000
46 -0.418000740000
47 -0.412990540000
48 -0.379121790000
49 -0.343800540000
50 -0.306314680000
51 -0.263829050000
52 -0.218950000000
53 -0.176470430000
54 -0.135990640000
55 -0.097074020000
56 -0.059387470000
57 -0.029236020000
58 -0.000651710000
59 -0.000655180000
60 -0.007418230000
61 -0.038834290000
62 -0.070801360000
63 -0.103404050000
64 -0.136882910000
65 -0.171523910000
66 -0.207660130000
67 -0.245665190000
68 -0.285694670000
69 -0.328247370000
70 -0.374124950000
71 -0.420552570000
72 -0.420675940000
73 -0.420666910000
74 -0.420627740000
75 -0.420718710000
76 -0.420736080000
77 -0.420747900000
78 -0.420735810000
79 -0.420734830000
80 -0.420719720000
81 -0.420694850000
82 -0.420662080000
83 -0.420613240000
84 -0.420548420000
85 -0.420491340000
86 -0.393599620000
87 -0.346371160000
88 -0.302908360000
89 -0.262656800000
90 -0.225025990000
91 -0.189514100000
92 -0.155703010000
93 -0.123243100000
94 -0.091842730000
95 -0.061271400000
96 -0.031424540000
97 -0.001780970000
98 -0.001123500000
99 -0.001015590000
100 -0.000934370000
101 -0.000873090000
102 -0.000827030000
103 -0.000076520000
104 0.037019770000
105 0.074493760000
106 0.112760920000
107 0.152260070000
108 0.193477570000
109 0.236971130000
110 0.283380680000
111 0.333328450000
112 0.379002830000
113 0.324442910000
114 0.274364980000
115 0.228010690000
116 0.184604440000
117 0.143496500000
118 0.104184630000
119 0.066324310000
120 0.030036980000
121 0.004308150000
122 0.003858390000
123 0.003916290000
124 0.003985740000
125 0.004080430000
126 0.004487140000
127 0.004988780000
128 0.005611080000
129 0.006407380000
130 0.007467760000
131 0.008960300000
132 0.011139060000
133 0.013275180000
134 0.006192730000
135 -0.028434610000
136 -0.059475700000
137 -0.058033000000
138 -0.027911910000
139 0.006648310000
140 0.004755160000
141 -0.031285180000
142 -0.066202970000
143 -0.099158850000
144 -0.124198940000
145 -0.101631420000
146 -0.068308300000
147 -0.032779430000
148 0.003739380000
149 0.004757320000
150 -0.030905770000
151 -0.064021820000
152 -0.085477660000
153 -0.060526990000
154 -0.027896500000
155 0.007081630000

[up]
1 0.011552450000
2 0.011552450000
3 0.021936050000
4 0.034781970000
5 0.050071460000
6 0.067576650000
7 0.085672480000
8 0.102719530000
9 0.117681760000
10 0.131064680000
11 0.146196760000
12 0.166294960000
13 0.185860230000
14 0.204167650000
15 0.221162360000
16 0.234839080000
17 0.245736100000
18 0.259240450000
19 0.278792820000
20 0.295017180000
21 0.311246230000
22 0.326027020000
23 0.341122600000
24 0.355595630000
25 0.378827220000
26 0.386729490000
27 0.403469870000
28 0.419227780000
29 0.435031780000
30 0.450884520000
31 0.466767320000
32 0.482699320000
33 0.498683690000
34 0.514644450000
35 0.530654580000
36 0.547263160000
37 0.579064540000
38 0.615883480000
39 0.654884480000
40 0.696723720000
41 0.742327640000
42 0.793297340000
43 0.868706770000
44 0.884184900000
45 0.698762600000
46 0.572841470000
47 0.525589050000
48 0.528664270000
49 0.565130810000
50 0.649598130000
51 0.694143770000
52 0.656457690000
53 0.617482960000
54 0.578837850000
55 0.539887500000
56 0.412469720000
57 0.387362730000
58 0.379861860000
59 0.369724210000
60 0.367710080000
61 0.366630480000
62 0.364460960000
63 0.361621150000
64 0.358156270000
65 0.354167190000
66 0.349614010000
67 0.342254560000
68 0.335044450000
69 0.330211300000
70 0.321410410000
71 0.327031920000
72 0.310202770000
73 0.285410070000
74 0.261762840000
75 0.258786380000
76 0.241715100000
77 0.225564650000
78 0.206573530000
79 0.190745940000
80 0.173752510000
81 0.156676460000
82 0.140133630000
83 0.123488300000
84 0.107101070000
85 0.090966980000
86 0.074198260000
87 0.056898630000
88 0.041756910000
89 0.028970960000
90 0.018809000000
91 0.011394710000
92 0.006491070000
93 0.003530560000
94 0.001863550000
95 0.000966640000
96 0.000495890000
97 0.000246120000
98 0.000126370000
99 0.000064660000
100 0.000032930000
101 0.000016690000
102 0.000008400000
103 0.000000740000
104 0.000000290000
105 0.000000110000
106 0.000000040000
107 0.000000020000
108 0.000000010000
109 0.000000000000
110 0.000000000000
111 0.000000000000
112 0.000000000000
113 0.000000000000
114 0.000000000000
115 0.000000000000
116 0.000000000000
117 0.000000000000
118 0.000000000000
119 0.000000000000
120 0.000000000000
121 0.000000000000
122 0.000000000000
123 0.000000000000
124 0.000000000000
125 0.000000000000
126 0.000000000000
127 0.000000000000
128 0.000000000000
129 0.000000000000
130 0.000000000000
131 0.000000000000
132 0.000000000000
133 0.000000000000
134 0.000000000000
135 0.000000000000
136 0.000000000000
137 0.000000000000
138 0.000000000000
139 0.000000000000
140 0.000000000000
141 0.000000000000
142 0.000000010000
143 0.000000020000
144 0.000000050000
145 0.000000130000
146 0.000000370000
147 0.000001060000
148 0.000003150000
149 0.000009040000
150 0.000027190000
151 0.000082030000
152 0.000243220000
153 0.000687160000
154 0.001883820000
155 0.004938530000

[down]
1 0.011552450000
2 0.011552450000
3 0.005511090000
4 0.002285960000
5 0.000917320000
6 0.000365320000
7 0.000142960000
8 0.000054660000
9 0.000020450000
10 0.000007580000
11 0.000002890000
12 0.000001130000
13 0.000000440000
14 0.000000170000
15 0.000000060000
16 0.000000020000
17 0.000000010000
18 0.000000000000
19 0.000000000000
20 0.000000000000
21 0.000000000000
22 0.000000000000
23 0.000000000000
24 0.000000000000
25 0.000000000000
26 0.000000000000
27 0.000000000000
28 0.000000000000
29 0.000000000000
30 0.000000000000
31 0.000000000000
32 0.000000000000
33 0.000000000000
34 0.000000000000
35 0.000000000000
36 0.000000000000
37 0.000000000000
38 0.000000000000
39 0.000000000000
40 0.000000000000
41 0.000000000000
42 0.000000000000
43 0.000000000000
44 -0.000000000000
45 0.000000000000
46 0.000000000000
47 0.000000000000
48 0.000000000000
49 0.000000000000
50 0.000000000000
51 0.000000000000
52 0.000000000000
53 0.000000000000
54 0.000000000000
55 0.000000000000
56 0.000000000000
57 0.000000000000
58 0.000000000000
59 0.000000000000
60 0.000000000000
61 0.000000000000
62 0.000000000000
63 0.000000000000
64 0.000000000000
65 0.000000000000
66 0.000000000000
67 0.000000000000
68 0.000000000000
69 0.000000010000
70 0.000000020000
71 0.000000020000
72 0.000000040000
73 0.000000120000
74 0.000000320000
75 0.000000370000
76 0.000000760000
77 0.000001520000
78 0.000003420000
79 0.000006740000
80 0.000013940000
81 0.000028920000
82 0.000058690000
83 0.000119660000
84 0.000241640000
85 0.000484050000
86 0.000925880000
87 0.001783080000
88 0.003333960000
89 0.005990330000
90 0.010195530000
91 0.016206920000
92 0.023888370000
93 0.032747820000
94 0.042191320000
95 0.051736900000
96 0.061105070000
97 0.070526930000
98 0.081534870000
99 0.092673440000
100 0.103902790000
101 0.115224060000
102 0.126657600000
103 0.167003500000
104 0.189871240000
105 0.213922860000
106 0.239160590000
107 0.265657380000
108 0.293551650000
109 0.323049340000
110 0.354426740000
111 0.388130890000
112 0.430566950000
113 0.436892370000
114 0.443086570000
115 0.448978730000
116 0.454464700000
117 0.459249890000
118 0.463298800000
119 0.466517110000
120 0.469131370000
121 0.476212800000
122 0.493279830000
123 0.510628170000
124 0.527916310000
125 0.554418830000
126 0.537834340000
127 0.520374160000
128 0.502801530000
129 0.485224050000
130 0.467722340000
131 0.450345620000
132 0.433202600000
133 0.416077900000
134 0.396173220000
135 0.385986550000
136 0.378492540000
137 0.359178240000
138 0.331153430000
139 0.306021760000
140 0.288451070000
141 0.277192030000
142 0.267089800000
143 0.255349450000
144 0.240959130000
145 0.216618530000
146 0.191197880000
147 0.166598620000
148 0.143476980000
149 0.125984080000
150 0.110658630000
151 0.095106790000
152 0.077778420000
153 0.057569820000
154 0.038693800000
155 0.022932630000

[left]
1 0.023104910000
2 0.023104910000
3 0.023529670000
4 0.023494910000
5 0.022202720000
6 0.021007650000
7 0.020696890000
8 0.020861010000
9 0.020666100000
10 0.021166320000
11 0.025286480000
12 0.033364970000
13 0.042662380000
14 0.049297770000
15 0.051761060000
16 0.044233500000
17 0.030420690000
18 0.020838330000
19 0.021133780000
20 0.021048040000
21 0.020697890000
22 0.020534910000
23 0.020555340000
24 0.021274640000
25 0.041828350000
26 0.021344110000
27 0.020984820000
28 0.021107460000
29 0.021230650000
30 0.021344420000
31 0.021451170000
32 0.021549440000
33 0.021641050000
34 0.021733320000
35 0.021827140000
36 0.021824770000
37 0.027037070000
38 0.046643340000
39 0.068305140000
40 0.091978340000
41 0.118149370000
42 0.147591020000
43 0.184821520000
44 0.213568750000
45 0.191729010000
46 0.170298200000
47 0.155953470000
48 0.148065380000
49 0.147259920000
50 0.154400090000
51 0.147302850000
52 0.121887450000
53 0.098118180000
54 0.076236200000
55 0.056092170000
56 0.033123870000
57 0.022875570000
58 0.022837840000
59 0.022843960000
60 0.021002980000
61 0.024879620000
62 0.034045250000
63 0.043157890000
64 0.051807750000
65 0.060008570000
66 0.067787860000
67 0.074756940000
68 0.081337060000
69 0.088119290000
70 0.093743670000
71 0.102573680000
72 0.097907720000
73 0.091004530000
74 0.084416910000
75 0.083599580000
76 0.078849020000
77 0.074353960000
78 0.069066030000
79 0.064660300000
80 0.059930150000
81 0.055179040000
82 0.050581120000
83 0.045965150000
84 0.041443980000
85 0.037045190000
86 0.031633770000
87 0.026298010000
88 0.023117620000
89 0.022252220000
90 0.023213470000
91 0.025009070000
92 0.026734160000
93 0.027811320000
94 0.027941940000
95 0.027061060000
96 0.025351470000
97 0.023231090000
98 0.023196520000
99 0.023198940000
100 0.023201770000
101 0.023205130000
102 0.023209140000
103 0.023117320000
104 0.021486280000
105 0.027320580000
106 0.036832510000
107 0.048430500000
108 0.061979850000
109 0.077696820000
110 0.095904000000
111 0.117015060000
112 0.141596500000
113 0.129964440000
114 0.117817260000
115 0.105045700000
116 0.091515080000
117 0.077051580000
118 0.061557740000
119 0.044968410000
120 0.027954950000
121 0.021797730000
122 0.021868630000
123 0.021840860000
124 0.021813530000
125 0.021779810000
126 0.021723740000
127 0.021662650000
128 0.021598040000
129 0.021532360000
130 0.021473040000
131 0.021441330000
132 0.021494700000
133 0.021615510000
134 0.021601570000
135 0.044355060000
136 0.074678760000
137 0.070130830000
138 0.039970230000
139 0.021700420000
140 0.022042690000
141 0.038524920000
142 0.061065070000
143 0.080050060000
144 0.090726570000
145 0.071061600000
146 0.048702620000
147 0.031381860000
148 0.022614710000
149 0.022559420000
150 0.027642130000
151 0.032355260000
152 0.033241210000
153 0.027582030000
154 0.024237110000
155 0.022980430000

[right]
1 0.023104910000
2 0.023104910000
3 0.022743880000
4 0.022749700000
5 0.024240870000
6 0.027374220000
7 0.031990880000
8 0.034510040000
9 0.031966480000
10 0.026589940000
11 0.021628710000
12 0.020704610000
13 0.022127030000
14 0.023657870000
15 0.024260580000
16 0.022399730000
17 0.020588730000
18 0.027888280000
19 0.037904930000
20 0.037456770000
21 0.034650170000
22 0.032060780000
23 0.030132260000
24 0.026111170000
25 0.021706800000
26 0.025906810000
27 0.027036300000
28 0.026588070000
29 0.026199950000
30 0.025882240000
31 0.025612480000
32 0.025384090000
33 0.025185870000
34 0.024998770000
35 0.024819510000
36 0.024819720000
37 0.064901140000
38 0.134303550000
39 0.210591220000
40 0.294368230000
41 0.387462850000
42 0.492792120000
43 0.627940460000
44 0.728658910000
45 0.635340900000
46 0.552278960000
47 0.500897010000
48 0.474990760000
49 0.474980670000
50 0.505290390000
51 0.484550030000
52 0.395316280000
53 0.311971140000
54 0.235473200000
55 0.165303420000
56 0.084676330000
57 0.047324860000
58 0.023387230000
59 0.023380280000
60 0.026998770000
61 0.055183110000
62 0.087241170000
63 0.117840180000
64 0.146672210000
65 0.173874900000
66 0.199553560000
67 0.222356680000
68 0.243776550000
69 0.265857840000
70 0.283892700000
71 0.312979120000
72 0.296969380000
73 0.273397750000
74 0.251026840000
75 0.248258000000
76 0.232209260000
77 0.217080660000
78 0.199353490000
79 0.184640600000
80 0.168898850000
81 0.153138960000
82 0.137925650000
83 0.122667750000
84 0.107689550000
85 0.092979580000
86 0.074715560000
87 0.055711430000
88 0.041589960000
89 0.032116000000
90 0.026485570000
91 0.023468600000
92 0.021984120000
93 0.021325250000
94 0.021098200000
95 0.021167220000
96 0.021651570000
97 0.022981900000
98 0.023014790000
99 0.023012460000
100 0.023009730000
101 0.023006480000
102 0.023002620000
103 0.023092520000
104 0.034649560000
105 0.056041200000
106 0.083628460000
107 0.116015660000
108 0.153333450000
109 0.196154860000
110 0.245267120000
111 0.301667300000
112 0.365722850000
113 0.331477770000
114 0.296373430000
115 0.260156620000
116 0.222500940000
117 0.183000570000
118 0.141437240000
119 0.097669650000
120 0.052649770000
121 0.025462870000
122 0.025253950000
123 0.025380460000
124 0.025519620000
125 0.025734320000
126 0.025960780000
127 0.026241030000
128 0.026595630000
129 0.027063080000
130 0.027711250000
131 0.028673800000
132 0.030168340000
133 0.031572250000
134 0.026074680000
135 0.024663490000
136 0.035240110000
137 0.033388980000
138 0.023138950000
139 0.025498930000
140 0.024619790000
141 0.022558480000
142 0.029386230000
143 0.035789810000
144 0.039298420000
145 0.032302680000
146 0.024908980000
147 0.021056530000
148 0.023662270000
149 0.023733660000
150 0.021076420000
151 0.020971780000
152 0.021022270000
153 0.021063000000
154 0.022225770000
155 0.023235580000
