  0.00000000
  0.00000000
  0.04779798
  0.02261769
 -0.04110771
 -0.09574974
 -0.13498976
 -0.13541053
 -0.09598411
 -0.04024396
  0.02406194
  0.07456734
  0.10932511
  0.12451303
  0.12273422
  0.09026778
  0.03784873
 -0.02549394
 -0.05698924
 -0.05239052
 -0.04185918
 -0.03275923
 -0.02583956
 -0.01239404
  0.04902643
 -0.01066672
 -0.01352955
 -0.01174064
 -0.01021463
 -0.00896244
 -0.00790705
 -0.00701799
 -0.00625516
 -0.00556200
 -0.00492418
 -0.00476122
 -0.05806019
 -0.12960031
 -0.20212035
 -0.27502222
 -0.34822058
 -0.42176698
 -0.49581625
 -0.57207882
 -0.64781107
 -0.69631098
 -0.69038360
 -0.64875616
 -0.60235600
 -0.54965408
 -0.48552848
 -0.41274613
 -0.33929234
 -0.26555762
 -0.19176253
 -0.11822142
 -0.05840556
 -0.00130341
 -0.00131036
 -0.01483537
 -0.07751296
 -0.14066751
 -0.20393317
 -0.26721845
 -0.33046798
 -0.39364339
 -0.45668801
 -0.51911656
 -0.58092749
 -0.64238093
 -0.69930742
 -0.69945193
 -0.69944136
 -0.69939549
 -0.69950202
 -0.69952235
 -0.69953619
 -0.69952204
 -0.69952090
 -0.69950321
 -0.69947409
 -0.69943572
 -0.69937853
 -0.69930262
 -0.69923570
 -0.66688700
 -0.60583841
 -0.54468559
 -0.48369293
 -0.42289733
 -0.36229778
 -0.30188815
 -0.24166912
 -0.18166076
 -0.12193521
 -0.06276683
 -0.00356194
 -0.00224701
 -0.00203118
 -0.00186875
 -0.00174618
 -0.00165406
 -0.00015304
  0.07390470
  0.14789969
  0.22181130
  0.29559885
  0.36921083
  0.44258529
  0.51562086
  0.58799586
  0.64860645
  0.57559209
  0.50186785
  0.42785011
  0.35368391
  0.27948146
  0.20542984
  0.13187874
  0.06000188
  0.00861610
  0.00771663
  0.00783243
  0.00797132
  0.00816067
  0.00897404
  0.00997722
  0.01122169
  0.01281406
  0.01493441
  0.01791869
  0.02227444
  0.02654413
  0.01238482
 -0.05680803
 -0.11839539
 -0.11554907
 -0.05576595
  0.01329583
  0.00951003
 -0.06248889
 -0.13164023
 -0.19577746
 -0.24347026
 -0.20053094
 -0.13577605
 -0.06546518
  0.00747862
  0.00951436
 -0.06173300
 -0.12735073
 -0.16931894
 -0.12046797
 -0.05573526
  0.01416232
  0.00000000
