  0.00000000
  0.32660300
 -0.17209873
 -0.43502100
 -0.37328556
 -0.26815144
 -0.00287570
  0.26941880
  0.38075076
  0.43912576
  0.34518992
  0.23761505
  0.10384815
 -0.01216666
 -0.22180267
 -0.35777966
 -0.43202289
 -0.21595714
  0.03157910
  0.07227563
  0.06214168
  0.04728689
  0.09190692
  0.41924213
 -0.40686928
 -0.01958844
  0.01223749
  0.01043920
  0.00856579
  0.00721906
  0.00608097
  0.00521696
  0.00473965
  0.00436073
  0.00111396
 -0.36395107
 -0.48741132
 -0.49396599
 -0.49616788
 -0.49719349
 -0.49769624
 -0.49783512
 -0.49742530
 -0.49170087
 -0.40407381
  0.06061945
  0.45433142
  0.48356325
  0.49212962
  0.49661611
  0.49815965
  0.49852576
  0.49867944
  0.49875043
  0.49877719
  0.49649158
  0.47717446
 -0.00006044
 -0.10857112
 -0.49315357
 -0.49627673
 -0.49722446
 -0.49762989
 -0.49779678
 -0.49780744
 -0.49766269
 -0.49730731
 -0.49650572
 -0.49408180
 -0.46352411
 -0.00113596
  0.00008334
  0.00036848
 -0.00088440
 -0.00016105
 -0.00010960
  0.00011208
  0.00000985
  0.00014092
  0.00023244
  0.00030773
  0.00045899
  0.00061121
  0.00053045
  0.26131252
  0.49121791
  0.49486572
  0.49598536
  0.49642802
  0.49655495
  0.49645839
  0.49612467
  0.49542933
  0.49397095
  0.49009272
  0.49073996
  0.01083838
  0.00177662
  0.00133463
  0.00100513
  0.00075378
  0.01223481
  0.49941488
  0.49932338
  0.49919589
  0.49900836
  0.49871283
  0.49819707
  0.49712699
  0.49392721
  0.41460837
 -0.49051958
 -0.49406871
 -0.49477981
 -0.49461086
 -0.49376905
 -0.49194762
 -0.48798687
 -0.47645105
 -0.34036490
 -0.00594281
  0.00076512
  0.00091748
  0.00125162
  0.00528128
  0.00650634
  0.00806951
  0.01032528
  0.01375002
  0.01935465
  0.02825431
  0.02770200
 -0.09185744
 -0.44797467
 -0.39896662
  0.01842537
  0.38701912
  0.44684437
 -0.02453766
 -0.46517897
 -0.44689783
 -0.41454161
 -0.30829113
  0.27746281
  0.41836655
  0.45418312
  0.47103610
  0.01319806
 -0.46089617
 -0.42463922
 -0.27164418
  0.31605512
  0.41867052
  0.45186549
 -0.09173093
  0.00000000
