  0.00000000
 -0.74988714
 -0.74988353
 -0.74987972
 -0.74987565
 -0.74987131
 -0.74986665
 -0.74986165
 -0.74985626
 -0.74985055
 -0.74984412
 -0.74983717
 -0.74982965
 -0.74982145
 -0.74981213
 -0.74980199
 -0.74979083
 -0.74977805
 -0.74976374
 -0.74974752
 -0.74972903
 -0.74970718
 -0.74968181
 -0.74965173
 -0.74961537
 -0.74957059
 -0.74951400
 -0.74944310
 -0.74934340
 -0.74920003
 -0.74898102
 -0.74852559
 -0.74810154
  0.26442210
  0.74837324
  0.74924197
  0.74935090
  0.74942290
  0.74967573
  0.74974005
  0.74978212
  0.74981225
  0.74983515
  0.74985356
  0.74986899
  0.74988234
  0.74989417
  0.74989279
  0.74991370
  0.74992143
  0.74992774
  0.74993298
  0.74993612
  0.74993703
  0.74993702
  0.74993630
  0.74993489
  0.74993157
  0.74992845
  0.74992422
  0.74991853
  0.74991266
  0.74990661
  0.74990088
  0.74989563
  0.74986187
  0.74985656
  0.74985041
  0.74984382
  0.74983627
  0.74982822
  0.74981936
  0.74980954
  0.74979865
  0.74978629
  0.74977241
  0.74975653
  0.74973835
  0.74971726
  0.74969247
  0.74966294
  0.74962715
  0.74958330
  0.74952631
  0.74945306
  0.74935305
  0.74920829
  0.74898535
  0.74857968
  0.74766652
  0.74460166
  0.19373700
 -0.00022509
 -0.00012039
 -0.00027958
 -0.00069726
 -0.00147973
 -0.00833868
  0.00294592
 -0.19785266
 -0.02073387
 -0.01113432
 -0.00331961
  0.00371724
  0.01061256
  0.01798665
  0.02651693
  0.03701915
  0.05054621
  0.06849258
  0.09247897
  0.12897595
  0.18389302
  0.26438590
  0.37875577
  0.03679227
  0.00414672
  0.00151595
  0.00083730
 -0.00211772
  0.00034422
  0.00226231
 -0.00030982
  0.00044729
  0.00052503
  0.00050961
 -0.12031920
 -0.74514088
 -0.74791638
 -0.74879105
 -0.74914871
 -0.74933682
 -0.74945769
 -0.74954187
 -0.74960332
 -0.74965024
 -0.74968729
 -0.74971710
 -0.74974159
 -0.74976225
 -0.74977995
 -0.74979503
 -0.74980825
 -0.74981989
 -0.74983018
 -0.74983936
 -0.74984767
 -0.74985501
 -0.74986174
 -0.74986789
 -0.74987351
 -0.74987868
 -0.74988343
 -0.74988783
 -0.74989191
 -0.74989569
 -0.74989922
 -0.74990252
 -0.74990560
 -0.74990850
 -0.74991124
 -0.74991384
  0.00000000
