  0.01155245
  0.01155245
  0.02536524
  0.04404128
  0.06462029
  0.08548548
  0.10619062
  0.12660799
  0.14634961
  0.16423197
  0.18748407
  0.21397310
  0.23496969
  0.24966502
  0.26722192
  0.29289596
  0.30970050
  0.33092962
  0.35869396
  0.38063736
  0.39471003
  0.41086455
  0.43585028
  0.46404381
  0.50011775
  0.53984968
  0.58238798
  0.62150013
  0.62513859
  0.62677294
  0.62675147
  0.56939999
  0.87221843
  0.95821389
  1.01558633
  1.02647155
  0.86309914
  0.76977838
  0.95388505
  0.86084690
  0.77051146
  0.68461254
  0.65706047
  0.64586878
  0.63112944
  0.61346825
  0.59320872
  0.52177186
  0.52458877
  0.45881197
  0.39297638
  0.32720787
  0.24648530
  0.17130668
  0.10799763
  0.05461169
  0.01571792
  0.00203564
  0.00022886
  0.00002615
  0.00000320
  0.00000033
  0.00000003
  0.00000000
  0.00000000
  0.00000000
  0.00000000
  0.00000000
  0.00000000
  0.00000000
  0.00000000
  0.00000000
  0.00000000
  0.00000000
  0.00000000
  0.00000000
  0.00000000
  0.00000000
  0.00000000
  0.00000000
 -0.00000000
 -0.00000000
 -0.00000000
 -0.00000000
 -0.00000000
 -0.00000000
 -0.00000000
 -0.00000000
 -0.00000000
  0.00000000
  0.00000000
  0.00000000
  0.00000000
  0.00000000
  0.00000000
  0.00000000
  0.00000000
  0.00000000
 -0.00000000
 -0.00000000
  0.00001769
  0.00001943
  0.00001929
  0.00001911
  0.00001889
  0.00001863
  0.00001833
  0.00001795
  0.00001748
  0.00001682
  0.00001569
  0.00001610
  0.00001601
  0.00001591
  0.00001549
 -0.00000000
  0.00000000
  0.00000000
  0.00000000
  0.00000000
  0.00000000
  0.00000000
 -0.00000000
  0.00000000
  0.00000000
  0.00000000
  0.00000000
  0.00000000
  0.00000000
  0.00000000
  0.00000000
  0.00000000
  0.00000000
  0.00000000
  0.00000000
  0.00000000
  0.00000000
  0.00000000
  0.00000000
  0.00000000
  0.00000000
  0.00000000
  0.00000000
  0.00000000
  0.00000000
  0.00000000
  0.00000000
  0.00000000
  0.00000000
  0.00000000
  0.00000000
  0.00000000
  0.00000000
  0.00000001
  0.00000003
  0.00000017
  0.00000091
  0.00000474
  0.00002471
  0.00012802
  0.00064803
  0.00305003
