  0.01039175
  0.16461775
  0.16456681
  0.16454985
  0.16454671
  0.16454915
  0.16455440
  0.16456301
  0.16458639
  0.16475225
  0.16466839
  0.16464125
  0.16468733
  0.16477794
  0.16462143
  0.16460856
  0.16472228
  0.16462132
  0.16459535
  0.16461634
  0.16471705
  0.16457231
  0.16455540
  0.16458318
  0.16460602
  0.16467156
  0.16484101
  0.16629763
  0.16705815
  0.16762991
  0.16808113
  0.15342972
  0.22799611
  0.22730539
  0.23221751
  0.23284969
  0.19435969
  0.17855889
  0.24023940
  0.24235763
  0.24337352
  0.24390322
  0.24404877
  0.24415990
  0.24430221
  0.24443845
  0.24442365
  0.22316966
  0.24940648
  0.24925803
  0.24899937
  0.24863797
  0.24734311
  0.24305174
  0.23938208
  0.23643731
  0.23395740
  0.22783444
  0.22566557
  0.22346244
  0.22109918
  0.22343320
  0.22469906
  0.22592245
  0.22718656
  0.17835477
  0.17881863
  0.17880825
  0.17895412
  0.17869053
  0.17866958
  0.17866509
  0.17866315
  0.17872351
  0.17866149
  0.17865452
  0.17859296
  0.17857000
  0.17854952
  0.17852729
  0.17850130
  0.17846672
  0.17863567
  0.17819304
  0.17818897
  0.17819327
  0.17819205
  0.17927437
  0.17920417
  0.17743388
  0.16660068
  0.15598437
  0.14901432
  0.14319387
  0.14742914
  0.15318001
  0.15916484
  0.16544830
  0.14390507
  0.17533617
  0.02298668
  0.02267539
  0.02270093
  0.02273282
  0.02277050
  0.02281524
  0.02286907
  0.02293553
  0.02302148
  0.02314342
  0.02336420
  0.02328027
  0.02327935
  0.02327642
  0.02333723
  0.17213338
  0.17164793
  0.16968604
  0.16397273
  0.15768799
  0.13237785
  0.12970488
  0.14128050
  0.14150576
  0.14705904
  0.15278117
  0.15871695
  0.16557706
  0.17647446
  0.18755488
  0.19074426
  0.19063958
  0.19080549
  0.19106421
  0.19117118
  0.19123475
  0.19130317
  0.19127004
  0.19116586
  0.19113730
  0.19120033
  0.19110193
  0.19109616
  0.19110419
  0.19110327
  0.19109974
  0.19117797
  0.19105975
  0.19104814
  0.19105736
  0.19106314
  0.19106498
  0.19106421
  0.19106143
  0.19105683
  0.19105030
  0.19104209
  0.19103276
  0.19102401
  0.19102084
  0.19103649
  0.19109083
