task_id 12

[x]
1 22.000000000000
2 22.000000000000
3 22.000000000000
4 21.979685090000
5 21.939065860000
6 21.878143770000
7 21.796918390000
8 21.695389890000
9 21.573558590000
10 21.431414840000
11 21.268814640000
12 21.085967840000
13 20.882805950000
14 20.659221050000
15 20.415154010000
16 20.150986310000
17 19.866515980000
18 19.561518700000
19 19.236387530000
20 18.890979530000
21 18.525231160000
22 18.139040220000
23 17.732980000000
24 17.306605100000
25 16.859754770000
26 16.392442070000
27 15.904866400000
28 15.398069720000
29 14.871400130000
30 14.332306510000
31 13.782810700000
32 13.221913100000
33 12.697342380000
34 11.893679040000
35 11.056719590000
36 10.234117080000
37 9.490436110000
38 8.963245450000
39 8.574616550000
40 8.177706260000
41 7.912648480000
42 7.735120180000
43 7.604811930000
44 7.489801560000
45 7.366661240000
46 7.219844850000
47 7.040939400000
48 6.828226010000
49 6.607047620000
50 6.340659980000
51 6.074665280000
52 5.826701940000
53 5.608968290000
54 5.429818750000
55 5.295254050000
56 5.204864090000
57 5.157309300000
58 5.151262880000
59 5.184932490000
60 5.256437680000
61 5.364733100000
62 5.508816950000
63 5.691706910000
64 5.913873410000
65 6.175644670000
66 6.477394190000
67 6.744575330000
68 7.036356940000
69 7.352088300000
70 7.692062270000
71 8.055505900000
72 8.442722590000
73 8.853622710000
74 9.288162170000
75 9.746459410000
76 10.228240230000
77 10.734194550000
78 11.264160000000
79 11.818182530000
80 12.396227050000
81 12.998253690000
82 13.624227990000
83 14.274107870000
84 14.948559070000
85 15.644889880000
86 16.365043370000
87 17.109042570000
88 17.876850950000
89 18.673271420000
90 19.493585450000
91 20.329215780000
92 21.130672150000
93 21.883620200000
94 22.572230510000
95 23.174158200000
96 23.698389720000
97 24.132856420000
98 24.473343580000
99 24.725307340000
100 24.873396930000
101 25.003958850000
102 25.016604760000
103 25.029078440000
104 25.041570080000
105 25.054083690000
106 25.066622910000
107 25.079192060000
108 25.091796670000
109 25.104444260000
110 25.117146300000
111 25.129923620000
112 25.142832280000
113 25.155702190000
114 25.168583760000
115 25.181479640000
116 25.194430420000
117 25.290177380000
118 25.385783150000
119 25.449070340000
120 25.449957740000
121 25.366182810000
122 25.205497550000
123 24.957803670000
124 24.581334400000
125 24.084960590000
126 23.469165080000
127 22.762254330000
128 21.988901760000
129 21.167740840000
130 20.310734020000
131 19.427762420000
132 18.559559540000
133 17.719015140000
134 16.901683680000
135 16.108224440000
136 15.341250300000
137 14.601368460000
138 13.888743550000
139 13.203899170000
140 12.547289090000
141 11.917923480000
142 11.315458070000
143 10.740541880000
144 10.193134030000
145 9.673261100000
146 9.180969540000
147 8.716315830000
148 8.279207000000
149 7.870002670000
150 7.487914630000
151 7.132894700000
152 6.805033810000
153 6.504392320000
154 6.231008010000
155 5.984907120000
156 5.766109450000
157 5.574630850000
158 5.410484120000
159 5.273679680000
160 5.164225720000
161 5.082126900000
162 5.027383610000
163 5.000000000000

[y]
1 26.632653060000
2 26.632653060000
3 26.632653060000
4 26.632653060000
5 26.632627420000
6 26.632464710000
7 26.631972790000
8 26.630921600000
9 26.629074140000
10 26.626214950000
11 26.622237010000
12 26.617462200000
13 26.613125560000
14 26.610860770000
15 26.611280100000
16 26.613274310000
17 26.614518960000
18 26.613177390000
19 26.610155310000
20 26.609026070000
21 26.612891560000
22 26.622956600000
23 26.637090720000
24 26.649905240000
25 26.659011470000
26 26.660209040000
27 26.644792770000
28 26.601199570000
29 26.514801680000
30 26.374822430000
31 26.189637480000
32 25.969551850000
33 25.748291900000
34 25.409387210000
35 25.056461490000
36 24.658066390000
37 24.195085320000
38 23.738678950000
39 23.262532290000
40 22.573964160000
41 21.863677120000
42 21.168912740000
43 20.507485560000
44 19.888162660000
45 19.315740150000
46 18.794906300000
47 18.331595210000
48 17.932979490000
49 17.634338320000
50 17.372426100000
51 17.182681070000
52 17.052943550000
53 16.969940360000
54 16.921111920000
55 16.893447460000
56 16.878170990000
57 16.870959400000
58 16.870077900000
59 16.874974260000
60 16.885371550000
61 16.900657700000
62 16.919137320000
63 16.937844170000
64 16.950650440000
65 16.955467690000
66 16.951923090000
67 16.944188900000
68 16.935745840000
69 16.926631620000
70 16.916851400000
71 16.906475630000
72 16.891957150000
73 16.871379590000
74 16.844900580000
75 16.812587890000
76 16.775355760000
77 16.740834010000
78 16.709712090000
79 16.681884450000
80 16.657426610000
81 16.636575220000
82 16.620117000000
83 16.610503400000
84 16.614783710000
85 16.636002740000
86 16.656214880000
87 16.675579990000
88 16.694440510000
89 16.713083820000
90 16.724186780000
91 16.696540750000
92 16.600908810000
93 16.417103420000
94 16.132965660000
95 15.745549400000
96 15.227528860000
97 14.596977750000
98 13.877873370000
99 13.090179700000
100 12.386466600000
101 11.519978700000
102 11.406599840000
103 11.294767160000
104 11.182814720000
105 11.070707250000
106 10.958412540000
107 10.845892270000
108 10.733097730000
109 10.619962090000
110 10.506383570000
111 10.392177220000
112 10.276845150000
113 10.161877450000
114 10.046845370000
115 9.931729340000
116 9.816170420000
117 8.962311500000
118 8.109781200000
119 7.263955690000
120 6.444282610000
121 5.660468070000
122 5.018564600000
123 4.419389490000
124 3.821834730000
125 3.317853710000
126 2.916308620000
127 2.627148120000
128 2.449694840000
129 2.374643640000
130 2.385856910000
131 2.460717660000
132 2.564807810000
133 2.666709970000
134 2.734988860000
135 2.763409620000
136 2.773063400000
137 2.770766340000
138 2.758820840000
139 2.737698690000
140 2.705817680000
141 2.680102300000
142 2.663362770000
143 2.654045660000
144 2.639819950000
145 2.620461770000
146 2.597074040000
147 2.569789770000
148 2.538184860000
149 2.504484570000
150 2.475394350000
151 2.451227640000
152 2.431084820000
153 2.414334500000
154 2.400548060000
155 2.389400590000
156 2.380622100000
157 2.373971380000
158 2.369214180000
159 2.366101660000
160 2.364332950000
161 2.363534350000
162 2.363295230000
163 2.363265310000

[theta]
1 0.000000000000
2 0.000000000000
3 -0.000000000000
4 0.000631180000
5 0.002670850000
6 0.006056140000
7 0.010353250000
8 0.015162980000
9 0.020112050000
10 0.024459680000
11 0.026107740000
12 0.021342490000
13 0.010129110000
14 -0.001718070000
15 -0.007548910000
16 -0.004375270000
17 0.004398590000
18 0.009294690000
19 0.003269280000
20 -0.010568340000
21 -0.026056430000
22 -0.034793890000
23 -0.030045540000
24 -0.020375900000
25 -0.002562660000
26 0.031607670000
27 0.085805940000
28 0.162597490000
29 0.254046420000
30 0.325054870000
31 0.373921170000
32 0.399150660000
33 0.399072050000
34 0.399051830000
35 0.451017490000
36 0.556837980000
37 0.713557280000
38 0.886257630000
39 1.047889150000
40 1.213631050000
41 1.320626300000
42 1.376276710000
43 1.387184530000
44 1.358904140000
45 1.296038500000
46 1.202290310000
47 1.080607880000
48 0.933328160000
49 0.776926990000
50 0.619623910000
51 0.482044670000
52 0.364207700000
53 0.266093460000
54 0.202759740000
55 0.167424070000
56 0.150501300000
57 0.144767370000
58 0.144411690000
59 0.144394310000
60 0.140226040000
61 0.127559700000
62 0.101930320000
63 0.057579000000
64 0.018400450000
65 -0.011746260000
66 -0.028939270000
67 -0.028928170000
68 -0.028859000000
69 -0.028759620000
70 -0.028540750000
71 -0.037476920000
72 -0.050037410000
73 -0.060860510000
74 -0.070389430000
75 -0.077126860000
76 -0.068125310000
77 -0.058656990000
78 -0.050186100000
79 -0.042286040000
80 -0.034621410000
81 -0.026286040000
82 -0.014791760000
83 0.006346260000
84 0.030463170000
85 0.028059020000
86 0.026022470000
87 0.024559100000
88 0.023404550000
89 0.013534100000
90 -0.033071800000
91 -0.118761180000
92 -0.239431560000
93 -0.391342300000
94 -0.571881240000
95 -0.779438980000
96 -0.967472780000
97 -1.128582430000
98 -1.261206360000
99 -1.363384290000
100 -1.421244610000
101 -1.459732610000
102 -1.459730840000
103 -1.459690230000
104 -1.459649150000
105 -1.459607750000
106 -1.459566030000
107 -1.459523970000
108 -1.459481560000
109 -1.459438800000
110 -1.459395680000
111 -1.459352170000
112 -1.459308270000
113 -1.459263900000
114 -1.459219180000
115 -1.459174030000
116 -1.459128660000
117 -1.459119250000
118 -1.496112470000
119 -1.569713680000
120 -1.677273080000
121 -1.816077300000
122 -1.962792220000
123 -2.132994870000
124 -2.348590060000
125 -2.563759750000
126 -2.753310480000
127 -2.916037290000
128 -3.050449240000
129 -3.154675920000
130 -3.226172870000
131 -3.260914540000
132 -3.262237170000
133 -3.224937590000
134 -3.177395860000
135 -3.154178610000
136 -3.138487860000
137 -3.124831410000
138 -3.110759680000
139 -3.093077060000
140 -3.100756570000
141 -3.113815030000
142 -3.125388260000
143 -3.115611260000
144 -3.104373650000
145 -3.094120610000
146 -3.082940550000
147 -3.069413960000
148 -3.059422570000
149 -3.065604510000
150 -3.073626210000
151 -3.080232790000
152 -3.085935060000
153 -3.091206650000
154 -3.096327370000
155 -3.101492760000
156 -3.106873190000
157 -3.112619410000
158 -3.118845080000
159 -3.125434630000
160 -3.131865710000
161 -3.137224680000
162 -3.140499820000
163 -3.141500000000

[v]
1 0.000000000000
2 0.000000000000
3 -0.123444740000
4 -0.246850680000
5 -0.370243270000
6 -0.493632840000
7 -0.617023530000
8 -0.740417390000
9 -0.863816880000
10 -0.987233010000
11 -1.110772570000
12 -1.234248200000
13 -1.357702320000
14 -1.481189770000
15 -1.604743810000
16 -1.728178950000
17 -1.851602780000
18 -1.975110040000
19 -2.098539490000
20 -2.221947110000
21 -2.345367800000
22 -2.468860960000
23 -2.592242000000
24 -2.715606190000
25 -2.838986260000
26 -2.962377460000
27 -3.085810420000
28 -3.209361060000
29 -3.333991680000
30 -3.459175600000
31 -3.584763930000
32 -3.710653500000
33 -3.825499580000
34 -3.996063820000
35 -3.935959260000
36 -3.762173890000
37 -3.587713120000
38 -3.442069520000
39 -3.308253390000
40 -3.128151740000
41 -2.946446520000
42 -2.763969410000
43 -2.581087780000
44 -2.398091440000
45 -2.215007260000
46 -2.031812610000
47 -1.848512530000
48 -1.665220660000
49 -1.497867340000
50 -1.310834000000
51 -1.123910070000
52 -0.937178530000
53 -0.750716720000
54 -0.565225190000
55 -0.382951680000
56 -0.203430200000
57 -0.026117280000
58 0.149335530000
59 0.320195770000
60 0.489428800000
61 0.657008700000
62 0.822815070000
63 0.990370460000
64 1.158873770000
65 1.328293210000
66 1.498659420000
67 1.632400860000
68 1.766489190000
69 1.900568630000
70 2.034756270000
71 2.168744910000
72 2.302716410000
73 2.436682950000
74 2.570646290000
75 2.704652940000
76 2.838610870000
77 2.972561110000
78 3.106462340000
79 3.240343120000
80 3.374204780000
81 3.508045350000
82 3.641861150000
83 3.775644650000
84 3.909546970000
85 4.043107350000
86 4.176651610000
87 4.310181290000
88 4.443684250000
89 4.577958130000
90 4.712106730000
91 4.844768100000
92 4.968819240000
93 4.999039040000
94 4.999005500000
95 4.998988260000
96 4.998947040000
97 4.998840230000
98 4.998604710000
99 4.997225100000
100 4.997649040000
101 4.962957150000
102 4.962480490000
103 4.962227970000
104 4.962152590000
105 4.962237100000
106 4.962478820000
107 4.962889320000
108 4.963495960000
109 4.964345360000
110 4.965509550000
111 4.967095570000
112 4.969257960000
113 4.972259870000
114 4.976540720000
115 4.982695170000
116 4.991534260000
117 4.997867380000
118 4.998579160000
119 4.998836390000
120 4.998973690000
121 4.998639750000
122 4.998685380000
123 4.998978830000
124 4.998935050000
125 4.998998350000
126 4.999075560000
127 4.999153420000
128 4.980056540000
129 4.856678300000
130 4.724690160000
131 4.584250750000
132 4.441354930000
133 4.298501680000
134 4.155501040000
135 4.012290410000
136 3.868987860000
137 3.725628690000
138 3.582211130000
139 3.438812710000
140 3.295487720000
141 3.152180190000
142 3.008822010000
143 2.865534740000
144 2.722249260000
145 2.578955540000
146 2.435660540000
147 2.292366440000
148 2.149012080000
149 2.005744970000
150 1.862485280000
151 1.719217500000
152 1.575944310000
153 1.432668760000
154 1.289392870000
155 1.146118230000
156 1.002846260000
157 0.859578460000
158 0.716316150000
159 0.573060200000
160 0.429810220000
161 0.286562070000
162 0.143301660000
163 0.000000000000

[a]
1 0.000000000000
2 -0.749887140000
3 -0.749883530000
4 -0.749879720000
5 -0.749875650000
6 -0.749871310000
7 -0.749866650000
8 -0.749861650000
9 -0.749856260000
10 -0.749850550000
11 -0.749844120000
12 -0.749837170000
13 -0.749829650000
14 -0.749821450000
15 -0.749812130000
16 -0.749801990000
17 -0.749790830000
18 -0.749778050000
19 -0.749763740000
20 -0.749747520000
21 -0.749729030000
22 -0.749707180000
23 -0.749681810000
24 -0.749651730000
25 -0.749615370000
26 -0.749570590000
27 -0.749514000000
28 -0.749443100000
29 -0.749343400000
30 -0.749200030000
31 -0.748981020000
32 -0.748525590000
33 -0.748101540000
34 0.264422100000
35 0.748373240000
36 0.749241970000
37 0.749350900000
38 0.749422900000
39 0.749675730000
40 0.749740050000
41 0.749782120000
42 0.749812250000
43 0.749835150000
44 0.749853560000
45 0.749868990000
46 0.749882340000
47 0.749894170000
48 0.749892790000
49 0.749913700000
50 0.749921430000
51 0.749927740000
52 0.749932980000
53 0.749936120000
54 0.749937030000
55 0.749937020000
56 0.749936300000
57 0.749934890000
58 0.749931570000
59 0.749928450000
60 0.749924220000
61 0.749918530000
62 0.749912660000
63 0.749906610000
64 0.749900880000
65 0.749895630000
66 0.749861870000
67 0.749856560000
68 0.749850410000
69 0.749843820000
70 0.749836270000
71 0.749828220000
72 0.749819360000
73 0.749809540000
74 0.749798650000
75 0.749786290000
76 0.749772410000
77 0.749756530000
78 0.749738350000
79 0.749717260000
80 0.749692470000
81 0.749662940000
82 0.749627150000
83 0.749583300000
84 0.749526310000
85 0.749453060000
86 0.749353050000
87 0.749208290000
88 0.748985350000
89 0.748579680000
90 0.747666520000
91 0.744601660000
92 0.193737000000
93 -0.000225090000
94 -0.000120390000
95 -0.000279580000
96 -0.000697260000
97 -0.001479730000
98 -0.008338680000
99 0.002945920000
100 -0.197852660000
101 -0.020733870000
102 -0.011134320000
103 -0.003319610000
104 0.003717240000
105 0.010612560000
106 0.017986650000
107 0.026516930000
108 0.037019150000
109 0.050546210000
110 0.068492580000
111 0.092478970000
112 0.128975950000
113 0.183893020000
114 0.264385900000
115 0.378755770000
116 0.036792270000
117 0.004146720000
118 0.001515950000
119 0.000837300000
120 -0.002117720000
121 0.000344220000
122 0.002262310000
123 -0.000309820000
124 0.000447290000
125 0.000525030000
126 0.000509610000
127 -0.120319200000
128 -0.745140880000
129 -0.747916380000
130 -0.748791050000
131 -0.749148710000
132 -0.749336820000
133 -0.749457690000
134 -0.749541870000
135 -0.749603320000
136 -0.749650240000
137 -0.749687290000
138 -0.749717100000
139 -0.749741590000
140 -0.749762250000
141 -0.749779950000
142 -0.749795030000
143 -0.749808250000
144 -0.749819890000
145 -0.749830180000
146 -0.749839360000
147 -0.749847670000
148 -0.749855010000
149 -0.749861740000
150 -0.749867890000
151 -0.749873510000
152 -0.749878680000
153 -0.749883430000
154 -0.749887830000
155 -0.749891910000
156 -0.749895690000
157 -0.749899220000
158 -0.749902520000
159 -0.749905600000
160 -0.749908500000
161 -0.749911240000
162 -0.749913840000
163 0.000000000000

[phy]
1 0.000000000000
2 0.000000000000
3 -0.062059890000
4 -0.100092940000
5 -0.110680610000
6 -0.105413020000
7 -0.094459220000
8 -0.081057380000
9 -0.061083820000
10 -0.020262490000
11 0.052058000000
12 0.109918670000
13 0.105575360000
14 0.047744270000
15 -0.024022180000
16 -0.061606920000
17 -0.032094580000
18 0.037045950000
19 0.079952130000
20 0.084486260000
21 0.045203250000
22 -0.023369010000
23 -0.045305950000
24 -0.079543270000
25 -0.145211960000
26 -0.218653830000
27 -0.293228160000
28 -0.330149610000
29 -0.249661150000
30 -0.166975490000
31 -0.083550050000
32 0.000276160000
33 0.000046360000
34 -0.113925150000
35 -0.227544790000
36 -0.343604870000
37 -0.459908930000
38 -0.484201380000
39 -0.395143200000
40 -0.275103560000
41 -0.153983750000
42 -0.032349330000
43 0.089551500000
44 0.211523030000
45 0.333544200000
46 0.455623480000
47 0.577737480000
48 0.699662220000
49 0.699915270000
50 0.699915170000
51 0.699910310000
52 0.699899560000
53 0.598655250000
54 0.475121780000
55 0.353679120000
56 0.234054950000
57 0.115897240000
58 -0.001021240000
59 -0.114865380000
60 -0.227612180000
61 -0.339225860000
62 -0.449540320000
63 -0.338554120000
64 -0.226343540000
65 -0.113458260000
66 0.000083060000
67 0.000473910000
68 0.000629280000
69 0.001287000000
70 -0.049115380000
71 -0.064739570000
72 -0.052565480000
73 -0.043748370000
74 -0.029320750000
75 0.037239530000
76 0.037323420000
77 0.031901860000
78 0.028475300000
79 0.026489280000
80 0.027667350000
81 0.036695190000
82 0.064953250000
83 0.071392610000
84 -0.006901890000
85 -0.005653600000
86 -0.003932460000
87 -0.003006500000
88 -0.024775250000
89 -0.113133930000
90 -0.202176460000
91 -0.290545250000
92 -0.373589400000
93 -0.451344900000
94 -0.525516720000
95 -0.471830220000
96 -0.398303870000
97 -0.321789760000
98 -0.242249120000
99 -0.159551370000
100 -0.087620760000
101 0.000031070000
102 0.000721800000
103 0.000729250000
104 0.000733900000
105 0.000738470000
106 0.000742920000
107 0.000747190000
108 0.000751160000
109 0.000754630000
110 0.000757040000
111 0.000756520000
112 0.000766930000
113 0.000772740000
114 0.000779280000
115 0.000780270000
116 0.000021910000
117 -0.086031110000
118 -0.171837500000
119 -0.256656590000
120 -0.338607310000
121 -0.417387170000
122 -0.483470960000
123 -0.548124680000
124 -0.546542720000
125 -0.476113190000
126 -0.402816970000
127 -0.326665720000
128 -0.247610750000
129 -0.165315820000
130 -0.078251170000
131 -0.003025170000
132 0.087879050000
133 0.115415020000
134 0.058417600000
135 0.040889900000
136 0.036898290000
137 0.039466640000
138 0.051568520000
139 -0.023360070000
140 -0.041438500000
141 -0.038385700000
142 0.033994510000
143 0.041020720000
144 0.039396730000
145 0.045338230000
146 0.058056810000
147 0.045565260000
148 -0.030103410000
149 -0.041843080000
150 -0.037115090000
151 -0.034705240000
152 -0.035000320000
153 -0.037396600000
154 -0.041910250000
155 -0.049102630000
156 -0.059911300000
157 -0.075678100000
158 -0.096013890000
159 -0.116960150000
160 -0.129808900000
161 -0.119087170000
162 -0.072919580000
163 0.000000000000

[w]
1 0.000000000000
2 -0.376993910000
3 -0.231110110000
4 -0.064343240000
5 0.032012740000
6 0.066568570000
7 0.081443220000
8 0.121373340000
9 0.248023760000
10 0.438965100000
11 0.351376880000
12 -0.026380410000
13 -0.351156900000
14 -0.435534310000
15 -0.228310170000
16 0.179287990000
17 0.419740010000
18 0.260635650000
19 0.027547140000
20 -0.238633750000
21 -0.416303310000
22 -0.133296700000
23 -0.208059560000
24 -0.398999990000
25 -0.446167570000
26 -0.452867080000
27 -0.223982190000
28 0.484002440000
29 0.494951380000
30 0.497676360000
31 0.498724670000
32 -0.001497740000
33 -0.499883590000
34 -0.499854550000
35 -0.499790380000
36 -0.499481280000
37 -0.124987100000
38 0.498760850000
39 0.499666750000
40 0.499756530000
41 0.499784920000
42 0.499791800000
43 0.499783430000
44 0.499759230000
45 0.499706000000
46 0.499569530000
47 0.498825460000
48 0.001133880000
49 -0.000000390000
50 -0.000019520000
51 -0.000043160000
52 -0.407195700000
53 -0.499441700000
54 -0.499657640000
55 -0.499720650000
56 -0.499742280000
57 -0.499742600000
58 -0.499679220000
59 -0.499618980000
60 -0.499473990000
61 -0.498936570000
62 0.496731020000
63 0.499381630000
64 0.499663830000
65 0.499771310000
66 0.002191430000
67 0.000868830000
68 0.003678350000
69 -0.281649520000
70 -0.087436830000
71 0.068137480000
72 0.049349840000
73 0.080752970000
74 0.372420230000
75 0.000469550000
76 -0.030346890000
77 -0.019186290000
78 -0.011121840000
79 0.006597910000
80 0.050568210000
81 0.158306640000
82 0.036082280000
83 -0.438291290000
84 0.007005320000
85 0.009659120000
86 0.005196390000
87 -0.122164810000
88 -0.492868410000
89 -0.496877550000
90 -0.498037880000
91 -0.498462240000
92 -0.498482640000
93 -0.497749640000
94 0.374921820000
95 0.498723360000
96 0.499504550000
97 0.499737540000
98 0.499840390000
99 0.499847620000
100 0.499907330000
101 0.030044830000
102 0.000328450000
103 0.000205120000
104 0.000200780000
105 0.000195300000
106 0.000187000000
107 0.000173750000
108 0.000150850000
109 0.000104910000
110 -0.000023530000
111 0.000455140000
112 0.000250700000
113 0.000280340000
114 0.000042510000
115 -0.032484930000
116 -0.499920610000
117 -0.499897580000
118 -0.499858990000
119 -0.499782650000
120 -0.499593270000
121 -0.499205800000
122 -0.498467850000
123 0.011196380000
124 0.497714930000
125 0.498413590000
126 0.498433480000
127 0.498087760000
128 0.497018900000
129 0.493355540000
130 0.401087930000
131 0.476576490000
132 0.144439990000
133 -0.298719930000
134 -0.091737200000
135 -0.020879800000
136 0.013430240000
137 0.063263620000
138 -0.391739080000
139 -0.094567190000
140 0.015971280000
141 0.378556730000
142 0.036766600000
143 -0.008498400000
144 0.031090340000
145 0.066553490000
146 -0.065366650000
147 -0.395802210000
148 -0.061444980000
149 0.024747650000
150 0.012613230000
151 -0.001544400000
152 -0.012541660000
153 -0.023623670000
154 -0.037644250000
155 -0.056572880000
156 -0.082526700000
157 -0.106446450000
158 -0.109647440000
159 -0.067262740000
160 0.056128130000
161 0.241668730000
162 0.381596400000
163 0.000000000000

[dt]
1 0.010391750000
2 0.164617750000
3 0.164566810000
4 0.164549850000
5 0.164546710000
6 0.164549150000
7 0.164554400000
8 0.164563010000
9 0.164586390000
10 0.164752250000
11 0.164668390000
12 0.164641250000
13 0.164687330000
14 0.164777940000
15 0.164621430000
16 0.164608560000
17 0.164722280000
18 0.164621320000
19 0.164595350000
20 0.164616340000
21 0.164717050000
22 0.164572310000
23 0.164555400000
24 0.164583180000
25 0.164606020000
26 0.164671560000
27 0.164841010000
28 0.166297630000
29 0.167058150000
30 0.167629910000
31 0.168081130000
32 0.153429720000
33 0.227996110000
34 0.227305390000
35 0.232217510000
36 0.232849690000
37 0.194359690000
38 0.178558890000
39 0.240239400000
40 0.242357630000
41 0.243373520000
42 0.243903220000
43 0.244048770000
44 0.244159900000
45 0.244302210000
46 0.244438450000
47 0.244423650000
48 0.223169660000
49 0.249406480000
50 0.249258030000
51 0.248999370000
52 0.248637970000
53 0.247343110000
54 0.243051740000
55 0.239382080000
56 0.236437310000
57 0.233957400000
58 0.227834440000
59 0.225665570000
60 0.223462440000
61 0.221099180000
62 0.223433200000
63 0.224699060000
64 0.225922450000
65 0.227186560000
66 0.178354770000
67 0.178818630000
68 0.178808250000
69 0.178954120000
70 0.178690530000
71 0.178669580000
72 0.178665090000
73 0.178663150000
74 0.178723510000
75 0.178661490000
76 0.178654520000
77 0.178592960000
78 0.178570000000
79 0.178549520000
80 0.178527290000
81 0.178501300000
82 0.178466720000
83 0.178635670000
84 0.178193040000
85 0.178188970000
86 0.178193270000
87 0.178192050000
88 0.179274370000
89 0.179204170000
90 0.177433880000
91 0.166600680000
92 0.155984370000
93 0.149014320000
94 0.143193870000
95 0.147429140000
96 0.153180010000
97 0.159164840000
98 0.165448300000
99 0.143905070000
100 0.175336170000
101 0.022986680000
102 0.022675390000
103 0.022700930000
104 0.022732820000
105 0.022770500000
106 0.022815240000
107 0.022869070000
108 0.022935530000
109 0.023021480000
110 0.023143420000
111 0.023364200000
112 0.023280270000
113 0.023279350000
114 0.023276420000
115 0.023337230000
116 0.172133380000
117 0.171647930000
118 0.169686040000
119 0.163972730000
120 0.157687990000
121 0.132377850000
122 0.129704880000
123 0.141280500000
124 0.141505760000
125 0.147059040000
126 0.152781170000
127 0.158716950000
128 0.165577060000
129 0.176474460000
130 0.187554880000
131 0.190744260000
132 0.190639580000
133 0.190805490000
134 0.191064210000
135 0.191171180000
136 0.191234750000
137 0.191303170000
138 0.191270040000
139 0.191165860000
140 0.191137300000
141 0.191200330000
142 0.191101930000
143 0.191096160000
144 0.191104190000
145 0.191103270000
146 0.191099740000
147 0.191177970000
148 0.191059750000
149 0.191048140000
150 0.191057360000
151 0.191063140000
152 0.191064980000
153 0.191064210000
154 0.191061430000
155 0.191056830000
156 0.191050300000
157 0.191042090000
158 0.191032760000
159 0.191024010000
160 0.191020840000
161 0.191036490000
162 0.191090830000

[s]
1 0.000000000000
2 0.000000000000
3 -0.020314910000
4 -0.040619240000
5 -0.060922310000
6 -0.081226870000
7 -0.101533940000
8 -0.121845310000
9 -0.142172500000
10 -0.162648860000
11 -0.182909140000
12 -0.203208160000
13 -0.223596370000
14 -0.244067410000
15 -0.264175220000
16 -0.284473050000
17 -0.305000230000
18 -0.325145220000
19 -0.345409840000
20 -0.365768790000
21 -0.386322070000
22 -0.406306140000
23 -0.426567430000
24 -0.446943100000
25 -0.467314230000
26 -0.487819330000
27 -0.508668100000
28 -0.533709150000
29 -0.556970480000
30 -0.579861290000
31 -0.602531160000
32 -0.569324520000
33 -0.872199020000
34 -0.908326860000
35 -0.913998660000
36 -0.876021030000
37 -0.697306800000
38 -0.614612120000
39 -0.794772830000
40 -0.758131450000
41 -0.717087060000
42 -0.674141040000
43 -0.629911300000
44 -0.585517780000
45 -0.541131180000
46 -0.496653120000
47 -0.451820180000
48 -0.371626730000
49 -0.373577820000
50 -0.326735900000
51 -0.279852890000
52 -0.233018170000
53 -0.185684610000
54 -0.137378970000
55 -0.091671770000
56 -0.048098490000
57 -0.006110340000
58 0.034023770000
59 0.072257150000
60 0.109368940000
61 0.145264070000
62 0.183844190000
63 0.222535290000
64 0.261815580000
65 0.301770340000
66 0.267293060000
67 0.291903740000
68 0.315862890000
69 0.340114620000
70 0.363591700000
71 0.387488770000
72 0.411415060000
73 0.435345470000
74 0.459434940000
75 0.483217330000
76 0.507130670000
77 0.530878470000
78 0.554720950000
79 0.578561700000
80 0.602387620000
81 0.626190620000
82 0.649950970000
83 0.674464790000
84 0.696654030000
85 0.720437070000
86 0.744251170000
87 0.768039990000
88 0.796638650000
89 0.820389150000
90 0.836087490000
91 0.807141700000
92 0.775058140000
93 0.744928420000
94 0.715826950000
95 0.736996520000
96 0.765738760000
97 0.795639590000
98 0.827010670000
99 0.719126020000
100 0.876268620000
101 0.114081820000
102 0.112526080000
103 0.112647100000
104 0.112803600000
105 0.112992530000
106 0.113220020000
107 0.113496530000
108 0.113840290000
109 0.114286480000
110 0.114918790000
111 0.116052130000
112 0.115685700000
113 0.115750980000
114 0.115836000000
115 0.116282260000
116 0.859209660000
117 0.857873580000
118 0.848189120000
119 0.819672830000
120 0.788278100000
121 0.661709170000
122 0.648353910000
123 0.706258220000
124 0.707378090000
125 0.735147890000
126 0.763764600000
127 0.793450370000
128 0.824583130000
129 0.857079690000
130 0.886138680000
131 0.874419520000
132 0.846698040000
133 0.820177710000
134 0.793967500000
135 0.767034310000
136 0.739884930000
137 0.712724600000
138 0.685169630000
139 0.657383530000
140 0.629890580000
141 0.602697850000
142 0.574991630000
143 0.547592640000
144 0.520233200000
145 0.492846790000
146 0.465454060000
147 0.438249920000
148 0.410589680000
149 0.383193820000
150 0.355841500000
151 0.328479060000
152 0.301107750000
153 0.273731700000
154 0.246353220000
155 0.218973700000
156 0.191594070000
157 0.164215650000
158 0.136839840000
159 0.109468250000
160 0.082102700000
161 0.054743810000
162 0.027383630000

[splus]
1 0.011552450000
2 0.011552450000
3 0.004315680000
4 0.001396630000
5 0.000425400000
6 0.000126940000
7 0.000037640000
8 0.000011140000
9 0.000003290000
10 0.000000960000
11 0.000000290000
12 0.000000080000
13 0.000000020000
14 0.000000010000
15 0.000000000000
16 0.000000000000
17 0.000000000000
18 0.000000000000
19 0.000000000000
20 0.000000000000
21 0.000000000000
22 0.000000000000
23 0.000000000000
24 0.000000000000
25 0.000000000000
26 0.000000000000
27 0.000000000000
28 0.000000000000
29 0.000000000000
30 0.000000000000
31 0.000000000000
32 0.000000000000
33 0.000000000000
34 0.000000000000
35 -0.000000000000
36 -0.000000000000
37 -0.000000000000
38 0.000000000000
39 -0.000000000000
40 -0.000000000000
41 -0.000000000000
42 -0.000000000000
43 -0.000000000000
44 0.000000000000
45 0.000000000000
46 0.000000000000
47 0.000000000000
48 0.000000000000
49 0.000000000000
50 0.000000000000
51 0.000000000000
52 0.000000010000
53 0.000000240000
54 0.000004390000
55 0.000067950000
56 0.000905040000
57 0.008775740000
58 0.036058410000
59 0.072474000000
60 0.109392470000
61 0.145266800000
62 0.183844460000
63 0.222535310000
64 0.261815580000
65 0.301770340000
66 0.267293060000
67 0.291903740000
68 0.315862890000
69 0.340114620000
70 0.363591700000
71 0.387488770000
72 0.411415060000
73 0.435345470000
74 0.459434940000
75 0.483217330000
76 0.507130670000
77 0.530878470000
78 0.554720950000
79 0.578561700000
80 0.602387620000
81 0.626190620000
82 0.649950970000
83 0.674464790000
84 0.696654030000
85 0.720437070000
86 0.744251170000
87 0.768039990000
88 0.796638650000
89 0.820389150000
90 0.836087490000
91 0.807141700000
92 0.775058140000
93 0.744928420000
94 0.715826950000
95 0.736996520000
96 0.765738760000
97 0.795639590000
98 0.827010670000
99 0.719126020000
100 0.876268620000
101 0.114099510000
102 0.112545500000
103 0.112666380000
104 0.112822700000
105 0.113011410000
106 0.113238650000
107 0.113514850000
108 0.113858230000
109 0.114303950000
110 0.114935600000
111 0.116067820000
112 0.115701800000
113 0.115766990000
114 0.115851910000
115 0.116297740000
116 0.859209660000
117 0.857873580000
118 0.848189120000
119 0.819672830000
120 0.788278100000
121 0.661709170000
122 0.648353910000
123 0.706258220000
124 0.707378090000
125 0.735147890000
126 0.763764600000
127 0.793450370000
128 0.824583130000
129 0.857079690000
130 0.886138680000
131 0.874419520000
132 0.846698040000
133 0.820177710000
134 0.793967500000
135 0.767034310000
136 0.739884930000
137 0.712724600000
138 0.685169630000
139 0.657383530000
140 0.629890580000
141 0.602697850000
142 0.574991630000
143 0.547592640000
144 0.520233200000
145 0.492846790000
146 0.465454060000
147 0.438249920000
148 0.410589680000
149 0.383193820000
150 0.355841500000
151 0.328479060000
152 0.301107750000
153 0.273731700000
154 0.246353230000
155 0.218973730000
156 0.191594240000
157 0.164216530000
158 0.136844370000
159 0.109491640000
160 0.082223170000
161 0.055356640000
162 0.030330340000

[sminus]
1 0.011552450000
2 0.011552450000
3 0.024630580000
4 0.042015870000
5 0.061347720000
6 0.081353810000
7 0.101571580000
8 0.121856450000
9 0.142175790000
10 0.162649820000
11 0.182909420000
12 0.203208250000
13 0.223596400000
14 0.244067410000
15 0.264175220000
16 0.284473050000
17 0.305000230000
18 0.325145220000
19 0.345409840000
20 0.365768790000
21 0.386322070000
22 0.406306140000
23 0.426567430000
24 0.446943100000
25 0.467314230000
26 0.487819330000
27 0.508668100000
28 0.533709150000
29 0.556970480000
30 0.579861290000
31 0.602531160000
32 0.569324520000
33 0.872199020000
34 0.908326860000
35 0.913998660000
36 0.876021030000
37 0.697306800000
38 0.614612120000
39 0.794772830000
40 0.758131450000
41 0.717087060000
42 0.674141040000
43 0.629911300000
44 0.585517780000
45 0.541131180000
46 0.496653120000
47 0.451820180000
48 0.371626730000
49 0.373577820000
50 0.326735900000
51 0.279852900000
52 0.233018190000
53 0.185684850000
54 0.137383360000
55 0.091739730000
56 0.049003530000
57 0.014886070000
58 0.002034640000
59 0.000216850000
60 0.000023530000
61 0.000002730000
62 0.000000270000
63 0.000000030000
64 0.000000000000
65 0.000000000000
66 0.000000000000
67 0.000000000000
68 0.000000000000
69 0.000000000000
70 0.000000000000
71 0.000000000000
72 0.000000000000
73 0.000000000000
74 0.000000000000
75 0.000000000000
76 0.000000000000
77 0.000000000000
78 0.000000000000
79 0.000000000000
80 0.000000000000
81 -0.000000000000
82 -0.000000000000
83 -0.000000000000
84 -0.000000000000
85 -0.000000000000
86 -0.000000000000
87 -0.000000000000
88 -0.000000000000
89 -0.000000000000
90 0.000000000000
91 0.000000000000
92 0.000000000000
93 0.000000000000
94 0.000000000000
95 0.000000000000
96 0.000000000000
97 0.000000000000
98 0.000000000000
99 -0.000000000000
100 -0.000000000000
101 0.000017690000
102 0.000019420000
103 0.000019280000
104 0.000019100000
105 0.000018880000
106 0.000018630000
107 0.000018320000
108 0.000017940000
109 0.000017470000
110 0.000016810000
111 0.000015690000
112 0.000016100000
113 0.000016000000
114 0.000015910000
115 0.000015490000
116 -0.000000000000
117 0.000000000000
118 0.000000000000
119 0.000000000000
120 0.000000000000
121 0.000000000000
122 0.000000000000
123 -0.000000000000
124 0.000000000000
125 0.000000000000
126 0.000000000000
127 0.000000000000
128 0.000000000000
129 0.000000000000
130 0.000000000000
131 0.000000000000
132 0.000000000000
133 0.000000000000
134 0.000000000000
135 0.000000000000
136 0.000000000000
137 0.000000000000
138 0.000000000000
139 0.000000000000
140 0.000000000000
141 0.000000000000
142 0.000000000000
143 0.000000000000
144 0.000000000000
145 0.000000000000
146 0.000000000000
147 0.000000000000
148 0.000000000000
149 0.000000000000
150 0.000000000000
151 0.000000000000
152 0.000000000000
153 0.000000000000
154 0.000000010000
155 0.000000030000
156 0.000000170000
157 0.000000880000
158 0.000004530000
159 0.000023390000
160 0.000120470000
161 0.000612830000
162 0.002946710000

[k]
1 0.000000000000
2 0.000000000000
3 -0.031069840000
4 -0.050214280000
5 -0.055567400000
6 -0.052902610000
7 -0.047370580000
8 -0.040617690000
9 -0.030579950000
10 -0.010132630000
11 0.026052540000
12 0.055181750000
13 0.052984690000
14 0.023890290000
15 -0.012013400000
16 -0.030842490000
17 -0.016052800000
18 0.018531450000
19 0.040061460000
20 0.042343930000
21 0.022617030000
22 -0.011686630000
23 -0.022668490000
24 -0.039855730000
25 -0.073120660000
26 -0.111103180000
27 -0.150965910000
28 -0.171346020000
29 -0.127490510000
30 -0.084272400000
31 -0.041872500000
32 0.000138080000
33 0.000023180000
34 -0.057210300000
35 -0.115777520000
36 -0.178899010000
37 -0.247667670000
38 -0.262981350000
39 -0.208539970000
40 -0.141130210000
41 -0.077606220000
42 -0.016180310000
43 0.044895830000
44 0.107367590000
45 0.173244860000
46 0.245004850000
47 0.325969770000
48 0.420855560000
49 0.421071770000
50 0.421071690000
51 0.421067530000
52 0.421058350000
53 0.341082230000
54 0.257213050000
55 0.184601730000
56 0.119212350000
57 0.058209480000
58 -0.000510620000
59 -0.057686620000
60 -0.115813020000
61 -0.176433050000
62 -0.241244120000
63 -0.176055450000
64 -0.115144860000
65 -0.056973810000
66 0.000041530000
67 0.000236960000
68 0.000314640000
69 0.000643500000
70 -0.024577460000
71 -0.032415080000
72 -0.026306970000
73 -0.021888150000
74 -0.014664580000
75 0.018628380000
76 0.018670380000
77 0.015956340000
78 0.014241500000
79 0.013247740000
80 0.013837200000
81 0.018355840000
82 0.032522370000
83 0.035757080000
84 -0.003451000000
85 -0.002826830000
86 -0.001966240000
87 -0.001503250000
88 -0.012390160000
89 -0.056809540000
90 -0.102488460000
91 -0.149503340000
92 -0.195999160000
93 -0.242357430000
94 -0.289955180000
95 -0.255135230000
96 -0.210397640000
97 -0.166688430000
98 -0.123550900000
99 -0.080459580000
100 -0.043922840000
101 0.000015530000
102 0.000360900000
103 0.000364620000
104 0.000366950000
105 0.000369240000
106 0.000371460000
107 0.000373590000
108 0.000375580000
109 0.000377310000
110 0.000378520000
111 0.000378260000
112 0.000383460000
113 0.000386370000
114 0.000389640000
115 0.000390130000
116 0.000010960000
117 -0.043122000000
118 -0.086774530000
119 -0.131222350000
120 -0.176085350000
121 -0.221721150000
122 -0.262515270000
123 -0.305263920000
124 -0.304179150000
125 -0.257840220000
126 -0.213058820000
127 -0.169401790000
128 -0.126399200000
129 -0.083419220000
130 -0.039205630000
131 -0.001512590000
132 0.044052990000
133 0.057965100000
134 0.029242070000
135 0.020456350000
136 0.018457520000
137 0.019743570000
138 0.025806630000
139 -0.011682150000
140 -0.020731110000
141 -0.019202280000
142 0.017003800000
143 0.020521870000
144 0.019708560000
145 0.022684660000
146 0.029061070000
147 0.022798410000
148 -0.015056250000
149 -0.020933760000
150 -0.018566070000
151 -0.017359590000
152 -0.017507310000
153 -0.018707020000
154 -0.020967400000
155 -0.024571060000
156 -0.029991540000
157 -0.037911440000
158 -0.048154990000
159 -0.058748180000
160 -0.065271470000
161 -0.059826670000
162 -0.036524550000

[up]
1 0.011552450000
2 0.011552450000
3 0.004444400000
4 0.001463960000
5 0.000448100000
6 0.000133390000
7 0.000039350000
8 0.000011570000
9 0.000003390000
10 0.000000970000
11 0.000000290000
12 0.000000090000
13 0.000000030000
14 0.000000010000
15 0.000000000000
16 0.000000000000
17 0.000000000000
18 0.000000000000
19 0.000000000000
20 0.000000000000
21 0.000000000000
22 0.000000000000
23 0.000000000000
24 0.000000000000
25 0.000000000000
26 0.000000000000
27 0.000000000000
28 0.000000000000
29 0.000000000000
30 0.000000000000
31 0.000000000000
32 0.000000000000
33 0.000000000000
34 0.000000000000
35 -0.000000000000
36 -0.000000000000
37 -0.000000000000
38 0.000000000000
39 -0.000000000000
40 -0.000000000000
41 -0.000000000000
42 -0.000000000000
43 -0.000000000000
44 0.000000000000
45 0.000000000000
46 0.000000000000
47 0.000000000000
48 0.000000000000
49 0.000000000000
50 0.000000000000
51 0.000000000000
52 0.000000020000
53 0.000000320000
54 0.000005470000
55 0.000080000000
56 0.001008620000
57 0.009266130000
58 0.036076080000
59 0.076487550000
60 0.121554780000
61 0.169871470000
62 0.226421790000
63 0.260146720000
64 0.290756430000
65 0.318275620000
66 0.267303720000
67 0.291970140000
68 0.315958290000
69 0.340324730000
70 0.372170420000
71 0.399546850000
72 0.421805230000
73 0.444493230000
74 0.465902880000
75 0.491858820000
76 0.516220260000
77 0.539010520000
78 0.562305010000
79 0.585919750000
80 0.610389580000
81 0.637225130000
82 0.670243470000
83 0.697617020000
84 0.698962010000
85 0.722392160000
86 0.745656010000
87 0.769148360000
88 0.806114280000
89 0.865130810000
90 0.918349300000
91 0.922985270000
92 0.920892460000
93 0.918245800000
94 0.915082370000
95 0.917508970000
96 0.920404020000
97 0.922958560000
98 0.925101490000
99 0.774671920000
100 0.913217100000
101 0.114101220000
102 0.112584500000
103 0.112705820000
104 0.112862450000
105 0.113051470000
106 0.113279030000
107 0.113555570000
108 0.113899290000
109 0.114345360000
110 0.114977370000
111 0.116109970000
112 0.115744390000
113 0.115809930000
114 0.115895250000
115 0.116341300000
116 0.859218690000
117 0.893387070000
118 0.918846290000
119 0.922929850000
120 0.921530150000
121 0.802555500000
122 0.811748450000
123 0.913229600000
124 0.913941000000
125 0.917116590000
126 0.919982340000
127 0.922485830000
128 0.924640750000
129 0.925716760000
130 0.919490680000
131 0.875689250000
132 0.882505640000
133 0.865817770000
134 0.816256060000
135 0.782097420000
136 0.752995120000
137 0.726233460000
138 0.702144940000
139 0.664755860000
140 0.642426700000
141 0.613808150000
142 0.584377560000
143 0.558380740000
144 0.530076120000
145 0.503579640000
146 0.478439590000
147 0.447841660000
148 0.416524340000
149 0.390894640000
150 0.362183820000
151 0.333953240000
152 0.306168480000
153 0.278647590000
154 0.251312010000
155 0.224138940000
156 0.197110610000
157 0.170193210000
158 0.143170540000
159 0.115666800000
160 0.087375340000
161 0.058535970000
162 0.031393830000

[down]
1 0.011552450000
2 0.011552450000
3 0.025365240000
4 0.044041280000
5 0.064620290000
6 0.085485480000
7 0.106190620000
8 0.126607990000
9 0.146349610000
10 0.164231970000
11 0.187484070000
12 0.213973100000
13 0.234969690000
14 0.249665020000
15 0.267221920000
16 0.292895960000
17 0.309700500000
18 0.330929620000
19 0.358693960000
20 0.380637360000
21 0.394710030000
22 0.410864550000
23 0.435850280000
24 0.464043810000
25 0.500117750000
26 0.539849680000
27 0.582387980000
28 0.621500130000
29 0.625138590000
30 0.626772940000
31 0.626751470000
32 0.569399990000
33 0.872218430000
34 0.958213890000
35 1.015586330000
36 1.026471550000
37 0.863099140000
38 0.769778380000
39 0.953885050000
40 0.860846900000
41 0.770511460000
42 0.684612540000
43 0.657060470000
44 0.645868780000
45 0.631129440000
46 0.613468250000
47 0.593208720000
48 0.521771860000
49 0.524588770000
50 0.458811970000
51 0.392976380000
52 0.327207870000
53 0.246485300000
54 0.171306680000
55 0.107997630000
56 0.054611690000
57 0.015717920000
58 0.002035640000
59 0.000228860000
60 0.000026150000
61 0.000003200000
62 0.000000330000
63 0.000000030000
64 0.000000000000
65 0.000000000000
66 0.000000000000
67 0.000000000000
68 0.000000000000
69 0.000000000000
70 0.000000000000
71 0.000000000000
72 0.000000000000
73 0.000000000000
74 0.000000000000
75 0.000000000000
76 0.000000000000
77 0.000000000000
78 0.000000000000
79 0.000000000000
80 0.000000000000
81 -0.000000000000
82 -0.000000000000
83 -0.000000000000
84 -0.000000000000
85 -0.000000000000
86 -0.000000000000
87 -0.000000000000
88 -0.000000000000
89 -0.000000000000
90 0.000000000000
91 0.000000000000
92 0.000000000000
93 0.000000000000
94 0.000000000000
95 0.000000000000
96 0.000000000000
97 0.000000000000
98 0.000000000000
99 -0.000000000000
100 -0.000000000000
101 0.000017690000
102 0.000019430000
103 0.000019290000
104 0.000019110000
105 0.000018890000
106 0.000018630000
107 0.000018330000
108 0.000017950000
109 0.000017480000
110 0.000016820000
111 0.000015690000
112 0.000016100000
113 0.000016010000
114 0.000015910000
115 0.000015490000
116 -0.000000000000
117 0.000000000000
118 0.000000000000
119 0.000000000000
120 0.000000000000
121 0.000000000000
122 0.000000000000
123 -0.000000000000
124 0.000000000000
125 0.000000000000
126 0.000000000000
127 0.000000000000
128 0.000000000000
129 0.000000000000
130 0.000000000000
131 0.000000000000
132 0.000000000000
133 0.000000000000
134 0.000000000000
135 0.000000000000
136 0.000000000000
137 0.000000000000
138 0.000000000000
139 0.000000000000
140 0.000000000000
141 0.000000000000
142 0.000000000000
143 0.000000000000
144 0.000000000000
145 0.000000000000
146 0.000000000000
147 0.000000000000
148 0.000000000000
149 0.000000000000
150 0.000000000000
151 0.000000000000
152 0.000000000000
153 0.000000000000
154 0.000000010000
155 0.000000030000
156 0.000000170000
157 0.000000910000
158 0.000004740000
159 0.000024710000
160 0.000128020000
161 0.000648030000
162 0.003050030000

[left]
1 0.023104910000
2 0.023104910000
3 0.023809820000
4 0.025659820000
5 0.027795110000
6 0.029440200000
7 0.030428210000
8 0.030695820000
9 0.029496320000
10 0.025030570000
11 0.021047890000
12 0.024209050000
13 0.024825790000
14 0.021343750000
15 0.027310840000
16 0.039408480000
17 0.030482380000
18 0.021595270000
19 0.027359710000
20 0.029148060000
21 0.023211050000
22 0.030129060000
23 0.041649750000
24 0.064483960000
25 0.112700170000
26 0.171979380000
27 0.238855410000
28 0.282241310000
29 0.221737460000
30 0.156196790000
31 0.086261020000
32 0.023037070000
33 0.023088840000
34 0.165370810000
35 0.324781120000
36 0.475441570000
37 0.522745500000
38 0.489981750000
39 0.502148470000
40 0.328258390000
41 0.176277690000
42 0.044856630000
43 0.046745300000
44 0.088359100000
45 0.124009560000
46 0.154812400000
47 0.181647290000
48 0.185910570000
49 0.187069480000
50 0.161839600000
51 0.137511510000
52 0.114131800000
53 0.076269710000
54 0.046812600000
55 0.028377950000
56 0.021001480000
57 0.022863060000
58 0.023087140000
59 0.020739410000
60 0.024136330000
61 0.035400720000
62 0.052755380000
63 0.047950700000
64 0.039570340000
65 0.027780960000
66 0.023116940000
67 0.023180780000
68 0.023214890000
69 0.023351690000
70 0.021634630000
71 0.023972330000
72 0.022734960000
73 0.021925980000
74 0.020699460000
75 0.042072580000
76 0.043492790000
77 0.040779290000
78 0.039293740000
79 0.038733940000
80 0.040669030000
81 0.050068740000
82 0.081069700000
83 0.091108280000
84 0.021011260000
85 0.021225430000
86 0.021636500000
87 0.021892640000
88 0.021988290000
89 0.054849430000
90 0.091157880000
91 0.123655240000
92 0.152677530000
93 0.179273130000
94 0.204373590000
95 0.186235850000
96 0.161223320000
97 0.134760090000
98 0.106475750000
99 0.065304700000
100 0.047308570000
101 0.023106760000
102 0.023147480000
103 0.023147970000
104 0.023148310000
105 0.023148660000
106 0.023149020000
107 0.023149380000
108 0.023149760000
109 0.023150150000
110 0.023150560000
111 0.023150990000
112 0.023151470000
113 0.023151860000
114 0.023152290000
115 0.023152540000
116 0.023116500000
117 0.045920300000
118 0.079927980000
119 0.111475130000
120 0.140501580000
121 0.147850620000
122 0.169670720000
123 0.211840380000
124 0.211445100000
125 0.187645080000
126 0.162725660000
127 0.136421150000
128 0.108379040000
129 0.077973120000
130 0.043829450000
131 0.021716980000
132 0.137751040000
133 0.171772410000
134 0.089534870000
135 0.064310500000
136 0.057528490000
137 0.058675670000
138 0.070118520000
139 0.020913620000
140 0.024290230000
141 0.023187980000
142 0.044682470000
143 0.048869960000
144 0.045818510000
145 0.048409420000
146 0.055316600000
147 0.044679080000
148 0.020596120000
149 0.021192740000
150 0.020721250000
151 0.020567360000
152 0.020546890000
153 0.020557210000
154 0.020574210000
155 0.020600560000
156 0.020651380000
157 0.020743850000
158 0.020839750000
159 0.020819900000
160 0.020687710000
161 0.020964600000
162 0.022221970000

[right]
1 0.023104910000
2 0.023104910000
3 0.022537600000
4 0.021561630000
5 0.021024150000
6 0.020887830000
7 0.020904020000
8 0.020945810000
9 0.020975360000
10 0.021817390000
11 0.030290300000
12 0.045844100000
13 0.047562920000
14 0.032474630000
15 0.021284370000
16 0.022836740000
17 0.021285040000
18 0.032853310000
19 0.053074090000
20 0.057771830000
21 0.039269100000
22 0.021449810000
23 0.024073090000
24 0.032286020000
25 0.051284380000
26 0.075122160000
27 0.102422500000
28 0.120912080000
29 0.097294110000
30 0.071117170000
31 0.042620710000
32 0.023174350000
33 0.023121090000
34 0.083429470000
35 0.158219590000
36 0.225789380000
37 0.232203650000
38 0.211378480000
39 0.231390250000
40 0.151509270000
41 0.083204800000
42 0.026379570000
43 0.095275700000
44 0.197634730000
45 0.289047110000
46 0.371732430000
47 0.447500420000
48 0.474499940000
49 0.477169550000
50 0.418787000000
51 0.360349880000
52 0.301970640000
53 0.199020430000
54 0.116152000000
55 0.061971270000
56 0.032503920000
57 0.023576750000
58 0.023122750000
59 0.029356670000
60 0.050554630000
61 0.089315570000
62 0.146909790000
63 0.131881630000
64 0.104744750000
65 0.065294130000
66 0.023092910000
67 0.023030200000
68 0.022997350000
69 0.022869960000
70 0.041408530000
71 0.051916220000
72 0.046943070000
73 0.043353410000
74 0.035930880000
75 0.021615590000
76 0.021861800000
77 0.021326410000
78 0.021057560000
79 0.020949820000
80 0.021229330000
81 0.023125050000
82 0.031269020000
83 0.033993830000
84 0.026731500000
85 0.026095260000
86 0.025153170000
87 0.024680920000
88 0.045966750000
89 0.168623470000
90 0.301014920000
91 0.417435840000
92 0.520078090000
93 0.613192010000
94 0.700211060000
95 0.637422630000
96 0.550120970000
97 0.456879730000
98 0.356250270000
99 0.203623260000
100 0.142340430000
101 0.023103060000
102 0.023062710000
103 0.023062230000
104 0.023061900000
105 0.023061560000
106 0.023061210000
107 0.023060850000
108 0.023060480000
109 0.023060100000
110 0.023059700000
111 0.023059270000
112 0.023058800000
113 0.023058420000
114 0.023058000000
115 0.023057750000
116 0.023093340000
117 0.136921290000
118 0.260625920000
119 0.374010010000
120 0.477121120000
121 0.494369330000
122 0.570527910000
123 0.725847130000
124 0.724557930000
125 0.642296530000
126 0.555366330000
127 0.462736430000
128 0.363035230000
129 0.253822730000
130 0.129782760000
131 0.024981520000
132 0.046204840000
133 0.055718800000
134 0.033163770000
135 0.026424930000
136 0.024740130000
137 0.025081350000
138 0.028147080000
139 0.039034850000
140 0.054924690000
141 0.050180820000
142 0.022014550000
143 0.022969570000
144 0.022327600000
145 0.022947700000
146 0.024696100000
147 0.022197190000
148 0.034420770000
149 0.039021730000
150 0.035314680000
151 0.033085210000
152 0.032047150000
153 0.031658220000
154 0.031701390000
155 0.032117300000
156 0.032872430000
157 0.033899380000
158 0.034674000000
159 0.034233570000
160 0.031792430000
161 0.027708090000
162 0.024270280000
