  0.00000000
  0.00000000
 -0.06205989
 -0.10009294
 -0.11068061
 -0.10541302
 -0.09445922
 -0.08105738
 -0.06108382
 -0.02026249
  0.05205800
  0.10991867
  0.10557536
  0.04774427
 -0.02402218
 -0.06160692
 -0.03209458
  0.03704595
  0.07995213
  0.08448626
  0.04520325
 -0.02336901
 -0.04530595
 -0.07954327
 -0.14521196
 -0.21865383
 -0.29322816
 -0.33014961
 -0.24966115
 -0.16697549
 -0.08355005
  0.00027616
  0.00004636
 -0.11392515
 -0.22754479
 -0.34360487
 -0.45990893
 -0.48420138
 -0.39514320
 -0.27510356
 -0.15398375
 -0.03234933
  0.08955150
  0.21152303
  0.33354420
  0.45562348
  0.57773748
  0.69966222
  0.69991527
  0.69991517
  0.69991031
  0.69989956
  0.59865525
  0.47512178
  0.35367912
  0.23405495
  0.11589724
 -0.00102124
 -0.11486538
 -0.22761218
 -0.33922586
 -0.44954032
 -0.33855412
 -0.22634354
 -0.11345826
  0.00008306
  0.00047391
  0.00062928
  0.00128700
 -0.04911538
 -0.06473957
 -0.05256548
 -0.04374837
 -0.02932075
  0.03723953
  0.03732342
  0.03190186
  0.02847530
  0.02648928
  0.02766735
  0.03669519
  0.06495325
  0.07139261
 -0.00690189
 -0.00565360
 -0.00393246
 -0.00300650
 -0.02477525
 -0.11313393
 -0.20217646
 -0.29054525
 -0.37358940
 -0.45134490
 -0.52551672
 -0.47183022
 -0.39830387
 -0.32178976
 -0.24224912
 -0.15955137
 -0.08762076
  0.00003107
  0.00072180
  0.00072925
  0.00073390
  0.00073847
  0.00074292
  0.00074719
  0.00075116
  0.00075463
  0.00075704
  0.00075652
  0.00076693
  0.00077274
  0.00077928
  0.00078027
  0.00002191
 -0.08603111
 -0.17183750
 -0.25665659
 -0.33860731
 -0.41738717
 -0.48347096
 -0.54812468
 -0.54654272
 -0.47611319
 -0.40281697
 -0.32666572
 -0.24761075
 -0.16531582
 -0.07825117
 -0.00302517
  0.08787905
  0.11541502
  0.05841760
  0.04088990
  0.03689829
  0.03946664
  0.05156852
 -0.02336007
 -0.04143850
 -0.03838570
  0.03399451
  0.04102072
  0.03939673
  0.04533823
  0.05805681
  0.04556526
 -0.03010341
 -0.04184308
 -0.03711509
 -0.03470524
 -0.03500032
 -0.03739660
 -0.04191025
 -0.04910263
 -0.05991130
 -0.07567810
 -0.09601389
 -0.11696015
 -0.12980890
 -0.11908717
 -0.07291958
  0.00000000
