  0.02310491
  0.02310491
  0.02253760
  0.02156163
  0.02102415
  0.02088783
  0.02090402
  0.02094581
  0.02097536
  0.02181739
  0.03029030
  0.04584410
  0.04756292
  0.03247463
  0.02128437
  0.02283674
  0.02128504
  0.03285331
  0.05307409
  0.05777183
  0.03926910
  0.02144981
  0.02407309
  0.03228602
  0.05128438
  0.07512216
  0.10242250
  0.12091208
  0.09729411
  0.07111717
  0.04262071
  0.02317435
  0.02312109
  0.08342947
  0.15821959
  0.22578938
  0.23220365
  0.21137848
  0.23139025
  0.15150927
  0.08320480
  0.02637957
  0.09527570
  0.19763473
  0.28904711
  0.37173243
  0.44750042
  0.47449994
  0.47716955
  0.41878700
  0.36034988
  0.30197064
  0.19902043
  0.11615200
  0.06197127
  0.03250392
  0.02357675
  0.02312275
  0.02935667
  0.05055463
  0.08931557
  0.14690979
  0.13188163
  0.10474475
  0.06529413
  0.02309291
  0.02303020
  0.02299735
  0.02286996
  0.04140853
  0.05191622
  0.04694307
  0.04335341
  0.03593088
  0.02161559
  0.02186180
  0.02132641
  0.02105756
  0.02094982
  0.02122933
  0.02312505
  0.03126902
  0.03399383
  0.02673150
  0.02609526
  0.02515317
  0.02468092
  0.04596675
  0.16862347
  0.30101492
  0.41743584
  0.52007809
  0.61319201
  0.70021106
  0.63742263
  0.55012097
  0.45687973
  0.35625027
  0.20362326
  0.14234043
  0.02310306
  0.02306271
  0.02306223
  0.02306190
  0.02306156
  0.02306121
  0.02306085
  0.02306048
  0.02306010
  0.02305970
  0.02305927
  0.02305880
  0.02305842
  0.02305800
  0.02305775
  0.02309334
  0.13692129
  0.26062592
  0.37401001
  0.47712112
  0.49436933
  0.57052791
  0.72584713
  0.72455793
  0.64229653
  0.55536633
  0.46273643
  0.36303523
  0.25382273
  0.12978276
  0.02498152
  0.04620484
  0.05571880
  0.03316377
  0.02642493
  0.02474013
  0.02508135
  0.02814708
  0.03903485
  0.05492469
  0.05018082
  0.02201455
  0.02296957
  0.02232760
  0.02294770
  0.02469610
  0.02219719
  0.03442077
  0.03902173
  0.03531468
  0.03308521
  0.03204715
  0.03165822
  0.03170139
  0.03211730
  0.03287243
  0.03389938
  0.03467400
  0.03423357
  0.03179243
  0.02770809
  0.02427028
