  0.01155245
  0.01155245
  0.00444440
  0.00146396
  0.00044810
  0.00013339
  0.00003935
  0.00001157
  0.00000339
  0.00000097
  0.00000029
  0.00000009
  0.00000003
  0.00000001
  0.00000000
  0.00000000
  0.00000000
  0.00000000
  0.00000000
  0.00000000
  0.00000000
  0.00000000
  0.00000000
  0.00000000
  0.00000000
  0.00000000
  0.00000000
  0.00000000
  0.00000000
  0.00000000
  0.00000000
  0.00000000
  0.00000000
  0.00000000
 -0.00000000
 -0.00000000
 -0.00000000
  0.00000000
 -0.00000000
 -0.00000000
 -0.00000000
 -0.00000000
 -0.00000000
  0.00000000
  0.00000000
  0.00000000
  0.00000000
  0.00000000
  0.00000000
  0.00000000
  0.00000000
  0.00000002
  0.00000032
  0.00000547
  0.00008000
  0.00100862
  0.00926613
  0.03607608
  0.07648755
  0.12155478
  0.16987147
  0.22642179
  0.26014672
  0.29075643
  0.31827562
  0.26730372
  0.29197014
  0.31595829
  0.34032473
  0.37217042
  0.39954685
  0.42180523
  0.44449323
  0.46590288
  0.49185882
  0.51622026
  0.53901052
  0.56230501
  0.58591975
  0.61038958
  0.63722513
  0.67024347
  0.69761702
  0.69896201
  0.72239216
  0.74565601
  0.76914836
  0.80611428
  0.86513081
  0.91834930
  0.92298527
  0.92089246
  0.91824580
  0.91508237
  0.91750897
  0.92040402
  0.92295856
  0.92510149
  0.77467192
  0.91321710
  0.11410122
  0.11258450
  0.11270582
  0.11286245
  0.11305147
  0.11327903
  0.11355557
  0.11389929
  0.11434536
  0.11497737
  0.11610997
  0.11574439
  0.11580993
  0.11589525
  0.11634130
  0.85921869
  0.89338707
  0.91884629
  0.92292985
  0.92153015
  0.80255550
  0.81174845
  0.91322960
  0.91394100
  0.91711659
  0.91998234
  0.92248583
  0.92464075
  0.92571676
  0.91949068
  0.87568925
  0.88250564
  0.86581777
  0.81625606
  0.78209742
  0.75299512
  0.72623346
  0.70214494
  0.66475586
  0.64242670
  0.61380815
  0.58437756
  0.55838074
  0.53007612
  0.50357964
  0.47843959
  0.44784166
  0.41652434
  0.39089464
  0.36218382
  0.33395324
  0.30616848
  0.27864759
  0.25131201
  0.22413894
  0.19711061
  0.17019321
  0.14317054
  0.11566680
  0.08737534
  0.05853597
  0.03139383
