 26.63265306
 26.63265306
 26.63265306
 26.63265306
 26.63262742
 26.63246471
 26.63197279
 26.63092160
 26.62907414
 26.62621495
 26.62223701
 26.61746220
 26.61312556
 26.61086077
 26.61128010
 26.61327431
 26.61451896
 26.61317739
 26.61015531
 26.60902607
 26.61289156
 26.62295660
 26.63709072
 26.64990524
 26.65901147
 26.66020904
 26.64479277
 26.60119957
 26.51480168
 26.37482243
 26.18963748
 25.96955185
 25.74829190
 25.40938721
 25.05646149
 24.65806639
 24.19508532
 23.73867895
 23.26253229
 22.57396416
 21.86367712
 21.16891274
 20.50748556
 19.88816266
 19.31574015
 18.79490630
 18.33159521
 17.93297949
 17.63433832
 17.37242610
 17.18268107
 17.05294355
 16.96994036
 16.92111192
 16.89344746
 16.87817099
 16.87095940
 16.87007790
 16.87497426
 16.88537155
 16.90065770
 16.91913732
 16.93784417
 16.95065044
 16.95546769
 16.95192309
 16.94418890
 16.93574584
 16.92663162
 16.91685140
 16.90647563
 16.89195715
 16.87137959
 16.84490058
 16.81258789
 16.77535576
 16.74083401
 16.70971209
 16.68188445
 16.65742661
 16.63657522
 16.62011700
 16.61050340
 16.61478371
 16.63600274
 16.65621488
 16.67557999
 16.69444051
 16.71308382
 16.72418678
 16.69654075
 16.60090881
 16.41710342
 16.13296566
 15.74554940
 15.22752886
 14.59697775
 13.87787337
 13.09017970
 12.38646660
 11.51997870
 11.40659984
 11.29476716
 11.18281472
 11.07070725
 10.95841254
 10.84589227
 10.73309773
 10.61996209
 10.50638357
 10.39217722
 10.27684515
 10.16187745
 10.04684537
  9.93172934
  9.81617042
  8.96231150
  8.10978120
  7.26395569
  6.44428261
  5.66046807
  5.01856460
  4.41938949
  3.82183473
  3.31785371
  2.91630862
  2.62714812
  2.44969484
  2.37464364
  2.38585691
  2.46071766
  2.56480781
  2.66670997
  2.73498886
  2.76340962
  2.77306340
  2.77076634
  2.75882084
  2.73769869
  2.70581768
  2.68010230
  2.66336277
  2.65404566
  2.63981995
  2.62046177
  2.59707404
  2.56978977
  2.53818486
  2.50448457
  2.47539435
  2.45122764
  2.43108482
  2.41433450
  2.40054806
  2.38940059
  2.38062210
  2.37397138
  2.36921418
  2.36610166
  2.36433295
  2.36353435
  2.36329523
  2.36326531
