  0.00000000
  0.74980094
  0.74979766
  0.74979424
  0.74979069
  0.74978704
  0.74978328
  0.74977939
  0.74977537
  0.74982219
  0.74981477
  0.74980470
  0.74979126
  0.74977570
  0.74976075
  0.74974680
  0.74973446
  0.74960968
  0.74959790
  0.74958512
  0.74957151
  0.74955698
  0.74954143
  0.74952477
  0.74950685
  0.74948753
  0.74946665
  0.74944402
  0.74941938
  0.74939247
  0.74936295
  0.74933042
  0.74929442
  0.74925433
  0.74920940
  0.74915860
  0.74910470
  0.74905110
  0.74897744
  0.74889276
  0.74879293
  0.74867157
  0.74851790
  0.74824402
  0.74762160
  0.74723673
  0.74698670
  0.74686357
  0.74704534
  0.74680247
  0.74595927
  0.74451813
  0.74143811
  0.72863920
 -0.70081991
 -0.73854808
 -0.74368273
 -0.74574259
 -0.74676527
 -0.74739248
 -0.74781603
 -0.74812121
 -0.74835154
 -0.74853152
 -0.74867603
 -0.74879459
 -0.74889359
 -0.74897750
 -0.74904949
 -0.74911188
 -0.74938018
 -0.74943217
 -0.74948017
 -0.74952454
 -0.74956782
 -0.74959735
 -0.74961955
 -0.74963661
 -0.74952252
 -0.74953658
 -0.74954957
 -0.74956185
 -0.74957347
 -0.74958452
 -0.74959506
 -0.74960508
 -0.74961462
 -0.74962373
 -0.74963242
 -0.74964073
 -0.74964867
 -0.74971422
 -0.74972393
 -0.74973443
 -0.74974558
 -0.74975718
 -0.74977759
 -0.74978451
 -0.74978991
 -0.74979396
 -0.74978522
 -0.74978737
 -0.74978853
 -0.74978876
 -0.74978807
 -0.74978641
 -0.74978372
 -0.74977989
 -0.74977478
 -0.74976815
 -0.74975969
 -0.74974895
 -0.74974246
 -0.74972929
 -0.74971483
 -0.74969878
 -0.74968087
 -0.74966079
 -0.74963810
 -0.74961228
 -0.74958266
 -0.74954832
 -0.74950806
 -0.74946022
 -0.74940256
 -0.74933334
 -0.74925810
 -0.74905024
 -0.74913386
 -0.74901637
 -0.74887995
 -0.74872065
 -0.74853319
 -0.74831122
 -0.74804691
 -0.74773061
 -0.74735040
 -0.74252283
 -0.74464531
 -0.74401009
 -0.74314811
 -0.74192753
 -0.73987505
 -0.73611269
 -0.72708683
 -0.68406678
  0.58583831
  0.71562151
  0.73370655
  0.73902074
  0.74172195
  0.74336499
  0.74447556
  0.74528143
  0.74589454
  0.74637683
  0.74901146
  0.74923798
  0.74916945
  0.74940364
  0.74952736
  0.74962729
  0.74979202
  0.74981212
  0.74981912
  0.74981750
  0.74980779
  0.74856697
  0.74856194
  0.74854953
  0.74853402
  0.74851777
  0.74849504
  0.74900434
  0.74899545
  0.74898717
  0.74898096
  0.74899131
  0.74898050
  0.74895912
  0.74893298
  0.74840210
  0.74839002
  0.74837149
  0.74834884
  0.74832511
  0.74830068
  0.74827557
  0.74824974
  0.74822316
  0.74819577
  0.74816730
  0.74813604
  0.74808648
  0.74837116
  0.74835619
  0.74833987
  0.74832597
  0.74831459
  0.74834452
  0.74831937
  0.74828337
  0.74823949
  0.74818206
  0.74787745
  0.74783993
  0.74779738
  0.74773631
  0.74765505
  0.74757237
  0.00000000
