  0.01155245
  0.01155245
  0.00741401
  0.00452642
  0.00267373
  0.00154362
  0.00087839
  0.00049551
  0.00027810
  0.00003835
  0.00001556
  0.00000644
  0.00000272
  0.00000102
  0.00000035
  0.00000012
  0.00000004
  0.00000107
  0.00000067
  0.00000042
  0.00000026
  0.00000016
  0.00000010
  0.00000006
  0.00000004
  0.00000002
  0.00000001
  0.00000001
  0.00000001
  0.00000000
  0.00000000
  0.00000000
  0.00000000
  0.00000000
  0.00000000
  0.00000000
  0.00000000
  0.00000000
  0.00000000
  0.00000000
  0.00000000
  0.00000000
  0.00000000
  0.00000000
  0.00000000
  0.00000000
  0.00000000
  0.00000000
  0.00000000
  0.00000000
  0.00000000
  0.00000000
  0.00000000
  0.00000000
  0.00000000
  0.00000000
  0.00000000
  0.00000000
  0.00000000
  0.00000000
  0.00000000
  0.00000000
  0.00000000
  0.00000000
  0.00000000
  0.00000000
  0.00000000
  0.00000000
  0.00000000
  0.00000000
  0.00000000
  0.00000000
  0.00000000
  0.00000000
  0.00000000
  0.00000000
  0.00000000
  0.00000000
  0.00000002
  0.00000003
  0.00000005
  0.00000007
  0.00000011
  0.00000018
  0.00000029
  0.00000046
  0.00000073
  0.00000117
  0.00000185
  0.00000294
  0.00000468
  0.00000159
  0.00000311
  0.00000610
  0.00001203
  0.00002382
  0.00003663
  0.00007614
  0.00015627
  0.00031638
  0.00074036
  0.00143742
  0.00272085
  0.00497616
  0.00868279
  0.01427382
  0.02194474
  0.03158029
  0.04286983
  0.05548119
  0.06916164
  0.08375645
  0.10170572
  0.11571646
  0.12974629
  0.14377698
  0.15778683
  0.17174761
  0.18565783
  0.19950552
  0.21326973
  0.22696604
  0.24059484
  0.25417073
  0.26767729
  0.28726835
  0.29315936
  0.24402272
  0.30260276
  0.30883380
  0.31328642
  0.31746953
  0.32140441
  0.32506299
  0.32841227
  0.33143489
  0.33416748
  0.12571680
  0.20107500
  0.20796622
  0.21592100
  0.22099365
  0.22791351
  0.23491475
  0.24180086
  0.23516900
  0.22063033
  0.24038878
  0.25334662
  0.24587897
  0.23827025
  0.23075574
  0.22336792
  0.21607268
  0.20892993
  0.20198066
  0.53108470
  0.52767985
  0.43451694
  0.47494478
  0.46669769
  0.45675362
  0.58525020
  0.47539953
  0.39292289
  0.32651901
  0.27063839
  0.03362612
  0.03289533
  0.03239072
  0.03187941
  0.03136879
  0.03084105
  0.04370304
  0.04279195
  0.04192630
  0.04104872
  0.04103647
  0.03963936
  0.03782182
  0.03607977
  0.02553777
  0.02491562
  0.02439745
  0.02387895
  0.02336486
  0.02285625
  0.02235335
  0.02185626
  0.02136507
  0.02087983
  0.02040030
  0.01992491
  0.01944437
  0.02091652
  0.02034865
  0.01981580
  0.01928855
  0.01875774
  0.01838543
  0.01759922
  0.01678151
  0.01598628
  0.01522362
  0.01407708
  0.01366866
  0.01326006
  0.01285378
  0.01244523
  0.01201440
