  0.00363177
  0.20954266
  0.20952746
  0.20954908
  0.20957717
  0.20959780
  0.20961324
  0.20962603
  0.21124991
  0.21106722
  0.21093270
  0.21087174
  0.21102755
  0.21117403
  0.21130992
  0.21143628
  0.21164347
  0.21150576
  0.21158065
  0.21167212
  0.21184750
  0.21224943
  0.21370503
  0.19480802
  0.19705018
  0.19829980
  0.20044035
  0.19845344
  0.20024782
  0.21180124
  0.21778251
  0.21794113
  0.21812115
  0.21807356
  0.21816951
  0.21825477
  0.21832160
  0.21840331
  0.21890731
  0.21957175
  0.21965386
  0.21947077
  0.21940750
  0.21950033
  0.21806969
  0.23010834
  0.23781504
  0.23599186
  0.23922207
  0.23422673
  0.23051564
  0.22772663
  0.22555206
  0.22379396
  0.22304199
  0.22140069
  0.21980040
  0.21811554
  0.21625696
  0.21415232
  0.21179136
  0.21483424
  0.21659478
  0.21754839
  0.18428480
  0.22738793
  0.22883193
  0.22934384
  0.22970764
  0.23003456
  0.23014834
  0.23043038
  0.22965717
  0.23380632
  0.23449573
  0.23477133
  0.23491184
  0.23451118
  0.23434253
  0.23425499
  0.23427653
  0.23418648
  0.23416220
  0.23420276
  0.23427012
  0.23440724
  0.23476468
  0.23431713
  0.23387763
  0.23352938
  0.23330195
