  0.00000000
  0.00000000
  0.00581587
  0.00263710
  0.00177518
  0.00134159
  0.00108130
  0.00090880
  0.00078784
  0.00008531
 -0.07395440
 -0.14745580
 -0.22040145
 -0.29270876
 -0.22133763
 -0.14799689
 -0.07418561
  0.00008147
  0.00040614
  0.00039968
  0.00039529
  0.00039270
  0.00039192
  0.00039301
  0.00039607
  0.00040125
  0.00040881
  0.00041910
  0.00043261
  0.00045003
  0.00047232
  0.00050085
  0.00053771
  0.00058612
  0.00065136
  0.00074101
  0.00087331
  0.00193657
  0.05282521
  0.10452324
  0.15636626
  0.20825320
  0.26009961
  0.31161439
  0.35455395
  0.37985260
  0.40483489
  0.42992776
  0.42576831
  0.38205291
  0.33214608
  0.28203868
  0.23184626
  0.18162225
  0.13141812
  0.08083936
  0.03054350
  0.00125445
  0.00115724
  0.00102820
  0.00093073
  0.00085539
  0.00079590
  0.00074811
  0.00070921
  0.00067727
  0.00065088
  0.00062903
  0.00061096
  0.00059703
  0.00008550
 -0.06794888
 -0.13601098
 -0.20410770
 -0.27217593
 -0.20584854
 -0.13704008
 -0.06837710
  0.00010629
  0.00055464
  0.00055683
  0.00056158
  0.00056823
  0.00057674
  0.00058711
  0.00059966
  0.00061454
  0.00063185
  0.00065205
  0.00067544
  0.00070388
  0.00013590
 -0.06052897
 -0.12131906
 -0.18221014
 -0.24307245
 -0.25300934
 -0.18939926
 -0.12589129
 -0.06258811
  0.00050861
  0.06019006
  0.11964845
  0.17889056
  0.23791445
  0.29671442
  0.35528099
  0.41360032
  0.47165268
  0.52940933
  0.58682352
  0.64379037
  0.69952130
  0.69968473
  0.69971569
  0.69974007
  0.69975947
  0.69977510
  0.69978770
  0.69979784
  0.69980596
  0.69981228
  0.69981700
  0.69982024
  0.69982220
  0.69991951
  0.64216899
  0.58358075
  0.53554075
  0.47661939
  0.41730772
  0.35792517
  0.29847941
  0.23896432
  0.17937029
  0.11968511
  0.05989065
 -0.00004764
 -0.00012556
  0.03530875
  0.07067854
  0.10613560
  0.14118068
  0.17610262
  0.21087463
  0.24538923
  0.27750446
  0.30552354
  0.27521440
  0.24061615
  0.20571772
  0.17070729
  0.13565356
  0.10061473
  0.06569971
  0.03123884
  0.00002700
 -0.09695392
 -0.19417521
 -0.27529677
 -0.36521468
 -0.45519584
 -0.54506622
 -0.42709816
 -0.31522733
 -0.20743245
 -0.10257644
  0.00002176
  0.00122875
  0.00118300
  0.00119387
  0.00122070
  0.00131356
  0.00017407
 -0.02144442
 -0.04300355
 -0.06449322
 -0.08574353
 -0.06657746
 -0.04444806
 -0.02213681
  0.00025660
  0.00169347
  0.00163326
  0.00166323
  0.00171502
  0.00177314
  0.00183605
  0.00190409
  0.00197820
  0.00206175
  0.00217059
  0.00236864
  0.00273845
  0.00043549
 -0.01750130
 -0.03529716
 -0.05292008
 -0.07017268
 -0.08577264
 -0.07103672
 -0.05357063
 -0.03563831
 -0.01751508
  0.00074969
  0.00928556
  0.01375520
  0.01678462
  0.01732619
  0.01169175
  0.00000000
