  0.02310491
  0.02310491
  0.02307587
  0.02307849
  0.02307825
  0.02307801
  0.02307776
  0.02307748
  0.02307711
  0.02310043
  0.02972762
  0.04279619
  0.06183948
  0.08673758
  0.07383766
  0.05726416
  0.03844553
  0.02309800
  0.02306856
  0.02306738
  0.02306604
  0.02306455
  0.02306288
  0.02306101
  0.02305889
  0.02305648
  0.02305371
  0.02305051
  0.02304678
  0.02304237
  0.02303708
  0.02303065
  0.02302266
  0.02301247
  0.02299906
  0.02298084
  0.02295357
  0.02275266
  0.02156956
  0.02835460
  0.03710981
  0.04659516
  0.05669489
  0.06415177
  0.06128332
  0.06173738
  0.06543918
  0.07283085
  0.08483154
  0.08564035
  0.07646031
  0.06715274
  0.05771712
  0.04812331
  0.03860167
  0.02809952
  0.02061064
  0.02278206
  0.02282423
  0.02286205
  0.02289063
  0.02291288
  0.02293067
  0.02294521
  0.02295731
  0.02296752
  0.02297626
  0.02298381
  0.02299040
  0.02299604
  0.02308470
  0.05576552
  0.09626608
  0.13494939
  0.17340959
  0.12757806
  0.08471461
  0.04723814
  0.02309190
  0.02303889
  0.02304106
  0.02304297
  0.02304470
  0.02304629
  0.02304775
  0.02304909
  0.02305032
  0.02305146
  0.02305250
  0.02305347
  0.02305426
  0.02309386
  0.02981469
  0.03833492
  0.04662478
  0.05370140
  0.05271020
  0.03983799
  0.03099393
  0.02575209
  0.02309142
  0.02203207
  0.02170065
  0.02187072
  0.02257763
  0.02407656
  0.02684746
  0.03158353
  0.03900365
  0.04952704
  0.06318322
  0.07985828
  0.10169472
  0.11418071
  0.12665419
  0.13911997
  0.15156216
  0.16395781
  0.17630683
  0.18859929
  0.20081695
  0.21297386
  0.22507043
  0.23711965
  0.24910699
  0.26653299
  0.25034208
  0.19263084
  0.21838351
  0.20067621
  0.18104599
  0.16054470
  0.13907257
  0.11648836
  0.09264818
  0.06749453
  0.04187159
  0.02310195
  0.02309299
  0.02809688
  0.03604073
  0.04579803
  0.05686283
  0.06871382
  0.08107960
  0.08939826
  0.09340114
  0.10901375
  0.10480135
  0.09146003
  0.07851200
  0.06612853
  0.05443182
  0.04366909
  0.03435081
  0.02723201
  0.02311125
  0.04054530
  0.05557167
  0.07878066
  0.09645220
  0.11238349
  0.17037610
  0.11135405
  0.07242483
  0.04517983
  0.02626115
  0.02310524
  0.02312368
  0.02312265
  0.02312247
  0.02312251
  0.02312341
  0.02310859
  0.02268703
  0.02233837
  0.02205374
  0.02180047
  0.02206369
  0.02239718
  0.02274842
  0.02310767
  0.02312267
  0.02312154
  0.02312128
  0.02312121
  0.02312116
  0.02312111
  0.02312106
  0.02312102
  0.02312099
  0.02312109
  0.02312173
  0.02312326
  0.02310824
  0.02298281
  0.02288344
  0.02280853
  0.02275774
  0.02272390
  0.02281180
  0.02290165
  0.02298201
  0.02305067
  0.02310667
  0.02312358
  0.02312750
  0.02312618
  0.02312017
  0.02311018
