  0.00000000
  0.00000000
  0.03292147
  0.06584706
  0.09878560
  0.13173237
  0.16468442
  0.19764087
  0.23237513
  0.26560526
  0.29881633
  0.33207879
  0.36568730
  0.39935135
  0.43306239
  0.46681595
  0.50081970
  0.53404979
  0.56778319
  0.60159735
  0.63570428
  0.67060734
  0.70919444
  0.67767324
  0.71422243
  0.74800702
  0.78582323
  0.80776479
  0.84466819
  0.88202502
  0.87254081
  0.83767700
  0.80278086
  0.76697943
  0.73167292
  0.69627869
  0.66078218
  0.62529201
  0.59089887
  0.55666236
  0.52071578
  0.48414215
  0.44790232
  0.41198568
  0.37341358
  0.35640616
  0.32731271
  0.28272291
  0.24426261
  0.19714767
  0.15353859
  0.11231884
  0.07273173
  0.03431537
 -0.00322809
 -0.04023213
 -0.07643077
 -0.11179261
 -0.14620784
 -0.17950963
 -0.21153766
 -0.24869147
 -0.28561709
 -0.32220212
 -0.30299356
 -0.40527530
 -0.44685745
 -0.48719882
 -0.52746074
 -0.56781485
 -0.60776809
 -0.64824154
 -0.68568512
 -0.73818637
 -0.70000452
 -0.65964959
 -0.61874189
 -0.57641077
 -0.53481064
 -0.49346425
 -0.45237052
 -0.41106662
 -0.36991184
 -0.32885915
 -0.28781662
 -0.24681090
 -0.20592516
 -0.16428553
 -0.12288550
 -0.08174822
 -0.04081462
