  3.50000000
  3.50000000
  3.50000000
  3.50524845
  3.51574928
  3.53150554
  3.55251943
  3.57879272
  3.61032692
  3.64712331
  3.70182748
  3.76497985
  3.83590736
  3.91360630
  3.99793976
  4.08724762
  4.18153355
  4.28137464
  4.35457144
  4.43134043
  4.51172178
  4.59571721
  4.68332863
  4.77455762
  4.86940567
  4.96787526
  5.06996915
  5.17568906
  5.28503608
  5.39801368
  5.51462601
  5.63487805
  5.75877602
  5.88632346
  6.01753039
  6.15241275
  6.29100280
  6.43323884
  6.58094755
  6.73254214
  6.89057058
  7.05794531
  7.23783457
  7.43361869
  7.63629473
  7.81611895
  7.99548373
  8.18560616
  8.39917062
  8.67222139
  9.00222098
  9.35586921
  9.72966339
 10.12061253
 10.52615092
 10.94801610
 11.36723803
 11.78160778
 12.19476423
 12.60012071
 12.99767425
 13.38741335
 13.76933169
 14.14342343
 14.50968835
 14.86812800
 15.21874573
 15.56154714
 15.89654141
 16.22374492
 16.54319254
 16.95093281
 17.34541560
 17.72544169
 18.08968730
 18.44034985
 18.77101748
 19.08255906
 19.37709550
 19.58454753
 19.78489339
 19.97826270
 20.16465763
 20.34408099
 20.51651580
 20.68193643
 20.84035335
 20.99177400
 21.13619827
 21.27363307
 21.40408100
 21.52754630
 21.66729676
 21.79735892
 21.91742417
 22.02725135
 22.12668132
 22.21910903
 22.29967771
 22.36887685
 22.42708581
 22.47220226
 22.50776038
 22.53390309
 22.55073295
 22.55833731
 22.55680555
 22.54624463
 22.52679447
 22.49864392
 22.46204879
 22.41735272
 22.36501174
 22.30406870
 22.23600293
 22.16147289
 22.08126568
 21.99631722
 21.90773338
 21.81678996
 21.72495032
 21.63387687
 21.54541794
 21.46161533
 21.38469347
 21.31705662
 21.26004397
 21.21796844
 21.19658866
 21.18376951
 21.18758429
 21.20804888
 21.24469147
 21.29672857
 21.36307221
 21.44232611
 21.53277596
 21.63238012
 21.67208998
 21.73560839
 21.80021003
 21.86689339
 21.93549685
 22.00737039
 22.08335905
 22.16428469
 22.24632164
 22.32683798
 22.41866578
 22.52333639
 22.63260319
 22.74521718
 22.86011893
 22.97636449
 23.09308470
 23.20952318
 23.32501004
 23.63456250
 23.92841908
 24.15186659
 24.37357301
 24.56249932
 24.71474783
 24.86324339
 24.93934440
 24.97580366
 24.99125509
 24.99664951
 24.99688864
 24.99712091
 24.99734921
 24.99757344
 24.99779355
 24.99800936
 24.99833776
 24.99865494
 24.99894387
 24.99919008
 24.99938693
 24.99951861
 24.99960191
 24.99965546
 24.99968159
 24.99970670
 24.99973132
 24.99975544
 24.99977901
 24.99980201
 24.99982443
 24.99984623
 24.99986741
 24.99988794
 24.99990779
 24.99992694
 24.99994537
 24.99996708
 24.99998736
 25.00000455
 25.00001757
 25.00002586
 25.00002941
 25.00002829
 25.00002440
 25.00001927
 25.00001398
 25.00000986
 25.00000646
 25.00000381
 25.00000188
 25.00000063
 25.00000000
