 25.53061224
 25.53061224
 25.53061224
 25.50290978
 25.44752486
 25.36448177
 25.25380766
 25.11553640
 24.94970997
 24.75489423
 24.53228613
 24.27971885
 23.99381239
 23.67008341
 23.30672929
 22.90503216
 22.46665790
 21.99278255
 21.48539459
 20.94758572
 20.38186831
 19.79494259
 19.19887532
 18.61286099
 18.11123565
 17.62979023
 17.16620941
 16.72172714
 16.31686597
 15.98292686
 15.70207117
 15.45992359
 15.22556988
 14.99369187
 14.76355016
 14.55490774
 14.36599289
 14.19617326
 14.05105411
 13.94036894
 13.86248753
 13.79885921
 13.73440955
 13.65853585
 13.56477145
 13.45118787
 13.31054209
 13.14678997
 12.97308426
 12.80119427
 12.64882436
 12.52410815
 12.43042494
 12.36895353
 12.33979209
 12.34253894
 12.37677289
 12.44188994
 12.53761033
 12.66417904
 12.82249830
 13.01412869
 13.24706131
 13.52356639
 13.84291478
 14.14581558
 14.55047930
 14.99276847
 15.46891699
 15.97835125
 16.52289025
 17.10414244
 17.72177921
 18.36842815
 19.05632885
 19.69981453
 20.29542758
 20.84477131
 21.35058278
 21.82141496
 22.25742695
 22.65845914
 23.02581541
 23.36212635
 23.66803345
 23.94235897
 24.18280463
 24.38670684
 24.55054316
 24.67336066
 24.75510379
 24.79591837
