  0.00125246
  0.20092180
  0.20090870
  0.20089609
  0.20088310
  0.20087964
  0.20088225
  0.20088670
  0.20089248
  0.20089672
  0.20089853
  0.20090150
  0.20090564
  0.20092706
  0.20102086
  0.20107733
  0.20111547
  0.20117391
  0.20132682
  0.20169799
  0.20247488
  0.20390684
  0.21239065
  0.18834200
  0.19013890
  0.19174899
  0.19299540
  0.19381099
  0.19422343
  0.19506893
  0.19505906
  0.19567017
  0.19579975
  0.19607152
  0.19695636
  0.20190601
  0.20597132
  0.21246896
  0.20840006
  0.20702566
  0.20606715
  0.20731092
  0.21270813
  0.21612881
  0.21785366
  0.21851569
  0.21871159
  0.21886415
  0.21923022
  0.21994247
  0.22181600
  0.22146561
  0.22075222
  0.22001131
  0.21941385
  0.24106933
  0.24075944
  0.24023153
  0.23932702
  0.24997535
  0.22755961
  0.22514521
  0.22631153
  0.22032911
  0.21616352
  0.21307736
  0.21066003
  0.20866176
  0.20691568
  0.20529921
  0.20371423
  0.20207689
  0.20031311
  0.19835785
  0.19615814
  0.20820100
  0.20813936
  0.20809242
  0.20806909
  0.20805369
  0.20801899
  0.20793734
  0.20833263
  0.20850983
  0.20861628
  0.20869686
  0.20871857
  0.20864099
  0.22393684
  0.23726432
  0.23082465
  0.22618505
  0.22269453
  0.21993985
  0.21764572
