  0.00000000
 -0.49335900
 -0.49209376
 -0.48831052
 -0.47649006
  0.34333947
  0.45017992
  0.44785165
  0.41584185
  0.31289125
  0.16405467
  0.35401025
  0.44320060
 -0.35934210
 -0.49456300
 -0.49854606
 -0.49937379
 -0.49965851
 -0.49978045
 -0.49983483
 -0.49984410
 -0.49970732
  0.49987026
  0.49991096
  0.49991241
  0.49989025
  0.49982598
  0.49959249
  0.49163263
 -0.49866467
  0.37719597
  0.49968616
  0.49989130
  0.49994445
  0.49996526
  0.49997496
  0.49997799
  0.49997192
  0.04700467
 -0.49996683
 -0.49998110
 -0.49998313
 -0.49998270
 -0.49998064
 -0.49997718
 -0.49997214
 -0.49996460
 -0.49995121
 -0.49991392
  0.41142378
  0.49992994
  0.49996782
  0.49998008
  0.49998601
  0.49998945
  0.49998949
  0.49998665
  0.49997696
  0.33339167
 -0.00001033
  0.00000150
 -0.00000701
 -0.49984768
 -0.49996861
 -0.49997991
 -0.49998388
 -0.49998564
 -0.49998635
 -0.49998636
 -0.49998572
 -0.49998427
 -0.49998147
 -0.49997580
 -0.49996099
 -0.49985632
  0.49994205
  0.49997408
  0.49998233
  0.49998597
  0.49998787
  0.49998885
  0.49998918
  0.49998886
  0.49998778
  0.49998555
  0.49998082
  0.49996722
  0.49975137
 -0.10152223
 -0.49997437
 -0.49998493
 -0.49998831
 -0.49998984
 -0.49999057
 -0.49999084
  0.00000000
