 22.00000000
 22.00000000
 22.00000000
 22.00000000
 21.99990885
 21.99922069
 21.99662675
 21.98960533
 21.97659087
 21.95686890
 21.93066925
 21.89926227
 21.86452708
 21.82816662
 21.79502272
 21.77333844
 21.76045164
 21.74909516
 21.72872138
 21.68495584
 21.59889717
 21.44641549
 21.19790043
 20.80860915
 20.32186808
 19.73641757
 19.07623292
 18.36142577
 17.60673924
 16.82096732
 16.00439109
 15.15936361
 14.28575256
 13.38389869
 12.44941615
 11.47946288
 10.48047663
  9.50935403
  8.63277444
  8.02023482
  7.81242937
  8.00853233
  8.47954238
  9.12872885
  9.87410714
 10.65555342
 11.43500400
 12.18983268
 12.90516218
 13.56788894
 14.16285099
 14.67262315
 15.10755102
 15.48916715
 15.83699671
 16.16635913
 16.52023122
 16.87151770
 17.22177104
 17.56710130
 17.91620289
 18.21129928
 18.47261699
 18.69924513
 18.88197640
 19.02469565
 19.13053761
 19.20175168
 19.23987905
 19.24598568
 19.22087873
 19.16528991
 19.08003103
 18.96614137
 18.82505972
 18.65886992
 18.45657973
 18.23115035
 17.98540641
 17.72157806
 17.44087566
 17.14307993
 16.82617506
 16.48518119
 16.16467255
 15.86100076
 15.57265114
 15.30015923
 15.04568294
 14.79511668
 14.55994653
 14.36801432
 14.21794192
 14.10770543
 14.03552701
 14.00000000
