  0.01027595
  0.19024217
  0.19021831
  0.19019389
  0.19016829
  0.19014548
  0.19015316
  0.19019936
  0.19025831
  0.19032568
  0.19038026
  0.19041833
  0.19044322
  0.19045968
  0.19047439
  0.19049075
  0.19050862
  0.19052668
  0.19054457
  0.19056267
  0.19058081
  0.19059999
  0.19062350
  0.19064677
  0.19066727
  0.19094314
  0.19113937
  0.19124996
  0.19143200
  0.19194002
  0.19314402
  0.19552486
  0.19909017
  0.20156639
  0.20711444
  0.21042066
  0.21485789
  0.21551713
  0.21673450
  0.22991989
  0.23065390
  0.20779432
  0.20832142
  0.20854999
  0.20864150
  0.20869486
  0.20878722
  0.20879451
  0.20884103
  0.20885061
  0.20876121
  0.21373004
  0.21314597
  0.21249154
  0.21573420
  0.21289792
  0.21073310
  0.20904016
  0.20766822
  0.20651116
  0.20549252
  0.20453779
  0.20357183
  0.20256801
  0.20148006
  0.20025842
  0.19885117
  0.19721346
  0.20068107
  0.20015944
  0.19963708
  0.19916245
  0.19880016
  0.19862658
  0.20101736
  0.20153282
  0.20216857
  0.20280675
  0.20336211
  0.20377505
  0.20403222
  0.20416033
  0.20422443
  0.20487378
  0.20523734
  0.20541645
  0.20554843
  0.20590686
  0.20686841
  0.20903397
  0.21404910
  0.18542098
  0.18853276
  0.19094961
  0.19944506
  0.20130691
  0.20497638
  0.21273691
  0.17200141
  0.17536034
  0.17778238
  0.18111093
  0.18184566
  0.18202521
  0.18202624
  0.18211135
  0.18219182
  0.18220539
  0.18220514
  0.18220563
  0.18220584
  0.18220533
  0.18220517
  0.18220565
  0.18220676
  0.18220878
  0.18221117
  0.18221362
  0.18221572
  0.18221718
  0.18221758
  0.18221691
  0.18221506
  0.18221206
  0.18220826
  0.18220518
  0.18220348
  0.18220086
  0.18219426
  0.18218144
  0.18216219
  0.18214091
  0.18212783
  0.18212210
  0.18211727
  0.18211174
  0.18210560
