  0.00000000
  0.00000000
 -0.08445092
 -0.16753725
 -0.24713631
 -0.31837347
 -0.36620217
 -0.35447401
 -0.30325468
 -0.24223067
 -0.17977846
 -0.12064171
 -0.06918551
 -0.02997611
 -0.00587077
  0.00437102
  0.00545280
  0.00237998
 -0.00169777
 -0.00498949
 -0.00600106
 -0.00148373
  0.01479893
  0.04830636
  0.09197636
  0.08008953
 -0.00523692
 -0.09842473
 -0.19316475
 -0.28843913
 -0.38412839
 -0.48046306
 -0.57780508
 -0.47851804
 -0.37798566
 -0.27494270
 -0.20102300
 -0.30785603
 -0.41512407
 -0.52116028
 -0.40638463
 -0.29112450
 -0.18727778
 -0.08316209
  0.02106934
  0.12534561
  0.22964554
  0.33398672
  0.43832218
  0.54266064
  0.64693992
  0.69988435
  0.69988590
  0.69988633
  0.69986880
  0.59241845
  0.48608597
  0.38079340
  0.27633163
  0.17254845
  0.06934027
 -0.03335970
 -0.13558148
 -0.23731736
 -0.33854541
 -0.43921808
 -0.53925502
 -0.63850704
 -0.69986647
 -0.69985164
 -0.69984033
 -0.69981763
 -0.69977485
 -0.69969271
 -0.69962053
 -0.59944612
 -0.49912625
 -0.39848816
 -0.29761649
 -0.19666800
 -0.09594779
  0.00385806
  0.10046048
  0.15318308
  0.05679527
 -0.04367162
 -0.14544728
 -0.24774887
 -0.35041768
 -0.45363976
 -0.55790112
 -0.45090389
 -0.35839978
 -0.26446241
 -0.25444443
 -0.35393846
 -0.45447809
 -0.55688425
 -0.45153851
 -0.36586064
 -0.27849436
 -0.19004510
 -0.10032573
 -0.01160453
  0.06971001
  0.07453599
  0.03326622
  0.00600152
 -0.00366712
 -0.00459443
 -0.00352514
 -0.00270688
 -0.00239273
 -0.00239903
 -0.00249048
 -0.00232348
 -0.00191851
 -0.00131471
 -0.00050487
  0.00074459
  0.00214740
  0.00306509
  0.00206252
 -0.00302016
 -0.01443578
 -0.03382813
 -0.06150650
 -0.09616478
 -0.13533978
 -0.17576164
 -0.21297299
 -0.23983642
 -0.24535847
 -0.22314209
 -0.17996952
 -0.12488489
 -0.06371116
  0.00000000
