  0.00000000
  0.00000000
 -0.14267387
 -0.28532959
 -0.42796672
 -0.57058438
 -0.71318462
 -0.85579029
 -0.99843027
 -1.14111406
 -1.28384796
 -1.42662233
 -1.56942474
 -1.71224525
 -1.85507748
 -1.99792006
 -2.14077413
 -2.28364073
 -2.42651988
 -2.56941133
 -2.71231504
 -2.85523084
 -2.99815921
 -3.14110306
 -3.28406172
 -3.42703247
 -3.57020588
 -3.71352081
 -3.85691085
 -4.00042588
 -4.14430320
 -4.28904741
 -4.43547367
 -4.36662061
 -4.21569029
 -4.06046735
 -3.90272397
 -3.74163297
 -3.58003638
 -3.41751945
 -3.24510783
 -3.07214186
 -2.91631840
 -2.76009779
 -2.60370419
 -2.44724061
 -2.29073580
 -2.13416068
 -1.97757911
 -1.82096175
 -1.66433636
 -1.50777723
 -1.34749072
 -1.18764159
 -1.02828269
 -0.86649128
 -0.70682668
 -0.54878541
 -0.39201362
 -0.23627064
 -0.08139536
  0.07271599
  0.22611127
  0.37878200
  0.53069976
  0.68180140
  0.83198660
  0.98111611
  1.12901702
  1.27951828
  1.42962794
  1.57934541
  1.72870647
  1.87779536
  2.02675354
  2.17750424
  2.32864091
  2.48025366
  2.63234421
  2.78485031
  2.93766498
  3.09067120
  3.24377192
  3.39691884
  3.55055050
  3.70445196
  3.85848409
  4.01261041
  4.16699905
  4.32209952
  4.47880899
  4.63924776
  4.77816515
  4.91924716
  4.99982663
  4.99975083
  4.99976102
  4.99977731
  4.99964889
  4.99966782
  4.99975268
  4.91642590
  4.78093434
  4.64470679
  4.50828956
  4.37184527
  4.23532171
  4.09872761
  3.96211611
  3.82549942
  3.68887820
  3.55225349
  3.41562646
  3.27899729
  3.14236586
  3.00573196
  2.86909514
  2.73245530
  2.59581253
  2.45916723
  2.32251996
  2.18587162
  2.04922308
  1.91257529
  1.77592918
  1.63928538
  1.50264340
  1.36600225
  1.22936265
  1.09272761
  0.95610184
  0.81949016
  0.68289414
  0.54630763
  0.40972516
  0.27314604
  0.13657083
  0.00000000
