  0.00000000
 -0.44387741
 -0.43675982
 -0.41848059
 -0.37456734
 -0.25152094
  0.06162265
  0.26924560
  0.32072256
  0.32812631
  0.31062311
  0.27022713
  0.20588321
  0.12655943
  0.05376467
  0.00567611
 -0.01612926
 -0.02140039
 -0.01727362
 -0.00531016
  0.02369604
  0.08542138
  0.17578022
  0.22907718
 -0.06234194
 -0.44686075
 -0.48753110
 -0.49536536
 -0.49768513
 -0.49852839
 -0.49875938
 -0.49782354
  0.49868724
  0.49874611
  0.49751158
  0.35128245
 -0.49723336
 -0.49771394
 -0.48920003
  0.49919896
  0.49971018
  0.49975316
  0.49978124
  0.49978931
  0.49978543
  0.49977109
  0.49974640
  0.49970369
  0.49960755
  0.49930256
  0.25361514
  0.00000714
  0.00000209
 -0.00007969
 -0.49806876
 -0.49945270
 -0.49964874
 -0.49972079
 -0.49975438
 -0.49976981
 -0.49977369
 -0.49976840
 -0.49975313
 -0.49972288
 -0.49966491
 -0.49953867
 -0.49912665
 -0.31113422
  0.00007383
  0.00005671
  0.00011411
  0.00021551
  0.00041464
  0.00038179
  0.49834110
  0.49777290
  0.49778466
  0.49737228
  0.49639388
  0.49427105
  0.48917294
  0.47319108
  0.25816343
 -0.47048710
 -0.48952647
 -0.49546802
 -0.49770518
 -0.49861989
 -0.49897359
 -0.49877533
  0.49993389
  0.49887105
  0.49824217
  0.05249487
 -0.49885909
 -0.49943982
 -0.49960983
  0.49517090
  0.49810210
  0.49819573
  0.49750165
  0.49538268
  0.48789728
  0.44673806
  0.02647889
 -0.22664306
 -0.14964428
 -0.05304830
 -0.00508037
  0.00586995
  0.00448944
  0.00172285
 -0.00003527
 -0.00050220
  0.00091663
  0.00222248
  0.00331364
  0.00444431
  0.00685706
  0.00769869
  0.00503614
 -0.00550332
 -0.02789757
 -0.06265734
 -0.10643886
 -0.15191509
 -0.19021842
 -0.21500087
 -0.22183818
 -0.20421125
 -0.14740312
 -0.03025235
  0.12199561
  0.23701956
  0.30241305
  0.33585026
  0.34979283
  0.00000000
