  0.00000000
 -0.74999998
 -0.74999998
 -0.74999998
 -0.74999997
 -0.74999997
 -0.74999997
 -0.74999997
 -0.74999997
 -0.74999996
 -0.74999996
 -0.74999996
 -0.74999995
 -0.74999995
 -0.74999995
 -0.74999994
 -0.74999993
 -0.74999993
 -0.74999992
 -0.74999990
 -0.74999989
 -0.74999987
 -0.74999984
 -0.74999979
 -0.74999972
 -0.74999958
 -0.74999916
 -0.50000830
  0.00000008
  0.00000088
  0.00000030
 -0.00000070
  0.00000028
  0.00000031
  0.00000339
 -0.00000202
 -0.00000062
 -0.00000045
 -0.00000034
  0.00000024
  0.00000019
  0.00000080
 -0.00000003
 -0.00000002
 -0.00000313
 -0.00000011
 -0.00000017
 -0.00000024
 -0.00000031
 -0.00000036
  0.00000046
  0.00000120
 -0.00000156
  0.00000043
  0.00000059
  0.00000084
  0.00001188
 -0.00000010
  0.70439956
  0.74995419
  0.74997718
  0.74999667
  0.74999811
  0.74999878
  0.74999914
  0.74999937
  0.74999952
  0.74999968
  0.74999973
  0.74999968
  0.74999971
  0.74999975
  0.74999976
  0.74999958
  0.74999959
  0.74999959
  0.74999960
  0.74999961
  0.74999961
  0.74999961
  0.74999962
  0.74999963
  0.74999963
  0.74999964
  0.74999965
  0.74999965
  0.74999966
  0.74999967
  0.74999968
  0.74999969
  0.74999969
  0.74999970
  0.74999971
  0.74999971
  0.74999972
  0.74999972
  0.74999973
  0.74999973
  0.74999974
  0.74999974
  0.74999975
  0.74999975
  0.74999976
  0.74999976
  0.74999977
  0.74999977
  0.74999978
  0.74999978
  0.74999978
  0.74999978
  0.74999978
  0.74999978
  0.74999978
  0.74999978
  0.74999978
  0.74999978
  0.74999977
  0.74999977
  0.74999977
  0.74999976
  0.74999976
  0.74999975
  0.74999975
  0.74999974
  0.74999974
  0.74999973
  0.74999973
  0.74999972
  0.74999971
  0.74999971
  0.74999970
  0.74999969
  0.74999968
  0.74999967
  0.74999966
  0.74999967
  0.74999966
  0.74999967
  0.74999971
  0.74999969
  0.74999967
  0.74999965
  0.74999962
  0.74999958
  0.74999955
  0.74999951
  0.74999930
  0.74999926
  0.74999921
  0.74999948
  0.74999939
  0.74999926
  0.74999901
  0.74999847
  0.74999678
  0.74998854
 -0.74998636
 -0.74999661
 -0.74999854
 -0.74999916
 -0.74999941
 -0.74999945
 -0.74999950
 -0.74999961
 -0.74999968
 -0.74999972
 -0.74999976
 -0.74999979
 -0.74999981
 -0.74999983
 -0.74999984
 -0.74999986
 -0.74999987
 -0.74999988
 -0.74999989
 -0.74999989
 -0.74999990
 -0.74999991
 -0.74999991
 -0.74999992
 -0.74999992
 -0.74999992
 -0.74999993
 -0.74999993
 -0.74999993
 -0.74999994
  0.00000000
