  0.00000000
  0.00000000
  0.06282340
  0.12766096
  0.19679052
  0.20698221
  0.13704574
  0.07176351
  0.00880821
  0.00008922
  0.00011842
  0.00015262
  0.00019977
  0.00028384
  0.00051999
 -0.00228145
 -0.00091205
 -0.00092201
 -0.00556191
  0.00002691
  0.00000480
 -0.06281874
 -0.06392630
 -0.00108204
  0.06172854
  0.12651870
  0.19556426
  0.27174742
  0.35909884
  0.42114417
  0.33272494
  0.26229457
  0.19681322
  0.12767092
  0.06282755
 -0.00000000
 -0.00000004
  0.03179599
  0.06384502
  0.09641287
  0.06397747
  0.03186877
 -0.00000015
 -0.00000092
  0.02950808
  0.00000002
 -0.04452857
 -0.08976483
 -0.13647632
 -0.18556738
 -0.23814717
 -0.29561013
 -0.24315043
 -0.19853768
 -0.14592782
 -0.09585458
 -0.04750282
  0.00000001
  0.00000021
  0.00000021
  0.00000022
  0.00000000
 -0.04916088
 -0.09939390
 -0.15172565
 -0.20738363
 -0.26791002
 -0.33532862
 -0.26066172
 -0.19505136
 -0.14674859
 -0.09916052
 -0.04907498
  0.00000001
  0.02728980
  0.05471874
  0.08245452
  0.11067144
  0.13955807
  0.16897968
  0.19945823
  0.23123996
  0.26459987
  0.29985673
  0.33738543
  0.37763313
  0.42114055
  0.42114402
  0.42114402
  0.42114403
  0.42114403
  0.42114403
  0.42114403
  0.42114402
  0.42114402
  0.42114401
  0.42114400
  0.42114399
  0.42114398
  0.42114397
  0.42114395
  0.42114393
  0.42114391
  0.42114388
  0.42114384
  0.42114379
  0.42114095
  0.37803999
  0.33845061
  0.30174106
  0.26740962
  0.23505007
  0.20432757
  0.17483161
  0.14647516
  0.11904034
  0.09234137
  0.06621187
  0.04050006
  0.01506493
  0.00000067
  0.00000060
  0.00000054
  0.00000050
  0.00000046
  0.00000043
  0.00000040
  0.00000037
  0.00000035
  0.00000034
  0.00000032
  0.00000031
  0.00000029
  0.00000028
  0.00000027
  0.00000012
 -0.02707148
 -0.02870003
  0.00000002
 -0.03379740
 -0.06780862
 -0.10234036
 -0.13771624
 -0.10228186
 -0.06773981
 -0.03375274
  0.00000004
  0.00000022
  0.00000021
  0.00000001
 -0.04233281
 -0.08515534
 -0.12908528
 -0.17481030
 -0.22313848
 -0.27058572
 -0.31410910
 -0.35965368
 -0.41472675
 -0.37892717
 -0.31474459
 -0.25593347
 -0.20812811
 -0.16551683
 -0.16050578
 -0.17864937
 -0.17363354
 -0.12555486
 -0.07943825
 -0.03454725
 -0.00000823
 -0.00000047
  0.04524872
  0.09124862
  0.13879961
  0.18881377
  0.24238752
  0.30090576
  0.36620013
  0.36722823
  0.30148099
  0.24267114
  0.18891769
  0.13880195
  0.09120684
  0.04520863
