  0.00000000
  0.00000000
  0.12499180
  0.24998121
  0.37496058
  0.39248703
  0.26752175
  0.14255366
  0.01761463
  0.00017844
  0.00023684
  0.00030525
  0.00039954
  0.00056768
  0.00104000
 -0.00456291
 -0.00182411
 -0.00184403
 -0.01112338
  0.00005382
  0.00000959
 -0.12498262
 -0.12716271
 -0.00216408
  0.12283553
  0.24783535
  0.37283523
  0.49783514
  0.62283505
  0.69999998
  0.58715974
  0.48312486
  0.37499989
  0.24999993
  0.12499996
 -0.00000000
 -0.00000009
  0.06350647
  0.12700276
  0.19048781
  0.12726340
  0.06365144
 -0.00000030
 -0.00000184
  0.05894779
  0.00000003
 -0.08882281
 -0.17763732
 -0.26646180
 -0.35537766
 -0.44450388
 -0.53393880
 -0.45262835
 -0.37798260
 -0.28396826
 -0.18941105
 -0.09472134
  0.00000001
  0.00000043
  0.00000043
  0.00000043
  0.00000001
 -0.09800675
 -0.19622972
 -0.29462011
 -0.39317160
 -0.49189134
 -0.59076022
 -0.48056048
 -0.37194523
 -0.28548027
 -0.19578066
 -0.09783660
  0.00000002
  0.05452549
  0.10900369
  0.16343806
  0.21783083
  0.27218891
  0.32590819
  0.37957194
  0.43318362
  0.48673361
  0.54020878
  0.59359224
  0.64686301
  0.69999575
  0.69999980
  0.69999980
  0.69999981
  0.69999981
  0.69999981
  0.69999981
  0.69999980
  0.69999980
  0.69999979
  0.69999978
  0.69999977
  0.69999976
  0.69999974
  0.69999972
  0.69999970
  0.69999967
  0.69999963
  0.69999959
  0.69999953
  0.69999620
  0.64738095
  0.59505463
  0.54297595
  0.49111346
  0.43944290
  0.38794536
  0.33637477
  0.28497672
  0.23372940
  0.18262499
  0.13165771
  0.08082368
  0.03012076
  0.00000135
  0.00000120
  0.00000109
  0.00000099
  0.00000092
  0.00000085
  0.00000080
  0.00000075
  0.00000071
  0.00000067
  0.00000064
  0.00000061
  0.00000059
  0.00000057
  0.00000055
  0.00000024
 -0.05409015
 -0.05733714
  0.00000005
 -0.06749214
 -0.13479486
 -0.20189218
 -0.26876824
 -0.20177987
 -0.13465973
 -0.06740323
  0.00000007
  0.00000043
  0.00000043
  0.00000001
 -0.08446419
 -0.16869209
 -0.25265369
 -0.33633678
 -0.41975353
 -0.49603979
 -0.56091018
 -0.62356674
 -0.69244417
 -0.64850896
 -0.56182098
 -0.47309603
 -0.39444134
 -0.31967943
 -0.31062028
 -0.34316218
 -0.33423807
 -0.24602283
 -0.15755962
 -0.06898486
 -0.00001645
 -0.00000094
  0.09025160
  0.18051076
  0.27078107
  0.36107227
  0.45139363
  0.54175044
  0.63214179
  0.63347880
  0.54259458
  0.45185283
  0.36125416
  0.27078542
  0.18042988
  0.09017206
  0.00000000
