  0.02310491
  0.02310491
  0.02707657
  0.04795058
  0.09349108
  0.12642916
  0.10663526
  0.07142158
  0.02680823
  0.02313288
  0.02314645
  0.02316423
  0.02318975
  0.02323430
  0.02334363
  0.02206499
  0.02259526
  0.02256746
  0.02203561
  0.02312311
  0.02310828
  0.09386947
  0.10098408
  0.02243996
  0.20854354
  0.43285945
  0.68991553
  0.99188065
  1.34021793
  1.56978544
  1.03615670
  0.85102609
  0.73976117
  0.48393473
  0.24401432
  0.02310491
  0.02310488
  0.07141456
  0.13152836
  0.19281596
  0.13201773
  0.07169555
  0.02310483
  0.02310443
  0.06330563
  0.02310492
  0.06585508
  0.12103585
  0.17823512
  0.23890169
  0.30465988
  0.33256978
  0.24790913
  0.27269473
  0.20497832
  0.13884489
  0.07466331
  0.02310491
  0.02310497
  0.02310497
  0.02310497
  0.02310491
  0.07467802
  0.13416933
  0.19113773
  0.24676889
  0.30224392
  0.41130515
  0.29983590
  0.16388054
  0.12621139
  0.09392878
  0.05005098
  0.02310491
  0.03970866
  0.06313566
  0.08672092
  0.10943262
  0.12990545
  0.15038170
  0.17016717
  0.18933407
  0.20796918
  0.22615796
  0.24398751
  0.26155026
  0.27986052
  0.26839152
  0.25705664
  0.24586948
  0.23483235
  0.22394214
  0.21319178
  0.20257152
  0.19207012
  0.18167557
  0.17137578
  0.16115918
  0.15101512
  0.14093439
  0.13090974
  0.12093667
  0.11101459
  0.10114891
  0.09135446
  0.08166156
  0.07347246
  0.05830824
  0.04632955
  0.03733549
  0.03101874
  0.02687067
  0.02429136
  0.02274550
  0.02186809
  0.02140594
  0.02121752
  0.02125806
  0.02157931
  0.02233844
  0.02310486
  0.02310486
  0.02310486
  0.02310486
  0.02310486
  0.02310486
  0.02310486
  0.02310486
  0.02310486
  0.02310486
  0.02310486
  0.02310486
  0.02310486
  0.02310486
  0.02310486
  0.02310488
  0.03210962
  0.03432266
  0.02310490
  0.04295396
  0.07436193
  0.11033481
  0.15077927
  0.11970829
  0.08641516
  0.05123144
  0.02310490
  0.02310484
  0.02310484
  0.02310490
  0.08458582
  0.16417156
  0.25165590
  0.34854554
  0.41684018
  0.43789991
  0.50151582
  0.61666815
  0.80451456
  0.77810910
  0.63866563
  0.44011364
  0.32885277
  0.27824604
  0.26787391
  0.28948500
  0.27588617
  0.19319991
  0.12028935
  0.05663105
  0.02310842
  0.02310510
  0.02633713
  0.03855348
  0.04945965
  0.05884356
  0.06677254
  0.07328117
  0.07835803
  0.07047856
  0.05292433
  0.03925886
  0.02898502
  0.02251047
  0.02078305
  0.02215953
