 -1.57000000
 -1.57000000
 -1.57000000
 -1.57294485
 -1.58491305
 -1.61258670
 -1.65139584
 -1.68351592
 -1.70369939
 -1.70658958
 -1.70662304
 -1.70667300
 -1.70674454
 -1.70684755
 -1.70700721
 -1.70732408
 -1.70582688
 -1.70518559
 -1.70449408
 -1.70006193
 -1.70008464
 -1.70008891
 -1.64119638
 -1.57826897
 -1.57715312
 -1.64370416
 -1.78603761
 -2.01521432
 -2.34640628
 -2.79527975
 -3.32170982
 -3.66785990
 -3.95146586
 -4.19748232
 -4.35707093
 -4.43560534
 -4.43560534
 -4.43560531
 -4.45579462
 -4.49632682
 -4.55756449
 -4.59826202
 -4.61854711
 -4.61854702
 -4.61854648
 -4.63595998
 -4.63596000
 -4.59641216
 -4.51667900
 -4.39532987
 -4.22994062
 -4.01695361
 -3.77659087
 -3.59508926
 -3.40843532
 -3.27045002
 -3.17968560
 -3.13469028
 -3.13469028
 -3.13469036
 -3.13469043
 -3.13469050
 -3.13469051
 -3.08929837
 -3.00024939
 -2.86850641
 -2.69418117
 -2.47648223
 -2.18373278
 -1.96880127
 -1.84626392
 -1.75403748
 -1.68860419
 -1.65766728
 -1.65766728
 -1.66656714
 -1.68391108
 -1.70929392
 -1.74235968
 -1.78234345
 -1.82924515
 -1.88283119
 -1.94289255
 -2.00924955
 -2.08175141
 -2.16027676
 -2.24473547
 -2.33538008
 -2.42215002
 -2.50509059
 -2.58425168
 -2.65968398
 -2.73143709
 -2.79955820
 -2.86409120
 -2.92507612
 -2.98254886
 -3.03654111
 -3.08708044
 -3.13419052
 -3.17789133
 -3.21819955
 -3.25512885
 -3.28869026
 -3.31889254
 -3.34574251
 -3.36924535
 -3.38988124
 -3.40518090
 -3.41604653
 -3.42324845
 -3.42745753
 -3.42926852
 -3.42921710
 -3.42778299
 -3.42542755
 -3.42258332
 -3.41966137
 -3.41705706
 -3.41515501
 -3.41433341
 -3.41433337
 -3.41433333
 -3.41433329
 -3.41433324
 -3.41433320
 -3.41433316
 -3.41433311
 -3.41433307
 -3.41433302
 -3.41433298
 -3.41433293
 -3.41433289
 -3.41433284
 -3.41433279
 -3.41433275
 -3.41433272
 -3.41972851
 -3.42607306
 -3.42607305
 -3.43569482
 -3.45585897
 -3.48756913
 -3.53216564
 -3.56673044
 -3.59058607
 -3.60295760
 -3.60295759
 -3.60295753
 -3.60295747
 -3.60295746
 -3.62557049
 -3.67272096
 -3.74667926
 -3.85017741
 -3.97525577
 -4.10825025
 -4.26119827
 -4.44905457
 -4.69275714
 -4.92722254
 -5.11928736
 -5.25238029
 -5.35158829
 -5.43464694
 -5.51452678
 -5.60130295
 -5.68395845
 -5.74095519
 -5.77519628
 -5.78928110
 -5.78928426
 -5.78928443
 -5.77377532
 -5.74472617
 -5.70392278
 -5.65301748
 -5.59357714
 -5.52713075
 -5.45521958
 -5.39179037
 -5.34725854
 -5.31745531
 -5.29893238
 -5.28874410
 -5.28428809
 -5.28318531
