  0.00000000
  0.00000000
  0.00000000
  0.00000000
  0.00000000
  0.00000000
  0.00000000
  0.00000000
  0.00000000
  0.00000000
  0.00000000
  0.00000000
  0.00000000
  0.00000000
  0.00000000
  0.00000000
  0.00000000
  0.00000000
  0.00000000
  0.00000000
  0.00000000
  0.00000000
  0.00000000
  0.00000000
  0.00000000
  0.00000000
  0.00000000
  0.00000000
  0.00000000
  0.00000000
  0.00000000
  0.00000000
  0.00000000
  0.00000000
  0.00000000
  0.00000000
  0.00000000
  0.00000000
  0.00000000
  0.00000000
  0.00000000
  0.00000000
  0.00000000
  0.00000000
  0.00000000
  0.00000000
  0.00000000
  0.00000000
  0.00000000
  0.00000000
  0.00000000
  0.00000000
  0.00000000
  0.00000000
  0.00000000
  0.00000000
  0.02268018
  0.06488016
  0.11051139
  0.15960744
  0.21239871
  0.26931834
  0.33136494
  0.38978043
  0.43848231
  0.48637229
  0.53318020
  0.56654008
  0.58625292
  0.60345719
  0.61860521
  0.63285202
  0.64408226
  0.67885227
  0.77199003
  0.72347227
  0.67383776
  0.62701666
  0.58421631
  0.53502677
  0.49612178
  0.47214638
  0.44612509
  0.41732466
  0.38517156
  0.34884285
  0.28835903
  0.21757270
  0.15409713
  0.09717530
  0.04599174
