  0.00000000
  0.00000000
  0.03318183
  0.06637321
  0.09958812
  0.13281840
  0.16605980
  0.19930994
  0.23256852
  0.27096096
  0.30503087
  0.33905898
  0.37307312
  0.40870044
  0.44398716
  0.47938317
  0.51502316
  0.54790055
  0.58249448
  0.61741067
  0.65283589
  0.68900497
  0.72346324
  0.65754609
  0.67092753
  0.78425370
  0.85865992
  0.80759399
  0.83390552
  0.89165154
  0.86378810
  0.84009118
  0.80676905
  0.77526264
  0.74582053
  0.71487631
  0.68281520
  0.65154499
  0.61978303
  0.56826419
  0.54213233
  0.51396138
  0.48545815
  0.53784828
  0.49177898
  0.40819721
  0.36934360
  0.33019014
  0.29118576
  0.25863444
  0.22775806
  0.18047695
  0.13651175
  0.09485719
  0.05479787
  0.01589370
 -0.02264736
 -0.06157285
 -0.09957388
 -0.13659396
 -0.17248954
 -0.20706229
 -0.24027702
 -0.27768044
 -0.31239136
 -0.34654961
 -0.38001455
 -0.41883457
 -0.45814696
 -0.49698831
 -0.53573436
 -0.57552509
 -0.61331648
 -0.65120888
 -0.74560215
 -0.70209328
 -0.65801478
 -0.61371442
 -0.56910728
 -0.52561087
 -0.48116340
 -0.43714561
 -0.39335437
 -0.34969048
 -0.30605434
 -0.26244843
 -0.21911792
 -0.17491839
 -0.13089951
 -0.08711334
 -0.04351199
