 -1.00000000
 -1.00000000
 -1.00000000
 -0.99937022
 -0.99856287
 -0.99773325
 -0.99686420
 -0.99593457
 -0.99491801
 -0.99378262
 -0.99339841
 -1.00909027
 -1.04459663
 -1.10367495
 -1.18438073
 -1.24938562
 -1.29470745
 -1.31709003
 -1.31288615
 -1.28042405
 -1.21455858
 -1.10940797
 -0.95835132
 -0.77569281
 -0.65093465
 -0.55643322
 -0.47307361
 -0.42673618
 -0.42701648
 -0.42797514
 -0.42916715
 -0.43076527
 -0.43226716
 -0.39354836
 -0.32551116
 -0.27608680
 -0.22909435
 -0.15985380
 -0.06659098
  0.00497344
  0.04187923
  0.06116227
  0.07406953
  0.08409265
  0.08419680
  0.05370558
  0.00221549
 -0.06738342
 -0.15199309
 -0.24872728
 -0.35732855
 -0.45268187
 -0.51145611
 -0.54524149
 -0.56221627
 -0.56860633
 -0.56952938
 -0.56949520
 -0.57294031
 -0.58433356
 -0.60830593
 -0.64987798
 -0.71472804
 -0.80961129
 -0.92638211
 -1.05772685
 -1.20337548
 -1.36292303
 -1.51678295
 -1.65022667
 -1.76113176
 -1.84745557
 -1.90717112
 -1.93921881
 -1.96801401
 -1.99550138
 -2.01777116
 -2.03425343
 -2.04810993
 -2.06384850
 -2.07365673
 -2.05807508
 -2.02161595
 -1.96664644
 -1.89619416
 -1.81378038
 -1.72378619
 -1.65166004
 -1.60722847
 -1.58306428
 -1.57258307
 -1.57000000
