  0.00000000
  0.00000000
  0.03378641
  0.06714827
  0.10038456
  0.13365269
  0.16695225
  0.20028584
  0.23365849
  0.27132980
  0.32009506
  0.37314508
  0.42978831
  0.48617800
  0.50639186
  0.52289213
  0.53651043
  0.55193627
  0.61365809
  0.68064152
  0.75378047
  0.83401935
  0.89881541
  0.77731393
  0.76164891
  0.86427892
  0.90314384
  0.80786308
  0.83482584
  0.89279587
  0.86532230
  0.84153299
  0.84393909
  0.84057836
  0.79326792
  0.75998906
  0.74928612
  0.74107730
  0.68848493
  0.60369375
  0.56064404
  0.52635234
  0.49508035
  0.53794826
  0.52105055
  0.45762770
  0.43615856
  0.41141542
  0.38405058
  0.36289165
  0.31929725
  0.23690022
  0.16894571
  0.11115299
  0.06093233
  0.01677983
  0.00000000
  0.00000000
  0.00000000
  0.00000000
  0.00000000
  0.00000000
  0.00000000
  0.00000000
  0.00000000
  0.00000000
  0.00000000
  0.00000000
  0.00000000
  0.00000000
  0.00000000
  0.00000000
  0.00000000
  0.00000000
  0.00000000
  0.00000000
  0.00000000
  0.00000000
  0.00000000
  0.00000000
  0.00000000
  0.00000000
  0.00000000
  0.00000000
  0.00000000
  0.00000000
  0.00000000
  0.00000000
  0.00000000
  0.00000000
  0.00000000
