  3.50000000
  3.50000000
  3.50000000
  3.51792822
  3.55382498
  3.60775305
  3.67976830
  3.76992853
  3.87829709
  4.00494731
  4.15276291
  4.31926265
  4.49985594
  4.68723220
  4.87127735
  5.03860314
  5.19004288
  5.33043552
  5.46795496
  5.61652628
  5.79329650
  6.02097345
  6.32771271
  6.74360991
  7.21305593
  7.74679089
  8.41273551
  9.17709076
  9.91226116
 10.67128675
 11.48251903
 12.26797306
 13.03131952
 13.76388116
 14.47987870
 15.18653484
 15.87433946
 16.53931519
 17.18255355
 17.80096297
 18.36922148
 18.91088190
 19.42388706
 19.90801982
 20.44397493
 20.93401861
 21.34163292
 21.71098045
 22.04042520
 22.32825697
 22.57893429
 22.79230719
 22.95460656
 23.07364934
 23.15475217
 23.20111482
 23.21450698
 23.19543348
 23.14357735
 23.05990300
 22.94597112
 22.80442135
 22.63956498
 22.45808813
 22.26654692
 22.07888092
 21.90877264
 21.77226488
 21.68582379
 21.66108871
 21.70052284
 21.80187728
 21.95907835
 22.16151403
 22.39604309
 22.68448254
 22.97378162
 23.25820167
 23.53255852
 23.79400335
 24.04278374
 24.27467262
 24.47935425
 24.65074005
 24.78557811
 24.88341929
 24.94656438
 24.97995656
 24.99408569
 24.99885358
 24.99992226
 25.00000000
