 25.53061224
 25.53061224
 25.53061224
 25.50269070
 25.44686216
 25.36313906
 25.25153918
 25.11208672
 24.94481237
 24.74975381
 24.52266266
 24.26708162
 23.98011985
 23.65751531
 23.29259965
 22.88134950
 22.42651520
 21.93099651
 21.40063491
 20.83740636
 20.24584214
 19.63399420
 19.01703480
 18.42506461
 17.96464365
 17.55810836
 17.14389592
 16.75266918
 16.41840437
 16.07303639
 15.70297535
 15.34354202
 14.99274889
 14.65476933
 14.35748155
 14.11897399
 13.92410494
 13.76904156
 13.66533303
 13.62409102
 13.62691635
 13.64961367
 13.68102807
 13.71695124
 13.76212538
 13.80348094
 13.82539009
 13.82620542
 13.80396986
 13.75987876
 13.69620674
 13.61654035
 13.53760108
 13.47078363
 13.42158656
 13.39237433
 13.38381492
 13.39602604
 13.42922555
 13.48320422
 13.55855473
 13.65712825
 13.78241920
 13.93989979
 14.14094642
 14.39068962
 14.69262045
 15.04727494
 15.45709725
 15.91457937
 16.41000287
 16.93606347
 17.48970361
 18.06864827
 18.67615894
 19.36370917
 20.00342867
 20.59679930
 21.14577444
 21.65127389
 22.11428049
 22.53587955
 22.92214593
 23.27620041
 23.59884903
 23.88884277
 24.14358161
 24.36014021
 24.53448702
 24.66529966
 24.75240645
 24.79591837
