  0.00000000
  0.71862566
  0.71935621
  0.71900503
  0.71742910
  0.71415389
  0.70792656
  0.69880060
  0.68680920
  0.67338002
  0.66006584
  0.64874736
  0.63418744
  0.62380925
  0.61332465
  0.59818265
  0.57347439
  0.56047060
  0.53971571
  0.51988206
  0.50499286
  0.47325256
  0.43001837
  0.38250883
  0.33498377
  0.27904018
  0.22715416
 -0.01901395
 -0.09612521
 -0.13329578
 -0.17726028
 -0.22409054
 -0.27118232
 -0.37059316
 -0.52003500
 -0.61926881
 -0.66166077
 -0.68538815
 -0.69863061
 -0.70744108
 -0.71373257
 -0.71885512
 -0.72195494
 -0.72481422
 -0.72701907
 -0.72889069
 -0.73030745
 -0.73140137
 -0.73228003
 -0.73295453
 -0.73335435
 -0.73306190
 -0.73258522
 -0.73383632
 -0.73493509
 -0.73549754
 -0.73574923
 -0.73532209
 -0.73428406
 -0.73239556
 -0.72902029
 -0.72237263
 -0.71088037
 -0.67911956
 -0.45764278
  0.58796863
  0.67070629
  0.69714936
  0.71160457
  0.72052560
  0.72638145
  0.73036889
  0.73309270
  0.73506625
  0.73653698
  0.73766025
  0.73861659
  0.00000000
