  0.00105667
  0.22015435
  0.22006287
  0.21997151
  0.21987339
  0.21976746
  0.21967541
  0.21973362
  0.21976665
  0.21981128
  0.21985083
  0.21987196
  0.21986348
  0.21987409
  0.21987786
  0.21988023
  0.21988199
  0.21988314
  0.21988356
  0.21988274
  0.21988318
  0.21988452
  0.21988422
  0.21988372
  0.21988423
  0.21987495
  0.21987111
  0.21058720
  0.20797018
  0.20561695
  0.21631778
  0.21372797
  0.21302099
  0.21002848
  0.22308622
  0.22537191
  0.21142257
  0.22850709
  0.23075277
  0.23056980
  0.23041874
  0.22576469
  0.22956714
  0.24998884
  0.24997897
  0.24972335
  0.24827565
  0.24038951
  0.23500710
  0.23111166
  0.22812050
  0.22567923
  0.22353547
  0.22154063
  0.21953944
  0.21741021
  0.21504726
  0.21236313
  0.20930007
  0.21186950
  0.21079303
  0.21068560
  0.21272872
  0.19342468
  0.24726490
  0.24996269
  0.24999749
  0.24999749
  0.24999749
  0.24999749
  0.24999749
  0.24999749
  0.24999749
  0.24999749
  0.24999749
  0.24999750
  0.24999750
