  0.00000000
  0.00000000
  0.05768998
  0.11602517
  0.17637432
  0.23934781
  0.30281281
  0.30618933
  0.24149917
  0.17650460
  0.11444530
  0.05453159
 -0.00461143
 -0.04963436
 -0.09103415
 -0.12787728
 -0.15067016
 -0.13664177
 -0.10376859
 -0.06328375
 -0.01803634
  0.03536917
  0.08342486
  0.11862767
  0.09572857
  0.04865746
 -0.00651235
 -0.00396207
  0.05394392
  0.11006776
  0.16293883
  0.20621145
  0.20769550
  0.17379286
  0.13334501
  0.09484708
  0.06471928
  0.04497968
  0.06039106
  0.09786513
  0.14586323
  0.20001354
  0.25195850
  0.31484048
  0.37700455
  0.40482070
  0.40849778
  0.40936482
  0.40896158
  0.40538968
  0.36544390
  0.29720597
  0.23037593
  0.16795180
  0.10949305
  0.05450827
  0.00213972
 -0.05903202
 -0.12178137
 -0.18802048
 -0.25982198
 -0.33859266
 -0.29196789
 -0.21954834
 -0.15261461
 -0.09291745
 -0.03375229
  0.00553476
  0.01022193
  0.01169930
  0.01302155
  0.01472766
  0.01749729
  0.02242625
  0.03094099
  0.04164472
  0.03986357
