  0.02310491
  0.02310491
  0.02566765
  0.03821978
  0.06796409
  0.11506758
  0.18086397
  0.18854259
  0.16707345
  0.13535257
  0.09310505
  0.04132128
  0.02353212
  0.02060548
  0.02180103
  0.02209657
  0.02218991
  0.02217077
  0.02199470
  0.02128197
  0.02666972
  0.02477647
  0.02460386
  0.02509281
  0.03493221
  0.02284400
  0.02307455
  0.10345393
  0.25363143
  0.39055615
  0.30106013
  0.24038613
  0.23904026
  0.28288080
  0.42047032
  0.32472128
  0.16968970
  0.11575979
  0.22018899
  0.31318611
  0.39724217
  0.46488909
  0.45156648
  0.56264126
  0.49650467
  0.43086184
  0.36458253
  0.22818606
  0.13856130
  0.07897466
  0.04224138
  0.02641960
  0.02308829
  0.02523876
  0.03664384
  0.06407261
  0.10682736
  0.16444516
  0.23891825
  0.30332331
  0.34359536
  0.31687647
  0.28183305
  0.21704560
  0.22089763
  0.14718139
  0.05105995
  0.02388289
  0.02163866
  0.02221985
  0.02232339
  0.02228544
  0.02209258
  0.02115361
  0.02465496
  0.02410331
  0.02116831
