  0.02310491
  0.02310491
  0.02155033
  0.02142727
  0.02908204
  0.04326811
  0.06311305
  0.06513294
  0.05835715
  0.04859364
  0.03583134
  0.02161935
  0.05022346
  0.02905743
  0.02487635
  0.02436676
  0.02422162
  0.02424852
  0.02452281
  0.02597187
  0.02103194
  0.02183977
  0.02193874
  0.02166335
  0.02032803
  0.02337859
  0.02313493
  0.03658980
  0.07790346
  0.11607727
  0.09128686
  0.07499552
  0.07496997
  0.08769443
  0.12615972
  0.09972905
  0.05660894
  0.04119098
  0.07119078
  0.09831258
  0.12318467
  0.14377546
  0.14052313
  0.17322690
  0.15488533
  0.13642131
  0.11750464
  0.07713435
  0.05030105
  0.03233024
  0.02217743
  0.02127363
  0.02312185
  0.02177309
  0.02148788
  0.02911107
  0.04363231
  0.06386287
  0.09053001
  0.11466078
  0.13070443
  0.12282735
  0.11172311
  0.08772443
  0.09373219
  0.06597300
  0.02776587
  0.02248167
  0.02599498
  0.02430862
  0.02411169
  0.02416422
  0.02449522
  0.03191439
  0.04861518
  0.04758216
  0.02707227
