  0.00000000
  0.00000000
  0.03267346
  0.06529883
  0.09788623
  0.13045284
  0.16311767
  0.19578825
  0.22850192
  0.26130625
  0.29297013
  0.32535805
  0.35783386
  0.39057068
  0.42312706
  0.45576205
  0.48804698
  0.52059145
  0.55361244
  0.58561131
  0.61821963
  0.65099266
  0.68375033
  0.71670267
  0.74950617
  0.78199048
  0.79972338
  0.76738394
  0.73513635
  0.70113222
  0.73199257
  0.76405993
  0.79667917
  0.68801636
  0.73093968
  0.88940517
  0.26634102
  0.26523800
  0.26474519
  0.26440371
  0.26417496
  0.26401608
  0.26393320
  0.26392141
  0.26398111
  0.27199715
  0.27286307
  0.27269571
  0.27221107
  0.27171398
  0.27054034
  0.26898176
  0.26714978
  0.26514980
  0.26304988
  0.26063393
  0.25671008
  0.23401807
  0.19503245
  0.17186715
  0.15948874
  0.15468245
  0.15596472
  0.16288173
  0.17563581
  0.19443859
  0.21235001
  0.21463154
  0.21229722
  0.21066890
  0.20851565
  0.20652304
  0.20456424
  0.20285413
  0.20176299
  0.20271478
  0.20211318
  0.20081525
  0.19938884
  0.19801387
  0.19644793
  0.19490869
  0.19313105
  0.19146290
  0.18961685
  0.18787107
  0.18619758
  0.18451809
  0.18283794
  0.18119720
  0.17954966
  0.17788192
  0.17618311
  0.17449878
  0.17282650
  0.17116177
  0.16950104
  0.16784172
  0.16618212
  0.16452200
  0.16285047
  0.16114451
  0.15945006
  0.15775393
  0.15604755
  0.15433067
  0.15260697
  0.15088176
  0.14916243
  0.14746291
  0.14578070
  0.14404641
  0.14240301
  0.14079325
  0.13917223
  0.13757003
  0.13596035
  0.13436618
  0.13279455
  0.13125972
  0.12979474
  0.12845249
  0.12763115
  0.12043011
  0.11785605
  0.11577024
  0.11388174
  0.11204992
  0.11026388
  0.10850166
  0.10675200
  0.10500449
  0.10325686
  0.10151188
  0.09976607
  0.09802102
  0.09627163
  0.09452268
  0.09277416
  0.09102487
  0.08927588
  0.08752706
  0.08577830
  0.08402951
  0.08228056
  0.08053136
  0.07878181
  0.07702898
  0.07527591
  0.07352244
  0.07176850
  0.07001347
  0.06825783
  0.06650150
  0.06474440
  0.06298646
  0.06122758
  0.05945893
  0.05768993
  0.05592057
  0.05415131
  0.05238222
  0.05061344
  0.04884514
  0.04707760
  0.04530806
  0.04354037
  0.04177563
  0.03998503
  0.03818241
  0.03638692
  0.03460126
  0.03282838
  0.03107054
  0.02932501
  0.02763080
  0.02619109
  0.02395865
  0.02198686
  0.02009016
  0.01826050
  0.01648032
  0.01471509
  0.01299019
  0.01111836
  0.00915126
  0.00727230
  0.00542655
  0.00360076
  0.00178635
 -0.00002942
 -0.00185740
 -0.00370901
 -0.00562900
 -0.00738966
 -0.00919039
 -0.01109362
 -0.05856848
 -0.09647110
 -0.13438567
 -0.17367945
 -0.23342600
 -0.28007692
 -0.32721654
 -0.28041886
 -0.23356902
 -0.18672266
 -0.13988606
 -0.09306537
 -0.04627253
  0.00045683
  0.04720610
  0.09382900
  0.13912814
  0.17704513
  0.20704881
  0.24709898
  0.20030037
  0.15349724
  0.10666068
  0.05983923
  0.01304351
 -0.03370111
 -0.08052599
 -0.12736577
 -0.17419889
 -0.22101853
 -0.26783425
 -0.22101866
 -0.17417354
 -0.12732564
 -0.08047780
 -0.03363109
  0.01321347
  0.06005462
  0.10688993
  0.15371349
  0.20052954
  0.24734460
  0.29414232
  0.28097089
  0.23416666
  0.18732573
  0.14048660
  0.09365152
  0.04682198
