  0.01155245
  0.01155245
  0.03486897
  0.06562695
  0.09793307
  0.13045948
  0.16311861
  0.19578838
  0.22850194
  0.26130625
  0.29297013
  0.32535805
  0.35783386
  0.39057068
  0.42312706
  0.45576205
  0.48804698
  0.52059145
  0.55361244
  0.58561131
  0.61821963
  0.65099266
  0.68375033
  0.71670267
  0.74950617
  0.78199048
  0.79972338
  0.76738394
  0.73513635
  0.70113222
  0.73199257
  0.76405993
  0.79667917
  0.68801636
  0.73093968
  0.88940517
  0.26634102
  0.26523800
  0.26474519
  0.26440372
  0.26417497
  0.26401608
  0.26393320
  0.26392141
  0.26398112
  0.27199716
  0.27286308
  0.27269571
  0.27221107
  0.27171398
  0.27054034
  0.26898176
  0.26714978
  0.26514980
  0.26304988
  0.26063393
  0.25671008
  0.23401809
  0.19503258
  0.17186771
  0.15948991
  0.15468400
  0.15596616
  0.16288268
  0.17563625
  0.19443873
  0.21235005
  0.21463158
  0.21229727
  0.21066896
  0.20851572
  0.20652310
  0.20456431
  0.20285421
  0.20176308
  0.20271487
  0.20211327
  0.20081535
  0.19938895
  0.19801398
  0.19644806
  0.19490883
  0.19313121
  0.19146307
  0.18961704
  0.18787128
  0.18619782
  0.18451835
  0.18283823
  0.18119752
  0.17955001
  0.17788230
  0.17618354
  0.17449925
  0.17282703
  0.17116235
  0.16950168
  0.16784243
  0.16618290
  0.16452286
  0.16285142
  0.16114557
  0.15945123
  0.15775522
  0.15604898
  0.15433225
  0.15260872
  0.15088371
  0.14916459
  0.14746530
  0.14578335
  0.14404935
  0.14240626
  0.14079683
  0.13917616
  0.13757436
  0.13596512
  0.13437143
  0.13280032
  0.13126605
  0.12980165
  0.12845998
  0.12763902
  0.12044223
  0.11787020
  0.11578627
  0.11389969
  0.11206995
  0.11028618
  0.10852645
  0.10677953
  0.10503505
  0.10329080
  0.10154956
  0.09980792
  0.09806748
  0.09632322
  0.09457996
  0.09283777
  0.09109551
  0.08935431
  0.08761415
  0.08587500
  0.08413686
  0.08239975
  0.08066369
  0.07892872
  0.07719211
  0.07545703
  0.07372353
  0.07199176
  0.07026134
  0.06853301
  0.06680698
  0.06508350
  0.06336287
  0.06164535
  0.05992283
  0.05820498
  0.05649234
  0.05478591
  0.05308640
  0.05139464
  0.04971155
  0.04803820
  0.04637289
  0.04472022
  0.04308222
  0.04143355
  0.03978865
  0.03816643
  0.03657056
  0.03500485
  0.03347243
  0.03197206
  0.03053770
  0.02933695
  0.02751042
  0.02593561
  0.02445738
  0.02306764
  0.02175167
  0.02048384
  0.01928234
  0.01802207
  0.01674844
  0.01558214
  0.01448562
  0.01344988
  0.01246955
  0.01153775
  0.01064962
  0.00980091
  0.00897448
  0.00826387
  0.00758287
  0.00691210
  0.00048899
  0.00005098
  0.00000525
  0.00000050
  0.00000001
  0.00000000
  0.00000000
  0.00000000
  0.00000001
  0.00000023
  0.00000377
  0.00006251
  0.00100673
  0.01178244
  0.04815952
  0.09388872
  0.13913209
  0.17704554
  0.20704888
  0.24709899
  0.20030047
  0.15349891
  0.10668836
  0.06029281
  0.01931891
  0.00207205
  0.00013237
  0.00000800
  0.00000048
  0.00000003
  0.00000000
  0.00000003
  0.00000048
  0.00000802
  0.00013276
  0.00208025
  0.01943573
  0.06050246
  0.10691723
  0.15371514
  0.20052964
  0.24734460
  0.29414232
  0.28097089
  0.23416667
  0.18732595
  0.14049024
  0.09371187
  0.04779699
