  0.01155356
  0.01155356
  0.04014228
  0.08065841
  0.12679514
  0.17782748
  0.23448521
  0.27282285
  0.30207109
  0.32826261
  0.35134177
  0.37111796
  0.41029915
  0.43869535
  0.47265634
  0.50857326
  0.54473145
  0.58100805
  0.61744861
  0.65457935
  0.69121031
  0.72637654
  0.76252072
  0.79907417
  0.83970807
  0.87042870
  0.90653128
  0.92875570
  0.92740322
  0.92506231
  0.90860767
  0.84720660
  0.81044852
  0.77957792
  0.82776167
  0.77000881
  0.64769365
  0.64409824
  0.64158734
  0.62925094
  0.61475388
  0.58692962
  0.55228184
  0.58030890
  0.51447007
  0.44819620
  0.38029795
  0.28521654
  0.21024887
  0.14804229
  0.09486858
  0.04942909
  0.01585942
  0.00276252
  0.00035488
  0.00004564
  0.00000626
  0.00000094
  0.00000015
  0.00000002
  0.00000000
  0.00000000
  0.00000000
  0.00000000
  0.00000000
  0.00000000
  0.00000000
  0.00000000
  0.00000000
  0.00000000
  0.00000000
  0.00000000
  0.00000001
  0.00000022
  0.00000391
  0.00006728
  0.00103064
