  0.00000000
  0.00000000
  0.17520449
  0.35022611
  0.52491865
  0.69901919
  0.87213983
  1.04372106
  1.21373785
  1.38114997
  1.54539774
  1.70653114
  1.86513936
  2.01373659
  2.15857370
  2.30066102
  2.43911087
  2.57109054
  2.69979203
  2.82353661
  2.94316342
  3.06241887
  3.17203792
  3.26967105
  3.35563028
  3.43284914
  3.49947036
  3.55118490
  3.54657635
  3.52377749
  3.49319241
  3.45387246
  3.40527389
  3.34556500
  3.25994718
  3.13416065
  2.98226649
  2.81955112
  2.65076009
  2.47875044
  2.30452349
  2.12873023
  1.95160645
  1.77403829
  1.59567531
  1.41693155
  1.23773400
  1.05831959
  0.87873916
  0.69903265
  0.51924957
  0.33944377
  0.15980276
 -0.01985406
 -0.19990697
 -0.38016541
 -0.56058927
 -0.74284588
 -0.92496133
 -1.10679763
 -1.28813241
 -1.46857643
 -1.64723649
 -1.82310124
 -1.99106780
 -2.10388184
 -1.95856363
 -1.79267040
 -1.62062516
 -1.44504547
 -1.26724748
 -1.08795880
 -0.90766729
 -0.72677049
 -0.54545688
 -0.36387499
 -0.18210543
  0.00000000
