  6.99183673
  6.99183673
  6.99183673
  6.99183673
  6.99204599
  6.99361681
  6.99951225
  7.01542581
  7.05070007
  7.11442923
  7.21029568
  7.33895374
  7.49803611
  7.67382712
  7.86103521
  8.05057311
  8.22976065
  8.38224957
  8.49405872
  8.56192348
  8.59155744
  8.59469351
  8.58900286
  8.60129341
  8.65792219
  8.78444859
  8.97796621
  9.19678963
  9.42892467
  9.65300496
  9.90351882
 10.20812567
 10.58696559
 11.06117159
 11.63696111
 12.28952295
 12.96749805
 13.63776560
 14.28502551
 14.90046945
 15.48369356
 16.03501852
 16.55305512
 17.03240309
 17.46793508
 17.85195144
 18.17871642
 18.44630424
 18.65792094
 18.81926228
 18.93702620
 19.01782820
 19.06757612
 19.09023037
 19.08745095
 19.05943802
 19.00574687
 18.92522033
 18.81848929
 18.68764222
 18.53743545
 18.37663803
 18.22003818
 18.09077164
 17.99950653
 17.94815777
 17.93261189
 17.94153385
 17.95691079
 17.96983115
 17.97989638
 17.98742120
 17.99278858
 17.99637912
 17.99855047
 17.99963865
 17.99999115
 18.00000000
