  0.00000000
  0.00000000
  0.04159183
  0.04848935
  0.04053864
  0.03258003
  0.02698232
  0.02246797
  0.01731029
  0.00333190
 -0.05657893
 -0.11649571
 -0.16965199
 -0.11543444
 -0.05594497
  0.00366042
  0.01837918
  0.02257035
  0.02932072
  0.04400742
  0.06358890
  0.07159676
  0.04302224
 -0.00586449
 -0.00563639
 -0.00320213
 -0.00237089
 -0.00238532
 -0.00018702
  0.06241680
  0.12697495
  0.19569535
  0.26963134
  0.35046396
  0.42035865
  0.35082051
  0.27093104
  0.19585984
  0.12703579
  0.06242057
 -0.00022089
 -0.00204521
 -0.00041705
  0.06158350
  0.12522909
  0.12459315
  0.06110060
 -0.00082081
 -0.00262225
 -0.00076061
  0.06073388
  0.12368848
  0.18947729
  0.25850650
  0.30423256
  0.28470832
  0.24448899
  0.19558115
  0.14906647
  0.10688973
  0.06763721
  0.02730863
 -0.02195240
  0.00994597
 -0.04123355
 -0.08186223
 -0.11472192
 -0.14241769
 -0.16119812
 -0.17907329
 -0.19301714
 -0.20435881
 -0.21021161
 -0.21601905
 -0.22037927
 -0.22156992
 -0.22652995
 -0.23628520
 -0.24616724
 -0.25155411
 -0.24837707
 -0.24514664
 -0.23573648
 -0.22160527
 -0.20955012
 -0.20199890
 -0.19197708
 -0.18104012
 -0.16932495
 -0.15728516
 -0.14458875
 -0.13104031
 -0.11569135
 -0.09733692
 -0.07690063
 -0.05214426
 -0.01817448
  0.03104862
  0.05815814
  0.03038407
 -0.01785995
 -0.04232415
 -0.03881994
 -0.01020771
  0.04251175
  0.09014354
  0.13101241
  0.16284990
  0.17758839
  0.15743956
  0.11755367
  0.07828316
  0.04341699
  0.00084670
 -0.06120095
 -0.12511126
 -0.19304395
 -0.26760792
 -0.35207377
 -0.41924908
 -0.41963369
 -0.41943680
 -0.41931477
 -0.41904048
 -0.41816716
 -0.34389216
 -0.26204256
 -0.18922901
 -0.12255991
 -0.05965220
  0.00150718
  0.00980261
  0.02686407
  0.02103470
 -0.01376007
  0.02889178
  0.04606257
  0.03665400
 -0.00221336
  0.05811159
  0.11986916
  0.18489213
  0.25345638
  0.32831492
  0.40516695
  0.41714322
  0.41711494
  0.41737271
  0.41833500
  0.41700294
  0.41706194
  0.41650970
  0.41532603
  0.40183943
  0.32409041
  0.24899599
  0.18083414
  0.11798789
  0.05854229
