  0.02310491
  0.02310491
  0.02523839
  0.03114101
  0.03660292
  0.03961418
  0.04128111
  0.04320259
  0.04640332
  0.04957978
  0.03896675
  0.02216498
  0.02597687
  0.02429538
  0.02311835
  0.02308165
  0.02421727
  0.02391577
  0.06124573
  0.05983618
  0.05096630
  0.04843876
  0.05028664
  0.05182425
  0.02276373
  0.03962291
  0.03649665
  0.03662633
  0.12714988
  0.25603836
  0.37073958
  0.47309102
  0.56632847
  0.60775866
  0.52382110
  0.52774945
  0.61347287
  0.69932850
  0.77722635
  0.76296725
  0.68564696
  0.60050608
  0.50914406
  0.50629294
  0.50925136
  0.41573151
  0.31376871
  0.20228118
  0.08067152
  0.02784159
  0.02110357
  0.02086824
  0.02057812
  0.02193173
  0.05564860
  0.08829190
  0.11832809
  0.14604153
  0.16088969
  0.13481076
  0.10657308
  0.13242525
  0.10730434
  0.10586093
  0.12265796
  0.16129113
  0.18652725
  0.16217022
  0.13618371
  0.10847396
  0.07870870
  0.04672381
  0.02029452
  0.02021474
  0.02754415
  0.06081525
  0.09262939
  0.12207919
  0.14920781
  0.12922125
  0.15602099
  0.18292525
  0.20872219
  0.16284166
  0.13867101
  0.13096973
  0.12671236
  0.09240150
  0.05300723
  0.03243236
  0.19429460
  0.34641679
  0.48805735
  0.55359738
  0.74553728
  0.89945619
  0.87706956
  0.80151465
  0.72183517
  0.64632398
  0.57723676
  0.51378692
  0.45463344
  0.39855668
  0.35668726
  0.23110153
  0.14590796
  0.08737251
  0.04898817
  0.02932682
  0.02349799
  0.02352817
  0.02890802
  0.04560706
  0.07640251
  0.11969700
  0.17565335
  0.24693438
  0.28736729
  0.40030931
  0.34274232
  0.22736659
  0.13718082
  0.07687882
  0.04064142
  0.02590864
