task_id 2

[x]
1 2.897310510000
2 2.897310510000
3 2.897310510000
4 2.897343020000
5 2.897554710000
6 2.898570610000
7 2.901373100000
8 2.906956000000
9 2.916147400000
10 2.929640150000
11 2.948139610000
12 2.972525200000
13 3.004046070000
14 3.044393360000
15 3.092908800000
16 3.138857000000
17 3.178286370000
18 3.210948920000
19 3.235454330000
20 3.252075790000
21 3.281381610000
22 3.326166250000
23 3.387188840000
24 3.465138800000
25 3.531332720000
26 3.587261670000
27 3.658104150000
28 3.746759630000
29 3.839043980000
30 3.918953710000
31 4.003804060000
32 4.124258930000
33 4.306025240000
34 4.567210570000
35 4.918715730000
36 5.353434910000
37 5.880745410000
38 6.472088580000
39 7.099604630000
40 7.777529980000
41 8.463355440000
42 9.122736780000
43 9.731584850000
44 10.241827230000
45 10.728098990000
46 11.156385910000
47 11.542653300000
48 11.635156430000
49 11.727079470000
50 11.937098330000
51 12.147001690000
52 12.349949220000
53 12.539049610000
54 12.709942310000
55 12.853418470000
56 12.973959880000
57 13.079139390000
58 13.136816030000
59 13.194259260000
60 13.251810260000
61 13.309474880000
62 13.367265050000
63 13.425194330000
64 13.483278020000
65 13.541533680000
66 13.599981480000
67 13.658990200000
68 13.718422750000
69 13.779421000000
70 13.843549630000
71 13.912423770000
72 13.987670540000
73 14.070937460000
74 14.163889600000
75 14.268146470000
76 14.385327700000
77 14.517040460000
78 14.665638380000
79 14.843863100000
80 15.028167820000
81 15.267052100000
82 15.575281940000
83 15.850467230000
84 16.095190580000
85 16.332284040000
86 16.578374210000
87 16.849399180000
88 17.164024460000
89 17.545790870000
90 17.993195080000
91 18.459068990000
92 18.928892750000
93 19.393677440000
94 19.845538810000
95 20.265082080000
96 20.648118320000
97 21.031297190000
98 21.410819340000
99 21.775205790000
100 22.124129280000
101 22.461342890000
102 22.789704320000
103 23.112322680000
104 23.431477920000
105 23.748046110000
106 24.062205180000
107 24.373987450000
108 24.683354230000
109 24.990186510000
110 25.294197110000
111 25.594509810000
112 25.890212350000
113 26.174009190000
114 26.441432960000
115 26.689242040000
116 26.914049970000
117 27.112294070000
118 27.276717480000
119 27.418632460000
120 27.544176270000
121 27.652547170000
122 27.747754480000
123 27.833573200000
124 27.908230000000
125 27.981502870000
126 28.053977110000
127 28.125643970000
128 28.196487240000
129 28.276159820000
130 28.354150840000
131 28.427007710000
132 28.483662870000
133 28.537494270000
134 28.582353140000
135 28.610816730000
136 28.620536360000
137 28.609546280000
138 28.576233530000
139 28.519388830000
140 28.438288360000
141 28.332764970000
142 28.203282390000
143 28.039607300000
144 27.852046590000
145 27.646490520000
146 27.428471690000
147 27.202815070000
148 26.973856260000
149 26.745184890000
150 26.519834230000
151 26.300289470000
152 26.088549290000
153 25.886147390000
154 25.694313070000
155 25.513912870000
156 25.345496920000
157 25.189318270000
158 25.045418340000
159 24.913668190000
160 24.793785270000
161 24.685367630000
162 24.587921870000
163 24.500877150000
164 24.423612240000
165 24.355493840000
166 24.295862800000
167 24.244041120000
168 24.199245640000
169 24.160806380000
170 24.128340200000
171 24.101095000000
172 24.078473480000
173 24.060017420000
174 24.045384820000
175 24.034329020000
176 24.026680270000
177 24.022329210000
178 24.021212130000
179 24.023297720000
180 24.028576090000
181 24.037053840000
182 24.052243690000
183 24.072748600000
184 24.098421090000
185 24.128998400000
186 24.164061210000
187 24.202991340000
188 24.244924490000
189 24.288699980000
190 24.332800680000
191 24.375286780000
192 24.413739200000
193 24.447450350000
194 24.469417700000
195 24.476361810000
196 24.465723400000
197 24.440731330000
198 24.404856750000
199 24.361297490000
200 24.308686440000
201 24.254401250000
202 24.201884860000
203 24.153398330000
204 24.110419520000
205 24.073887080000
206 24.044364350000
207 24.022151000000
208 24.007363920000
209 24.000000000000

[y]
1 27.707823960000
2 27.707823960000
3 27.707823960000
4 27.667008470000
5 27.585405170000
6 27.463020730000
7 27.299866960000
8 27.095968910000
9 26.851363040000
10 26.566096520000
11 26.240231260000
12 25.873853860000
13 25.467083790000
14 25.019800800000
15 24.532594870000
16 24.004221500000
17 23.434369930000
18 22.823203850000
19 22.170471720000
20 21.477120460000
21 20.743427940000
22 19.969713710000
23 19.156191660000
24 18.304542440000
25 17.414278980000
26 16.507303130000
27 15.593126160000
28 14.577449780000
29 13.520200190000
30 12.604719110000
31 11.725970580000
32 10.887677720000
33 10.094453260000
34 9.356799650000
35 8.690465760000
36 8.128033160000
37 7.656693440000
38 7.322747270000
39 7.146958430000
40 7.141810800000
41 7.305627600000
42 7.625691900000
43 8.082546380000
44 8.617118790000
45 9.277953050000
46 10.016127760000
47 10.816758090000
48 11.030167970000
49 11.242235830000
50 11.726551070000
51 12.210550840000
52 12.696939640000
53 13.188253350000
54 13.694635560000
55 14.216205820000
56 14.744553780000
57 15.277278120000
58 15.593758890000
59 15.908883250000
60 16.224012250000
61 16.539132590000
62 16.854259020000
63 17.169406580000
64 17.484588400000
65 17.799815260000
66 18.115092300000
67 18.432264690000
68 18.749971060000
69 19.067215260000
70 19.383794090000
71 19.699483610000
72 20.013945890000
73 20.326775910000
74 20.637464370000
75 20.945182810000
76 21.248986920000
77 21.547768170000
78 21.841751890000
79 22.148118080000
80 22.423180910000
81 22.741786960000
82 23.107387710000
83 23.387867620000
84 23.603969980000
85 23.786815820000
86 23.951762610000
87 24.106802200000
88 24.254690150000
89 24.391206480000
90 24.492466530000
91 24.526983630000
92 24.495369460000
93 24.403169860000
94 24.257538220000
95 24.072771870000
96 23.862460590000
97 23.614416310000
98 23.331927700000
99 23.026884830000
100 22.705988110000
101 22.372645800000
102 22.030600640000
103 21.682762850000
104 21.331560310000
105 20.978248370000
106 20.623131550000
107 20.266209890000
108 19.907408420000
109 19.546586530000
110 19.183396650000
111 18.816994470000
112 18.444297750000
113 18.068611320000
114 17.689649560000
115 17.305821580000
116 16.916232570000
117 16.521383050000
118 16.134434860000
119 15.742791770000
120 15.338016930000
121 14.933005900000
122 14.530306800000
123 14.133393270000
124 13.771892680000
125 13.417604690000
126 13.069551620000
127 12.727587030000
128 12.391579580000
129 12.015786760000
130 11.648195440000
131 11.288458030000
132 10.979952450000
133 10.642497540000
134 10.285648010000
135 9.935428490000
136 9.592865610000
137 9.259026620000
138 8.935402100000
139 8.623945690000
140 8.327081480000
141 8.047571780000
142 7.788450000000
143 7.535278490000
144 7.312912800000
145 7.122291860000
146 6.963407550000
147 6.835322120000
148 6.736601610000
149 6.665320600000
150 6.619314540000
151 6.596264490000
152 6.593782820000
153 6.609476100000
154 6.640985450000
155 6.686012060000
156 6.742351860000
157 6.807930870000
158 6.880810500000
159 6.959188350000
160 7.041406470000
161 7.125948560000
162 7.211434870000
163 7.296624830000
164 7.380407190000
165 7.461769120000
166 7.539816720000
167 7.613782750000
168 7.683182370000
169 7.747529220000
170 7.805651590000
171 7.857203430000
172 7.901959450000
173 7.939772830000
174 7.970553990000
175 7.994255790000
176 8.010862450000
177 8.020380810000
178 8.022833300000
179 8.018251170000
180 8.006666180000
181 7.988090920000
182 7.954854660000
183 7.909989450000
184 7.853576600000
185 7.785652360000
186 7.706199040000
187 7.615137200000
188 7.512327500000
189 7.397577980000
190 7.270676380000
191 7.131450490000
192 6.979824860000
193 6.804203760000
194 6.613034070000
195 6.405422690000
196 6.208548900000
197 6.027208770000
198 5.862128660000
199 5.713492250000
200 5.569476000000
201 5.446026230000
202 5.340751370000
203 5.251761390000
204 5.177607440000
205 5.117198130000
206 5.069730930000
207 5.034628000000
208 5.011480240000
209 5.000000000000

[theta]
1 -1.570000000000
2 -1.570000000000
3 -1.570000000000
4 -1.568202150000
5 -1.562495640000
6 -1.553621000000
7 -1.543422310000
8 -1.533237660000
9 -1.523532790000
10 -1.514086910000
11 -1.504335710000
12 -1.493460250000
13 -1.480834520000
14 -1.471544600000
15 -1.484052940000
16 -1.501714080000
17 -1.517404120000
18 -1.533271120000
19 -1.546828280000
20 -1.530874630000
21 -1.512978180000
22 -1.495926170000
23 -1.479522390000
24 -1.496579710000
25 -1.509209000000
26 -1.493457710000
27 -1.483729870000
28 -1.483729810000
29 -1.483729850000
30 -1.474536580000
31 -1.428082490000
32 -1.345536680000
33 -1.230495080000
34 -1.085375040000
35 -0.912782850000
36 -0.729410310000
37 -0.514077940000
38 -0.273133330000
39 -0.007593070000
40 0.234467520000
41 0.451900270000
42 0.643730680000
43 0.808680410000
44 0.936415970000
45 1.045064960000
46 1.121283700000
47 1.161787830000
48 1.161781460000
49 1.161629650000
50 1.161592590000
51 1.175505130000
52 1.203385670000
53 1.245320500000
54 1.302351100000
55 1.346487840000
56 1.375866410000
57 1.390530890000
58 1.390488570000
59 1.390160190000
60 1.389806420000
61 1.389424400000
62 1.389009250000
63 1.388554730000
64 1.388052630000
65 1.387491810000
66 1.386853150000
67 1.385866170000
68 1.380839210000
69 1.370933080000
70 1.355991730000
71 1.335925520000
72 1.310654850000
73 1.280090920000
74 1.244128440000
75 1.202666590000
76 1.155591440000
77 1.102787780000
78 1.043913420000
79 0.980457630000
80 0.927436010000
81 0.870334340000
82 0.794926320000
83 0.723369670000
84 0.656929690000
85 0.590492440000
86 0.519613110000
87 0.439396480000
88 0.343420020000
89 0.222576540000
90 0.073954960000
91 -0.067189330000
92 -0.195829670000
93 -0.311782700000
94 -0.414841620000
95 -0.502124920000
96 -0.574500790000
97 -0.639862010000
98 -0.696982490000
99 -0.743579010000
100 -0.779624530000
101 -0.805806160000
102 -0.822995600000
103 -0.833167950000
104 -0.840194350000
105 -0.846518910000
106 -0.852798550000
107 -0.859248830000
108 -0.866087010000
109 -0.873864320000
110 -0.884202170000
111 -0.900084430000
112 -0.923842310000
113 -0.956271660000
114 -0.997502340000
115 -1.047431060000
116 -1.105489860000
117 -1.168990310000
118 -1.223154890000
119 -1.270047200000
120 -1.309345860000
121 -1.338636280000
122 -1.357858960000
123 -1.367140270000
124 -1.366854380000
125 -1.365502290000
126 -1.364212250000
127 -1.363001260000
128 -1.361877930000
129 -1.361728850000
130 -1.370971260000
131 -1.389176120000
132 -1.412607400000
133 -1.445744200000
134 -1.489701010000
135 -1.542430670000
136 -1.603704740000
137 -1.673371470000
138 -1.751321900000
139 -1.837479420000
140 -1.931783520000
141 -2.034202160000
142 -2.144706350000
143 -2.271492180000
144 -2.393874790000
145 -2.511821570000
146 -2.625328310000
147 -2.734506330000
148 -2.839420250000
149 -2.940206840000
150 -3.036985690000
151 -3.129872810000
152 -3.218973100000
153 -3.304391910000
154 -3.386188090000
155 -3.464417750000
156 -3.539133450000
157 -3.610395300000
158 -3.678251960000
159 -3.742738370000
160 -3.803883230000
161 -3.861707220000
162 -3.916222430000
163 -3.967437910000
164 -4.015357290000
165 -4.059966280000
166 -4.101250640000
167 -4.139203810000
168 -4.173901190000
169 -4.202979900000
170 -4.226201320000
171 -4.244398200000
172 -4.258320580000
173 -4.268634380000
174 -4.275936510000
175 -4.280768660000
176 -4.283628440000
177 -4.284978570000
178 -4.285254400000
179 -4.284870300000
180 -4.284225150000
181 -4.283707470000
182 -4.283701230000
183 -4.285316710000
184 -4.289395440000
185 -4.296792880000
186 -4.308391620000
187 -4.325115260000
188 -4.347942940000
189 -4.377926210000
190 -4.416205520000
191 -4.464023950000
192 -4.522741920000
193 -4.597980570000
194 -4.678953820000
195 -4.766373160000
196 -4.849344960000
197 -4.926377960000
198 -4.997465880000
199 -5.062640260000
200 -5.126673850000
201 -5.175116340000
202 -5.211272630000
203 -5.237665120000
204 -5.256292720000
205 -5.268799760000
206 -5.276582090000
207 -5.280859280000
208 -5.282725220000
209 -5.283185310000

[v]
1 0.000000000000
2 0.000000000000
3 0.174979640000
4 0.349887730000
5 0.524771350000
6 0.699649660000
7 0.874530150000
8 1.049417090000
9 1.224311780000
10 1.399211920000
11 1.574113400000
12 1.749011930000
13 1.923909030000
14 2.098924280000
15 2.273815220000
16 2.448687150000
17 2.623571880000
18 2.798459020000
19 2.973434740000
20 3.148280790000
21 3.323104040000
22 3.497905870000
23 3.672699440000
24 3.847194760000
25 4.021055480000
26 4.190336480000
27 4.354193250000
28 4.529455390000
29 4.704625570000
30 4.850196920000
31 4.984582210000
32 4.997924310000
33 4.997784710000
34 4.997628300000
35 4.997113340000
36 4.997129900000
37 4.996994220000
38 4.996750560000
39 4.996690670000
40 4.996450780000
41 4.995884640000
42 4.995203450000
43 4.993561670000
44 4.991202160000
45 4.966928760000
46 4.886342790000
47 4.972012040000
48 4.978110830000
49 4.987094840000
50 4.991861490000
51 4.993486150000
52 4.994490090000
53 4.995245690000
54 4.994753530000
55 4.994064490000
56 4.993195100000
57 4.987312600000
58 4.986996990000
59 4.986962990000
60 4.986960120000
61 4.986962000000
62 4.986965640000
63 4.986970600000
64 4.986976770000
65 4.986984610000
66 4.987003230000
67 4.986744340000
68 4.986429820000
69 4.986167840000
70 4.985986870000
71 4.985898090000
72 4.985912980000
73 4.986038510000
74 4.986266310000
75 4.986599710000
76 4.987047800000
77 4.987701690000
78 4.988688100000
79 4.987936520000
80 4.991419110000
81 4.993963790000
82 4.990954140000
83 4.986881710000
84 4.984548710000
85 4.984233500000
86 4.985698290000
87 4.988434460000
88 4.991600770000
89 4.993565170000
90 4.993746810000
91 4.993797400000
92 4.993846430000
93 4.993850630000
94 4.993423180000
95 4.992855500000
96 4.993462180000
97 4.993921430000
98 4.993993210000
99 4.993983380000
100 4.994003280000
101 4.994018060000
102 4.994032540000
103 4.994037120000
104 4.994033080000
105 4.994026740000
106 4.994021360000
107 4.994017150000
108 4.994013540000
109 4.994006530000
110 4.993784640000
111 4.979267990000
112 4.915118760000
113 4.846729800000
114 4.777174910000
115 4.707075120000
116 4.636690280000
117 4.566283910000
118 4.498140430000
119 4.429483450000
120 4.358432340000
121 4.286919000000
122 4.215097980000
123 4.143368310000
124 4.077040150000
125 4.010943980000
126 3.944895070000
127 3.878872940000
128 3.812858170000
129 3.737655710000
130 3.662592430000
131 3.587753460000
132 3.522493480000
133 3.450032340000
134 3.372130510000
135 3.294253030000
136 3.216492100000
137 3.138859210000
138 3.061365930000
139 2.984035380000
140 2.906912280000
141 2.830044250000
142 2.753483270000
143 2.671563510000
144 2.590083330000
145 2.509085480000
146 2.428618510000
147 2.348653010000
148 2.269191000000
149 2.190178090000
150 2.111565740000
151 2.033301050000
152 1.955332500000
153 1.877599780000
154 1.800076600000
155 1.722734730000
156 1.645544460000
157 1.568462360000
158 1.491449320000
159 1.414474580000
160 1.337508480000
161 1.260525250000
162 1.183504930000
163 1.106426930000
164 1.029273700000
165 0.952053320000
166 0.874776460000
167 0.797441880000
168 0.719849420000
169 0.641849000000
170 0.564147710000
171 0.486721080000
172 0.409537370000
173 0.332570870000
174 0.255801110000
175 0.179211280000
176 0.102787130000
177 0.026515920000
178 -0.049615060000
179 -0.125621520000
180 -0.201530180000
181 -0.277417420000
182 -0.376107140000
183 -0.474365840000
184 -0.572245240000
185 -0.669752110000
186 -0.766874280000
187 -0.863589120000
188 -0.959862730000
189 -1.055652460000
190 -1.150898890000
191 -1.245514950000
192 -1.339394470000
193 -1.439055600000
194 -1.538371040000
195 -1.449961620000
196 -1.348827780000
197 -1.247482300000
198 -1.146214990000
199 -1.045092410000
200 -0.935238130000
201 -0.827242060000
202 -0.720714860000
203 -0.615378400000
204 -0.511035130000
205 -0.407536400000
206 -0.304769480000
207 -0.202645880000
208 -0.101088960000
209 0.000000000000

[a]
1 0.000000000000
2 0.749851870000
3 0.749846210000
4 0.749840150000
5 0.749833630000
6 0.749826560000
7 0.749818850000
8 0.749810430000
9 0.749801190000
10 0.749790980000
11 0.749779670000
12 0.749767060000
13 0.749753090000
14 0.749736950000
15 0.749718760000
16 0.749697920000
17 0.749673720000
18 0.749645460000
19 0.749611360000
20 0.749570340000
21 0.749519670000
22 0.749455540000
23 0.749370960000
24 0.749255470000
25 0.749080320000
26 0.748829410000
27 0.748500820000
28 0.747619240000
29 0.745252420000
30 0.738297370000
31 0.078527050000
32 -0.000857330000
33 -0.000998970000
34 -0.003416140000
35 0.000116430000
36 -0.000958670000
37 -0.001792840000
38 -0.000459190000
39 -0.001768080000
40 -0.004011650000
41 -0.004643030000
42 -0.010773940000
43 -0.015943720000
44 -0.147664430000
45 -0.469010860000
46 0.470909540000
47 0.130368710000
48 0.193495780000
49 0.045031480000
50 0.015372950000
51 0.009512100000
52 0.007168490000
53 -0.004600060000
54 -0.006362240000
55 -0.008011730000
56 -0.054092180000
57 -0.004893020000
58 -0.000529350000
59 -0.000044700000
60 0.000029260000
61 0.000056750000
62 0.000077240000
63 0.000095880000
64 0.000121970000
65 0.000289680000
66 -0.004002020000
67 -0.004852460000
68 -0.004043730000
69 -0.002793670000
70 -0.001369930000
71 0.000229590000
72 0.001933340000
73 0.003502540000
74 0.005116700000
75 0.006862160000
76 0.009986800000
77 0.014935770000
78 -0.010578550000
79 0.052464070000
80 0.031895940000
81 -0.031431350000
82 -0.051727250000
83 -0.035635630000
84 -0.005247530000
85 0.024643820000
86 0.043690300000
87 0.045433420000
88 0.024184250000
89 0.001977190000
90 0.000540840000
91 0.000520050000
92 0.000044200000
93 -0.004496410000
94 -0.006183360000
95 0.006932190000
96 0.005022970000
97 0.000757700000
98 -0.000103820000
99 0.000209470000
100 0.000155710000
101 0.000152440000
102 0.000048270000
103 -0.000042580000
104 -0.000066700000
105 -0.000056710000
106 -0.000044340000
107 -0.000038000000
108 -0.000074000000
109 -0.002339640000
110 -0.153019260000
111 -0.671386270000
112 -0.713930120000
113 -0.726822660000
114 -0.732979780000
115 -0.736567910000
116 -0.738877550000
117 -0.740099880000
118 -0.741374620000
119 -0.742618980000
120 -0.743421090000
121 -0.744055970000
122 -0.744542250000
123 -0.744514510000
124 -0.744851770000
125 -0.745160720000
126 -0.745435380000
127 -0.745681450000
128 -0.746425790000
129 -0.746621210000
130 -0.746795600000
131 -0.746455600000
132 -0.746935210000
133 -0.747276050000
134 -0.747388280000
135 -0.747486550000
136 -0.747577070000
137 -0.747662630000
138 -0.747745150000
139 -0.747825870000
140 -0.747906270000
141 -0.747987420000
142 -0.748211100000
143 -0.748284650000
144 -0.748349590000
145 -0.748406860000
146 -0.748459010000
147 -0.748506110000
148 -0.748549920000
149 -0.748590840000
150 -0.748629400000
151 -0.748665920000
152 -0.748700880000
153 -0.748733950000
154 -0.748765360000
155 -0.748795340000
156 -0.748824290000
157 -0.748852280000
158 -0.748879300000
159 -0.748905470000
160 -0.748930810000
161 -0.748955330000
162 -0.748979120000
163 -0.749002210000
164 -0.749024300000
165 -0.749045420000
166 -0.749065760000
167 -0.749087760000
168 -0.749107480000
169 -0.749114730000
170 -0.749118570000
171 -0.749119480000
172 -0.749117660000
173 -0.749113250000
174 -0.749106290000
175 -0.749096770000
176 -0.749084640000
177 -0.749069780000
178 -0.749052040000
179 -0.749031300000
180 -0.749007840000
181 -0.749209160000
182 -0.749171630000
183 -0.749126350000
184 -0.749070700000
185 -0.749001220000
186 -0.748912750000
187 -0.748797160000
188 -0.748640730000
189 -0.748418420000
190 -0.748079290000
191 -0.747502100000
192 -0.746449450000
193 -0.742722900000
194 0.654735230000
195 0.743758570000
196 0.746760120000
197 0.747805540000
198 0.748337200000
199 0.748787010000
200 0.748950050000
201 0.749053820000
202 0.749123780000
203 0.749172150000
204 0.749205510000
205 0.749227620000
206 0.749240710000
207 0.749246120000
208 0.749244740000
209 0.000000000000

[phy]
1 0.000000000000
2 0.000000000000
3 0.087869620000
4 0.138957930000
5 0.144019770000
6 0.124355920000
7 0.099532040000
8 0.079129580000
9 0.066054710000
10 0.059680900000
11 0.059167330000
12 0.061813580000
13 0.041347780000
14 -0.051050180000
15 -0.066501400000
16 -0.054880600000
17 -0.051803310000
18 -0.041486680000
19 0.045973320000
20 0.048707170000
21 0.043976290000
22 0.040193190000
23 -0.039869280000
24 -0.028286380000
25 0.034653930000
26 0.021215380000
27 0.000000110000
28 -0.000000070000
29 0.020005270000
30 0.104852430000
31 0.192521380000
32 0.275540840000
33 0.355171660000
34 0.429644590000
35 0.476304670000
36 0.546952160000
37 0.617124410000
38 0.683789960000
39 0.620127220000
40 0.552627760000
41 0.482225620000
42 0.408963080000
43 0.332839250000
44 0.258903220000
45 0.176754780000
46 0.090878190000
47 -0.000054740000
48 -0.001313640000
49 -0.000140380000
50 0.052694540000
51 0.105410100000
52 0.157984520000
53 0.210266920000
54 0.161758220000
55 0.108001280000
56 0.053959570000
57 -0.000263070000
58 -0.002050330000
59 -0.002208710000
60 -0.002385040000
61 -0.002591580000
62 -0.002836950000
63 -0.003133340000
64 -0.003498910000
65 -0.003983530000
66 -0.006118540000
67 -0.031095720000
68 -0.061251070000
69 -0.092251030000
70 -0.123571720000
71 -0.155055640000
72 -0.186630690000
73 -0.218255620000
74 -0.249893270000
75 -0.281465440000
76 -0.312809520000
77 -0.343304010000
78 -0.343843440000
79 -0.309951930000
80 -0.279291520000
81 -0.305512560000
82 -0.349285140000
83 -0.386532220000
84 -0.417676840000
85 -0.446300350000
86 -0.474641990000
87 -0.504489390000
88 -0.537554220000
89 -0.574957320000
90 -0.543558780000
91 -0.500056300000
92 -0.455145430000
93 -0.409604260000
94 -0.363841440000
95 -0.319881570000
96 -0.278918550000
97 -0.236929820000
98 -0.193649020000
99 -0.150920300000
100 -0.109988080000
101 -0.072380460000
102 -0.042857310000
103 -0.029603730000
104 -0.026657570000
105 -0.026482570000
106 -0.027214040000
107 -0.028859750000
108 -0.032828450000
109 -0.043625450000
110 -0.066948910000
111 -0.099544290000
112 -0.136892350000
113 -0.175949580000
114 -0.215183100000
115 -0.252639160000
116 -0.279901890000
117 -0.252175830000
118 -0.221447180000
119 -0.183376430000
120 -0.138825970000
121 -0.092642010000
122 -0.045679340000
123 0.001548960000
124 0.007474400000
125 0.007257090000
126 0.006931860000
127 0.006542430000
128 0.000776170000
129 -0.049151740000
130 -0.098874510000
131 -0.148306410000
132 -0.191562230000
133 -0.239735760000
134 -0.291579610000
135 -0.343425030000
136 -0.395195480000
137 -0.446870930000
138 -0.498429510000
139 -0.549833420000
140 -0.601004240000
141 -0.651744620000
142 -0.699311380000
143 -0.699476160000
144 -0.699515170000
145 -0.699541040000
146 -0.699558100000
147 -0.699568100000
148 -0.699572930000
149 -0.699573410000
150 -0.699570130000
151 -0.699563470000
152 -0.699553730000
153 -0.699540670000
154 -0.699524300000
155 -0.699504580000
156 -0.699481530000
157 -0.699454890000
158 -0.699424250000
159 -0.699389180000
160 -0.699349140000
161 -0.699303330000
162 -0.699250930000
163 -0.699190740000
164 -0.699120560000
165 -0.699038160000
166 -0.698940930000
167 -0.698729710000
168 -0.659877480000
169 -0.609112990000
170 -0.557993320000
171 -0.506865170000
172 -0.455804230000
173 -0.404833280000
174 -0.353959200000
175 -0.303182920000
176 -0.252502980000
177 -0.201916750000
178 -0.151420410000
179 -0.101007570000
180 -0.050664080000
181 -0.000341600000
182 0.065404990000
183 0.130862810000
184 0.196065600000
185 0.261016640000
186 0.325705840000
187 0.390114780000
188 0.454214590000
189 0.517963470000
190 0.581286270000
191 0.643979040000
192 0.699519390000
193 0.699595190000
194 0.699640120000
195 0.699635450000
196 0.699621320000
197 0.699602970000
198 0.699579360000
199 0.695877360000
200 0.622982510000
201 0.551128040000
202 0.480196680000
203 0.410034430000
204 0.340521070000
205 0.271562860000
206 0.203087510000
207 0.135037750000
208 0.067363620000
209 0.000000000000

[w]
1 0.000000000000
2 0.376553500000
3 0.219020050000
4 0.021703430000
5 -0.084313590000
6 -0.106436140000
7 -0.087474490000
8 -0.056054750000
9 -0.027324660000
10 -0.002201650000
11 0.011344320000
12 -0.087734930000
13 -0.395826380000
14 -0.066237580000
15 0.049821210000
16 0.013191760000
17 0.044223440000
18 0.374703360000
19 0.011720720000
20 -0.020284090000
21 -0.016221260000
22 -0.343280730000
23 0.049742840000
24 0.271242270000
25 -0.059466550000
26 -0.096954320000
27 -0.000000770000
28 0.085381990000
29 0.434374970000
30 0.481643170000
31 0.488624330000
32 0.489059660000
33 0.475637320000
34 0.309531470000
35 0.496634040000
36 0.495800070000
37 0.490526460000
38 -0.488138430000
39 -0.497494640000
40 -0.498867500000
41 -0.499362930000
42 -0.499551270000
43 -0.499602410000
44 -0.499740560000
45 -0.499802180000
46 -0.499842840000
47 -0.026910700000
48 0.025269450000
49 0.499142170000
50 0.498807380000
51 0.498129370000
52 0.496010240000
53 -0.453394870000
54 -0.496359030000
55 -0.498017610000
56 -0.498600590000
57 -0.027708370000
58 -0.002465910000
59 -0.002744940000
60 -0.003215280000
61 -0.003819340000
62 -0.004612830000
63 -0.005688500000
64 -0.007539110000
65 -0.033205390000
66 -0.386099080000
67 -0.465250190000
68 -0.478491370000
69 -0.483486140000
70 -0.485827810000
71 -0.486887170000
72 -0.487081790000
73 -0.486428700000
74 -0.484540320000
75 -0.480008600000
76 -0.465745420000
77 -0.008168020000
78 0.477024160000
79 0.461890250000
80 -0.328670690000
81 -0.457134110000
82 -0.473105440000
83 -0.475723210000
84 -0.476522820000
85 -0.476821540000
86 -0.476593960000
87 -0.474449350000
88 -0.460490700000
89 0.341814220000
90 0.465032780000
91 0.476284750000
92 0.479961720000
93 0.481375400000
94 0.478834020000
95 0.468040840000
96 0.459340630000
97 0.456847080000
98 0.449032760000
99 0.431212100000
100 0.396094360000
101 0.310958000000
102 0.139518670000
103 0.031004120000
104 0.001842100000
105 -0.007704590000
106 -0.017341890000
107 -0.041835150000
108 -0.113841270000
109 -0.245922880000
110 -0.343587810000
111 -0.390886160000
112 -0.407728850000
113 -0.409975810000
114 -0.391649560000
115 -0.285301090000
116 0.290970640000
117 0.333741270000
118 0.411097030000
119 0.465636930000
120 0.480108090000
121 0.486526920000
122 0.490221960000
123 0.066511300000
124 -0.002448840000
125 -0.003669300000
126 -0.004396900000
127 -0.065133760000
128 -0.495561940000
129 -0.494570350000
130 -0.493266120000
131 -0.494768040000
132 -0.496576570000
133 -0.497313960000
134 -0.497559260000
135 -0.497649760000
136 -0.497616200000
137 -0.497442200000
138 -0.497048310000
139 -0.496179090000
140 -0.493690840000
141 -0.464718880000
142 -0.001505020000
143 -0.000358300000
144 -0.000238990000
145 -0.000158670000
146 -0.000093570000
147 -0.000045570000
148 -0.000004500000
149 0.000031170000
150 0.000063750000
151 0.000093510000
152 0.000125840000
153 0.000158050000
154 0.000190980000
155 0.000223570000
156 0.000258780000
157 0.000297940000
158 0.000341140000
159 0.000389680000
160 0.000445580000
161 0.000509630000
162 0.000584860000
163 0.000681260000
164 0.000799340000
165 0.000942380000
166 0.002045940000
167 0.375084500000
168 0.487536540000
169 0.492842530000
170 0.494675400000
171 0.495580550000
172 0.496101990000
173 0.496425280000
174 0.496630290000
175 0.496756290000
176 0.496824060000
177 0.496844760000
178 0.496824190000
179 0.496766090000
180 0.496683300000
181 0.499119410000
182 0.499081890000
183 0.499033780000
184 0.498969160000
185 0.498879850000
186 0.498751500000
187 0.498555680000
188 0.498226760000
189 0.497571940000
190 0.495678700000
191 0.442231950000
192 0.000567790000
193 0.000336010000
194 -0.000034590000
195 -0.000103930000
196 -0.000135190000
197 -0.000174330000
198 -0.027395930000
199 -0.496864680000
200 -0.498308980000
201 -0.498759080000
202 -0.498974560000
203 -0.499097530000
204 -0.499173980000
205 -0.499223120000
206 -0.499254300000
207 -0.499272580000
208 -0.499281390000
209 0.000000000000

[dt]
1 0.010977990000
2 0.233352280000
3 0.233258620000
4 0.233227870000
5 0.233222810000
6 0.233227930000
7 0.233238920000
8 0.233251870000
9 0.233262020000
10 0.233266990000
11 0.233266570000
12 0.233268580000
13 0.233430520000
14 0.233269740000
15 0.233250030000
16 0.233273590000
17 0.233284350000
18 0.233411310000
19 0.233248930000
20 0.233231280000
21 0.233218480000
22 0.233227400000
23 0.232855720000
24 0.232044640000
25 0.225985100000
26 0.218817220000
27 0.234150900000
28 0.234304010000
29 0.195331590000
30 0.182020550000
31 0.169904460000
32 0.162824350000
33 0.156575040000
34 0.150744230000
35 0.142252610000
36 0.141533350000
37 0.135906120000
38 0.130419420000
39 0.135678780000
40 0.141123930000
41 0.146712010000
42 0.152384420000
43 0.147989740000
44 0.164382160000
45 0.171821160000
46 0.181923040000
47 0.046780940000
48 0.046429930000
49 0.105851460000
50 0.105683190000
51 0.105543720000
52 0.105405870000
53 0.106989950000
54 0.108302540000
55 0.108513650000
56 0.108749650000
57 0.064502360000
58 0.064230470000
59 0.064235700000
60 0.064238130000
61 0.064243840000
62 0.064253000000
63 0.064265300000
64 0.064280360000
65 0.064297160000
66 0.064691130000
67 0.064815340000
68 0.064786880000
69 0.064780960000
70 0.064804690000
71 0.064850860000
72 0.064927350000
73 0.065040660000
74 0.065159010000
75 0.065299000000
76 0.065474580000
77 0.066043480000
78 0.071047770000
79 0.066380330000
80 0.079780000000
81 0.095754400000
82 0.078728920000
83 0.065467930000
84 0.060067470000
85 0.059438690000
86 0.062626480000
87 0.069691010000
88 0.081224590000
89 0.091862180000
90 0.093547070000
91 0.094294130000
92 0.094884960000
93 0.095066790000
94 0.091806060000
95 0.087520110000
96 0.091410670000
97 0.094737930000
98 0.095157140000
99 0.094923960000
100 0.094946370000
101 0.094943140000
102 0.094997250000
103 0.095024500000
104 0.094991120000
105 0.094940390000
106 0.094897700000
107 0.094865040000
108 0.094842320000
109 0.094840520000
110 0.094867750000
111 0.095547180000
112 0.095792200000
113 0.095697180000
114 0.095636720000
115 0.095557850000
116 0.095288270000
117 0.092073350000
118 0.092607670000
119 0.095676400000
120 0.096194930000
121 0.096526360000
122 0.096340640000
123 0.089089140000
124 0.088737340000
125 0.088637130000
126 0.088568550000
127 0.088529450000
128 0.100750080000
129 0.100537310000
130 0.100213450000
131 0.087426470000
132 0.097011270000
133 0.104247730000
134 0.104199490000
135 0.104029880000
136 0.103846000000
137 0.103647390000
138 0.103418330000
139 0.103129750000
140 0.102777630000
141 0.102355980000
142 0.109487490000
143 0.108889290000
144 0.108235300000
145 0.107517690000
146 0.106840190000
147 0.106160790000
148 0.105554640000
149 0.105013770000
150 0.104543970000
151 0.104143320000
152 0.103823460000
153 0.103539030000
154 0.103292530000
155 0.103085930000
156 0.102937510000
157 0.102841430000
158 0.102786580000
159 0.102771440000
160 0.102790850000
161 0.102837000000
162 0.102910740000
163 0.103008010000
164 0.103094630000
165 0.103167130000
166 0.103241370000
167 0.103582600000
168 0.104124470000
169 0.103724150000
170 0.103356980000
171 0.103032580000
172 0.102742870000
173 0.102480850000
174 0.102241610000
175 0.102021730000
176 0.101819210000
177 0.101634030000
178 0.101470190000
179 0.101342440000
180 0.101317020000
181 0.131725190000
182 0.131156460000
183 0.130658080000
184 0.130170440000
185 0.129668910000
186 0.129140340000
187 0.128571020000
188 0.127951530000
189 0.127263610000
190 0.126478650000
191 0.125590980000
192 0.133513560000
193 0.133718040000
194 0.135030810000
195 0.135976710000
196 0.135713560000
197 0.135419320000
198 0.135129690000
199 0.146709660000
200 0.144196620000
201 0.142215680000
202 0.140612890000
203 0.139278100000
204 0.138144650000
205 0.137163820000
206 0.136302790000
207 0.135545470000
208 0.134921150000

[s]
1 0.000000000000
2 0.000000000000
3 0.040815510000
4 0.081603570000
5 0.122388650000
6 0.163177840000
7 0.203974470000
8 0.244778500000
9 0.285585440000
10 0.326389950000
11 0.367188040000
12 0.407989530000
13 0.449099080000
14 0.489615520000
15 0.530367470000
16 0.571214050000
17 0.612038250000
18 0.653191970000
19 0.693550460000
20 0.734277570000
21 0.775009270000
22 0.815807510000
23 0.855209090000
24 0.892720940000
25 0.908698640000
26 0.916917770000
27 1.019538280000
28 1.061269560000
29 0.918962010000
30 0.882835520000
31 0.846902770000
32 0.813783780000
33 0.782528350000
34 0.753363620000
35 0.710852440000
36 0.707260550000
37 0.679122080000
38 0.651673310000
39 0.677944900000
40 0.705118780000
41 0.732956280000
42 0.761191160000
43 0.738995900000
44 0.820464590000
45 0.853423450000
46 0.888938360000
47 0.232595370000
48 0.231133350000
49 0.527891250000
50 0.527555870000
51 0.527031090000
52 0.526448600000
53 0.534441060000
54 0.540944500000
55 0.541924160000
56 0.543008240000
57 0.321693440000
58 0.320317170000
59 0.320341070000
60 0.320352990000
61 0.320381600000
62 0.320427510000
63 0.320489150000
64 0.320564640000
65 0.320648960000
66 0.322614870000
67 0.323217520000
68 0.323055210000
69 0.323008730000
70 0.323115330000
71 0.323339760000
72 0.323722110000
73 0.324295260000
74 0.324900200000
75 0.325619990000
76 0.326524860000
77 0.329405170000
78 0.354435170000
79 0.331100870000
80 0.398215400000
81 0.478194030000
82 0.392932430000
83 0.326480830000
84 0.299409240000
85 0.296256300000
86 0.312236730000
87 0.347649040000
88 0.405440720000
89 0.458719800000
90 0.467150380000
91 0.470885770000
92 0.473840890000
93 0.474749330000
94 0.458426500000
95 0.436975260000
96 0.456455700000
97 0.473113780000
98 0.475214100000
99 0.474048700000
100 0.474162470000
101 0.474147760000
102 0.474419350000
103 0.474555880000
104 0.474388810000
105 0.474134860000
106 0.473921140000
107 0.473757620000
108 0.473643820000
109 0.473634160000
110 0.473749140000
111 0.475754990000
112 0.470830020000
113 0.463818340000
114 0.456873320000
115 0.449797940000
116 0.441822190000
117 0.420433060000
118 0.416562320000
119 0.423797020000
120 0.419259090000
121 0.413800670000
122 0.406085210000
123 0.369129130000
124 0.361785700000
125 0.355518580000
126 0.349393640000
127 0.343394490000
128 0.384145760000
129 0.375773840000
130 0.367041040000
131 0.313664630000
132 0.341721580000
133 0.359658040000
134 0.351374280000
135 0.342700740000
136 0.334019840000
137 0.325334550000
138 0.316601350000
139 0.307742820000
140 0.298765570000
141 0.289671940000
142 0.301471970000
143 0.290904650000
144 0.280338440000
145 0.269771080000
146 0.259474060000
147 0.249334860000
148 0.239523640000
149 0.229998860000
150 0.220751460000
151 0.211754710000
152 0.203009380000
153 0.194404850000
154 0.185934470000
155 0.177589710000
156 0.169388250000
157 0.161302910000
158 0.153300980000
159 0.145367590000
160 0.137483640000
161 0.129628640000
162 0.121795370000
163 0.113970830000
164 0.106112590000
165 0.098220610000
166 0.090313120000
167 0.082601110000
168 0.074953940000
169 0.066575240000
170 0.058308600000
171 0.050148130000
172 0.042077040000
173 0.034082150000
174 0.026153520000
175 0.018283440000
176 0.010465700000
177 0.002694920000
178 -0.005034450000
179 -0.012730790000
180 -0.020418440000
181 -0.036542860000
182 -0.049328880000
183 -0.061979730000
184 -0.074489420000
185 -0.086846020000
186 -0.099034400000
187 -0.111032530000
188 -0.122815910000
189 -0.134346140000
190 -0.145564140000
191 -0.156425450000
192 -0.178827320000
193 -0.192427690000
194 -0.207727480000
195 -0.197161010000
196 -0.183054220000
197 -0.168933200000
198 -0.154887680000
199 -0.153325150000
200 -0.134858180000
201 -0.117646790000
202 -0.101341800000
203 -0.085708730000
204 -0.070596770000
205 -0.055899250000
206 -0.041540930000
207 -0.027467730000
208 -0.013639040000

[splus]
1 0.011552450000
2 0.011552450000
3 0.042196450000
4 0.081727690000
5 0.122399430000
6 0.163178770000
7 0.203974550000
8 0.244778510000
9 0.285585440000
10 0.326389950000
11 0.367188040000
12 0.407989530000
13 0.449099080000
14 0.489615520000
15 0.530367470000
16 0.571214050000
17 0.612038250000
18 0.653191970000
19 0.693550460000
20 0.734277570000
21 0.775009270000
22 0.815807510000
23 0.855209090000
24 0.892720940000
25 0.908698640000
26 0.916917770000
27 1.019538280000
28 1.061269560000
29 0.918962010000
30 0.882835520000
31 0.846902770000
32 0.813783780000
33 0.782528350000
34 0.753363620000
35 0.710852440000
36 0.707260550000
37 0.679122080000
38 0.651673310000
39 0.677944900000
40 0.705118780000
41 0.732956280000
42 0.761191160000
43 0.738995900000
44 0.820464590000
45 0.853423450000
46 0.888938360000
47 0.232595390000
48 0.231133360000
49 0.527891250000
50 0.527555870000
51 0.527031090000
52 0.526448600000
53 0.534441060000
54 0.540944500000
55 0.541924160000
56 0.543008240000
57 0.321693440000
58 0.320317170000
59 0.320341070000
60 0.320352990000
61 0.320381600000
62 0.320427510000
63 0.320489150000
64 0.320564640000
65 0.320648960000
66 0.322614870000
67 0.323217520000
68 0.323055210000
69 0.323008730000
70 0.323115330000
71 0.323339760000
72 0.323722110000
73 0.324295260000
74 0.324900200000
75 0.325619990000
76 0.326524860000
77 0.329405170000
78 0.354435170000
79 0.331100870000
80 0.398215400000
81 0.478194030000
82 0.392932430000
83 0.326480830000
84 0.299409240000
85 0.296256300000
86 0.312236730000
87 0.347649040000
88 0.405440720000
89 0.458719800000
90 0.467150380000
91 0.470885770000
92 0.473840890000
93 0.474749330000
94 0.458426500000
95 0.436975260000
96 0.456455700000
97 0.473113780000
98 0.475214100000
99 0.474048700000
100 0.474162470000
101 0.474147760000
102 0.474419350000
103 0.474555880000
104 0.474388810000
105 0.474134860000
106 0.473921140000
107 0.473757620000
108 0.473643820000
109 0.473634160000
110 0.473749140000
111 0.475754990000
112 0.470830020000
113 0.463818340000
114 0.456873320000
115 0.449797940000
116 0.441822190000
117 0.420433060000
118 0.416562320000
119 0.423797020000
120 0.419259090000
121 0.413800670000
122 0.406085210000
123 0.369129130000
124 0.361785700000
125 0.355518580000
126 0.349393640000
127 0.343394490000
128 0.384145760000
129 0.375773840000
130 0.367041040000
131 0.313664630000
132 0.341721580000
133 0.359658040000
134 0.351374280000
135 0.342700740000
136 0.334019840000
137 0.325334550000
138 0.316601350000
139 0.307742820000
140 0.298765570000
141 0.289671940000
142 0.301471970000
143 0.290904660000
144 0.280338440000
145 0.269771080000
146 0.259474060000
147 0.249334870000
148 0.239523650000
149 0.229998880000
150 0.220751490000
151 0.211754760000
152 0.203009470000
153 0.194405000000
154 0.185934710000
155 0.177590100000
156 0.169388890000
157 0.161303950000
158 0.153302660000
159 0.145370300000
160 0.137488000000
161 0.129635620000
162 0.121806540000
163 0.113988690000
164 0.106141190000
165 0.098266510000
166 0.090386830000
167 0.082718040000
168 0.075138580000
169 0.066879390000
170 0.058805170000
171 0.050950920000
172 0.043361090000
173 0.036110100000
174 0.029305840000
175 0.023084840000
176 0.017593630000
177 0.012954320000
178 0.009224600000
179 0.006374150000
180 0.004292110000
181 0.001763780000
182 0.000842240000
183 0.000399560000
184 0.000189820000
185 0.000090710000
186 0.000043720000
187 0.000021300000
188 0.000010510000
189 0.000005260000
190 0.000002680000
191 0.000001400000
192 0.000000360000
193 0.000000160000
194 0.000000060000
195 0.000000120000
196 0.000000280000
197 0.000000660000
198 0.000001530000
199 0.000001680000
200 0.000005100000
201 0.000014320000
202 0.000038070000
203 0.000097100000
204 0.000239410000
205 0.000572490000
206 0.001324400000
207 0.002933110000
208 0.006090830000

[sminus]
1 0.011552450000
2 0.011552450000
3 0.001380940000
4 0.000124120000
5 0.000010780000
6 0.000000930000
7 0.000000080000
8 0.000000010000
9 0.000000000000
10 0.000000000000
11 0.000000000000
12 0.000000000000
13 0.000000000000
14 0.000000000000
15 0.000000000000
16 0.000000000000
17 0.000000000000
18 -0.000000000000
19 -0.000000000000
20 -0.000000000000
21 -0.000000000000
22 -0.000000000000
23 -0.000000000000
24 -0.000000000000
25 0.000000000000
26 0.000000000000
27 -0.000000000000
28 -0.000000000000
29 0.000000000000
30 0.000000000000
31 0.000000000000
32 0.000000000000
33 0.000000000000
34 0.000000000000
35 -0.000000000000
36 -0.000000000000
37 -0.000000000000
38 -0.000000000000
39 -0.000000000000
40 -0.000000000000
41 -0.000000000000
42 -0.000000000000
43 -0.000000000000
44 -0.000000000000
45 -0.000000000000
46 -0.000000000000
47 0.000000010000
48 0.000000020000
49 0.000000000000
50 0.000000000000
51 0.000000000000
52 0.000000000000
53 0.000000000000
54 0.000000000000
55 0.000000000000
56 0.000000000000
57 0.000000000000
58 0.000000000000
59 0.000000000000
60 0.000000000000
61 0.000000000000
62 0.000000000000
63 0.000000000000
64 0.000000000000
65 0.000000000000
66 0.000000000000
67 0.000000000000
68 0.000000000000
69 0.000000000000
70 0.000000000000
71 0.000000000000
72 0.000000000000
73 0.000000000000
74 0.000000000000
75 0.000000000000
76 0.000000000000
77 0.000000000000
78 0.000000000000
79 0.000000000000
80 0.000000000000
81 0.000000000000
82 0.000000000000
83 0.000000000000
84 0.000000000000
85 0.000000000000
86 0.000000000000
87 0.000000000000
88 0.000000000000
89 0.000000000000
90 0.000000000000
91 0.000000000000
92 0.000000000000
93 0.000000000000
94 0.000000000000
95 0.000000000000
96 0.000000000000
97 0.000000000000
98 0.000000000000
99 0.000000000000
100 0.000000000000
101 0.000000000000
102 0.000000000000
103 0.000000000000
104 0.000000000000
105 0.000000000000
106 0.000000000000
107 0.000000000000
108 0.000000000000
109 0.000000000000
110 0.000000000000
111 0.000000000000
112 0.000000000000
113 0.000000000000
114 0.000000000000
115 0.000000000000
116 0.000000000000
117 0.000000000000
118 0.000000000000
119 0.000000000000
120 0.000000000000
121 0.000000000000
122 0.000000000000
123 0.000000000000
124 0.000000000000
125 0.000000000000
126 0.000000000000
127 0.000000000000
128 0.000000000000
129 0.000000000000
130 0.000000000000
131 0.000000000000
132 0.000000000000
133 0.000000000000
134 0.000000000000
135 0.000000000000
136 0.000000000000
137 0.000000000000
138 0.000000000000
139 0.000000000000
140 0.000000000000
141 0.000000000000
142 0.000000000000
143 0.000000000000
144 0.000000000000
145 0.000000000000
146 0.000000000000
147 0.000000010000
148 0.000000010000
149 0.000000020000
150 0.000000030000
151 0.000000050000
152 0.000000090000
153 0.000000140000
154 0.000000240000
155 0.000000390000
156 0.000000640000
157 0.000001040000
158 0.000001690000
159 0.000002720000
160 0.000004360000
161 0.000006980000
162 0.000011170000
163 0.000017860000
164 0.000028600000
165 0.000045900000
166 0.000073710000
167 0.000116930000
168 0.000184640000
169 0.000304150000
170 0.000496570000
171 0.000802790000
172 0.001284050000
173 0.002027950000
174 0.003152320000
175 0.004801400000
176 0.007127930000
177 0.010259400000
178 0.014259050000
179 0.019104950000
180 0.024710550000
181 0.038306640000
182 0.050171120000
183 0.062379290000
184 0.074679240000
185 0.086936740000
186 0.099078120000
187 0.111053830000
188 0.122826410000
189 0.134351400000
190 0.145566820000
191 0.156426840000
192 0.178827690000
193 0.192427850000
194 0.207727550000
195 0.197161130000
196 0.183054500000
197 0.168933860000
198 0.154889210000
199 0.153326840000
200 0.134863280000
201 0.117661120000
202 0.101379870000
203 0.085805830000
204 0.070836180000
205 0.056471740000
206 0.042865330000
207 0.030400840000
208 0.019729870000

[k]
1 0.000000000000
2 0.000000000000
3 0.044048230000
4 0.069929640000
5 0.072511920000
6 0.062500470000
7 0.049931010000
8 0.039647580000
9 0.033075470000
10 0.029875930000
11 0.029618240000
12 0.030946220000
13 0.020685680000
14 -0.025547290000
15 -0.033299800000
16 -0.027467880000
17 -0.025924850000
18 -0.020755250000
19 0.023002870000
20 0.024372860000
21 0.022002330000
22 0.020107420000
23 -0.019945210000
24 -0.014146960000
25 0.017333910000
26 0.010609280000
27 0.000000050000
28 -0.000000040000
29 0.010003970000
30 0.052619190000
31 0.097467880000
32 0.141366300000
33 0.185450200000
34 0.229095470000
35 0.257961470000
36 0.304459750000
37 0.354788350000
38 0.407474510000
39 0.357050550000
40 0.308363290000
41 0.261721480000
42 0.216699480000
43 0.172850160000
44 0.132423740000
45 0.089309410000
46 0.045564600000
47 -0.000027370000
48 -0.000656820000
49 -0.000070190000
50 0.026371680000
51 0.052901130000
52 0.079656080000
53 0.106710750000
54 0.081591990000
55 0.054211580000
56 0.027006000000
57 -0.000131540000
58 -0.001025160000
59 -0.001104360000
60 -0.001192520000
61 -0.001295790000
62 -0.001418480000
63 -0.001566670000
64 -0.001749460000
65 -0.001991770000
66 -0.003059310000
67 -0.015552870000
68 -0.030663890000
69 -0.046256810000
70 -0.062102280000
71 -0.078155170000
72 -0.094414080000
73 -0.110894260000
74 -0.127614110000
75 -0.144570800000
76 -0.161714050000
77 -0.178729330000
78 -0.179033570000
79 -0.160137250000
80 -0.143393700000
81 -0.157693340000
82 -0.182109300000
83 -0.203503480000
84 -0.221894480000
85 -0.239250120000
86 -0.256909750000
87 -0.276073030000
88 -0.298054920000
89 -0.323992390000
90 -0.302138600000
91 -0.273187670000
92 -0.244708390000
93 -0.217080290000
94 -0.190397360000
95 -0.165628900000
96 -0.143191840000
97 -0.120732470000
98 -0.098053180000
99 -0.076038280000
100 -0.055216860000
101 -0.036253550000
102 -0.021441780000
103 -0.014806190000
104 -0.013331940000
105 -0.013244380000
106 -0.013610380000
107 -0.014433880000
108 -0.016420120000
109 -0.021826570000
110 -0.033524560000
111 -0.049937200000
112 -0.068876950000
113 -0.088894020000
114 -0.109283520000
115 -0.129077530000
116 -0.143724050000
117 -0.128830450000
118 -0.112569730000
119 -0.092729960000
120 -0.069862370000
121 -0.046453980000
122 -0.022855570000
123 0.000774480000
124 0.003737270000
125 0.003628610000
126 0.003465980000
127 0.003271260000
128 0.000388080000
129 -0.024595680000
130 -0.049598990000
131 -0.074701690000
132 -0.096970170000
133 -0.122218330000
134 -0.150066940000
135 -0.178797590000
136 -0.208570650000
137 -0.239600830000
138 -0.272132520000
139 -0.306438020000
140 -0.342806050000
141 -0.381480450000
142 -0.420555950000
143 -0.420696650000
144 -0.420729960000
145 -0.420752060000
146 -0.420766630000
147 -0.420775160000
148 -0.420779300000
149 -0.420779700000
150 -0.420776910000
151 -0.420771210000
152 -0.420762900000
153 -0.420751740000
154 -0.420737760000
155 -0.420720910000
156 -0.420701230000
157 -0.420678480000
158 -0.420652320000
159 -0.420622380000
160 -0.420588190000
161 -0.420549080000
162 -0.420504340000
163 -0.420452960000
164 -0.420393070000
165 -0.420322740000
166 -0.420239790000
167 -0.420059600000
168 -0.387954310000
169 -0.348799690000
170 -0.312078800000
171 -0.277625120000
172 -0.245116940000
173 -0.214251090000
174 -0.184760880000
175 -0.156413590000
176 -0.129004900000
177 -0.102353160000
178 -0.076294190000
179 -0.050676240000
180 -0.025353740000
181 -0.000170800000
182 0.032749210000
183 0.065807490000
184 0.099308600000
185 0.133555210000
186 0.168866960000
187 0.205594550000
188 0.244131870000
189 0.284930400000
190 0.328504200000
191 0.375373520000
192 0.420733560000
193 0.420798310000
194 0.420836690000
195 0.420832700000
196 0.420820630000
197 0.420804950000
198 0.420784790000
199 0.417632640000
200 0.359210610000
201 0.307329180000
202 0.260430430000
203 0.217336070000
204 0.177161630000
205 0.139220720000
206 0.102963220000
207 0.067932300000
208 0.033732850000

[up]
1 0.011552450000
2 0.011552450000
3 0.043980780000
4 0.087214270000
5 0.130919830000
6 0.172969570000
7 0.213751820000
8 0.254095190000
9 0.294653480000
10 0.335751100000
11 0.377628480000
12 0.420110230000
13 0.458017400000
14 0.501623540000
15 0.547322160000
16 0.586276490000
17 0.627270570000
18 0.666206850000
19 0.708865970000
20 0.751458150000
21 0.791379200000
22 0.831555140000
23 0.871584120000
24 0.904845060000
25 0.923819890000
26 0.926256500000
27 1.019538330000
28 1.061269600000
29 0.927787550000
30 0.927431440000
31 0.926146750000
32 0.924223710000
33 0.921843580000
34 0.919052120000
35 0.886890080000
36 0.913979630000
37 0.910428900000
38 0.906591960000
39 0.910323070000
40 0.913854220000
41 0.917113470000
42 0.919542900000
43 0.861622040000
44 0.924767620000
45 0.926593450000
46 0.927822320000
47 0.232601500000
48 0.231279100000
49 0.527926820000
50 0.540911900000
51 0.553796400000
52 0.566706030000
53 0.589190440000
54 0.583315760000
55 0.570127580000
56 0.557086140000
57 0.321734060000
58 0.320632410000
59 0.320680690000
60 0.320719730000
61 0.320780140000
62 0.320863840000
63 0.320971170000
64 0.321103030000
65 0.321262080000
66 0.323562360000
67 0.328043410000
68 0.332565090000
69 0.337352430000
70 0.342378890000
71 0.347599610000
72 0.353063470000
73 0.358819240000
74 0.364703570000
75 0.370812130000
76 0.377216370000
77 0.385924560000
78 0.415352720000
79 0.382001640000
80 0.453033000000
81 0.550585730000
82 0.461626820000
83 0.390263210000
84 0.363189000000
85 0.364300470000
86 0.389244690000
87 0.439786440000
88 0.521450460000
89 0.601396510000
90 0.602648910000
91 0.594380510000
92 0.585155810000
93 0.573685890000
94 0.542218470000
95 0.506456090000
96 0.519202490000
97 0.527949440000
98 0.519946760000
99 0.508652400000
100 0.499296830000
101 0.490649620000
102 0.484184810000
103 0.481301230000
104 0.480460390000
105 0.480163330000
106 0.480113400000
107 0.480322280000
108 0.481110040000
109 0.483558490000
110 0.488996110000
111 0.498562560000
112 0.501962190000
113 0.503399790000
114 0.504804890000
115 0.505534380000
116 0.502782630000
117 0.472431050000
118 0.461578940000
119 0.461523740000
120 0.447377890000
121 0.432254450000
122 0.414995270000
123 0.369403580000
124 0.363083710000
125 0.356757010000
126 0.350556190000
127 0.344472890000
128 0.384288880000
129 0.384646550000
130 0.384517710000
131 0.336158660000
132 0.373532910000
133 0.401856570000
134 0.401994760000
135 0.401523840000
136 0.400899900000
137 0.400166960000
138 0.399312570000
139 0.398274750000
140 0.397087460000
141 0.395755960000
142 0.423186370000
143 0.408391960000
144 0.393567350000
145 0.378737550000
146 0.364284970000
147 0.350052230000
148 0.336278780000
149 0.322906590000
150 0.309923140000
151 0.297291060000
152 0.285011560000
153 0.272929390000
154 0.261035270000
155 0.249317340000
156 0.237800520000
157 0.226446770000
158 0.215210300000
159 0.204070460000
160 0.193000790000
161 0.181973030000
162 0.170977910000
163 0.159998500000
164 0.148977370000
165 0.137918020000
166 0.126851610000
167 0.116074680000
168 0.103122900000
169 0.089273800000
170 0.076422940000
171 0.064530370000
172 0.053564490000
173 0.043537260000
174 0.034503830000
175 0.026551190000
176 0.019772510000
177 0.014227200000
178 0.009900230000
179 0.006684250000
180 0.004396580000
181 0.001764070000
182 0.000868710000
183 0.000424810000
184 0.000207920000
185 0.000102340000
186 0.000050810000
187 0.000025500000
188 0.000012970000
189 0.000006700000
190 0.000003530000
191 0.000001900000
192 0.000000510000
193 0.000000230000
194 0.000000090000
195 0.000000170000
196 0.000000400000
197 0.000000930000
198 0.000002150000
199 0.000002360000
200 0.000006860000
201 0.000018550000
202 0.000047590000
203 0.000117360000
204 0.000280130000
205 0.000649000000
206 0.001455310000
207 0.003124390000
208 0.006288080000

[down]
1 0.011552450000
2 0.011552450000
3 0.001439340000
4 0.000132450000
5 0.000011530000
6 0.000000990000
7 0.000000080000
8 0.000000010000
9 0.000000000000
10 0.000000000000
11 0.000000000000
12 0.000000000000
13 0.000000000000
14 0.000000000000
15 0.000000000000
16 0.000000000000
17 0.000000000000
18 -0.000000000000
19 -0.000000000000
20 -0.000000000000
21 -0.000000000000
22 -0.000000000000
23 -0.000000000000
24 -0.000000000000
25 0.000000000000
26 0.000000000000
27 -0.000000000000
28 0.000000000000
29 0.000000000000
30 0.000000000000
31 0.000000000000
32 0.000000000000
33 0.000000000000
34 0.000000000000
35 -0.000000000000
36 -0.000000000000
37 -0.000000000000
38 -0.000000000000
39 -0.000000000000
40 -0.000000000000
41 -0.000000000000
42 -0.000000000000
43 -0.000000000000
44 -0.000000000000
45 -0.000000000000
46 -0.000000000000
47 0.000000010000
48 0.000000020000
49 0.000000000000
50 0.000000000000
51 0.000000000000
52 0.000000000000
53 0.000000000000
54 0.000000000000
55 0.000000000000
56 0.000000000000
57 0.000000000000
58 0.000000000000
59 0.000000000000
60 0.000000000000
61 0.000000000000
62 0.000000000000
63 0.000000000000
64 0.000000000000
65 0.000000000000
66 0.000000000000
67 0.000000000000
68 0.000000000000
69 0.000000000000
70 0.000000000000
71 0.000000000000
72 0.000000000000
73 0.000000000000
74 0.000000000000
75 0.000000000000
76 0.000000000000
77 0.000000000000
78 0.000000000000
79 0.000000000000
80 0.000000000000
81 0.000000000000
82 0.000000000000
83 0.000000000000
84 0.000000000000
85 0.000000000000
86 0.000000000000
87 0.000000000000
88 0.000000000000
89 0.000000000000
90 0.000000000000
91 0.000000000000
92 0.000000000000
93 0.000000000000
94 0.000000000000
95 0.000000000000
96 0.000000000000
97 0.000000000000
98 0.000000000000
99 0.000000000000
100 0.000000000000
101 0.000000000000
102 0.000000000000
103 0.000000000000
104 0.000000000000
105 0.000000000000
106 0.000000000000
107 0.000000000000
108 0.000000000000
109 0.000000000000
110 0.000000000000
111 0.000000000000
112 0.000000000000
113 0.000000000000
114 0.000000000000
115 0.000000000000
116 0.000000000000
117 0.000000000000
118 0.000000000000
119 0.000000000000
120 0.000000000000
121 0.000000000000
122 0.000000000000
123 0.000000000000
124 0.000000000000
125 0.000000000000
126 0.000000000000
127 0.000000000000
128 0.000000000000
129 0.000000000000
130 0.000000000000
131 0.000000000000
132 0.000000000000
133 0.000000000000
134 0.000000000000
135 0.000000000000
136 0.000000000000
137 0.000000000000
138 0.000000000000
139 0.000000000000
140 0.000000000000
141 0.000000000000
142 0.000000000000
143 0.000000000000
144 0.000000000000
145 0.000000000000
146 0.000000000000
147 0.000000010000
148 0.000000010000
149 0.000000020000
150 0.000000040000
151 0.000000070000
152 0.000000120000
153 0.000000200000
154 0.000000330000
155 0.000000550000
156 0.000000900000
157 0.000001470000
158 0.000002370000
159 0.000003810000
160 0.000006120000
161 0.000009800000
162 0.000015680000
163 0.000025060000
164 0.000040150000
165 0.000064430000
166 0.000103450000
167 0.000164090000
168 0.000253400000
169 0.000405990000
170 0.000645330000
171 0.001016750000
172 0.001586200000
173 0.002445060000
174 0.003711450000
175 0.005522360000
176 0.008010690000
177 0.011267480000
178 0.015303420000
179 0.020034390000
180 0.025312000000
181 0.038312920000
182 0.051748460000
183 0.066320110000
184 0.081798880000
185 0.098083150000
186 0.115139900000
187 0.132972610000
188 0.151612820000
189 0.171100970000
190 0.191473360000
191 0.212796600000
192 0.251056950000
193 0.270162230000
194 0.291650140000
195 0.276814110000
196 0.257006290000
197 0.237178540000
198 0.217457230000
199 0.214799760000
200 0.181369820000
201 0.152375380000
202 0.126726180000
203 0.103708580000
204 0.082883650000
205 0.064019290000
206 0.047102340000
207 0.032383430000
208 0.020368790000

[left]
1 0.023104910000
2 0.023104910000
3 0.025343710000
4 0.032544220000
5 0.040284890000
6 0.043979450000
7 0.044132150000
8 0.043005580000
9 0.042476360000
10 0.043495620000
11 0.046870080000
12 0.052234150000
13 0.042739950000
14 0.023905370000
15 0.028162610000
16 0.026452730000
17 0.026597280000
18 0.024678760000
19 0.064594160000
20 0.071268120000
21 0.068842550000
22 0.067039830000
23 0.027598520000
24 0.023897580000
25 0.065605530000
26 0.046074920000
27 0.023104980000
28 0.023104860000
29 0.044437860000
30 0.169562310000
31 0.290842200000
32 0.398885090000
33 0.497888030000
34 0.587437670000
35 0.619510590000
36 0.725084330000
37 0.806563880000
38 0.884074380000
39 0.810103690000
40 0.731811350000
41 0.649672100000
42 0.562582790000
43 0.436847740000
44 0.377724790000
45 0.269683370000
46 0.149447940000
47 0.023098080000
48 0.022944740000
49 0.023062570000
50 0.056915830000
51 0.101441820000
52 0.146718300000
53 0.195602800000
54 0.154135230000
55 0.106484370000
56 0.059363940000
57 0.023058750000
58 0.022758400000
59 0.022732700000
60 0.022704300000
61 0.022671260000
62 0.022632320000
63 0.022585780000
64 0.022529100000
65 0.022455260000
66 0.022142590000
67 0.020527310000
68 0.022192120000
69 0.025868620000
70 0.030320500000
71 0.035064720000
72 0.039956240000
73 0.044964270000
74 0.050071210000
75 0.055285440000
76 0.060607100000
77 0.066246750000
78 0.070502880000
79 0.060809590000
80 0.064599910000
81 0.081606500000
82 0.078028580000
83 0.073275200000
84 0.073272660000
85 0.077399360000
86 0.086073700000
87 0.100714590000
88 0.123816050000
89 0.149621900000
90 0.142675500000
91 0.131059340000
92 0.119272820000
93 0.107294190000
94 0.092638640000
95 0.078789630000
96 0.072273040000
97 0.064617390000
98 0.054840780000
99 0.045040950000
100 0.035900660000
101 0.027756090000
102 0.022294180000
103 0.020776160000
104 0.020590080000
105 0.020580690000
106 0.020618650000
107 0.020720080000
108 0.021046450000
109 0.022398360000
110 0.026630740000
111 0.033669910000
112 0.041684770000
113 0.049856380000
114 0.057936310000
115 0.065489080000
116 0.070544380000
117 0.061871370000
118 0.055115570000
119 0.048061960000
120 0.038775660000
121 0.029557650000
122 0.021799760000
123 0.023431770000
124 0.024826330000
125 0.024735180000
126 0.024621420000
127 0.024497660000
128 0.023273390000
129 0.021791660000
130 0.028658600000
131 0.033376460000
132 0.042341740000
133 0.052388690000
134 0.060538350000
135 0.068476070000
136 0.076272850000
137 0.083968400000
138 0.091592790000
139 0.099160960000
140 0.106699370000
141 0.114210840000
142 0.129336490000
143 0.125245900000
144 0.121125010000
145 0.117000210000
146 0.112978840000
147 0.109017490000
148 0.105183200000
149 0.101460020000
150 0.097844610000
151 0.094326660000
152 0.090906600000
153 0.087541220000
154 0.084228000000
155 0.080963660000
156 0.077755230000
157 0.074592150000
158 0.071461710000
159 0.068358260000
160 0.065274530000
161 0.062202830000
162 0.059140860000
163 0.056084350000
164 0.053018040000
165 0.049944140000
166 0.046873410000
167 0.043886710000
168 0.038723770000
169 0.033401360000
170 0.028982780000
171 0.025515910000
172 0.023079700000
173 0.021719760000
174 0.021343820000
175 0.021688460000
176 0.022398350000
177 0.023142190000
178 0.023680090000
179 0.023873390000
180 0.023672740000
181 0.023111190000
182 0.021793370000
183 0.020898250000
184 0.021415780000
185 0.023899260000
186 0.028248600000
187 0.034110510000
188 0.041267080000
189 0.049690260000
190 0.059458140000
191 0.070695060000
192 0.088176860000
193 0.094567490000
194 0.101844780000
195 0.096812770000
196 0.090166960000
197 0.083598280000
198 0.077148160000
199 0.075950120000
200 0.059825940000
201 0.047280740000
202 0.037461130000
203 0.029902140000
204 0.024544820000
205 0.021598750000
206 0.020951680000
207 0.021713290000
208 0.022696530000

[right]
1 0.023104910000
2 0.023104910000
3 0.021653020000
4 0.020720760000
5 0.021717340000
6 0.022433800000
7 0.022408420000
8 0.022107210000
9 0.021942990000
10 0.022099580000
11 0.022785340000
12 0.024015710000
13 0.021786070000
14 0.052371960000
15 0.068715810000
16 0.062800380000
17 0.063678760000
18 0.056641070000
19 0.026659970000
20 0.028349960000
21 0.027602180000
22 0.027032570000
23 0.069535740000
24 0.055184890000
25 0.026458050000
26 0.021857870000
27 0.023104840000
28 0.023104960000
29 0.021542200000
30 0.054708400000
31 0.088237510000
32 0.118426100000
33 0.146368970000
34 0.171890600000
35 0.181905550000
36 0.211596230000
37 0.235389990000
38 0.258239360000
39 0.236426750000
40 0.213547480000
41 0.189762900000
42 0.164790750000
43 0.130218790000
44 0.112487370000
45 0.082359670000
46 0.049181230000
47 0.023111750000
48 0.023270620000
49 0.023147600000
50 0.024989650000
51 0.037469500000
52 0.050510390000
53 0.064533900000
54 0.052555760000
55 0.038856030000
56 0.025598910000
57 0.023151500000
58 0.023477930000
59 0.023507880000
60 0.023541390000
61 0.023580920000
62 0.023628270000
63 0.023686000000
64 0.023758010000
65 0.023854770000
66 0.024306350000
67 0.031549470000
68 0.043911580000
69 0.058627610000
70 0.074316800000
71 0.090474970000
72 0.106978680000
73 0.123835300000
74 0.141015720000
75 0.158559360000
76 0.176472180000
77 0.195517350000
78 0.210627050000
79 0.177274260000
80 0.191942750000
81 0.252789980000
82 0.237418610000
83 0.219060480000
84 0.218152670000
85 0.231854510000
86 0.261516930000
87 0.312325790000
88 0.393746500000
89 0.485560060000
90 0.462307380000
91 0.422615360000
92 0.382245100000
93 0.341070460000
94 0.289917530000
95 0.241598270000
96 0.219938960000
97 0.194141380000
98 0.160550020000
99 0.126792970000
100 0.095282690000
101 0.066742980000
102 0.045367190000
103 0.036713990000
104 0.034935410000
105 0.034823360000
106 0.035247620000
107 0.036228260000
108 0.038684020000
109 0.045842700000
110 0.062649720000
111 0.087573650000
112 0.115183130000
113 0.143157670000
114 0.170747090000
115 0.196463850000
116 0.213541740000
117 0.183265910000
118 0.160120630000
119 0.136204870000
120 0.104404640000
121 0.072576090000
122 0.042534590000
123 0.022798380000
124 0.021835650000
125 0.021885790000
126 0.021950340000
127 0.022023300000
128 0.022941970000
129 0.042299530000
130 0.068973640000
131 0.084640170000
132 0.115304360000
133 0.149569670000
134 0.176896220000
135 0.203423030000
136 0.229401030000
137 0.254965710000
138 0.280217510000
139 0.305203290000
140 0.330011210000
141 0.354649820000
142 0.405949700000
143 0.391605820000
144 0.377207440000
145 0.362842810000
146 0.348883840000
147 0.335177010000
148 0.321951150000
149 0.309147390000
150 0.296750830000
151 0.284723050000
152 0.273062630000
153 0.261620060000
154 0.250385240000
155 0.239345660000
156 0.228523550000
157 0.217881840000
158 0.207376640000
159 0.196987870000
160 0.186690240000
161 0.176456950000
162 0.166278980000
163 0.156140160000
164 0.145986980000
165 0.135822050000
166 0.125672930000
167 0.115794190000
168 0.098877780000
169 0.081344160000
170 0.066480270000
171 0.054152710000
172 0.044257650000
173 0.036690520000
174 0.031238170000
175 0.027540160000
176 0.025163700000
177 0.023716390000
178 0.022910990000
179 0.022573370000
180 0.022629300000
181 0.023098640000
182 0.025033190000
183 0.029054110000
184 0.036163060000
185 0.046951590000
186 0.061385470000
187 0.079205740000
188 0.100321580000
189 0.124863990000
190 0.153096920000
191 0.185358680000
192 0.234259180000
193 0.251233390000
194 0.270313770000
195 0.257149080000
196 0.239570340000
197 0.221973260000
198 0.204469870000
199 0.201093250000
200 0.154945950000
201 0.118586820000
202 0.089725940000
203 0.066934710000
204 0.049502130000
205 0.037182650000
206 0.029543960000
207 0.025471340000
208 0.023623770000
