  0.02310491
  0.02310491
  0.02169662
  0.02067572
  0.02109334
  0.02154119
  0.02180837
  0.02214904
  0.02280280
  0.02349721
  0.02120069
  0.04433104
  0.06003172
  0.05392567
  0.04939283
  0.04951019
  0.05449784
  0.05356725
  0.02578197
  0.02533650
  0.02310220
  0.02248091
  0.02282861
  0.02311908
  0.05036626
  0.02075406
  0.02038869
  0.02040027
  0.04307139
  0.07858090
  0.11053518
  0.13934754
  0.16585460
  0.17772429
  0.15377521
  0.15489201
  0.17938647
  0.20412552
  0.22680249
  0.22263466
  0.20015964
  0.17569248
  0.14975447
  0.14877527
  0.14959901
  0.12316489
  0.09461995
  0.06371883
  0.03042192
  0.02062860
  0.02634602
  0.02706649
  0.02825343
  0.04645772
  0.17297985
  0.29103248
  0.39852848
  0.49672439
  0.54894105
  0.45705263
  0.35654559
  0.44859828
  0.35906116
  0.35121067
  0.40723033
  0.55022133
  0.63840118
  0.55341219
  0.46189505
  0.36337553
  0.25650119
  0.14048188
  0.03533616
  0.03377528
  0.06982274
  0.19174510
  0.30661895
  0.41187033
  0.50787596
  0.43720694
  0.53176678
  0.62589325
  0.71507050
  0.54169957
  0.45638589
  0.43408657
  0.42829124
  0.30575128
  0.16328553
  0.02021926
  0.06179533
  0.10419044
  0.14422106
  0.16515411
  0.21834445
  0.26291411
  0.25714671
  0.23744587
  0.21636046
  0.19607226
  0.17723755
  0.15970041
  0.14313593
  0.12723411
  0.11522973
  0.07802046
  0.05251481
  0.03485180
  0.02375792
  0.02076402
  0.02275139
  0.02279970
  0.02096829
  0.02349818
  0.03313531
  0.04797180
  0.06759022
  0.09301133
  0.10843113
  0.15405074
  0.13036598
  0.08723626
  0.05455975
  0.03346621
  0.02230079
  0.02148882
