  0.00000000
  0.00000000
  0.04477963
  0.08951332
  0.13420960
  0.17886191
  0.22345970
  0.26799234
  0.31244816
  0.35854501
  0.40307497
  0.44739612
  0.49199056
  0.53624415
  0.58013828
  0.61989883
  0.66183735
  0.70324516
  0.74361882
  0.78224325
  0.81676204
  0.83948865
  0.86625810
  0.89214344
  0.89979219
  0.90335811
  0.89601123
  0.86422137
  0.87349591
  0.85139263
  0.82135321
  0.77467625
  0.72730149
  0.68080910
  0.64474735
  0.68075986
  0.72626561
  0.75682433
  0.74487601
  0.71417570
  0.04010601
  0.03370285
  0.67259987
  0.65515718
  0.63149499
  0.60265821
  0.56600897
  0.02978998
  0.03194766
  0.53094335
  0.55027241
  0.57701192
  0.59857629
  0.59632865
  0.51719485
  0.53488541
  0.66963544
  0.71450408
  0.74465746
  0.77360638
  0.80342785
  0.83569361
  0.84929681
  0.87235106
  0.84998088
  0.81901001
  0.79322150
  0.76600868
  0.75370595
  0.74053551
  0.73231010
  0.72276581
  0.72113830
  0.71452891
  0.71085886
  0.69634335
  0.67970122
  0.66233440
  0.64989698
  0.64283869
  0.64061624
  0.61166380
  0.55191497
  0.46197582
  0.35027470
  0.36956743
  0.37128787
  0.37871059
  0.38363090
  0.39490460
  0.40927121
  0.43126416
  0.46653647
  0.49837207
  0.54176324
  0.59828173
  0.68598451
  0.63017566
  0.63533713
  0.69295913
  0.59007579
  0.53201279
  0.58372124
  0.69773210
  0.67100092
  0.64763355
  0.62823034
  0.61278325
  0.61175712
  0.62346499
  0.57998918
  0.54742688
  0.58329369
  0.63333811
  0.60498007
  0.57065085
  0.56177251
  0.57958881
  0.58436729
  0.55863736
  0.51847893
  0.47579253
  0.43269538
  0.38962219
  0.34695582
  0.30379408
  0.25973165
  0.21626584
  0.17325311
  0.13169371
  0.01878140
  0.05703875
  0.03317913
  0.05055346
  0.04039343
  0.01352262
  0.00270773
 -0.00697948
 -0.02900467
 -0.06304592
 -0.09688910
 -0.12295074
 -0.15582404
 -0.18655741
 -0.22373977
 -0.25315450
 -0.28857642
 -0.30901604
 -0.28968441
 -0.27200978
 -0.24317105
 -0.20989110
 -0.17334170
 -0.13599211
 -0.09526631
 -0.05433352
 -0.01403250
  0.02407114
  0.03397673
