  0.11833401
  0.24011796
  0.24004929
  0.23997971
  0.23991106
  0.23985315
  0.23982229
  0.23981956
  0.23982569
  0.23982982
  0.23983262
  0.23983705
  0.23984637
  0.23986612
  0.23990366
  0.23996749
  0.24006439
  0.24019531
  0.24035660
  0.24054377
  0.24075370
  0.24098441
  0.24123525
  0.24150733
  0.24180552
  0.24214043
  0.24252860
  0.24298770
  0.24352558
  0.24412586
  0.24473840
  0.24529268
  0.24573627
  0.24600851
  0.24611275
  0.24610738
  0.24605136
  0.24599091
  0.24594141
  0.24590475
  0.24586563
  0.24579167
  0.24566050
  0.24544862
  0.24511303
  0.24461115
  0.24393818
  0.24312343
  0.24223208
  0.24133525
  0.24049808
  0.23978462
  0.23928779
  0.23913355
  0.23947167
  0.24041675
  0.24192383
  0.24370229
  0.24536045
  0.24666463
  0.24759468
  0.24823333
  0.24868215
  0.24902982
  0.24932485
  0.24956071
  0.24972101
  0.24981202
  0.24986235
  0.24989026
  0.24990372
  0.24991246
  0.24991779
  0.24992114
  0.24992383
  0.24998724
  0.24998949
  0.24999104
  0.24999635
  0.24999923
  0.24999997
  0.24999997
  0.24999998
  0.24999980
  0.00100007
  0.00100007
  0.00100007
  0.00100007
  0.00100007
  0.00100007
  0.00100007
  0.00100007
  0.24999974
  0.00100008
  0.24999985
  0.24999976
  0.24999949
  0.24999963
  0.24999916
  0.24856778
  0.24999993
  0.24999992
  0.24999992
  0.24999991
  0.24999991
  0.24999989
  0.24999988
  0.24999985
  0.24999993
