task_id 9

[x]
1 3.014527850000
2 3.014527850000
3 3.014527850000
4 3.015538320000
5 3.017435410000
6 3.019561280000
7 3.020325050000
8 3.016982910000
9 3.005767340000
10 2.982483560000
11 2.943331470000
12 2.885578550000
13 2.807993980000
14 2.711110500000
15 2.597340440000
16 2.470930020000
17 2.337719880000
18 2.204639640000
19 2.078937690000
20 1.967352030000
21 1.875520960000
22 1.807929360000
23 1.768441250000
24 1.761311350000
25 1.792468380000
26 1.870752210000
27 2.008715280000
28 2.222660250000
29 2.531733980000
30 2.955959690000
31 3.513054040000
32 4.213805330000
33 5.056153180000
34 6.021554640000
35 7.081518890000
36 8.207002790000
37 9.372128250000
38 10.557762900000
39 11.752567620000
40 12.951024250000
41 14.151198420000
42 15.353287260000
43 16.558018410000
44 17.763990050000
45 18.964112440000
46 20.142843250000
47 21.276574560000
48 22.338525170000
49 23.305638730000
50 24.162330340000
51 24.900040840000
52 25.515302380000
53 26.007949040000
54 26.379788760000
55 26.633461880000
56 26.771281400000
57 26.794017850000
58 26.699953840000
59 26.484736930000
60 26.142298130000
61 25.666294140000
62 25.051777990000
63 24.297496050000
64 23.409034790000
65 22.403347070000
66 21.315635000000
67 20.206079540000
68 19.158225780000
69 18.262787300000
70 17.582573180000
71 17.127094920000
72 16.874536310000
73 16.769351710000
74 16.754066140000
75 16.783510540000
76 16.835098390000
77 16.879442240000
78 16.893427810000
79 16.834103460000
80 16.645197020000
81 16.260170870000
82 15.718141280000
83 15.110594910000
84 14.452544350000
85 13.789701940000
86 13.787188910000
87 13.784676570000
88 13.782164920000
89 13.779653960000
90 13.777143680000
91 13.774634100000
92 13.772125220000
93 13.769617030000
94 13.142788730000
95 13.140504380000
96 12.569747800000
97 12.083580160000
98 11.695697810000
99 11.406400540000
100 11.206721520000
101 11.082952790000
102 11.016606260000
103 10.991976680000
104 10.993685900000
105 11.008670560000
106 11.026593260000
107 11.045740700000
108 11.051295690000
109 11.031639570000
110 11.000000000000

[y]
1 2.960048430000
2 2.960048430000
3 2.960048430000
4 3.001478090000
5 3.084267810000
6 3.208347940000
7 3.373647010000
8 3.580052770000
9 3.827307310000
10 4.114887920000
11 4.442013500000
12 4.807803960000
13 5.211522690000
14 5.652828650000
15 6.131964580000
16 6.649806440000
17 7.207730390000
18 7.807294340000
19 8.449819310000
20 9.136055180000
21 9.866070990000
22 10.639366180000
23 11.455054230000
24 12.311955670000
25 13.208474990000
26 14.142177890000
27 15.109011080000
28 16.102152930000
29 17.110567240000
30 18.117487020000
31 19.099302250000
32 20.025720690000
33 20.862695300000
34 21.580027700000
35 22.161457520000
36 22.608056340000
37 22.938271700000
38 23.182579780000
39 23.373433360000
40 23.535763380000
41 23.680822100000
42 23.803679510000
43 23.884809140000
44 23.894917910000
45 23.801305360000
46 23.574593880000
47 23.195678130000
48 22.661115620000
49 21.982829790000
50 21.181549800000
51 20.280232410000
52 19.300579970000
53 18.261766760000
54 17.180072550000
55 16.068897760000
56 14.939045700000
57 13.799543780000
58 12.659392560000
59 11.530026150000
60 10.427219610000
61 9.371818190000
62 8.390341310000
63 7.515990170000
64 6.788956220000
65 6.255338530000
66 5.963245140000
67 5.952139360000
68 6.234475740000
69 6.778638110000
70 7.514495600000
71 8.354637000000
72 9.227893410000
73 10.083800660000
74 10.899261040000
75 11.667531820000
76 12.387737230000
77 13.061700710000
78 13.783772760000
79 14.550554280000
80 15.344342840000
81 16.116505430000
82 16.726514460000
83 17.198201940000
84 17.495960390000
85 17.625626730000
86 17.625706990000
87 17.625785200000
88 17.625861370000
89 17.625935480000
90 17.626007540000
91 17.626077540000
92 17.626145500000
93 17.626211400000
94 17.642167410000
95 17.641757650000
96 17.538795060000
97 17.320093370000
98 17.026910850000
99 16.696259240000
100 16.358383540000
101 16.037832730000
102 15.746298140000
103 15.495390260000
104 15.290158490000
105 15.132505080000
106 15.022466110000
107 14.960754280000
108 14.943907370000
109 14.965413900000
110 15.000000000000

[theta]
1 1.546410920000
2 1.546410920000
3 1.546410920000
4 1.547885830000
5 1.553664970000
6 1.566175830000
7 1.586986990000
8 1.616125660000
9 1.651584490000
10 1.689914900000
11 1.727388950000
12 1.760656470000
13 1.786906030000
14 1.803927290000
15 1.810223900000
16 1.805168880000
17 1.789217020000
18 1.763993630000
19 1.731990930000
20 1.695932300000
21 1.657981990000
22 1.619169350000
23 1.579116700000
24 1.536056990000
25 1.487149630000
26 1.429057350000
27 1.358616490000
28 1.273391710000
29 1.172055020000
30 1.054682860000
31 0.923206030000
32 0.782198520000
33 0.639032140000
34 0.501719450000
35 0.377749940000
36 0.276173670000
37 0.203212570000
38 0.158398040000
39 0.134629890000
40 0.120281280000
41 0.101849630000
42 0.067241000000
43 0.008382060000
44 -0.077844880000
45 -0.190014850000
46 -0.322548410000
47 -0.466346300000
48 -0.611631940000
49 -0.751989270000
50 -0.884888060000
51 -1.010013480000
52 -1.127968350000
53 -1.239694190000
54 -1.346350040000
55 -1.449415830000
56 -1.550846020000
57 -1.653111280000
58 -1.759102870000
59 -1.871872460000
60 -1.994495670000
61 -2.130196100000
62 -2.282603690000
63 -2.455788220000
64 -2.653765930000
65 -2.879242810000
66 -3.131583780000
67 -3.404784830000
68 -3.687658280000
69 -3.966264780000
70 -4.215596640000
71 -4.430856040000
72 -4.590109560000
73 -4.693646440000
74 -4.750695770000
75 -4.783896200000
76 -4.778089910000
77 -4.731755230000
78 -4.635174800000
79 -4.478754100000
80 -4.249835150000
81 -3.985930420000
82 -3.801764950000
83 -3.566511740000
84 -3.334774730000
85 -3.173513840000
86 -3.172707150000
87 -3.171899830000
88 -3.171091850000
89 -3.170283230000
90 -3.169473970000
91 -3.168664060000
92 -3.167853500000
93 -3.167042290000
94 -2.964091900000
95 -2.963115490000
96 -2.718864840000
97 -2.494355330000
98 -2.289587080000
99 -2.104559770000
100 -1.939273800000
101 -1.794562090000
102 -1.668644640000
103 -1.562468250000
104 -1.476032840000
105 -1.409338100000
106 -1.269942750000
107 -1.252288480000
108 -0.830321380000
109 -0.829861190000
110 0.000000000000

[v]
1 0.000000000000
2 0.000000000000
3 0.172639460000
4 0.345076900000
5 0.517268130000
6 0.689175140000
7 0.860774140000
8 1.032062520000
9 1.203047260000
10 1.373725010000
11 1.544083340000
12 1.714105640000
13 1.883770960000
14 2.053053490000
15 2.221923810000
16 2.390349650000
17 2.558295860000
18 2.725721490000
19 2.892572520000
20 3.058773920000
21 3.224222750000
22 3.388780640000
23 3.552263160000
24 3.714423720000
25 3.874927590000
26 4.033308110000
27 4.188886650000
28 4.340615070000
29 4.486742890000
30 4.624072780000
31 4.746272950000
32 4.841018400000
33 4.894404100000
34 4.914302610000
35 4.919910940000
36 4.920681070000
37 4.919882080000
38 4.918685150000
39 4.917433000000
40 4.916166280000
41 4.914679350000
42 4.912533530000
43 4.909271150000
44 4.904357840000
45 4.897067750000
46 4.886841920000
47 4.873798130000
48 4.858693330000
49 4.842535790000
50 4.826180020000
51 4.810160330000
52 4.794762220000
53 4.780107160000
54 4.766219110000
55 4.753074300000
56 4.740637630000
57 4.728863710000
58 4.717599790000
59 4.706339410000
60 4.693736820000
61 4.676934010000
62 4.651844510000
63 4.616400580000
64 4.571694720000
65 4.517193930000
66 4.446256890000
67 4.345746020000
68 4.194426310000
69 4.010554490000
70 3.824343650000
71 3.637580180000
72 3.450593150000
73 3.263487720000
74 3.076309660000
75 2.889082830000
76 2.701820820000
77 2.888951360000
78 3.076402270000
79 3.263875890000
80 3.451341280000
81 3.264125610000
82 3.076626180000
83 2.889126470000
84 2.701626660000
85 2.514126990000
86 2.513377120000
87 2.512627250000
88 2.511877380000
89 2.511127500000
90 2.510377630000
91 2.509627760000
92 2.508877890000
93 2.508128020000
94 2.320628400000
95 2.319878520000
96 2.132378810000
97 1.944879170000
98 1.757379740000
99 1.569880200000
100 1.382381040000
101 1.195955440000
102 1.008455670000
103 0.820955860000
104 0.633456030000
105 0.445956190000
106 0.258456350000
107 0.070956550000
108 -0.116543160000
109 -0.187499790000
110 0.000000000000

[a]
1 0.000000000000
2 0.718977710000
3 0.718341780000
4 0.717524140000
5 0.716544740000
6 0.715433570000
7 0.714230490000
8 0.712972440000
9 0.711674160000
10 0.710330080000
11 0.708920650000
12 0.707419130000
13 0.705795670000
14 0.704019050000
15 0.702056150000
16 0.699870680000
17 0.697419680000
18 0.694647310000
19 0.691478440000
20 0.687811720000
21 0.683511360000
22 0.678394600000
23 0.672209210000
24 0.664592130000
25 0.654991310000
26 0.642513670000
27 0.625610430000
28 0.601379530000
29 0.563923870000
30 0.500562170000
31 0.387129480000
32 0.217640800000
33 0.080975060000
34 0.022797320000
35 0.003129160000
36 -0.003246490000
37 -0.004864570000
38 -0.005090220000
39 -0.005150510000
40 -0.006046770000
41 -0.008727590000
42 -0.013272970000
43 -0.020000380000
44 -0.029701090000
45 -0.041718830000
46 -0.053324610000
47 -0.061920610000
48 -0.066458180000
49 -0.067521060000
50 -0.066379420000
51 -0.064025910000
52 -0.061117600000
53 -0.058039140000
54 -0.054968490000
55 -0.051933740000
56 -0.048972990000
57 -0.046559750000
58 -0.046205460000
59 -0.051363580000
60 -0.068120060000
61 -0.101332920000
62 -0.142784670000
63 -0.179771000000
64 -0.218852370000
65 -0.284516470000
66 -0.402751170000
67 -0.605955070000
68 -0.736040730000
69 -0.745253690000
70 -0.747381920000
71 -0.748236280000
72 -0.748683890000
73 -0.748958520000
74 -0.749143680000
75 -0.749276340000
76 0.748560410000
77 0.749835150000
78 0.749921360000
79 0.749872530000
80 -0.748865030000
81 -0.749997780000
82 -0.749998920000
83 -0.749999290000
84 -0.749999280000
85 -0.749816840000
86 -0.749816610000
87 -0.749816370000
88 -0.749816140000
89 -0.749815920000
90 -0.749815720000
91 -0.749815530000
92 -0.749815390000
93 -0.749999260000
94 -0.749811070000
95 -0.749999290000
96 -0.749999290000
97 -0.749999250000
98 -0.749999230000
99 -0.749999160000
100 -0.749999040000
101 -0.749999310000
102 -0.749999450000
103 -0.749999540000
104 -0.749999600000
105 -0.749999610000
106 -0.749999510000
107 -0.749999200000
108 -0.283826670000
109 0.749999350000
110 0.000000000000

[phy]
1 0.000000000000
2 0.000000000000
3 0.071059610000
4 0.138677620000
5 0.198960600000
6 0.246669670000
7 0.275146260000
8 0.279049800000
9 0.259701690000
10 0.223680850000
11 0.177771630000
12 0.127014680000
13 0.075203920000
14 0.025566600000
15 -0.018964210000
16 -0.055562310000
17 -0.081956050000
18 -0.097452440000
19 -0.103359060000
20 -0.102794600000
21 -0.099669830000
22 -0.097778140000
23 -0.100161180000
24 -0.108610060000
25 -0.123369380000
26 -0.143265070000
27 -0.166229530000
28 -0.189845080000
29 -0.211625190000
30 -0.228857200000
31 -0.238174280000
32 -0.236612370000
33 -0.224486020000
34 -0.202279700000
35 -0.166228240000
36 -0.119917560000
37 -0.073905470000
38 -0.039267580000
39 -0.023724010000
40 -0.030483600000
41 -0.057219900000
42 -0.097185040000
43 -0.142032070000
44 -0.184251080000
45 -0.217339540000
46 -0.236102990000
47 -0.239703380000
48 -0.233311940000
49 -0.222830180000
50 -0.211640290000
51 -0.201168650000
52 -0.191961620000
53 -0.184372470000
54 -0.178920780000
55 -0.176373070000
56 -0.177565420000
57 -0.183217920000
58 -0.193713970000
59 -0.209271160000
60 -0.230257610000
61 -0.257390390000
62 -0.291414060000
63 -0.332127740000
64 -0.377138690000
65 -0.421280080000
66 -0.457570640000
67 -0.480556230000
68 -0.488750380000
69 -0.461746120000
70 -0.423261960000
71 -0.337009320000
72 -0.235666360000
73 -0.138992710000
74 -0.086151780000
75 0.016081360000
76 0.136351070000
77 0.261341950000
78 0.386335140000
79 0.511329410000
80 0.548990480000
81 0.423991500000
82 0.548990740000
83 0.570504490000
84 0.445504680000
85 0.570504140000
86 0.571003740000
87 0.571503340000
88 0.572002960000
89 0.572502570000
90 0.573002200000
91 0.573501830000
92 0.574001460000
93 0.574501100000
94 0.699500420000
95 0.699999890000
96 0.699999950000
97 0.699999960000
98 0.699999950000
99 0.699999950000
100 0.699999950000
101 0.699999940000
102 0.699999930000
103 0.699999920000
104 0.699999900000
105 0.624999090000
106 0.499999300000
107 0.374999470000
108 0.249999630000
109 0.124999820000
110 0.000000000000

[w]
1 0.000000000000
2 0.295936270000
3 0.281683870000
4 0.251200310000
5 0.198861500000
6 0.118725100000
7 0.016276790000
8 -0.080677790000
9 -0.150195920000
10 -0.191424170000
11 -0.211634860000
12 -0.216024840000
13 -0.206954640000
14 -0.185648610000
15 -0.152553310000
16 -0.109988840000
17 -0.064550950000
18 -0.024590900000
19 0.002348430000
20 0.012990410000
21 0.007857380000
22 -0.009888780000
23 -0.035023410000
24 -0.061113330000
25 -0.082279730000
26 -0.094839410000
27 -0.097372240000
28 -0.089634630000
29 -0.070760560000
30 -0.038165070000
31 0.006381980000
32 0.049436240000
33 0.090366470000
34 0.146545590000
35 0.188168550000
36 0.186959400000
37 0.140775050000
38 0.063187580000
39 -0.027484580000
40 -0.108726210000
41 -0.162548710000
42 -0.182459550000
43 -0.171859150000
44 -0.134808100000
45 -0.076550190000
46 -0.014718810000
47 0.026201050000
48 0.043112910000
49 0.046194900000
50 0.043390430000
51 0.038283190000
52 0.031649870000
53 0.022782990000
54 0.010653910000
55 -0.004979100000
56 -0.023511220000
57 -0.043385760000
58 -0.063836870000
59 -0.085533150000
60 -0.109998660000
61 -0.137416810000
62 -0.164013730000
63 -0.180997900000
64 -0.177253430000
65 -0.145555300000
66 -0.092104200000
67 -0.032813220000
68 0.108098340000
69 0.154021440000
70 0.345162070000
71 0.405528010000
72 0.386830060000
73 0.211433240000
74 0.409061620000
75 0.481225470000
76 0.499989040000
77 0.499993770000
78 0.499995000000
79 0.150646470000
80 -0.499997440000
81 0.499997010000
82 0.086055020000
83 -0.499999310000
84 0.499998260000
85 0.499561050000
86 0.499567890000
87 0.499574420000
88 0.499580740000
89 0.499586870000
90 0.499592810000
91 0.499598620000
92 0.499604340000
93 0.499997800000
94 0.499424000000
95 0.000000240000
96 0.000000040000
97 -0.000000040000
98 0.000000020000
99 -0.000000000000
100 -0.000000050000
101 -0.000000020000
102 -0.000000050000
103 -0.000000090000
104 -0.300003320000
105 -0.499999320000
106 -0.499999550000
107 -0.499999580000
108 -0.499999530000
109 -0.499999410000
110 0.000000000000

[dt]
1 0.118334010000
2 0.240117960000
3 0.240049290000
4 0.239979710000
5 0.239911060000
6 0.239853150000
7 0.239822290000
8 0.239819560000
9 0.239825690000
10 0.239829820000
11 0.239832620000
12 0.239837050000
13 0.239846370000
14 0.239866120000
15 0.239903660000
16 0.239967490000
17 0.240064390000
18 0.240195310000
19 0.240356600000
20 0.240543770000
21 0.240753700000
22 0.240984410000
23 0.241235250000
24 0.241507330000
25 0.241805520000
26 0.242140430000
27 0.242528600000
28 0.242987700000
29 0.243525580000
30 0.244125860000
31 0.244738400000
32 0.245292680000
33 0.245736270000
34 0.246008510000
35 0.246112750000
36 0.246107380000
37 0.246051360000
38 0.245990910000
39 0.245941410000
40 0.245904750000
41 0.245865630000
42 0.245791670000
43 0.245660500000
44 0.245448620000
45 0.245113030000
46 0.244611150000
47 0.243938180000
48 0.243123430000
49 0.242232080000
50 0.241335250000
51 0.240498080000
52 0.239784620000
53 0.239287790000
54 0.239133550000
55 0.239471670000
56 0.240416750000
57 0.241923830000
58 0.243702290000
59 0.245360450000
60 0.246664630000
61 0.247594680000
62 0.248233330000
63 0.248682150000
64 0.249029820000
65 0.249324850000
66 0.249560710000
67 0.249721010000
68 0.249812020000
69 0.249862350000
70 0.249890260000
71 0.249903720000
72 0.249912460000
73 0.249917790000
74 0.249921140000
75 0.249923830000
76 0.249987240000
77 0.249989490000
78 0.249991040000
79 0.249996350000
80 0.249999230000
81 0.249999970000
82 0.249999970000
83 0.249999980000
84 0.249999800000
85 0.001000070000
86 0.001000070000
87 0.001000070000
88 0.001000070000
89 0.001000070000
90 0.001000070000
91 0.001000070000
92 0.001000070000
93 0.249999740000
94 0.001000080000
95 0.249999850000
96 0.249999760000
97 0.249999490000
98 0.249999630000
99 0.249999160000
100 0.248567780000
101 0.249999930000
102 0.249999920000
103 0.249999920000
104 0.249999910000
105 0.249999910000
106 0.249999890000
107 0.249999880000
108 0.249999850000
109 0.249999930000
