  0.00000000
  0.00000000
  0.17263946
  0.34507690
  0.51726813
  0.68917514
  0.86077414
  1.03206252
  1.20304726
  1.37372501
  1.54408334
  1.71410564
  1.88377096
  2.05305349
  2.22192381
  2.39034965
  2.55829586
  2.72572149
  2.89257252
  3.05877392
  3.22422275
  3.38878064
  3.55226316
  3.71442372
  3.87492759
  4.03330811
  4.18888665
  4.34061507
  4.48674289
  4.62407278
  4.74627295
  4.84101840
  4.89440410
  4.91430261
  4.91991094
  4.92068107
  4.91988208
  4.91868515
  4.91743300
  4.91616628
  4.91467935
  4.91253353
  4.90927115
  4.90435784
  4.89706775
  4.88684192
  4.87379813
  4.85869333
  4.84253579
  4.82618002
  4.81016033
  4.79476222
  4.78010716
  4.76621911
  4.75307430
  4.74063763
  4.72886371
  4.71759979
  4.70633941
  4.69373682
  4.67693401
  4.65184451
  4.61640058
  4.57169472
  4.51719393
  4.44625689
  4.34574602
  4.19442631
  4.01055449
  3.82434365
  3.63758018
  3.45059315
  3.26348772
  3.07630966
  2.88908283
  2.70182082
  2.88895136
  3.07640227
  3.26387589
  3.45134128
  3.26412561
  3.07662618
  2.88912647
  2.70162666
  2.51412699
  2.51337712
  2.51262725
  2.51187738
  2.51112750
  2.51037763
  2.50962776
  2.50887789
  2.50812802
  2.32062840
  2.31987852
  2.13237881
  1.94487917
  1.75737974
  1.56988020
  1.38238104
  1.19595544
  1.00845567
  0.82095586
  0.63345603
  0.44595619
  0.25845635
  0.07095655
 -0.11654316
 -0.18749979
  0.00000000
