  0.00000000
  0.29593627
  0.28168387
  0.25120031
  0.19886150
  0.11872510
  0.01627679
 -0.08067779
 -0.15019592
 -0.19142417
 -0.21163486
 -0.21602484
 -0.20695464
 -0.18564861
 -0.15255331
 -0.10998884
 -0.06455095
 -0.02459090
  0.00234843
  0.01299041
  0.00785738
 -0.00988878
 -0.03502341
 -0.06111333
 -0.08227973
 -0.09483941
 -0.09737224
 -0.08963463
 -0.07076056
 -0.03816507
  0.00638198
  0.04943624
  0.09036647
  0.14654559
  0.18816855
  0.18695940
  0.14077505
  0.06318758
 -0.02748458
 -0.10872621
 -0.16254871
 -0.18245955
 -0.17185915
 -0.13480810
 -0.07655019
 -0.01471881
  0.02620105
  0.04311291
  0.04619490
  0.04339043
  0.03828319
  0.03164987
  0.02278299
  0.01065391
 -0.00497910
 -0.02351122
 -0.04338576
 -0.06383687
 -0.08553315
 -0.10999866
 -0.13741681
 -0.16401373
 -0.18099790
 -0.17725343
 -0.14555530
 -0.09210420
 -0.03281322
  0.10809834
  0.15402144
  0.34516207
  0.40552801
  0.38683006
  0.21143324
  0.40906162
  0.48122547
  0.49998904
  0.49999377
  0.49999500
  0.15064647
 -0.49999744
  0.49999701
  0.08605502
 -0.49999931
  0.49999826
  0.49956105
  0.49956789
  0.49957442
  0.49958074
  0.49958687
  0.49959281
  0.49959862
  0.49960434
  0.49999780
  0.49942400
  0.00000024
  0.00000004
 -0.00000004
  0.00000002
 -0.00000000
 -0.00000005
 -0.00000002
 -0.00000005
 -0.00000009
 -0.30000332
 -0.49999932
 -0.49999955
 -0.49999958
 -0.49999953
 -0.49999941
  0.00000000
