  2.96004843
  2.96004843
  2.96004843
  3.00147809
  3.08426781
  3.20834794
  3.37364701
  3.58005277
  3.82730731
  4.11488792
  4.44201350
  4.80780396
  5.21152269
  5.65282865
  6.13196458
  6.64980644
  7.20773039
  7.80729434
  8.44981931
  9.13605518
  9.86607099
 10.63936618
 11.45505423
 12.31195567
 13.20847499
 14.14217789
 15.10901108
 16.10215293
 17.11056724
 18.11748702
 19.09930225
 20.02572069
 20.86269530
 21.58002770
 22.16145752
 22.60805634
 22.93827170
 23.18257978
 23.37343336
 23.53576338
 23.68082210
 23.80367951
 23.88480914
 23.89491791
 23.80130536
 23.57459388
 23.19567813
 22.66111562
 21.98282979
 21.18154980
 20.28023241
 19.30057997
 18.26176676
 17.18007255
 16.06889776
 14.93904570
 13.79954378
 12.65939256
 11.53002615
 10.42721961
  9.37181819
  8.39034131
  7.51599017
  6.78895622
  6.25533853
  5.96324514
  5.95213936
  6.23447574
  6.77863811
  7.51449560
  8.35463700
  9.22789341
 10.08380066
 10.89926104
 11.66753182
 12.38773723
 13.06170071
 13.78377276
 14.55055428
 15.34434284
 16.11650543
 16.72651446
 17.19820194
 17.49596039
 17.62562673
 17.62570699
 17.62578520
 17.62586137
 17.62593548
 17.62600754
 17.62607754
 17.62614550
 17.62621140
 17.64216741
 17.64175765
 17.53879506
 17.32009337
 17.02691085
 16.69625924
 16.35838354
 16.03783273
 15.74629814
 15.49539026
 15.29015849
 15.13250508
 15.02246611
 14.96075428
 14.94390737
 14.96541390
 15.00000000
