Ipopt 3.13.4: option_file_name=../public/solver/ipopt.opt

Using option file "../public/solver/ipopt.opt".


******************************************************************************
This program contains Ipopt, a library for large-scale nonlinear optimization.
 Ipopt is released as open source code under the Eclipse Public License (EPL).
         For more information visit https://github.com/coin-or/Ipopt
******************************************************************************

This is Ipopt version 3.13.4, running with linear solver ma27.

Number of nonzeros in equality constraint Jacobian...:    23377
Number of nonzeros in inequality constraint Jacobian.:    10631
Number of nonzeros in Lagrangian Hessian.............:    11449

Total number of variables............................:     9084
                     variables with only lower bounds:     4544
                variables with lower and upper bounds:     1846
                     variables with only upper bounds:        0
Total number of equality constraints.................:     5254
Total number of inequality constraints...............:     1841
        inequality constraints with only lower bounds:      568
   inequality constraints with lower and upper bounds:        0
        inequality constraints with only upper bounds:     1273

iter    objective    inf_pr   inf_du lg(mu)  ||d||  lg(rg) alpha_du alpha_pr  ls
   0  6.4770993e+00 1.15e+00 1.24e+00   0.0 0.00e+00    -  0.00e+00 0.00e+00   0
   1  6.4664777e+00 1.12e+00 1.53e+01  -0.7 3.48e+00    -  2.56e-02 3.07e-02f  1
   2  6.5090993e+00 1.01e+00 1.38e+01  -0.7 2.37e+00    -  8.65e-02 9.69e-02f  1
   3  6.5568868e+00 9.01e-01 1.23e+01  -0.9 2.04e+00    -  1.57e-01 1.08e-01f  1
   4  6.6347493e+00 8.04e-01 8.55e+01  -0.6 2.81e+00    -  2.64e-01 1.07e-01f  1
   5  6.7230614e+00 7.21e-01 4.73e+02  -0.2 2.88e+00   0.0 5.07e-01 1.03e-01f  1
   6  6.8057887e+00 6.55e-01 6.78e+02   0.0 1.25e+01    -  3.00e-01 9.29e-02f  1
   7  7.0132460e+00 4.96e-01 8.20e+02   0.0 4.32e+00    -  4.37e-01 2.49e-01f  1
   8  7.0629402e+00 4.25e-01 6.29e+02   0.0 1.55e+00   0.4 1.12e-01 1.42e-01f  1
   9  7.0737281e+00 3.95e-01 3.83e+03   0.0 1.95e+00   0.9 1.60e-01 7.08e-02h  1
iter    objective    inf_pr   inf_du lg(mu)  ||d||  lg(rg) alpha_du alpha_pr  ls
  10  7.1043634e+00 3.55e-01 9.26e+02   0.0 2.37e+00   0.4 2.78e-02 1.00e-01f  1
  11  7.1483680e+00 3.23e-01 3.24e+03   0.0 1.92e+00    -  2.60e-01 9.17e-02f  1
  12  7.2171965e+00 2.68e-01 3.42e+03  -0.2 1.80e+00    -  2.65e-01 1.70e-01f  1
  13  7.2278667e+00 2.56e-01 3.06e+04   1.3 2.33e+00   1.7 1.05e-01 4.36e-02f  1
  14  7.2395703e+00 2.46e-01 2.95e+04  -5.6 4.99e+00    -  2.30e-02 3.85e-02h  1
  15  7.1866698e+00 1.69e-01 3.38e+04  -5.6 2.39e+00    -  7.10e-02 3.09e-01h  1
  16  7.1979261e+00 1.45e-01 2.80e+04  -0.3 1.87e+00   2.1 1.10e-01 1.44e-01h  1
  17  7.2120510e+00 1.30e-01 2.08e+04  -5.6 7.08e+00   1.7 3.11e-02 1.01e-01h  1
  18  7.2210614e+00 1.22e-01 1.90e+04  -5.7 1.02e+00   1.2 1.12e-01 6.15e-02h  1
  19  7.2369348e+00 1.16e-01 1.80e+04  -0.4 4.26e+00   0.7 4.77e-02 5.19e-02h  1
iter    objective    inf_pr   inf_du lg(mu)  ||d||  lg(rg) alpha_du alpha_pr  ls
  20  7.2557666e+00 1.03e-01 1.53e+04  -0.5 8.37e-01   1.1 1.71e-01 1.12e-01h  1
  21  7.2658683e+00 9.67e-02 1.35e+04  -5.8 9.46e-01   0.6 1.52e-01 6.04e-02h  1
  22  7.3172004e+00 8.36e-02 1.17e+04  -0.2 1.79e+00    -  1.37e-01 1.35e-01h  1
  23  7.3306534e+00 7.77e-02 4.01e+05  -0.5 9.90e-01    -  4.80e-01 7.14e-02h  1
  24  7.3296380e+00 7.74e-02 1.58e+06   1.3 3.49e+01   0.2 1.44e-02 3.83e-03f  1
  25  7.3193365e+00 7.63e-02 1.82e+05   0.3 5.17e+01   0.6 2.26e-03 1.43e-02h  1
  26  7.3204876e+00 7.61e-02 1.02e+06   0.0 4.72e+01   1.0 5.08e-03 2.54e-03h  1
  27  7.3216507e+00 7.59e-02 8.40e+05   1.4 2.40e+01   2.4 9.19e-04 1.57e-03f  1
  28  7.3226980e+00 7.56e-02 4.71e+06  -5.9 2.22e+01   1.9 1.36e-03 4.98e-03h  1
  29  7.3226774e+00 7.50e-02 4.53e+06  -1.0 4.78e+00   2.3 1.23e-02 7.55e-03f  1
iter    objective    inf_pr   inf_du lg(mu)  ||d||  lg(rg) alpha_du alpha_pr  ls
  30  7.3225910e+00 7.49e-02 4.31e+06  -0.3 8.53e+00   2.7 2.69e-03 9.38e-04f  1
  31  7.3224294e+00 7.45e-02 3.24e+06   1.2 5.50e+00   3.2 2.25e-02 5.28e-03f  1
  32  7.3225811e+00 7.42e-02 2.21e+06   1.3 8.77e-01   3.6 4.34e-02 4.82e-03f  1
  33  7.3217920e+00 7.40e-02 2.59e+06  -5.6 1.51e+01   3.1 5.18e-05 1.82e-03h  1
  34  7.3220538e+00 7.34e-02 2.50e+06  -5.6 1.27e-01   4.4 1.56e-01 7.88e-03h  1
  35  7.3223366e+00 7.18e-02 2.71e+06  -5.7 6.08e-01   4.0 1.98e-04 2.19e-02h  1
  36  7.3227765e+00 7.07e-02 3.23e+06   0.8 2.19e-01   4.4 1.00e+00 1.60e-02h  1
  37  7.3206462e+00 6.39e-02 6.42e+06  -5.2 2.42e+00   3.9 1.95e-02 9.65e-02h  1
  38  7.3207731e+00 6.36e-02 8.84e+06   1.6 1.45e-01   5.2 2.28e-01 4.83e-03h  1
  39  7.3219569e+00 6.13e-02 8.78e+06   1.8 1.64e+00   4.8 2.41e-01 3.64e-02h  1
iter    objective    inf_pr   inf_du lg(mu)  ||d||  lg(rg) alpha_du alpha_pr  ls
  40  7.3280300e+00 5.63e-02 8.24e+06   2.0 3.85e-01   4.3 1.33e-01 8.07e-02h  1
  41  7.3287029e+00 5.50e-02 7.17e+07   1.8 1.57e-01   5.6 1.00e+00 2.38e-02h  1
  42  7.3315095e+00 5.29e-02 1.36e+08   3.0 5.70e-01   5.1 1.00e+00 3.79e-02h  1
  43  7.4361425e+00 3.04e-02 7.45e+07   2.7 9.02e-01    -  3.72e-01 4.24e-01h  1
  44  7.5002150e+00 2.43e-02 1.05e+08   2.9 1.55e+00    -  4.49e-01 2.00e-01f  1
  45  7.5151715e+00 2.12e-02 9.25e+07   0.8 3.83e-01    -  2.51e-01 1.27e-01h  1
  46  7.5674555e+00 1.92e-02 4.50e+08   3.1 4.02e+00    -  1.00e+00 1.50e-01f  1
  47  7.5960044e+00 1.06e-02 2.44e+08  -2.9 2.60e-01    -  4.82e-01 4.57e-01h  1
  48  7.6309354e+00 1.42e-03 1.96e+07   1.8 3.55e-01    -  6.89e-01 8.83e-01h  1
  49  7.6335214e+00 1.82e-04 2.23e+07   1.5 2.15e-02   4.7 1.00e+00 8.72e-01h  1
iter    objective    inf_pr   inf_du lg(mu)  ||d||  lg(rg) alpha_du alpha_pr  ls
  50  7.6341474e+00 2.93e-05 7.75e+06   0.7 8.70e-03   4.2 1.00e+00 8.47e-01h  1
  51  7.6342381e+00 2.05e-08 7.73e+02  -0.8 8.95e-04   3.7 1.00e+00 1.00e+00h  1
  52  7.6259631e+00 4.16e-05 2.56e+05  -1.7 1.80e-01    -  9.99e-01 1.00e+00f  1
  53  7.5501061e+00 1.73e-03 4.67e+04  -2.2 7.95e-01    -  1.00e+00 1.00e+00f  1
  54  7.3719321e+00 6.80e-03 2.13e+04  -2.5 9.72e-01    -  1.00e+00 1.00e+00h  1
  55  7.2739064e+00 1.90e-01 5.77e+03  -2.6 6.65e-01    -  1.00e+00 1.00e+00h  1
  56  7.1824257e+00 1.99e-03 3.52e+03  -2.8 2.70e-01    -  1.00e+00 1.00e+00h  1
  57  7.1003673e+00 1.14e-03 3.39e+03  -3.0 3.34e-01    -  1.00e+00 1.00e+00h  1
  58  7.0541951e+00 1.03e-03 5.18e+02  -3.0 1.61e-01    -  1.00e+00 1.00e+00h  1
  59  7.0543750e+00 4.85e-08 6.94e+00  -3.2 3.64e-04   3.2 1.00e+00 1.00e+00h  1
iter    objective    inf_pr   inf_du lg(mu)  ||d||  lg(rg) alpha_du alpha_pr  ls
  60  7.0541087e+00 3.02e-09 6.79e-01  -4.4 3.20e-04   2.7 1.00e+00 1.00e+00h  1
  61  7.0531511e+00 4.33e-08 2.09e-01  -5.5 1.13e-03   2.3 1.00e+00 1.00e+00f  1
  62  7.0502711e+00 3.77e-07 2.13e-01  -6.3 3.46e-03   1.8 1.00e+00 1.00e+00f  1
  63  7.0493432e+00 3.29e-07 3.77e+01  -6.6 8.74e-03   1.3 1.00e+00 1.37e-01h  1
  64  7.0470217e+00 2.78e-07 3.80e+01  -6.7 2.15e-02   0.8 1.00e+00 1.55e-01f  1
  65  7.0445037e+00 2.56e-07 5.19e+01  -6.2 5.34e-02   0.4 1.00e+00 7.88e-02f  1
  66  7.0404968e+00 4.17e-07 6.29e+02  -5.4 1.27e-01  -0.1 1.00e+00 6.18e-02f  1
  67  7.0316945e+00 2.44e-06 2.46e+03  -4.8 2.64e-01  -0.6 1.00e+00 7.48e-02f  1
  68  7.0099516e+00 2.95e-05 2.16e+03  -4.9 4.89e-01  -1.1 2.53e-01 1.08e-01f  1
  69  6.9876921e+00 7.72e-05 1.12e+04  -4.5 7.88e-01  -1.6 1.00e+00 7.17e-02f  1
iter    objective    inf_pr   inf_du lg(mu)  ||d||  lg(rg) alpha_du alpha_pr  ls
  70  6.9585580e+00 2.08e-04 1.05e+04  -4.2 9.22e-01  -2.0 9.20e-01 8.27e-02f  1
  71  6.8967143e+00 1.28e-03 1.01e+04 -10.2 1.11e+00  -2.5 4.32e-02 1.66e-01f  1
  72  6.8883487e+00 1.26e-03 1.03e+04 -10.3 1.95e-01  -1.2 3.10e-04 1.33e-01h  1
  73  6.8882122e+00 1.12e-03 4.10e+03  -6.1 2.94e-03   1.1 5.31e-01 1.12e-01h  1
  74  6.8885384e+00 3.92e-07 5.68e-01  -4.8 1.75e-03   1.5 1.00e+00 1.00e+00h  1
  75  6.8871046e+00 1.35e-07 2.11e-01  -4.9 3.55e-03   1.0 1.00e+00 1.00e+00h  1
  76  6.8831336e+00 1.21e-06 1.06e+02  -5.4 1.05e-02   0.5 1.00e+00 9.40e-01f  1
  77  6.8822758e+00 1.15e-06 5.83e+02  -5.9 2.31e-02   0.1 1.00e+00 1.06e-01h  1
  78  6.8784572e+00 3.09e-06 5.43e+02  -6.1 5.50e-02  -0.4 1.00e+00 1.95e-01h  1
  79  6.8747033e+00 6.25e-06 6.48e+01  -5.5 1.04e-01  -0.9 1.00e+00 9.63e-02h  1
iter    objective    inf_pr   inf_du lg(mu)  ||d||  lg(rg) alpha_du alpha_pr  ls
  80  6.8654000e+00 5.36e-05 3.09e+03  -4.7 3.11e-01  -1.4 1.00e+00 1.30e-01f  1
  81  6.8602393e+00 3.09e-04 2.28e+04  -3.7 1.06e+00  -1.9 6.80e-01 9.90e-02f  1
  82  6.8459019e+00 6.29e-04 2.11e+04  -9.9 3.21e+00    -  5.25e-02 2.47e-02f  1
  83  6.8111121e+00 1.83e-03 2.27e+04  -3.9 3.17e+00    -  1.81e-01 7.91e-02f  1
  84  6.8001239e+00 1.98e-03 2.90e+04  -3.5 8.89e-01    -  6.70e-01 2.50e-01h  1
  85  6.7954705e+00 1.44e-03 3.09e+04  -9.6 4.46e-02  -0.5 7.01e-02 2.73e-01h  1
  86  6.7789925e+00 1.25e-03 2.29e+04  -3.8 6.24e-01    -  3.17e-01 2.05e-01h  1
  87  6.7745526e+00 9.19e-04 6.62e+03  -4.3 4.61e-02  -1.0 6.03e-01 2.62e-01h  1
  88  6.7555067e+00 3.84e-04 1.95e+03  -4.5 9.79e-02  -1.5 8.21e-01 5.83e-01h  1
  89  6.7357109e+00 4.37e-04 1.32e+03  -4.8 1.95e-01  -2.0 5.10e-01 4.02e-01h  1
iter    objective    inf_pr   inf_du lg(mu)  ||d||  lg(rg) alpha_du alpha_pr  ls
  90  6.7337056e+00 1.84e-04 1.59e+03  -5.0 7.33e-03   0.3 8.47e-01 5.80e-01h  1
  91  6.7316688e+00 2.76e-05 1.85e+03  -5.5 4.23e-03   0.7 6.67e-01 8.50e-01h  1
  92  6.7300493e+00 1.30e-05 7.25e+02  -5.9 7.52e-03   0.2 7.18e-01 5.32e-01h  1
  93  6.7283042e+00 9.01e-06 3.04e+02  -6.0 1.39e-02  -0.3 2.43e-01 3.51e-01h  1
  94  6.7270345e+00 8.64e-06 4.19e+02  -7.7 3.14e-02  -0.7 9.99e-02 1.43e-01h  1
  95  6.7251866e+00 9.54e-06 6.54e+01  -6.4 8.12e-02  -1.2 1.33e-01 9.41e-02h  1
  96  6.7177379e+00 3.87e-05 1.01e+03  -4.7 3.43e-01  -1.7 6.14e-02 1.41e-01f  1
  97  6.7175053e+00 3.65e-05 9.97e+02  -6.8 1.42e-02  -0.4 1.85e-01 5.84e-02h  1
  98  6.7173081e+00 1.77e-05 4.41e+02  -5.1 9.67e-03   0.1 4.27e-01 5.14e-01h  1
  99  6.7146368e+00 8.31e-06 1.29e+02  -7.2 1.88e-02  -0.4 3.77e-01 5.11e-01h  1
iter    objective    inf_pr   inf_du lg(mu)  ||d||  lg(rg) alpha_du alpha_pr  ls
 100  6.7097537e+00 8.34e-05 2.27e+02  -4.9 7.43e-02  -0.9 3.53e-01 4.64e-01h  1
 101  6.7005307e+00 1.70e-04 9.58e+01  -4.6 2.81e-01  -1.4 2.61e-01 2.41e-01h  1
 102  6.7003359e+00 1.55e-04 8.47e+03  -4.1 9.57e-02  -0.9 8.25e-01 1.49e-01h  1
 103  6.6948842e+00 8.79e-04 2.66e+03  -3.8 2.74e-01  -1.4 1.25e-01 3.48e-01f  1
 104  6.6903532e+00 4.92e-06 1.27e+01  -4.5 1.68e-02  -0.1 1.00e+00 1.00e+00h  1
 105  6.6838971e+00 1.64e-05 1.66e+03  -4.9 4.10e-02  -0.6 1.00e+00 5.91e-01h  1
 106  6.6778507e+00 3.85e-05 6.24e+02  -4.6 1.22e-01  -1.0 1.00e+00 3.43e-01h  1
 107  6.6555165e+00 5.67e-04 1.69e+03  -4.4 3.36e-01  -1.5 1.00e+00 6.09e-01h  1
 108  6.6511772e+00 7.24e-06 1.78e+03  -4.8 1.71e-02  -0.2 8.24e-01 1.00e+00h  1
 109  6.6506951e+00 3.78e-06 1.33e+03  -5.3 1.54e-03   1.1 1.00e+00 4.79e-01h  1
iter    objective    inf_pr   inf_du lg(mu)  ||d||  lg(rg) alpha_du alpha_pr  ls
 110  6.6493225e+00 1.31e-06 5.64e+02  -5.9 3.67e-03   0.7 1.00e+00 6.82e-01h  1
 111  6.6480938e+00 1.19e-06 2.44e+02  -5.6 7.22e-03   0.2 1.00e+00 5.16e-01h  1
 112  6.6465549e+00 2.91e-06 3.65e+02  -5.3 2.17e-02  -0.3 1.00e+00 3.77e-01h  1
 113  6.6419011e+00 2.14e-05 6.32e+01  -5.7 6.39e-02  -0.8 6.53e-01 4.30e-01h  1
 114  6.6410131e+00 3.15e-07 3.30e-01  -6.1 3.02e-03   0.6 1.00e+00 1.00e+00h  1
 115  6.6400133e+00 9.90e-07 1.09e+02  -6.3 9.10e-03   0.1 1.00e+00 5.76e-01h  1
 116  6.6386507e+00 2.51e-06 1.50e+03  -6.4 2.71e-02  -0.4 9.74e-02 3.08e-01h  1
 117  6.6385762e+00 3.04e-07 1.83e+02  -7.1 1.56e-04   1.8 1.00e+00 8.79e-01h  1
 118  6.6384932e+00 1.26e-07 6.80e+01  -7.9 4.79e-04   1.4 1.00e+00 5.95e-01h  1
 119  6.6384005e+00 9.50e-08 4.74e+01  -8.5 1.44e-03   0.9 1.00e+00 3.01e-01h  1
iter    objective    inf_pr   inf_du lg(mu)  ||d||  lg(rg) alpha_du alpha_pr  ls
 120  6.6382853e+00 9.39e-08 4.03e+01  -8.7 4.31e-03   0.4 1.00e+00 1.49e-01h  1
 121  6.6382278e+00 7.83e-08 3.21e+01  -9.0 1.62e-03   0.8 1.00e+00 2.01e-01h  1
 122  6.6381283e+00 7.87e-08 2.81e+01  -9.6 4.85e-03   0.4 1.00e+00 1.22e-01h  1
 123  6.6380775e+00 7.96e-08 3.67e+01  -7.2 1.45e-02  -0.1 1.00e+00 2.18e-02h  1
 124  6.6377824e+00 1.52e-07 4.38e+01  -7.0 4.30e-02  -0.6 1.00e+00 4.49e-02h  1
 125  6.6373493e+00 3.10e-07 2.36e+02  -5.0 1.23e-01  -1.1 1.40e-01 3.65e-02f  1
 126  6.6338559e+00 1.08e-05 3.17e+02  -5.5 3.50e-01  -1.6 4.71e-01 7.87e-02f  1
 127  6.6304763e+00 1.67e-05 4.73e+02  -5.1 8.65e-01  -2.0 1.59e-01 3.75e-02h  1
 128  6.6250460e+00 6.18e-05 7.88e+02  -4.8 1.51e+00  -2.5 1.37e-01 3.64e-02f  1
 129  6.6119119e+00 1.50e-04 1.12e+03  -4.7 2.49e+00  -3.0 1.60e-01 4.88e-02f  1
iter    objective    inf_pr   inf_du lg(mu)  ||d||  lg(rg) alpha_du alpha_pr  ls
 130  6.5932533e+00 6.35e-04 2.08e+03  -4.4 3.75e+00  -3.5 1.93e-01 5.43e-02h  1
 131  6.5671869e+00 1.60e-03 8.52e+03 -10.8 4.55e+00    -  1.85e-03 5.25e-02h  1
 132  6.5673406e+00 1.29e-03 6.43e+03  -5.0 3.21e-03   0.6 1.00e+00 1.96e-01h  1
 133  6.5676059e+00 3.15e-04 1.65e+03  -5.0 7.03e-03   0.1 1.00e+00 7.56e-01h  1
 134  6.5658291e+00 4.90e-05 2.13e+02  -5.4 1.14e-02  -0.4 8.93e-01 8.46e-01h  1
 135  6.5642340e+00 3.40e-05 1.67e+02  -6.2 3.43e-02  -0.9 5.25e-01 3.17e-01h  1
 136  6.5621295e+00 2.91e-05 2.28e+02  -6.2 8.68e-02  -1.3 4.71e-01 2.01e-01h  1
 137  6.5596653e+00 3.13e-05 2.64e+02  -6.1 2.39e-01  -1.8 5.47e-01 1.17e-01h  1
 138  6.5590992e+00 3.14e-05 3.01e+02  -8.0 6.22e-01  -2.3 1.82e-01 1.33e-02h  1
 139  6.5532881e+00 1.13e-04 2.79e+02  -5.7 1.30e+00  -2.8 7.54e-02 6.72e-02h  1
iter    objective    inf_pr   inf_du lg(mu)  ||d||  lg(rg) alpha_du alpha_pr  ls
 140  6.5521346e+00 9.79e-05 3.26e+02  -6.4 9.54e-02  -1.4 9.67e-01 1.46e-01h  1
 141  6.5494756e+00 9.50e-05 2.79e+02 -11.0 2.26e-01  -1.9 2.01e-01 1.58e-01h  1
 142  6.5489437e+00 8.79e-05 2.39e+02  -6.3 6.98e-02  -1.5 1.00e+00 8.07e-02h  1
 143  6.5443663e+00 1.19e-04 1.72e+02  -5.8 2.05e-01  -2.0 2.83e-01 3.12e-01h  1
 144  6.5413167e+00 1.53e-04 3.00e+02  -5.4 5.55e-01  -2.4 8.52e-01 9.90e-02h  1
 145  6.5340208e+00 7.46e-04 2.89e+02  -5.1 8.21e+00    -  3.41e-02 3.53e-02h  1
 146  6.5339951e+00 7.05e-04 5.33e+01  -5.8 4.09e-03  -0.2 8.90e-01 5.60e-02h  1
 147  6.5337991e+00 4.09e-04 1.56e+02  -6.2 1.83e-03   0.2 9.55e-01 4.19e-01h  1
 148  6.5334076e+00 2.07e-04 7.61e+01  -6.2 3.84e-03  -0.3 1.00e+00 4.95e-01h  1
 149  6.5330886e+00 1.19e-04 2.33e+02  -5.8 8.64e-03  -0.7 1.00e+00 4.24e-01h  1
iter    objective    inf_pr   inf_du lg(mu)  ||d||  lg(rg) alpha_du alpha_pr  ls
 150  6.5330459e+00 4.82e-09 1.29e-01  -5.9 5.22e-04   0.6 1.00e+00 1.00e+00h  1
 151  6.5326805e+00 4.73e-08 4.58e+01  -6.6 1.33e-03   0.1 1.00e+00 7.78e-01h  1
 152  6.5326495e+00 6.21e-08 3.03e+03  -7.1 1.79e-02  -0.4 1.00e+00 3.95e-02h  1
 153  6.5326758e+00 6.02e-08 3.55e+03  -5.3 1.00e-02  -0.8 6.31e-01 2.43e-02f  1
 154  6.5327342e+00 1.17e-07 2.04e+04  -5.6 5.02e-03  -0.4 1.00e+00 2.24e-01h  1
 155  6.5320270e+00 1.78e-05 4.47e+04  -5.6 1.15e-02  -0.9 3.72e-01 1.00e+00f  1
 156  6.5316132e+00 5.28e-06 1.32e+04 -11.0 1.56e-03   0.4 3.81e-01 7.04e-01h  1
 157  6.5315605e+00 1.56e-10 2.89e-01  -6.4 8.27e-05   1.8 1.00e+00 1.00e+00h  1
 158  6.5314605e+00 2.72e-09 4.36e+00  -6.8 1.95e-04   1.3 1.00e+00 9.36e-01h  1
 159  6.5313775e+00 5.95e-09 8.95e+00  -7.0 4.17e-04   0.8 1.00e+00 5.09e-01h  1
iter    objective    inf_pr   inf_du lg(mu)  ||d||  lg(rg) alpha_du alpha_pr  ls
 160  6.5313422e+00 7.06e-09 1.44e+01  -6.7 9.08e-04   0.3 1.00e+00 1.26e-01h  1
 161  6.5312236e+00 1.80e-08 1.32e+01  -6.9 2.19e-03  -0.1 7.27e-01 1.92e-01h  1
 162  6.5310871e+00 1.04e-07 5.40e+01  -7.2 6.52e-03  -0.6 1.00e+00 1.27e-01h  1
 163  6.5308285e+00 1.02e-06 1.16e+02  -7.8 1.81e-02  -1.1 1.00e+00 1.23e-01h  1
 164  6.5299219e+00 1.86e-05 1.55e+02  -6.6 4.97e-02  -1.6 1.00e+00 1.93e-01h  1
 165  6.5290385e+00 3.40e-05 2.38e+02  -6.0 1.43e-01  -2.0 1.00e+00 8.79e-02h  1
 166  6.5279396e+00 4.81e-05 2.28e+02  -6.9 4.86e-01  -2.5 9.50e-02 5.39e-02h  1
 167  6.5278773e+00 4.78e-05 3.81e+02  -5.7 1.72e-01  -2.1 4.12e-01 6.81e-03h  1
 168  6.5270994e+00 5.19e-05 3.70e+02  -6.8 5.30e-01  -2.6 6.89e-02 3.59e-02h  1
 169  6.5227172e+00 2.63e-04 3.14e+02  -5.5 1.30e+00  -3.1 7.97e-02 1.02e-01h  1
iter    objective    inf_pr   inf_du lg(mu)  ||d||  lg(rg) alpha_du alpha_pr  ls
 170  6.5193168e+00 3.32e-04 3.77e+02  -5.2 2.03e+00  -3.5 1.04e-01 4.75e-02h  1
 171  6.5161604e+00 3.71e-04 4.81e+02  -4.4 2.96e+00  -4.0 4.87e-02 3.54e-02f  1
 172  6.5077975e+00 1.00e-03 6.11e+02  -4.7 6.87e+00    -  6.81e-02 3.69e-02h  1
 173  6.5064662e+00 9.80e-04 6.15e+02 -11.0 1.35e+00  -3.6 1.04e-02 2.54e-02h  1
 174  6.5061182e+00 6.74e-04 3.73e+02  -6.3 3.70e-03  -0.4 8.37e-01 3.13e-01h  1
 175  6.5053742e+00 3.95e-04 2.91e+02  -7.0 8.85e-03  -0.9 9.03e-01 4.14e-01h  1
 176  6.5048497e+00 1.50e-04 1.10e+02  -7.7 3.34e-03  -0.5 7.23e-01 6.20e-01h  1
 177  6.5047426e+00 1.34e-04 1.47e+02  -7.0 2.50e-02  -1.0 7.79e-01 1.06e-01h  1
 178  6.5044913e+00 5.07e-05 2.11e+01  -6.6 4.07e-03  -0.5 1.00e+00 6.22e-01h  1
 179  6.5044098e+00 4.35e-05 1.14e+02  -6.2 1.08e-02  -1.0 8.69e-01 1.42e-01h  1
iter    objective    inf_pr   inf_du lg(mu)  ||d||  lg(rg) alpha_du alpha_pr  ls
 180  6.5041724e+00 3.58e-05 6.96e+01  -6.0 3.71e-02  -1.5 5.22e-01 1.80e-01h  1
 181  6.5028793e+00 3.86e-04 5.69e+01  -5.9 9.27e-02  -2.0 5.02e-01 4.49e-01h  1
 182  6.5024027e+00 3.58e-04 2.83e+02  -6.0 2.12e-01  -2.5 8.79e-01 7.43e-02h  1
 183  6.5018566e+00 3.22e-04 2.13e+02  -5.7 4.45e-01  -2.9 1.53e-01 9.93e-02h  1
 184  6.5008174e+00 1.02e-03 2.49e+02  -5.7 8.14e-01  -3.4 2.43e-02 1.40e-01h  1
 185  6.4997181e+00 3.43e-04 1.96e+02  -4.5 1.12e+01    -  1.34e-02 8.59e-03h  1
 186  6.4992419e+00 3.70e-04 1.13e+03  -4.3 3.30e+00    -  1.20e-01 1.73e-02h  1
 187  6.4969570e+00 2.81e-03 9.39e+02  -4.3 4.90e+00    -  4.01e-02 6.07e-02h  1
 188  6.4964755e+00 2.75e-03 1.05e+03  -4.8 1.11e+00    -  1.76e-01 2.85e-02h  1
 189  6.4950009e+00 2.53e-03 1.24e+03 -11.0 1.90e+00    -  5.76e-03 8.50e-02h  1
iter    objective    inf_pr   inf_du lg(mu)  ||d||  lg(rg) alpha_du alpha_pr  ls
 190  6.5011797e+00 2.52e-03 8.27e+03  -4.0 8.51e-01    -  5.07e-01 1.28e-01f  1
 191  6.5092947e+00 1.72e-03 5.75e+03  -4.4 2.96e-01    -  3.51e-01 7.94e-01h  1
 192  6.5103671e+00 2.52e-04 5.27e+03  -4.4 1.73e-01    -  4.28e-01 8.93e-01f  1
 193  6.5104328e+00 6.95e-05 9.91e+02  -4.4 2.70e-02  -0.3 8.30e-01 7.24e-01h  1
 194  6.5105248e+00 5.77e-06 1.30e+03  -4.4 6.57e-03  -0.8 2.49e-01 1.00e+00f  1
 195  6.5070638e+00 6.95e-07 4.35e+03  -6.4 6.41e-03   0.6 5.13e-01 1.00e+00h  1
 196  6.5061189e+00 3.72e-07 3.77e-01  -5.2 1.80e-03   1.0 1.00e+00 1.00e+00h  1
 197  6.5054197e+00 2.40e-07 5.20e+02  -5.7 4.42e-03   0.5 1.00e+00 3.55e-01h  1
 198  6.5041138e+00 6.14e-07 9.65e+01  -5.4 7.96e-03   0.0 1.00e+00 4.55e-01h  1
 199  6.5024815e+00 1.75e-06 2.63e+02  -5.2 1.30e-02  -0.4 1.00e+00 4.96e-01h  1
iter    objective    inf_pr   inf_du lg(mu)  ||d||  lg(rg) alpha_du alpha_pr  ls
 200  6.5001584e+00 4.42e-06 6.32e+01  -5.3 2.94e-02  -0.9 1.00e+00 3.47e-01h  1
 201  6.4965999e+00 7.53e-06 2.51e+02  -5.5 5.88e-02  -1.4 1.00e+00 3.40e-01h  1
 202  6.4945972e+00 1.14e-05 1.96e+02  -5.5 8.26e-02  -1.9 4.22e-01 2.29e-01h  1
 203  6.4927502e+00 2.21e-05 2.52e+02  -6.2 1.59e-01  -2.3 3.83e-01 2.16e-01h  1
 204  6.4919233e+00 3.20e-05 2.16e+02 -11.0 1.73e-01  -2.8 1.02e-01 1.15e-01h  1
 205  6.4903563e+00 5.83e-05 2.85e+02  -6.1 8.00e-02  -2.4 1.00e+00 3.89e-01h  1
 206  6.4902818e+00 1.50e-04 3.16e+02  -5.3 1.02e-01  -2.9 1.00e+00 3.83e-01h  1
 207  6.4897060e+00 8.38e-04 2.34e+02  -5.4 6.24e-01    -  2.49e-01 2.96e-01h  1
 208  6.4900405e+00 7.86e-04 1.14e+03  -4.7 1.60e+00    -  3.63e-01 5.66e-02h  1
 209  6.4904405e+00 7.37e-04 5.93e+02  -5.1 3.73e-01    -  3.51e-01 5.88e-01h  1
iter    objective    inf_pr   inf_du lg(mu)  ||d||  lg(rg) alpha_du alpha_pr  ls
 210  6.4906040e+00 4.32e-04 2.02e+02  -5.1 9.81e-02    -  1.00e+00 4.29e-01h  1
 211  6.4908580e+00 2.34e-04 2.97e+00  -5.1 8.81e-02    -  1.00e+00 1.00e+00f  1
 212  6.4908455e+00 2.53e-05 4.47e-01  -5.1 2.38e-02    -  1.00e+00 1.00e+00h  1
 213  6.4884261e+00 6.16e-06 6.29e+00  -5.6 8.28e-03  -1.5 1.00e+00 1.00e+00h  1
 214  6.4885156e+00 5.71e-06 3.44e+02  -5.4 8.98e-02    -  1.00e+00 2.66e-01h  1
 215  6.4884453e+00 4.35e-05 7.29e-01  -5.5 3.71e-02    -  1.00e+00 1.00e+00h  1
 216  6.4884426e+00 9.19e-07 9.60e-03  -5.5 6.49e-03    -  1.00e+00 1.00e+00h  1
 217  6.4877126e+00 1.96e-05 1.76e+02  -5.9 4.14e-02    -  1.00e+00 6.14e-01h  1
 218  6.4872455e+00 1.97e-05 3.84e+01  -6.0 2.69e-02    -  1.00e+00 8.78e-01h  1
 219  6.4876183e+00 1.04e-05 4.03e-01  -5.7 1.83e-02    -  1.00e+00 1.00e+00h  1
iter    objective    inf_pr   inf_du lg(mu)  ||d||  lg(rg) alpha_du alpha_pr  ls
 220  6.4874545e+00 1.03e-05 2.17e+02  -6.3 3.88e-02    -  1.00e+00 2.18e-01h  1
 221  6.4868443e+00 2.44e-06 6.05e-01  -6.5 5.88e-03  -2.0 1.00e+00 1.00e+00h  1
 222  6.4867808e+00 5.73e-05 5.74e+01  -6.9 1.18e-01    -  1.00e+00 3.70e-01h  1
 223  6.4867571e+00 8.78e-05 7.71e-02  -6.6 5.19e-02    -  1.00e+00 1.00e+00h  1
 224  6.4866669e+00 3.63e-06 2.77e-02  -7.2 1.55e-02    -  1.00e+00 1.00e+00h  1
 225  6.4866403e+00 6.20e-06 6.55e+00  -7.9 2.85e-02    -  1.00e+00 9.84e-01h  1
 226  6.4866352e+00 3.61e-06 5.45e+00 -11.0 2.67e-02    -  4.08e-01 6.92e-01h  1
 227  6.4866338e+00 5.69e-07 7.76e+00  -8.6 1.23e-02    -  1.54e-01 1.00e+00h  1
 228  6.4865758e+00 4.41e-07 7.75e+00  -8.6 5.94e-03    -  2.20e-03 2.37e-01h  1
 229  6.4833857e+00 1.33e-04 7.39e+00  -6.2 1.17e+00    -  1.61e-03 4.80e-02f  1
iter    objective    inf_pr   inf_du lg(mu)  ||d||  lg(rg) alpha_du alpha_pr  ls
 230  6.4827560e+00 1.37e-04 3.92e+01  -6.1 2.60e+00    -  1.18e-01 1.02e-02h  1
 231  6.4776572e+00 7.87e-04 3.49e+01  -6.4 1.12e+00    -  5.16e-02 8.69e-02h  1
 232  6.4775421e+00 9.17e-04 3.48e+01  -6.0 4.40e+00    -  3.04e-03 2.39e-03h  1
 233  6.4774071e+00 1.00e-03 3.50e+01  -6.5 8.60e+00    -  3.62e-02 2.59e-03h  1
 234  6.4737607e+00 3.26e-03 4.44e+01  -5.3 3.32e+00    -  1.35e-02 6.77e-02h  1
 235  6.4716135e+00 3.44e-03 4.23e+01  -8.8 2.78e+00    -  3.80e-02 4.40e-02h  1
 236  6.4688446e+00 3.41e-03 3.95e+01  -8.8 2.42e+00    -  6.28e-04 3.00e-02h  1
 237  6.4684912e+00 3.41e-03 4.01e+01 -11.0 1.14e+01    -  1.36e-02 2.59e-03h  1
 238  6.4654103e+00 1.15e-03 7.05e+01  -4.7 6.11e+00    -  4.20e-03 1.26e-02f  1
 239  6.4624084e+00 1.15e-03 2.93e+01  -4.6 3.19e+00    -  2.14e-02 1.30e-02h  1
iter    objective    inf_pr   inf_du lg(mu)  ||d||  lg(rg) alpha_du alpha_pr  ls
 240  6.4585338e+00 1.09e-03 2.33e+02  -4.6 4.58e-01  -2.5 9.63e-02 5.19e-02h  1
 241  6.4451580e+00 1.09e-03 2.51e+02 -11.0 6.37e+00    -  3.57e-04 3.47e-02h  1
 242  6.4398719e+00 1.06e-03 2.13e+02  -7.2 1.19e+00  -3.0 7.20e-02 2.97e-02h  1
 243  6.4224128e+00 1.71e-03 5.23e+02  -4.0 6.31e+00  -3.4 4.20e-02 2.58e-02f  1
 244  6.4147797e+00 1.92e-03 6.15e+02 -11.0 1.05e+01  -3.9 4.90e-04 8.02e-03h  1
 245  6.3962454e+00 1.88e-03 1.27e+03  -4.8 1.27e-01  -1.7 4.71e-01 1.00e+00h  1
 246  6.3931701e+00 1.11e-04 6.59e+02  -5.4 7.33e-03  -0.4 4.71e-01 9.42e-01h  1
 247  6.3906098e+00 5.44e-05 5.88e+02  -5.4 2.24e-02  -0.8 2.12e-01 5.43e-01h  1
 248  6.3899500e+00 3.77e-04 4.97e+02  -4.2 2.08e-01  -1.3 2.62e-01 3.37e-01f  1
 249  6.3755910e+00 1.00e-03 2.15e+03  -4.3 2.01e-01  -1.8 2.69e-01 6.03e-01h  1
iter    objective    inf_pr   inf_du lg(mu)  ||d||  lg(rg) alpha_du alpha_pr  ls
 250  6.3747128e+00 9.62e-04 3.24e+03  -5.0 1.14e-01  -1.4 3.87e-01 4.29e-02h  1
 251  6.3632774e+00 2.47e-04 1.26e+02  -4.9 4.86e-02  -0.9 9.33e-01 1.00e+00h  1
 252  6.3618899e+00 6.96e-05 9.99e+02  -5.6 3.94e-03   0.4 1.00e+00 7.19e-01h  1
 253  6.3612664e+00 1.88e-05 7.68e+02  -5.9 1.64e-03   0.8 1.00e+00 7.30e-01h  1
 254  6.3605461e+00 9.18e-06 3.87e+02  -6.6 3.40e-03   0.3 1.00e+00 5.15e-01h  1
 255  6.3597596e+00 6.54e-06 2.45e+02  -6.8 7.53e-03  -0.1 1.00e+00 3.07e-01h  1
 256  6.3594614e+00 6.24e-06 1.33e+03  -7.1 2.14e-02  -0.6 1.00e+00 5.19e-02h  1
 257  6.3582057e+00 3.54e-06 6.93e+01  -7.5 7.94e-03  -0.2 1.00e+00 5.73e-01h  1
 258  6.3575611e+00 9.17e-07 3.86e+01  -7.1 2.92e-03   0.2 1.00e+00 8.11e-01h  1
 259  6.3573987e+00 3.42e-07 5.55e+01  -6.9 1.02e-03   0.7 1.00e+00 6.57e-01h  1
iter    objective    inf_pr   inf_du lg(mu)  ||d||  lg(rg) alpha_du alpha_pr  ls
 260  6.3570709e+00 3.18e-07 3.42e+01  -7.8 3.09e-03   0.2 1.00e+00 4.43e-01h  1
 261  6.3570184e+00 2.62e-07 2.77e+01  -8.6 1.17e-03   0.6 1.00e+00 1.86e-01h  1
 262  6.3567574e+00 2.69e-07 1.90e+01  -8.4 3.53e-03   0.1 1.00e+00 3.28e-01h  1
 263  6.3565817e+00 2.98e-07 1.68e+01  -8.4 1.12e-02  -0.3 1.00e+00 7.70e-02h  1
 264  6.3564880e+00 2.82e-07 1.51e+01  -8.0 4.23e-03   0.1 1.00e+00 1.12e-01h  1
 265  6.3562109e+00 3.82e-07 1.39e+01  -8.5 1.25e-02  -0.4 1.00e+00 1.15e-01h  1
 266  6.3561163e+00 3.59e-07 1.23e+01  -9.2 4.74e-03   0.0 1.00e+00 1.06e-01h  1
 267  6.3555903e+00 8.12e-07 9.72e+00  -8.9 1.40e-02  -0.4 1.00e+00 2.10e-01h  1
 268  6.3552977e+00 8.92e-07 9.32e+00 -11.0 4.02e-02  -0.9 2.11e-02 4.04e-02h  1
 269  6.3552810e+00 8.87e-07 9.36e+00  -8.9 1.56e-02  -0.5 1.00e+00 6.11e-03h  1
iter    objective    inf_pr   inf_du lg(mu)  ||d||  lg(rg) alpha_du alpha_pr  ls
 270  6.3550577e+00 8.03e-07 7.15e+00  -8.7 5.93e-03  -0.1 1.00e+00 2.19e-01h  1
 271  6.3547156e+00 9.31e-07 6.49e+00  -8.5 1.74e-02  -0.5 1.00e+00 1.16e-01h  1
 272  6.3546727e+00 8.98e-07 6.13e+00  -8.8 6.59e-03  -0.1 1.00e+00 3.91e-02h  1
 273  6.3544355e+00 9.37e-07 5.78e+00  -8.8 1.94e-02  -0.6 1.00e+00 7.42e-02h  1
 274  6.3540515e+00 9.71e-07 3.92e+00  -9.5 7.39e-03  -0.2 1.00e+00 3.20e-01h  1
 275  6.3538782e+00 9.78e-07 2.37e+00  -7.3 2.16e-02  -0.7 4.64e-01 5.06e-02h  1
 276  6.3533782e+00 1.22e-06 3.52e+00  -7.6 6.24e-02  -1.1 3.06e-01 5.04e-02h  1
 277  6.3528617e+00 1.38e-06 3.45e+00 -11.0 1.84e-01  -1.6 1.94e-02 1.92e-02h  1
 278  6.3524142e+00 1.58e-06 3.13e+00  -7.3 7.26e-02  -1.2 1.99e-01 4.26e-02h  1
 279  6.3520516e+00 1.72e-06 2.98e+00  -7.5 2.90e-02  -0.8 5.11e-01 9.19e-02h  1
iter    objective    inf_pr   inf_du lg(mu)  ||d||  lg(rg) alpha_du alpha_pr  ls
 280  6.3506164e+00 4.27e-06 2.60e+00  -6.9 8.25e-02  -1.2 1.37e-01 1.29e-01h  1
 281  6.3502976e+00 4.16e-06 6.79e+00  -7.0 3.21e-02  -0.8 4.91e-01 7.59e-02h  1
 282  6.3488469e+00 6.64e-06 9.47e+00  -6.6 9.09e-02  -1.3 2.20e-01 1.23e-01h  1
 283  6.3482983e+00 6.35e-06 5.43e+00  -7.0 3.54e-02  -0.9 1.00e+00 1.22e-01h  1
 284  6.3467153e+00 9.20e-06 1.74e+01  -6.5 1.01e-01  -1.3 4.45e-01 1.25e-01h  1
 285  6.3460194e+00 8.72e-06 2.42e+01  -6.5 3.92e-02  -0.9 4.75e-01 1.47e-01h  1
 286  6.3439836e+00 1.36e-05 4.22e+01  -6.2 1.13e-01  -1.4 4.90e-01 1.51e-01h  1
 287  6.3385453e+00 4.63e-05 5.85e+01  -5.9 3.17e-01  -1.9 2.83e-01 1.48e-01h  1
 288  6.3365846e+00 4.57e-05 4.96e+01  -6.2 1.24e-01  -1.4 5.92e-01 1.40e-01h  1
 289  6.3338932e+00 5.15e-05 1.31e+02  -5.7 3.19e-01  -1.9 3.99e-01 7.75e-02h  1
iter    objective    inf_pr   inf_du lg(mu)  ||d||  lg(rg) alpha_du alpha_pr  ls
 290  6.3296002e+00 6.57e-05 1.65e+02  -5.2 8.59e-01  -2.4 9.00e-02 4.85e-02h  1
 291  6.3255801e+00 9.10e-05 2.96e+02  -5.1 2.00e+00  -2.9 1.23e-01 2.21e-02h  1
 292  6.3173549e+00 1.14e-03 2.20e+03  -4.5 1.47e+00  -3.3 3.59e-01 3.44e-02f  1
 293  6.3117061e+00 2.56e-03 2.17e+03  -4.6 9.51e+00    -  2.91e-02 1.35e-02h  1
 294  6.3025994e+00 9.89e-03 2.08e+03  -4.3 1.03e+01    -  1.74e-02 2.38e-02h  1
 295  6.3029773e+00 8.02e-03 3.29e+03  -3.7 9.88e+00    -  4.13e-02 1.03e-02h  1
 296  6.3000401e+00 4.72e-03 3.24e+03  -4.8 8.81e+00    -  2.33e-02 1.24e-02h  1
 297  6.2913004e+00 3.96e-03 3.14e+03  -6.8 5.94e+00    -  3.06e-02 3.65e-02h  1
 298  6.2882294e+00 3.83e-03 3.30e+03  -4.4 9.70e-01  -3.8 1.37e-01 3.89e-02h  1
 299  6.2826859e+00 3.56e-03 3.25e+03  -5.6 6.81e-01  -3.4 2.91e-02 7.53e-02h  1
iter    objective    inf_pr   inf_du lg(mu)  ||d||  lg(rg) alpha_du alpha_pr  ls
 300  6.2732277e+00 3.53e-03 3.04e+03  -5.3 5.74e+00    -  6.98e-02 1.05e-01h  1
 301  6.2682496e+00 3.27e-03 2.67e+03  -4.7 1.09e+00    -  6.78e-02 1.27e-01h  1
 302  6.2662262e+00 4.53e-03 2.01e+03  -4.3 2.94e+00    -  9.81e-02 1.48e-01h  1
 303  6.2684325e+00 2.94e-01 2.00e+03  -4.1 5.41e+00    -  1.23e-01 1.00e-01h  1
 304  6.2670986e+00 2.50e-01 1.88e+03  -4.6 1.73e+00    -  8.85e-02 4.10e-02h  1
 305  6.2666020e+00 4.60e-03 2.23e+03  -4.3 2.44e+00    -  2.34e-01 1.31e-01h  1
 306  6.2645063e+00 1.29e-02 1.98e+03  -4.6 1.55e+00    -  9.52e-02 1.15e-01h  1
 307  6.2634896e+00 4.28e-03 1.23e+03  -4.5 3.64e-01  -3.9 8.73e-01 3.53e-01h  1
 308  6.2724924e+00 3.74e-03 4.55e+03  -4.0 9.40e-01    -  5.07e-01 2.40e-01h  1
 309  6.2736586e+00 7.35e-03 2.60e+03  -4.3 6.48e-01    -  4.05e-01 4.63e-01h  1
iter    objective    inf_pr   inf_du lg(mu)  ||d||  lg(rg) alpha_du alpha_pr  ls
 310  6.2739889e+00 2.75e-03 1.61e+02  -4.3 1.64e-01    -  1.00e+00 8.07e-01h  1
 311  6.2620340e+00 2.11e-04 5.89e+01  -4.5 8.74e-02    -  1.00e+00 9.86e-01h  1
 312  6.2551874e+00 4.24e-04 1.74e+01  -4.7 7.52e-02    -  1.00e+00 1.00e+00h  1
 313  6.2493574e+00 1.18e-03 1.15e+01  -5.1 1.29e-01    -  1.00e+00 1.00e+00h  1
 314  6.2465128e+00 1.15e-03 3.47e+00  -5.6 1.65e-01    -  1.00e+00 1.00e+00h  1
 315  6.2475023e+00 1.76e-04 4.72e-01  -5.4 7.21e-02    -  1.00e+00 1.00e+00h  1
 316  6.2465551e+00 1.23e-04 3.32e-01  -5.6 4.96e-02    -  1.00e+00 9.99e-01h  1
 317  6.2456659e+00 7.54e-05 3.65e-01  -6.1 4.52e-02    -  1.00e+00 1.00e+00h  1
 318  6.2457184e+00 5.88e-05 3.98e+02  -5.8 1.07e-03   0.2 1.00e+00 2.20e-01h  1
 319  6.2460830e+00 2.79e-05 2.38e+02  -5.4 1.50e-03   0.6 1.00e+00 5.26e-01h  1
iter    objective    inf_pr   inf_du lg(mu)  ||d||  lg(rg) alpha_du alpha_pr  ls
 320  6.2459017e+00 6.68e-09 7.13e-03  -5.9 3.98e-04   0.1 1.00e+00 1.00e+00h  1
 321  6.2454789e+00 1.38e-07 1.23e-01  -6.5 1.09e-03  -0.4 1.00e+00 1.00e+00h  1
 322  6.2454123e+00 1.41e-07 3.73e+01  -6.7 2.39e-03  -0.8 1.00e+00 4.49e-01h  1
 323  6.2454040e+00 1.42e-07 1.67e+03  -6.9 6.84e-03  -1.3 1.00e+00 4.13e-02h  1
 324  6.2452550e+00 9.26e-06 1.10e+04  -7.0 3.93e-02  -1.8 4.94e-02 3.19e-01h  1
 325  6.2452532e+00 8.19e-06 9.78e+03  -6.9 2.10e-03   2.2 2.44e-01 1.16e-01f  1
 326  6.2452266e+00 1.46e-10 1.06e-02  -7.0 4.35e-05   1.8 1.00e+00 1.00e+00h  1
 327  6.2451839e+00 1.70e-09 1.11e+00  -7.7 9.76e-05   1.3 1.00e+00 9.58e-01h  1
 328  6.2451702e+00 2.10e-09 1.71e+00  -8.0 2.12e-04   0.8 1.00e+00 4.20e-01h  1
 329  6.2451618e+00 1.86e-09 1.80e+00  -8.3 5.65e-04   0.3 1.00e+00 2.57e-01h  1
iter    objective    inf_pr   inf_du lg(mu)  ||d||  lg(rg) alpha_du alpha_pr  ls
 330  6.2451560e+00 2.91e-09 1.74e+00  -8.3 1.22e-03  -0.1 1.00e+00 1.40e-01h  1
 331  6.2451471e+00 8.84e-09 2.76e+00  -8.4 2.95e-03  -0.6 1.00e+00 1.43e-01f  1
 332  6.2451362e+00 1.55e-08 3.00e+00  -8.4 4.56e-03  -1.1 1.00e+00 9.80e-02h  1
 333  6.2451175e+00 8.35e-08 3.11e+00  -8.6 1.03e-02  -1.6 1.00e+00 9.27e-02f  1
 334  6.2450868e+00 4.01e-07 3.03e+00  -8.8 2.65e-02  -2.0 1.00e+00 7.59e-02h  1
 335  6.2450007e+00 3.55e-06 4.07e+00  -8.4 5.34e-02  -2.5 1.00e+00 1.17e-01h  1
 336  6.2449145e+00 6.77e-06 1.34e+01  -7.7 9.47e-02  -3.0 1.00e+00 8.11e-02h  1
 337  6.2448539e+00 8.16e-06 3.16e+01  -7.1 1.57e-01  -3.5 8.04e-01 4.80e-02h  1
 338  6.2447969e+00 9.69e-06 3.24e+01  -6.4 2.68e-01  -4.0 7.29e-02 5.05e-02h  1
 339  6.2447191e+00 2.07e-05 3.55e+01  -6.7 3.78e-01  -4.4 2.28e-01 7.49e-02h  1
iter    objective    inf_pr   inf_du lg(mu)  ||d||  lg(rg) alpha_du alpha_pr  ls
 340  6.2445427e+00 1.07e-04 3.32e+01 -11.0 2.13e-01  -4.0 1.69e-02 2.11e-01h  1
 341  6.2445420e+00 1.07e-04 4.88e+01  -6.2 2.60e-01  -2.7 1.94e-01 1.22e-03h  1
 342  6.2444970e+00 1.02e-04 3.93e+01  -6.8 7.09e-02  -3.2 2.70e-01 1.39e-01h  1
 343  6.2444136e+00 1.23e-04 1.77e+01  -7.5 1.02e-01  -3.6 4.76e-01 2.48e-01h  1
 344  6.2443189e+00 2.81e-04 2.71e+00  -7.1 1.15e-01  -4.1 9.97e-01 5.99e-01h  1
 345  6.2442898e+00 1.44e-04 1.08e-01  -7.3 7.40e-02  -4.6 1.00e+00 1.00e+00h  1
 346  6.2442743e+00 2.37e-06 3.09e-03  -8.1 1.63e-02    -  1.00e+00 1.00e+00h  1
 347  6.2442712e+00 7.81e-07 1.19e+00  -8.7 9.74e-03    -  1.00e+00 1.00e+00h  1
 348  6.2442704e+00 1.88e-07 7.47e-01 -11.0 1.74e-03  -5.1 4.12e-01 7.59e-01h  1
 349  6.2442704e+00 1.12e-07 4.78e-01  -9.9 6.38e-04  -5.5 1.49e-01 4.05e-01h  1
iter    objective    inf_pr   inf_du lg(mu)  ||d||  lg(rg) alpha_du alpha_pr  ls
 350  6.2442554e+00 4.49e-09 5.90e-01  -9.4 8.93e-04  -6.0 1.84e-03 1.00e+00h  1
 351  6.2441444e+00 1.56e-07 5.90e-01  -7.0 1.02e+01  -6.5 7.58e-05 5.52e-04f  1
 352  6.2441402e+00 5.34e-06 5.90e-01  -7.7 3.42e+00  -7.0 2.30e-02 9.13e-05h  1
 353  6.2438818e+00 1.48e-05 5.77e-01  -9.0 9.62e-01  -7.5 2.82e-03 2.23e-02h  1
 354  6.2434923e+00 3.21e-05 5.63e-01 -11.0 1.02e+00  -7.9 6.43e-05 2.38e-02h  1
 355  6.2419676e+00 1.69e-04 5.60e-01  -6.9 8.41e+00  -7.5 1.38e-03 4.94e-03f  1
 356  6.2418895e+00 7.48e-04 5.60e-01  -6.8 1.94e+02  -8.0 9.34e-03 2.74e-04h  1
 357  6.2418816e+00 1.27e-03 9.99e-01  -7.5 8.69e-01  -8.5 1.31e-01 6.04e-04h  1
 358  6.2417230e+00 1.09e-03 8.72e-01  -8.3 1.05e-01    -  5.84e-02 1.51e-01h  1
 359  6.2415883e+00 8.99e-04 8.96e-01 -11.0 9.77e-02    -  2.73e-02 1.75e-01h  1
iter    objective    inf_pr   inf_du lg(mu)  ||d||  lg(rg) alpha_du alpha_pr  ls
 360  6.2409406e+00 6.91e-04 1.22e+00 -11.0 1.06e-01    -  2.90e-04 2.31e-01h  1
 361  6.2404315e+00 6.79e-04 1.21e+00  -6.4 5.13e+00    -  2.01e-03 4.93e-03h  1
 362  6.2404209e+00 6.79e-04 1.22e+00 -11.0 2.76e+00    -  5.23e-03 1.21e-04h  1
 363  6.2378310e+00 1.12e-03 3.19e+00  -6.2 7.43e+00    -  6.32e-05 2.75e-02h  1
 364  6.2369722e+00 1.15e-03 3.46e+00  -6.1 2.12e+01    -  2.30e-03 4.21e-03h  1
 365  6.2362155e+00 1.15e-03 3.46e+00  -6.9 3.02e+01  -5.3 2.89e-03 3.77e-03h  1
 366  6.2362078e+00 1.15e-03 3.46e+00  -6.0 2.39e+03  -5.8 2.76e-05 5.42e-06h  1
 367  6.2361970e+00 1.15e-03 3.46e+00  -8.1 1.44e+01  -5.4 3.69e-04 7.70e-05h  1
 368  6.2360159e+00 1.15e-03 1.26e+00  -6.0 3.73e+02  -5.8 1.28e-02 1.04e-03f  1
 369  6.2358024e+00 1.14e-03 1.80e+00  -5.7 8.45e+01    -  2.40e-04 1.55e-03h  1
iter    objective    inf_pr   inf_du lg(mu)  ||d||  lg(rg) alpha_du alpha_pr  ls
 370  6.2357959e+00 1.14e-03 2.86e+01  -5.8 1.49e+01    -  9.11e-02 4.94e-04h  1
 371  6.2353318e+00 1.15e-03 2.77e+01  -7.1 2.51e+00  -5.4 1.88e-02 5.25e-02h  1
 372  6.2352243e+00 1.08e-03 2.72e+01  -5.6 5.78e+01  -5.9 5.36e-03 6.06e-03h  1
 373  6.2351711e+00 1.07e-03 3.34e+01  -5.8 1.41e+01  -6.4 2.31e-02 2.90e-03h  1
 374  6.2349914e+00 1.66e-01 6.75e+01  -5.0 1.35e+02  -6.0 2.01e-02 2.61e-03h  1
 375  6.2332871e+00 2.33e-03 1.28e+01  -5.1 5.19e+00    -  3.39e-02 8.54e-02h  1
 376  6.2327025e+00 2.52e-03 2.00e+01  -5.3 4.72e+00    -  4.53e-02 1.46e-02h  1
 377  6.2305356e+00 2.07e-02 2.66e+01 -11.0 2.50e+00    -  1.14e-02 5.38e-02h  1
 378  6.2279915e+00 8.84e-03 1.89e+01  -5.3 5.45e-01  -2.8 1.48e-01 1.89e-01h  1
 379  6.2264791e+00 5.89e-02 2.68e+01  -5.3 1.38e+01  -3.3 6.29e-03 1.94e-02h  1
iter    objective    inf_pr   inf_du lg(mu)  ||d||  lg(rg) alpha_du alpha_pr  ls
 380  6.2263515e+00 5.80e-02 6.57e+01  -7.3 5.21e-01  -2.9 1.32e-01 6.84e-03h  1
 381  6.2244880e+00 5.33e-02 7.10e+01  -5.2 1.59e+01  -3.3 4.82e-03 1.20e-02h  1
 382  6.2244549e+00 5.28e-02 4.75e+01  -5.4 3.29e-01  -2.9 1.99e-01 2.48e-03h  1
 383  6.2232622e+00 3.88e-03 3.26e+02  -4.5 1.60e+00  -3.4 6.63e-02 1.27e-01h  1
 384  6.2226645e+00 3.74e-03 3.05e+02 -11.0 6.51e-01  -3.0 2.48e-02 3.55e-02h  1
 385  6.2204866e+00 3.54e-03 3.13e+02  -5.0 4.99e+00  -2.5 2.81e-02 5.22e-02h  1
 386  6.2225912e+00 3.03e-03 2.92e+03  -4.2 4.03e-01  -2.1 4.42e-01 1.45e-01h  1
 387  6.2234723e+00 2.88e-03 2.91e+03  -3.8 5.61e+00    -  3.44e-02 3.15e-02h  1
 388  6.2230034e+00 2.71e-03 2.56e+03  -4.6 3.67e-01    -  1.78e-01 6.21e-02h  1
 389  6.2210671e+00 1.43e-03 1.28e+03  -4.6 3.55e-01    -  3.82e-01 6.09e-01f  1
iter    objective    inf_pr   inf_du lg(mu)  ||d||  lg(rg) alpha_du alpha_pr  ls
 390  6.2201739e+00 1.06e-03 9.04e+01  -4.7 1.57e-01  -2.6 7.35e-01 2.78e-01h  1
 391  6.2155655e+00 8.05e-05 9.66e+00  -5.0 6.42e-02  -2.2 1.00e+00 1.00e+00h  1
 392  6.2134392e+00 9.33e-05 1.30e+02 -11.0 9.51e-02  -2.6 3.30e-01 3.92e-01h  1
 393  6.2115744e+00 2.22e-04 8.14e+01  -5.6 1.10e-01  -2.2 1.00e+00 8.93e-01h  1
 394  6.2106263e+00 6.40e-05 3.66e+01  -5.9 4.94e-02  -1.8 1.00e+00 8.95e-01h  1
 395  6.2104795e+00 4.64e-05 2.54e+01  -5.9 6.64e-02  -2.3 1.00e+00 2.76e-01h  1
 396  6.2107147e+00 3.16e-04 8.94e+02  -4.9 2.51e+00    -  4.83e-01 7.64e-02h  1
 397  6.2118985e+00 2.92e-04 2.39e+02  -5.3 3.24e-02  -1.8 1.75e-01 1.00e+00h  1
 398  6.2115606e+00 2.40e-04 3.87e+02  -5.5 2.13e-01    -  1.00e+00 2.21e-01h  1
 399  6.2103677e+00 2.88e-04 3.98e+00  -5.6 1.63e-01    -  1.00e+00 1.00e+00h  1
iter    objective    inf_pr   inf_du lg(mu)  ||d||  lg(rg) alpha_du alpha_pr  ls
 400  6.2094994e+00 3.67e-05 1.40e+00  -6.1 6.52e-02    -  1.00e+00 1.00e+00h  1
 401  6.2093080e+00 4.21e-05 8.99e-01  -6.5 7.58e-02    -  1.00e+00 9.89e-01h  1
 402  6.2091889e+00 2.85e-05 2.01e-01  -7.2 6.61e-02    -  1.00e+00 9.96e-01h  1
 403  6.2092075e+00 5.75e-06 3.93e-03  -6.9 2.12e-02    -  1.00e+00 1.00e+00h  1
 404  6.2091808e+00 3.78e-06 5.38e-03  -7.2 2.20e-02    -  1.00e+00 1.00e+00h  1
 405  6.2091654e+00 7.31e-06 1.34e+00  -7.6 2.29e-02    -  1.00e+00 9.73e-01h  1
 406  6.2091652e+00 7.21e-06 6.14e+01 -11.0 1.44e-03  -0.5 6.91e-02 1.38e-02h  1
 407  6.2091470e+00 5.98e-06 8.34e-01  -7.8 2.34e-02    -  1.00e+00 1.00e+00h  1
 408  6.2091887e+00 3.02e-04 7.50e+00  -6.8 2.13e-01    -  1.00e+00 7.11e-01h  1
 409  6.2091918e+00 5.58e-05 2.05e-04  -6.9 8.82e-02    -  1.00e+00 1.00e+00h  1

Number of Iterations....: 409

                                   (scaled)                 (unscaled)
Objective...............:   6.2091917827667480e+00    6.2091917827667480e+00
Dual infeasibility......:   2.0510040517250465e-04    2.0510040517250465e-04
Constraint violation....:   5.5846119990080880e-05    5.5846119990080880e-05
Complementarity.........:   3.1553622605635760e-07    3.1553622605635760e-07
Overall NLP error.......:   2.0510040517250465e-04    2.0510040517250465e-04


Number of objective function evaluations             = 410
Number of objective gradient evaluations             = 410
Number of equality constraint evaluations            = 410
Number of inequality constraint evaluations          = 410
Number of equality constraint Jacobian evaluations   = 410
Number of inequality constraint Jacobian evaluations = 410
Number of Lagrangian Hessian evaluations             = 409
Total CPU secs in IPOPT (w/o function evaluations)   =      2.343
Total CPU secs in NLP function evaluations           =      0.964

EXIT: Optimal Solution Found.
 
Ipopt 3.13.4: Optimal Solution Found

suffix ipopt_zU_out OUT;
suffix ipopt_zL_out OUT;

"option abs_boundtol 7.614281419821012e-07;"
or "option rel_boundtol 1.0152375226428016e-06;"
will change deduced dual values.

sum{i in 1 .. Nfe - 1} dt[i] = 29.3371

tf = 29.3371

