param dmin := 0.010000000000;
param Nedge :=
1 4
2 4
3 4
4 4
5 4
6 4
;
param ObsA :=
1 1 1 -0.588664569768
1 1 2 0.808377402146
1 2 1 0.770394321125
1 2 2 0.637567714034
1 3 1 0.441118850072
1 3 2 -0.897448694974
1 4 1 -0.592010494996
1 4 2 -0.805930253691
2 1 1 0.000000000000
2 1 2 -1.000000000000
2 2 1 1.000000000000
2 2 2 -0.000000000000
2 3 1 0.018515344006
2 3 2 0.999828576325
2 4 1 -1.000000000000
2 4 2 -0.000000000000
3 1 1 0.018630306350
3 1 2 0.999826440781
3 2 1 0.999108513517
3 2 2 0.042215852684
3 3 1 -0.036339618107
3 3 2 -0.999339497946
3 4 1 -0.999891886048
3 4 2 0.014704292442
4 1 1 0.006060494758
4 1 2 -0.999981635033
4 2 1 1.000000000000
4 2 2 -0.000000000000
4 3 1 -0.006060494758
4 3 2 0.999981635033
4 4 1 -1.000000000000
4 4 2 -0.000000000000
5 1 1 -0.999927428426
5 1 2 0.012047318415
5 2 1 -0.018746704970
5 2 2 -0.999824265085
5 3 1 0.996921232993
5 3 2 0.078409535179
5 4 1 -0.019732999054
5 4 2 0.999805285417
6 1 1 -0.003906220198
6 1 2 -0.999992370693
6 2 1 0.999990868706
6 2 2 0.004273465251
6 3 1 0.000000000000
6 3 2 1.000000000000
6 4 1 -0.999990790158
6 4 2 -0.004291805966
;
param Obsb :=
1 1 0.019543189942
1 2 10.749521774477
1 3 3.511504720792
1 4 -4.638820016523
2 1 -19.628571428571
2 2 28.089795918367
2 3 21.687891521828
2 4 -24.122448979592
3 1 14.714063871066
3 2 28.737278624690
3 3 -13.470948107346
3 4 -24.008028366212
4 1 -21.686058129686
4 2 28.163265306122
4 3 23.375823015007
4 4 -24.122448979592
5 1 -24.091932329494
5 2 -15.036081660826
5 3 29.238709929038
5 4 16.133700026786
6 1 -12.820406014968
6 2 18.886954694639
6 3 29.938775510204
6 4 -0.079512274617
;
