  0.00000000
  0.74999891
  0.74999886
  0.74999873
  0.74999850
  0.74999810
  0.74999728
  0.74999506
  0.11258599
 -0.74999503
 -0.74999753
 -0.74999836
 -0.74999874
 -0.74999895
 -0.74999908
 -0.74999916
 -0.74999922
 -0.74999926
 -0.74999928
 -0.74999929
 -0.74999929
 -0.74999927
 -0.74999923
 -0.74999918
 -0.74999911
 -0.74999904
 -0.74999895
 -0.74999885
 -0.74999873
 -0.74999859
 -0.74999843
 -0.74999822
 -0.74999799
 -0.74999775
 -0.74999749
 -0.74999713
 -0.74999667
 -0.74999585
 -0.74999489
 -0.74999358
 -0.74999003
 -0.74998566
 -0.74997176
 -0.12337594
 -0.00000054
 -0.00000039
 -0.00000007
 -0.00000028
 -0.00000093
  0.00000296
 -0.00000079
 -0.00000072
 -0.00000130
  0.00000019
 -0.00000130
 -0.00000104
  0.28593930
  0.74998223
  0.74999043
  0.74999290
  0.74998587
  0.74998675
  0.74999428
  0.74999505
  0.74999547
  0.74999670
  0.74999723
  0.74999758
  0.74999782
  0.74999746
  0.74999761
  0.74999775
  0.74999788
  0.74999799
  0.74999809
  0.74999821
  0.74999830
  0.74999838
  0.74999845
  0.74999852
  0.74999858
  0.74999864
  0.74999870
  0.74999874
  0.74999879
  0.74999883
  0.74999887
  0.74999891
  0.00000000
