  0.01000620
  0.24998969
  0.24995272
  0.24785515
  0.24208781
  0.23577041
  0.22862136
  0.24962324
  0.24912350
  0.24999850
  0.24999857
  0.24999861
  0.24999878
  0.24999861
  0.24999843
  0.24999823
  0.24999799
  0.24999928
  0.24999924
  0.24999920
  0.24999914
  0.24999905
  0.24999890
  0.24999924
  0.24999924
  0.24999922
  0.24999920
  0.24999916
  0.24999910
  0.24999902
  0.24999891
  0.24999880
  0.24999905
  0.24999903
  0.24999864
  0.24999917
  0.24999917
  0.23657756
  0.23623418
  0.24998843
  0.21255291
  0.22089857
  0.21550643
  0.22041305
  0.24213359
  0.24493269
  0.24574005
  0.24619442
  0.24999270
  0.24999260
  0.23599098
  0.24235068
  0.24611585
  0.24998215
  0.24998240
  0.24999706
  0.24999879
  0.24999909
  0.24999909
  0.24999904
  0.11608195
  0.11608212
  0.24308340
  0.24020161
  0.22531264
  0.24997041
  0.24999865
  0.24999865
  0.24999863
  0.20082861
  0.20082808
  0.20082796
  0.20082777
  0.20082756
  0.20082733
  0.20479078
  0.20493958
  0.20510224
  0.20529743
  0.20573211
  0.20589485
  0.20599719
  0.20632310
  0.20632241
  0.20632235
  0.20632219
  0.20632203
  0.20632227
