  0.02310491
  0.02310491
  0.02109585
  0.02357019
  0.03632880
  0.05543770
  0.08019102
  0.11807435
  0.13610859
  0.13928933
  0.12095018
  0.10261096
  0.07384149
  0.04682674
  0.02864885
  0.02089977
  0.02332541
  0.02310493
  0.02103259
  0.02993833
  0.04965456
  0.07904622
  0.12078499
  0.16346243
  0.18877412
  0.21501115
  0.24217351
  0.27026118
  0.29927414
  0.32921238
  0.36007587
  0.39186458
  0.36533795
  0.30125476
  0.23644403
  0.16819692
  0.09407041
  0.02310516
  0.18279641
  0.21138103
  0.02310435
  0.02310435
  0.18172435
  0.37122458
  0.47354251
  0.25087774
  0.03106065
  0.02310896
  0.02310610
  0.13358110
  0.24028608
  0.36864949
  0.35670372
  0.24873115
  0.32977826
  0.47072733
  0.54213659
  0.38622369
  0.24180588
  0.11870394
  0.02310499
  0.02310538
  0.02310502
  0.09451894
  0.15619678
  0.24619477
  0.24448107
  0.15203607
  0.07559939
  0.02310507
  0.02310635
  0.02310660
  0.02310693
  0.02310738
  0.02310801
  0.02310671
  0.03352104
  0.05150006
  0.06632195
  0.05878291
  0.03828312
  0.02370534
  0.02310106
  0.02308966
  0.02309232
  0.02309351
  0.02309418
  0.02310001
