task_id 5

[x]
1 6.000000000000
2 6.000000000000
3 6.000000000000
4 6.000037320000
5 6.000384950000
6 6.002503510000
7 6.009894940000
8 6.028674460000
9 6.072955100000
10 6.160331700000
11 6.291102760000
12 6.437159440000
13 6.581206740000
14 6.709977580000
15 6.812772320000
16 6.883204600000
17 6.918320550000
18 6.917049540000
19 6.879230340000
20 6.804862690000
21 6.693414840000
22 6.543133270000
23 6.350402840000
24 6.109355390000
25 5.812246840000
26 5.453554190000
27 5.034886070000
28 4.564682920000
29 4.060495690000
30 3.550840120000
31 3.075988690000
32 2.686897830000
33 2.441418800000
34 2.397113900000
35 2.565254600000
36 2.917870790000
37 3.419198980000
38 4.031748510000
39 4.680991550000
40 5.358457690000
41 6.060310400000
42 6.632961880000
43 7.249246550000
44 7.871930110000
45 8.478740990000
46 9.021846970000
47 9.394415930000
48 9.672459400000
49 9.944512680000
50 10.220755810000
51 10.496996740000
52 10.847236000000
53 11.376433570000
54 12.154612740000
55 13.139966820000
56 14.230782570000
57 15.422972630000
58 16.672905790000
59 17.837892100000
60 18.833103870000
61 19.684835510000
62 20.039037150000
63 20.386176470000
64 21.098316470000
65 21.771409310000
66 22.337093170000
67 22.860280820000
68 23.229664940000
69 23.447616020000
70 23.573839090000
71 23.640936740000
72 23.704561940000
73 23.764715600000
74 23.821397740000
75 23.874608420000
76 23.924347710000
77 23.971528910000
78 24.015131390000
79 24.048386800000
80 24.067207310000
81 24.069781510000
82 24.060851030000
83 24.047400780000
84 24.033860140000
85 24.022576110000
86 24.013547100000
87 24.006774230000
88 24.002258300000
89 24.000000000000

[y]
1 2.000000000000
2 2.000000000000
3 2.000000000000
4 2.046864110000
5 2.139798360000
6 2.275556120000
7 2.450438880000
8 2.659755940000
9 2.928396660000
10 3.234531760000
11 3.533688660000
12 3.772126690000
13 3.954935900000
14 4.088969040000
15 4.182522990000
16 4.241895950000
17 4.270425170000
18 4.269404700000
19 4.239033860000
20 4.179312640000
21 4.090907300000
22 3.976081410000
23 3.839874410000
24 3.691834850000
25 3.548785570000
26 3.433948900000
27 3.370147450000
28 3.382905830000
29 3.498420280000
30 3.740264220000
31 4.124759560000
32 4.655237060000
33 5.315850320000
34 6.066166640000
35 6.846760840000
36 7.615079630000
37 8.353168340000
38 9.065019830000
39 9.735159270000
40 10.434430660000
41 11.248169400000
42 12.010595850000
43 12.831114190000
44 13.660150720000
45 14.572921430000
46 15.654933400000
47 16.821548180000
48 18.018374520000
49 19.218906200000
50 20.437961360000
51 21.657016550000
52 22.783792070000
53 23.873880900000
54 24.827172700000
55 25.596168240000
56 26.206413840000
57 26.582105790000
58 26.594350530000
59 26.193182870000
60 25.549466170000
61 24.794183080000
62 24.431685800000
63 24.076416280000
64 23.347595210000
65 22.658736030000
66 22.007228070000
67 21.256554400000
68 20.470808350000
69 19.678886840000
70 18.914749930000
71 18.334105120000
72 17.783510820000
73 17.262965800000
74 16.772470200000
75 16.312023990000
76 15.881627120000
77 15.473377970000
78 15.096101370000
79 14.749127220000
80 14.432370110000
81 14.146071220000
82 13.891460140000
83 13.668781950000
84 13.477700560000
85 13.318466720000
86 13.191079850000
87 13.095539860000
88 13.031846640000
89 13.000000000000

[theta]
1 1.570000000000
2 1.570000000000
3 1.570000000000
4 1.567055770000
5 1.555192140000
6 1.528556350000
7 1.481317600000
8 1.407433290000
9 1.292770320000
10 1.158694830000
11 1.021195500000
12 0.903436910000
13 0.805419150000
14 0.738369780000
15 0.700404060000
16 0.682274070000
17 0.676497730000
18 0.676600140000
19 0.676600160000
20 0.670607810000
21 0.652446320000
22 0.615223690000
23 0.550759830000
24 0.448715180000
25 0.309842070000
26 0.151227970000
27 -0.027127110000
28 -0.225223150000
29 -0.443060130000
30 -0.680638010000
31 -0.937956740000
32 -1.215016270000
33 -1.511816510000
34 -1.782955650000
35 -2.001064110000
36 -2.167442740000
37 -2.281355750000
38 -2.340357800000
39 -2.340357480000
40 -2.282504790000
41 -2.214995140000
42 -2.214995850000
43 -2.214996570000
44 -2.157506070000
45 -2.035995210000
46 -1.879917490000
47 -1.799064360000
48 -1.793643260000
49 -1.793637220000
50 -1.793635510000
51 -1.872161990000
52 -2.022746030000
53 -2.255400570000
54 -2.478902490000
55 -2.631531510000
56 -2.836315850000
57 -3.131796680000
58 -3.473228690000
59 -3.715724660000
60 -3.867045420000
61 -3.938566150000
62 -3.938566050000
63 -3.938565520000
64 -3.938565360000
65 -3.997383830000
66 -4.103707930000
67 -4.272941090000
68 -4.443820080000
69 -4.548683400000
70 -4.597342150000
71 -4.597341960000
72 -4.597340300000
73 -4.597338360000
74 -4.597336060000
75 -4.597333270000
76 -4.597329790000
77 -4.597327790000
78 -4.616836760000
79 -4.653042520000
80 -4.703397890000
81 -4.747449380000
82 -4.772717610000
83 -4.783133740000
84 -4.783135090000
85 -4.783149200000
86 -4.783160980000
87 -4.783171760000
88 -4.783182160000
89 -4.783185310000

[v]
1 0.000000000000
2 0.000000000000
3 0.187492000000
4 0.374956260000
5 0.560847310000
6 0.742412810000
7 0.919240170000
8 1.090705570000
9 1.277921760000
10 1.305969040000
11 1.118471410000
12 0.930973100000
13 0.743474550000
14 0.555975780000
15 0.368477080000
16 0.180978490000
17 -0.006519970000
18 -0.194018260000
19 -0.381517540000
20 -0.569016790000
21 -0.756516010000
22 -0.944015180000
23 -1.131514290000
24 -1.319013270000
25 -1.506512500000
26 -1.694011700000
27 -1.881510880000
28 -2.069010010000
29 -2.256509100000
30 -2.444008100000
31 -2.631507020000
32 -2.819005810000
33 -3.006504460000
34 -3.194003250000
35 -3.381501950000
36 -3.569000310000
37 -3.756498960000
38 -3.943997510000
39 -4.121429700000
40 -4.298604120000
41 -4.486093840000
42 -4.645506400000
43 -4.811177150000
44 -4.972800890000
45 -4.999994830000
46 -4.999994960000
47 -4.999995060000
48 -4.999995070000
49 -4.999995140000
50 -4.999995370000
51 -4.999994630000
52 -4.999994820000
53 -4.999994990000
54 -4.999995310000
55 -4.999995260000
56 -4.999995590000
57 -4.999995850000
58 -4.928511390000
59 -4.741016520000
60 -4.553519600000
61 -4.366022100000
62 -4.278962290000
63 -4.191902260000
64 -4.009591080000
65 -3.829441060000
66 -3.660457590000
67 -3.472980610000
68 -3.285482320000
69 -3.097983940000
70 -2.910485510000
71 -2.759864560000
72 -2.609243980000
73 -2.458623460000
74 -2.308003060000
75 -2.157382790000
76 -2.006762680000
77 -1.853169950000
78 -1.699465610000
79 -1.545639270000
80 -1.391666520000
81 -1.237367740000
82 -1.082946890000
83 -0.928449280000
84 -0.773707230000
85 -0.618965680000
86 -0.464224170000
87 -0.309482770000
88 -0.154741480000
89 0.000000000000

[a]
1 0.000000000000
2 0.749998910000
3 0.749998860000
4 0.749998730000
5 0.749998500000
6 0.749998100000
7 0.749997280000
8 0.749995060000
9 0.112585990000
10 -0.749995030000
11 -0.749997530000
12 -0.749998360000
13 -0.749998740000
14 -0.749998950000
15 -0.749999080000
16 -0.749999160000
17 -0.749999220000
18 -0.749999260000
19 -0.749999280000
20 -0.749999290000
21 -0.749999290000
22 -0.749999270000
23 -0.749999230000
24 -0.749999180000
25 -0.749999110000
26 -0.749999040000
27 -0.749998950000
28 -0.749998850000
29 -0.749998730000
30 -0.749998590000
31 -0.749998430000
32 -0.749998220000
33 -0.749997990000
34 -0.749997750000
35 -0.749997490000
36 -0.749997130000
37 -0.749996670000
38 -0.749995850000
39 -0.749994890000
40 -0.749993580000
41 -0.749990030000
42 -0.749985660000
43 -0.749971760000
44 -0.123375940000
45 -0.000000540000
46 -0.000000390000
47 -0.000000070000
48 -0.000000280000
49 -0.000000930000
50 0.000002960000
51 -0.000000790000
52 -0.000000720000
53 -0.000001300000
54 0.000000190000
55 -0.000001300000
56 -0.000001040000
57 0.285939300000
58 0.749982230000
59 0.749990430000
60 0.749992900000
61 0.749985870000
62 0.749986750000
63 0.749994280000
64 0.749995050000
65 0.749995470000
66 0.749996700000
67 0.749997230000
68 0.749997580000
69 0.749997820000
70 0.749997460000
71 0.749997610000
72 0.749997750000
73 0.749997880000
74 0.749997990000
75 0.749998090000
76 0.749998210000
77 0.749998300000
78 0.749998380000
79 0.749998450000
80 0.749998520000
81 0.749998580000
82 0.749998640000
83 0.749998700000
84 0.749998740000
85 0.749998790000
86 0.749998830000
87 0.749998870000
88 0.749998910000
89 0.000000000000

[phy]
1 0.000000000000
2 0.000000000000
3 -0.124994520000
4 -0.249970530000
5 -0.373897700000
6 -0.494941080000
7 -0.612825360000
8 -0.699999370000
9 -0.699999430000
10 -0.699999420000
11 -0.699999290000
12 -0.699999120000
13 -0.624993200000
14 -0.499995080000
15 -0.374996560000
16 -0.249997990000
17 -0.124999460000
18 -0.000001060000
19 0.124998290000
20 0.249997600000
21 0.374996840000
22 0.499995940000
23 0.624994670000
24 0.699999410000
25 0.699999490000
26 0.699999550000
27 0.699999580000
28 0.699999610000
29 0.699999610000
30 0.699999600000
31 0.699999560000
32 0.699999490000
33 0.624994570000
34 0.499995790000
35 0.374996740000
36 0.249997820000
37 0.124998580000
38 -0.000000690000
39 -0.118285360000
40 -0.124990990000
41 0.000001490000
42 0.000001410000
43 -0.110444400000
44 -0.218191290000
45 -0.252341500000
46 -0.131281940000
47 -0.008823750000
48 -0.000009770000
49 -0.000002750000
50 0.124991220000
51 0.249901930000
52 0.366634170000
53 0.348427720000
54 0.239534970000
55 0.316652290000
56 0.441631630000
57 0.499993710000
58 0.374996800000
59 0.249998050000
60 0.124998900000
61 -0.000000380000
62 -0.000002130000
63 -0.000000300000
64 0.121541150000
65 0.241641540000
66 0.354297140000
67 0.374995480000
68 0.249997060000
69 0.124998260000
70 -0.000000670000
71 -0.000006000000
72 -0.000007410000
73 -0.000009330000
74 -0.000012060000
75 -0.000016110000
76 -0.000009750000
77 0.102376930000
78 0.204828760000
79 0.307327420000
80 0.298522880000
81 0.195820590000
82 0.093112730000
83 0.000014550000
84 0.000177240000
85 0.000184940000
86 0.000225430000
87 0.000326290000
88 0.000198930000
89 0.000000000000

[w]
1 0.000000000000
2 -0.499998690000
3 -0.499998600000
4 -0.499998360000
5 -0.499997800000
6 -0.499996050000
7 -0.381300650000
8 -0.000000250000
9 0.000000060000
10 0.000000510000
11 0.000000680000
12 0.300025350000
13 0.499994900000
14 0.499996870000
15 0.499997450000
16 0.499997650000
17 0.499997640000
18 0.499998840000
19 0.499998750000
20 0.499998550000
21 0.499998140000
22 0.499996830000
23 0.300020280000
24 0.000000310000
25 0.000000220000
26 0.000000150000
27 0.000000090000
28 0.000000020000
29 -0.000000050000
30 -0.000000140000
31 -0.000000300000
32 -0.300021140000
33 -0.499997020000
34 -0.499998120000
35 -0.499998400000
36 -0.499998640000
37 -0.499998720000
38 -0.499982670000
39 -0.028385460000
40 0.499993040000
41 -0.000000360000
42 -0.499984300000
43 -0.499970660000
44 -0.154936640000
45 0.499970180000
46 0.499966860000
47 0.035866560000
48 0.000028470000
49 0.499990490000
50 0.499658200000
51 0.494648100000
52 -0.075107830000
53 -0.442444820000
54 0.308491570000
55 0.499952710000
56 0.233451170000
57 -0.499990080000
58 -0.499996800000
59 -0.499998430000
60 -0.499999060000
61 -0.000014900000
62 0.000015570000
63 0.499998970000
64 0.499998280000
65 0.499996770000
66 0.082804290000
67 -0.499996390000
68 -0.499997920000
69 -0.499998430000
70 -0.000026550000
71 -0.000007020000
72 -0.000009600000
73 -0.000013590000
74 -0.000020160000
75 0.000031680000
76 0.499957380000
77 0.499912160000
78 0.499743740000
79 -0.042889610000
80 -0.499202650000
81 -0.498834970000
82 -0.451935440000
83 0.000788410000
84 0.000037360000
85 0.000196390000
86 0.000488900000
87 -0.000613360000
88 -0.000968010000
89 0.000000000000

[dt]
1 0.010006200000
2 0.249989690000
3 0.249952720000
4 0.247855150000
5 0.242087810000
6 0.235770410000
7 0.228621360000
8 0.249623240000
9 0.249123500000
10 0.249998500000
11 0.249998570000
12 0.249998610000
13 0.249998780000
14 0.249998610000
15 0.249998430000
16 0.249998230000
17 0.249997990000
18 0.249999280000
19 0.249999240000
20 0.249999200000
21 0.249999140000
22 0.249999050000
23 0.249998900000
24 0.249999240000
25 0.249999240000
26 0.249999220000
27 0.249999200000
28 0.249999160000
29 0.249999100000
30 0.249999020000
31 0.249998910000
32 0.249998800000
33 0.249999050000
34 0.249999030000
35 0.249998640000
36 0.249999170000
37 0.249999170000
38 0.236577560000
39 0.236234180000
40 0.249988430000
41 0.212552910000
42 0.220898570000
43 0.215506430000
44 0.220413050000
45 0.242133590000
46 0.244932690000
47 0.245740050000
48 0.246194420000
49 0.249992700000
50 0.249992600000
51 0.235990980000
52 0.242350680000
53 0.246115850000
54 0.249982150000
55 0.249982400000
56 0.249997060000
57 0.249998790000
58 0.249999090000
59 0.249999090000
60 0.249999040000
61 0.116081950000
62 0.116082120000
63 0.243083400000
64 0.240201610000
65 0.225312640000
66 0.249970410000
67 0.249998650000
68 0.249998650000
69 0.249998630000
70 0.200828610000
71 0.200828080000
72 0.200827960000
73 0.200827770000
74 0.200827560000
75 0.200827330000
76 0.204790780000
77 0.204939580000
78 0.205102240000
79 0.205297430000
80 0.205732110000
81 0.205894850000
82 0.205997190000
83 0.206323100000
84 0.206322410000
85 0.206322350000
86 0.206322190000
87 0.206322030000
88 0.206322270000

[s]
1 0.000000000000
2 0.000000000000
3 0.046864130000
4 0.092934900000
5 0.135774290000
6 0.175038890000
7 0.210157800000
8 0.272265690000
9 0.318360440000
10 0.326490300000
11 0.279616250000
12 0.232741980000
13 0.185867730000
14 0.138993170000
15 0.092118690000
16 0.045244300000
17 -0.001629980000
18 -0.048504430000
19 -0.095379100000
20 -0.142253740000
21 -0.189128350000
22 -0.236002900000
23 -0.282877330000
24 -0.329752320000
25 -0.376626970000
26 -0.423501610000
27 -0.470376210000
28 -0.517250760000
29 -0.564125240000
30 -0.610999630000
31 -0.657873900000
32 -0.704748060000
33 -0.751623250000
34 -0.798497710000
35 -0.845370890000
36 -0.892247110000
37 -0.939121640000
38 -0.933061310000
39 -0.973622540000
40 -1.074601300000
41 -0.953532280000
42 -1.026185720000
43 -1.036839600000
44 -1.096070150000
45 -1.210666700000
46 -1.224662190000
47 -1.228699050000
48 -1.230970880000
49 -1.249962290000
50 -1.249961840000
51 -1.179953660000
52 -1.211752170000
53 -1.230578000000
54 -1.249909550000
55 -1.249910820000
56 -1.249984210000
57 -1.249992910000
58 -1.232123360000
59 -1.185249800000
60 -1.138375530000
61 -0.506816520000
62 -0.496711230000
63 -1.018981420000
64 -0.963109850000
65 -0.862821370000
66 -0.915006150000
67 -0.868240450000
68 -0.821366150000
69 -0.774491760000
70 -0.584508760000
71 -0.554258290000
72 -0.524009140000
73 -0.493759860000
74 -0.463510620000
75 -0.433261420000
76 -0.410966470000
77 -0.379787850000
78 -0.348564170000
79 -0.317315740000
80 -0.286310460000
81 -0.254767630000
82 -0.223084000000
83 -0.191560530000
84 -0.159633140000
85 -0.127706450000
86 -0.095779740000
87 -0.063853110000
88 -0.031926610000

[splus]
1 0.011552450000
2 0.011552450000
3 0.047836750000
4 0.092997900000
5 0.135779120000
6 0.175039350000
7 0.210157850000
8 0.272265690000
9 0.318360440000
10 0.326490300000
11 0.279616250000
12 0.232742000000
13 0.185867970000
14 0.138997150000
15 0.092184850000
16 0.046313080000
17 0.010757370000
18 0.000883830000
19 0.000054420000
20 0.000003270000
21 0.000000200000
22 0.000000010000
23 0.000000000000
24 0.000000000000
25 0.000000000000
26 0.000000000000
27 0.000000000000
28 0.000000000000
29 0.000000000000
30 0.000000000000
31 -0.000000000000
32 -0.000000000000
33 -0.000000000000
34 -0.000000000000
35 -0.000000000000
36 -0.000000000000
37 -0.000000000000
38 -0.000000000000
39 -0.000000000000
40 -0.000000000000
41 -0.000000000000
42 -0.000000000000
43 -0.000000000000
44 -0.000000000000
45 -0.000000000000
46 -0.000000000000
47 -0.000000000000
48 -0.000000000000
49 -0.000000000000
50 -0.000000000000
51 -0.000000000000
52 0.000000000000
53 0.000000000000
54 -0.000000000000
55 -0.000000000000
56 -0.000000000000
57 -0.000000000000
58 0.000000000000
59 0.000000000000
60 0.000000000000
61 0.000000000000
62 0.000000000000
63 0.000000000000
64 0.000000000000
65 0.000000000000
66 -0.000000000000
67 0.000000000000
68 0.000000000000
69 0.000000000000
70 0.000000000000
71 0.000000000000
72 0.000000000000
73 0.000000000000
74 0.000000000000
75 0.000000000000
76 0.000000000000
77 0.000000000000
78 0.000000000000
79 0.000000000000
80 0.000000000000
81 0.000000000000
82 0.000000030000
83 0.000000170000
84 0.000001150000
85 0.000007830000
86 0.000053130000
87 0.000357540000
88 0.002289520000

[sminus]
1 0.011552450000
2 0.011552450000
3 0.000972620000
4 0.000063000000
5 0.000004830000
6 0.000000460000
7 0.000000060000
8 0.000000000000
9 0.000000000000
10 0.000000000000
11 0.000000000000
12 0.000000010000
13 0.000000240000
14 0.000003980000
15 0.000066160000
16 0.001068780000
17 0.012387350000
18 0.049388260000
19 0.095433520000
20 0.142257010000
21 0.189128550000
22 0.236002910000
23 0.282877330000
24 0.329752320000
25 0.376626970000
26 0.423501610000
27 0.470376210000
28 0.517250760000
29 0.564125240000
30 0.610999630000
31 0.657873900000
32 0.704748060000
33 0.751623250000
34 0.798497710000
35 0.845370890000
36 0.892247110000
37 0.939121640000
38 0.933061310000
39 0.973622540000
40 1.074601300000
41 0.953532280000
42 1.026185720000
43 1.036839600000
44 1.096070150000
45 1.210666700000
46 1.224662190000
47 1.228699050000
48 1.230970880000
49 1.249962290000
50 1.249961840000
51 1.179953660000
52 1.211752170000
53 1.230578000000
54 1.249909550000
55 1.249910820000
56 1.249984210000
57 1.249992910000
58 1.232123360000
59 1.185249800000
60 1.138375530000
61 0.506816520000
62 0.496711230000
63 1.018981420000
64 0.963109850000
65 0.862821370000
66 0.915006150000
67 0.868240450000
68 0.821366150000
69 0.774491760000
70 0.584508760000
71 0.554258290000
72 0.524009140000
73 0.493759860000
74 0.463510620000
75 0.433261420000
76 0.410966470000
77 0.379787850000
78 0.348564170000
79 0.317315740000
80 0.286310470000
81 0.254767630000
82 0.223084020000
83 0.191560700000
84 0.159634290000
85 0.127714290000
86 0.095832880000
87 0.064210650000
88 0.034216130000

[k]
1 0.000000000000
2 0.000000000000
3 -0.062824780000
4 -0.127655260000
5 -0.196177020000
6 -0.269875890000
7 -0.351566300000
8 -0.421143650000
9 -0.421143710000
10 -0.421143690000
11 -0.421143590000
12 -0.421143440000
13 -0.360737050000
14 -0.273148050000
15 -0.196811300000
16 -0.127669890000
17 -0.062827290000
18 -0.000000530000
19 0.062826700000
20 0.127669680000
21 0.196811460000
22 0.273148610000
23 0.360738170000
24 0.421143690000
25 0.421143750000
26 0.421143800000
27 0.421143830000
28 0.421143850000
29 0.421143860000
30 0.421143850000
31 0.421143820000
32 0.421143750000
33 0.360738090000
34 0.273148510000
35 0.196811410000
36 0.127669800000
37 0.062826850000
38 -0.000000340000
39 -0.059420060000
40 -0.062822990000
41 0.000000740000
42 0.000000710000
43 -0.055447840000
44 -0.110860510000
45 -0.128918790000
46 -0.066020690000
47 -0.004411990000
48 -0.000004890000
49 -0.000001370000
50 0.062823110000
51 0.127618660000
52 0.191996640000
53 0.181623790000
54 0.122111890000
55 0.163839040000
56 0.236387630000
57 0.273147160000
58 0.196811440000
59 0.127669920000
60 0.062827010000
61 -0.000000190000
62 -0.000001060000
63 -0.000000150000
64 0.061071590000
65 0.123228610000
66 0.184952900000
67 0.196810680000
68 0.127669400000
69 0.062826680000
70 -0.000000330000
71 -0.000003000000
72 -0.000003700000
73 -0.000004670000
74 -0.000006030000
75 -0.000008050000
76 -0.000004870000
77 0.051368060000
78 0.103871090000
79 0.158691580000
80 0.153858530000
81 0.099181080000
82 0.046691370000
83 0.000007280000
84 0.000088620000
85 0.000092470000
86 0.000112710000
87 0.000163140000
88 0.000099340000

[up]
1 0.011552450000
2 0.011552450000
3 0.050721870000
4 0.104394710000
5 0.161350390000
6 0.220388660000
7 0.281086810000
8 0.382342130000
9 0.447072910000
10 0.458489660000
11 0.392664500000
12 0.326839050000
13 0.250235450000
14 0.175445280000
15 0.109602150000
16 0.051989350000
17 0.011406190000
18 0.000883830000
19 0.000057710000
20 0.000003670000
21 0.000000230000
22 0.000000010000
23 0.000000000000
24 0.000000000000
25 0.000000000000
26 0.000000000000
27 0.000000000000
28 0.000000000000
29 0.000000000000
30 0.000000000000
31 -0.000000000000
32 -0.000000000000
33 -0.000000000000
34 -0.000000000000
35 -0.000000000000
36 -0.000000000000
37 -0.000000000000
38 -0.000000000000
39 -0.000000000000
40 -0.000000000000
41 -0.000000000000
42 -0.000000000000
43 -0.000000000000
44 -0.000000000000
45 -0.000000000000
46 -0.000000000000
47 -0.000000000000
48 -0.000000000000
49 -0.000000000000
50 -0.000000000000
51 -0.000000000000
52 0.000000000000
53 0.000000000000
54 -0.000000000000
55 -0.000000000000
56 -0.000000000000
57 -0.000000000000
58 0.000000000000
59 0.000000000000
60 0.000000000000
61 0.000000000000
62 0.000000000000
63 0.000000000000
64 0.000000000000
65 0.000000000000
66 -0.000000000000
67 0.000000000000
68 0.000000000000
69 0.000000000000
70 0.000000000000
71 0.000000000000
72 0.000000000000
73 0.000000000000
74 0.000000000000
75 0.000000000000
76 0.000000000000
77 0.000000000000
78 0.000000000000
79 0.000000000000
80 0.000000000000
81 0.000000000000
82 0.000000030000
83 0.000000170000
84 0.000001150000
85 0.000007840000
86 0.000053140000
87 0.000357590000
88 0.002289740000

[down]
1 0.011552450000
2 0.011552450000
3 0.001031280000
4 0.000070720000
5 0.000005740000
6 0.000000580000
7 0.000000070000
8 0.000000000000
9 0.000000000000
10 0.000000000000
11 0.000000000000
12 0.000000020000
13 0.000000320000
14 0.000005020000
15 0.000078660000
16 0.001199770000
17 0.013134490000
18 0.049388280000
19 0.101189460000
20 0.159692450000
21 0.224862310000
22 0.297888220000
23 0.380840190000
24 0.463070500000
25 0.528896510000
26 0.594722480000
27 0.660548410000
28 0.726374260000
29 0.792200010000
30 0.858025610000
31 0.923851040000
32 0.989676300000
33 1.011916820000
34 1.007881830000
35 1.005094380000
36 1.001603600000
37 0.995763610000
38 0.933061620000
39 1.029161120000
40 1.139410570000
41 0.953532960000
42 1.026186410000
43 1.092030490000
44 1.212720570000
45 1.360501310000
46 1.302281200000
47 1.233903310000
48 1.230976670000
49 1.249963940000
50 1.325347260000
51 1.324514330000
52 1.435100550000
53 1.445139840000
54 1.396433410000
55 1.446503790000
56 1.533645800000
57 1.577767640000
58 1.464919490000
59 1.330517720000
60 1.207035430000
61 0.506816610000
62 0.496711750000
63 1.018981570000
64 1.019575580000
65 0.964892510000
66 1.077469980000
67 1.032284290000
68 0.922034930000
69 0.821204160000
70 0.584508940000
71 0.554259880000
72 0.524011000000
73 0.493762060000
74 0.463513300000
75 0.433264770000
76 0.410968380000
77 0.398516460000
78 0.383321700000
79 0.365656900000
80 0.328599900000
81 0.279025130000
82 0.233083510000
83 0.191561990000
84 0.159647840000
85 0.127725600000
86 0.095843220000
87 0.064220690000
88 0.034219370000

[left]
1 0.023104910000
2 0.023104910000
3 0.021095850000
4 0.023570190000
5 0.036328800000
6 0.055437700000
7 0.080191020000
8 0.118074350000
9 0.136108590000
10 0.139289330000
11 0.120950180000
12 0.102610960000
13 0.073841490000
14 0.046826740000
15 0.028648850000
16 0.020899770000
17 0.023325410000
18 0.023104930000
19 0.021032590000
20 0.029938330000
21 0.049654560000
22 0.079046220000
23 0.120784990000
24 0.163462430000
25 0.188774120000
26 0.215011150000
27 0.242173510000
28 0.270261180000
29 0.299274140000
30 0.329212380000
31 0.360075870000
32 0.391864580000
33 0.365337950000
34 0.301254760000
35 0.236444030000
36 0.168196920000
37 0.094070410000
38 0.023105160000
39 0.182796410000
40 0.211381030000
41 0.023104350000
42 0.023104350000
43 0.181724350000
44 0.371224580000
45 0.473542510000
46 0.250877740000
47 0.031060650000
48 0.023108960000
49 0.023106100000
50 0.133581100000
51 0.240286080000
52 0.368649490000
53 0.356703720000
54 0.248731150000
55 0.329778260000
56 0.470727330000
57 0.542136590000
58 0.386223690000
59 0.241805880000
60 0.118703940000
61 0.023104990000
62 0.023105380000
63 0.023105020000
64 0.094518940000
65 0.156196780000
66 0.246194770000
67 0.244481070000
68 0.152036070000
69 0.075599390000
70 0.023105070000
71 0.023106350000
72 0.023106600000
73 0.023106930000
74 0.023107380000
75 0.023108010000
76 0.023106710000
77 0.033521040000
78 0.051500060000
79 0.066321950000
80 0.058782910000
81 0.038283120000
82 0.023705340000
83 0.023101060000
84 0.023089660000
85 0.023092320000
86 0.023093510000
87 0.023094180000
88 0.023100010000

[right]
1 0.023104910000
2 0.023104910000
3 0.027147490000
4 0.048217240000
5 0.092234450000
6 0.155513910000
7 0.238013710000
8 0.366564220000
9 0.429758080000
10 0.440996570000
11 0.376581480000
12 0.313091460000
13 0.216249940000
14 0.126573740000
15 0.066307140000
16 0.032768490000
17 0.023125870000
18 0.023104880000
19 0.032916970000
20 0.065532490000
21 0.121733790000
22 0.202365500000
23 0.313604610000
24 0.422616850000
25 0.481050180000
26 0.539483480000
27 0.597916730000
28 0.656349910000
29 0.714782980000
30 0.773215910000
31 0.831648650000
32 0.890081180000
33 0.814124290000
34 0.657153490000
35 0.504033210000
36 0.348734960000
37 0.186198530000
38 0.023104650000
39 0.093460920000
40 0.110541890000
41 0.023105460000
42 0.023105450000
43 0.094765350000
44 0.191028180000
45 0.251027700000
46 0.136173940000
47 0.023380910000
48 0.023100430000
49 0.023103680000
50 0.243990840000
51 0.457281210000
52 0.700209950000
53 0.673118110000
54 0.463334350000
55 0.617714120000
56 0.886175700000
57 1.022191210000
58 0.729340530000
59 0.459461880000
60 0.223253820000
61 0.023104820000
62 0.023104430000
63 0.023104790000
64 0.185655130000
65 0.326271790000
66 0.512482580000
67 0.517354280000
68 0.321947880000
69 0.155582410000
70 0.023104740000
71 0.023103440000
72 0.023103170000
73 0.023102830000
74 0.023102360000
75 0.023101690000
76 0.023103070000
77 0.069439120000
78 0.118723930000
79 0.160604440000
80 0.141945270000
81 0.086384120000
82 0.043698650000
83 0.023103680000
84 0.023117200000
85 0.023115500000
86 0.023114870000
87 0.023114980000
88 0.023106350000
