  0.00000000
  0.00000000
  0.04686413
  0.09293490
  0.13577429
  0.17503889
  0.21015780
  0.27226569
  0.31836044
  0.32649030
  0.27961625
  0.23274198
  0.18586773
  0.13899317
  0.09211869
  0.04524430
 -0.00162998
 -0.04850443
 -0.09537910
 -0.14225374
 -0.18912835
 -0.23600290
 -0.28287733
 -0.32975232
 -0.37662697
 -0.42350161
 -0.47037621
 -0.51725076
 -0.56412524
 -0.61099963
 -0.65787390
 -0.70474806
 -0.75162325
 -0.79849771
 -0.84537089
 -0.89224711
 -0.93912164
 -0.93306131
 -0.97362254
 -1.07460130
 -0.95353228
 -1.02618572
 -1.03683960
 -1.09607015
 -1.21066670
 -1.22466219
 -1.22869905
 -1.23097088
 -1.24996229
 -1.24996184
 -1.17995366
 -1.21175217
 -1.23057800
 -1.24990955
 -1.24991082
 -1.24998421
 -1.24999291
 -1.23212336
 -1.18524980
 -1.13837553
 -0.50681652
 -0.49671123
 -1.01898142
 -0.96310985
 -0.86282137
 -0.91500615
 -0.86824045
 -0.82136615
 -0.77449176
 -0.58450876
 -0.55425829
 -0.52400914
 -0.49375986
 -0.46351062
 -0.43326142
 -0.41096647
 -0.37978785
 -0.34856417
 -0.31731574
 -0.28631046
 -0.25476763
 -0.22308400
 -0.19156053
 -0.15963314
 -0.12770645
 -0.09577974
 -0.06385311
 -0.03192661
