  0.00000000
  0.74999911
  0.74999908
  0.74999906
  0.74999903
  0.74999900
  0.74999897
  0.74999893
  0.74999890
  0.74999887
  0.74999883
  0.74999875
  0.74999871
  0.74999867
  0.74999863
  0.74999858
  0.74999853
  0.74999847
  0.74999842
  0.74999835
  0.74999828
  0.74999821
  0.74999813
  0.74999804
  0.74999794
  0.74999783
  0.74999771
  0.74999758
  0.74999743
  0.74999726
  0.74999711
  0.74999688
  0.74999662
  0.74999630
  0.74999592
  0.74999546
  0.74999487
  0.74999411
  0.74999307
  0.74999158
  0.74998929
  0.74998528
  0.74997647
  0.74994145
 -0.74988710
 -0.74997151
 -0.74998368
 -0.74998857
 -0.74999121
 -0.74999286
 -0.74999401
 -0.74999483
 -0.74999546
 -0.74999592
 -0.74999633
 -0.74999663
 -0.74999691
 -0.74999715
 -0.74999735
 -0.74999751
 -0.74999766
 -0.74999779
 -0.74999791
 -0.74999802
 -0.74999812
 -0.74999827
 -0.74999836
 -0.74999843
 -0.74999850
 -0.74999856
 -0.74999862
 -0.74999867
 -0.74999872
 -0.74999876
 -0.74999880
 -0.74999884
 -0.74999888
 -0.74999891
 -0.74999894
 -0.74999897
 -0.74999900
 -0.74999902
 -0.74999903
 -0.74999903
 -0.74999904
 -0.74999904
 -0.74999904
 -0.74999904
 -0.74999903
 -0.74999902
 -0.74999901
 -0.74999897
 -0.74999903
 -0.74999901
 -0.74999899
 -0.74999897
 -0.74999894
 -0.74999892
 -0.74999890
 -0.74999888
 -0.74999874
 -0.74999882
 -0.74999880
 -0.74999877
 -0.74999874
 -0.74999872
 -0.74999869
 -0.74999862
 -0.74999866
 -0.74999859
 -0.74999855
 -0.74999850
 -0.74999844
 -0.74999838
 -0.74999832
 -0.74999825
 -0.74999818
 -0.74999810
 -0.74999802
 -0.74999791
 -0.74999781
 -0.74999769
 -0.74999756
 -0.74999742
 -0.74999726
 -0.74999708
 -0.74999687
 -0.74999663
 -0.74999635
 -0.74999601
 -0.74999562
 -0.74999513
 -0.74999453
 -0.74999375
 -0.74999272
 -0.74999128
 -0.74998969
 -0.74998549
 -0.74997560
 -0.00132679
 -0.00000178
 -0.00000006
  0.00000542
 -0.00000618
 -0.00000365
  0.41082456
  0.74999361
  0.74999678
  0.74999778
  0.74999826
  0.74999851
  0.74999875
  0.74999893
  0.74999878
  0.74999910
  0.74999929
  0.74999937
  0.74999944
  0.74999949
  0.74999947
  0.74999950
  0.74999953
  0.74999956
  0.74999959
  0.74999961
  0.74999963
  0.74999965
  0.74999967
  0.74999968
  0.74999970
  0.74999971
  0.74999972
  0.74999973
  0.74999974
  0.00000000
