  0.01155245
  0.01155245
  0.00713195
  0.00416549
  0.00234212
  0.00128737
  0.00069524
  0.00035186
  0.00017706
  0.00008875
  0.00004434
  0.00002813
  0.00001519
  0.00000820
  0.00000443
  0.00000239
  0.00000129
  0.00000070
  0.00000038
  0.00000020
  0.00000011
  0.00000006
  0.00000003
  0.00000002
  0.00000001
  0.00000001
  0.00000000
  0.00000000
  0.00000000
  0.00000000
  0.00000000
  0.00000000
  0.00000000
  0.00000000
  0.00000000
  0.00000000
  0.00000000
  0.00000000
  0.00000000
  0.00000000
  0.00000000
  0.00000000
  0.00000000
  0.00000000
  0.00000000
  0.00000000
  0.00000000
  0.00000000
  0.00000000
  0.00000000
  0.00000000
  0.00000000
  0.00000000
  0.00000000
  0.00000000
  0.00000000
  0.00000000
  0.00000000
  0.00000000
  0.00000000
  0.00000000
  0.00000000
  0.00000000
  0.00000000
  0.00000001
  0.00000001
  0.00000003
  0.00000006
  0.00000012
  0.00000024
  0.00000049
  0.00000100
  0.00000204
  0.00000413
  0.00000831
  0.00001667
  0.00003329
  0.00006618
  0.00013103
  0.00025830
  0.00048281
  0.00093204
  0.00176177
  0.00324340
  0.00575634
  0.00970964
  0.01534747
  0.02255674
  0.03088748
  0.03977652
  0.04874904
  0.05597543
  0.07096260
  0.08487863
  0.09946830
  0.11472008
  0.13119722
  0.14040615
  0.14902764
  0.15704852
  0.14896407
  0.17211284
  0.18862982
  0.20577375
  0.22358881
  0.24520654
  0.25134332
  0.25015962
  0.27098143
  0.27122465
  0.28327253
  0.29531952
  0.30736671
  0.31941420
  0.33146226
  0.34351173
  0.35556819
  0.37655994
  0.39197345
  0.39062735
  0.40260676
  0.41458551
  0.42656491
  0.43854464
  0.45052469
  0.46250512
  0.47448616
  0.48646521
  0.49844482
  0.51042462
  0.52240428
  0.53438400
  0.54636366
  0.55834346
  0.57031824
  0.58229593
  0.63721331
  0.67297606
  0.61587319
  1.10396710
  1.16198187
  1.22074854
  1.21217455
  1.02622225
  1.22172888
  1.54457108
  1.54036278
  1.40250732
  1.27159294
  1.15137763
  1.03804586
  1.05188997
  1.04145205
  0.83705928
  0.98800238
  1.03428375
  0.91850342
  0.81460554
  0.71973150
  0.56465179
  0.52722631
  0.48980015
  0.45479199
  0.43965593
  0.42098822
  0.37969589
  0.32076193
  0.26631364
  0.22812115
  0.19009947
  0.15208146
  0.11407868
  0.07621578
  0.03964652
