  0.01000174
  0.12139197
  0.12127651
  0.12115989
  0.12104005
  0.12091494
  0.12099909
  0.12110186
  0.12120102
  0.12129932
  0.12139843
  0.11706512
  0.11706491
  0.11706492
  0.11706493
  0.11706494
  0.11706494
  0.11706494
  0.11706493
  0.11706493
  0.11706492
  0.11706491
  0.11706490
  0.11706488
  0.11706487
  0.11706485
  0.11706484
  0.11706482
  0.11706479
  0.11706477
  0.11878797
  0.11876453
  0.11874343
  0.11873447
  0.11875122
  0.11893835
  0.11903055
  0.11909067
  0.11912275
  0.11913450
  0.11914388
  0.11914379
  0.11914338
  0.11914310
  0.12102129
  0.12105463
  0.12097908
  0.12097930
  0.12097955
  0.12097976
  0.12147284
  0.12147853
  0.12148991
  0.12085015
  0.12119645
  0.12049027
  0.12124643
  0.12203984
  0.12201979
  0.12201622
  0.12202484
  0.12203901
  0.12204986
  0.12204627
  0.12201479
  0.12523895
  0.12511689
  0.12494232
  0.12473151
  0.12449849
  0.12425483
  0.12400987
  0.12377079
  0.12354292
  0.12332997
  0.12313432
  0.12295733
  0.12279955
  0.12266095
  0.12254124
  0.12335893
  0.12268666
  0.12212008
  0.12163400
  0.12120974
  0.12083309
  0.12049290
  0.12018018
  0.11988748
  0.11960843
  0.11933754
  0.11581140
  0.12515599
  0.12486500
  0.12456637
  0.12425542
  0.12445256
  0.12463658
  0.12481998
  0.12500774
  0.11341578
  0.12307135
  0.12289645
  0.12271314
  0.12252170
  0.12387591
  0.12408295
  0.12100102
  0.12862527
  0.12673612
  0.12673604
  0.12673608
  0.12673614
  0.12673619
  0.12673624
  0.12673630
  0.12673695
  0.12673682
  0.12698200
  0.12638347
  0.12638350
  0.12638366
  0.12638384
  0.12638402
  0.12638424
  0.12638451
  0.12638492
  0.12638477
  0.12638476
  0.12638479
  0.12638479
  0.12638480
  0.12638479
  0.12638482
  0.12638373
  0.12638334
  0.13551496
  0.13567336
  0.12554615
  0.22080646
  0.22065547
  0.22041038
  0.20811411
  0.16781440
  0.19177493
  0.23072064
  0.24885806
  0.24999729
  0.24999789
  0.24999768
  0.24976574
  0.24997978
  0.24536676
  0.19593897
  0.23016160
  0.24999906
  0.24999918
  0.24999922
  0.24999923
  0.22338798
  0.22338784
  0.22338782
  0.22458234
  0.22464722
  0.22473936
  0.22499543
  0.22509327
  0.22514223
  0.22514468
  0.22514475
  0.22514479
  0.22514479
  0.22514475
  0.22514461
