task_id 10

[x]
1 3.377723970000
2 3.377723970000
3 3.377723970000
4 3.377723970000
5 3.377731370000
6 3.377786850000
7 3.377994270000
8 3.378552440000
9 3.379789570000
10 3.381863050000
11 3.384859570000
12 3.388767190000
13 3.393275520000
14 3.398219340000
15 3.403598580000
16 3.409413190000
17 3.415663170000
18 3.422348490000
19 3.429469120000
20 3.437025020000
21 3.445016180000
22 3.453442560000
23 3.462304120000
24 3.471600820000
25 3.481332610000
26 3.491499450000
27 3.502101280000
28 3.513138020000
29 3.524609610000
30 3.536515930000
31 3.548856860000
32 3.561820300000
33 3.575228930000
34 3.592158990000
35 3.616213760000
36 3.651573450000
37 3.703100390000
38 3.773323830000
39 3.859306960000
40 3.957681290000
41 4.064625770000
42 4.175830430000
43 4.289955280000
44 4.407037220000
45 4.527205390000
46 4.648487200000
47 4.761217330000
48 4.865345600000
49 4.966902380000
50 5.065882400000
51 5.162280470000
52 5.256475830000
53 5.348062520000
54 5.432727180000
55 5.506311950000
56 5.570218370000
57 5.625466610000
58 5.674184590000
59 5.713497720000
60 5.740678150000
61 5.753805090000
62 5.751366900000
63 5.732259900000
64 5.695799620000
65 5.641740930000
66 5.570303020000
67 5.479810590000
68 5.373044460000
69 5.254161740000
70 5.126988350000
71 4.994963880000
72 4.861117080000
73 4.728064600000
74 4.598026980000
75 4.472856200000
76 4.354070280000
77 4.242891560000
78 4.140285810000
79 4.047000760000
80 3.963602290000
81 3.890507890000
82 3.827547670000
83 3.775825340000
84 3.735297480000
85 3.705889570000
86 3.687514540000
87 3.680081770000
88 3.683501210000
89 3.697684900000
90 3.722547680000
91 3.758007900000
92 3.803988470000
93 3.858874080000
94 3.928961100000
95 4.010500130000
96 4.103436470000
97 4.207728200000
98 4.323831940000
99 4.451870220000
100 4.591867690000
101 4.743845660000
102 4.892385170000
103 5.064009470000
104 5.246701470000
105 5.440479050000
106 5.645359980000
107 5.864070920000
108 6.094824060000
109 6.331107690000
110 6.593885080000
111 6.864958790000
112 7.148072170000
113 7.443225540000
114 7.750418910000
115 8.069652320000
116 8.400925800000
117 8.744239380000
118 9.099594800000
119 9.466990080000
120 9.847260650000
121 10.237855690000
122 10.640429540000
123 11.054982600000
124 11.481515000000
125 11.920026800000
126 12.370518180000
127 12.832989420000
128 13.307441060000
129 13.793871100000
130 14.292280030000
131 14.802668050000
132 15.325034970000
133 15.859380860000
134 16.405705630000
135 16.964009430000
136 17.534287220000
137 18.116541910000
138 18.753710530000
139 19.405412100000
140 20.021252040000
141 21.125160420000
142 22.228378560000
143 23.327617500000
144 24.348446020000
145 25.129559630000
146 25.937454920000
147 26.705196240000
148 27.090261640000
149 27.076043050000
150 26.802144950000
151 26.390473200000
152 25.932371930000
153 25.494543470000
154 25.034077170000
155 24.614438780000
156 24.058522050000
157 23.379186910000
158 22.658806050000
159 21.950240780000
160 21.276735630000
161 20.713991900000
162 20.188548670000
163 19.700405660000
164 19.247152030000
165 18.831478470000
166 18.452743540000
167 18.110886850000
168 17.806912140000
169 17.541020140000
170 17.313111780000
171 17.123188200000
172 16.971249390000
173 16.857295330000
174 16.781326020000
175 16.743341400000

[y]
1 3.032687650000
2 3.032687650000
3 3.032687650000
4 3.043729130000
5 3.065780370000
6 3.098808630000
7 3.142778960000
8 3.197750490000
9 3.263749850000
10 3.340795190000
11 3.428906180000
12 3.528107350000
13 3.634404800000
14 3.750970970000
15 3.877806050000
16 4.014910050000
17 4.162282950000
18 4.319924770000
19 4.487835490000
20 4.666015120000
21 4.854463640000
22 5.053181050000
23 5.262167350000
24 5.481422530000
25 5.710946590000
26 5.950739520000
27 6.200801330000
28 6.461131990000
29 6.731731510000
30 7.012599870000
31 7.303737060000
32 7.609579850000
33 7.925933640000
34 8.252653690000
35 8.589503770000
36 8.936034770000
37 9.291794920000
38 9.655445500000
39 10.026808870000
40 10.406191890000
41 10.794340580000
42 11.192387780000
43 11.600672740000
44 12.019183910000
45 12.447885540000
46 12.894777450000
47 13.332699120000
48 13.761160400000
49 14.178951190000
50 14.586072730000
51 14.982526080000
52 15.369883540000
53 15.746504900000
54 16.113428730000
55 16.469474830000
56 16.817279880000
57 17.153384130000
58 17.481583650000
59 17.802050520000
60 18.112510760000
61 18.412696290000
62 18.702012920000
63 18.979547680000
64 19.244092310000
65 19.494182120000
66 19.728150130000
67 19.950041740000
68 20.151101570000
69 20.330971850000
70 20.489910910000
71 20.628664660000
72 20.748346260000
73 20.850328780000
74 20.936152410000
75 21.007446960000
76 21.065868530000
77 21.113049240000
78 21.150558110000
79 21.179871380000
80 21.202350590000
81 21.219226840000
82 21.231682640000
83 21.240567330000
84 21.246775920000
85 21.250909620000
86 21.253347240000
87 21.254301910000
88 21.253867620000
89 21.252058510000
90 21.248843180000
91 21.244175380000
92 21.238022290000
93 21.230600110000
94 21.221122260000
95 21.210095740000
96 21.197771830000
97 21.184566780000
98 21.171039740000
99 21.158050980000
100 21.145571160000
101 21.133374070000
102 21.122165890000
103 21.109215810000
104 21.095430580000
105 21.081908320000
106 21.070080850000
107 21.061649200000
108 21.059087230000
109 21.061528390000
110 21.068039270000
111 21.077051440000
112 21.086463540000
113 21.096275060000
114 21.106485810000
115 21.117095540000
116 21.128103850000
117 21.139510130000
118 21.151313260000
119 21.163509850000
120 21.172580870000
121 21.177179070000
122 21.181920490000
123 21.186805160000
124 21.191832610000
125 21.197002580000
126 21.202314890000
127 21.207769430000
128 21.213366120000
129 21.219104870000
130 21.224985630000
131 21.231008380000
132 21.237173060000
133 21.243479660000
134 21.249928150000
135 21.256518510000
136 21.263250670000
137 21.270124660000
138 21.277647390000
139 21.285341880000
140 21.278993970000
141 21.267615780000
142 21.256244800000
143 21.177561490000
144 20.975830960000
145 20.669395970000
146 20.152922430000
147 19.291892400000
148 18.133515380000
149 16.953971210000
150 15.854825010000
151 14.850001600000
152 13.918506910000
153 13.028234480000
154 12.222765940000
155 11.656458940000
156 11.089369740000
157 10.631173750000
158 10.352122520000
159 10.195515540000
160 10.110970290000
161 10.064590970000
162 10.021285770000
163 9.981053920000
164 9.943696630000
165 9.909436060000
166 9.887170180000
167 9.881908630000
168 9.889200480000
169 9.900209210000
170 9.909691400000
171 9.917596320000
172 9.923922030000
173 9.928667410000
174 9.931831640000
175 9.933414040000

[theta]
1 1.570796330000
2 1.570796330000
3 1.570796330000
4 1.570460860000
5 1.569116580000
6 1.566079120000
7 1.560642740000
8 1.552053990000
9 1.543890420000
10 1.536800920000
11 1.531425780000
12 1.528409350000
13 1.528409560000
14 1.528410500000
15 1.528411460000
16 1.528412440000
17 1.528413460000
18 1.528414500000
19 1.528415590000
20 1.528416720000
21 1.528417900000
22 1.528419130000
23 1.528420440000
24 1.528421820000
25 1.528423290000
26 1.528424880000
27 1.528426600000
28 1.528428480000
29 1.528430580000
30 1.528432960000
31 1.528435720000
32 1.528436770000
33 1.519024380000
34 1.499506450000
35 1.469109240000
36 1.426960350000
37 1.380037430000
38 1.343271790000
39 1.317083280000
40 1.301942540000
41 1.298366770000
42 1.298230430000
43 1.298011820000
44 1.297502760000
45 1.305789760000
46 1.318845720000
47 1.332389830000
48 1.332340690000
49 1.332301900000
50 1.332274010000
51 1.332252120000
52 1.332246960000
53 1.344023530000
54 1.366993650000
55 1.389081130000
56 1.407875020000
57 1.423432240000
58 1.448731610000
59 1.483470150000
60 1.527094750000
61 1.579223520000
62 1.639533290000
63 1.707756290000
64 1.783678160000
65 1.867137650000
66 1.958028140000
67 2.058948330000
68 2.154820930000
69 2.245622230000
70 2.331347970000
71 2.412008680000
72 2.487625380000
73 2.558226030000
74 2.623842560000
75 2.684508510000
76 2.740257320000
77 2.791121040000
78 2.837129500000
79 2.878309750000
80 2.914685850000
81 2.946278790000
82 2.971476140000
83 2.989581450000
84 3.001943500000
85 3.009703560000
86 3.013850860000
87 3.015261880000
88 3.014729240000
89 3.012983510000
90 3.010710210000
91 3.008563600000
92 3.007178090000
93 3.007178230000
94 3.007178180000
95 3.009755940000
96 3.015646340000
97 3.025607370000
98 3.040494150000
99 3.052684440000
100 3.061508590000
101 3.066279490000
102 3.066279380000
103 3.066279260000
104 3.071923200000
105 3.083928180000
106 3.103060150000
107 3.130490470000
108 3.151923750000
109 3.166364750000
110 3.174826610000
111 3.174825380000
112 3.174822530000
113 3.174819270000
114 3.174815430000
115 3.174810720000
116 3.174804540000
117 3.174795440000
118 3.174777940000
119 3.165442230000
120 3.153364420000
121 3.153369880000
122 3.153375080000
123 3.153378900000
124 3.153381910000
125 3.153384370000
126 3.153386440000
127 3.153388230000
128 3.153389800000
129 3.153391180000
130 3.153392430000
131 3.153393550000
132 3.153394570000
133 3.153395510000
134 3.153396370000
135 3.153397160000
136 3.153397900000
137 3.153398590000
138 3.153398900000
139 3.131285280000
140 3.131285840000
141 3.131285910000
142 3.070134720000
143 2.946491880000
144 2.767737220000
145 2.572788450000
146 2.298981490000
147 1.891722870000
148 1.558742600000
149 1.326578580000
150 1.181959700000
151 1.113737000000
152 1.113737030000
153 1.051464380000
154 0.933074550000
155 0.795346560000
156 0.593390340000
157 0.369568000000
158 0.217522850000
159 0.124877030000
160 0.082230570000
161 0.082230670000
162 0.082232290000
163 0.082234400000
164 0.082235930000
165 0.058722550000
166 0.015389890000
167 -0.023983770000
168 -0.041379370000
169 -0.041581280000
170 -0.041597530000
171 -0.041609270000
172 -0.041618860000
173 -0.041627280000
174 -0.041635080000
175 -0.041642580000

[v]
1 0.000000000000
2 0.000000000000
3 0.091043870000
4 0.182001140000
5 0.272870950000
6 0.363650870000
7 0.454336950000
8 0.545086140000
9 0.635912410000
10 0.726813040000
11 0.817787400000
12 0.908836080000
13 0.996634770000
14 1.084433310000
15 1.172231840000
16 1.260030380000
17 1.347828920000
18 1.435627450000
19 1.523425970000
20 1.611224490000
21 1.699022990000
22 1.786821480000
23 1.874619950000
24 1.962418400000
25 2.050216830000
26 2.138015250000
27 2.225813630000
28 2.313611990000
29 2.401410320000
30 2.489208620000
31 2.577006870000
32 2.666097500000
33 2.755170530000
34 2.844227700000
35 2.933278120000
36 3.022341050000
37 3.111544280000
38 3.200816580000
39 3.290133880000
40 3.379475110000
41 3.468824980000
42 3.558181620000
43 3.647537710000
44 3.736892440000
45 3.826242780000
46 3.735490480000
47 3.644702960000
48 3.553970620000
49 3.463237520000
50 3.372503930000
51 3.281769970000
52 3.190666070000
53 3.099557800000
54 3.008440920000
55 2.917803800000
56 2.826906910000
57 2.736539610000
58 2.645605160000
59 2.554075630000
60 2.462561110000
61 2.371049240000
62 2.279530900000
63 2.188001910000
64 2.096464770000
65 2.004930310000
66 1.913419440000
67 1.819490440000
68 1.725652980000
69 1.631946430000
70 1.538397990000
71 1.445024290000
72 1.351833340000
73 1.258826110000
74 1.165998170000
75 1.073341140000
76 0.980843810000
77 0.888493220000
78 0.796275360000
79 0.704175830000
80 0.612180240000
81 0.520274440000
82 0.427755370000
83 0.335740490000
84 0.244150550000
85 0.152925170000
86 0.062017970000
87 -0.028606730000
88 -0.118976290000
89 -0.209111310000
90 -0.299026800000
91 -0.388733010000
92 -0.478236050000
93 -0.565094480000
94 -0.658961350000
95 -0.752609980000
96 -0.846034630000
97 -0.939226060000
98 -1.032565350000
99 -1.126042650000
100 -1.219657490000
101 -1.313413160000
102 -1.398474850000
103 -1.490778210000
104 -1.582950410000
105 -1.674985110000
106 -1.766876230000
107 -1.859783010000
108 -1.952845060000
109 -2.043595650000
110 -2.140064430000
111 -2.235116350000
112 -2.330168190000
113 -2.425220070000
114 -2.520271970000
115 -2.615323910000
116 -2.710375880000
117 -2.805427880000
118 -2.900480370000
119 -2.995532740000
120 -3.090768990000
121 -3.185556330000
122 -3.280343680000
123 -3.375131130000
124 -3.469918700000
125 -3.564706390000
126 -3.659494220000
127 -3.754282240000
128 -3.849070530000
129 -3.943858680000
130 -4.038646790000
131 -4.133434880000
132 -4.228222920000
133 -4.323010900000
134 -4.417798810000
135 -4.512586630000
136 -4.607373500000
137 -4.702159910000
138 -4.803794730000
139 -4.905547790000
140 -4.999704340000
141 -4.999997300000
142 -4.999997700000
143 -4.999997710000
144 -4.999996580000
145 -4.999997620000
146 -4.999998320000
147 -4.905212620000
148 -4.718570660000
149 -4.531073500000
150 -4.343575640000
151 -4.156077810000
152 -3.968753890000
153 -3.781269360000
154 -3.597244560000
155 -3.450290570000
156 -3.277669570000
157 -3.090170460000
158 -2.902671230000
159 -2.715171950000
160 -2.527672660000
161 -2.360131790000
162 -2.192591020000
163 -2.025050260000
164 -1.856613610000
165 -1.688128280000
166 -1.519573850000
167 -1.350827360000
168 -1.182007490000
169 -1.013150890000
170 -0.844292450000
171 -0.675433960000
172 -0.506575430000
173 -0.337716900000
174 -0.168858400000
175 0.000000000000

[a]
1 0.000000000000
2 0.749999110000
3 0.749999080000
4 0.749999060000
5 0.749999030000
6 0.749999000000
7 0.749998970000
8 0.749998930000
9 0.749998900000
10 0.749998870000
11 0.749998830000
12 0.749998750000
13 0.749998710000
14 0.749998670000
15 0.749998630000
16 0.749998580000
17 0.749998530000
18 0.749998470000
19 0.749998420000
20 0.749998350000
21 0.749998280000
22 0.749998210000
23 0.749998130000
24 0.749998040000
25 0.749997940000
26 0.749997830000
27 0.749997710000
28 0.749997580000
29 0.749997430000
30 0.749997260000
31 0.749997110000
32 0.749996880000
33 0.749996620000
34 0.749996300000
35 0.749995920000
36 0.749995460000
37 0.749994870000
38 0.749994110000
39 0.749993070000
40 0.749991580000
41 0.749989290000
42 0.749985280000
43 0.749976470000
44 0.749941450000
45 -0.749887100000
46 -0.749971510000
47 -0.749983680000
48 -0.749988570000
49 -0.749991210000
50 -0.749992860000
51 -0.749994010000
52 -0.749994830000
53 -0.749995460000
54 -0.749995920000
55 -0.749996330000
56 -0.749996630000
57 -0.749996910000
58 -0.749997150000
59 -0.749997350000
60 -0.749997510000
61 -0.749997660000
62 -0.749997790000
63 -0.749997910000
64 -0.749998020000
65 -0.749998120000
66 -0.749998270000
67 -0.749998360000
68 -0.749998430000
69 -0.749998500000
70 -0.749998560000
71 -0.749998620000
72 -0.749998670000
73 -0.749998720000
74 -0.749998760000
75 -0.749998800000
76 -0.749998840000
77 -0.749998880000
78 -0.749998910000
79 -0.749998940000
80 -0.749998970000
81 -0.749999000000
82 -0.749999020000
83 -0.749999030000
84 -0.749999030000
85 -0.749999040000
86 -0.749999040000
87 -0.749999040000
88 -0.749999040000
89 -0.749999030000
90 -0.749999020000
91 -0.749999010000
92 -0.749998970000
93 -0.749999030000
94 -0.749999010000
95 -0.749998990000
96 -0.749998970000
97 -0.749998940000
98 -0.749998920000
99 -0.749998900000
100 -0.749998880000
101 -0.749998740000
102 -0.749998820000
103 -0.749998800000
104 -0.749998770000
105 -0.749998740000
106 -0.749998720000
107 -0.749998690000
108 -0.749998620000
109 -0.749998660000
110 -0.749998590000
111 -0.749998550000
112 -0.749998500000
113 -0.749998440000
114 -0.749998380000
115 -0.749998320000
116 -0.749998250000
117 -0.749998180000
118 -0.749998100000
119 -0.749998020000
120 -0.749997910000
121 -0.749997810000
122 -0.749997690000
123 -0.749997560000
124 -0.749997420000
125 -0.749997260000
126 -0.749997080000
127 -0.749996870000
128 -0.749996630000
129 -0.749996350000
130 -0.749996010000
131 -0.749995620000
132 -0.749995130000
133 -0.749994530000
134 -0.749993750000
135 -0.749992720000
136 -0.749991280000
137 -0.749989690000
138 -0.749985490000
139 -0.749975600000
140 -0.001326790000
141 -0.000001780000
142 -0.000000060000
143 0.000005420000
144 -0.000006180000
145 -0.000003650000
146 0.410824560000
147 0.749993610000
148 0.749996780000
149 0.749997780000
150 0.749998260000
151 0.749998510000
152 0.749998750000
153 0.749998930000
154 0.749998780000
155 0.749999100000
156 0.749999290000
157 0.749999370000
158 0.749999440000
159 0.749999490000
160 0.749999470000
161 0.749999500000
162 0.749999530000
163 0.749999560000
164 0.749999590000
165 0.749999610000
166 0.749999630000
167 0.749999650000
168 0.749999670000
169 0.749999680000
170 0.749999700000
171 0.749999710000
172 0.749999720000
173 0.749999730000
174 0.749999740000
175 0.000000000000

[phy]
1 0.000000000000
2 0.000000000000
3 -0.060691060000
4 -0.121324040000
5 -0.181897840000
6 -0.242409640000
7 -0.302852080000
8 -0.242473180000
9 -0.181933710000
10 -0.121338800000
11 -0.060692710000
12 0.000003940000
13 0.000016060000
14 0.000015120000
15 0.000014360000
16 0.000013760000
17 0.000013280000
18 0.000012920000
19 0.000012660000
20 0.000012500000
21 0.000012430000
22 0.000012460000
23 0.000012590000
24 0.000012830000
25 0.000013210000
26 0.000013750000
27 0.000014490000
28 0.000015510000
29 0.000016930000
30 0.000018930000
31 0.000006810000
32 -0.059382190000
33 -0.118756450000
34 -0.178113060000
35 -0.237440130000
36 -0.255366090000
37 -0.195986880000
38 -0.136549830000
39 -0.077109310000
40 -0.017761000000
41 -0.000659790000
42 -0.001031380000
43 -0.002342870000
44 0.037209510000
45 0.056331410000
46 0.059832060000
47 -0.000222920000
48 -0.000180400000
49 -0.000133170000
50 -0.000107270000
51 -0.000025900000
52 0.060692360000
53 0.121398290000
54 0.120910440000
55 0.105894440000
56 0.091095060000
57 0.151333740000
58 0.211954400000
59 0.272972460000
60 0.333980790000
61 0.394987440000
62 0.455998380000
63 0.517016260000
64 0.578039140000
65 0.639058820000
66 0.699997270000
67 0.699997720000
68 0.699997960000
69 0.699998110000
70 0.699998220000
71 0.699998280000
72 0.699998310000
73 0.699998310000
74 0.699998280000
75 0.699998230000
76 0.699998150000
77 0.699998030000
78 0.699997870000
79 0.699997660000
80 0.699997370000
81 0.665652810000
82 0.603976540000
83 0.542635030000
84 0.481576360000
85 0.420760550000
86 0.360156770000
87 0.299741290000
88 0.239495920000
89 0.179406960000
90 0.119464470000
91 0.059661710000
92 -0.000005240000
93 0.000001540000
94 -0.062575530000
95 -0.125006850000
96 -0.187288330000
97 -0.249412630000
98 -0.187225360000
99 -0.124909920000
100 -0.062501390000
101 0.000001500000
102 0.000001370000
103 -0.061533400000
104 -0.122980370000
105 -0.184334870000
106 -0.245590380000
107 -0.183663220000
108 -0.121624700000
109 -0.064294730000
110 0.000009080000
111 0.000020100000
112 0.000022080000
113 0.000025000000
114 0.000029530000
115 0.000037270000
116 0.000052960000
117 0.000098460000
118 0.050749520000
119 0.063418980000
120 -0.000027950000
121 -0.000025840000
122 -0.000018450000
123 -0.000014080000
124 -0.000011220000
125 -0.000009210000
126 -0.000007730000
127 -0.000006600000
128 -0.000005700000
129 -0.000004990000
130 -0.000004400000
131 -0.000003910000
132 -0.000003500000
133 -0.000003150000
134 -0.000002850000
135 -0.000002590000
136 -0.000002370000
137 -0.000000950000
138 0.067755610000
139 -0.000001820000
140 -0.000000130000
141 0.110403010000
142 0.220730630000
143 0.330935650000
144 0.434992400000
145 0.518899080000
146 0.614784070000
147 0.499424540000
148 0.374995880000
149 0.249997460000
150 0.124998670000
151 -0.000000070000
152 0.124882720000
153 0.249872490000
154 0.372555620000
155 0.470524690000
156 0.499996820000
157 0.374997760000
158 0.249998450000
159 0.124999070000
160 -0.000000350000
161 -0.000006160000
162 -0.000008620000
163 -0.000006730000
164 0.112277380000
165 0.224580570000
166 0.226376650000
167 0.113925870000
168 0.001517480000
169 0.000142500000
170 0.000123540000
171 0.000126150000
172 0.000147810000
173 0.000205100000
174 0.000394780000
175 0.000000000000

[w]
1 0.000000000000
2 -0.499959420000
3 -0.499956540000
4 -0.499949270000
5 -0.499932140000
6 -0.499875800000
7 0.499002620000
8 0.499905360000
9 0.499953770000
10 0.499970490000
11 0.499978870000
12 0.000103570000
13 -0.000008070000
14 -0.000006480000
15 -0.000005170000
16 -0.000004060000
17 -0.000003090000
18 -0.000002210000
19 -0.000001390000
20 -0.000000580000
21 0.000000240000
22 0.000001110000
23 0.000002080000
24 0.000003220000
25 0.000004600000
26 0.000006370000
27 0.000008740000
28 0.000012090000
29 0.000017130000
30 -0.000103580000
31 -0.499958040000
32 -0.499932550000
33 -0.499872810000
34 -0.499661740000
35 -0.150953920000
36 0.499243680000
37 0.499342800000
38 0.499119870000
39 0.498211460000
40 0.143545260000
41 -0.003118960000
42 -0.011007660000
43 0.331973990000
44 0.160495210000
45 0.028925840000
46 -0.496098200000
47 0.000351430000
48 0.000390430000
49 0.000214090000
50 0.000672600000
51 0.499850490000
52 0.499725590000
53 -0.004015540000
54 -0.124253170000
55 -0.122110620000
56 0.499946380000
57 0.499978920000
58 0.499984800000
59 0.499987140000
60 0.499988020000
61 0.499987910000
62 0.499986650000
63 0.499983170000
64 0.499971710000
65 0.499434770000
66 0.000003590000
67 0.000001870000
68 0.000001250000
69 0.000000820000
70 0.000000490000
71 0.000000230000
72 0.000000010000
73 -0.000000210000
74 -0.000000420000
75 -0.000000660000
76 -0.000000930000
77 -0.000001280000
78 -0.000001730000
79 -0.000002360000
80 -0.280269410000
81 -0.499974120000
82 -0.499985210000
83 -0.499988700000
84 -0.499990250000
85 -0.499990970000
86 -0.499991200000
87 -0.499991070000
88 -0.499990560000
89 -0.499989580000
90 -0.499987860000
91 -0.499984670000
92 0.000058490000
93 -0.499992630000
94 -0.499990560000
95 -0.499986270000
96 -0.499972580000
97 0.499686420000
98 0.499977180000
99 0.499988280000
100 0.499992150000
101 -0.000001080000
102 -0.499992710000
103 -0.499989740000
104 -0.499983130000
105 -0.499956400000
106 0.499912840000
107 0.499976220000
108 0.473797430000
109 0.499931320000
110 0.000086950000
111 0.000015630000
112 0.000023020000
113 0.000035770000
114 0.000061040000
115 0.000123800000
116 0.000358980000
117 0.399655200000
118 0.099966590000
119 -0.499652920000
120 0.000016670000
121 0.000058530000
122 0.000034510000
123 0.000022630000
124 0.000015910000
125 0.000011730000
126 0.000008980000
127 0.000007060000
128 0.000005680000
129 0.000004650000
130 0.000003860000
131 0.000003250000
132 0.000002760000
133 0.000002370000
134 0.000002060000
135 0.000001790000
136 0.000011210000
137 0.499993220000
138 -0.499415550000
139 0.000013420000
140 0.499999600000
141 0.499999490000
142 0.499999240000
143 0.499998510000
144 0.499996940000
145 0.499987070000
146 -0.499996590000
147 -0.499998510000
148 -0.499999090000
149 -0.499999390000
150 -0.499999580000
151 0.499999670000
152 0.499999500000
153 0.499998980000
154 0.499997900000
155 0.128049680000
156 -0.499998130000
157 -0.499998860000
158 -0.499999100000
159 -0.499999210000
160 -0.000025980000
161 -0.000011050000
162 0.000008480000
163 0.499968590000
164 0.499909140000
165 0.007991820000
166 -0.499791520000
167 -0.499385750000
168 -0.006107040000
169 -0.000084210000
170 0.000011610000
171 0.000096220000
172 0.000254500000
173 0.000842630000
174 -0.001753750000
175 0.000000000000

[dt]
1 0.010001740000
2 0.121391970000
3 0.121276510000
4 0.121159890000
5 0.121040050000
6 0.120914940000
7 0.120999090000
8 0.121101860000
9 0.121201020000
10 0.121299320000
11 0.121398430000
12 0.117065120000
13 0.117064910000
14 0.117064920000
15 0.117064930000
16 0.117064940000
17 0.117064940000
18 0.117064940000
19 0.117064930000
20 0.117064930000
21 0.117064920000
22 0.117064910000
23 0.117064900000
24 0.117064880000
25 0.117064870000
26 0.117064850000
27 0.117064840000
28 0.117064820000
29 0.117064790000
30 0.117064770000
31 0.118787970000
32 0.118764530000
33 0.118743430000
34 0.118734470000
35 0.118751220000
36 0.118938350000
37 0.119030550000
38 0.119090670000
39 0.119122750000
40 0.119134500000
41 0.119143880000
42 0.119143790000
43 0.119143380000
44 0.119143100000
45 0.121021290000
46 0.121054630000
47 0.120979080000
48 0.120979300000
49 0.120979550000
50 0.120979760000
51 0.121472840000
52 0.121478530000
53 0.121489910000
54 0.120850150000
55 0.121196450000
56 0.120490270000
57 0.121246430000
58 0.122039840000
59 0.122019790000
60 0.122016220000
61 0.122024840000
62 0.122039010000
63 0.122049860000
64 0.122046270000
65 0.122014790000
66 0.125238950000
67 0.125116890000
68 0.124942320000
69 0.124731510000
70 0.124498490000
71 0.124254830000
72 0.124009870000
73 0.123770790000
74 0.123542920000
75 0.123329970000
76 0.123134320000
77 0.122957330000
78 0.122799550000
79 0.122660950000
80 0.122541240000
81 0.123358930000
82 0.122686660000
83 0.122120080000
84 0.121634000000
85 0.121209740000
86 0.120833090000
87 0.120492900000
88 0.120180180000
89 0.119887480000
90 0.119608430000
91 0.119337540000
92 0.115811400000
93 0.125155990000
94 0.124865000000
95 0.124566370000
96 0.124255420000
97 0.124452560000
98 0.124636580000
99 0.124819980000
100 0.125007740000
101 0.113415780000
102 0.123071350000
103 0.122896450000
104 0.122713140000
105 0.122521700000
106 0.123875910000
107 0.124082950000
108 0.121001020000
109 0.128625270000
110 0.126736120000
111 0.126736040000
112 0.126736080000
113 0.126736140000
114 0.126736190000
115 0.126736240000
116 0.126736300000
117 0.126736950000
118 0.126736820000
119 0.126982000000
120 0.126383470000
121 0.126383500000
122 0.126383660000
123 0.126383840000
124 0.126384020000
125 0.126384240000
126 0.126384510000
127 0.126384920000
128 0.126384770000
129 0.126384760000
130 0.126384790000
131 0.126384790000
132 0.126384800000
133 0.126384790000
134 0.126384820000
135 0.126383730000
136 0.126383340000
137 0.135514960000
138 0.135673360000
139 0.125546150000
140 0.220806460000
141 0.220655470000
142 0.220410380000
143 0.208114110000
144 0.167814400000
145 0.191774930000
146 0.230720640000
147 0.248858060000
148 0.249997290000
149 0.249997890000
150 0.249997680000
151 0.249765740000
152 0.249979780000
153 0.245366760000
154 0.195938970000
155 0.230161600000
156 0.249999060000
157 0.249999180000
158 0.249999220000
159 0.249999230000
160 0.223387980000
161 0.223387840000
162 0.223387820000
163 0.224582340000
164 0.224647220000
165 0.224739360000
166 0.224995430000
167 0.225093270000
168 0.225142230000
169 0.225144680000
170 0.225144750000
171 0.225144790000
172 0.225144790000
173 0.225144750000
174 0.225144610000

[s]
1 0.000000000000
2 0.000000000000
3 0.011041480000
4 0.022051240000
5 0.033028310000
6 0.043970820000
7 0.054974360000
8 0.066010950000
9 0.077073240000
10 0.088161930000
11 0.099278110000
12 0.106393010000
13 0.116670960000
14 0.126949100000
15 0.137227240000
16 0.147505380000
17 0.157783510000
18 0.168061640000
19 0.178339760000
20 0.188617880000
21 0.198895990000
22 0.209174090000
23 0.219452190000
24 0.229730280000
25 0.240008370000
26 0.250286440000
27 0.260564510000
28 0.270842570000
29 0.281120610000
30 0.291398630000
31 0.306117400000
32 0.316637830000
33 0.327158390000
34 0.337707870000
35 0.348330370000
36 0.359472260000
37 0.370368820000
38 0.381187400000
39 0.391929780000
40 0.402612080000
41 0.413289270000
42 0.423935240000
43 0.434579960000
44 0.445224940000
45 0.463056850000
46 0.452198410000
47 0.440932820000
48 0.429956880000
49 0.418980900000
50 0.408004710000
51 0.398645920000
52 0.387597420000
53 0.376565000000
54 0.363570550000
55 0.353627450000
56 0.340614780000
57 0.331795670000
58 0.322869220000
59 0.311647780000
60 0.300472410000
61 0.289326900000
62 0.278191700000
63 0.267045330000
64 0.255865700000
65 0.244631160000
66 0.239634650000
67 0.227648990000
68 0.215607090000
69 0.203555150000
70 0.191528230000
71 0.179551250000
72 0.167640670000
73 0.155805900000
74 0.144050810000
75 0.132375120000
76 0.120775530000
77 0.109246760000
78 0.097782250000
79 0.086374880000
80 0.075017320000
81 0.064180500000
82 0.052479880000
83 0.041000660000
84 0.029697010000
85 0.018536020000
86 0.007493820000
87 -0.003446910000
88 -0.014298590000
89 -0.025069830000
90 -0.035766130000
91 -0.046390440000
92 -0.055385190000
93 -0.070724960000
94 -0.082281210000
95 -0.093749890000
96 -0.105124390000
97 -0.116889090000
98 -0.128695410000
99 -0.140552620000
100 -0.152466630000
101 -0.148961770000
102 -0.172112180000
103 -0.183211360000
104 -0.194248810000
105 -0.205222030000
106 -0.218873410000
107 -0.230767360000
108 -0.236296240000
109 -0.262858040000
110 -0.271223470000
111 -0.283269790000
112 -0.295316390000
113 -0.307363020000
114 -0.319409670000
115 -0.331456330000
116 -0.343503000000
117 -0.355551390000
118 -0.367597660000
119 -0.380378750000
120 -0.390622110000
121 -0.402601770000
122 -0.414581840000
123 -0.426562030000
124 -0.438542280000
125 -0.450522700000
126 -0.462503400000
127 -0.474484660000
128 -0.486463880000
129 -0.498443630000
130 -0.510423550000
131 -0.522403300000
132 -0.534383100000
133 -0.546362830000
134 -0.558342690000
135 -0.570317530000
136 -0.582295270000
137 -0.637213020000
138 -0.651746990000
139 -0.615872650000
140 -1.103967020000
141 -1.103276730000
142 -1.102051410000
143 -1.040570070000
144 -0.839071430000
145 -0.958874190000
146 -1.153602810000
147 -1.220701710000
148 -1.179629860000
149 -1.132758820000
150 -1.085883830000
151 -1.038045830000
152 -0.992108230000
153 -0.927797810000
154 -0.704840410000
155 -0.794124410000
156 -0.819414300000
157 -0.772540080000
158 -0.725665550000
159 -0.678790900000
160 -0.564651700000
161 -0.527224750000
162 -0.489798120000
163 -0.454790520000
164 -0.417083080000
165 -0.379388870000
166 -0.341897170000
167 -0.304062150000
168 -0.266119800000
169 -0.228105530000
170 -0.190088020000
171 -0.152070430000
172 -0.114052820000
173 -0.076035190000
174 -0.038017560000

[splus]
1 0.011552450000
2 0.011552450000
3 0.017971300000
4 0.025986430000
5 0.035180430000
6 0.045121600000
7 0.055578930000
8 0.066325470000
9 0.077235930000
10 0.088245770000
11 0.099321190000
12 0.106421130000
13 0.116686150000
14 0.126957300000
15 0.137231660000
16 0.147507760000
17 0.157784800000
18 0.168062330000
19 0.178340130000
20 0.188618080000
21 0.198896100000
22 0.209174150000
23 0.219452220000
24 0.229730300000
25 0.240008380000
26 0.250286450000
27 0.260564510000
28 0.270842570000
29 0.281120610000
30 0.291398630000
31 0.306117400000
32 0.316637830000
33 0.327158390000
34 0.337707870000
35 0.348330370000
36 0.359472260000
37 0.370368820000
38 0.381187400000
39 0.391929780000
40 0.402612080000
41 0.413289270000
42 0.423935240000
43 0.434579960000
44 0.445224940000
45 0.463056850000
46 0.452198410000
47 0.440932820000
48 0.429956880000
49 0.418980900000
50 0.408004710000
51 0.398645920000
52 0.387597420000
53 0.376565000000
54 0.363570550000
55 0.353627450000
56 0.340614780000
57 0.331795670000
58 0.322869220000
59 0.311647780000
60 0.300472410000
61 0.289326900000
62 0.278191710000
63 0.267045330000
64 0.255865710000
65 0.244631170000
66 0.239634660000
67 0.227649010000
68 0.215607130000
69 0.203555230000
70 0.191528400000
71 0.179551600000
72 0.167641390000
73 0.155807350000
74 0.144053750000
75 0.132381050000
76 0.120787400000
77 0.109270460000
78 0.097829380000
79 0.086468180000
80 0.075201260000
81 0.064531150000
82 0.053180030000
83 0.042366950000
84 0.032289950000
85 0.023274550000
86 0.015717040000
87 0.009917950000
88 0.005891690000
89 0.003344170000
90 0.001843430000
91 0.000999840000
92 0.000590100000
93 0.000237590000
94 0.000119190000
95 0.000060000000
96 0.000030350000
97 0.000014990000
98 0.000007380000
99 0.000003630000
100 0.000001770000
101 0.000002190000
102 0.000000550000
103 0.000000280000
104 0.000000140000
105 0.000000070000
106 0.000000030000
107 0.000000020000
108 0.000000010000
109 0.000000000000
110 0.000000000000
111 0.000000000000
112 0.000000000000
113 0.000000000000
114 0.000000000000
115 0.000000000000
116 0.000000000000
117 0.000000000000
118 0.000000000000
119 0.000000000000
120 0.000000000000
121 0.000000000000
122 0.000000000000
123 0.000000000000
124 0.000000000000
125 0.000000000000
126 0.000000000000
127 0.000000000000
128 0.000000000000
129 0.000000000000
130 0.000000000000
131 0.000000000000
132 0.000000000000
133 0.000000000000
134 0.000000000000
135 0.000000000000
136 0.000000000000
137 -0.000000000000
138 0.000000000000
139 -0.000000000000
140 -0.000000000000
141 -0.000000000000
142 -0.000000000000
143 -0.000000000000
144 0.000000000000
145 0.000000000000
146 0.000000000000
147 0.000000000000
148 -0.000000000000
149 -0.000000000000
150 -0.000000000000
151 -0.000000000000
152 -0.000000000000
153 0.000000000000
154 -0.000000000000
155 -0.000000000000
156 0.000000000000
157 0.000000000000
158 0.000000000000
159 0.000000000000
160 0.000000000000
161 0.000000000000
162 0.000000000000
163 0.000000000000
164 0.000000000000
165 0.000000000000
166 0.000000000000
167 0.000000000000
168 0.000000000000
169 0.000000020000
170 0.000000190000
171 0.000001820000
172 0.000017770000
173 0.000173100000
174 0.001621450000

[sminus]
1 0.011552450000
2 0.011552450000
3 0.006929820000
4 0.003935190000
5 0.002152120000
6 0.001150780000
7 0.000604570000
8 0.000314520000
9 0.000162700000
10 0.000083840000
11 0.000043090000
12 0.000028130000
13 0.000015190000
14 0.000008200000
15 0.000004430000
16 0.000002390000
17 0.000001290000
18 0.000000700000
19 0.000000380000
20 0.000000200000
21 0.000000110000
22 0.000000060000
23 0.000000030000
24 0.000000020000
25 0.000000010000
26 0.000000010000
27 0.000000000000
28 0.000000000000
29 0.000000000000
30 0.000000000000
31 0.000000000000
32 0.000000000000
33 0.000000000000
34 0.000000000000
35 0.000000000000
36 0.000000000000
37 0.000000000000
38 0.000000000000
39 0.000000000000
40 0.000000000000
41 0.000000000000
42 0.000000000000
43 0.000000000000
44 0.000000000000
45 0.000000000000
46 0.000000000000
47 0.000000000000
48 0.000000000000
49 0.000000000000
50 0.000000000000
51 0.000000000000
52 0.000000000000
53 0.000000000000
54 0.000000000000
55 0.000000000000
56 0.000000000000
57 0.000000000000
58 0.000000000000
59 0.000000000000
60 0.000000000000
61 0.000000000000
62 0.000000000000
63 0.000000000000
64 0.000000000000
65 0.000000010000
66 0.000000010000
67 0.000000020000
68 0.000000040000
69 0.000000080000
70 0.000000170000
71 0.000000350000
72 0.000000710000
73 0.000001450000
74 0.000002940000
75 0.000005920000
76 0.000011870000
77 0.000023700000
78 0.000047130000
79 0.000093300000
80 0.000183940000
81 0.000350650000
82 0.000700150000
83 0.001366290000
84 0.002592940000
85 0.004738530000
86 0.008223220000
87 0.013364860000
88 0.020190280000
89 0.028414000000
90 0.037609560000
91 0.047390280000
92 0.055975290000
93 0.070962540000
94 0.082400400000
95 0.093809900000
96 0.105154740000
97 0.116904080000
98 0.128702790000
99 0.140556240000
100 0.152468400000
101 0.148963960000
102 0.172112730000
103 0.183211640000
104 0.194248960000
105 0.205222100000
106 0.218873440000
107 0.230767380000
108 0.236296250000
109 0.262858040000
110 0.271223470000
111 0.283269790000
112 0.295316390000
113 0.307363020000
114 0.319409670000
115 0.331456330000
116 0.343503000000
117 0.355551390000
118 0.367597660000
119 0.380378750000
120 0.390622110000
121 0.402601770000
122 0.414581840000
123 0.426562030000
124 0.438542280000
125 0.450522700000
126 0.462503400000
127 0.474484660000
128 0.486463880000
129 0.498443630000
130 0.510423550000
131 0.522403300000
132 0.534383100000
133 0.546362830000
134 0.558342690000
135 0.570317530000
136 0.582295270000
137 0.637213020000
138 0.651746990000
139 0.615872650000
140 1.103967020000
141 1.103276730000
142 1.102051410000
143 1.040570070000
144 0.839071430000
145 0.958874190000
146 1.153602810000
147 1.220701710000
148 1.179629860000
149 1.132758820000
150 1.085883830000
151 1.038045830000
152 0.992108230000
153 0.927797810000
154 0.704840410000
155 0.794124410000
156 0.819414300000
157 0.772540080000
158 0.725665550000
159 0.678790900000
160 0.564651700000
161 0.527224750000
162 0.489798120000
163 0.454790520000
164 0.417083080000
165 0.379388870000
166 0.341897170000
167 0.304062150000
168 0.266119800000
169 0.228105550000
170 0.190088200000
171 0.152072250000
172 0.114070590000
173 0.076208280000
174 0.039639010000

[k]
1 0.000000000000
2 0.000000000000
3 -0.030382840000
4 -0.060961420000
5 -0.091965440000
6 -0.123636080000
7 -0.156232000000
8 -0.123669790000
9 -0.091983990000
10 -0.060968910000
11 -0.030383670000
12 0.000001970000
13 0.000008030000
14 0.000007560000
15 0.000007180000
16 0.000006880000
17 0.000006640000
18 0.000006460000
19 0.000006330000
20 0.000006250000
21 0.000006210000
22 0.000006230000
23 0.000006290000
24 0.000006410000
25 0.000006600000
26 0.000006870000
27 0.000007250000
28 0.000007760000
29 0.000008460000
30 0.000009470000
31 0.000003400000
32 -0.029726040000
33 -0.059658950000
34 -0.090010380000
35 -0.121002610000
36 -0.130532810000
37 -0.099267660000
38 -0.068702440000
39 -0.038631250000
40 -0.008881430000
41 -0.000329890000
42 -0.000515690000
43 -0.001171420000
44 0.018613090000
45 0.028195130000
46 0.029951710000
47 -0.000111460000
48 -0.000090200000
49 -0.000066580000
50 -0.000053630000
51 -0.000012950000
52 0.030383500000
53 0.060999100000
54 0.060751560000
55 0.053146020000
56 0.045673940000
57 0.076249850000
58 0.107593240000
59 0.139980460000
60 0.173489400000
61 0.208448540000
62 0.245237360000
63 0.284303340000
64 0.326184740000
65 0.371540960000
66 0.421141860000
67 0.421142240000
68 0.421142440000
69 0.421142580000
70 0.421142660000
71 0.421142720000
72 0.421142740000
73 0.421142740000
74 0.421142720000
75 0.421142680000
76 0.421142610000
77 0.421142510000
78 0.421142370000
79 0.421142190000
80 0.421141940000
81 0.392601320000
82 0.344995240000
83 0.301508560000
84 0.261308050000
85 0.223742540000
86 0.188290920000
87 0.154526400000
88 0.122091250000
89 0.090678460000
90 0.060018030000
91 0.029866300000
92 -0.000002620000
93 0.000000770000
94 -0.031328670000
95 -0.062831050000
96 -0.094754660000
97 -0.127358170000
98 -0.094722050000
99 -0.062781820000
100 -0.031291450000
101 0.000000750000
102 0.000000690000
103 -0.030805590000
104 -0.061802070000
105 -0.093225750000
106 -0.125325020000
107 -0.092878290000
108 -0.061113990000
109 -0.032191730000
110 0.000004540000
111 0.000010050000
112 0.000011040000
113 0.000012500000
114 0.000014760000
115 0.000018630000
116 0.000026480000
117 0.000049230000
118 0.025396550000
119 0.031752070000
120 -0.000013970000
121 -0.000012920000
122 -0.000009220000
123 -0.000007040000
124 -0.000005610000
125 -0.000004610000
126 -0.000003870000
127 -0.000003300000
128 -0.000002850000
129 -0.000002490000
130 -0.000002200000
131 -0.000001960000
132 -0.000001750000
133 -0.000001580000
134 -0.000001430000
135 -0.000001300000
136 -0.000001180000
137 -0.000000470000
138 0.033929740000
139 -0.000000910000
140 -0.000000070000
141 0.055426880000
142 0.112193360000
143 0.171785310000
144 0.232338700000
145 0.285550460000
146 0.353031920000
147 0.272777760000
148 0.196810910000
149 0.127669610000
150 0.062826890000
151 -0.000000030000
152 0.062768000000
153 0.127603050000
154 0.195403080000
155 0.254313070000
156 0.273149180000
157 0.196811990000
158 0.127670140000
159 0.062827090000
160 -0.000000180000
161 -0.000003080000
162 -0.000004310000
163 -0.000003370000
164 0.056375790000
165 0.114217010000
166 0.115162290000
167 0.057210660000
168 0.000758740000
169 0.000071250000
170 0.000061770000
171 0.000063080000
172 0.000073910000
173 0.000102550000
174 0.000197390000

[up]
1 0.011552450000
2 0.011552450000
3 0.018495480000
4 0.027507230000
5 0.038286400000
6 0.050477110000
7 0.063914810000
8 0.074199830000
9 0.084056220000
10 0.093410810000
11 0.102218220000
12 0.106421330000
13 0.116687050000
14 0.126958220000
15 0.137232610000
16 0.147508740000
17 0.157785810000
18 0.168063380000
19 0.178341220000
20 0.188619210000
21 0.198897280000
22 0.209175400000
23 0.219453550000
24 0.229731710000
25 0.240009900000
26 0.250288100000
27 0.260566330000
28 0.270844580000
29 0.281122890000
30 0.291401280000
31 0.306118400000
32 0.325673720000
33 0.345895600000
34 0.366889200000
35 0.388793290000
36 0.404518270000
37 0.405663840000
38 0.406328360000
39 0.406464890000
40 0.406044820000
41 0.413420150000
42 0.424145110000
43 0.435068670000
44 0.453180460000
45 0.475590560000
46 0.465200760000
47 0.440980000000
48 0.429994110000
49 0.419007680000
50 0.408025720000
51 0.398650880000
52 0.398902920000
53 0.398616320000
54 0.384774530000
55 0.371669590000
56 0.355549710000
57 0.356083060000
58 0.356218220000
59 0.353527390000
60 0.350516030000
61 0.347224280000
62 0.343685780000
63 0.339930340000
64 0.335986810000
65 0.331886050000
66 0.336518030000
67 0.319686720000
68 0.302776390000
69 0.285851970000
70 0.268962750000
71 0.252143780000
72 0.235418300000
73 0.218799800000
74 0.202294250000
75 0.185902300000
76 0.169621380000
77 0.153448160000
78 0.137381470000
79 0.121426970000
80 0.105604850000
81 0.088852770000
82 0.070793010000
83 0.054629990000
84 0.040390070000
85 0.028273760000
86 0.018558040000
87 0.011389230000
88 0.006582240000
89 0.003635290000
90 0.001949650000
91 0.001028510000
92 0.000590110000
93 0.000237590000
94 0.000122770000
95 0.000063620000
96 0.000033110000
97 0.000016820000
98 0.000008050000
99 0.000003840000
100 0.000001830000
101 0.000002190000
102 0.000000550000
103 0.000000290000
104 0.000000150000
105 0.000000080000
106 0.000000040000
107 0.000000020000
108 0.000000010000
109 0.000000000000
110 0.000000000000
111 0.000000000000
112 0.000000000000
113 0.000000000000
114 0.000000000000
115 0.000000000000
116 0.000000000000
117 0.000000000000
118 0.000000000000
119 0.000000000000
120 0.000000000000
121 0.000000000000
122 0.000000000000
123 0.000000000000
124 0.000000000000
125 0.000000000000
126 0.000000000000
127 0.000000000000
128 0.000000000000
129 0.000000000000
130 0.000000000000
131 0.000000000000
132 0.000000000000
133 0.000000000000
134 0.000000000000
135 0.000000000000
136 0.000000000000
137 -0.000000000000
138 0.000000000000
139 -0.000000000000
140 -0.000000000000
141 0.000000000000
142 -0.000000000000
143 -0.000000000000
144 0.000000000000
145 0.000000000000
146 0.000000000000
147 0.000000000000
148 -0.000000000000
149 -0.000000000000
150 -0.000000000000
151 -0.000000000000
152 -0.000000000000
153 0.000000000000
154 -0.000000000000
155 -0.000000000000
156 0.000000000000
157 0.000000000000
158 0.000000000000
159 0.000000000000
160 0.000000000000
161 0.000000000000
162 0.000000000000
163 0.000000000000
164 0.000000000000
165 0.000000000000
166 0.000000000000
167 0.000000000000
168 0.000000000000
169 0.000000020000
170 0.000000190000
171 0.000001820000
172 0.000017770000
173 0.000173110000
174 0.001621760000

[down]
1 0.011552450000
2 0.011552450000
3 0.007131950000
4 0.004165490000
5 0.002342120000
6 0.001287370000
7 0.000695240000
8 0.000351860000
9 0.000177060000
10 0.000088750000
11 0.000044340000
12 0.000028130000
13 0.000015190000
14 0.000008200000
15 0.000004430000
16 0.000002390000
17 0.000001290000
18 0.000000700000
19 0.000000380000
20 0.000000200000
21 0.000000110000
22 0.000000060000
23 0.000000030000
24 0.000000020000
25 0.000000010000
26 0.000000010000
27 0.000000000000
28 0.000000000000
29 0.000000000000
30 0.000000000000
31 0.000000000000
32 0.000000000000
33 0.000000000000
34 0.000000000000
35 0.000000000000
36 0.000000000000
37 0.000000000000
38 0.000000000000
39 0.000000000000
40 0.000000000000
41 0.000000000000
42 0.000000000000
43 0.000000000000
44 0.000000000000
45 0.000000000000
46 0.000000000000
47 0.000000000000
48 0.000000000000
49 0.000000000000
50 0.000000000000
51 0.000000000000
52 0.000000000000
53 0.000000000000
54 0.000000000000
55 0.000000000000
56 0.000000000000
57 0.000000000000
58 0.000000000000
59 0.000000000000
60 0.000000000000
61 0.000000000000
62 0.000000000000
63 0.000000000000
64 0.000000000000
65 0.000000010000
66 0.000000010000
67 0.000000030000
68 0.000000060000
69 0.000000120000
70 0.000000240000
71 0.000000490000
72 0.000001000000
73 0.000002040000
74 0.000004130000
75 0.000008310000
76 0.000016670000
77 0.000033290000
78 0.000066180000
79 0.000131030000
80 0.000258300000
81 0.000482810000
82 0.000932040000
83 0.001761770000
84 0.003243400000
85 0.005756340000
86 0.009709640000
87 0.015347470000
88 0.022556740000
89 0.030887480000
90 0.039776520000
91 0.048749040000
92 0.055975430000
93 0.070962600000
94 0.084878630000
95 0.099468300000
96 0.114720080000
97 0.131197220000
98 0.140406150000
99 0.149027640000
100 0.157048520000
101 0.148964070000
102 0.172112840000
103 0.188629820000
104 0.205773750000
105 0.223588810000
106 0.245206540000
107 0.251343320000
108 0.250159620000
109 0.270981430000
110 0.271224650000
111 0.283272530000
112 0.295319520000
113 0.307366710000
114 0.319414200000
115 0.331462260000
116 0.343511730000
117 0.355568190000
118 0.376559940000
119 0.391973450000
120 0.390627350000
121 0.402606760000
122 0.414585510000
123 0.426564910000
124 0.438544640000
125 0.450524690000
126 0.462505120000
127 0.474486160000
128 0.486465210000
129 0.498444820000
130 0.510424620000
131 0.522404280000
132 0.534384000000
133 0.546363660000
134 0.558343460000
135 0.570318240000
136 0.582295930000
137 0.637213310000
138 0.672976060000
139 0.615873190000
140 1.103967100000
141 1.161981870000
142 1.220748540000
143 1.212174550000
144 1.026222250000
145 1.221728880000
146 1.544571080000
147 1.540362780000
148 1.402507320000
149 1.271592940000
150 1.151377630000
151 1.038045860000
152 1.051889970000
153 1.041452050000
154 0.837059280000
155 0.988002380000
156 1.034283750000
157 0.918503420000
158 0.814605540000
159 0.719731500000
160 0.564651790000
161 0.527226310000
162 0.489800150000
163 0.454791990000
164 0.439655930000
165 0.420988220000
166 0.379695890000
167 0.320761930000
168 0.266313640000
169 0.228121150000
170 0.190099470000
171 0.152081460000
172 0.114078680000
173 0.076215780000
174 0.039646520000

[left]
1 0.023104910000
2 0.023104910000
3 0.022800410000
4 0.022020750000
5 0.021166730000
6 0.020865580000
7 0.021752270000
8 0.021470510000
9 0.021031260000
10 0.020682260000
11 0.021004620000
12 0.023105120000
13 0.023105880000
14 0.023105910000
15 0.023105940000
16 0.023105970000
17 0.023106010000
18 0.023106050000
19 0.023106100000
20 0.023106160000
21 0.023106220000
22 0.023106300000
23 0.023106380000
24 0.023106490000
25 0.023106610000
26 0.023106760000
27 0.023106940000
28 0.023107180000
29 0.023107490000
30 0.023107900000
31 0.023106040000
32 0.021910850000
33 0.029828770000
34 0.039801640000
35 0.050709340000
36 0.055144020000
37 0.045709820000
38 0.035908960000
39 0.026020850000
40 0.020668820000
41 0.022940740000
42 0.022834410000
43 0.022508960000
44 0.039925690000
45 0.053856930000
46 0.055281220000
47 0.023048110000
48 0.023060420000
49 0.023073180000
50 0.023080160000
51 0.023099130000
52 0.049599310000
53 0.083929230000
54 0.081022060000
55 0.070674630000
56 0.060624060000
57 0.090671030000
58 0.119990140000
59 0.147479430000
60 0.173685310000
61 0.198794000000
62 0.222982060000
63 0.246418500000
64 0.269269740000
65 0.291705650000
66 0.322368180000
67 0.306248030000
68 0.290113030000
69 0.274025670000
70 0.258032710000
71 0.242166740000
72 0.226448790000
73 0.210890370000
74 0.195495750000
75 0.180264030000
76 0.165191040000
77 0.150271430000
78 0.135500910000
79 0.120879790000
80 0.106419280000
81 0.087266820000
82 0.066330680000
83 0.050047370000
84 0.038190090000
85 0.030395420000
86 0.025801820000
87 0.023321240000
88 0.022087790000
89 0.021572670000
90 0.021524560000
91 0.021943760000
92 0.023105050000
93 0.023104850000
94 0.026429840000
95 0.032695680000
96 0.042551600000
97 0.056104170000
98 0.048537020000
99 0.039604460000
100 0.030319260000
101 0.023104800000
102 0.023104790000
103 0.032107270000
104 0.048005300000
105 0.068352820000
106 0.092769290000
107 0.075091370000
108 0.054807520000
109 0.038634600000
110 0.023103740000
111 0.023102210000
112 0.023101830000
113 0.023101290000
114 0.023100480000
115 0.023099120000
116 0.023096400000
117 0.023088510000
118 0.023561260000
119 0.025915040000
120 0.023109900000
121 0.023109650000
122 0.023108380000
123 0.023107630000
124 0.023107130000
125 0.023106780000
126 0.023106510000
127 0.023106310000
128 0.023106150000
129 0.023106010000
130 0.023105900000
131 0.023105810000
132 0.023105730000
133 0.023105660000
134 0.023105600000
135 0.023105550000
136 0.023105510000
137 0.023105170000
138 0.039364230000
139 0.023105390000
140 0.023104960000
141 0.102095250000
142 0.194547040000
143 0.270618900000
144 0.274447830000
145 0.397192340000
146 0.624803040000
147 0.524125930000
148 0.364166630000
149 0.227812540000
150 0.111972310000
151 0.023104930000
152 0.100294340000
153 0.176457530000
154 0.188039880000
155 0.279358960000
156 0.311185020000
157 0.211532880000
158 0.131235360000
159 0.065645360000
160 0.023104990000
161 0.023106340000
162 0.023106790000
163 0.023106280000
164 0.038351260000
165 0.060028870000
166 0.054862590000
167 0.030601370000
168 0.022918220000
169 0.023089260000
170 0.023093500000
171 0.023095500000
172 0.023096560000
173 0.023097120000
174 0.023097340000

[right]
1 0.023104910000
2 0.023104910000
3 0.023487380000
4 0.024772020000
5 0.027392940000
6 0.032032810000
7 0.039437360000
8 0.038322720000
9 0.035704400000
10 0.031836560000
11 0.027280860000
12 0.023104690000
13 0.023103930000
14 0.023103900000
15 0.023103870000
16 0.023103840000
17 0.023103800000
18 0.023103760000
19 0.023103710000
20 0.023103650000
21 0.023103590000
22 0.023103510000
23 0.023103430000
24 0.023103320000
25 0.023103200000
26 0.023103050000
27 0.023102860000
28 0.023102630000
29 0.023102320000
30 0.023101900000
31 0.023103770000
32 0.042517570000
33 0.072662400000
34 0.106671080000
35 0.143654590000
36 0.158878230000
37 0.127189270000
38 0.094089170000
39 0.059738750000
40 0.028651040000
41 0.023245820000
42 0.023324750000
43 0.023653490000
44 0.021250000000
45 0.024317460000
46 0.024710800000
47 0.023158760000
48 0.023147530000
49 0.023135680000
50 0.023129070000
51 0.023110650000
52 0.023398820000
53 0.032952040000
54 0.032147210000
55 0.029181220000
56 0.026377840000
57 0.035090900000
58 0.043828150000
59 0.052080120000
60 0.059980140000
61 0.067580240000
62 0.074931620000
63 0.082083880000
64 0.089086320000
65 0.095989730000
66 0.105307310000
67 0.100618120000
68 0.095906890000
69 0.091191730000
70 0.086486390000
71 0.081800660000
72 0.077141040000
73 0.072511400000
74 0.067913540000
75 0.063347980000
76 0.058814670000
77 0.054314040000
78 0.049848530000
79 0.045425530000
80 0.041063180000
81 0.035273530000
82 0.029070880000
83 0.024669170000
84 0.022292290000
85 0.021909150000
86 0.022906420000
87 0.024381630000
88 0.025606370000
89 0.026152620000
90 0.025841780000
91 0.024724180000
92 0.023104760000
93 0.023104960000
94 0.021300760000
95 0.021008740000
96 0.022844630000
97 0.026739390000
98 0.024563040000
99 0.022302770000
100 0.020993270000
101 0.023105020000
102 0.023105020000
103 0.021161450000
104 0.024789160000
105 0.031458930000
106 0.040060210000
107 0.034033440000
108 0.027184020000
109 0.022560700000
110 0.023106070000
111 0.023107590000
112 0.023107970000
113 0.023108500000
114 0.023109310000
115 0.023110640000
116 0.023113310000
117 0.023120950000
118 0.040806200000
119 0.048148010000
120 0.023099880000
121 0.023100130000
122 0.023101410000
123 0.023102170000
124 0.023102670000
125 0.023103030000
126 0.023103300000
127 0.023103500000
128 0.023103660000
129 0.023103800000
130 0.023103910000
131 0.023104000000
132 0.023104080000
133 0.023104150000
134 0.023104210000
135 0.023104260000
136 0.023104310000
137 0.023104650000
138 0.077070750000
139 0.023104420000
140 0.023104850000
141 0.192559980000
142 0.377535280000
143 0.540666240000
144 0.588600810000
145 0.822021080000
146 1.217037940000
147 0.997174070000
148 0.698757960000
149 0.439624320000
150 0.213491660000
151 0.023104880000
152 0.195879490000
153 0.361986370000
154 0.419227290000
155 0.609342860000
156 0.674066590000
157 0.461606100000
158 0.285784080000
159 0.137786310000
160 0.023104820000
161 0.023103470000
162 0.023103020000
163 0.023103520000
164 0.081203430000
165 0.139817540000
166 0.128099620000
167 0.063287160000
168 0.023301450000
169 0.023120400000
170 0.023116220000
171 0.023114250000
172 0.023113200000
173 0.023112650000
174 0.023112420000
