  0.01155245
  0.01155245
  0.00692982
  0.00393519
  0.00215212
  0.00115078
  0.00060457
  0.00031452
  0.00016270
  0.00008384
  0.00004309
  0.00002813
  0.00001519
  0.00000820
  0.00000443
  0.00000239
  0.00000129
  0.00000070
  0.00000038
  0.00000020
  0.00000011
  0.00000006
  0.00000003
  0.00000002
  0.00000001
  0.00000001
  0.00000000
  0.00000000
  0.00000000
  0.00000000
  0.00000000
  0.00000000
  0.00000000
  0.00000000
  0.00000000
  0.00000000
  0.00000000
  0.00000000
  0.00000000
  0.00000000
  0.00000000
  0.00000000
  0.00000000
  0.00000000
  0.00000000
  0.00000000
  0.00000000
  0.00000000
  0.00000000
  0.00000000
  0.00000000
  0.00000000
  0.00000000
  0.00000000
  0.00000000
  0.00000000
  0.00000000
  0.00000000
  0.00000000
  0.00000000
  0.00000000
  0.00000000
  0.00000000
  0.00000000
  0.00000001
  0.00000001
  0.00000002
  0.00000004
  0.00000008
  0.00000017
  0.00000035
  0.00000071
  0.00000145
  0.00000294
  0.00000592
  0.00001187
  0.00002370
  0.00004713
  0.00009330
  0.00018394
  0.00035065
  0.00070015
  0.00136629
  0.00259294
  0.00473853
  0.00822322
  0.01336486
  0.02019028
  0.02841400
  0.03760956
  0.04739028
  0.05597529
  0.07096254
  0.08240040
  0.09380990
  0.10515474
  0.11690408
  0.12870279
  0.14055624
  0.15246840
  0.14896396
  0.17211273
  0.18321164
  0.19424896
  0.20522210
  0.21887344
  0.23076738
  0.23629625
  0.26285804
  0.27122347
  0.28326979
  0.29531639
  0.30736302
  0.31940967
  0.33145633
  0.34350300
  0.35555139
  0.36759766
  0.38037875
  0.39062211
  0.40260177
  0.41458184
  0.42656203
  0.43854228
  0.45052270
  0.46250340
  0.47448466
  0.48646388
  0.49844363
  0.51042355
  0.52240330
  0.53438310
  0.54636283
  0.55834269
  0.57031753
  0.58229527
  0.63721302
  0.65174699
  0.61587265
  1.10396702
  1.10327673
  1.10205141
  1.04057007
  0.83907143
  0.95887419
  1.15360281
  1.22070171
  1.17962986
  1.13275882
  1.08588383
  1.03804583
  0.99210823
  0.92779781
  0.70484041
  0.79412441
  0.81941430
  0.77254008
  0.72566555
  0.67879090
  0.56465170
  0.52722475
  0.48979812
  0.45479052
  0.41708308
  0.37938887
  0.34189717
  0.30406215
  0.26611980
  0.22810555
  0.19008820
  0.15207225
  0.11407059
  0.07620828
  0.03963901
