  1.57079633
  1.57079633
  1.57079633
  1.57046086
  1.56911658
  1.56607912
  1.56064274
  1.55205399
  1.54389042
  1.53680092
  1.53142578
  1.52840935
  1.52840956
  1.52841050
  1.52841146
  1.52841244
  1.52841346
  1.52841450
  1.52841559
  1.52841672
  1.52841790
  1.52841913
  1.52842044
  1.52842182
  1.52842329
  1.52842488
  1.52842660
  1.52842848
  1.52843058
  1.52843296
  1.52843572
  1.52843677
  1.51902438
  1.49950645
  1.46910924
  1.42696035
  1.38003743
  1.34327179
  1.31708328
  1.30194254
  1.29836677
  1.29823043
  1.29801182
  1.29750276
  1.30578976
  1.31884572
  1.33238983
  1.33234069
  1.33230190
  1.33227401
  1.33225212
  1.33224696
  1.34402353
  1.36699365
  1.38908113
  1.40787502
  1.42343224
  1.44873161
  1.48347015
  1.52709475
  1.57922352
  1.63953329
  1.70775629
  1.78367816
  1.86713765
  1.95802814
  2.05894833
  2.15482093
  2.24562223
  2.33134797
  2.41200868
  2.48762538
  2.55822603
  2.62384256
  2.68450851
  2.74025732
  2.79112104
  2.83712950
  2.87830975
  2.91468585
  2.94627879
  2.97147614
  2.98958145
  3.00194350
  3.00970356
  3.01385086
  3.01526188
  3.01472924
  3.01298351
  3.01071021
  3.00856360
  3.00717809
  3.00717823
  3.00717818
  3.00975594
  3.01564634
  3.02560737
  3.04049415
  3.05268444
  3.06150859
  3.06627949
  3.06627938
  3.06627926
  3.07192320
  3.08392818
  3.10306015
  3.13049047
  3.15192375
  3.16636475
  3.17482661
  3.17482538
  3.17482253
  3.17481927
  3.17481543
  3.17481072
  3.17480454
  3.17479544
  3.17477794
  3.16544223
  3.15336442
  3.15336988
  3.15337508
  3.15337890
  3.15338191
  3.15338437
  3.15338644
  3.15338823
  3.15338980
  3.15339118
  3.15339243
  3.15339355
  3.15339457
  3.15339551
  3.15339637
  3.15339716
  3.15339790
  3.15339859
  3.15339890
  3.13128528
  3.13128584
  3.13128591
  3.07013472
  2.94649188
  2.76773722
  2.57278845
  2.29898149
  1.89172287
  1.55874260
  1.32657858
  1.18195970
  1.11373700
  1.11373703
  1.05146438
  0.93307455
  0.79534656
  0.59339034
  0.36956800
  0.21752285
  0.12487703
  0.08223057
  0.08223067
  0.08223229
  0.08223440
  0.08223593
  0.05872255
  0.01538989
 -0.02398377
 -0.04137937
 -0.04158128
 -0.04159753
 -0.04160927
 -0.04161886
 -0.04162728
 -0.04163508
 -0.04164258
