  0.01155245
  0.01155245
  0.01849548
  0.02750723
  0.03828640
  0.05047711
  0.06391481
  0.07419983
  0.08405622
  0.09341081
  0.10221822
  0.10642133
  0.11668705
  0.12695822
  0.13723261
  0.14750874
  0.15778581
  0.16806338
  0.17834122
  0.18861921
  0.19889728
  0.20917540
  0.21945355
  0.22973171
  0.24000990
  0.25028810
  0.26056633
  0.27084458
  0.28112289
  0.29140128
  0.30611840
  0.32567372
  0.34589560
  0.36688920
  0.38879329
  0.40451827
  0.40566384
  0.40632836
  0.40646489
  0.40604482
  0.41342015
  0.42414511
  0.43506867
  0.45318046
  0.47559056
  0.46520076
  0.44098000
  0.42999411
  0.41900768
  0.40802572
  0.39865088
  0.39890292
  0.39861632
  0.38477453
  0.37166959
  0.35554971
  0.35608306
  0.35621822
  0.35352739
  0.35051603
  0.34722428
  0.34368578
  0.33993034
  0.33598681
  0.33188605
  0.33651803
  0.31968672
  0.30277639
  0.28585197
  0.26896275
  0.25214378
  0.23541830
  0.21879980
  0.20229425
  0.18590230
  0.16962138
  0.15344816
  0.13738147
  0.12142697
  0.10560485
  0.08885277
  0.07079301
  0.05462999
  0.04039007
  0.02827376
  0.01855804
  0.01138923
  0.00658224
  0.00363529
  0.00194965
  0.00102851
  0.00059011
  0.00023759
  0.00012277
  0.00006362
  0.00003311
  0.00001682
  0.00000805
  0.00000384
  0.00000183
  0.00000219
  0.00000055
  0.00000029
  0.00000015
  0.00000008
  0.00000004
  0.00000002
  0.00000001
  0.00000000
  0.00000000
  0.00000000
  0.00000000
  0.00000000
  0.00000000
  0.00000000
  0.00000000
  0.00000000
  0.00000000
  0.00000000
  0.00000000
  0.00000000
  0.00000000
  0.00000000
  0.00000000
  0.00000000
  0.00000000
  0.00000000
  0.00000000
  0.00000000
  0.00000000
  0.00000000
  0.00000000
  0.00000000
  0.00000000
  0.00000000
  0.00000000
 -0.00000000
  0.00000000
 -0.00000000
 -0.00000000
  0.00000000
 -0.00000000
 -0.00000000
  0.00000000
  0.00000000
  0.00000000
  0.00000000
 -0.00000000
 -0.00000000
 -0.00000000
 -0.00000000
 -0.00000000
  0.00000000
 -0.00000000
 -0.00000000
  0.00000000
  0.00000000
  0.00000000
  0.00000000
  0.00000000
  0.00000000
  0.00000000
  0.00000000
  0.00000000
  0.00000000
  0.00000000
  0.00000000
  0.00000000
  0.00000002
  0.00000019
  0.00000182
  0.00001777
  0.00017311
  0.00162176
