  0.00000000
  0.00000000
  0.09104387
  0.18200114
  0.27287095
  0.36365087
  0.45433695
  0.54508614
  0.63591241
  0.72681304
  0.81778740
  0.90883608
  0.99663477
  1.08443331
  1.17223184
  1.26003038
  1.34782892
  1.43562745
  1.52342597
  1.61122449
  1.69902299
  1.78682148
  1.87461995
  1.96241840
  2.05021683
  2.13801525
  2.22581363
  2.31361199
  2.40141032
  2.48920862
  2.57700687
  2.66609750
  2.75517053
  2.84422770
  2.93327812
  3.02234105
  3.11154428
  3.20081658
  3.29013388
  3.37947511
  3.46882498
  3.55818162
  3.64753771
  3.73689244
  3.82624278
  3.73549048
  3.64470296
  3.55397062
  3.46323752
  3.37250393
  3.28176997
  3.19066607
  3.09955780
  3.00844092
  2.91780380
  2.82690691
  2.73653961
  2.64560516
  2.55407563
  2.46256111
  2.37104924
  2.27953090
  2.18800191
  2.09646477
  2.00493031
  1.91341944
  1.81949044
  1.72565298
  1.63194643
  1.53839799
  1.44502429
  1.35183334
  1.25882611
  1.16599817
  1.07334114
  0.98084381
  0.88849322
  0.79627536
  0.70417583
  0.61218024
  0.52027444
  0.42775537
  0.33574049
  0.24415055
  0.15292517
  0.06201797
 -0.02860673
 -0.11897629
 -0.20911131
 -0.29902680
 -0.38873301
 -0.47823605
 -0.56509448
 -0.65896135
 -0.75260998
 -0.84603463
 -0.93922606
 -1.03256535
 -1.12604265
 -1.21965749
 -1.31341316
 -1.39847485
 -1.49077821
 -1.58295041
 -1.67498511
 -1.76687623
 -1.85978301
 -1.95284506
 -2.04359565
 -2.14006443
 -2.23511635
 -2.33016819
 -2.42522007
 -2.52027197
 -2.61532391
 -2.71037588
 -2.80542788
 -2.90048037
 -2.99553274
 -3.09076899
 -3.18555633
 -3.28034368
 -3.37513113
 -3.46991870
 -3.56470639
 -3.65949422
 -3.75428224
 -3.84907053
 -3.94385868
 -4.03864679
 -4.13343488
 -4.22822292
 -4.32301090
 -4.41779881
 -4.51258663
 -4.60737350
 -4.70215991
 -4.80379473
 -4.90554779
 -4.99970434
 -4.99999730
 -4.99999770
 -4.99999771
 -4.99999658
 -4.99999762
 -4.99999832
 -4.90521262
 -4.71857066
 -4.53107350
 -4.34357564
 -4.15607781
 -3.96875389
 -3.78126936
 -3.59724456
 -3.45029057
 -3.27766957
 -3.09017046
 -2.90267123
 -2.71517195
 -2.52767266
 -2.36013179
 -2.19259102
 -2.02505026
 -1.85661361
 -1.68812828
 -1.51957385
 -1.35082736
 -1.18200749
 -1.01315089
 -0.84429245
 -0.67543396
 -0.50657543
 -0.33771690
 -0.16885840
  0.00000000
