  0.00000000
 -0.49995942
 -0.49995654
 -0.49994927
 -0.49993214
 -0.49987580
  0.49900262
  0.49990536
  0.49995377
  0.49997049
  0.49997887
  0.00010357
 -0.00000807
 -0.00000648
 -0.00000517
 -0.00000406
 -0.00000309
 -0.00000221
 -0.00000139
 -0.00000058
  0.00000024
  0.00000111
  0.00000208
  0.00000322
  0.00000460
  0.00000637
  0.00000874
  0.00001209
  0.00001713
 -0.00010358
 -0.49995804
 -0.49993255
 -0.49987281
 -0.49966174
 -0.15095392
  0.49924368
  0.49934280
  0.49911987
  0.49821146
  0.14354526
 -0.00311896
 -0.01100766
  0.33197399
  0.16049521
  0.02892584
 -0.49609820
  0.00035143
  0.00039043
  0.00021409
  0.00067260
  0.49985049
  0.49972559
 -0.00401554
 -0.12425317
 -0.12211062
  0.49994638
  0.49997892
  0.49998480
  0.49998714
  0.49998802
  0.49998791
  0.49998665
  0.49998317
  0.49997171
  0.49943477
  0.00000359
  0.00000187
  0.00000125
  0.00000082
  0.00000049
  0.00000023
  0.00000001
 -0.00000021
 -0.00000042
 -0.00000066
 -0.00000093
 -0.00000128
 -0.00000173
 -0.00000236
 -0.28026941
 -0.49997412
 -0.49998521
 -0.49998870
 -0.49999025
 -0.49999097
 -0.49999120
 -0.49999107
 -0.49999056
 -0.49998958
 -0.49998786
 -0.49998467
  0.00005849
 -0.49999263
 -0.49999056
 -0.49998627
 -0.49997258
  0.49968642
  0.49997718
  0.49998828
  0.49999215
 -0.00000108
 -0.49999271
 -0.49998974
 -0.49998313
 -0.49995640
  0.49991284
  0.49997622
  0.47379743
  0.49993132
  0.00008695
  0.00001563
  0.00002302
  0.00003577
  0.00006104
  0.00012380
  0.00035898
  0.39965520
  0.09996659
 -0.49965292
  0.00001667
  0.00005853
  0.00003451
  0.00002263
  0.00001591
  0.00001173
  0.00000898
  0.00000706
  0.00000568
  0.00000465
  0.00000386
  0.00000325
  0.00000276
  0.00000237
  0.00000206
  0.00000179
  0.00001121
  0.49999322
 -0.49941555
  0.00001342
  0.49999960
  0.49999949
  0.49999924
  0.49999851
  0.49999694
  0.49998707
 -0.49999659
 -0.49999851
 -0.49999909
 -0.49999939
 -0.49999958
  0.49999967
  0.49999950
  0.49999898
  0.49999790
  0.12804968
 -0.49999813
 -0.49999886
 -0.49999910
 -0.49999921
 -0.00002598
 -0.00001105
  0.00000848
  0.49996859
  0.49990914
  0.00799182
 -0.49979152
 -0.49938575
 -0.00610704
 -0.00008421
  0.00001161
  0.00009622
  0.00025450
  0.00084263
 -0.00175375
  0.00000000
