  0.00488873
  0.18401122
  0.18400744
  0.18400497
  0.18400432
  0.18400606
  0.18401060
  0.18401801
  0.18402814
  0.18404074
  0.18405558
  0.18407249
  0.18409129
  0.18411186
  0.18413425
  0.18415858
  0.18418359
  0.18420499
  0.18422045
  0.18429634
  0.18449323
  0.18465307
  0.18477033
  0.18490397
  0.18515670
  0.18568359
  0.18670291
  0.18849252
  0.19134271
  0.20701684
  0.21578022
  0.24261377
  0.24110122
  0.20172932
  0.19354061
  0.19146641
  0.19121482
  0.19158223
  0.19135782
  0.19115337
  0.18950823
  0.17449821
  0.17254359
  0.17200304
  0.18096967
  0.18564667
  0.19003730
  0.19339978
  0.19551867
  0.19659967
  0.19762313
  0.19835406
  0.19873681
  0.20141296
  0.19645759
  0.19663593
  0.19659027
  0.19645398
  0.19636198
  0.19634824
  0.19638820
  0.19656037
  0.19673814
  0.19693425
  0.19725276
  0.19776273
  0.19853046
  0.20304963
  0.20405276
  0.20420170
  0.20425078
  0.20414599
  0.20382272
  0.20391983
  0.21745356
  0.21318893
  0.21206952
  0.21108941
  0.21075100
  0.21662692
  0.21158360
  0.20784517
  0.20501505
  0.20278164
  0.20094086
  0.19935188
  0.19791010
  0.19653156
  0.19514429
  0.19368367
  0.19209110
  0.19031653
  0.18833497
  0.18701053
  0.18687686
  0.18633516
  0.18594560
  0.19038216
  0.19051883
  0.19075989
  0.19102536
  0.21311634
  0.21424103
  0.21493157
  0.21538869
  0.21572607
  0.21602128
  0.21631454
  0.21661009
  0.22141890
  0.22061858
  0.21987486
  0.21922138
  0.21863278
