task_id 22

[x]
1 2.179591840000
2 2.179591840000
3 2.179591840000
4 2.178221870000
5 2.175495000000
6 2.171480260000
7 2.166340790000
8 2.160350310000
9 2.153880660000
10 2.147362120000
11 2.141228020000
12 2.135860610000
13 2.131551240000
14 2.128477750000
15 2.126686020000
16 2.126044300000
17 2.126122720000
18 2.125954930000
19 2.123699270000
20 2.116355930000
21 2.099858430000
22 2.070435610000
23 2.030402670000
24 1.987930080000
25 1.955384830000
26 1.949132610000
27 1.990002590000
28 2.103980130000
29 2.322648950000
30 2.682130190000
31 3.248706510000
32 4.032173090000
33 5.045745100000
34 6.038035980000
35 6.746465490000
36 7.299989730000
37 7.730713100000
38 8.064256600000
39 8.330512470000
40 8.566449000000
41 8.813851240000
42 9.112138710000
43 9.471566880000
44 9.933493310000
45 10.517544690000
46 11.265318700000
47 12.149499660000
48 13.097167840000
49 14.055633750000
50 14.995733400000
51 15.909972000000
52 16.809234020000
53 17.709661300000
54 18.594164840000
55 19.446730510000
56 20.176373640000
57 20.806431630000
58 21.364369890000
59 21.878845820000
60 22.372566910000
61 22.855828440000
62 23.330198070000
63 23.796513440000
64 24.249938470000
65 24.676897290000
66 25.063000310000
67 25.394135490000
68 25.656646580000
69 25.840902080000
70 25.938277770000
71 25.975667130000
72 25.976778580000
73 25.960339210000
74 25.940516320000
75 25.927480430000
76 25.928206370000
77 25.948709180000
78 25.990301490000
79 26.051932100000
80 26.130626450000
81 26.224226730000
82 26.318580110000
83 26.403736400000
84 26.474466220000
85 26.528132190000
86 26.563590750000
87 26.580567150000
88 26.579254390000
89 26.560017670000
90 26.523147120000
91 26.468633170000
92 26.395958480000
93 26.303914620000
94 26.190460440000
95 26.052033220000
96 25.883286380000
97 25.681538710000
98 25.444523130000
99 25.164148500000
100 24.845902110000
101 24.493207900000
102 24.109533480000
103 23.659238410000
104 23.242392330000
105 22.860324650000
106 22.512631020000
107 22.198609720000
108 21.917870600000
109 21.670516250000
110 21.457070350000
111 21.274527880000
112 21.129464670000
113 21.021456380000
114 20.949893010000
115 20.914285710000

[y]
1 25.897959180000
2 25.897959180000
3 25.897959180000
4 25.872614750000
5 25.821926790000
6 25.745892320000
7 25.644502390000
8 25.517741850000
9 25.365591660000
10 25.188032730000
11 24.985049570000
12 24.756632040000
13 24.502774910000
14 24.223475820000
15 23.918732930000
16 23.588542380000
17 23.232896200000
18 22.851784700000
19 22.445213020000
20 22.013238120000
21 21.555885050000
22 21.073170670000
23 20.565195340000
24 20.031449560000
25 19.470983150000
26 18.883199040000
27 18.269325080000
28 17.634919360000
29 16.994121020000
30 16.376863490000
31 15.808604770000
32 15.430753160000
33 15.346137910000
34 15.702519590000
35 16.286456510000
36 17.007259440000
37 17.824525550000
38 18.706156570000
39 19.621500990000
40 20.546344230000
41 21.468183620000
42 22.366680730000
43 23.160916150000
44 23.888841720000
45 24.519394360000
46 25.028008990000
47 25.308942070000
48 25.371095930000
49 25.246491710000
50 24.980010550000
51 24.620044170000
52 24.211600510000
53 23.796923730000
54 23.345058210000
55 22.810268550000
56 22.196827210000
57 21.518923380000
58 20.817224090000
59 20.119331950000
60 19.442477460000
61 18.793804350000
62 18.174360100000
63 17.584385500000
64 17.020289620000
65 16.471327150000
66 15.926839080000
67 15.379162240000
68 14.825133600000
69 14.257461570000
70 13.697128640000
71 13.160503840000
72 12.653702380000
73 12.178689060000
74 11.735767820000
75 11.323544810000
76 10.916977410000
77 10.553708740000
78 10.228306500000
79 9.941881930000
80 9.694953090000
81 9.482487880000
82 9.314804280000
83 9.184046810000
84 9.084672390000
85 9.013068430000
86 8.967010440000
87 8.945199460000
88 8.946883140000
89 8.971542680000
90 9.018625490000
91 9.087303290000
92 9.176232600000
93 9.283290620000
94 9.405258980000
95 9.538015720000
96 9.675792700000
97 9.811785720000
98 9.938460930000
99 10.049760440000
100 10.133237570000
101 10.185780460000
102 10.206130310000
103 10.193978880000
104 10.153627400000
105 10.100755800000
106 10.046674760000
107 9.998957300000
108 9.962094910000
109 9.938059080000
110 9.926760130000
111 9.926428880000
112 9.934132210000
113 9.943521560000
114 9.951063770000
115 9.955102040000

[theta]
1 -1.624797830000
2 -1.624797830000
3 -1.624797830000
4 -1.624541570000
5 -1.623548940000
6 -1.621442890000
7 -1.618019020000
8 -1.613291490000
9 -1.607490850000
10 -1.601005540000
11 -1.594288670000
12 -1.587768460000
13 -1.581798250000
14 -1.576673790000
15 -1.572737920000
16 -1.570574030000
17 -1.571234910000
18 -1.576342640000
19 -1.587792720000
20 -1.606851650000
21 -1.631673620000
22 -1.649443020000
23 -1.650203760000
24 -1.628798910000
25 -1.581431780000
26 -1.504315630000
27 -1.393030270000
28 -1.241940470000
29 -1.043428030000
30 -0.786880390000
31 -0.449371440000
32 -0.083295890000
33 0.344802570000
34 0.689364840000
35 0.915917610000
36 1.085754370000
37 1.209109860000
38 1.287726300000
39 1.321014260000
40 1.308596470000
41 1.250259940000
42 1.145827150000
43 1.005338200000
44 0.823661430000
45 0.597298400000
46 0.307647620000
47 0.065493640000
48 -0.129278730000
49 -0.276215820000
50 -0.375094120000
51 -0.426339420000
52 -0.431579140000
53 -0.472306560000
54 -0.560228600000
55 -0.699102370000
56 -0.821954740000
57 -0.899030020000
58 -0.935545730000
59 -0.940587700000
60 -0.930503360000
61 -0.917261040000
62 -0.901936810000
63 -0.893737210000
64 -0.909768400000
65 -0.953986200000
66 -1.026996820000
67 -1.128320380000
68 -1.256956380000
69 -1.398749150000
70 -1.501254730000
71 -1.568630850000
72 -1.605422830000
73 -1.615553490000
74 -1.602441330000
75 -1.569017150000
76 -1.514412890000
77 -1.443662930000
78 -1.358851300000
79 -1.262276690000
80 -1.155828600000
81 -1.058258230000
82 -0.993534300000
83 -0.952222720000
84 -0.927623480000
85 -0.914701790000
86 -0.909413040000
87 -0.908308720000
88 -0.908288250000
89 -0.906428430000
90 -0.899854050000
91 -0.885628400000
92 -0.860648290000
93 -0.821529560000
94 -0.764464120000
95 -0.684684950000
96 -0.593097030000
97 -0.490819780000
98 -0.377874560000
99 -0.256512120000
100 -0.147876710000
101 -0.052977360000
102 0.026968360000
103 0.096489030000
104 0.137497430000
105 0.154294670000
106 0.150792950000
107 0.130550020000
108 0.096861350000
109 0.052882050000
110 0.001817880000
111 -0.053052870000
112 -0.086713700000
113 -0.105004370000
114 -0.112928790000
115 -0.114876610000

[v]
1 0.000000000000
2 0.000000000000
3 0.137937000000
4 0.275868970000
5 0.413796760000
6 0.551721580000
7 0.689645050000
8 0.827569080000
9 0.965495630000
10 1.103426490000
11 1.241363270000
12 1.379307350000
13 1.517259960000
14 1.655222160000
15 1.793194830000
16 1.931178860000
17 2.069175160000
18 2.207183570000
19 2.345200630000
20 2.483220970000
21 2.621288850000
22 2.759493700000
23 2.897806180000
24 3.036192480000
25 3.174662600000
26 3.313302960000
27 3.452315300000
28 3.592063430000
29 3.733116360000
30 3.876253880000
31 4.031054300000
32 4.192252530000
33 4.373044690000
34 4.550973010000
35 4.695727070000
36 4.824981560000
37 4.929603480000
38 4.975820200000
39 4.987840060000
40 4.993163010000
41 4.995647370000
42 4.995917290000
43 4.996543600000
44 4.996919790000
45 4.997251200000
46 4.997323090000
47 4.997448510000
48 4.997568310000
49 4.997658080000
50 4.997715610000
51 4.997753920000
52 4.997755590000
53 4.997762900000
54 4.996753950000
55 4.852213680000
56 4.706596940000
57 4.560108730000
58 4.413357600000
59 4.266548690000
60 4.119708880000
61 3.972811060000
62 3.825833590000
63 3.678689230000
64 3.531381880000
65 3.383903570000
66 3.236166700000
67 3.088030770000
68 2.939304760000
69 2.787176680000
70 2.634285500000
71 2.481273600000
72 2.328217350000
73 2.175233450000
74 2.022486850000
75 1.869663150000
76 1.706683700000
77 1.546897780000
78 1.387946450000
79 1.229725050000
80 1.071751950000
81 0.909366810000
82 0.750760920000
83 0.594956910000
84 0.441274560000
85 0.289267180000
86 0.138641090000
87 -0.010791810000
88 -0.159141070000
89 -0.306453230000
90 -0.452720630000
91 -0.597886900000
92 -0.741851320000
93 -0.884474980000
94 -1.025599170000
95 -1.165711340000
96 -1.305698290000
97 -1.445244060000
98 -1.584445240000
99 -1.726884520000
100 -1.869250880000
101 -2.011280820000
102 -2.113641850000
103 -1.954759690000
104 -1.794550450000
105 -1.633663110000
106 -1.472352990000
107 -1.310741850000
108 -1.148877240000
109 -0.986769690000
110 -0.824423110000
111 -0.658456030000
112 -0.493078810000
113 -0.328251340000
114 -0.163907560000
115 0.000000000000

[a]
1 0.000000000000
2 0.749611930000
3 0.749600020000
4 0.749587350000
5 0.749573840000
6 0.749559430000
7 0.749544010000
8 0.749527470000
9 0.749509680000
10 0.749490500000
11 0.749469750000
12 0.749447240000
13 0.749422720000
14 0.749395910000
15 0.749366480000
16 0.749334030000
17 0.749298050000
18 0.749257940000
19 0.749212920000
20 0.749162250000
21 0.749105180000
22 0.749039560000
23 0.748963670000
24 0.748875560000
25 0.748772670000
26 0.748651200000
27 0.748504670000
28 0.748320160000
29 0.748067430000
30 0.747765050000
31 0.747043550000
32 0.745196200000
33 0.737973690000
34 0.717437100000
35 0.667844010000
36 0.546443060000
37 0.241717910000
38 0.062784360000
39 0.027830690000
40 0.013004060000
41 0.001424740000
42 0.003590370000
43 0.002176560000
44 0.001920930000
45 0.000397800000
46 0.000676130000
47 0.000630690000
48 0.000464250000
49 0.000294200000
50 0.000194840000
51 0.000008460000
52 0.000036840000
53 -0.005079380000
54 -0.717641200000
55 -0.741179420000
56 -0.744963850000
57 -0.746480540000
58 -0.747294330000
59 -0.747802320000
60 -0.748150260000
61 -0.748403530000
62 -0.748596820000
63 -0.748748700000
64 -0.748870990000
65 -0.748972340000
66 -0.749058620000
67 -0.749134000000
68 -0.749215270000
69 -0.749271340000
70 -0.749315780000
71 -0.749352440000
72 -0.749382500000
73 -0.749406740000
74 -0.749427540000
75 -0.749489920000
76 -0.749503870000
77 -0.749524920000
78 -0.749547260000
79 -0.749572580000
80 -0.749608200000
81 -0.749613970000
82 -0.749616290000
83 -0.749615510000
84 -0.749611670000
85 -0.749604630000
86 -0.749594100000
87 -0.749579580000
88 -0.749560310000
89 -0.749535140000
90 -0.749502420000
91 -0.749459620000
92 -0.749402850000
93 -0.749325850000
94 -0.749221690000
95 -0.749086310000
96 -0.748896240000
97 -0.748611690000
98 -0.748174900000
99 -0.747254940000
100 -0.744546120000
101 -0.535868120000
102 0.745515350000
103 0.747797090000
104 0.748549900000
105 0.748924420000
106 0.749148730000
107 0.749298450000
108 0.749405850000
109 0.749486900000
110 0.749561890000
111 0.749607100000
112 0.749642230000
113 0.749670360000
114 0.749693370000
115 0.000000000000

[phy]
1 0.000000000000
2 0.000000000000
3 0.020191280000
4 0.039092830000
5 0.055268660000
6 0.067356640000
7 0.074376660000
8 0.076040850000
9 0.072878140000
10 0.066060550000
11 0.057016580000
12 0.046997040000
13 0.036678030000
14 0.025825520000
15 0.013106700000
16 -0.003716210000
17 -0.026798150000
18 -0.056265890000
19 -0.088004830000
20 -0.108065290000
21 -0.073371490000
22 -0.002987520000
23 0.079784840000
24 0.167170450000
25 0.256600270000
26 0.347122630000
27 0.438393160000
28 0.530348240000
29 0.622918320000
30 0.699360060000
31 0.699669600000
32 0.699717720000
33 0.578904780000
34 0.458471570000
35 0.357678880000
36 0.260965730000
37 0.165283580000
38 0.069725510000
39 -0.026014570000
40 -0.121636540000
41 -0.217142700000
42 -0.311791800000
43 -0.398871070000
44 -0.484812020000
45 -0.569716470000
46 -0.481116380000
47 -0.389247550000
48 -0.295169300000
49 -0.199686690000
50 -0.103934300000
51 -0.010611620000
52 -0.081986810000
53 -0.175225690000
54 -0.269278740000
55 -0.252217800000
56 -0.165034540000
57 -0.081285950000
58 -0.011631590000
59 0.024069130000
60 0.032729570000
61 0.039261870000
62 0.021803890000
63 -0.044277580000
64 -0.126491140000
65 -0.215373710000
66 -0.306650360000
67 -0.397325900000
68 -0.443571840000
69 -0.345971370000
70 -0.245452420000
71 -0.144183700000
72 -0.042597700000
73 0.059090420000
74 0.160706140000
75 0.262425690000
76 0.370899990000
77 0.477203290000
78 0.582851100000
79 0.687692520000
80 0.698963230000
81 0.592222930000
82 0.486960080000
83 0.383386410000
84 0.281156570000
85 0.180008190000
86 0.079762110000
87 -0.019697040000
88 -0.118434700000
89 -0.216474410000
90 -0.313801730000
91 -0.410364410000
92 -0.506066720000
93 -0.600742840000
94 -0.693968830000
95 -0.699162210000
96 -0.699104750000
97 -0.698990250000
98 -0.677571800000
99 -0.583642210000
100 -0.489133370000
101 -0.394357360000
102 -0.299399970000
103 -0.193403420000
104 -0.086888710000
105 0.019891610000
106 0.126772310000
107 0.233606100000
108 0.340167670000
109 0.445735140000
110 0.541318670000
111 0.433975800000
112 0.325423770000
113 0.216784900000
114 0.108282640000
115 0.000000000000

[w]
1 0.000000000000
2 0.109730790000
3 0.102723640000
4 0.087911220000
5 0.065695010000
6 0.038151560000
7 0.009044090000
8 -0.017187310000
9 -0.037047110000
10 -0.049141950000
11 -0.054438350000
12 -0.056060020000
13 -0.058952030000
14 -0.069082050000
15 -0.091362230000
16 -0.125337160000
17 -0.159990450000
18 -0.172300670000
19 -0.108891360000
20 0.188254300000
21 0.381493030000
22 0.448252970000
23 0.472936710000
24 0.483651320000
25 0.488892350000
26 0.491534680000
27 0.492517380000
28 0.491102450000
29 0.399526900000
30 0.001496830000
31 0.000223410000
32 -0.497969270000
33 -0.499512700000
34 -0.499641680000
35 -0.499704710000
36 -0.499733410000
37 -0.499741930000
38 -0.499733370000
39 -0.499702270000
40 -0.499630810000
41 -0.499445640000
42 -0.499026330000
43 -0.498086400000
44 -0.493644320000
45 0.489575850000
46 0.494854520000
47 0.495049420000
48 0.493705080000
49 0.489736180000
50 0.474689370000
51 -0.361165270000
52 -0.470048370000
53 -0.473240440000
54 0.084689110000
55 0.443616150000
56 0.425828950000
57 0.354293170000
58 0.181723500000
59 0.044096900000
60 0.033274960000
61 -0.088868220000
62 -0.336175700000
63 -0.417894590000
64 -0.451336630000
65 -0.462738070000
66 -0.458497630000
67 -0.232952560000
68 0.480650460000
69 0.492598690000
70 0.495915320000
71 0.497351030000
72 0.498107850000
73 0.498543700000
74 0.498815500000
75 0.498836890000
76 0.498634330000
77 0.498176570000
78 0.496671540000
79 0.053497110000
80 -0.492752120000
81 -0.497504000000
82 -0.498323750000
83 -0.498647410000
84 -0.498806040000
85 -0.498884980000
86 -0.498913950000
87 -0.498902950000
88 -0.498851120000
89 -0.498746900000
90 -0.498560270000
91 -0.498214830000
92 -0.497468630000
93 -0.495003780000
94 -0.027703530000
95 0.000307560000
96 0.000614730000
97 0.115177040000
98 0.493371390000
99 0.496058660000
100 0.496832730000
101 0.497092240000
102 0.497362910000
103 0.497169690000
104 0.496807230000
105 0.496217760000
106 0.495222720000
107 0.493283160000
108 0.488012210000
109 0.441265190000
110 -0.484811810000
111 -0.492039020000
112 -0.494095000000
113 -0.494943260000
114 -0.495270370000
115 0.000000000000

[dt]
1 0.004888730000
2 0.184011220000
3 0.184007440000
4 0.184004970000
5 0.184004320000
6 0.184006060000
7 0.184010600000
8 0.184018010000
9 0.184028140000
10 0.184040740000
11 0.184055580000
12 0.184072490000
13 0.184091290000
14 0.184111860000
15 0.184134250000
16 0.184158580000
17 0.184183590000
18 0.184204990000
19 0.184220450000
20 0.184296340000
21 0.184493230000
22 0.184653070000
23 0.184770330000
24 0.184903970000
25 0.185156700000
26 0.185683590000
27 0.186702910000
28 0.188492520000
29 0.191342710000
30 0.207016840000
31 0.215780220000
32 0.242613770000
33 0.241101220000
34 0.201729320000
35 0.193540610000
36 0.191466410000
37 0.191214820000
38 0.191582230000
39 0.191357820000
40 0.191153370000
41 0.189508230000
42 0.174498210000
43 0.172543590000
44 0.172003040000
45 0.180969670000
46 0.185646670000
47 0.190037300000
48 0.193399780000
49 0.195518670000
50 0.196599670000
51 0.197623130000
52 0.198354060000
53 0.198736810000
54 0.201412960000
55 0.196457590000
56 0.196635930000
57 0.196590270000
58 0.196453980000
59 0.196361980000
60 0.196348240000
61 0.196388200000
62 0.196560370000
63 0.196738140000
64 0.196934250000
65 0.197252760000
66 0.197762730000
67 0.198530460000
68 0.203049630000
69 0.204052760000
70 0.204201700000
71 0.204250780000
72 0.204145990000
73 0.203822720000
74 0.203919830000
75 0.217453560000
76 0.213188930000
77 0.212069520000
78 0.211089410000
79 0.210751000000
80 0.216626920000
81 0.211583600000
82 0.207845170000
83 0.205015050000
84 0.202781640000
85 0.200940860000
86 0.199351880000
87 0.197910100000
88 0.196531560000
89 0.195144290000
90 0.193683670000
91 0.192091100000
92 0.190316530000
93 0.188334970000
94 0.187010530000
95 0.186876860000
96 0.186335160000
97 0.185945600000
98 0.190382160000
99 0.190518830000
100 0.190759890000
101 0.191025360000
102 0.213116340000
103 0.214241030000
104 0.214931570000
105 0.215388690000
106 0.215726070000
107 0.216021280000
108 0.216314540000
109 0.216610090000
110 0.221418900000
111 0.220618580000
112 0.219874860000
113 0.219221380000
114 0.218632780000
