  0.00000000
  0.00000000
  0.02019128
  0.03909283
  0.05526866
  0.06735664
  0.07437666
  0.07604085
  0.07287814
  0.06606055
  0.05701658
  0.04699704
  0.03667803
  0.02582552
  0.01310670
 -0.00371621
 -0.02679815
 -0.05626589
 -0.08800483
 -0.10806529
 -0.07337149
 -0.00298752
  0.07978484
  0.16717045
  0.25660027
  0.34712263
  0.43839316
  0.53034824
  0.62291832
  0.69936006
  0.69966960
  0.69971772
  0.57890478
  0.45847157
  0.35767888
  0.26096573
  0.16528358
  0.06972551
 -0.02601457
 -0.12163654
 -0.21714270
 -0.31179180
 -0.39887107
 -0.48481202
 -0.56971647
 -0.48111638
 -0.38924755
 -0.29516930
 -0.19968669
 -0.10393430
 -0.01061162
 -0.08198681
 -0.17522569
 -0.26927874
 -0.25221780
 -0.16503454
 -0.08128595
 -0.01163159
  0.02406913
  0.03272957
  0.03926187
  0.02180389
 -0.04427758
 -0.12649114
 -0.21537371
 -0.30665036
 -0.39732590
 -0.44357184
 -0.34597137
 -0.24545242
 -0.14418370
 -0.04259770
  0.05909042
  0.16070614
  0.26242569
  0.37089999
  0.47720329
  0.58285110
  0.68769252
  0.69896323
  0.59222293
  0.48696008
  0.38338641
  0.28115657
  0.18000819
  0.07976211
 -0.01969704
 -0.11843470
 -0.21647441
 -0.31380173
 -0.41036441
 -0.50606672
 -0.60074284
 -0.69396883
 -0.69916221
 -0.69910475
 -0.69899025
 -0.67757180
 -0.58364221
 -0.48913337
 -0.39435736
 -0.29939997
 -0.19340342
 -0.08688871
  0.01989161
  0.12677231
  0.23360610
  0.34016767
  0.44573514
  0.54131867
  0.43397580
  0.32542377
  0.21678490
  0.10828264
  0.00000000
