  2.17959184
  2.17959184
  2.17959184
  2.17822187
  2.17549500
  2.17148026
  2.16634079
  2.16035031
  2.15388066
  2.14736212
  2.14122802
  2.13586061
  2.13155124
  2.12847775
  2.12668602
  2.12604430
  2.12612272
  2.12595493
  2.12369927
  2.11635593
  2.09985843
  2.07043561
  2.03040267
  1.98793008
  1.95538483
  1.94913261
  1.99000259
  2.10398013
  2.32264895
  2.68213019
  3.24870651
  4.03217309
  5.04574510
  6.03803598
  6.74646549
  7.29998973
  7.73071310
  8.06425660
  8.33051247
  8.56644900
  8.81385124
  9.11213871
  9.47156688
  9.93349331
 10.51754469
 11.26531870
 12.14949966
 13.09716784
 14.05563375
 14.99573340
 15.90997200
 16.80923402
 17.70966130
 18.59416484
 19.44673051
 20.17637364
 20.80643163
 21.36436989
 21.87884582
 22.37256691
 22.85582844
 23.33019807
 23.79651344
 24.24993847
 24.67689729
 25.06300031
 25.39413549
 25.65664658
 25.84090208
 25.93827777
 25.97566713
 25.97677858
 25.96033921
 25.94051632
 25.92748043
 25.92820637
 25.94870918
 25.99030149
 26.05193210
 26.13062645
 26.22422673
 26.31858011
 26.40373640
 26.47446622
 26.52813219
 26.56359075
 26.58056715
 26.57925439
 26.56001767
 26.52314712
 26.46863317
 26.39595848
 26.30391462
 26.19046044
 26.05203322
 25.88328638
 25.68153871
 25.44452313
 25.16414850
 24.84590211
 24.49320790
 24.10953348
 23.65923841
 23.24239233
 22.86032465
 22.51263102
 22.19860972
 21.91787060
 21.67051625
 21.45707035
 21.27452788
 21.12946467
 21.02145638
 20.94989301
 20.91428571
