task_id 27

[x]
1 2.796610170000
2 2.796610170000
3 2.796610170000
4 2.797359180000
5 2.798906780000
6 2.801496260000
7 2.805602570000
8 2.811855130000
9 2.820952610000
10 2.833618130000
11 2.850596370000
12 2.872680340000
13 2.900734530000
14 2.935629690000
15 2.977877500000
16 3.026043030000
17 3.076027640000
18 3.131730530000
19 3.187517240000
20 3.240142690000
21 3.289118060000
22 3.334700060000
23 3.377086970000
24 3.416279660000
25 3.452131670000
26 3.486737690000
27 3.522375860000
28 3.583134170000
29 3.698237450000
30 3.897938450000
31 4.197143150000
32 4.585058140000
33 5.046910570000
34 5.594486440000
35 6.252503010000
36 6.994756720000
37 7.800741420000
38 8.658294640000
39 9.554042300000
40 10.420898620000
41 11.256419810000
42 12.100001390000
43 13.017652050000
44 13.846390560000
45 14.666487350000
46 15.675434630000
47 16.474843900000
48 17.224093270000
49 17.907854720000
50 18.511173960000
51 19.050179070000
52 19.518489930000
53 19.921314690000
54 20.274734770000
55 20.572517700000
56 20.860356770000
57 21.139978250000
58 21.435084050000
59 21.765512260000
60 22.144625390000
61 22.572574690000
62 22.969106420000
63 23.468237360000
64 24.035442920000
65 24.583100060000
66 25.075416230000
67 25.494543820000
68 25.835225430000
69 26.100271900000
70 26.297337080000
71 26.436164920000
72 26.527163790000
73 26.582668800000
74 26.607405720000
75 26.615373230000
76 26.615032990000
77 26.611409710000
78 26.607341950000
79 26.604262080000
80 26.603097940000
81 26.602908260000
82 26.603665520000
83 26.605373460000
84 26.608133070000
85 26.612205410000
86 26.618070400000
87 26.626595550000
88 26.639153830000
89 26.656556650000
90 26.679459210000
91 26.708312690000
92 26.743282650000
93 26.787395920000
94 26.810805840000
95 26.832812100000
96 26.855324830000
97 26.873600510000
98 26.890562780000
99 26.906299770000
100 26.920811360000
101 26.934096910000
102 26.946156710000
103 26.956991780000
104 26.966603850000
105 26.974995340000
106 26.982169350000
107 26.988129840000
108 26.992882180000
109 26.996434530000
110 26.998801110000
111 27.000000000000

[y]
1 27.875302660000
2 27.875302660000
3 27.875302660000
4 27.848712780000
5 27.795629660000
6 27.716087380000
7 27.610104500000
8 27.477704650000
9 27.318922840000
10 27.133808290000
11 26.922427380000
12 26.684865030000
13 26.421210420000
14 26.131445220000
15 25.814857820000
16 25.472570390000
17 25.103028970000
18 24.708534730000
19 24.287426530000
20 23.838977640000
21 23.363064760000
22 22.859742570000
23 22.329053960000
24 21.771031590000
25 21.185519320000
26 20.533478070000
27 19.852268140000
28 19.143181080000
29 18.412113550000
30 17.686379650000
31 17.024308310000
32 16.477069950000
33 15.994896780000
34 15.549067630000
35 15.134154120000
36 14.796592180000
37 14.529559560000
38 14.313735330000
39 14.123468150000
40 13.937479950000
41 13.727062920000
42 13.457708290000
43 13.126424230000
44 12.827238530000
45 12.491464330000
46 12.032095860000
47 11.668128920000
48 11.281884660000
49 10.852802530000
50 10.368070600000
51 9.813080260000
52 9.157043550000
53 8.418900740000
54 7.614527680000
55 6.842596170000
56 6.097519510000
57 5.384473210000
58 4.713063960000
59 4.094084030000
60 3.541323850000
61 3.078000540000
62 2.776760810000
63 2.514775450000
64 2.363705730000
65 2.356221890000
66 2.464584490000
67 2.656144460000
68 2.900681610000
69 3.173036350000
70 3.453849030000
71 3.728794710000
72 3.987683600000
73 4.232927580000
74 4.443615660000
75 4.620256120000
76 4.764288910000
77 4.877122550000
78 4.959945850000
79 5.013724760000
80 5.033167520000
81 5.036335700000
82 5.023662240000
83 4.995519330000
84 4.952277210000
85 4.894333310000
86 4.822142340000
87 4.735074820000
88 4.632024250000
89 4.513333880000
90 4.378898910000
91 4.228573410000
92 4.062207110000
93 3.865189440000
94 3.764446880000
95 3.669735450000
96 3.573748420000
97 3.496580170000
98 3.424924100000
99 3.358371010000
100 3.296931990000
101 3.240621130000
102 3.189448840000
103 3.143422220000
104 3.102545390000
105 3.066819570000
106 3.036242970000
107 3.010810090000
108 2.990509340000
109 2.975317310000
110 2.965185470000
111 2.960048430000

[theta]
1 -1.542634760000
2 -1.542634760000
3 -1.542634760000
4 -1.541650380000
5 -1.538253060000
6 -1.532070660000
7 -1.523606560000
8 -1.513563410000
9 -1.502482860000
10 -1.490647830000
11 -1.478102000000
12 -1.464790080000
13 -1.450947830000
14 -1.438132600000
15 -1.430997600000
16 -1.436351090000
17 -1.430522890000
18 -1.439087290000
19 -1.453980670000
20 -1.468249030000
21 -1.480480430000
22 -1.491094000000
23 -1.500676490000
24 -1.509640820000
25 -1.517772720000
26 -1.518527980000
27 -1.485319860000
28 -1.414632800000
29 -1.302271040000
30 -1.146345100000
31 -0.954149250000
32 -0.806920460000
33 -0.683331870000
34 -0.562581650000
35 -0.426821640000
36 -0.319930500000
37 -0.246553990000
38 -0.209300790000
39 -0.211350610000
40 -0.246708960000
41 -0.309066800000
42 -0.346452310000
43 -0.346452410000
44 -0.388611220000
45 -0.427248380000
46 -0.427248400000
47 -0.475977120000
48 -0.560417950000
49 -0.676836120000
50 -0.800008900000
51 -0.950836370000
52 -1.071239340000
53 -1.156814590000
54 -1.202622800000
55 -1.202137160000
56 -1.197075000000
57 -1.156681670000
58 -1.080454730000
59 -0.969627110000
60 -0.825066670000
61 -0.649671580000
62 -0.483355300000
63 -0.260297710000
64 -0.013664340000
65 0.216653070000
66 0.428696700000
67 0.622564690000
68 0.798996600000
69 0.958885210000
70 1.103213860000
71 1.232787820000
72 1.348220460000
73 1.453921260000
74 1.525721060000
75 1.573158560000
76 1.602897010000
77 1.619870650000
78 1.628002830000
79 1.630600420000
80 1.630593910000
81 1.630476800000
82 1.631409990000
83 1.634527530000
84 1.640961690000
85 1.651860990000
86 1.668399330000
87 1.692063590000
88 1.716382670000
89 1.739537880000
90 1.760430090000
91 1.777978690000
92 1.791068400000
93 1.799117970000
94 1.799096120000
95 1.801171630000
96 1.803340860000
97 1.803235610000
98 1.802989320000
99 1.802740350000
100 1.802491740000
101 1.802243500000
102 1.801995580000
103 1.801747860000
104 1.801500160000
105 1.801252150000
106 1.801003130000
107 1.800751960000
108 1.800499540000
109 1.800259810000
110 1.800074640000
111 1.800000000000

[v]
1 0.000000000000
2 0.000000000000
3 0.141319020000
4 0.282362540000
5 0.423286970000
6 0.564161450000
7 0.705020010000
8 0.845877550000
9 0.986741320000
10 1.127614600000
11 1.268498160000
12 1.409393020000
13 1.550310670000
14 1.691320140000
15 1.832759770000
16 1.974008490000
17 2.115477840000
18 2.256502190000
19 2.397454620000
20 2.538457190000
21 2.679545930000
22 2.820719030000
23 2.961970370000
24 3.103289130000
25 3.244706730000
26 3.395247010000
27 3.545498830000
28 3.695560550000
29 3.845200170000
30 3.991368780000
31 4.127138310000
32 4.248175420000
33 4.365058760000
34 4.485192880000
35 4.613730540000
36 4.744078900000
37 4.874420350000
38 4.993687640000
39 4.995011710000
40 4.994726050000
41 4.994922770000
42 4.995743540000
43 4.994965800000
44 4.994768330000
45 4.996224350000
46 4.993867060000
47 4.927534420000
48 4.804832910000
49 4.681670950000
50 4.559609660000
51 4.433791410000
52 4.298570010000
53 4.152752680000
54 3.994808980000
55 3.840082660000
56 3.684601650000
57 3.529155290000
58 3.373701230000
59 3.218082930000
60 3.062201200000
61 2.908027680000
62 2.779885030000
63 2.628067530000
64 2.460800710000
65 2.294097340000
66 2.129504350000
67 1.967400420000
68 1.807721220000
69 1.650226460000
70 1.494479950000
71 1.340069010000
72 1.186640660000
73 1.027866060000
74 0.873224030000
75 0.721501630000
76 0.571927070000
77 0.424037320000
78 0.277527740000
79 0.132121800000
80 0.021730560000
81 -0.087624610000
82 -0.196093190000
83 -0.303711350000
84 -0.410470050000
85 -0.516328530000
86 -0.621211400000
87 -0.726431120000
88 -0.833095680000
89 -0.940386300000
90 -1.048093990000
91 -1.155687750000
92 -1.257903730000
93 -1.141281090000
94 -1.075508080000
95 -1.009224550000
96 -0.937100400000
97 -0.874584960000
98 -0.812258340000
99 -0.749831330000
100 -0.687328460000
101 -0.624773930000
102 -0.562188240000
103 -0.499589950000
104 -0.436997160000
105 -0.374429030000
106 -0.311907700000
107 -0.249460590000
108 -0.187120750000
109 -0.124912980000
110 -0.062751980000
111 0.000000000000

[a]
1 0.000000000000
2 0.749337540000
3 0.749316120000
4 0.749294270000
5 0.749271450000
6 0.749247320000
7 0.749221630000
8 0.749194130000
9 0.749164620000
10 0.749132830000
11 0.749098500000
12 0.749061380000
13 0.749021460000
14 0.748980160000
15 0.748930230000
16 0.748878460000
17 0.748815950000
18 0.748749880000
19 0.748677130000
20 0.748595490000
21 0.748502760000
22 0.748396500000
23 0.748273510000
24 0.748130020000
25 0.748070090000
26 0.747853710000
27 0.747582670000
28 0.747226370000
29 0.746700080000
30 0.745871520000
31 0.744708750000
32 0.743679330000
33 0.742641160000
34 0.741112140000
35 0.737536250000
36 0.728268570000
37 0.657426460000
38 0.007220410000
39 -0.001609370000
40 0.001140370000
41 0.004629580000
42 -0.003982480000
43 -0.001119480000
44 0.008206610000
45 -0.010623800000
46 -0.377127940000
47 -0.717264610000
48 -0.733078750000
49 -0.738380510000
50 -0.741522690000
51 -0.743814280000
52 -0.745393820000
53 -0.746537670000
54 -0.747062090000
55 -0.747499330000
56 -0.747810360000
57 -0.748050680000
58 -0.748245280000
59 -0.748408080000
60 -0.748524740000
61 -0.748309880000
62 -0.748675390000
63 -0.748900010000
64 -0.748982270000
65 -0.749041240000
66 -0.749087390000
67 -0.749125620000
68 -0.749158610000
69 -0.749188780000
70 -0.749216970000
71 -0.749243600000
72 -0.749297720000
73 -0.749292040000
74 -0.749279520000
75 -0.749259890000
76 -0.749231980000
77 -0.749194210000
78 -0.749144430000
79 -0.748814220000
80 -0.748727150000
81 -0.748619140000
82 -0.748480850000
83 -0.748298330000
84 -0.748047990000
85 -0.747686010000
86 -0.747151100000
87 -0.746385210000
88 -0.745113250000
89 -0.742725210000
90 -0.736713380000
91 -0.694872900000
92 0.726612390000
93 0.725784250000
94 0.733160890000
95 0.738291570000
96 0.738728280000
97 0.740258330000
98 0.741454470000
99 0.742387920000
100 0.743135680000
101 0.743747610000
102 0.744257100000
103 0.744687260000
104 0.745054530000
105 0.745370780000
106 0.745644580000
107 0.745882300000
108 0.746089910000
109 0.746279860000
110 0.746491940000
111 0.000000000000

[phy]
1 0.000000000000
2 0.000000000000
3 0.073877430000
4 0.127254490000
5 0.154134590000
6 0.158271160000
7 0.150396210000
8 0.138449530000
9 0.126883570000
10 0.117774890000
11 0.111130030000
12 0.104036500000
13 0.087593320000
14 0.044648660000
15 -0.030965590000
16 0.031248080000
17 -0.042966730000
18 -0.070006960000
19 -0.063116660000
20 -0.051087350000
21 -0.041977490000
22 -0.035983230000
23 -0.032039000000
24 -0.027718010000
25 -0.002313350000
26 0.097058390000
27 0.196094200000
28 0.294802360000
29 0.392778210000
30 0.486632920000
31 0.413649370000
32 0.354557750000
33 0.329540330000
34 0.335818680000
35 0.256407630000
36 0.171149050000
37 0.084056600000
38 -0.004476850000
39 -0.079594600000
40 -0.143748930000
41 -0.084235670000
42 -0.000000210000
43 -0.095406410000
44 -0.086979990000
45 -0.000000050000
46 -0.110501120000
47 -0.197728970000
48 -0.280812320000
49 -0.308166430000
50 -0.371777320000
51 -0.290311570000
52 -0.200788550000
53 -0.103901050000
54 0.001173930000
55 0.012674620000
56 0.105088990000
57 0.204953510000
58 0.305982740000
59 0.407233220000
60 0.507570370000
61 0.588901220000
62 0.669470350000
63 0.698864040000
64 0.699258850000
65 0.699406670000
66 0.699473300000
67 0.699500680000
68 0.699504130000
69 0.699490800000
70 0.699462700000
71 0.699419250000
72 0.699094310000
73 0.595070720000
74 0.492467940000
75 0.391610510000
76 0.292104750000
77 0.193679230000
78 0.096146910000
79 -0.000668710000
80 -0.073659590000
81 -0.145959140000
82 -0.217640900000
83 -0.288686970000
84 -0.359012910000
85 -0.428393740000
86 -0.495904840000
87 -0.438145720000
88 -0.368423640000
89 -0.297318470000
90 -0.225393300000
91 -0.152794630000
92 -0.079571440000
93 0.000422510000
94 -0.042664880000
95 -0.043975890000
96 0.002654320000
97 0.006689090000
98 0.007281070000
99 0.007876130000
100 0.008580660000
101 0.009431090000
102 0.010477570000
103 0.011796980000
104 0.013515340000
105 0.015856240000
106 0.019228150000
107 0.024208680000
108 0.030721620000
109 0.035578590000
110 0.028291290000
111 0.000000000000

[w]
1 0.000000000000
2 0.391731600000
3 0.283574170000
4 0.142921290000
5 0.022001250000
6 -0.041887990000
7 -0.063544430000
8 -0.061514420000
9 -0.048440000000
10 -0.035333280000
11 -0.037714350000
12 -0.087405290000
13 -0.228115670000
14 -0.400408140000
15 0.329869890000
16 -0.392861540000
17 -0.143579170000
18 0.036601820000
19 0.063871670000
20 0.048335510000
21 0.031781690000
22 0.020897850000
23 0.022879370000
24 0.134396200000
25 0.493801540000
26 0.492934470000
27 0.491747730000
28 0.489243020000
29 0.479455360000
30 -0.400946740000
31 -0.363574840000
32 -0.159175280000
33 0.038811260000
34 -0.457861860000
35 -0.482409510000
36 -0.486619530000
37 -0.488015080000
38 -0.409633470000
39 -0.361445230000
40 0.344996700000
41 0.475133140000
42 -0.488536030000
43 0.047769990000
44 0.490247970000
45 -0.498004810000
46 -0.495925580000
47 -0.485672510000
48 -0.162815840000
49 -0.384798830000
50 0.480126650000
51 0.492440540000
52 0.495272740000
53 0.496648040000
54 0.055528570000
55 0.444296550000
56 0.480421190000
57 0.486156380000
58 0.486833450000
59 0.481731450000
60 0.394867770000
61 0.470496560000
62 0.144952540000
63 0.001767670000
64 0.000664170000
65 0.000303230000
66 0.000126520000
67 0.000016160000
68 -0.000063390000
69 -0.000135150000
70 -0.000210830000
71 -0.001586830000
72 -0.490913780000
73 -0.497144570000
74 -0.498083360000
75 -0.498451570000
76 -0.498638670000
77 -0.498743190000
78 -0.498802710000
79 -0.495117290000
80 -0.495016680000
81 -0.494727030000
82 -0.494123150000
83 -0.492932060000
84 -0.490278980000
85 -0.481271200000
86 0.410139790000
87 0.487880220000
88 0.493812050000
89 0.495977930000
90 0.497095900000
91 0.497777680000
92 0.498398870000
93 -0.475455590000
94 -0.014501100000
95 0.477325460000
96 0.047677730000
97 0.007031020000
98 0.007067620000
99 0.008368150000
100 0.010103010000
101 0.012435940000
102 0.015687050000
103 0.020443910000
104 0.027875170000
105 0.040199440000
106 0.059469620000
107 0.077925870000
108 0.058252080000
109 -0.087488230000
110 -0.336550680000
111 0.000000000000

[dt]
1 0.012489700000
2 0.188591950000
3 0.188229660000
4 0.188076210000
5 0.188015270000
6 0.188000080000
7 0.188005180000
8 0.188020380000
9 0.188040500000
10 0.188062180000
11 0.188085900000
12 0.188125640000
13 0.188258250000
14 0.188842960000
15 0.188600640000
16 0.188908300000
17 0.188329780000
18 0.188250350000
19 0.188335630000
20 0.188471260000
21 0.188607320000
22 0.188738640000
23 0.188859760000
24 0.189028110000
25 0.201238200000
26 0.200910720000
27 0.200729260000
28 0.200260100000
29 0.195752760000
30 0.182028050000
31 0.162529450000
32 0.157169010000
33 0.161766030000
34 0.173438880000
35 0.176734860000
36 0.178974420000
37 0.181415410000
38 0.183377950000
39 0.177493910000
40 0.172503860000
41 0.177288110000
42 0.195289990000
43 0.176395600000
44 0.177420290000
45 0.221887560000
46 0.175888970000
47 0.171068670000
48 0.168006460000
49 0.165309460000
50 0.169675530000
51 0.181794570000
52 0.195624550000
53 0.211568290000
54 0.207113070000
55 0.208001540000
56 0.207868690000
57 0.207812200000
58 0.207977650000
59 0.208284410000
60 0.205969840000
61 0.171242760000
62 0.202781470000
63 0.223350000000
64 0.222573190000
65 0.219738210000
66 0.216401890000
67 0.213154110000
68 0.210228870000
69 0.207886870000
70 0.206096420000
71 0.204777660000
72 0.211897880000
73 0.206384190000
74 0.202491060000
75 0.199629740000
76 0.197388460000
77 0.195556210000
78 0.194096010000
79 0.147421400000
80 0.146054770000
81 0.144891540000
82 0.143782120000
83 0.142668630000
84 0.141512950000
85 0.140276630000
86 0.140827900000
87 0.142908190000
88 0.143992370000
89 0.145016880000
90 0.146045610000
91 0.147100200000
92 0.160501860000
93 0.090623370000
94 0.090407890000
95 0.097690600000
96 0.084625770000
97 0.084195770000
98 0.084195330000
99 0.084191660000
100 0.084176470000
101 0.084149090000
102 0.084108420000
103 0.084052450000
104 0.083977920000
105 0.083879500000
106 0.083749160000
107 0.083578650000
108 0.083378390000
109 0.083294490000
110 0.084062500000

[s]
1 0.000000000000
2 0.000000000000
3 0.026600430000
4 0.053105680000
5 0.079584410000
6 0.106062400000
7 0.132547410000
8 0.159042220000
9 0.185547330000
10 0.212061660000
11 0.238586610000
12 0.265142970000
13 0.291858770000
14 0.319393900000
15 0.345659660000
16 0.372906590000
17 0.398407480000
18 0.424787330000
19 0.451526130000
20 0.478426230000
21 0.505381980000
22 0.532378670000
23 0.559397020000
24 0.586608890000
25 0.652958940000
26 0.682141510000
27 0.711685340000
28 0.740073310000
29 0.752708560000
30 0.726541060000
31 0.670781530000
32 0.667681540000
33 0.706118240000
34 0.777906830000
35 0.815407030000
36 0.849068760000
37 0.884294980000
38 0.915732210000
39 0.886584170000
40 0.861609530000
41 0.885540400000
42 0.975618710000
43 0.881090000000
44 0.886173270000
45 1.108600020000
46 0.878366150000
47 0.842946770000
48 0.807242960000
49 0.773924510000
50 0.773654170000
51 0.806039220000
52 0.840905820000
53 0.878590800000
54 0.827377130000
55 0.798743110000
56 0.765913320000
57 0.733401530000
58 0.701654450000
59 0.670276500000
60 0.630721090000
61 0.497978700000
62 0.563709170000
63 0.586978880000
64 0.547708270000
65 0.504100850000
66 0.460828780000
67 0.419359480000
68 0.380035180000
69 0.343060410000
70 0.308006970000
71 0.274416200000
72 0.251446640000
73 0.212135300000
74 0.176820060000
75 0.144033180000
76 0.112891800000
77 0.082923130000
78 0.053867030000
79 0.019477580000
80 0.003173850000
81 -0.012696060000
82 -0.028194690000
83 -0.043330080000
84 -0.058086830000
85 -0.072428820000
86 -0.087483890000
87 -0.103812960000
88 -0.119959420000
89 -0.136371880000
90 -0.153069520000
91 -0.170001890000
92 -0.201895880000
93 -0.103426730000
94 -0.097234410000
95 -0.098591750000
96 -0.079302840000
97 -0.073636350000
98 -0.068388350000
99 -0.063129540000
100 -0.057856880000
101 -0.052574160000
102 -0.047284760000
103 -0.041991760000
104 -0.036698110000
105 -0.031406920000
106 -0.026122010000
107 -0.020849580000
108 -0.015601830000
109 -0.010404560000
110 -0.005275090000

[splus]
1 0.000000000000
2 0.000000000000
3 0.026600430000
4 0.053105680000
5 0.079584410000
6 0.106062400000
7 0.132547410000
8 0.159042220000
9 0.185547330000
10 0.212061660000
11 0.238586610000
12 0.265142970000
13 0.291858770000
14 0.319393900000
15 0.345659660000
16 0.372906590000
17 0.398407480000
18 0.424787330000
19 0.451526130000
20 0.478426230000
21 0.505381980000
22 0.532378670000
23 0.559397020000
24 0.586608890000
25 0.652958940000
26 0.682141510000
27 0.711685340000
28 0.740073310000
29 0.752708560000
30 0.726541060000
31 0.670781530000
32 0.667681540000
33 0.706118240000
34 0.777906830000
35 0.815407030000
36 0.849068760000
37 0.884294980000
38 0.915732210000
39 0.886584170000
40 0.861609530000
41 0.885540400000
42 0.975618710000
43 0.881090000000
44 0.886173270000
45 1.108600020000
46 0.878366150000
47 0.842946770000
48 0.807242960000
49 0.773924510000
50 0.773654170000
51 0.806039220000
52 0.840905820000
53 0.878590800000
54 0.827377130000
55 0.798743110000
56 0.765913320000
57 0.733401530000
58 0.701654450000
59 0.670276500000
60 0.630721090000
61 0.497978700000
62 0.563709170000
63 0.586978880000
64 0.547708270000
65 0.504100850000
66 0.460828780000
67 0.419359480000
68 0.380035180000
69 0.343060410000
70 0.308006970000
71 0.274416200000
72 0.251446640000
73 0.212135300000
74 0.176820060000
75 0.144033180000
76 0.112891800000
77 0.082923130000
78 0.053867030000
79 0.019477580000
80 0.003173850000
81 0.000000000000
82 0.000000000000
83 0.000000000000
84 0.000000000000
85 0.000000000000
86 0.000000000000
87 0.000000000000
88 0.000000000000
89 0.000000000000
90 0.000000000000
91 0.000000000000
92 0.000000000000
93 0.000000000000
94 0.000000000000
95 0.000000000000
96 0.000000000000
97 0.000000000000
98 0.000000000000
99 0.000000000000
100 0.000000000000
101 0.000000000000
102 0.000000000000
103 0.000000000000
104 0.000000000000
105 0.000000000000
106 0.000000000000
107 0.000000000000
108 0.000000000000
109 0.000000000000
110 0.000000000000

[sminus]
1 0.000000000000
2 0.000000000000
3 0.000000000000
4 0.000000000000
5 0.000000000000
6 0.000000000000
7 0.000000000000
8 0.000000000000
9 0.000000000000
10 0.000000000000
11 0.000000000000
12 0.000000000000
13 0.000000000000
14 0.000000000000
15 0.000000000000
16 0.000000000000
17 0.000000000000
18 0.000000000000
19 0.000000000000
20 0.000000000000
21 0.000000000000
22 0.000000000000
23 0.000000000000
24 0.000000000000
25 0.000000000000
26 0.000000000000
27 0.000000000000
28 0.000000000000
29 0.000000000000
30 0.000000000000
31 0.000000000000
32 0.000000000000
33 0.000000000000
34 0.000000000000
35 0.000000000000
36 0.000000000000
37 0.000000000000
38 0.000000000000
39 0.000000000000
40 0.000000000000
41 0.000000000000
42 0.000000000000
43 0.000000000000
44 0.000000000000
45 0.000000000000
46 0.000000000000
47 0.000000000000
48 0.000000000000
49 0.000000000000
50 0.000000000000
51 0.000000000000
52 0.000000000000
53 0.000000000000
54 0.000000000000
55 0.000000000000
56 0.000000000000
57 0.000000000000
58 0.000000000000
59 0.000000000000
60 0.000000000000
61 0.000000000000
62 0.000000000000
63 0.000000000000
64 0.000000000000
65 0.000000000000
66 0.000000000000
67 0.000000000000
68 0.000000000000
69 0.000000000000
70 0.000000000000
71 0.000000000000
72 0.000000000000
73 0.000000000000
74 0.000000000000
75 0.000000000000
76 0.000000000000
77 0.000000000000
78 0.000000000000
79 0.000000000000
80 0.000000000000
81 0.012696060000
82 0.028194690000
83 0.043330080000
84 0.058086830000
85 0.072428820000
86 0.087483890000
87 0.103812960000
88 0.119959420000
89 0.136371880000
90 0.153069520000
91 0.170001890000
92 0.201895880000
93 0.103426730000
94 0.097234410000
95 0.098591750000
96 0.079302840000
97 0.073636350000
98 0.068388350000
99 0.063129540000
100 0.057856880000
101 0.052574160000
102 0.047284760000
103 0.041991760000
104 0.036698110000
105 0.031406920000
106 0.026122010000
107 0.020849580000
108 0.015601830000
109 0.010404560000
110 0.005275090000

[k]
1 0.000000000000
2 0.000000000000
3 0.037006060000
4 0.063972940000
5 0.077683460000
6 0.079803040000
7 0.075770250000
8 0.069670490000
9 0.063784450000
10 0.059161240000
11 0.055794890000
12 0.052206740000
13 0.043909020000
14 0.022339180000
15 -0.015487750000
16 0.015629130000
17 -0.021496590000
18 -0.035060780000
19 -0.031600300000
20 -0.025565920000
21 -0.021001080000
22 -0.017999380000
23 -0.016024980000
24 -0.013862550000
25 -0.001156680000
26 0.048682160000
27 0.099323470000
28 0.151825170000
29 0.207153140000
30 0.264535430000
31 0.219488440000
32 0.185101100000
33 0.171005680000
34 0.174519630000
35 0.131089300000
36 0.086419980000
37 0.042127570000
38 -0.002238440000
39 -0.039881560000
40 -0.072373660000
41 -0.042217730000
42 -0.000000110000
43 -0.047848470000
44 -0.043600000000
45 -0.000000030000
46 -0.055476540000
47 -0.100173380000
48 -0.144217010000
49 -0.159153490000
50 -0.194954630000
51 -0.149376070000
52 -0.101765560000
53 -0.052138280000
54 0.000586970000
55 0.006337650000
56 0.052738780000
57 0.103936160000
58 0.157951850000
59 0.215672850000
60 0.278086610000
61 0.333982720000
62 0.395696220000
63 0.420174180000
64 0.420511100000
65 0.420637310000
66 0.420694210000
67 0.420717590000
68 0.420720530000
69 0.420709150000
70 0.420685160000
71 0.420648050000
72 0.420370660000
73 0.338462330000
74 0.268281200000
75 0.206469400000
76 0.150353210000
77 0.098068940000
78 0.048222140000
79 -0.000334350000
80 -0.036896550000
81 -0.073502280000
82 -0.110571830000
83 -0.148491700000
84 -0.187638170000
85 -0.228339170000
86 -0.270498490000
87 -0.234258620000
88 -0.193025380000
89 -0.153200280000
90 -0.114644660000
91 -0.076997450000
92 -0.039869900000
93 0.000211250000
94 -0.021345390000
95 -0.022002130000
96 0.001327160000
97 0.003344590000
98 0.003640600000
99 0.003938150000
100 0.004290430000
101 0.004715690000
102 0.005238980000
103 0.005898760000
104 0.006758080000
105 0.007928790000
106 0.009615260000
107 0.012106710000
108 0.015365650000
109 0.017796800000
110 0.014149420000

[up]
1 0.000000000000
2 0.000000000000
3 0.027545430000
4 0.056367110000
5 0.085519510000
6 0.114187940000
7 0.142188830000
8 0.169679550000
9 0.196908960000
10 0.224105660000
11 0.251366050000
12 0.278431520000
13 0.304161390000
14 0.326243490000
15 0.350799010000
16 0.378501660000
17 0.406629310000
18 0.439084970000
19 0.465223750000
20 0.490168380000
21 0.515571000000
22 0.541577860000
23 0.568002780000
24 0.594415510000
25 0.653683990000
26 0.714021310000
27 0.779544920000
28 0.847940600000
29 0.902397460000
30 0.911049080000
31 0.812121170000
32 0.786326580000
33 0.822038450000
34 0.908236440000
35 0.918022520000
36 0.919510210000
37 0.920058050000
38 0.917700030000
39 0.920528190000
40 0.921473050000
41 0.921430490000
42 0.975618810000
43 0.921562460000
44 0.923264940000
45 1.108600050000
46 0.925145720000
47 0.924009960000
48 0.919004400000
49 0.892170390000
50 0.918448540000
51 0.921626070000
52 0.923058060000
53 0.922566680000
54 0.827843350000
55 0.803602780000
56 0.804690920000
57 0.806579390000
58 0.808048960000
59 0.809054530000
60 0.799100370000
61 0.657642330000
62 0.777844450000
63 0.823746920000
64 0.768812990000
65 0.707662740000
66 0.646942050000
67 0.588734110000
68 0.533528240000
69 0.481615920000
70 0.432397970000
71 0.385231540000
72 0.352919400000
73 0.281063120000
74 0.222360060000
75 0.172582090000
76 0.129186500000
77 0.090730030000
78 0.056360710000
79 0.019483830000
80 0.003286270000
81 0.000000000000
82 0.000000000000
83 0.000000000000
84 0.000000000000
85 0.000000000000
86 0.000000000000
87 0.000000000000
88 0.000000000000
89 0.000000000000
90 0.000000000000
91 0.000000000000
92 0.000000000000
93 0.000000000000
94 0.000000000000
95 0.000000000000
96 0.000000000000
97 0.000000000000
98 0.000000000000
99 0.000000000000
100 0.000000000000
101 0.000000000000
102 0.000000000000
103 0.000000000000
104 0.000000000000
105 0.000000000000
106 0.000000000000
107 0.000000000000
108 0.000000000000
109 0.000000000000
110 -0.000000000000

[down]
1 0.000000000000
2 0.000000000000
3 -0.000000000000
4 0.000000000000
5 0.000000000000
6 0.000000000000
7 0.000000000000
8 0.000000000000
9 -0.000000000000
10 0.000000000000
11 0.000000000000
12 0.000000000000
13 0.000000000000
14 0.000000000000
15 0.000000000000
16 0.000000000000
17 0.000000000000
18 0.000000000000
19 0.000000000000
20 0.000000000000
21 0.000000000000
22 0.000000000000
23 -0.000000000000
24 0.000000000000
25 0.000000000000
26 0.000000000000
27 -0.000000000000
28 0.000000000000
29 -0.000000000000
30 0.000000000000
31 0.000000000000
32 0.000000000000
33 0.000000000000
34 0.000000000000
35 0.000000000000
36 0.000000000000
37 0.000000000000
38 0.000000000000
39 0.000000000000
40 0.000000000000
41 0.000000000000
42 0.000000000000
43 -0.000000000000
44 0.000000000000
45 -0.000000000000
46 0.000000000000
47 0.000000000000
48 0.000000000000
49 -0.000000000000
50 0.000000000000
51 -0.000000000000
52 0.000000000000
53 -0.000000000000
54 0.000000000000
55 0.000000000000
56 0.000000000000
57 -0.000000000000
58 0.000000000000
59 0.000000000000
60 0.000000000000
61 0.000000000000
62 0.000000000000
63 -0.000000000000
64 0.000000000000
65 0.000000000000
66 0.000000000000
67 -0.000000000000
68 0.000000000000
69 -0.000000000000
70 0.000000000000
71 -0.000000000000
72 0.000000000000
73 0.000000000000
74 0.000000000000
75 0.000000000000
76 0.000000000000
77 0.000000000000
78 0.000000000000
79 -0.000000000000
80 0.000000000000
81 0.013591930000
82 0.031187530000
83 0.049506870000
84 0.068550160000
85 0.088305630000
86 0.110201580000
87 0.127159270000
88 0.142188420000
89 0.156428400000
90 0.169916180000
91 0.182568020000
92 0.209623460000
93 0.103447700000
94 0.099226890000
95 0.100674210000
96 0.079403870000
97 0.073872780000
98 0.068627370000
99 0.063368210000
100 0.058095180000
101 0.052812160000
102 0.047522580000
103 0.042229550000
104 0.036936200000
105 0.031645980000
106 0.026363130000
107 0.021091900000
108 0.015831970000
109 0.010582320000
110 0.005346740000

[left]
1 0.000000000000
2 0.000000000000
3 0.002926850000
4 0.010146290000
5 0.018545890000
6 0.025502600000
7 0.030393320000
8 0.033679560000
9 0.036129680000
10 0.038465900000
11 0.040991290000
12 0.042808150000
13 0.039803200000
14 0.022259030000
15 0.004973390000
16 0.018338170000
17 0.007956330000
18 0.013835940000
19 0.013255310000
20 0.011362980000
21 0.009860000000
22 0.008902130000
23 0.008327860000
24 0.007554530000
25 0.000701640000
26 0.109622350000
27 0.234387160000
28 0.374168770000
29 0.520224170000
30 0.638718820000
31 0.485176390000
32 0.407081120000
33 0.400052640000
34 0.454653960000
35 0.359977660000
36 0.248345310000
37 0.126740860000
38 0.001904280000
39 0.032847910000
40 0.057930430000
41 0.034731140000
42 0.000000100000
43 0.039165530000
44 0.035893920000
45 0.000000030000
46 0.045268980000
47 0.078445530000
48 0.108152470000
49 0.114427520000
50 0.140118720000
51 0.111854360000
52 0.079499410000
53 0.042555830000
54 0.001638400000
55 0.017005660000
56 0.135033170000
57 0.253584210000
58 0.366931100000
59 0.476346650000
60 0.574482150000
61 0.533707180000
62 0.723120260000
63 0.802419070000
64 0.744812910000
65 0.681094830000
66 0.618519250000
67 0.559232650000
68 0.503651920000
69 0.451969540000
70 0.403493760000
71 0.357518910000
72 0.326163400000
73 0.220143070000
74 0.144608940000
75 0.090167460000
76 0.051200080000
77 0.024408440000
78 0.007758810000
79 0.000006050000
80 0.000108790000
81 0.002762240000
82 0.009227910000
83 0.019045100000
84 0.032261940000
85 0.048953480000
86 0.070046210000
87 0.071984480000
88 0.068539430000
89 0.061840940000
90 0.051943860000
91 0.038745550000
92 0.023826720000
93 0.000021430000
94 0.006143500000
95 0.006420910000
96 0.000101950000
97 0.000237870000
98 0.000239810000
99 0.000238810000
100 0.000237790000
101 0.000236840000
102 0.000235990000
103 0.000235310000
104 0.000234950000
105 0.000235250000
106 0.000236620000
107 0.000237130000
108 0.000224580000
109 0.000172980000
110 0.000069540000

[right]
1 0.000000000000
2 0.000000000000
3 0.000914490000
4 0.003156120000
5 0.005743440000
6 0.007863150000
7 0.009330090000
8 0.010293830000
9 0.010994750000
10 0.011655080000
11 0.012366770000
12 0.012859450000
13 0.011905350000
14 0.006628410000
15 0.016771570000
16 0.005414400000
17 0.027056700000
18 0.047247640000
19 0.045455620000
20 0.039130870000
21 0.034098110000
22 0.030914920000
23 0.029041720000
24 0.026455540000
25 0.002482150000
26 0.030850340000
27 0.065668280000
28 0.104384070000
29 0.144855200000
30 0.178549950000
31 0.136775550000
32 0.114813800000
33 0.112176960000
34 0.126121050000
35 0.099301870000
36 0.068166780000
37 0.034608220000
38 0.007005990000
39 0.120334820000
40 0.211443230000
41 0.127214300000
42 0.000000360000
43 0.143362930000
44 0.131485590000
45 0.000000100000
46 0.165637840000
47 0.285534410000
48 0.391586640000
49 0.412254660000
50 0.504793450000
51 0.404917550000
52 0.289283110000
53 0.155715640000
54 0.000451160000
55 0.004702740000
56 0.037525410000
57 0.070814830000
58 0.102958860000
59 0.134296650000
60 0.162942040000
61 0.154507830000
62 0.207220500000
63 0.229122400000
64 0.213964870000
65 0.196988530000
66 0.180103370000
67 0.163905240000
68 0.148536510000
69 0.134081320000
70 0.120374210000
71 0.107236920000
72 0.098196040000
73 0.066702020000
74 0.044069440000
75 0.027627020000
76 0.015768520000
77 0.007554800000
78 0.002413150000
79 0.000019340000
80 0.000346810000
81 0.000872860000
82 0.002940140000
83 0.006116730000
84 0.010442010000
85 0.015963040000
86 0.023019220000
87 0.023854740000
88 0.022900030000
89 0.020833420000
90 0.017645730000
91 0.013272980000
92 0.008290640000
93 0.000064670000
94 0.002029050000
95 0.002122150000
96 0.000311530000
97 0.000729000000
98 0.000736970000
99 0.000735900000
100 0.000734760000
101 0.000733850000
102 0.000733260000
103 0.000733190000
104 0.000734110000
105 0.000737100000
106 0.000743460000
107 0.000747160000
108 0.000709610000
109 0.000548100000
110 0.000220930000
