 -1.54263476
 -1.54263476
 -1.54263476
 -1.54165038
 -1.53825306
 -1.53207066
 -1.52360656
 -1.51356341
 -1.50248286
 -1.49064783
 -1.47810200
 -1.46479008
 -1.45094783
 -1.43813260
 -1.43099760
 -1.43635109
 -1.43052289
 -1.43908729
 -1.45398067
 -1.46824903
 -1.48048043
 -1.49109400
 -1.50067649
 -1.50964082
 -1.51777272
 -1.51852798
 -1.48531986
 -1.41463280
 -1.30227104
 -1.14634510
 -0.95414925
 -0.80692046
 -0.68333187
 -0.56258165
 -0.42682164
 -0.31993050
 -0.24655399
 -0.20930079
 -0.21135061
 -0.24670896
 -0.30906680
 -0.34645231
 -0.34645241
 -0.38861122
 -0.42724838
 -0.42724840
 -0.47597712
 -0.56041795
 -0.67683612
 -0.80000890
 -0.95083637
 -1.07123934
 -1.15681459
 -1.20262280
 -1.20213716
 -1.19707500
 -1.15668167
 -1.08045473
 -0.96962711
 -0.82506667
 -0.64967158
 -0.48335530
 -0.26029771
 -0.01366434
  0.21665307
  0.42869670
  0.62256469
  0.79899660
  0.95888521
  1.10321386
  1.23278782
  1.34822046
  1.45392126
  1.52572106
  1.57315856
  1.60289701
  1.61987065
  1.62800283
  1.63060042
  1.63059391
  1.63047680
  1.63140999
  1.63452753
  1.64096169
  1.65186099
  1.66839933
  1.69206359
  1.71638267
  1.73953788
  1.76043009
  1.77797869
  1.79106840
  1.79911797
  1.79909612
  1.80117163
  1.80334086
  1.80323561
  1.80298932
  1.80274035
  1.80249174
  1.80224350
  1.80199558
  1.80174786
  1.80150016
  1.80125215
  1.80100313
  1.80075196
  1.80049954
  1.80025981
  1.80007464
  1.80000000
