  0.00000000
  0.39173160
  0.28357417
  0.14292129
  0.02200125
 -0.04188799
 -0.06354443
 -0.06151442
 -0.04844000
 -0.03533328
 -0.03771435
 -0.08740529
 -0.22811567
 -0.40040814
  0.32986989
 -0.39286154
 -0.14357917
  0.03660182
  0.06387167
  0.04833551
  0.03178169
  0.02089785
  0.02287937
  0.13439620
  0.49380154
  0.49293447
  0.49174773
  0.48924302
  0.47945536
 -0.40094674
 -0.36357484
 -0.15917528
  0.03881126
 -0.45786186
 -0.48240951
 -0.48661953
 -0.48801508
 -0.40963347
 -0.36144523
  0.34499670
  0.47513314
 -0.48853603
  0.04776999
  0.49024797
 -0.49800481
 -0.49592558
 -0.48567251
 -0.16281584
 -0.38479883
  0.48012665
  0.49244054
  0.49527274
  0.49664804
  0.05552857
  0.44429655
  0.48042119
  0.48615638
  0.48683345
  0.48173145
  0.39486777
  0.47049656
  0.14495254
  0.00176767
  0.00066417
  0.00030323
  0.00012652
  0.00001616
 -0.00006339
 -0.00013515
 -0.00021083
 -0.00158683
 -0.49091378
 -0.49714457
 -0.49808336
 -0.49845157
 -0.49863867
 -0.49874319
 -0.49880271
 -0.49511729
 -0.49501668
 -0.49472703
 -0.49412315
 -0.49293206
 -0.49027898
 -0.48127120
  0.41013979
  0.48788022
  0.49381205
  0.49597793
  0.49709590
  0.49777768
  0.49839887
 -0.47545559
 -0.01450110
  0.47732546
  0.04767773
  0.00703102
  0.00706762
  0.00836815
  0.01010301
  0.01243594
  0.01568705
  0.02044391
  0.02787517
  0.04019944
  0.05946962
  0.07792587
  0.05825208
 -0.08748823
 -0.33655068
  0.00000000
