  0.01005001
  0.22924300
  0.22935759
  0.22946401
  0.22957474
  0.22969692
  0.22982847
  0.22996064
  0.23165417
  0.24156437
  0.24465751
  0.24716434
  0.20206010
  0.19694724
  0.24932408
  0.22989126
  0.22786491
  0.21752177
  0.21973680
  0.24996525
  0.24996955
  0.24997175
  0.13942463
  0.13941678
  0.15790778
  0.15977476
  0.18373963
  0.14293029
  0.14292703
  0.19157136
  0.19216265
  0.19269283
  0.19323480
  0.20939801
  0.17045698
  0.16531593
  0.22262157
  0.22952106
  0.22933234
  0.22902921
  0.22856125
  0.22792435
  0.22710553
  0.24990829
  0.24717970
  0.24068162
  0.23576936
  0.23191528
  0.20530512
  0.20404738
  0.20649526
  0.20177165
  0.19820402
  0.19430818
  0.18993776
  0.19939371
  0.19843698
  0.19724646
  0.19582950
  0.19421552
  0.19369280
  0.16572114
  0.15279366
  0.15056917
  0.15985264
  0.18812186
  0.19466619
  0.19496330
  0.14108344
  0.14108265
  0.14108284
  0.14108449
  0.14381814
  0.14374581
  0.14369240
  0.14393956
  0.14374283
  0.14403388
  0.15215935
  0.14961162
  0.14913321
  0.14913113
  0.14912741
  0.14912363
  0.14911996
  0.17031395
  0.17046220
  0.17061061
  0.17078639
  0.17099923
  0.16972533
  0.14348499
  0.18849245
  0.18616052
  0.18417045
  0.11167449
  0.11166507
  0.13238845
  0.13309246
  0.13446589
  0.13360592
  0.11364213
  0.11363621
  0.11953145
  0.12126531
  0.11428718
  0.11428658
  0.11428504
  0.11428321
  0.11762440
  0.11837103
  0.11914130
  0.11959950
  0.11880001
  0.11894499
  0.11895062
  0.11895321
  0.20748708
  0.20523999
  0.20294033
  0.20049573
  0.19781854
  0.19482005
  0.19140942
  0.20662853
  0.20569653
  0.20480854
  0.20406139
  0.20825151
  0.20812721
  0.20841444
  0.18514438
  0.17017811
  0.20361471
  0.21637667
  0.24502318
  0.24564229
  0.24608435
  0.24638673
  0.24653971
  0.24654426
  0.24997430
  0.24995378
  0.24987619
  0.24908314
  0.24577434
  0.24232288
  0.23922492
  0.23626418
  0.23322482
  0.22992703
  0.22621174
  0.22193966
  0.21760680
  0.22605255
  0.22869447
  0.22733600
  0.22629079
  0.23012692
  0.23059703
  0.23144174
  0.23230048
  0.22585037
  0.24996069
  0.24654580
  0.24653675
  0.24653312
  0.24666036
  0.24665770
  0.24675638
  0.24720328
  0.24701127
  0.24618793
  0.24643580
  0.24667167
  0.24764348
  0.24722308
  0.24454236
