  0.00000000
  0.00000000
 -0.04393230
 -0.08853358
 -0.13452774
 -0.18272750
 -0.23409429
 -0.28981684
 -0.35139357
 -0.35593357
 -0.29402827
 -0.23820220
 -0.25323672
 -0.31073321
 -0.37500327
 -0.33024540
 -0.27032293
 -0.21566640
 -0.16809742
 -0.14188265
 -0.13532896
 -0.13567810
 -0.08932477
 -0.04432414
  0.00000425
  0.00002927
  0.00002808
 -0.04275549
 -0.07505512
 -0.03195415
 -0.00012070
 -0.00003241
  0.04296703
  0.00037135
 -0.04271946
 -0.08647446
 -0.13159045
 -0.17891498
 -0.22805700
 -0.27742909
 -0.32769938
 -0.33155479
 -0.31082920
 -0.28397040
 -0.26623245
 -0.22966129
 -0.18548618
 -0.14212340
 -0.09905281
 -0.05570883
 -0.01145675
  0.03302710
 -0.00020512
 -0.03372975
 -0.07853969
 -0.09507875
 -0.04962608
 -0.03299336
 -0.02960658
 -0.03331913
 -0.04470057
 -0.00000261
  0.04752886
  0.09594316
  0.14618562
  0.10393635
  0.06417728
  0.04624147
  0.00000236
 -0.05029483
 -0.10156960
 -0.15493245
 -0.21168707
 -0.27344064
 -0.34229498
 -0.42113876
 -0.42114256
 -0.42114266
 -0.42114268
 -0.42114266
 -0.42114258
 -0.42114205
 -0.34204642
 -0.27432056
 -0.21434294
 -0.15973758
 -0.10882864
 -0.06035142
 -0.01328513
  0.03325368
  0.08008504
  0.12802859
  0.17796028
  0.23087569
  0.28796856
  0.35073791
  0.42114133
  0.42114239
  0.42114251
  0.42114262
  0.42114271
  0.42114280
  0.42114101
  0.33985174
  0.26997815
  0.20806013
  0.15168396
  0.09908378
  0.04889593
 -0.00000034
 -0.00000496
  0.02722154
  0.02795617
 -0.00000639
 -0.00001693
 -0.00002107
 -0.00002800
 -0.00004195
 -0.00008352
