task_id 17

[x]
1 22.000000000000
2 22.000000000000
3 22.000000000000
4 22.027473640000
5 22.082331630000
6 22.163890780000
7 22.270265270000
8 22.397537350000
9 22.538486250000
10 22.681492730000
11 22.817369430000
12 22.923751840000
13 22.992450560000
14 23.014497340000
15 23.010852690000
16 22.980097510000
17 22.930084080000
18 22.876973240000
19 22.802618960000
20 22.678769130000
21 22.445744890000
22 22.083413480000
23 21.621515640000
24 21.326964980000
25 21.023994470000
26 20.671292700000
27 20.321438210000
28 19.918848790000
29 19.605094770000
30 19.300889440000
31 18.905941580000
32 18.526969420000
33 18.151085000000
34 17.768725920000
35 17.342370370000
36 16.983640880000
37 16.638965490000
38 16.187881240000
39 15.749385240000
40 15.346203050000
41 14.983618600000
42 14.665295410000
43 14.393546580000
44 14.169311210000
45 13.973259120000
46 13.828514920000
47 13.724112660000
48 13.650045380000
49 13.600839240000
50 13.576503540000
51 13.568902870000
52 13.577903860000
53 13.603142780000
54 13.643243270000
55 13.696096000000
56 13.758493720000
57 13.831107410000
58 13.904232230000
59 13.971029900000
60 14.023612000000
61 14.053267400000
62 14.050784720000
63 14.012429340000
64 13.947623510000
65 13.857095200000
66 13.733807530000
67 13.556377320000
68 13.336424660000
69 13.083776700000
70 12.882788410000
71 12.673668460000
72 12.456422990000
73 12.231051720000
74 11.993035930000
75 11.746701650000
76 11.485686360000
77 11.202175030000
78 10.897443100000
79 10.576784830000
80 10.224875280000
81 9.883677300000
82 9.546831010000
83 9.220975050000
84 8.906108320000
85 8.602229020000
86 8.309335030000
87 7.987349340000
88 7.679401540000
89 7.378857950000
90 7.080808030000
91 6.782132550000
92 6.484174670000
93 6.231391690000
94 5.905289900000
95 5.597027650000
96 5.310448240000
97 5.149554690000
98 4.997195590000
99 4.826662720000
100 4.667262800000
101 4.518058770000
102 4.381464780000
103 4.275506790000
104 4.178462880000
105 4.085755130000
106 4.001701430000
107 3.931964380000
108 3.871248570000
109 3.819554270000
110 3.776881200000
111 3.742244480000
112 3.717003910000
113 3.701333750000
114 3.695445330000
115 3.699417280000
116 3.713161570000
117 3.736686550000
118 3.769992720000
119 3.845148280000
120 3.948926480000
121 4.080655300000
122 4.239952790000
123 4.426701450000
124 4.640886270000
125 4.882209930000
126 5.176636060000
127 5.505175000000
128 5.862101480000
129 6.238354990000
130 6.629905110000
131 7.010305530000
132 7.369625110000
133 7.664472520000
134 7.908048940000
135 8.156587310000
136 8.380828560000
137 8.604080570000
138 8.808721980000
139 9.006133960000
140 9.202154720000
141 9.397788590000
142 9.590102520000
143 9.775903190000
144 9.943408440000
145 10.080666790000
146 10.181395210000
147 10.242484780000
148 10.264371450000
149 10.248397160000
150 10.195954750000
151 10.108192150000
152 9.985781600000
153 9.828781130000
154 9.636708770000
155 9.408388550000
156 9.127816760000
157 8.798852750000
158 8.430244910000
159 8.030449520000
160 7.604701550000
161 7.179853020000
162 6.768750800000
163 6.378844800000
164 6.022376670000
165 5.651381260000
166 5.333989050000
167 5.039266200000
168 4.767140130000
169 4.517457930000
170 4.284205170000
171 4.059239570000
172 3.839321830000
173 3.635555270000
174 3.457403540000
175 3.308764420000
176 3.187797630000
177 3.094403920000
178 3.031247660000
179 3.000000000000

[y]
1 19.000000000000
2 19.000000000000
3 19.000000000000
4 18.971712080000
5 18.914971320000
6 18.829044850000
7 18.712106570000
8 18.560735770000
9 18.369560380000
10 18.129742120000
11 17.825578520000
12 17.458978060000
13 17.033500770000
14 16.644331350000
15 16.234572030000
16 15.679843620000
17 15.126836640000
18 14.539576990000
19 13.944137800000
20 13.314176020000
21 12.578672970000
22 11.844843030000
23 11.113167290000
24 10.698356590000
25 10.271687460000
26 9.774974670000
27 9.282267830000
28 8.743065980000
29 8.348933920000
30 7.966793970000
31 7.470654890000
32 6.994582360000
33 6.549716830000
34 6.145899270000
35 5.764146350000
36 5.510934650000
37 5.298815350000
38 5.045370420000
39 4.815440290000
40 4.604047350000
41 4.401657830000
42 4.203166830000
43 4.007226930000
44 3.815545320000
45 3.612774230000
46 3.430643450000
47 3.281677410000
48 3.168048520000
49 3.089826510000
50 3.050674670000
51 3.038446550000
52 3.052903600000
53 3.093601580000
54 3.159377080000
55 3.249416320000
56 3.363161930000
57 3.510878240000
58 3.690011840000
59 3.901386830000
60 4.144828100000
61 4.418754270000
62 4.721742210000
63 5.002448700000
64 5.275055720000
65 5.554117610000
66 5.859702370000
67 6.229703460000
68 6.624672220000
69 7.034254510000
70 7.343559320000
71 7.665379280000
72 7.999721170000
73 8.346589760000
74 8.712946460000
75 9.092123700000
76 9.479959280000
77 9.871985400000
78 10.266689560000
79 10.669907710000
80 11.101628210000
81 11.507963670000
82 11.893770190000
83 12.267024850000
84 12.627719270000
85 12.975852550000
86 13.311424400000
87 13.680351940000
88 14.033198620000
89 14.363981290000
90 14.667702310000
91 14.939990860000
92 15.174842180000
93 15.340936640000
94 15.530230220000
95 15.687535880000
96 15.822257080000
97 15.895040680000
98 15.963963670000
99 16.041108920000
100 16.113218150000
101 16.179675740000
102 16.238740840000
103 16.283934320000
104 16.325325940000
105 16.364868540000
106 16.400720010000
107 16.430240250000
108 16.455941990000
109 16.477825040000
110 16.495889420000
111 16.510551990000
112 16.521237000000
113 16.527855730000
114 16.530335910000
115 16.528664720000
116 16.522879770000
117 16.512978030000
118 16.498959210000
119 16.467325390000
120 16.423643940000
121 16.369104400000
122 16.305918340000
123 16.237669870000
124 16.169674640000
125 16.109339450000
126 16.062095240000
127 16.051076430000
128 16.088660020000
129 16.187164670000
130 16.361950350000
131 16.622436130000
132 16.961739900000
133 17.325123620000
134 17.691988050000
135 18.126888970000
136 18.572964620000
137 19.048801650000
138 19.484977560000
139 19.875214360000
140 20.215138580000
141 20.501830160000
142 20.734032320000
143 20.915152730000
144 21.046061400000
145 21.138856750000
146 21.201233040000
147 21.237395330000
148 21.250138740000
149 21.240858640000
150 21.210421170000
151 21.160067490000
152 21.092192420000
153 21.011078670000
154 20.923655390000
155 20.840085820000
156 20.768897160000
157 20.727032740000
158 20.731852410000
159 20.799789200000
160 20.949961540000
161 21.198441280000
162 21.539259130000
163 21.963644370000
164 22.445835370000
165 23.032471060000
166 23.586388560000
167 24.100731530000
168 24.575476930000
169 25.010845730000
170 25.402963350000
171 25.746669820000
172 26.038955630000
173 26.285303330000
174 26.492198070000
175 26.664822450000
176 26.801374970000
177 26.902059770000
178 26.967826510000
179 27.000000000000

[theta]
1 -0.800000000000
2 -0.800000000000
3 -0.800000000000
4 -0.802267440000
5 -0.811468040000
6 -0.832667870000
7 -0.871669530000
8 -0.935488840000
9 -1.033092980000
10 -1.150671250000
11 -1.288367240000
12 -1.410714790000
13 -1.514206030000
14 -1.579691340000
15 -1.626180960000
16 -1.660989700000
17 -1.660989030000
18 -1.695026650000
19 -1.764919670000
20 -1.877614720000
21 -2.029434640000
22 -2.133904320000
23 -2.188258300000
24 -2.188257260000
25 -2.188249980000
26 -2.188246120000
27 -2.212143270000
28 -2.243132010000
29 -2.243128470000
30 -2.243119810000
31 -2.243117390000
32 -2.272345370000
33 -2.328906900000
34 -2.411331250000
35 -2.526946430000
36 -2.589913730000
37 -2.629691670000
38 -2.658646800000
39 -2.658685780000
40 -2.632486430000
41 -2.584035450000
42 -2.516889540000
43 -2.434305100000
44 -2.339349030000
45 -2.242313250000
46 -2.182089860000
47 -2.148460510000
48 -2.132308120000
49 -2.126927190000
50 -2.126927670000
51 -2.127669380000
52 -2.125901700000
53 -2.118286260000
54 -2.101599670000
55 -2.072542960000
56 -2.027681590000
57 -1.958363640000
58 -1.876880430000
59 -1.783523440000
60 -1.678636960000
61 -1.562602370000
62 -1.434998830000
63 -1.337402540000
64 -1.257105220000
65 -1.187320780000
66 -1.123650410000
67 -1.062681490000
68 -1.018084150000
69 -0.994557100000
70 -0.994558770000
71 -0.994582500000
72 -0.994610240000
73 -0.994643870000
74 -0.994663880000
75 -0.978418460000
76 -0.944672200000
77 -0.913330850000
78 -0.898959860000
79 -0.886894800000
80 -0.872314760000
81 -0.853045530000
82 -0.853093120000
83 -0.853130810000
84 -0.853167030000
85 -0.853201940000
86 -0.853235640000
87 -0.853240660000
88 -0.833259240000
89 -0.794821850000
90 -0.739216240000
91 -0.667506700000
92 -0.581325170000
93 -0.525938700000
94 -0.471852380000
95 -0.439443550000
96 -0.424824030000
97 -0.424824710000
98 -0.424829140000
99 -0.424830580000
100 -0.419034120000
101 -0.408133560000
102 -0.403159620000
103 -0.403161290000
104 -0.403164940000
105 -0.403166800000
106 -0.400436370000
107 -0.400440120000
108 -0.400443550000
109 -0.400446940000
110 -0.400450300000
111 -0.400451810000
112 -0.399647030000
113 -0.398641730000
114 -0.398267880000
115 -0.398391760000
116 -0.398395890000
117 -0.398399250000
118 -0.398402610000
119 -0.398402820000
120 -0.392541650000
121 -0.377619110000
122 -0.350377530000
123 -0.307397720000
124 -0.244995360000
125 -0.159105700000
126 -0.033526280000
127 0.104911260000
128 0.256057010000
129 0.419851260000
130 0.600429380000
131 0.756755640000
132 0.889146260000
133 0.984682940000
134 1.051609430000
135 1.104992800000
136 1.132109340000
137 1.132113990000
138 1.102457770000
139 1.047715150000
140 0.971990790000
141 0.879084510000
142 0.772643480000
143 0.663370620000
144 0.594479820000
145 0.554455130000
146 0.534485210000
147 0.527267600000
148 0.526281440000
149 0.525880060000
150 0.520892850000
151 0.506281320000
152 0.476875870000
153 0.427135050000
154 0.350875220000
155 0.248483730000
156 0.126581140000
157 -0.013074440000
158 -0.168320980000
159 -0.339101160000
160 -0.529217800000
161 -0.692196010000
162 -0.827715890000
163 -0.934199230000
164 -1.006884660000
165 -1.050469800000
166 -1.050460030000
167 -1.050312640000
168 -1.050093190000
169 -1.034169360000
170 -0.991244630000
171 -0.925757340000
172 -0.879718420000
173 -0.859908120000
174 -0.859919100000
175 -0.845847080000
176 -0.822948470000
177 -0.805643750000
178 -0.799995220000
179 -0.800000000000

[v]
1 0.000000000000
2 0.000000000000
3 0.171930640000
4 0.343947120000
5 0.516043300000
6 0.688222410000
7 0.860493010000
8 1.032862090000
9 1.205330090000
10 1.379067980000
11 1.560238160000
12 1.743727780000
13 1.929097040000
14 2.080637840000
15 2.228343740000
16 2.415331770000
17 2.587744790000
18 2.758637390000
19 2.921771720000
20 3.086565700000
21 3.274027580000
22 3.461486640000
23 3.648934540000
24 3.753457630000
25 3.857934820000
26 3.782094300000
27 3.662338130000
28 3.524567840000
29 3.417395280000
30 3.310219820000
31 3.166556770000
32 3.022447140000
33 2.877937590000
34 2.733019850000
35 2.575978350000
36 2.448142030000
37 2.324161020000
38 2.157200020000
39 1.985063840000
40 1.813068750000
41 1.641300640000
42 1.469883150000
43 1.298943020000
44 1.128616700000
45 0.941188020000
46 0.755805610000
47 0.575296660000
48 0.398471880000
49 0.224537670000
50 0.070561130000
51 -0.082472040000
52 -0.237341150000
53 -0.388667570000
54 -0.537318270000
55 -0.683047010000
56 -0.825497820000
57 -0.975040350000
58 -1.123865070000
59 -1.271796600000
60 -1.418665020000
61 -1.564322510000
62 -1.709587380000
63 -1.833873130000
64 -1.948463010000
65 -2.061384260000
66 -2.181267750000
67 -2.322352490000
68 -2.468344580000
69 -2.614558430000
70 -2.720361470000
71 -2.826162750000
72 -2.931962680000
73 -3.037761890000
74 -3.145608550000
75 -3.253396750000
76 -3.361137820000
77 -3.469050000000
78 -3.576771370000
79 -3.660482580000
80 -3.546441390000
81 -3.434272980000
82 -3.322450130000
83 -3.210622160000
84 -3.098792960000
85 -2.986963880000
86 -2.875135620000
87 -2.747410250000
88 -2.619572420000
89 -2.491622270000
90 -2.363539440000
91 -2.235296290000
92 -2.108007980000
93 -2.000399640000
94 -1.859035210000
95 -1.719419420000
96 -1.581295980000
97 -1.497544430000
98 -1.413799880000
99 -1.314512700000
100 -1.214697400000
101 -1.113851890000
102 -1.013651260000
103 -0.928423420000
104 -0.843199960000
105 -0.753555020000
106 -0.662609620000
107 -0.576897760000
108 -0.491186300000
109 -0.405475950000
110 -0.319766940000
111 -0.231551990000
112 -0.142777000000
113 -0.053424230000
114 0.036272280000
115 0.125369230000
116 0.214574950000
117 0.303784920000
118 0.392996870000
119 0.548609290000
120 0.702536390000
121 0.854738690000
122 1.005107440000
123 1.153468140000
124 1.299579720000
125 1.443132950000
126 1.598099900000
127 1.752367000000
128 1.905966860000
129 2.059004400000
130 2.215180770000
131 2.371256090000
132 2.527518790000
133 2.587655500000
134 2.460083980000
135 2.307397900000
136 2.145130270000
137 1.961373030000
138 1.777148900000
139 1.592591570000
140 1.407806300000
141 1.222905410000
142 1.038000430000
143 0.850522380000
144 0.663059400000
145 0.475654430000
146 0.288844120000
147 0.104515350000
148 -0.077224860000
149 -0.256641580000
150 -0.433837720000
151 -0.608754260000
152 -0.781197350000
153 -0.950853810000
154 -1.117305990000
155 -1.280508280000
156 -1.450044520000
157 -1.621561730000
158 -1.792059460000
159 -1.961772400000
160 -2.134361070000
161 -2.307300110000
162 -2.480868240000
163 -2.655066590000
164 -2.776848880000
165 -2.589401700000
166 -2.404504160000
167 -2.219609500000
168 -2.034715590000
169 -1.849725070000
170 -1.664735760000
171 -1.479671870000
172 -1.294272380000
173 -1.109016560000
174 -0.924378000000
175 -0.739553320000
176 -0.554551560000
177 -0.368820780000
178 -0.183405170000
179 0.000000000000

[a]
1 0.000000000000
2 0.749992960000
3 0.749992530000
4 0.749992050000
5 0.749991500000
6 0.749990870000
7 0.749990120000
8 0.749989210000
9 0.749988150000
10 0.749987180000
11 0.749985640000
12 0.749983870000
13 0.749978800000
14 0.749976910000
15 0.749979850000
16 0.749976450000
17 0.749973380000
18 0.749967680000
19 0.749960730000
20 0.749951740000
21 0.749927590000
22 0.749876350000
23 0.749674720000
24 0.749388010000
25 -0.480283050000
26 -0.749531420000
27 -0.749812590000
28 -0.749824170000
29 -0.749861450000
30 -0.749919130000
31 -0.749935600000
32 -0.749947620000
33 -0.749956680000
34 -0.749966590000
35 -0.749962430000
36 -0.749964150000
37 -0.749976820000
38 -0.749979880000
39 -0.749981800000
40 -0.749983420000
41 -0.749984880000
42 -0.749986240000
43 -0.749987550000
44 -0.749989880000
45 -0.749990470000
46 -0.749990570000
47 -0.749990510000
48 -0.749990300000
49 -0.749988800000
50 -0.749988350000
51 -0.749988700000
52 -0.749988580000
53 -0.749988280000
54 -0.749987690000
55 -0.749986730000
56 -0.749986220000
57 -0.749984820000
58 -0.749983140000
59 -0.749981100000
60 -0.749978590000
61 -0.749975660000
62 -0.749969190000
63 -0.749964840000
64 -0.749962570000
65 -0.749962480000
66 -0.749964540000
67 -0.749961220000
68 -0.749955740000
69 -0.749932340000
70 -0.749924090000
71 -0.749913570000
72 -0.749899640000
73 -0.749882250000
74 -0.749852920000
75 -0.749803600000
76 -0.749705030000
77 -0.749403780000
78 -0.581189990000
79 0.749486350000
80 0.749729570000
81 0.749818690000
82 0.749863420000
83 0.749890460000
84 0.749908570000
85 0.749921540000
86 0.749940750000
87 0.749948270000
88 0.749954280000
89 0.749959210000
90 0.749963350000
91 0.749966420000
92 0.749962310000
93 0.749973860000
94 0.749975240000
95 0.749976090000
96 0.749961290000
97 0.749961940000
98 0.749968640000
99 0.749969680000
100 0.749970850000
101 0.749971360000
102 0.749966950000
103 0.749967410000
104 0.749969650000
105 0.749970340000
106 0.749969140000
107 0.749969540000
108 0.749969930000
109 0.749970300000
110 0.749971520000
111 0.749972260000
112 0.749973160000
113 0.749973990000
114 0.749974280000
115 0.749974620000
116 0.749974910000
117 0.749975190000
118 0.749986020000
119 0.749985890000
120 0.749985490000
121 0.749984810000
122 0.749983770000
123 0.749982250000
124 0.749980000000
125 0.749978490000
126 0.749974250000
127 0.749968090000
128 0.749958330000
129 0.749941170000
130 0.749903450000
131 0.749769160000
132 0.324810070000
133 -0.749635030000
134 -0.749877330000
135 -0.749931250000
136 -0.749958600000
137 -0.749969140000
138 -0.749975880000
139 -0.749980630000
140 -0.749984190000
141 -0.749986980000
142 -0.749989300000
143 -0.749990560000
144 -0.749991340000
145 -0.749991800000
146 -0.749991930000
147 -0.749991920000
148 -0.749991790000
149 -0.749991530000
150 -0.749991110000
151 -0.749990510000
152 -0.749989650000
153 -0.749988430000
154 -0.749987000000
155 -0.749985970000
156 -0.749984060000
157 -0.749981190000
158 -0.749977190000
159 -0.749971650000
160 -0.749962090000
161 -0.749943030000
162 -0.749883600000
163 -0.539221610000
164 0.749906650000
165 0.749952120000
166 0.749967970000
167 0.749975940000
168 0.749980750000
169 0.749983950000
170 0.749986250000
171 0.749988000000
172 0.749989310000
173 0.749990300000
174 0.749991190000
175 0.749991950000
176 0.749992620000
177 0.749993120000
178 0.749993470000
179 0.000000000000

[phy]
1 0.000000000000
2 0.000000000000
3 -0.114497130000
4 -0.229060210000
5 -0.343688040000
6 -0.458380880000
7 -0.573136650000
8 -0.687934020000
9 -0.699943420000
10 -0.690793780000
11 -0.570040990000
12 -0.447724480000
13 -0.324149050000
14 -0.223124890000
15 -0.124656550000
16 0.000002410000
17 -0.114940510000
18 -0.228868810000
19 -0.337622020000
20 -0.374936560000
21 -0.249960630000
22 -0.124979360000
23 0.000004100000
24 0.000027800000
25 0.000012670000
26 -0.078928240000
27 -0.091843650000
28 0.000014030000
29 0.000035430000
30 0.000007630000
31 -0.095772810000
32 -0.191846130000
33 -0.288176470000
34 -0.383989490000
35 -0.279308900000
36 -0.194097000000
37 -0.111459790000
38 -0.000157620000
39 0.114597030000
40 0.229257640000
41 0.343766170000
42 0.458039000000
43 0.571987450000
44 0.602677210000
45 0.477734210000
46 0.354150470000
47 0.233814200000
48 0.115933340000
49 -0.000020870000
50 -0.102668650000
51 -0.204687680000
52 -0.307930530000
53 -0.408811050000
54 -0.507906510000
55 -0.605050670000
56 -0.699985830000
57 -0.699991070000
58 -0.699991680000
59 -0.699991960000
60 -0.699991930000
61 -0.699990970000
62 -0.603278410000
63 -0.520431300000
64 -0.444043840000
65 -0.368767600000
66 -0.288849310000
67 -0.194795110000
68 -0.097467670000
69 0.000009050000
70 0.000123690000
71 0.000139180000
72 0.000162590000
73 0.000091580000
74 -0.071732490000
75 -0.143382180000
76 -0.128845660000
77 -0.057575240000
78 -0.046803670000
79 -0.052301430000
80 -0.072504740000
81 0.000185630000
82 0.000151980000
83 0.000151160000
84 0.000150900000
85 0.000151170000
86 0.000020490000
87 -0.085124360000
88 -0.170340670000
89 -0.255626920000
90 -0.340992770000
91 -0.426440820000
92 -0.351060810000
93 -0.279381370000
94 -0.185146740000
95 -0.092072960000
96 0.000007720000
97 0.000052950000
98 0.000015370000
99 -0.066167190000
100 -0.132689680000
101 -0.066747250000
102 0.000029080000
103 0.000069140000
104 0.000036810000
105 -0.059687920000
106 0.000099070000
107 0.000103710000
108 0.000120520000
109 0.000144610000
110 0.000080530000
111 -0.058657580000
112 -0.117653300000
113 -0.116586040000
114 -0.057350110000
115 -0.000552810000
116 -0.000263720000
117 -0.000185800000
118 -0.000005240000
119 0.103735500000
120 0.206352410000
121 0.307819040000
122 0.408062600000
123 0.506966010000
124 0.604365850000
125 0.699989750000
126 0.699991030000
127 0.699990870000
128 0.699990490000
129 0.699987390000
130 0.595908540000
131 0.491854890000
132 0.387653770000
133 0.295086840000
134 0.210003320000
135 0.108201150000
136 0.000017690000
137 -0.122490650000
138 -0.245308180000
139 -0.368345990000
140 -0.491533380000
141 -0.614792230000
142 -0.699987050000
143 -0.575042210000
144 -0.450075410000
145 -0.325143820000
146 -0.200607490000
147 -0.077725040000
148 0.043431830000
149 0.163039600000
150 0.281166590000
151 0.397772970000
152 0.512728410000
153 0.625819710000
154 0.699986340000
155 0.699988980000
156 0.699989200000
157 0.699988010000
158 0.699985680000
159 0.699969700000
160 0.584955660000
161 0.469677190000
162 0.353972480000
163 0.237838700000
164 0.124932910000
165 -0.000030630000
166 -0.000497200000
167 -0.000802020000
168 -0.063370810000
169 -0.185988700000
170 -0.308650520000
171 -0.246607730000
172 -0.123302130000
173 0.000080430000
174 -0.122924450000
175 -0.245961530000
176 -0.246875570000
177 -0.123269220000
178 0.000213700000
179 0.000000000000

[w]
1 0.000000000000
2 -0.499456880000
3 -0.499494990000
4 -0.499545660000
5 -0.499587920000
6 -0.499596260000
7 -0.499491410000
8 -0.052224030000
9 0.039496830000
10 0.499878080000
11 0.499949910000
12 0.499972800000
13 0.499970750000
14 0.499973080000
15 0.499987700000
16 -0.499988250000
17 -0.499981810000
18 -0.499964520000
19 -0.169814640000
20 0.499973200000
21 0.499985960000
22 0.499990320000
23 0.000169840000
24 -0.000108390000
25 -0.499917810000
26 -0.080835060000
27 0.499933960000
28 0.000149600000
29 -0.000194360000
30 -0.499972570000
31 -0.499958300000
32 -0.499916400000
33 -0.495832570000
34 0.499912270000
35 0.499902810000
36 0.499874590000
37 0.499961380000
38 0.499974350000
39 0.499975740000
40 0.499973460000
41 0.499965850000
42 0.499939740000
43 0.135133450000
44 -0.499955460000
45 -0.499975320000
46 -0.499981140000
47 -0.499983830000
48 -0.499985180000
49 -0.499976730000
50 -0.499977150000
51 -0.499976860000
52 -0.499973690000
53 -0.499966970000
54 -0.499948860000
55 -0.499822500000
56 -0.000026260000
57 -0.000003090000
58 -0.000001420000
59 0.000000130000
60 0.000004980000
61 0.499310030000
62 0.499918610000
63 0.499938610000
64 0.499944450000
65 0.499949710000
66 0.499964130000
67 0.499970960000
68 0.499974690000
69 0.000812470000
70 0.000109760000
71 0.000165940000
72 -0.000503260000
73 -0.499409320000
74 -0.498448250000
75 0.101164210000
76 0.495150770000
77 0.074924350000
78 -0.038184590000
79 -0.132815790000
80 0.485854270000
81 -0.000225180000
82 -0.000005520000
83 -0.000001740000
84 0.000001780000
85 -0.000875450000
86 -0.499928820000
87 -0.499913290000
88 -0.499888320000
89 -0.499839970000
90 -0.499698550000
91 0.444125280000
92 0.499559590000
93 0.499938330000
94 0.499965100000
95 0.499975290000
96 0.000405280000
97 -0.000336750000
98 -0.499912040000
99 -0.499821940000
100 0.490393360000
101 0.499799630000
102 0.000352700000
103 -0.000284630000
104 -0.499657330000
105 0.493014310000
106 0.000040530000
107 0.000147120000
108 0.000210850000
109 -0.000560840000
110 -0.499370010000
111 -0.498396630000
112 0.008957310000
113 0.495296710000
114 0.478113520000
115 0.002437620000
116 0.000653830000
117 0.001515700000
118 0.499986490000
119 0.499984970000
120 0.499982570000
121 0.499978480000
122 0.499970390000
123 0.499947710000
124 0.499577600000
125 0.000006180000
126 -0.000000740000
127 -0.000001860000
128 -0.000015190000
129 -0.499774790000
130 -0.499952190000
131 -0.499970760000
132 -0.499971560000
133 -0.499967460000
134 -0.499974540000
135 -0.499977480000
136 -0.499986720000
137 -0.499985280000
138 -0.499982290000
139 -0.499975750000
140 -0.499955390000
141 -0.345554560000
142 0.499830770000
143 0.499959640000
144 0.499974020000
145 0.499979020000
146 0.499980790000
147 0.499981120000
148 0.499980390000
149 0.499978360000
150 0.499974140000
151 0.499964840000
152 0.499935580000
153 0.334174980000
154 0.000012230000
155 0.000000980000
156 -0.000005220000
157 -0.000010260000
158 -0.000070650000
159 -0.499785020000
160 -0.499913010000
161 -0.499930100000
162 -0.499929090000
163 -0.499914190000
164 -0.499932820000
165 -0.001892670000
166 -0.001236380000
167 -0.253794950000
168 -0.497112760000
169 -0.497295980000
170 0.251431720000
171 0.498803890000
172 0.499502090000
173 -0.499638050000
174 -0.499266290000
175 -0.003705990000
176 0.499131470000
177 0.499480200000
178 -0.000874860000
179 0.000000000000

[dt]
1 0.010050010000
2 0.229243000000
3 0.229357590000
4 0.229464010000
5 0.229574740000
6 0.229696920000
7 0.229828470000
8 0.229960640000
9 0.231654170000
10 0.241564370000
11 0.244657510000
12 0.247164340000
13 0.202060100000
14 0.196947240000
15 0.249324080000
16 0.229891260000
17 0.227864910000
18 0.217521770000
19 0.219736800000
20 0.249965250000
21 0.249969550000
22 0.249971750000
23 0.139424630000
24 0.139416780000
25 0.157907780000
26 0.159774760000
27 0.183739630000
28 0.142930290000
29 0.142927030000
30 0.191571360000
31 0.192162650000
32 0.192692830000
33 0.193234800000
34 0.209398010000
35 0.170456980000
36 0.165315930000
37 0.222621570000
38 0.229521060000
39 0.229332340000
40 0.229029210000
41 0.228561250000
42 0.227924350000
43 0.227105530000
44 0.249908290000
45 0.247179700000
46 0.240681620000
47 0.235769360000
48 0.231915280000
49 0.205305120000
50 0.204047380000
51 0.206495260000
52 0.201771650000
53 0.198204020000
54 0.194308180000
55 0.189937760000
56 0.199393710000
57 0.198436980000
58 0.197246460000
59 0.195829500000
60 0.194215520000
61 0.193692800000
62 0.165721140000
63 0.152793660000
64 0.150569170000
65 0.159852640000
66 0.188121860000
67 0.194666190000
68 0.194963300000
69 0.141083440000
70 0.141082650000
71 0.141082840000
72 0.141084490000
73 0.143818140000
74 0.143745810000
75 0.143692400000
76 0.143939560000
77 0.143742830000
78 0.144033880000
79 0.152159350000
80 0.149611620000
81 0.149133210000
82 0.149131130000
83 0.149127410000
84 0.149123630000
85 0.149119960000
86 0.170313950000
87 0.170462200000
88 0.170610610000
89 0.170786390000
90 0.170999230000
91 0.169725330000
92 0.143484990000
93 0.188492450000
94 0.186160520000
95 0.184170450000
96 0.111674490000
97 0.111665070000
98 0.132388450000
99 0.133092460000
100 0.134465890000
101 0.133605920000
102 0.113642130000
103 0.113636210000
104 0.119531450000
105 0.121265310000
106 0.114287180000
107 0.114286580000
108 0.114285040000
109 0.114283210000
110 0.117624400000
111 0.118371030000
112 0.119141300000
113 0.119599500000
114 0.118800010000
115 0.118944990000
116 0.118950620000
117 0.118953210000
118 0.207487080000
119 0.205239990000
120 0.202940330000
121 0.200495730000
122 0.197818540000
123 0.194820050000
124 0.191409420000
125 0.206628530000
126 0.205696530000
127 0.204808540000
128 0.204061390000
129 0.208251510000
130 0.208127210000
131 0.208414440000
132 0.185144380000
133 0.170178110000
134 0.203614710000
135 0.216376670000
136 0.245023180000
137 0.245642290000
138 0.246084350000
139 0.246386730000
140 0.246539710000
141 0.246544260000
142 0.249974300000
143 0.249953780000
144 0.249876190000
145 0.249083140000
146 0.245774340000
147 0.242322880000
148 0.239224920000
149 0.236264180000
150 0.233224820000
151 0.229927030000
152 0.226211740000
153 0.221939660000
154 0.217606800000
155 0.226052550000
156 0.228694470000
157 0.227336000000
158 0.226290790000
159 0.230126920000
160 0.230597030000
161 0.231441740000
162 0.232300480000
163 0.225850370000
164 0.249960690000
165 0.246545800000
166 0.246536750000
167 0.246533120000
168 0.246660360000
169 0.246657700000
170 0.246756380000
171 0.247203280000
172 0.247011270000
173 0.246187930000
174 0.246435800000
175 0.246671670000
176 0.247643480000
177 0.247223080000
178 0.244542360000

[s]
1 0.000000000000
2 0.000000000000
3 0.039433580000
4 0.078923460000
5 0.118470480000
6 0.158082550000
7 0.197765780000
8 0.237517620000
9 0.279219720000
10 0.333133560000
11 0.381723870000
12 0.430987740000
13 0.389793410000
14 0.409775510000
15 0.555580290000
16 0.555263940000
17 0.589656380000
18 0.600063640000
19 0.642020720000
20 0.771534180000
21 0.818407220000
22 0.865273910000
23 0.508751400000
24 0.523295000000
25 0.609197920000
26 0.604283190000
27 0.672916670000
28 0.503767460000
29 0.488438140000
30 0.634143340000
31 0.608494000000
32 0.582403990000
33 0.556117840000
34 0.572288610000
35 0.439093390000
36 0.404716840000
37 0.517408280000
38 0.495122820000
39 0.455239340000
40 0.415245710000
41 0.375137750000
42 0.335022200000
43 0.294997180000
44 0.282050600000
45 0.232642440000
46 0.181908520000
47 0.135637320000
48 0.092411710000
49 0.046098730000
50 0.014397810000
51 -0.017030080000
52 -0.047888710000
53 -0.077035480000
54 -0.104405340000
55 -0.129736420000
56 -0.164599070000
57 -0.193484060000
58 -0.221678400000
59 -0.249055280000
60 -0.275526740000
61 -0.302998110000
62 -0.283314780000
63 -0.280204170000
64 -0.293378450000
65 -0.329517670000
66 -0.410344110000
67 -0.452083490000
68 -0.481236570000
69 -0.368870910000
70 -0.383795820000
71 -0.398723080000
72 -0.413654470000
73 -0.436885280000
74 -0.452168070000
75 -0.467488420000
76 -0.483800730000
77 -0.498651080000
78 -0.515176270000
79 -0.556976520000
80 -0.530588880000
81 -0.512164130000
82 -0.495480710000
83 -0.478791740000
84 -0.462103240000
85 -0.445415930000
86 -0.489675700000
87 -0.468329590000
88 -0.446926850000
89 -0.425535190000
90 -0.404163430000
91 -0.379386370000
92 -0.302467500000
93 -0.377060240000
94 -0.346079000000
95 -0.316666330000
96 -0.176590450000
97 -0.167223420000
98 -0.187170640000
99 -0.174951640000
100 -0.163335410000
101 -0.148817350000
102 -0.115193520000
103 -0.105502540000
104 -0.100788620000
105 -0.091380260000
106 -0.075727800000
107 -0.065931690000
108 -0.056135270000
109 -0.046339110000
110 -0.037612400000
111 -0.027409040000
112 -0.017010640000
113 -0.006389420000
114 0.004309200000
115 0.014912110000
116 0.025523890000
117 0.036136250000
118 0.081541750000
119 0.112596540000
120 0.142572940000
121 0.171371430000
122 0.198828860000
123 0.224718690000
124 0.248751770000
125 0.298192490000
126 0.328723660000
127 0.358899760000
128 0.388934270000
129 0.428790770000
130 0.461039400000
131 0.494204010000
132 0.467955900000
133 0.440362330000
134 0.500909300000
135 0.499267080000
136 0.525606640000
137 0.481796150000
138 0.437328530000
139 0.392393440000
140 0.347080190000
141 0.301500370000
142 0.259473450000
143 0.212591330000
144 0.165682910000
145 0.118477900000
146 0.070990460000
147 0.025326290000
148 -0.018474260000
149 -0.060635350000
150 -0.101181840000
151 -0.139969160000
152 -0.176716090000
153 -0.211032240000
154 -0.243133650000
155 -0.289462170000
156 -0.331617160000
157 -0.368639330000
158 -0.405526530000
159 -0.451456600000
160 -0.492177260000
161 -0.534005450000
162 -0.576306760000
163 -0.599647920000
164 -0.694103010000
165 -0.638406120000
166 -0.592798650000
167 -0.547207260000
168 -0.501883650000
169 -0.456248900000
170 -0.410784150000
171 -0.365779670000
172 -0.319699840000
173 -0.273026500000
174 -0.227799830000
175 -0.182426840000
176 -0.137331040000
177 -0.091181010000
178 -0.044850300000

[splus]
1 0.011552450000
2 0.011552450000
3 0.040928700000
4 0.079069130000
5 0.118484110000
6 0.158083810000
7 0.197765900000
8 0.237517630000
9 0.279219720000
10 0.333133560000
11 0.381723870000
12 0.430987740000
13 0.389793410000
14 0.409775510000
15 0.555580290000
16 0.555263940000
17 0.589656380000
18 0.600063640000
19 0.642020720000
20 0.771534180000
21 0.818407220000
22 0.865273910000
23 0.508751400000
24 0.523295000000
25 0.609197920000
26 0.604283190000
27 0.672916670000
28 0.503767460000
29 0.488438140000
30 0.634143340000
31 0.608494000000
32 0.582403990000
33 0.556117840000
34 0.572288610000
35 0.439093390000
36 0.404716840000
37 0.517408280000
38 0.495122820000
39 0.455239340000
40 0.415245710000
41 0.375137750000
42 0.335022200000
43 0.294997180000
44 0.282050600000
45 0.232642450000
46 0.181908820000
47 0.135642190000
48 0.092476720000
49 0.047115690000
50 0.020260020000
51 0.005124070000
52 0.000916200000
53 0.000163060000
54 0.000031690000
55 0.000006940000
56 0.000000860000
57 0.000000150000
58 0.000000030000
59 0.000000010000
60 0.000000000000
61 0.000000000000
62 0.000000000000
63 0.000000000000
64 0.000000000000
65 0.000000000000
66 0.000000000000
67 0.000000000000
68 0.000000000000
69 0.000000000000
70 0.000000000000
71 0.000000000000
72 0.000000000000
73 0.000000000000
74 0.000000000000
75 0.000000000000
76 0.000000000000
77 0.000000000000
78 0.000000000000
79 0.000000000000
80 0.000000000000
81 0.000000000000
82 0.000000000000
83 0.000000000000
84 0.000000000000
85 0.000000000000
86 0.000000000000
87 0.000000000000
88 0.000000000000
89 0.000000000000
90 0.000000000000
91 0.000000000000
92 0.000000000000
93 0.000000000000
94 0.000000000000
95 0.000000000000
96 0.000000420000
97 0.000000730000
98 0.000000220000
99 0.000000460000
100 0.000000920000
101 0.000002210000
102 0.000016590000
103 0.000029670000
104 0.000039340000
105 0.000069140000
106 0.000176300000
107 0.000316010000
108 0.000564560000
109 0.001002820000
110 0.001659400000
111 0.002942560000
112 0.005129160000
113 0.008662000000
114 0.013845890000
115 0.020623440000
116 0.028786420000
117 0.037941310000
118 0.081666330000
119 0.112615930000
120 0.142576150000
121 0.171372000000
122 0.198828970000
123 0.224718710000
124 0.248751770000
125 0.298192490000
126 0.328723660000
127 0.358899760000
128 0.388934270000
129 0.428790770000
130 0.461039400000
131 0.494204010000
132 0.467955900000
133 0.440362330000
134 0.500909300000
135 0.499267080000
136 0.525606640000
137 0.481796150000
138 0.437328530000
139 0.392393440000
140 0.347080190000
141 0.301500370000
142 0.259473460000
143 0.212591380000
144 0.165683710000
145 0.118491520000
146 0.071224280000
147 0.028623750000
148 0.004753520000
149 0.000432670000
150 0.000038440000
151 0.000003750000
152 0.000000410000
153 0.000000050000
154 0.000000010000
155 0.000000000000
156 0.000000000000
157 0.000000000000
158 0.000000000000
159 0.000000000000
160 0.000000000000
161 0.000000000000
162 0.000000000000
163 0.000000000000
164 -0.000000000000
165 -0.000000000000
166 0.000000000000
167 0.000000000000
168 0.000000000000
169 0.000000000000
170 0.000000000000
171 0.000000000000
172 0.000000000000
173 0.000000000000
174 0.000000020000
175 0.000000290000
176 0.000004400000
177 0.000069980000
178 0.001093520000

[sminus]
1 0.011552450000
2 0.011552450000
3 0.001495110000
4 0.000145670000
5 0.000013630000
6 0.000001270000
7 0.000000120000
8 0.000000010000
9 0.000000000000
10 0.000000000000
11 0.000000000000
12 0.000000000000
13 0.000000000000
14 0.000000000000
15 0.000000000000
16 0.000000000000
17 0.000000000000
18 0.000000000000
19 0.000000000000
20 0.000000000000
21 0.000000000000
22 0.000000000000
23 0.000000000000
24 0.000000000000
25 0.000000000000
26 0.000000000000
27 0.000000000000
28 0.000000000000
29 0.000000000000
30 0.000000000000
31 0.000000000000
32 0.000000000000
33 0.000000000000
34 0.000000000000
35 0.000000000000
36 0.000000000000
37 0.000000000000
38 0.000000000000
39 0.000000000000
40 0.000000000000
41 0.000000000000
42 0.000000000000
43 0.000000000000
44 0.000000000000
45 0.000000010000
46 0.000000300000
47 0.000004870000
48 0.000065010000
49 0.001016960000
50 0.005862210000
51 0.022154150000
52 0.048804910000
53 0.077198540000
54 0.104437020000
55 0.129743360000
56 0.164599930000
57 0.193484210000
58 0.221678420000
59 0.249055280000
60 0.275526750000
61 0.302998110000
62 0.283314780000
63 0.280204180000
64 0.293378450000
65 0.329517670000
66 0.410344110000
67 0.452083490000
68 0.481236570000
69 0.368870910000
70 0.383795820000
71 0.398723080000
72 0.413654470000
73 0.436885280000
74 0.452168070000
75 0.467488420000
76 0.483800730000
77 0.498651080000
78 0.515176270000
79 0.556976520000
80 0.530588880000
81 0.512164130000
82 0.495480710000
83 0.478791740000
84 0.462103240000
85 0.445415930000
86 0.489675700000
87 0.468329590000
88 0.446926850000
89 0.425535190000
90 0.404163430000
91 0.379386370000
92 0.302467500000
93 0.377060240000
94 0.346079000000
95 0.316666330000
96 0.176590870000
97 0.167224150000
98 0.187170860000
99 0.174952100000
100 0.163336330000
101 0.148819550000
102 0.115210110000
103 0.105532210000
104 0.100827960000
105 0.091449400000
106 0.075904110000
107 0.066247700000
108 0.056699830000
109 0.047341930000
110 0.039271810000
111 0.030351600000
112 0.022139800000
113 0.015051420000
114 0.009536690000
115 0.005711330000
116 0.003262530000
117 0.001805060000
118 0.000124570000
119 0.000019390000
120 0.000003210000
121 0.000000570000
122 0.000000110000
123 0.000000020000
124 0.000000010000
125 0.000000000000
126 0.000000000000
127 0.000000000000
128 0.000000000000
129 0.000000000000
130 0.000000000000
131 0.000000000000
132 0.000000000000
133 0.000000000000
134 0.000000000000
135 0.000000000000
136 0.000000000000
137 0.000000000000
138 0.000000000000
139 0.000000000000
140 0.000000000000
141 0.000000000000
142 0.000000000000
143 0.000000050000
144 0.000000800000
145 0.000013630000
146 0.000233820000
147 0.003297460000
148 0.023227780000
149 0.061068020000
150 0.101220280000
151 0.139972910000
152 0.176716510000
153 0.211032290000
154 0.243133660000
155 0.289462170000
156 0.331617160000
157 0.368639330000
158 0.405526530000
159 0.451456600000
160 0.492177260000
161 0.534005450000
162 0.576306760000
163 0.599647920000
164 0.694103010000
165 0.638406120000
166 0.592798650000
167 0.547207260000
168 0.501883650000
169 0.456248900000
170 0.410784150000
171 0.365779670000
172 0.319699840000
173 0.273026500000
174 0.227799850000
175 0.182427140000
176 0.137335430000
177 0.091250990000
178 0.045943820000

[k]
1 0.000000000000
2 0.000000000000
3 -0.057500050000
4 -0.116576130000
5 -0.178945900000
6 -0.246716850000
7 -0.322701250000
8 -0.410933970000
9 -0.421095820000
10 -0.413335730000
11 -0.320513190000
12 -0.240125820000
13 -0.168000230000
14 -0.113451440000
15 -0.062653140000
16 0.000001210000
17 -0.057724680000
18 -0.116475210000
19 -0.175531790000
20 -0.196776650000
21 -0.127649990000
22 -0.062817090000
23 0.000002050000
24 0.000013900000
25 0.000006330000
26 -0.039546270000
27 -0.046051380000
28 0.000007020000
29 0.000017720000
30 0.000003810000
31 -0.048033350000
32 -0.097117460000
33 -0.148213960000
34 -0.202023000000
35 -0.143403110000
36 -0.098285870000
37 -0.055961830000
38 -0.000078810000
39 0.057550660000
40 0.116680220000
41 0.178989990000
42 0.246504380000
43 0.321888050000
44 0.344037070000
45 0.258867140000
46 0.184869580000
47 0.119085140000
48 0.058227770000
49 -0.000010430000
50 -0.051515460000
51 -0.103797510000
52 -0.159023600000
53 -0.216609190000
54 -0.278306710000
55 -0.345788590000
56 -0.421132080000
57 -0.421136560000
58 -0.421137080000
59 -0.421137320000
60 -0.421137300000
61 -0.421136470000
62 -0.344480200000
63 -0.286567310000
64 -0.237865020000
65 -0.193223010000
66 -0.148580030000
67 -0.098648470000
68 -0.048888750000
69 0.000004520000
70 0.000061840000
71 0.000069590000
72 0.000081300000
73 0.000045790000
74 -0.035927890000
75 -0.072186420000
76 -0.064781690000
77 -0.028819360000
78 -0.023418800000
79 -0.026174430000
80 -0.036316020000
81 0.000092810000
82 0.000075990000
83 0.000075580000
84 0.000075450000
85 0.000075580000
86 0.000010240000
87 -0.042665280000
88 -0.086003780000
89 -0.130672200000
90 -0.177427120000
91 -0.227160080000
92 -0.183115550000
93 -0.143442320000
94 -0.093645860000
95 -0.046167010000
96 0.000003860000
97 0.000026480000
98 0.000007680000
99 -0.033131960000
100 -0.066736960000
101 -0.033423270000
102 0.000014540000
103 0.000034570000
104 0.000018410000
105 -0.029879450000
106 0.000049540000
107 0.000051860000
108 0.000060260000
109 0.000072300000
110 0.000040270000
111 -0.029362470000
112 -0.059099570000
113 -0.058556660000
114 -0.028706010000
115 -0.000276400000
116 -0.000131860000
117 -0.000092900000
118 -0.000002620000
119 0.052054610000
120 0.104666050000
121 0.158962220000
122 0.216164870000
123 0.277691090000
124 0.345282650000
125 0.421135430000
126 0.421136520000
127 0.421136390000
128 0.421136060000
129 0.421133410000
130 0.339073550000
131 0.267886560000
132 0.204157440000
133 0.151980540000
134 0.106572960000
135 0.054312690000
136 0.000008840000
137 -0.061553480000
138 -0.125175070000
139 -0.192980770000
140 -0.267679670000
141 -0.353037960000
142 -0.421133120000
143 -0.324052720000
144 -0.241574040000
145 -0.168553940000
146 -0.101671250000
147 -0.038940960000
148 0.021729570000
149 0.082249870000
150 0.144408880000
151 0.210085260000
152 0.281473120000
153 0.361365780000
154 0.421132510000
155 0.421134770000
156 0.421134960000
157 0.421133940000
158 0.421131950000
159 0.421118290000
160 0.331137220000
161 0.253779930000
162 0.184768430000
163 0.121213590000
164 0.062793500000
165 -0.000015320000
166 -0.000248600000
167 -0.000401010000
168 -0.031727820000
169 -0.094081620000
170 -0.159420060000
171 -0.125865660000
172 -0.061965400000
173 0.000040220000
174 -0.061773680000
175 -0.125522250000
176 -0.126008080000
177 -0.061948680000
178 0.000106850000

[up]
1 0.011552450000
2 0.011552450000
3 0.043187960000
4 0.087918010000
5 0.138838290000
6 0.195525710000
7 0.259032470000
8 0.331217610000
9 0.392094860000
10 0.465321710000
11 0.499177510000
12 0.530339330000
13 0.452659300000
14 0.454405550000
15 0.588996680000
16 0.555264590000
17 0.622332500000
18 0.667160940000
19 0.750207980000
20 0.917281300000
21 0.918698100000
22 0.917453740000
23 0.508752400000
24 0.523301990000
25 0.609201630000
26 0.627224450000
27 0.702665860000
28 0.503770860000
29 0.488446450000
30 0.634145660000
31 0.636552850000
32 0.636703060000
33 0.635245210000
34 0.683279180000
35 0.499542000000
36 0.442903660000
37 0.545205210000
38 0.495160240000
39 0.480390720000
40 0.461758650000
41 0.439597830000
42 0.414303260000
43 0.386155010000
44 0.375204950000
45 0.290456920000
46 0.214193060000
47 0.151149040000
48 0.097646050000
49 0.047116170000
50 0.021261980000
51 0.005634660000
52 0.001056070000
53 0.000196970000
54 0.000040150000
55 0.000009240000
56 0.000001200000
57 0.000000210000
58 0.000000040000
59 0.000000010000
60 0.000000000000
61 0.000000000000
62 0.000000000000
63 0.000000000000
64 0.000000000000
65 0.000000000000
66 0.000000000000
67 0.000000000000
68 0.000000000000
69 0.000000000000
70 0.000000000000
71 0.000000000000
72 0.000000000000
73 0.000000000000
74 0.000000000000
75 0.000000000000
76 0.000000000000
77 0.000000000000
78 0.000000000000
79 0.000000000000
80 0.000000000000
81 0.000000000000
82 0.000000000000
83 0.000000000000
84 0.000000000000
85 0.000000000000
86 0.000000000000
87 0.000000000000
88 0.000000000000
89 0.000000000000
90 0.000000000000
91 0.000000000000
92 0.000000000000
93 0.000000000000
94 0.000000000000
95 0.000000000000
96 0.000000420000
97 0.000000730000
98 0.000000220000
99 0.000000470000
100 0.000000980000
101 0.000002280000
102 0.000016590000
103 0.000029670000
104 0.000039340000
105 0.000071120000
106 0.000176310000
107 0.000316020000
108 0.000564600000
109 0.001002890000
110 0.001659470000
111 0.003025500000
112 0.005420180000
113 0.009149040000
114 0.014227550000
115 0.020628920000
116 0.028790060000
117 0.037944690000
118 0.081666530000
119 0.118243620000
120 0.156902120000
121 0.197524010000
122 0.240089610000
123 0.284624990000
124 0.331205840000
125 0.418748740000
126 0.461623700000
127 0.503999680000
128 0.546176750000
129 0.602145770000
130 0.611112620000
131 0.621299000000
132 0.559671120000
133 0.504611760000
134 0.552157340000
135 0.525298960000
136 0.525611100000
137 0.510266120000
138 0.489881440000
139 0.465088830000
140 0.436270220000
141 0.403683760000
142 0.364375410000
143 0.278726560000
144 0.204107600000
145 0.137664860000
146 0.078176010000
147 0.029693740000
148 0.004852690000
149 0.000466840000
150 0.000043770000
151 0.000004510000
152 0.000000530000
153 0.000000070000
154 0.000000010000
155 0.000000000000
156 0.000000000000
157 0.000000000000
158 0.000000000000
159 0.000000000000
160 0.000000000000
161 0.000000000000
162 0.000000000000
163 0.000000000000
164 -0.000000000000
165 -0.000000000000
166 0.000000000000
167 0.000000000000
168 0.000000000000
169 0.000000000000
170 0.000000000000
171 0.000000000000
172 0.000000000000
173 0.000000000000
174 0.000000020000
175 0.000000330000
176 0.000004930000
177 0.000074140000
178 0.001093630000

[down]
1 0.011552450000
2 0.011552450000
3 0.001577640000
4 0.000161980000
5 0.000015980000
6 0.000001570000
7 0.000000150000
8 0.000000020000
9 0.000000000000
10 0.000000000000
11 0.000000000000
12 0.000000000000
13 0.000000000000
14 0.000000000000
15 0.000000000000
16 0.000000000000
17 0.000000000000
18 0.000000000000
19 0.000000000000
20 0.000000000000
21 0.000000000000
22 0.000000000000
23 0.000000000000
24 0.000000000000
25 0.000000000000
26 0.000000000000
27 0.000000000000
28 0.000000000000
29 0.000000000000
30 0.000000000000
31 0.000000000000
32 0.000000000000
33 0.000000000000
34 0.000000000000
35 0.000000000000
36 0.000000000000
37 0.000000000000
38 0.000000000000
39 0.000000000000
40 0.000000000000
41 0.000000000000
42 0.000000000000
43 0.000000000000
44 0.000000000000
45 0.000000020000
46 0.000000360000
47 0.000005430000
48 0.000068640000
49 0.001016970000
50 0.006152120000
51 0.024361710000
52 0.056255600000
53 0.093251580000
54 0.132339930000
55 0.172812580000
56 0.231145500000
57 0.271708150000
58 0.311301150000
59 0.349746300000
60 0.386919950000
61 0.425497510000
62 0.377007210000
63 0.357289600000
64 0.360371510000
65 0.390641220000
66 0.468874270000
67 0.494896940000
68 0.503822540000
69 0.368872520000
70 0.383818600000
71 0.398749710000
72 0.413686750000
73 0.436904490000
74 0.467763670000
75 0.499884820000
76 0.513888420000
77 0.512447220000
78 0.526758740000
79 0.570973360000
80 0.549087350000
81 0.512209820000
82 0.495516890000
83 0.478826510000
84 0.462136750000
85 0.445448280000
86 0.489680520000
87 0.487511750000
88 0.483826750000
89 0.478916570000
90 0.473004590000
91 0.462120640000
92 0.355638500000
93 0.428983110000
94 0.377191480000
95 0.330701070000
96 0.176591520000
97 0.167228400000
98 0.187172240000
99 0.180516710000
100 0.173800930000
101 0.153594610000
102 0.115211720000
103 0.105535710000
104 0.100829750000
105 0.094072600000
106 0.075907720000
107 0.066251000000
108 0.056703120000
109 0.047345230000
110 0.039273330000
111 0.031207140000
112 0.023395900000
113 0.015897360000
114 0.009799430000
115 0.005712840000
116 0.003262940000
117 0.001805220000
118 0.000124570000
119 0.000020360000
120 0.000003530000
121 0.000000660000
122 0.000000130000
123 0.000000030000
124 0.000000010000
125 0.000000000000
126 0.000000000000
127 0.000000000000
128 0.000000000000
129 0.000000000000
130 0.000000000000
131 0.000000000000
132 0.000000000000
133 0.000000000000
134 0.000000000000
135 0.000000000000
136 0.000000000000
137 0.000000000000
138 0.000000000000
139 0.000000000000
140 0.000000000000
141 0.000000000000
142 0.000000000000
143 0.000000060000
144 0.000000990000
145 0.000015830000
146 0.000256650000
147 0.003420740000
148 0.023712280000
149 0.065889900000
150 0.115252680000
151 0.168202890000
152 0.224467810000
153 0.284241750000
154 0.341429500000
155 0.406488650000
156 0.465686510000
157 0.517676010000
158 0.569475500000
159 0.633968580000
160 0.648636340000
161 0.664104540000
162 0.678530760000
163 0.669425930000
164 0.735944740000
165 0.638415510000
166 0.592940130000
167 0.547417930000
168 0.517170530000
169 0.497456630000
170 0.473651940000
171 0.409977040000
172 0.338717720000
173 0.273037040000
174 0.241309000000
175 0.204409830000
176 0.153948500000
177 0.096677740000
178 0.045948520000

[left]
1 0.023104910000
2 0.023104910000
3 0.021406030000
4 0.021930210000
5 0.031361260000
6 0.047787150000
7 0.070840670000
8 0.102226710000
9 0.120782670000
10 0.139472030000
11 0.125213320000
12 0.107695820000
13 0.072388310000
14 0.054741490000
15 0.043892540000
16 0.023105680000
17 0.043176650000
18 0.076483060000
19 0.116246160000
20 0.152593160000
21 0.108604780000
22 0.062047320000
23 0.023106100000
24 0.023113240000
25 0.023109410000
26 0.033793770000
27 0.040347450000
28 0.023108940000
29 0.023114750000
30 0.023107740000
31 0.038715910000
32 0.064098130000
33 0.088124670000
34 0.118958960000
35 0.070049080000
36 0.048507110000
37 0.038464140000
38 0.023060170000
39 0.095091790000
40 0.165026990000
41 0.222898830000
42 0.269836210000
43 0.306628300000
44 0.312462840000
45 0.196818930000
46 0.114159610000
47 0.060816410000
48 0.031856360000
49 0.023104410000
50 0.022480230000
51 0.025514780000
52 0.036877120000
53 0.061334420000
54 0.097594700000
55 0.144347180000
56 0.216734290000
57 0.252742880000
58 0.287889180000
59 0.322016420000
60 0.355014840000
61 0.389258950000
62 0.300437460000
63 0.249232520000
64 0.218114400000
65 0.200016750000
66 0.192020470000
67 0.143560860000
68 0.081241450000
69 0.023103360000
70 0.023083020000
71 0.023079410000
72 0.023074120000
73 0.023086710000
74 0.059938050000
75 0.111445330000
76 0.104329900000
77 0.054551160000
78 0.048063160000
79 0.055134090000
80 0.068725570000
81 0.023061860000
82 0.023071050000
83 0.023072210000
84 0.023073250000
85 0.023074190000
86 0.023100420000
87 0.070815870000
88 0.125328400000
89 0.176145080000
90 0.223812710000
91 0.266649780000
92 0.175496410000
93 0.171648000000
94 0.107488770000
95 0.055298130000
96 0.023104240000
97 0.023100590000
98 0.023103510000
99 0.032440090000
100 0.045015820000
101 0.030730090000
102 0.023103250000
103 0.023101300000
104 0.023103060000
105 0.026667550000
106 0.023101160000
107 0.023101490000
108 0.023101510000
109 0.023101540000
110 0.023103380000
111 0.024006810000
112 0.024323120000
113 0.023597330000
114 0.023003430000
115 0.023100670000
116 0.023101470000
117 0.023101460000
118 0.023104690000
119 0.032947980000
120 0.057261550000
121 0.094547050000
122 0.143046110000
123 0.203274960000
124 0.276468430000
125 0.401990970000
126 0.444081410000
127 0.486066960000
128 0.528236020000
129 0.584778810000
130 0.510314480000
131 0.436142660000
132 0.316694510000
133 0.224390810000
134 0.182937370000
135 0.098606440000
136 0.023110230000
137 0.039113810000
138 0.062408370000
139 0.081900390000
140 0.097862380000
141 0.110436170000
142 0.113066950000
143 0.075552040000
144 0.048736970000
145 0.030255250000
146 0.021086900000
147 0.022238780000
148 0.022730600000
149 0.020869230000
150 0.026395360000
151 0.040945100000
152 0.062157040000
153 0.090444520000
154 0.119121510000
155 0.142443040000
156 0.164448570000
157 0.184391470000
158 0.204835170000
159 0.231085500000
160 0.203066260000
161 0.173634580000
162 0.141158980000
163 0.100870040000
164 0.067169580000
165 0.023113280000
166 0.023233470000
167 0.023303070000
168 0.059002030000
169 0.138610060000
170 0.205394830000
171 0.147827880000
172 0.070325800000
173 0.023094490000
174 0.053763800000
175 0.079402530000
176 0.063046870000
177 0.032175740000
178 0.023100100000

[right]
1 0.023104910000
2 0.023104910000
3 0.026059410000
4 0.040981040000
5 0.075674170000
6 0.130082320000
7 0.206768350000
8 0.312052070000
9 0.375999220000
10 0.442068110000
11 0.397052650000
12 0.340188190000
13 0.218151780000
14 0.158686970000
15 0.124258560000
16 0.023104130000
17 0.122342260000
18 0.239405780000
19 0.381306090000
20 0.519506530000
21 0.363532060000
22 0.195955810000
23 0.023103710000
24 0.023096550000
25 0.023100400000
26 0.089549180000
27 0.113712010000
28 0.023100860000
29 0.023095040000
30 0.023102070000
31 0.106970430000
32 0.195445410000
33 0.278447300000
34 0.386855780000
35 0.211759890000
36 0.137345500000
37 0.104762800000
38 0.023148980000
39 0.035917420000
40 0.056563520000
41 0.073931000000
42 0.088273400000
43 0.099766640000
44 0.101698690000
45 0.067500000000
46 0.042799650000
47 0.026915390000
48 0.020678710000
49 0.023105400000
50 0.023998100000
51 0.021951460000
52 0.021599630000
53 0.028089400000
54 0.040098290000
55 0.056144120000
56 0.081654420000
57 0.095133340000
58 0.108628740000
59 0.122053250000
60 0.135333900000
61 0.149427900000
62 0.116044620000
63 0.097398470000
64 0.086618810000
65 0.081192470000
66 0.080701690000
67 0.063064520000
68 0.039119040000
69 0.023106450000
70 0.023126670000
71 0.023130230000
72 0.023135450000
73 0.023122980000
74 0.030616420000
75 0.050794650000
76 0.048257080000
77 0.028946790000
78 0.026666900000
79 0.029582790000
80 0.034701820000
81 0.023146330000
82 0.023138250000
83 0.023137090000
84 0.023136060000
85 0.023135120000
86 0.023109380000
87 0.034912570000
88 0.055851410000
89 0.075041150000
90 0.092661810000
91 0.107963140000
92 0.071382790000
93 0.071995550000
94 0.047274430000
95 0.027920630000
96 0.023105570000
97 0.023109210000
98 0.023106300000
99 0.021174530000
100 0.023767010000
101 0.020998130000
102 0.023106560000
103 0.023108510000
104 0.023106750000
105 0.021246970000
106 0.023108650000
107 0.023108320000
108 0.023108300000
109 0.023108270000
110 0.023106430000
111 0.022385940000
112 0.022296630000
113 0.022846870000
114 0.023259080000
115 0.023109140000
116 0.023108340000
117 0.023108350000
118 0.023105130000
119 0.020713860000
120 0.025890040000
121 0.036885180000
122 0.051481310000
123 0.069524270000
124 0.091343950000
125 0.128215740000
126 0.140160930000
127 0.151966860000
128 0.163717310000
129 0.179309530000
130 0.156779550000
131 0.134543330000
132 0.100306030000
133 0.073727160000
134 0.061145630000
135 0.036763550000
136 0.023099570000
137 0.106489730000
138 0.185560870000
139 0.250553430000
140 0.302677970000
141 0.342663890000
142 0.349176850000
143 0.222792040000
144 0.133342850000
145 0.071997430000
146 0.036003740000
147 0.024257820000
148 0.023539710000
149 0.030844890000
150 0.055331610000
151 0.098609520000
152 0.158785640000
153 0.237281580000
154 0.314631290000
155 0.372384110000
156 0.424932970000
157 0.471082210000
158 0.517061790000
159 0.574297710000
160 0.493967950000
161 0.412691310000
162 0.326743120000
163 0.226701340000
164 0.140564720000
165 0.023096540000
166 0.022977820000
167 0.022917410000
168 0.030656720000
169 0.061222130000
170 0.085840720000
171 0.062742840000
172 0.033257770000
173 0.023115290000
174 0.026786310000
175 0.034984130000
176 0.029089280000
177 0.020961490000
178 0.023109700000
