  0.00000000
  0.00000000
 -0.11449713
 -0.22906021
 -0.34368804
 -0.45838088
 -0.57313665
 -0.68793402
 -0.69994342
 -0.69079378
 -0.57004099
 -0.44772448
 -0.32414905
 -0.22312489
 -0.12465655
  0.00000241
 -0.11494051
 -0.22886881
 -0.33762202
 -0.37493656
 -0.24996063
 -0.12497936
  0.00000410
  0.00002780
  0.00001267
 -0.07892824
 -0.09184365
  0.00001403
  0.00003543
  0.00000763
 -0.09577281
 -0.19184613
 -0.28817647
 -0.38398949
 -0.27930890
 -0.19409700
 -0.11145979
 -0.00015762
  0.11459703
  0.22925764
  0.34376617
  0.45803900
  0.57198745
  0.60267721
  0.47773421
  0.35415047
  0.23381420
  0.11593334
 -0.00002087
 -0.10266865
 -0.20468768
 -0.30793053
 -0.40881105
 -0.50790651
 -0.60505067
 -0.69998583
 -0.69999107
 -0.69999168
 -0.69999196
 -0.69999193
 -0.69999097
 -0.60327841
 -0.52043130
 -0.44404384
 -0.36876760
 -0.28884931
 -0.19479511
 -0.09746767
  0.00000905
  0.00012369
  0.00013918
  0.00016259
  0.00009158
 -0.07173249
 -0.14338218
 -0.12884566
 -0.05757524
 -0.04680367
 -0.05230143
 -0.07250474
  0.00018563
  0.00015198
  0.00015116
  0.00015090
  0.00015117
  0.00002049
 -0.08512436
 -0.17034067
 -0.25562692
 -0.34099277
 -0.42644082
 -0.35106081
 -0.27938137
 -0.18514674
 -0.09207296
  0.00000772
  0.00005295
  0.00001537
 -0.06616719
 -0.13268968
 -0.06674725
  0.00002908
  0.00006914
  0.00003681
 -0.05968792
  0.00009907
  0.00010371
  0.00012052
  0.00014461
  0.00008053
 -0.05865758
 -0.11765330
 -0.11658604
 -0.05735011
 -0.00055281
 -0.00026372
 -0.00018580
 -0.00000524
  0.10373550
  0.20635241
  0.30781904
  0.40806260
  0.50696601
  0.60436585
  0.69998975
  0.69999103
  0.69999087
  0.69999049
  0.69998739
  0.59590854
  0.49185489
  0.38765377
  0.29508684
  0.21000332
  0.10820115
  0.00001769
 -0.12249065
 -0.24530818
 -0.36834599
 -0.49153338
 -0.61479223
 -0.69998705
 -0.57504221
 -0.45007541
 -0.32514382
 -0.20060749
 -0.07772504
  0.04343183
  0.16303960
  0.28116659
  0.39777297
  0.51272841
  0.62581971
  0.69998634
  0.69998898
  0.69998920
  0.69998801
  0.69998568
  0.69996970
  0.58495566
  0.46967719
  0.35397248
  0.23783870
  0.12493291
 -0.00003063
 -0.00049720
 -0.00080202
 -0.06337081
 -0.18598870
 -0.30865052
 -0.24660773
 -0.12330213
  0.00008043
 -0.12292445
 -0.24596153
 -0.24687557
 -0.12326922
  0.00021370
  0.00000000
