  0.02310491
  0.02310491
  0.02430193
  0.02921897
  0.04121249
  0.06245918
  0.09283973
  0.13265885
  0.18342539
  0.21130822
  0.19791758
  0.17998630
  0.20940041
  0.27759720
  0.36124559
  0.34586278
  0.30698319
  0.24750178
  0.20452787
  0.18699158
  0.18909934
  0.21018061
  0.14976052
  0.08383298
  0.02310241
  0.02308649
  0.02308643
  0.09189855
  0.15852197
  0.07678401
  0.02318044
  0.02312906
  0.03916280
  0.02279412
  0.11636610
  0.23099868
  0.35727821
  0.48409199
  0.58586441
  0.67852059
  0.76411420
  0.62981469
  0.56223527
  0.54756630
  0.58678406
  0.58902113
  0.49831847
  0.40096666
  0.29515932
  0.17841798
  0.04739681
  0.03885999
  0.02328718
  0.11371945
  0.24127473
  0.28487312
  0.14658828
  0.09906260
  0.08783852
  0.09498200
  0.12070323
  0.02310726
  0.04365624
  0.07398554
  0.10313630
  0.06739394
  0.04489574
  0.03654520
  0.02310323
  0.10522124
  0.18976207
  0.26699021
  0.33839763
  0.40527782
  0.46876983
  0.54274852
  0.49647618
  0.45101425
  0.40673385
  0.36375644
  0.32205250
  0.28561158
  0.19806986
  0.13458812
  0.08823031
  0.05537169
  0.03504412
  0.02589992
  0.02323993
  0.02371808
  0.02779708
  0.03897296
  0.05988774
  0.09004625
  0.12908130
  0.17778724
  0.24705580
  0.27772796
  0.30842926
  0.33927161
  0.37040973
  0.40204561
  0.48852739
  0.36049443
  0.26114429
  0.18342935
  0.12247191
  0.07500608
  0.04025008
  0.02310488
  0.02310452
  0.02544438
  0.02522583
  0.02310458
  0.02310418
  0.02310418
  0.02310418
  0.02310418
  0.02310418
