  0.01155245
  0.01155245
  0.00120345
  0.00009304
  0.00000684
  0.00000050
  0.00000004
  0.00000000
  0.00000000
  0.00000000
  0.00000000
  0.00000000
  0.00000000
  0.00000000
  0.00000000
  0.00000000
 -0.00000000
  0.00000000
  0.00000000
  0.00000000
  0.00000000
  0.00000000
  0.00000000
  0.00000000
  0.00000000
  0.00000000
  0.00000000
  0.00000000
  0.00000000
  0.00000000
  0.00000000
  0.00000000
  0.00000000
  0.00000000
  0.00000000
  0.00000000
  0.00000000
  0.00000000
  0.00000000
  0.00000000
  0.00000000
  0.00000000
  0.00000000
  0.00000000
  0.00000000
  0.00000000
  0.00000000
  0.00000000
  0.00000001
  0.00000001
  0.00000007
  0.00000059
  0.00000449
  0.00003051
  0.00019098
  0.00136518
  0.00521244
  0.01554592
  0.03351529
  0.05466855
  0.07615147
  0.09690187
  0.11650753
  0.14260541
  0.16458492
  0.18616930
  0.20731366
  0.22796408
  0.24811084
  0.26819075
  0.26544451
  0.25781374
  0.26318632
  0.28476821
  0.33263974
  0.38717693
  0.41033904
  0.43324920
  0.34682395
  0.35964138
  0.37247795
  0.38538056
  0.40342938
  0.41599487
  0.42871053
  0.44229194
  0.45563804
  0.46827036
  0.48895805
  0.47217354
  0.45903914
  0.44604361
  0.43235726
  0.41887581
  0.40536110
  0.39186221
  0.41555764
  0.39932496
  0.38327996
  0.36733323
  0.35145264
  0.33561786
  0.32424112
  0.28050973
  0.30393506
  0.30116351
  0.27940846
  0.17662726
  0.16735202
  0.17017294
  0.16019118
  0.16135865
  0.12915936
  0.11995707
  0.11556920
  0.10907485
  0.09206395
  0.08291787
  0.07384353
  0.06483347
  0.05978876
  0.04987327
  0.04017407
  0.03089778
  0.02257396
  0.01505507
  0.00939554
  0.00554104
  0.00130195
  0.00027054
  0.00005733
  0.00001267
  0.00000294
  0.00000073
  0.00000019
  0.00000006
  0.00000001
  0.00000000
  0.00000000
  0.00000000
  0.00000000
  0.00000000
  0.00000000
  0.00000000
  0.00000000
  0.00000000
  0.00000000
  0.00000000
  0.00000000
  0.00000000
  0.00000000
  0.00000000
  0.00000000
  0.00000000
  0.00000000
  0.00000000
  0.00000000
  0.00000000
  0.00000000
  0.00000002
  0.00000036
  0.00000603
  0.00009967
  0.00159327
  0.01611414
  0.05467881
  0.09860550
  0.14093406
  0.18050953
  0.23117663
  0.27504797
  0.31814722
  0.36056439
  0.40254501
  0.44483493
  0.49587263
  0.54206536
  0.58884942
  0.64227099
  0.59668067
  0.46457713
  0.43459899
  0.39883093
  0.36587461
  0.33347527
  0.29991157
  0.26684265
  0.23354446
  0.20002679
  0.16668956
  0.13339597
  0.10025198
  0.06703219
  0.03524947
