 -0.80000000
 -0.80000000
 -0.80000000
 -0.80101265
 -0.80509224
 -0.81438628
 -0.83120975
 -0.85813619
 -0.89811754
 -0.95464633
 -1.02009825
 -1.08093326
 -1.13570889
 -1.19980869
 -1.28568012
 -1.39812439
 -1.50520241
 -1.59945854
 -1.67473310
 -1.73613845
 -1.79172922
 -1.84778858
 -1.91006426
 -1.95323212
 -1.97570540
 -1.97570322
 -1.97568759
 -1.97567196
 -2.00039049
 -2.04546893
 -2.06537483
 -2.06545286
 -2.06547460
 -2.03576352
 -2.03549820
 -2.06698596
 -2.13269028
 -2.23583323
 -2.37673174
 -2.54882084
 -2.74960232
 -2.97715504
 -3.16755739
 -3.33784087
 -3.50274983
 -3.67767134
 -3.85073320
 -3.99597119
 -4.11163081
 -4.19545995
 -4.24453181
 -4.25472665
 -4.22534060
 -4.22552313
 -4.25552807
 -4.32326787
 -4.40402059
 -4.44415722
 -4.47023330
 -4.49302547
 -4.51803163
 -4.55083843
 -4.55084039
 -4.51628569
 -4.44908107
 -4.35049782
 -4.29038858
 -4.25449926
 -4.22761758
 -4.22761615
 -4.25646226
 -4.31161026
 -4.39102992
 -4.49313194
 -4.61671279
 -4.76091620
 -4.92903734
 -5.08331605
 -5.22386016
 -5.35089459
 -5.46468859
 -5.56551011
 -5.65489315
 -5.71605813
 -5.75661076
 -5.78199196
 -5.79638367
 -5.80319553
 -5.80535204
 -5.80547711
 -5.80602310
 -5.80936934
 -5.81790477
 -5.83410475
 -5.86060978
 -5.90031421
 -5.95647435
 -6.03603623
 -6.12596038
 -6.22625659
 -6.33697252
 -6.45820809
 -6.59013145
 -6.75127163
 -6.86915743
 -6.95347900
 -7.01154551
 -7.04901762
 -7.07042154
 -7.07950850
 -7.07950847
 -7.07950808
 -7.08142717
 -7.08318923
 -7.08318890
 -7.08318818
 -7.08318746
 -7.08318674
 -7.08318602
 -7.08318531
