  0.01155245
  0.01155245
  0.04318796
  0.08791801
  0.13883829
  0.19552571
  0.25903247
  0.33121761
  0.39209486
  0.46532171
  0.49917751
  0.53033933
  0.45265930
  0.45440555
  0.58899668
  0.55526459
  0.62233250
  0.66716094
  0.75020798
  0.91728130
  0.91869810
  0.91745374
  0.50875240
  0.52330199
  0.60920163
  0.62722445
  0.70266586
  0.50377086
  0.48844645
  0.63414566
  0.63655285
  0.63670306
  0.63524521
  0.68327918
  0.49954200
  0.44290366
  0.54520521
  0.49516024
  0.48039072
  0.46175865
  0.43959783
  0.41430326
  0.38615501
  0.37520495
  0.29045692
  0.21419306
  0.15114904
  0.09764605
  0.04711617
  0.02126198
  0.00563466
  0.00105607
  0.00019697
  0.00004015
  0.00000924
  0.00000120
  0.00000021
  0.00000004
  0.00000001
  0.00000000
  0.00000000
  0.00000000
  0.00000000
  0.00000000
  0.00000000
  0.00000000
  0.00000000
  0.00000000
  0.00000000
  0.00000000
  0.00000000
  0.00000000
  0.00000000
  0.00000000
  0.00000000
  0.00000000
  0.00000000
  0.00000000
  0.00000000
  0.00000000
  0.00000000
  0.00000000
  0.00000000
  0.00000000
  0.00000000
  0.00000000
  0.00000000
  0.00000000
  0.00000000
  0.00000000
  0.00000000
  0.00000000
  0.00000000
  0.00000000
  0.00000000
  0.00000042
  0.00000073
  0.00000022
  0.00000047
  0.00000098
  0.00000228
  0.00001659
  0.00002967
  0.00003934
  0.00007112
  0.00017631
  0.00031602
  0.00056460
  0.00100289
  0.00165947
  0.00302550
  0.00542018
  0.00914904
  0.01422755
  0.02062892
  0.02879006
  0.03794469
  0.08166653
  0.11824362
  0.15690212
  0.19752401
  0.24008961
  0.28462499
  0.33120584
  0.41874874
  0.46162370
  0.50399968
  0.54617675
  0.60214577
  0.61111262
  0.62129900
  0.55967112
  0.50461176
  0.55215734
  0.52529896
  0.52561110
  0.51026612
  0.48988144
  0.46508883
  0.43627022
  0.40368376
  0.36437541
  0.27872656
  0.20410760
  0.13766486
  0.07817601
  0.02969374
  0.00485269
  0.00046684
  0.00004377
  0.00000451
  0.00000053
  0.00000007
  0.00000001
  0.00000000
  0.00000000
  0.00000000
  0.00000000
  0.00000000
  0.00000000
  0.00000000
  0.00000000
  0.00000000
 -0.00000000
 -0.00000000
  0.00000000
  0.00000000
  0.00000000
  0.00000000
  0.00000000
  0.00000000
  0.00000000
  0.00000000
  0.00000002
  0.00000033
  0.00000493
  0.00007414
  0.00109363
