 19.00000000
 19.00000000
 19.00000000
 18.98346469
 18.95037677
 18.90057272
 18.83361075
 18.74863705
 18.64425758
 18.51843180
 18.36835934
 18.19204655
 17.98913663
 17.75959639
 17.50204467
 17.21429996
 16.89488371
 16.54695390
 16.19806394
 15.83474033
 15.44827631
 15.04410056
 14.60260033
 14.14687861
 13.67648516
 13.20634658
 12.71616197
 12.20485031
 11.67345380
 11.12742270
 10.57334475
 10.00519477
  9.41641464
  8.80782225
  8.16897019
  7.51005375
  6.84187404
  6.17857070
  5.55887861
  5.03637421
  4.63205837
  4.36677980
  4.27277286
  4.28699529
  4.40023044
  4.63239480
  5.01728588
  5.52716925
  6.14090469
  6.83902911
  7.60479453
  8.39901815
  9.19721430
  9.98341257
 10.76962700
 11.54364588
 12.32947444
 13.10011083
 13.86219595
 14.60957225
 15.34209385
 16.06219716
 16.80611714
 17.52367649
 18.21071380
 18.86184157
 19.40271148
 19.91287378
 20.43432278
 20.96895576
 21.47641320
 21.96390965
 22.43589756
 22.89353118
 23.33465892
 23.75401623
 24.15275233
 24.51052239
 24.82154749
 25.08458719
 25.30155675
 25.47634732
 25.61592354
 25.72102790
 25.80044350
 25.85995539
 25.90324400
 25.93252490
 25.94902516
 25.95335423
 25.94580576
 25.92661623
 25.89619650
 25.85535311
 25.80551320
 25.74896808
 25.68914964
 25.62851970
 25.57628297
 25.53899350
 25.52403536
 25.53951178
 25.59405833
 25.70966886
 25.86617132
 26.03889135
 26.21226363
 26.37670546
 26.52643585
 26.65808792
 26.71924612
 26.77583063
 26.82622250
 26.87135966
 26.90811455
 26.93874330
 26.96324618
 26.98162322
 26.99387447
 27.00000000
