  0.00000000
  0.74999988
  0.74999988
  0.74999988
  0.74999987
  0.74999987
  0.74999986
  0.74999986
  0.74999985
  0.74999988
  0.74999987
  0.74999986
  0.74999985
  0.74999984
  0.74999983
  0.74999982
  0.74999980
  0.74999978
  0.74999976
  0.74999972
  0.74999950
  0.74999939
  0.74999934
  0.74999937
  0.74999949
  0.74999950
  0.74999914
  0.74999902
  0.74999900
  0.74999877
  0.74999845
  0.74999778
  0.74999550
  0.51712174
  0.00000139
 -0.00000147
 -0.00000023
 -0.00000020
 -0.00000014
 -0.00000022
 -0.00000374
 -0.00000328
 -0.00000031
  0.00000180
  0.00000347
  0.00000380
  0.00000016
  0.00000020
  0.00000023
 -0.00000557
  0.00001678
 -0.00000115
  0.00000021
  0.00000139
  0.00000000
 -0.00000000
  0.00000000
 -0.00000125
 -0.00000023
 -0.00000021
 -0.00000279
 -0.00000711
 -0.00001057
 -0.00001335
 -0.00000405
  0.00000028
  0.00000493
  0.00000870
  0.00001064
  0.00001040
  0.00000836
  0.00000412
  0.00000027
  0.00000026
 -0.00000286
  0.00000500
 -0.00000022
  0.00000006
 -0.49059226
 -0.74999732
 -0.74999788
 -0.74999847
 -0.74999879
 -0.74999900
 -0.74999914
 -0.74999924
 -0.74999937
 -0.74999948
 -0.74999956
 -0.74999963
 -0.74999963
 -0.74999132
 -0.74999132
 -0.74999967
 -0.74999966
 -0.74999963
 -0.74999954
 -0.74999959
 -0.74999969
 -0.74999978
 -0.74999983
 -0.74999986
 -0.74999988
 -0.74999989
 -0.74999990
 -0.74999990
 -0.74999989
 -0.74999986
 -0.74999979
 -0.74999941
 -0.74999962
 -0.74999968
 -0.74999969
 -0.74999963
 -0.74999936
 -0.74999867
 -0.74998533
  0.74999938
  0.74999968
  0.74999977
  0.74999980
  0.74999982
  0.74999983
  0.74999984
  0.74999983
  0.74999982
  0.74999975
  0.74999965
  0.74999948
  0.74999912
  0.10107216
 -0.74999949
 -0.74999970
 -0.74999975
 -0.74999976
 -0.74999974
 -0.74999950
  0.00000000
