  0.01155245
  0.01155245
  0.00252209
  0.00043902
  0.00007252
  0.00001187
  0.00000194
  0.00000032
  0.00000005
  0.00000000
  0.00000000
  0.00000000
  0.00000000
  0.00000000
  0.00000000
  0.00000000
  0.00000000
  0.00000000
  0.00000000
  0.00000000
  0.00000000
  0.00000000
  0.00000000
  0.00000000
 -0.00000000
  0.00000000
  0.00000000
  0.00000000
 -0.00000000
 -0.00000000
  0.00000000
  0.00000000
 -0.00000000
  0.00000000
  0.00000000
  0.00000000
  0.00000000
  0.00000000
  0.00000000
  0.00000000
  0.00000000
  0.00000000
  0.00000000
  0.00000000
  0.00000000
  0.00000000
  0.00000000
  0.00000000
  0.00000000
  0.00000000
  0.00000000
  0.00000000
  0.00000000
 -0.00000000
  0.00000000
  0.00000000
  0.00000000
  0.00000000
  0.00000000
  0.00000000
  0.00000000
  0.00000000
  0.00000000
  0.00000000
  0.00000003
  0.00000005
  0.00000004
  0.00000002
  0.00000000
  0.00000000
  0.00000000
  0.00000000
  0.00000000
  0.00000000
  0.00000000
  0.00000000
  0.00000000
 -0.00000000
  0.00000000
  0.00000000
  0.00000000
  0.00000000
  0.00000000
  0.00000000
  0.00000000
  0.00000000
  0.00000000
  0.00000000
  0.00000000
  0.00000000
  0.00000000
  0.00237540
  0.00238539
  0.00000000
  0.00000000
  0.00000000
 -0.00000000
  0.00000000
  0.00000000
  0.00000000
  0.00000000
  0.00000000
  0.00000000
  0.00000000
  0.00000000
  0.00000004
  0.00000061
  0.00001013
  0.00016796
  0.00259762
  0.02228687
  0.06443783
  0.11098129
  0.15245713
  0.15798883
  0.15998124
  0.15990755
  0.29854612
  0.25167125
  0.20479636
  0.15792261
  0.11106766
  0.06452228
  0.02235045
  0.00261010
  0.00016884
  0.00002762
  0.00001185
  0.00000726
  0.00000563
  0.00000000
  0.00000000
  0.00000004
  0.00000067
  0.00001112
  0.00018413
  0.00516508
