  0.01155245
  0.01155245
  0.03271719
  0.06082949
  0.09065857
  0.12079351
  0.15097906
  0.18117275
  0.21136756
  0.30097303
  0.34784711
  0.39472104
  0.44159486
  0.48847019
  0.53534492
  0.58221960
  0.62909421
  0.67596873
  0.72284346
  0.74906157
  0.47689565
  0.43300844
  0.43714273
  0.50534559
  0.71037889
  0.87931769
  0.59761265
  0.61445165
  0.73925263
  0.75895452
  0.82074199
  0.89260824
  0.92891873
  0.91706327
  0.92001608
  1.24999794
  0.87527032
  0.83950322
  0.80610040
  0.77447693
  0.73972813
  0.49146494
  0.42046498
  0.42217693
  0.46346736
  0.56563736
  0.79065007
  0.82184083
  0.85488765
  0.89035749
  0.40975723
  1.24976960
  0.87513868
  0.91052056
  1.24993450
  1.24993450
  1.24993450
  1.24999349
  0.87526645
  0.83950010
  0.80609823
  0.56340258
  0.36599480
  0.27258324
  0.22161309
  0.21267797
  0.21436720
  0.22750819
  0.25545543
  0.30596726
  0.39636149
  0.56913236
  0.82183540
  0.85488335
  0.89035333
  0.56714430
  0.91911324
  0.88075751
  0.89025501
  1.22815896
  0.87526829
  0.83745493
  0.80119817
  0.76592671
  0.73115335
  0.69644933
  0.71071727
  0.74643439
  0.78500261
  0.82758969
  0.74635597
  0.03364432
  0.03357930
  0.77795007
  0.73107511
  0.68420016
  0.61402216
  0.59216402
  0.54528898
  0.49841430
  0.45153932
  0.40466433
  0.35778934
  0.31091437
  0.26403940
  0.21716448
  0.17029006
  0.12342461
  0.07670747
  0.03226219
  0.00507655
  0.00035264
  0.00002139
  0.00000177
  0.00000127
  0.00000113
  0.00000114
  0.00000000
  0.00000000
  0.00000008
  0.00000128
  0.00002128
  0.00035084
  0.00505397
  0.03218838
  0.07662107
  0.10672165
  0.12082335
  0.12899412
  0.13320934
  0.25618250
  0.26249995
  0.21562501
  0.16875065
  0.12188610
  0.07518403
  0.02204073
