  0.01155245
  0.01155245
  0.03271746
  0.06082975
  0.09065883
  0.12079378
  0.15097936
  0.18117307
  0.21136791
  0.30097316
  0.36882691
  0.44309875
  0.52502808
  0.60516690
  0.62532571
  0.64232038
  0.65538354
  0.74569801
  0.84428052
  0.91923578
  0.59705946
  0.52341913
  0.51280608
  0.57589775
  0.78380994
  0.92819396
  0.59761284
  0.61445270
  0.73925365
  0.79100832
  0.89033446
  0.92831801
  0.92896042
  0.92889021
  0.92896650
  1.24999796
  0.92806158
  0.92645626
  0.92429908
  0.92170360
  0.91323586
  0.62921135
  0.53681187
  0.52790794
  0.56784142
  0.67798338
  0.92309509
  0.92539259
  0.92723894
  0.92850953
  0.40975728
  1.24976962
  0.92790256
  0.92881825
  1.24993452
  1.24993452
  1.24993452
  1.24999351
  0.92805711
  0.92645211
  0.92429556
  0.67050333
  0.44729284
  0.33904845
  0.27931243
  0.26515773
  0.26452681
  0.27787505
  0.30866097
  0.36528320
  0.46651161
  0.65773139
  0.92538504
  0.92723319
  0.92850443
  0.56714462
  0.91912748
  0.91919764
  0.92838607
  1.22815898
  0.92805928
  0.92633974
  0.92392935
  0.92091148
  0.91732204
  0.91316290
  0.91494187
  0.91897415
  0.92262607
  0.92575861
  0.79071751
  0.03380582
  0.03365989
  0.77795008
  0.77516949
  0.76805851
  0.73003592
  0.74576165
  0.73231628
  0.69992242
  0.63409595
  0.56826948
  0.50244301
  0.43661655
  0.37079010
  0.29237118
  0.21494436
  0.14674452
  0.08610905
  0.03420807
  0.00507655
  0.00037391
  0.00002401
  0.00000211
  0.00000160
  0.00000150
  0.00000157
  0.00000000
  0.00000001
  0.00000010
  0.00000152
  0.00002389
  0.00037200
  0.00505397
  0.03412980
  0.08601204
  0.12688559
  0.15124802
  0.16914457
  0.18248028
  0.35975666
  0.36862825
  0.28269776
  0.20787830
  0.14159938
  0.08249953
  0.02283570
