  0.00000000
  0.00000000
  0.15048695
  0.30097388
  0.45146152
  0.60194948
  0.75243755
  0.90292555
  1.05341337
  1.20390092
  1.39139952
  1.57889800
  1.76639632
  1.95389449
  2.14139313
  2.32889191
  2.51639078
  2.70388969
  2.89138861
  3.07888759
  3.26135478
  3.37102439
  3.46736189
  3.56191699
  3.66832286
  3.81356193
  3.98649418
  4.09892604
  4.21135504
  4.34300833
  4.47407300
  4.61165574
  4.75682143
  4.90328160
  4.99999914
  4.99999939
  4.99999902
  4.99999898
  4.99999895
  4.99999893
  4.99999889
  4.99999834
  4.99999802
  4.99999799
  4.99999814
  4.99999847
  4.99999890
  4.99999892
  4.99999895
  4.99999899
  4.99999800
  4.99999938
  4.99999909
  4.99999913
  4.99999938
  4.99999938
  4.99999938
  4.99999938
  4.99999907
  4.99999903
  4.99999899
  4.99999854
  4.99999774
  4.99999697
  4.99999624
  4.99999606
  4.99999607
  4.99999628
  4.99999668
  4.99999722
  4.99999786
  4.99999852
  4.99999899
  4.99999903
  4.99999908
  4.99999857
  4.99999914
  4.99999910
  4.99999911
  4.91264865
  4.72514980
  4.58622313
  4.44927168
  4.31421639
  4.18106492
  4.04991068
  3.92093587
  3.78498937
  3.63708264
  3.47520795
  3.29660225
  3.12680114
  3.11930101
  3.11180088
  2.92430100
  2.73680113
  2.54930125
  2.36865711
  2.18115729
  1.99365749
  1.80615757
  1.61865765
  1.43115772
  1.24365780
  1.05615788
  0.86865795
  0.68115802
  0.49365810
  0.30615821
  0.11865838
 -0.06884134
 -0.25634108
 -0.44384076
 -0.63134018
 -0.81244930
 -0.95829295
 -1.08349982
 -1.19418509
 -1.00668534
 -0.81918549
 -0.63168562
 -0.44418576
 -0.25668590
 -0.06918604
  0.11831352
  0.30581281
  0.49331037
  0.65552162
  0.79374526
  0.91562326
  1.02473217
  1.05000015
  0.86250035
  0.67500053
  0.48750076
  0.30000112
  0.11250213
  0.00000000
