  0.01085584
  0.22108173
  0.21794540
  0.21486020
  0.21164849
  0.20817878
  0.22817040
  0.23045175
  0.23269830
  0.23507731
  0.13696732
  0.13686736
  0.13687577
  0.13688436
  0.13689322
  0.13690244
  0.13691209
  0.13691770
  0.18465009
  0.18371137
  0.18275530
  0.18183147
  0.18139783
  0.19699782
  0.19815406
  0.19886888
  0.23622010
  0.23642441
  0.23663282
  0.23686697
  0.23709032
  0.23717181
  0.24855230
  0.24834944
  0.24801793
  0.24761763
  0.24665275
  0.24342643
  0.24040983
  0.23790638
  0.23581078
  0.24718189
  0.24591272
  0.24423688
  0.24212591
  0.23952986
  0.23638536
  0.24331178
  0.24227286
  0.24123210
  0.22296500
  0.22552593
  0.24663224
  0.24748191
  0.24781886
  0.24800186
  0.24812317
  0.24814603
  0.24811513
  0.24813369
  0.24814111
  0.24816352
  0.24804257
  0.24804861
  0.24915301
  0.24917144
  0.24916779
  0.24916187
  0.24915921
  0.24915683
  0.24915969
  0.24914817
  0.24915000
  0.24915152
  0.24915219
  0.24915255
  0.24915279
  0.24915294
  0.24915296
  0.24915283
  0.24915241
  0.24915192
  0.24915208
  0.24915522
  0.24916106
  0.24917058
