task_id 7

[x]
1 25.000000000000
2 25.000000000000
3 25.000000000000
4 24.963870390000
5 24.893139760000
6 24.789372690000
7 24.654312380000
8 24.470917580000
9 24.247152660000
10 23.982559860000
11 23.676250080000
12 23.474705550000
13 23.259524600000
14 23.030554200000
15 22.787792000000
16 22.531235510000
17 22.260882090000
18 21.976729010000
19 21.678783320000
20 21.258383690000
21 20.815189120000
22 20.351638210000
23 19.871269560000
24 19.378787460000
25 18.841235190000
26 18.350144280000
27 17.898705760000
28 17.400963060000
29 16.937320680000
30 16.498286280000
31 16.078900020000
32 15.678710890000
33 15.301320080000
34 14.936369760000
35 14.612555190000
36 14.337301150000
37 14.112980220000
38 13.939080110000
39 13.813075790000
40 13.730405380000
41 13.687880870000
42 13.683635890000
43 13.718443100000
44 13.794010260000
45 13.909217790000
46 14.061904160000
47 14.248252330000
48 14.461856970000
49 14.702785380000
50 14.948617560000
51 15.181701280000
52 15.365956730000
53 15.501395640000
54 15.586780010000
55 15.595810950000
56 15.532455120000
57 15.407789150000
58 15.239333450000
59 15.050072110000
60 14.842714520000
61 14.644175170000
62 14.450731410000
63 14.265704740000
64 14.109872020000
65 13.943600060000
66 13.776801520000
67 13.637000720000
68 13.537712740000
69 13.437773310000
70 13.337099710000
71 13.235611730000
72 13.131881200000
73 13.023466120000
74 12.930647160000
75 12.850233240000
76 12.780039190000
77 12.718949170000
78 12.666250430000
79 12.621422670000
80 12.584060720000
81 12.553865180000
82 12.530730690000
83 12.514735220000
84 12.505417480000
85 12.501294430000
86 12.500150470000
87 12.500000000000

[y]
1 27.000000000000
2 27.000000000000
3 27.000000000000
4 27.000057540000
5 27.000028550000
6 26.999168400000
7 26.995675580000
8 26.985211790000
9 26.962128410000
10 26.923844300000
11 26.869525810000
12 26.829959140000
13 26.787717610000
14 26.742786250000
15 26.695167510000
16 26.644864150000
17 26.591879250000
18 26.536216380000
19 26.477881600000
20 26.395618130000
21 26.308908090000
22 26.208136560000
23 26.081296800000
24 25.913580460000
25 25.668514250000
26 25.388829310000
27 25.096694720000
28 24.755351820000
29 24.437341740000
30 24.157207570000
31 23.925166530000
32 23.747992000000
33 23.629178780000
34 23.565629160000
35 23.560293490000
36 23.593440580000
37 23.647514880000
38 23.707793160000
39 23.760597710000
40 23.798740640000
41 23.819244130000
42 23.821321170000
43 23.804281880000
44 23.767289880000
45 23.710148760000
46 23.631325590000
47 23.527174560000
48 23.391345050000
49 23.206483000000
50 22.962175300000
51 22.650841950000
52 22.296034530000
53 21.875202270000
54 21.357023720000
55 20.784355150000
56 20.168101160000
57 19.513835310000
58 18.821541010000
59 18.086809310000
60 17.309209300000
61 16.481717470000
62 15.605678610000
63 14.680644960000
64 13.704013070000
65 12.682455040000
66 11.672414640000
67 10.705076380000
68 9.779499910000
69 8.900811650000
70 8.069060520000
71 7.284311170000
72 6.546810870000
73 5.857090630000
74 5.212078090000
75 4.612324250000
76 4.058172060000
77 3.549792030000
78 3.087291800000
79 2.670749870000
80 2.300228530000
81 1.975778090000
82 1.697433980000
83 1.465229470000
84 1.279256810000
85 1.139659510000
86 1.046557240000
87 1.000000000000

[theta]
1 3.140000000000
2 3.140000000000
3 3.140000000000
4 3.142002510000
5 3.149881830000
6 3.167448260000
7 3.198587520000
8 3.244389260000
9 3.285287800000
10 3.317102170000
11 3.335444730000
12 3.335434670000
13 3.335362540000
14 3.335286980000
15 3.335207390000
16 3.335123060000
17 3.335033070000
18 3.334936240000
19 3.334831050000
20 3.334800790000
21 3.355653390000
22 3.399748370000
23 3.469828000000
24 3.569338490000
25 3.659299820000
26 3.715943160000
27 3.742712000000
28 3.742789140000
29 3.709534380000
30 3.646955930000
31 3.558381800000
32 3.446597050000
33 3.313997630000
34 3.158069840000
35 3.021747250000
36 2.905048900000
37 2.807927300000
38 2.744756910000
39 2.709313340000
40 2.692327300000
41 2.686623100000
42 2.686342200000
43 2.686353410000
44 2.681156940000
45 2.665030060000
46 2.631932330000
47 2.575193430000
48 2.487111350000
49 2.359298570000
50 2.213434580000
51 2.049774750000
52 1.882160950000
53 1.734103140000
54 1.586562720000
55 1.468346410000
56 1.382508520000
57 1.332104230000
58 1.318685620000
59 1.310197270000
60 1.335318640000
61 1.353467900000
62 1.373380550000
63 1.412568570000
64 1.409447880000
65 1.407133000000
66 1.427268970000
67 1.463933400000
68 1.457545870000
69 1.450344110000
70 1.442184830000
71 1.431061520000
72 1.414885130000
73 1.427874990000
74 1.437513060000
75 1.444798110000
76 1.451203730000
77 1.457342440000
78 1.463590070000
79 1.470299820000
80 1.477996840000
81 1.487872080000
82 1.502019550000
83 1.520735280000
84 1.541269500000
85 1.558509780000
86 1.567564510000
87 1.570000000000

[v]
1 0.000000000000
2 0.000000000000
3 0.165774140000
4 0.329194230000
5 0.490297710000
6 0.648988450000
7 0.805071030000
8 0.976138390000
9 1.148906650000
10 1.323348760000
11 1.499563640000
12 1.602190040000
13 1.704734650000
14 1.807277740000
15 1.909818190000
16 2.012354620000
17 2.114885290000
18 2.217407820000
19 2.319915600000
20 2.458188590000
21 2.595699290000
22 2.732377580000
23 2.868043490000
24 2.998910970000
25 2.852069060000
26 2.703872790000
27 2.554993480000
28 2.378020150000
29 2.200848800000
30 2.023492300000
31 1.845939830000
32 1.668204480000
33 1.490395850000
34 1.304041470000
35 1.117831570000
36 0.931864460000
37 0.746192950000
38 0.561241930000
39 0.378708540000
40 0.198436200000
41 0.020040570000
42 -0.156783830000
43 -0.342136700000
44 -0.526537460000
45 -0.709680760000
46 -0.891239890000
47 -1.070850610000
48 -1.248101100000
49 -1.430543970000
50 -1.612204930000
51 -1.793082290000
52 -1.960256880000
53 -2.129349270000
54 -2.314266850000
55 -2.499816160000
56 -2.685611370000
57 -2.871535260000
58 -3.057539060000
59 -3.243545230000
60 -3.429507530000
61 -3.615452710000
62 -3.801351680000
63 -3.987163730000
64 -4.172574120000
65 -4.108801820000
66 -3.922552840000
67 -3.735982670000
68 -3.549312550000
69 -3.362595480000
70 -3.175849580000
71 -2.989084890000
72 -2.802303360000
73 -2.615519460000
74 -2.428725620000
75 -2.241923770000
76 -2.055115810000
77 -1.868302900000
78 -1.681485850000
79 -1.494665290000
80 -1.307841780000
81 -1.121015790000
82 -0.934187840000
83 -0.747358240000
84 -0.560526710000
85 -0.373691200000
86 -0.186849840000
87 0.000000000000

[a]
1 0.000000000000
2 0.749831910000
3 0.749821250000
4 0.749806080000
5 0.749784410000
6 0.749752610000
7 0.749735100000
8 0.749693840000
9 0.749649260000
10 0.749603970000
11 0.749276550000
12 0.749226200000
13 0.749169040000
14 0.749102750000
15 0.749024930000
16 0.748932310000
17 0.748820190000
18 0.748681690000
19 0.748837960000
20 0.748514930000
21 0.747875920000
22 0.746107970000
23 0.721437810000
24 -0.745398600000
25 -0.747884110000
26 -0.748630480000
27 -0.749188240000
28 -0.749378430000
29 -0.749500830000
30 -0.749587310000
31 -0.749652490000
32 -0.749703900000
33 -0.749759240000
34 -0.749789870000
35 -0.749813200000
36 -0.749831540000
37 -0.749843740000
38 -0.749850340000
39 -0.749854280000
40 -0.749856440000
41 -0.749857160000
42 -0.749864260000
43 -0.749862640000
44 -0.749859330000
45 -0.749854180000
46 -0.749846900000
47 -0.749837010000
48 -0.749831610000
49 -0.749819700000
50 -0.749806340000
51 -0.749779500000
52 -0.749769190000
53 -0.749770490000
54 -0.749748980000
55 -0.749721860000
56 -0.749687490000
57 -0.749643000000
58 -0.749583480000
59 -0.749500070000
60 -0.749374990000
61 -0.749166320000
62 -0.748748470000
63 -0.747494220000
64 0.257099360000
65 0.747528500000
66 0.748762250000
67 0.749174390000
68 0.749380560000
69 0.749504320000
70 0.749586850000
71 0.749645830000
72 0.749690030000
73 0.749724440000
74 0.749751980000
75 0.749774510000
76 0.749793290000
77 0.749809190000
78 0.749822810000
79 0.749834620000
80 0.749844950000
81 0.749854070000
82 0.749862170000
83 0.749869420000
84 0.749875950000
85 0.749881870000
86 0.749887250000
87 0.000000000000

[phy]
1 0.000000000000
2 0.000000000000
3 0.110400890000
4 0.219218280000
5 0.326450400000
6 0.431933940000
7 0.462590680000
8 0.348757750000
9 0.233653780000
10 0.117383390000
11 -0.000097950000
12 -0.000657800000
13 -0.000647690000
14 -0.000643410000
15 -0.000645140000
16 -0.000653300000
17 -0.000668780000
18 -0.000692980000
19 -0.000141270000
20 0.092089310000
21 0.183808400000
22 0.274960570000
23 0.365368170000
24 0.295628350000
25 0.197833210000
26 0.099238190000
27 0.000255590000
28 -0.117750350000
29 -0.235847380000
30 -0.354027170000
31 -0.472278480000
32 -0.590503150000
33 -0.699742860000
34 -0.699753190000
35 -0.699744160000
36 -0.699717200000
37 -0.601571140000
38 -0.478620650000
39 -0.357133200000
40 -0.237109270000
41 -0.118320880000
42 -0.000578440000
43 0.122903640000
44 0.245739420000
45 0.367713910000
46 0.488582100000
47 0.607994510000
48 0.699694940000
49 0.699673030000
50 0.699610170000
51 0.697787400000
52 0.590177760000
53 0.511918290000
54 0.391500020000
55 0.270334590000
56 0.150214820000
57 0.037643530000
58 0.022373070000
59 -0.062349530000
60 -0.042629890000
61 -0.044362230000
62 -0.082890420000
63 0.006310840000
64 0.004473050000
65 -0.039318500000
66 -0.074884930000
67 0.013722640000
68 0.016285550000
69 0.019474840000
70 0.028107060000
71 0.043413130000
72 -0.037192890000
73 -0.029571520000
74 -0.024073280000
75 -0.022931290000
76 -0.023972930000
77 -0.026836550000
78 -0.032020440000
79 -0.041313720000
80 -0.060537570000
81 -0.100960750000
82 -0.159454230000
83 -0.217080760000
84 -0.242059750000
85 -0.192099480000
86 -0.104244090000
87 0.000000000000

[w]
1 0.000000000000
2 0.499366880000
3 0.499287370000
4 0.499078560000
5 0.498390220000
6 0.147262520000
7 -0.498894370000
8 -0.499471040000
9 -0.499661510000
10 -0.499756220000
11 -0.004087440000
12 0.000073860000
13 0.000031240000
14 -0.000012570000
15 -0.000059630000
16 -0.000113120000
17 -0.000176710000
18 0.004029490000
19 0.499488430000
20 0.499256430000
21 0.498766250000
22 0.497205440000
23 -0.384457040000
24 -0.496427490000
25 -0.497567490000
26 -0.497727880000
27 -0.499559290000
28 -0.499512820000
29 -0.499422680000
30 -0.499230860000
31 -0.498648260000
32 -0.460592790000
33 -0.000041580000
34 0.000036390000
35 0.000108680000
36 0.396361440000
37 0.498476050000
38 0.499072550000
39 0.499247190000
40 0.499307290000
41 0.499308980000
42 0.499559590000
43 0.499509650000
44 0.499410620000
45 0.499195580000
46 0.498528300000
47 0.387924970000
48 -0.000090020000
49 -0.000259450000
50 -0.007564780000
51 -0.482630820000
52 -0.347007950000
53 -0.488249980000
54 -0.489593090000
55 -0.484708060000
56 -0.453917120000
57 -0.061537250000
58 -0.341422770000
59 0.079476970000
60 -0.006981150000
61 -0.155265910000
62 0.359444270000
63 -0.007409350000
64 -0.176544360000
65 -0.142749120000
66 0.355608440000
67 0.010285810000
68 0.012800090000
69 0.034645330000
70 0.061431280000
71 -0.323510800000
72 0.030589640000
73 0.022067940000
74 0.004583520000
75 -0.004180750000
76 -0.011493410000
77 -0.020806010000
78 -0.037299420000
79 -0.077156600000
80 -0.162242610000
81 -0.234770470000
82 -0.231291440000
83 -0.100256830000
84 0.200519730000
85 0.352605240000
86 0.418364630000
87 0.000000000000

[dt]
1 0.010855840000
2 0.221081730000
3 0.217945400000
4 0.214860200000
5 0.211648490000
6 0.208178780000
7 0.228170400000
8 0.230451750000
9 0.232698300000
10 0.235077310000
11 0.136967320000
12 0.136867360000
13 0.136875770000
14 0.136884360000
15 0.136893220000
16 0.136902440000
17 0.136912090000
18 0.136917700000
19 0.184650090000
20 0.183711370000
21 0.182755300000
22 0.181831470000
23 0.181397830000
24 0.196997820000
25 0.198154060000
26 0.198868880000
27 0.236220100000
28 0.236424410000
29 0.236632820000
30 0.236866970000
31 0.237090320000
32 0.237171810000
33 0.248552300000
34 0.248349440000
35 0.248017930000
36 0.247617630000
37 0.246652750000
38 0.243426430000
39 0.240409830000
40 0.237906380000
41 0.235810780000
42 0.247181890000
43 0.245912720000
44 0.244236880000
45 0.242125910000
46 0.239529860000
47 0.236385360000
48 0.243311780000
49 0.242272860000
50 0.241232100000
51 0.222965000000
52 0.225525930000
53 0.246632240000
54 0.247481910000
55 0.247818860000
56 0.248001860000
57 0.248123170000
58 0.248146030000
59 0.248115130000
60 0.248133690000
61 0.248141110000
62 0.248163520000
63 0.248042570000
64 0.248048610000
65 0.249153010000
66 0.249171440000
67 0.249167790000
68 0.249161870000
69 0.249159210000
70 0.249156830000
71 0.249159690000
72 0.249148170000
73 0.249150000000
74 0.249151520000
75 0.249152190000
76 0.249152550000
77 0.249152790000
78 0.249152940000
79 0.249152960000
80 0.249152830000
81 0.249152410000
82 0.249151920000
83 0.249152080000
84 0.249155220000
85 0.249161060000
86 0.249170580000

[s]
1 0.000000000000
2 0.000000000000
3 0.036129660000
4 0.070730640000
5 0.103770630000
6 0.135105460000
7 0.183693060000
8 0.224952380000
9 0.267348090000
10 0.311088620000
11 0.205391550000
12 0.219287840000
13 0.233337160000
14 0.247388330000
15 0.261441420000
16 0.275496500000
17 0.289553570000
18 0.303602570000
19 0.428372500000
20 0.451597070000
21 0.474377680000
22 0.496832110000
23 0.520256750000
24 0.590778620000
25 0.565148820000
26 0.537716000000
27 0.603540850000
28 0.562222040000
29 0.520793100000
30 0.479298520000
31 0.437654500000
32 0.395651130000
33 0.370441280000
34 0.323857940000
35 0.277242250000
36 0.230746060000
37 0.184050600000
38 0.136621210000
39 0.091045350000
40 0.047209330000
41 0.004725880000
42 -0.038754030000
43 -0.084135510000
44 -0.128599520000
45 -0.171831680000
46 -0.213478140000
47 -0.253132990000
48 -0.303677320000
49 -0.346581590000
50 -0.388915200000
51 -0.399795560000
52 -0.442088720000
53 -0.525165510000
54 -0.572739000000
55 -0.619501450000
56 -0.666036470000
57 -0.712494280000
58 -0.758716070000
59 -0.804772530000
60 -0.850976240000
61 -0.897142330000
62 -0.943356690000
63 -0.988986170000
64 -1.035001020000
65 -1.023720340000
66 -0.977388140000
67 -0.930886530000
68 -0.884353360000
69 -0.837821640000
70 -0.791284620000
71 -0.744759470000
72 -0.698188760000
73 -0.651656680000
74 -0.605120680000
75 -0.558580200000
76 -0.512037340000
77 -0.465492880000
78 -0.418947130000
79 -0.372400270000
80 -0.325852480000
81 -0.279303790000
82 -0.232754690000
83 -0.186205860000
84 -0.139658160000
85 -0.093109300000
86 -0.046557480000

[splus]
1 0.000000000000
2 0.000000000000
3 0.036129660000
4 0.070730640000
5 0.103770630000
6 0.135105460000
7 0.183693060000
8 0.224952380000
9 0.267348090000
10 0.311088620000
11 0.205391550000
12 0.219287840000
13 0.233337160000
14 0.247388330000
15 0.261441420000
16 0.275496500000
17 0.289553570000
18 0.303602570000
19 0.428372500000
20 0.451597070000
21 0.474377680000
22 0.496832110000
23 0.520256750000
24 0.590778620000
25 0.565148820000
26 0.537716000000
27 0.603540850000
28 0.562222040000
29 0.520793100000
30 0.479298520000
31 0.437654500000
32 0.395651130000
33 0.370441280000
34 0.323857940000
35 0.277242250000
36 0.230746060000
37 0.184050600000
38 0.136621210000
39 0.091045350000
40 0.047209330000
41 0.004725880000
42 0.000000000000
43 0.000000000000
44 0.000000000000
45 0.000000000000
46 0.000000000000
47 0.000000000000
48 0.000000000000
49 0.000000000000
50 0.000000000000
51 0.000000000000
52 0.000000000000
53 0.000000000000
54 0.000000000000
55 0.000000000000
56 0.000000000000
57 0.000000000000
58 0.000000000000
59 0.000000000000
60 0.000000000000
61 0.000000000000
62 0.000000000000
63 0.000000000000
64 0.000000000000
65 0.000000000000
66 0.000000000000
67 0.000000000000
68 0.000000000000
69 0.000000000000
70 0.000000000000
71 0.000000000000
72 0.000000000000
73 0.000000000000
74 0.000000000000
75 0.000000000000
76 0.000000000000
77 0.000000000000
78 0.000000000000
79 0.000000000000
80 0.000000000000
81 0.000000000000
82 0.000000000000
83 0.000000000000
84 0.000000000000
85 0.000000000000
86 0.000000000000

[sminus]
1 0.000000000000
2 0.000000000000
3 -0.000000000000
4 0.000000000000
5 0.000000000000
6 0.000000000000
7 0.000000000000
8 0.000000000000
9 0.000000000000
10 0.000000000000
11 0.000000000000
12 0.000000000000
13 0.000000000000
14 0.000000000000
15 0.000000000000
16 0.000000000000
17 0.000000000000
18 0.000000000000
19 0.000000000000
20 0.000000000000
21 0.000000000000
22 0.000000000000
23 0.000000000000
24 0.000000000000
25 0.000000000000
26 0.000000000000
27 0.000000000000
28 0.000000000000
29 0.000000000000
30 0.000000000000
31 0.000000000000
32 0.000000000000
33 0.000000000000
34 0.000000000000
35 0.000000000000
36 0.000000000000
37 0.000000000000
38 0.000000000000
39 0.000000000000
40 0.000000000000
41 0.000000000000
42 0.038754030000
43 0.084135510000
44 0.128599520000
45 0.171831680000
46 0.213478140000
47 0.253132990000
48 0.303677320000
49 0.346581590000
50 0.388915200000
51 0.399795560000
52 0.442088720000
53 0.525165510000
54 0.572739000000
55 0.619501450000
56 0.666036470000
57 0.712494280000
58 0.758716070000
59 0.804772530000
60 0.850976240000
61 0.897142330000
62 0.943356690000
63 0.988986170000
64 1.035001020000
65 1.023720340000
66 0.977388140000
67 0.930886530000
68 0.884353360000
69 0.837821640000
70 0.791284620000
71 0.744759470000
72 0.698188760000
73 0.651656680000
74 0.605120680000
75 0.558580200000
76 0.512037340000
77 0.465492880000
78 0.418947130000
79 0.372400270000
80 0.325852480000
81 0.279303790000
82 0.232754690000
83 0.186205860000
84 0.139658160000
85 0.093109300000
86 0.046557480000

[k]
1 0.000000000000
2 0.000000000000
3 0.055425810000
4 0.111399370000
5 0.169281780000
6 0.230481830000
7 0.249339600000
8 0.181810620000
9 0.119000370000
10 0.058962760000
11 -0.000048980000
12 -0.000328900000
13 -0.000323840000
14 -0.000321710000
15 -0.000322570000
16 -0.000326650000
17 -0.000334390000
18 -0.000346490000
19 -0.000070630000
20 0.046175260000
21 0.092953390000
22 0.141053020000
23 0.191272010000
24 0.152276330000
25 0.100227590000
26 0.049782620000
27 0.000127800000
28 -0.059148800000
29 -0.120159920000
30 -0.184799510000
31 -0.255417800000
32 -0.335142280000
33 -0.420924450000
34 -0.420933280000
35 -0.420925560000
36 -0.420902530000
37 -0.343222850000
38 -0.259429430000
39 -0.186566700000
40 -0.120827500000
41 -0.059438070000
42 -0.000289220000
43 0.061763120000
44 0.125404230000
45 0.192617720000
46 0.265784040000
47 0.347968770000
48 0.420883510000
49 0.420864800000
50 0.420811110000
51 0.419249900000
52 0.334902810000
53 0.280939780000
54 0.206404590000
55 0.138559090000
56 0.075677400000
57 0.018830120000
58 0.011188380000
59 -0.031215210000
60 -0.021327860000
61 -0.022195680000
62 -0.041540270000
63 0.003155460000
64 0.002236540000
65 -0.019669380000
66 -0.037512580000
67 0.006861750000
68 0.008143490000
69 0.009738650000
70 0.014057230000
71 0.021720180000
72 -0.018605010000
73 -0.014790060000
74 -0.012038960000
75 -0.011467650000
76 -0.011988760000
77 -0.013421490000
78 -0.016015690000
79 -0.020668600000
80 -0.030305730000
81 -0.050652510000
82 -0.080409740000
83 -0.110277220000
84 -0.123446760000
85 -0.097248480000
86 -0.052311640000

[up]
1 0.000000000000
2 0.000000000000
3 0.038052070000
4 0.078294790000
5 0.120634400000
6 0.164999160000
7 0.227662730000
8 0.264214970000
9 0.297889880000
10 0.328697470000
11 0.205401210000
12 0.219357070000
13 0.233409710000
14 0.247464740000
15 0.261522380000
16 0.275582890000
17 0.289646520000
18 0.303703560000
19 0.428401550000
20 0.471615570000
21 0.516708860000
22 0.564108550000
23 0.615786820000
24 0.677141490000
25 0.619526430000
26 0.563414090000
27 0.603614890000
28 0.594146600000
29 0.580868410000
30 0.564329690000
31 0.544967850000
32 0.522946580000
33 0.520131960000
34 0.454727630000
35 0.389272670000
36 0.323982800000
37 0.244694170000
38 0.170647040000
39 0.107351950000
40 0.052685360000
41 0.004995540000
42 0.000000000000
43 0.000000000000
44 0.000000000000
45 0.000000000000
46 0.000000000000
47 0.000000000000
48 0.000000000000
49 0.000000000000
50 0.000000000000
51 0.000000000000
52 0.000000000000
53 0.000000000000
54 0.000000000000
55 0.000000000000
56 0.000000000000
57 0.000000000000
58 0.000000000000
59 0.000000000000
60 0.000000000000
61 0.000000000000
62 0.000000000000
63 0.000000000000
64 0.000000000000
65 0.000000000000
66 0.000000000000
67 0.000000000000
68 0.000000000000
69 0.000000000000
70 0.000000000000
71 0.000000000000
72 0.000000000000
73 0.000000000000
74 0.000000000000
75 0.000000000000
76 0.000000000000
77 0.000000000000
78 0.000000000000
79 0.000000000000
80 0.000000000000
81 0.000000000000
82 0.000000000000
83 0.000000000000
84 0.000000000000
85 -0.000000000000
86 0.000000000000

[down]
1 0.000000000000
2 0.000000000000
3 -0.000000000000
4 0.000000000000
5 0.000000000000
6 0.000000000000
7 -0.000000000000
8 0.000000000000
9 -0.000000000000
10 0.000000000000
11 -0.000000000000
12 0.000000000000
13 0.000000000000
14 0.000000000000
15 0.000000000000
16 0.000000000000
17 -0.000000000000
18 0.000000000000
19 0.000000000000
20 0.000000000000
21 -0.000000000000
22 0.000000000000
23 0.000000000000
24 0.000000000000
25 0.000000000000
26 0.000000000000
27 0.000000000000
28 0.000000000000
29 0.000000000000
30 0.000000000000
31 -0.000000000000
32 0.000000000000
33 -0.000000000000
34 0.000000000000
35 0.000000000000
36 0.000000000000
37 0.000000000000
38 0.000000000000
39 -0.000000000000
40 0.000000000000
41 -0.000000000000
42 0.038764790000
43 0.089124120000
44 0.144081330000
45 0.203605500000
46 0.267947490000
47 0.337691800000
48 0.426377590000
49 0.486611020000
50 0.546028640000
51 0.560704860000
52 0.584224170000
53 0.666804480000
54 0.686226720000
55 0.701905860000
56 0.714424610000
57 0.725376140000
58 0.766864880000
59 0.828889040000
60 0.868399530000
61 0.916258470000
62 0.980977200000
63 0.991982030000
64 1.037223310000
65 1.043050870000
66 1.012585990000
67 0.937018560000
68 0.891267050000
69 0.845654560000
70 0.801963000000
71 0.760288800000
72 0.710659020000
73 0.660909230000
74 0.612114330000
75 0.564729600000
76 0.517930510000
77 0.471490600000
78 0.425388490000
79 0.379789420000
80 0.335332710000
81 0.292885360000
82 0.250721790000
83 0.205918710000
84 0.156208820000
85 0.101801830000
86 0.048895560000

[left]
1 0.000000000000
2 0.000000000000
3 0.005963600000
4 0.023601450000
5 0.052908050000
6 0.094275750000
7 0.139779810000
8 0.125659720000
9 0.098423240000
10 0.057147010000
11 0.000009350000
12 0.000067000000
13 0.000070200000
14 0.000073940000
15 0.000078340000
16 0.000083600000
17 0.000089950000
18 0.000097730000
19 0.000028110000
20 0.066432170000
21 0.140979970000
22 0.224844560000
23 0.320436510000
24 0.292858960000
25 0.183670160000
26 0.086432750000
27 0.000251580000
28 0.030893670000
29 0.058135380000
30 0.082285360000
31 0.103848030000
32 0.123184860000
33 0.144856920000
34 0.126643680000
35 0.108412770000
36 0.090225970000
37 0.058685290000
38 0.032927080000
39 0.015780030000
40 0.005299200000
41 0.000260960000
42 0.000033180000
43 0.005046110000
44 0.016018810000
45 0.033591370000
46 0.058766630000
47 0.092976390000
48 0.138144880000
49 0.160784410000
50 0.183864740000
51 0.189218810000
52 0.170273180000
53 0.175806820000
54 0.143676640000
55 0.106331870000
56 0.063611260000
57 0.017247020000
58 0.011105620000
59 0.074359240000
60 0.053721820000
61 0.058941430000
62 0.115996570000
63 0.004442280000
64 0.003348510000
65 0.059602480000
66 0.108526710000
67 0.008907060000
68 0.009874890000
69 0.010998000000
70 0.014734420000
71 0.021051650000
72 0.038449980000
73 0.028528700000
74 0.021563740000
75 0.018960640000
76 0.018170590000
77 0.018492980000
78 0.019860850000
79 0.022783180000
80 0.029230720000
81 0.041876500000
82 0.055398570000
83 0.060781290000
84 0.051031220000
85 0.026801970000
86 0.007209070000

[right]
1 0.000000000000
2 0.000000000000
3 0.001860330000
4 0.007319890000
5 0.016319210000
6 0.028928380000
7 0.042549810000
8 0.037994740000
9 0.029555550000
10 0.017040230000
11 0.000030810000
12 0.000221390000
13 0.000232490000
14 0.000245420000
15 0.000260650000
16 0.000278770000
17 0.000300620000
18 0.000327350000
19 0.000096040000
20 0.019372060000
21 0.040964240000
22 0.065103970000
23 0.092445250000
24 0.083574070000
25 0.052621670000
26 0.024868260000
27 0.000071650000
28 0.107782360000
29 0.201527430000
30 0.283406140000
31 0.355344400000
32 0.418725850000
33 0.490427300000
34 0.425589430000
35 0.361603970000
36 0.298685150000
37 0.192797610000
38 0.107334150000
39 0.051051930000
40 0.017019060000
41 0.000832130000
42 0.000010630000
43 0.015381530000
44 0.047735570000
45 0.097969280000
46 0.167947160000
47 0.260722980000
48 0.378325820000
49 0.431757410000
50 0.484433110000
51 0.496136980000
52 0.438250990000
53 0.436720170000
54 0.349920480000
55 0.254080270000
56 0.149196740000
57 0.039719070000
58 0.025125510000
59 0.033446320000
60 0.024582850000
61 0.027431060000
62 0.054890160000
63 0.009237250000
64 0.006852050000
65 0.029013140000
66 0.051978980000
67 0.018907100000
68 0.021317190000
69 0.024151480000
70 0.032924990000
71 0.047882110000
72 0.016602280000
73 0.012094140000
74 0.008971980000
75 0.007739860000
76 0.007274490000
77 0.007258170000
78 0.007638870000
79 0.008583720000
80 0.010783040000
81 0.015118720000
82 0.019565000000
83 0.020988080000
84 0.017220080000
85 0.008833370000
86 0.002319270000
