  0.00000000
  0.00000000
  0.11040089
  0.21921828
  0.32645040
  0.43193394
  0.46259068
  0.34875775
  0.23365378
  0.11738339
 -0.00009795
 -0.00065780
 -0.00064769
 -0.00064341
 -0.00064514
 -0.00065330
 -0.00066878
 -0.00069298
 -0.00014127
  0.09208931
  0.18380840
  0.27496057
  0.36536817
  0.29562835
  0.19783321
  0.09923819
  0.00025559
 -0.11775035
 -0.23584738
 -0.35402717
 -0.47227848
 -0.59050315
 -0.69974286
 -0.69975319
 -0.69974416
 -0.69971720
 -0.60157114
 -0.47862065
 -0.35713320
 -0.23710927
 -0.11832088
 -0.00057844
  0.12290364
  0.24573942
  0.36771391
  0.48858210
  0.60799451
  0.69969494
  0.69967303
  0.69961017
  0.69778740
  0.59017776
  0.51191829
  0.39150002
  0.27033459
  0.15021482
  0.03764353
  0.02237307
 -0.06234953
 -0.04262989
 -0.04436223
 -0.08289042
  0.00631084
  0.00447305
 -0.03931850
 -0.07488493
  0.01372264
  0.01628555
  0.01947484
  0.02810706
  0.04341313
 -0.03719289
 -0.02957152
 -0.02407328
 -0.02293129
 -0.02397293
 -0.02683655
 -0.03202044
 -0.04131372
 -0.06053757
 -0.10096075
 -0.15945423
 -0.21708076
 -0.24205975
 -0.19209948
 -0.10424409
  0.00000000
