  0.00000000
  0.00000000
  0.00186033
  0.00731989
  0.01631921
  0.02892838
  0.04254981
  0.03799474
  0.02955555
  0.01704023
  0.00003081
  0.00022139
  0.00023249
  0.00024542
  0.00026065
  0.00027877
  0.00030062
  0.00032735
  0.00009604
  0.01937206
  0.04096424
  0.06510397
  0.09244525
  0.08357407
  0.05262167
  0.02486826
  0.00007165
  0.10778236
  0.20152743
  0.28340614
  0.35534440
  0.41872585
  0.49042730
  0.42558943
  0.36160397
  0.29868515
  0.19279761
  0.10733415
  0.05105193
  0.01701906
  0.00083213
  0.00001063
  0.01538153
  0.04773557
  0.09796928
  0.16794716
  0.26072298
  0.37832582
  0.43175741
  0.48443311
  0.49613698
  0.43825099
  0.43672017
  0.34992048
  0.25408027
  0.14919674
  0.03971907
  0.02512551
  0.03344632
  0.02458285
  0.02743106
  0.05489016
  0.00923725
  0.00685205
  0.02901314
  0.05197898
  0.01890710
  0.02131719
  0.02415148
  0.03292499
  0.04788211
  0.01660228
  0.01209414
  0.00897198
  0.00773986
  0.00727449
  0.00725817
  0.00763887
  0.00858372
  0.01078304
  0.01511872
  0.01956500
  0.02098808
  0.01722008
  0.00883337
  0.00231927
