  0.00000000
  0.00000000
  0.03612966
  0.07073064
  0.10377063
  0.13510546
  0.18369306
  0.22495238
  0.26734809
  0.31108862
  0.20539155
  0.21928784
  0.23333716
  0.24738833
  0.26144142
  0.27549650
  0.28955357
  0.30360257
  0.42837250
  0.45159707
  0.47437768
  0.49683211
  0.52025675
  0.59077862
  0.56514882
  0.53771600
  0.60354085
  0.56222204
  0.52079310
  0.47929852
  0.43765450
  0.39565113
  0.37044128
  0.32385794
  0.27724225
  0.23074606
  0.18405060
  0.13662121
  0.09104535
  0.04720933
  0.00472588
 -0.03875403
 -0.08413551
 -0.12859952
 -0.17183168
 -0.21347814
 -0.25313299
 -0.30367732
 -0.34658159
 -0.38891520
 -0.39979556
 -0.44208872
 -0.52516551
 -0.57273900
 -0.61950145
 -0.66603647
 -0.71249428
 -0.75871607
 -0.80477253
 -0.85097624
 -0.89714233
 -0.94335669
 -0.98898617
 -1.03500102
 -1.02372034
 -0.97738814
 -0.93088653
 -0.88435336
 -0.83782164
 -0.79128462
 -0.74475947
 -0.69818876
 -0.65165668
 -0.60512068
 -0.55858020
 -0.51203734
 -0.46549288
 -0.41894713
 -0.37240027
 -0.32585248
 -0.27930379
 -0.23275469
 -0.18620586
 -0.13965816
 -0.09310930
 -0.04655748
