  0.00000000
  0.00000000
  0.03612966
  0.07073064
  0.10377063
  0.13510546
  0.18369306
  0.22495238
  0.26734809
  0.31108862
  0.20539155
  0.21928784
  0.23333716
  0.24738833
  0.26144142
  0.27549650
  0.28955357
  0.30360257
  0.42837250
  0.45159707
  0.47437768
  0.49683211
  0.52025675
  0.59077862
  0.56514882
  0.53771600
  0.60354085
  0.56222204
  0.52079310
  0.47929852
  0.43765450
  0.39565113
  0.37044128
  0.32385794
  0.27724225
  0.23074606
  0.18405060
  0.13662121
  0.09104535
  0.04720933
  0.00472588
  0.00000000
  0.00000000
  0.00000000
  0.00000000
  0.00000000
  0.00000000
  0.00000000
  0.00000000
  0.00000000
  0.00000000
  0.00000000
  0.00000000
  0.00000000
  0.00000000
  0.00000000
  0.00000000
  0.00000000
  0.00000000
  0.00000000
  0.00000000
  0.00000000
  0.00000000
  0.00000000
  0.00000000
  0.00000000
  0.00000000
  0.00000000
  0.00000000
  0.00000000
  0.00000000
  0.00000000
  0.00000000
  0.00000000
  0.00000000
  0.00000000
  0.00000000
  0.00000000
  0.00000000
  0.00000000
  0.00000000
  0.00000000
  0.00000000
  0.00000000
  0.00000000
  0.00000000
