  0.00000000
  0.00000000
  0.16577414
  0.32919423
  0.49029771
  0.64898845
  0.80507103
  0.97613839
  1.14890665
  1.32334876
  1.49956364
  1.60219004
  1.70473465
  1.80727774
  1.90981819
  2.01235462
  2.11488529
  2.21740782
  2.31991560
  2.45818859
  2.59569929
  2.73237758
  2.86804349
  2.99891097
  2.85206906
  2.70387279
  2.55499348
  2.37802015
  2.20084880
  2.02349230
  1.84593983
  1.66820448
  1.49039585
  1.30404147
  1.11783157
  0.93186446
  0.74619295
  0.56124193
  0.37870854
  0.19843620
  0.02004057
 -0.15678383
 -0.34213670
 -0.52653746
 -0.70968076
 -0.89123989
 -1.07085061
 -1.24810110
 -1.43054397
 -1.61220493
 -1.79308229
 -1.96025688
 -2.12934927
 -2.31426685
 -2.49981616
 -2.68561137
 -2.87153526
 -3.05753906
 -3.24354523
 -3.42950753
 -3.61545271
 -3.80135168
 -3.98716373
 -4.17257412
 -4.10880182
 -3.92255284
 -3.73598267
 -3.54931255
 -3.36259548
 -3.17584958
 -2.98908489
 -2.80230336
 -2.61551946
 -2.42872562
 -2.24192377
 -2.05511581
 -1.86830290
 -1.68148585
 -1.49466529
 -1.30784178
 -1.12101579
 -0.93418784
 -0.74735824
 -0.56052671
 -0.37369120
 -0.18684984
  0.00000000
