 25.00000000
 25.00000000
 25.00000000
 24.96387039
 24.89313976
 24.78937269
 24.65431238
 24.47091758
 24.24715266
 23.98255986
 23.67625008
 23.47470555
 23.25952460
 23.03055420
 22.78779200
 22.53123551
 22.26088209
 21.97672901
 21.67878332
 21.25838369
 20.81518912
 20.35163821
 19.87126956
 19.37878746
 18.84123519
 18.35014428
 17.89870576
 17.40096306
 16.93732068
 16.49828628
 16.07890002
 15.67871089
 15.30132008
 14.93636976
 14.61255519
 14.33730115
 14.11298022
 13.93908011
 13.81307579
 13.73040538
 13.68788087
 13.68363589
 13.71844310
 13.79401026
 13.90921779
 14.06190416
 14.24825233
 14.46185697
 14.70278538
 14.94861756
 15.18170128
 15.36595673
 15.50139564
 15.58678001
 15.59581095
 15.53245512
 15.40778915
 15.23933345
 15.05007211
 14.84271452
 14.64417517
 14.45073141
 14.26570474
 14.10987202
 13.94360006
 13.77680152
 13.63700072
 13.53771274
 13.43777331
 13.33709971
 13.23561173
 13.13188120
 13.02346612
 12.93064716
 12.85023324
 12.78003919
 12.71894917
 12.66625043
 12.62142267
 12.58406072
 12.55386518
 12.53073069
 12.51473522
 12.50541748
 12.50129443
 12.50015047
 12.50000000
