 27.00000000
 27.00000000
 27.00000000
 27.00005754
 27.00002855
 26.99916840
 26.99567558
 26.98521179
 26.96212841
 26.92384430
 26.86952581
 26.82995914
 26.78771761
 26.74278625
 26.69516751
 26.64486415
 26.59187925
 26.53621638
 26.47788160
 26.39561813
 26.30890809
 26.20813656
 26.08129680
 25.91358046
 25.66851425
 25.38882931
 25.09669472
 24.75535182
 24.43734174
 24.15720757
 23.92516653
 23.74799200
 23.62917878
 23.56562916
 23.56029349
 23.59344058
 23.64751488
 23.70779316
 23.76059771
 23.79874064
 23.81924413
 23.82132117
 23.80428188
 23.76728988
 23.71014876
 23.63132559
 23.52717456
 23.39134505
 23.20648300
 22.96217530
 22.65084195
 22.29603453
 21.87520227
 21.35702372
 20.78435515
 20.16810116
 19.51383531
 18.82154101
 18.08680931
 17.30920930
 16.48171747
 15.60567861
 14.68064496
 13.70401307
 12.68245504
 11.67241464
 10.70507638
  9.77949991
  8.90081165
  8.06906052
  7.28431117
  6.54681087
  5.85709063
  5.21207809
  4.61232425
  4.05817206
  3.54979203
  3.08729180
  2.67074987
  2.30022853
  1.97577809
  1.69743398
  1.46522947
  1.27925681
  1.13965951
  1.04655724
  1.00000000
