param dmin := 0.010000000000;
param Nedge :=
1 4
2 4
3 3
4 3
;
param ObsA :=
1 1 1 -1.000000000000
1 1 2 -0.000000000000
1 2 1 0.000000000000
1 2 2 -1.000000000000
1 3 1 0.999998297958
1 3 2 0.001845015310
1 4 1 -0.011763891800
1 4 2 0.999930803031
2 1 1 -1.000000000000
2 1 2 0.000000000000
2 2 1 -0.000000000000
2 2 2 1.000000000000
2 3 1 0.999998660673
2 3 2 0.001636659019
2 4 1 -0.021500405152
2 4 2 -0.999768839572
3 1 1 0.152660925897
3 1 2 0.988278625543
3 2 1 0.224859506699
3 2 2 -0.974391195695
3 3 1 -0.999944602942
3 3 2 0.010525732663
3 4 1 0.000000000000
3 4 2 0.000000000000
4 1 1 -0.932095276623
4 1 2 0.362213190397
4 2 1 0.568431869955
4 2 2 -0.822730338093
4 3 1 0.014998312785
4 3 2 0.999887518981
4 4 1 0.000000000000
4 4 2 0.000000000000
;
param Obsb :=
1 1 -6.161369193154
1 2 -9.700488997555
1 3 9.333285118487
1 4 29.467038924895
2 1 -16.870415647922
2 2 22.683374083130
2 3 20.281596612274
2 4 -0.711050990680
3 1 19.161586201025
3 2 -9.000804825285
3 3 -20.154372167018
3 4 0.000000000000
4 1 -5.336213426205
4 2 -11.963628652889
4 3 30.269656079709
4 4 0.000000000000
;
