  0.00000000
  0.74997810
  0.74997737
  0.74997659
  0.74997572
  0.74997473
  0.74997363
  0.74997241
  0.74997108
  0.74996960
  0.74996802
  0.74996617
  0.74996402
  0.74996147
  0.74995856
  0.74995512
  0.74995142
  0.74994704
  0.74994205
  0.74993631
  0.74992987
  0.74992268
  0.74991471
  0.74990599
  0.74989616
  0.74988576
  0.74987458
  0.74986271
  0.74985014
  0.74983689
  0.74982301
  0.74980837
  0.74979267
  0.74977549
  0.74975654
  0.74973592
  0.74971441
  0.74969344
  0.74967493
  0.74966066
  0.74965212
  0.74964791
  0.74964144
  0.74963059
  0.74959942
  0.74950539
  0.74915112
  0.55336812
 -0.00001617
  0.00005497
 -0.00009478
  0.00010325
 -0.00000285
  0.00002343
 -0.00011138
  0.00005508
 -0.00015564
 -0.00036376
 -0.00081086
 -0.00608369
  0.00850644
 -0.00434258
 -0.00197173
 -0.00460100
 -0.00279809
  0.01782943
 -0.01525543
  0.00027343
  0.00191267
  0.00166849
  0.00080257
  0.00030443
  0.00021061
  0.00035908
  0.00045033
 -0.00004392
 -0.00130456
 -0.00040095
  0.00093440
  0.00129063
  0.00427221
 -0.00187916
  0.00046146
  0.00209431
  0.00167653
  0.00129697
  0.00116012
  0.00073180
  0.00042666
  0.00028175
  0.00011798
  0.00008064
  0.00001484
  0.00000529
  0.00000545
  0.00002399
 -0.00002904
  0.00008376
 -0.00017001
  0.00010511
  0.00000383
  0.00000801
 -0.00000081
 -0.00001784
 -0.00008544
 -0.21504709
 -0.74942032
 -0.74969325
 -0.74979489
 -0.74984556
 -0.74987547
 -0.74989624
 -0.74991160
 -0.74992259
 -0.74993182
 -0.74993960
 -0.74994612
 -0.74995077
 -0.74995305
 -0.74995647
 -0.74995888
 -0.74996102
 -0.74996309
 -0.74996451
 -0.74996811
 -0.74996729
 -0.74996905
 -0.74997002
 -0.74997155
 -0.74997395
 -0.74997785
 -0.74997851
 -0.74997885
 -0.74997888
 -0.74997864
 -0.74996262
 -0.74995583
 -0.74995556
 -0.74995723
 -0.74995839
 -0.74995859
 -0.74995735
 -0.74995366
 -0.74994633
 -0.74993511
 -0.74991020
 -0.74985316
 -0.74971585
 -0.74905021
  0.74848268
  0.74972470
  0.74976452
  0.74989181
  0.74991727
  0.74995285
  0.74993281
  0.74996886
  0.74997358
  0.74997192
  0.74997938
  0.74947224
  0.00000000
