  0.00000000
  0.00000000
 -0.06373679
 -0.12467022
 -0.17985964
 -0.22585293
 -0.25896121
 -0.27635821
 -0.27776329
 -0.26565086
 -0.24328245
 -0.21218208
 -0.17784522
 -0.14297327
 -0.10937807
 -0.07772642
 -0.04969297
 -0.02435457
 -0.00214249
  0.01676273
  0.03209788
  0.04409061
  0.05309856
  0.05947824
  0.06337184
  0.06600739
  0.06834264
  0.07049993
  0.07263777
  0.07496174
  0.07768252
  0.08106695
  0.08551462
  0.09155721
  0.09970787
  0.11019706
  0.12281693
  0.13707281
  0.15247406
  0.16865811
  0.18526600
  0.20149891
  0.21781097
  0.23444748
  0.25290854
  0.27692813
  0.31166797
  0.34698248
  0.35861361
  0.44672758
  0.55111623
  0.62388437
  0.55035214
  0.57666492
  0.64106001
  0.56433138
  0.47008991
  0.37470441
  0.30209908
  0.25208230
  0.21988878
  0.20460836
  0.18840801
  0.17410613
  0.16073195
  0.14822710
  0.13630634
  0.12252823
  0.11106554
  0.09979803
  0.08851134
  0.07709681
  0.06545696
  0.05350544
  0.04117489
  0.02842498
  0.01524987
  0.00170000
 -0.01208067
 -0.02625410
 -0.04111996
 -0.05687697
 -0.07391469
 -0.09179043
 -0.11103618
 -0.13251650
 -0.15744358
 -0.18760917
 -0.22521077
 -0.27047412
 -0.32071548
 -0.37444278
 -0.42125333
 -0.44789519
 -0.48502807
 -0.51382150
 -0.53132327
 -0.62209031
 -0.63687352
 -0.51231540
 -0.41659958
 -0.30806632
 -0.19993960
 -0.09190090
  0.01129864
  0.08409752
  0.11102471
  0.14479848
  0.12971169
  0.08177379
  0.01660940
 -0.05528110
 -0.13023252
 -0.20714167
 -0.28217383
 -0.34911889
 -0.43136382
 -0.53735013
 -0.64355007
 -0.69884199
 -0.69967912
 -0.69984641
 -0.69990429
 -0.69992915
 -0.69994602
 -0.69994918
 -0.69995314
 -0.69995387
 -0.69995391
 -0.69995424
 -0.64303548
 -0.51812499
 -0.39319541
 -0.26827733
 -0.14342209
 -0.01976675
  0.05874083
  0.12358928
  0.18947322
  0.26030411
  0.33711546
  0.42032180
  0.50956666
  0.60297137
  0.69789365
  0.69992786
  0.69990876
  0.69987428
  0.69977801
  0.69986597
  0.69982076
  0.69973168
  0.69973407
  0.69970452
  0.67338631
  0.55791362
  0.48520145
  0.36078948
  0.23690084
  0.12804467
  0.00493465
  0.00000000
