  0.00000000
 -0.30764293
 -0.29421197
 -0.26668709
 -0.22272028
 -0.16096678
 -0.08505416
 -0.00691392
  0.06003141
  0.11181556
  0.15672132
  0.17529786
  0.18104524
  0.17839204
  0.17250970
  0.15787019
  0.14726241
  0.13408644
  0.11898015
  0.10106385
  0.08292428
  0.06544400
  0.04872788
  0.03125039
  0.02227890
  0.02070960
  0.02003124
  0.02071226
  0.02342284
  0.02842801
  0.03651759
  0.04939454
  0.06893736
  0.09547793
  0.12616933
  0.15565944
  0.17941090
  0.19569429
  0.20417109
  0.20339523
  0.18758801
  0.17285314
  0.15888204
  0.15452488
  0.17338810
  0.21699811
  0.19340992
  0.06129036
  0.40079489
  0.48715752
  0.31114607
 -0.36634237
  0.11383164
  0.28003784
 -0.32007208
 -0.47476338
 -0.44820450
 -0.42125162
 -0.39437488
 -0.37047300
 -0.31228898
 -0.32636444
 -0.32153861
 -0.32064397
 -0.31834002
 -0.31670257
 -0.33307771
 -0.31862605
 -0.31957798
 -0.32277238
 -0.32750714
 -0.33377015
 -0.34137174
 -0.34988445
 -0.35871261
 -0.36720316
 -0.37464684
 -0.38026780
 -0.38579903
 -0.39191027
 -0.39805646
 -0.40420722
 -0.40652460
 -0.40881179
 -0.41123654
 -0.41310757
 -0.41334489
 -0.40974451
 -0.39539721
 -0.35791512
 -0.31259022
 -0.24107067
 -0.12335707
 -0.16789020
 -0.12899894
 -0.07745496
 -0.38660935
 -0.06633909
  0.49848956
  0.49886714
  0.49858937
  0.49702911
  0.49069465
  0.46777143
  0.33903991
  0.14148869
  0.14677029
 -0.06790532
 -0.21516165
 -0.29265509
 -0.32441573
 -0.33761107
 -0.34424428
 -0.33594272
 -0.29719960
 -0.36000119
 -0.45672707
 -0.45897544
 -0.24621650
 -0.00371370
 -0.00075118
 -0.00026250
 -0.00011329
 -0.00007809
 -0.00001386
 -0.00001874
 -0.00000340
 -0.00000018
 -0.00000153
  0.25695808
  0.49981310
  0.49989237
  0.49991700
  0.49992763
  0.49993260
  0.49988217
  0.49986302
  0.49986316
  0.49986834
  0.49987008
  0.49986578
  0.49985080
  0.49981110
  0.49968811
  0.01021018
 -0.00009886
 -0.00020382
 -0.00067527
  0.00087728
 -0.00024347
 -0.00048873
  0.00002006
 -0.00016297
 -0.14853578
 -0.49850906
 -0.49868348
 -0.49947381
 -0.49957212
 -0.49955391
 -0.49965181
 -0.48999545
  0.00000000
