  1.54641092
  1.54641092
  1.54641092
  1.54653904
  1.54702203
  1.54800764
  1.54952887
  1.55148525
  1.55364791
  1.55568855
  1.55722266
  1.55785481
  1.55721812
  1.55500604
  1.55099728
  1.54507540
  1.53724838
  1.52768590
  1.51682445
  1.50504340
  1.49269316
  1.48014297
  1.46780272
  1.45587643
  1.44455850
  1.43404836
  1.42426606
  1.41504284
  1.40623166
  1.39767821
  1.38926086
  1.38094406
  1.37279223
  1.36497234
  1.35767631
  1.35113455
  1.34548202
  1.34041689
  1.33466537
  1.32465416
  1.30448605
  1.26670995
  1.20421758
  1.11040356
  0.97968066
  0.83980648
  0.68939567
  0.50651004
  0.33743993
  0.20925212
  0.11965688
  0.06689017
  0.04692508
  0.05251868
  0.07164219
  0.08167590
  0.06455709
  0.01278163
 -0.07694842
 -0.20712965
 -0.38115736
 -0.60433526
 -0.89001592
 -1.09538992
 -1.26176131
 -1.38943114
 -1.47921531
 -1.53228842
 -1.55035581
 -1.53662655
 -1.50029834
 -1.48856948
 -1.51005435
 -1.56698595
 -1.66094317
 -1.79417216
 -1.97210396
 -2.19433794
 -2.46660252
 -2.77650392
 -3.05107980
 -3.28138870
 -3.46845643
 -3.61294207
 -3.71548807
 -3.78094867
 -3.81366086
 -3.82048756
 -3.81719266
 -3.82638390
 -3.84919444
 -3.90334537
 -3.98657516
 -4.09721880
 -4.23407143
 -4.39615399
 -4.58739305
 -4.76311338
 -4.92307365
 -5.06759467
 -5.19723096
 -5.31249671
 -5.41386267
 -5.50751671
 -5.56908917
 -5.60826245
 -5.63156041
 -5.64380668
 -5.64884409
 -5.64992269
 -5.64993807
 -5.65159059
 -5.65750214
 -5.67030995
 -5.69274894
 -5.72772952
 -5.77841406
 -5.84829689
 -5.93648646
 -6.04710234
 -6.14969415
 -6.21411798
 -6.25227875
 -6.27250971
 -6.28110637
 -6.28318531
