  2.96004843
  2.96004843
  2.96004843
  2.97811382
  3.01424373
  3.06843751
  3.14069503
  3.23101652
  3.33940211
  3.46585151
  3.61036416
  3.77294030
  3.95358246
  4.15229710
  4.36909537
  4.60399254
  4.85700628
  5.12815568
  5.41743573
  5.72484936
  6.05038944
  6.39404003
  6.75577795
  7.13558025
  7.53345578
  7.94942222
  8.38354406
  8.83590429
  9.30661350
  9.79580641
 10.30364101
 10.83027889
 11.37591138
 11.94080169
 12.52526454
 13.12973499
 13.75479664
 14.40121476
 15.06978089
 15.76149666
 16.47684331
 17.21477373
 17.96964257
 18.73353277
 19.49447088
 20.19867216
 20.84217167
 21.39713447
 21.82200822
 22.11235565
 22.29531099
 22.40026985
 22.45890456
 22.49998309
 22.54596538
 22.60880267
 22.68068660
 22.73756311
 22.74884335
 22.68091745
 22.49822177
 22.16391872
 21.63281411
 20.98285129
 20.22847449
 19.41314989
 18.56751305
 17.71026138
 16.85210569
 15.99616293
 15.14135493
 14.28816089
 13.43606946
 12.58331001
 11.72847563
 10.87364046
 10.02044077
  9.22164594
  8.51966892
  8.01294038
  7.73871493
  7.66871973
  7.77683787
  8.02356936
  8.36169689
  8.75393015
  9.16944854
  9.58664572
  9.99130891
 10.37864731
 10.78652062
 11.18406928
 11.58368479
 11.99246002
 12.41193294
 12.83760045
 13.27004711
 13.68420975
 14.06368914
 14.39938815
 14.68809987
 14.93034756
 15.12906860
 15.29912438
 15.42714838
 15.52362084
 15.59505943
 15.64543739
 15.67708672
 15.69129742
 15.68876420
 15.66993579
 15.63530498
 15.58566622
 15.52236298
 15.44754463
 15.36445057
 15.27771730
 15.18944739
 15.10016533
 15.04201827
 15.01527245
 15.00444695
 15.00088394
 15.00007734
 15.00000000
