  0.00000000
  0.00000000
  0.06271209
  0.12740976
  0.19631919
  0.27215178
  0.27920037
  0.20266691
  0.13350401
  0.06902402
  0.06261751
  0.00118024
 -0.05961634
 -0.12416206
 -0.19293267
 -0.26872931
 -0.35547342
 -0.27242011
 -0.19826253
 -0.14216214
 -0.09218212
 -0.02878240
  0.03379249
  0.09744008
  0.16428288
  0.23688181
  0.31866961
  0.41469216
  0.42113659
  0.42113717
  0.42113727
  0.42113715
  0.36661011
  0.27817247
  0.20129085
  0.13181890
  0.06682944
  0.00433740
 -0.05715358
 -0.11950571
 -0.18462845
 -0.25466984
 -0.33229850
 -0.42111608
 -0.42113648
 -0.42113710
 -0.42113712
 -0.42113563
 -0.36054630
 -0.27300398
 -0.19670039
 -0.12758764
 -0.06277644
