  0.00000000
  0.00000000
  0.12477263
  0.24950953
  0.37414414
  0.49845942
  0.50927051
  0.38509617
  0.26092107
  0.13718101
  0.12458641
  0.00236047
 -0.11867242
 -0.24340074
 -0.36826226
 -0.49316357
 -0.61803516
 -0.49887313
 -0.37750715
 -0.27701409
 -0.18231698
 -0.05750134
  0.06748236
  0.19246783
  0.31745364
  0.44243911
  0.56742334
  0.69240324
  0.69999111
  0.69999179
  0.69999191
  0.69999177
  0.63268714
  0.50771056
  0.38273658
  0.25777681
  0.13287358
  0.00867467
 -0.11381442
 -0.23461177
 -0.35372769
 -0.47109234
 -0.58656868
 -0.69996711
 -0.69999098
 -0.69999171
 -0.69999172
 -0.69998999
 -0.62474227
 -0.49977315
 -0.37480448
 -0.24984355
 -0.12489934
  0.00000000
