  0.00000000
  0.00000000
  0.18748423
  0.37496827
  0.56245212
  0.74993574
  0.93741913
  1.12490247
  1.31238564
  1.49986861
  1.68735131
  1.87483360
  2.06231552
  2.24979683
  2.43727730
  2.62475665
  2.81223426
  2.99333066
  3.17539589
  3.32614048
  3.24593264
  3.05871205
  2.87123969
  2.68376282
  2.49628387
  2.30880370
  2.12132274
  1.93384135
  1.74636018
  1.55887889
  1.37139924
  1.18392195
  0.99644823
  0.80896922
  0.62150104
  0.43405633
  0.24669738
  0.06039539
 -0.12334170
 -0.30454124
 -0.48321896
 -0.65927064
 -0.83249212
 -1.00260624
 -1.17323100
 -1.34433317
 -1.31205059
 -1.12461188
 -0.93715823
 -0.74968805
 -0.56222597
 -0.37477758
 -0.18735503
  0.00000000
