  0.00000000
  0.74999927
  0.74999920
  0.74999908
  0.74999888
  0.74999852
  0.74999769
  0.74999403
 -0.74999187
 -0.74999792
 -0.74999875
 -0.74999902
 -0.74999917
 -0.74999927
 -0.74999933
 -0.74999937
 -0.74999939
 -0.74999940
 -0.74999940
 -0.74999939
 -0.74999937
 -0.74999938
 -0.74999935
 -0.74999931
 -0.74999927
 -0.74999922
 -0.74999917
 -0.74999910
 -0.74999903
 -0.74999896
 -0.74999888
 -0.74999879
 -0.74999875
 -0.74999867
 -0.74999859
 -0.74999849
 -0.74999852
 -0.74999833
 -0.74999807
 -0.74999769
 -0.74999711
 -0.74999614
 -0.74999418
 -0.74998804
 -0.09187731
  0.00000000
 -0.00000001
  0.00000000
  0.00000000
 -0.00000006
  0.00000011
  0.00000015
 -0.00000004
 -0.00000058
 -0.00000245
  0.00000674
 -0.00000106
  0.00012584
  0.74998283
  0.74999216
  0.74999497
  0.74999627
  0.74999707
  0.74999760
  0.74999772
  0.74999802
  0.74999825
  0.74999842
  0.74999857
  0.74999868
  0.74999879
  0.74999887
  0.74999895
  0.74999901
  0.74999907
  0.74999912
  0.74999917
  0.74999921
  0.74999925
  0.74999928
  0.74999931
  0.74999934
  0.74999937
  0.74999939
  0.74999942
  0.74999944
  0.74999945
  0.74999947
  0.00000000
