  0.01000350
  0.24237968
  0.23824211
  0.23414312
  0.22984209
  0.22512724
  0.21980101
  0.21367539
  0.23680311
  0.24999259
  0.24967909
  0.24545195
  0.24121304
  0.23767094
  0.23452464
  0.23157306
  0.22866511
  0.22566588
  0.22242746
  0.21875823
  0.21438804
  0.22999749
  0.22995969
  0.22950489
  0.22846069
  0.22667972
  0.22408518
  0.22071433
  0.21673993
  0.21245908
  0.20825157
  0.20453298
  0.20958920
  0.20784453
  0.20765084
  0.20801659
  0.23847301
  0.24008204
  0.24207137
  0.24309540
  0.24336197
  0.24360220
  0.24367107
  0.24529732
  0.23620533
  0.23830833
  0.23838507
  0.23841424
  0.23841539
  0.23841517
  0.23937719
  0.23954142
  0.23974605
  0.24123849
  0.24528749
  0.24999935
  0.21173763
  0.21705578
  0.22573099
  0.22747430
  0.23010282
  0.23052927
  0.23200709
  0.23303863
  0.21504241
  0.21828252
  0.21987935
  0.22044909
  0.22054616
  0.22056514
  0.22066093
  0.22066213
  0.22066224
  0.22066214
  0.22066224
  0.22066392
  0.22066911
  0.22068784
  0.22068317
  0.22069172
  0.22072308
  0.22076847
  0.22081155
  0.22105605
  0.22092455
  0.22078354
  0.22066151
  0.22056258
