  1.57000000
  1.57000000
  1.57000000
  1.56736279
  1.55702178
  1.53401703
  1.49327740
  1.42943620
  1.33664690
  1.21673325
  1.10883904
  1.04109858
  1.00254513
  0.98345657
  0.97634860
  0.97524371
  0.97500953
  0.97095491
  0.95855102
  0.93321488
  0.89012914
  0.82410048
  0.71995444
  0.59911970
  0.46185396
  0.30865142
  0.14028572
 -0.04219707
 -0.23755676
 -0.44450848
 -0.66191739
 -0.88899583
 -1.12547318
 -1.38133611
 -1.59637567
 -1.77479387
 -1.91772820
 -2.04011581
 -2.19970080
 -2.30710881
 -2.35852176
 -2.34973819
 -2.32845564
 -2.23710115
 -2.06610267
 -1.97096496
 -1.94565819
 -1.96129470
 -1.96145499
 -1.96115312
 -1.91344585
 -1.87715775
 -1.91259320
 -2.02095879
 -2.20668508
 -2.48005804
 -2.85639896
 -3.09088718
 -3.26538763
 -3.38131451
 -3.43075646
 -3.49899180
 -3.62646836
 -3.81309028
 -4.05992425
 -4.24981837
 -4.38349527
 -4.46560452
 -4.50111320
 -4.49467185
 -4.45758468
 -4.45171756
 -4.45333400
 -4.45339774
 -4.45350316
 -4.45438290
 -4.45018985
 -4.43306500
 -4.43267850
 -4.45200493
 -4.48791766
 -4.53719057
 -4.59668830
 -4.66325793
 -4.71959199
 -4.75414894
 -4.77297956
 -4.78116567
 -4.78318531
