  0.00000000
 -0.49999932
 -0.49999927
 -0.49999919
 -0.49999902
 -0.49999867
 -0.49999758
 -0.02449284
  0.00000241
  0.49999587
  0.49999827
  0.49999868
  0.49999885
  0.49999891
  0.49999893
  0.49999889
  0.49999881
  0.49999864
  0.49999828
  0.49999731
  0.49998930
  0.00000102
  0.00000025
  0.00000018
  0.00000012
  0.00000006
  0.00000001
 -0.00000005
 -0.00000013
 -0.00000027
 -0.00000053
 -0.00000451
 -0.49999258
 -0.49999571
 -0.49999470
 -0.49996090
  0.25693319
 -0.49992644
 -0.49985543
 -0.49654781
 -0.09217140
 -0.49979908
 -0.49991898
  0.49971294
  0.49943643
  0.28821360
 -0.10890090
 -0.00326655
 -0.33286831
  0.08097652
  0.49990792
  0.49997672
  0.49998872
  0.49999183
  0.49998845
 -0.49998869
 -0.49999114
 -0.49998952
 -0.49998027
  0.16196390
  0.49997827
  0.49998694
  0.49998584
 -0.23142362
 -0.49995000
 -0.49994108
 -0.49987090
 -0.49924812
 -0.40306481
  0.40210437
  0.10446557
 -0.02261167
  0.00075697
  0.01385893
 -0.09561997
 -0.27343662
  0.34472505
  0.48628073
  0.49675056
  0.49870704
  0.49920590
  0.49918944
  0.02861121
 -0.49960409
 -0.49980310
 -0.49986427
 -0.49988930
 -0.49989890
  0.00000000
