1 1 1 7.910204081633
1 1 2 25.579591836735
1 2 1 -0.048979591837
1 2 2 16.689795918367
1 3 1 3.942857142857
1 3 2 17.008163265306
1 4 1 9.379591836735
1 4 2 24.330612244898
2 1 1 -0.097959183673
2 1 2 16.640816326531
2 2 1 19.200000000000
2 2 2 4.273469387755
2 3 1 21.110204081633
2 3 2 6.991836734694
2 4 1 3.991836734694
2 4 2 16.934693877551
3 1 1 16.408163265306
3 1 2 14.804081632653
3 2 1 21.257142857143
3 2 2 14.951020408163
3 3 1 21.477551020408
3 3 2 29.938775510204
3 4 1 16.408163265306
3 4 2 29.865306122449
4 1 1 6.661224489796
4 1 2 5.155102040816
4 2 1 6.636734693878
4 2 2 0.012244897959
4 3 1 8.253061224490
4 3 2 0.012244897959
4 4 1 8.130612244898
4 4 2 5.106122448980
