Ipopt 3.13.4: option_file_name=../public/solver/ipopt.opt

Using option file "../public/solver/ipopt.opt".


******************************************************************************
This program contains Ipopt, a library for large-scale nonlinear optimization.
 Ipopt is released as open source code under the Eclipse Public License (EPL).
         For more information visit https://github.com/coin-or/Ipopt
******************************************************************************

This is Ipopt version 3.13.4, running with linear solver ma27.

Number of nonzeros in equality constraint Jacobian...:    12570
Number of nonzeros in inequality constraint Jacobian.:    34064
Number of nonzeros in Lagrangian Hessian.............:     7379

Total number of variables............................:     3476
                     variables with only lower bounds:        0
                variables with lower and upper bounds:     1885
                     variables with only upper bounds:        0
Total number of equality constraints.................:     3045
Total number of inequality constraints...............:     5360
        inequality constraints with only lower bounds:     4640
   inequality constraints with lower and upper bounds:        0
        inequality constraints with only upper bounds:      720

iter    objective    inf_pr   inf_du lg(mu)  ||d||  lg(rg) alpha_du alpha_pr  ls
   0  2.7837290e+01 1.37e+00 1.00e+00   0.0 0.00e+00    -  0.00e+00 0.00e+00   0
   1  2.7870424e+01 1.36e+00 6.96e+00   0.0 4.82e+01    -  1.96e-02 8.02e-03f  1
   2  2.8001494e+01 1.28e+00 5.03e+01  -0.2 2.84e+01    -  3.43e-02 5.39e-02f  1
   3  2.8041129e+01 1.20e+00 4.69e+01  -4.3 2.57e+01    -  4.34e-02 6.86e-02h  1
   4  2.8069470e+01 1.17e+00 4.59e+01  -0.4 2.53e+01    -  5.16e-03 2.10e-02f  1
   5  2.8117515e+01 1.13e+00 4.45e+01  -0.4 2.49e+01    -  6.50e-02 3.15e-02f  1
   6  2.8475655e+01 1.04e+00 3.72e+02   0.2 4.48e+01    -  1.87e-01 7.85e-02f  1
   7  2.9350837e+01 1.03e+00 3.61e+02   1.4 2.77e+02    -  1.34e-02 1.56e-02f  1
   8  2.9964013e+01 1.00e+00 5.88e+02   1.4 1.56e+02    -  8.86e-02 2.98e-02f  1
   9  3.0474380e+01 9.34e-01 9.52e+02   1.4 1.13e+02    -  1.01e-01 6.66e-02f  1
iter    objective    inf_pr   inf_du lg(mu)  ||d||  lg(rg) alpha_du alpha_pr  ls
  10  3.0978818e+01 8.06e-01 3.93e+02   1.4 7.97e+01    -  6.31e-02 1.33e-01f  1
  11  3.1211904e+01 7.32e-01 1.92e+03   1.4 6.19e+01    -  1.91e-01 9.14e-02f  1
  12  3.1568985e+01 5.79e-01 1.47e+03   1.4 5.05e+01    -  1.13e-01 2.07e-01f  1
  13  3.1701197e+01 5.06e-01 1.66e+03   1.4 3.28e+01    -  1.21e-01 1.26e-01h  1
  14  3.1807271e+01 4.58e-01 3.51e+03   1.4 4.38e+01    -  7.12e-02 9.51e-02h  1
  15  3.1876734e+01 4.20e-01 3.38e+04   1.4 1.35e+01   0.0 2.78e-01 8.28e-02h  1
  16  3.1983595e+01 3.54e-01 1.32e+04   1.4 2.70e+01  -0.5 9.21e-02 1.57e-01h  1
  17  3.2031799e+01 3.12e-01 1.26e+04   1.4 3.60e+01    -  1.27e-01 1.19e-01h  1
  18  3.2063319e+01 2.90e-01 1.05e+04   1.4 4.43e+01    -  3.74e-02 6.82e-02h  1
  19  3.2191454e+01 2.21e-01 7.89e+03   1.4 4.01e+01    -  2.05e-01 2.39e-01h  1
iter    objective    inf_pr   inf_du lg(mu)  ||d||  lg(rg) alpha_du alpha_pr  ls
  20  3.2389631e+01 1.70e-01 7.12e+03   1.4 2.75e+01    -  2.55e-01 2.32e-01h  1
  21  3.2675360e+01 1.23e-01 5.96e+04   1.4 2.14e+01    -  3.96e-01 2.74e-01h  1
  22  3.2789098e+01 1.09e-01 4.57e+04   1.4 2.43e+01    -  9.73e-02 1.13e-01h  1
  23  3.2851826e+01 1.03e-01 1.77e+05   1.4 2.72e+01    -  3.35e-01 6.12e-02h  1
  24  3.3027280e+01 7.92e-02 1.88e+05   1.4 8.52e+00  -0.1 3.09e-01 2.28e-01h  1
  25  3.3199474e+01 6.12e-02 1.45e+05   1.4 3.22e+01    -  2.25e-01 2.26e-01H  1
  26  3.3315314e+01 4.43e-02 1.45e+05   1.4 6.05e+00   0.4 3.27e-01 2.76e-01h  1
  27  3.3324418e+01 3.90e-02 2.43e+05   1.4 2.32e+01   0.8 4.02e-02 1.20e-01h  1
  28  3.3402455e+01 2.90e-02 8.24e+04   1.4 2.77e+01    -  1.65e-01 2.56e-01H  1
  29  3.3467038e+01 2.10e-02 3.67e+05   1.4 2.01e+01    -  1.26e-01 2.77e-01h  1
iter    objective    inf_pr   inf_du lg(mu)  ||d||  lg(rg) alpha_du alpha_pr  ls
  30  3.3461478e+01 1.86e-02 3.57e+05   1.4 2.02e+01    -  1.69e-01 1.11e-01h  1
  31  3.3442122e+01 1.62e-02 3.53e+05   1.4 3.13e+01    -  1.80e-01 1.32e-01h  1
  32  3.3464368e+01 8.83e-03 1.86e+05   1.4 3.28e+00   0.3 4.59e-01 4.54e-01h  1
  33  3.3444312e+01 7.59e-03 5.62e+05   1.4 1.85e+01    -  2.36e-01 1.40e-01f  1
  34  3.3468996e+01 7.33e-03 6.14e+05   1.4 5.53e+01    -  1.49e-01 3.52e-02f  1
  35  3.3447450e+01 5.09e-03 4.51e+05   1.4 8.51e+00  -0.2 1.04e-01 3.05e-01h  1
  36  3.3498292e+01 1.38e-03 5.30e+05   1.3 1.90e+00   1.2 1.00e+00 7.29e-01h  1
  37  3.3520159e+01 2.40e-04 4.65e+05   1.0 5.36e-01   1.6 1.00e+00 8.68e-01h  1
  38  3.3484092e+01 4.24e-03 7.08e+07  -5.0 1.80e+00   1.1 5.38e-02 7.96e-01h  1
  39  3.3484093e+01 4.24e-03 7.61e+09   2.7 1.29e-01   4.3 1.00e+00 9.97e-04f  1
iter    objective    inf_pr   inf_du lg(mu)  ||d||  lg(rg) alpha_du alpha_pr  ls
  40  3.3485527e+01 1.16e-04 1.52e+08   2.0 1.18e-01   3.8 1.00e+00 9.82e-01h  1
  41  3.3485472e+01 2.17e-09 2.69e+04   0.1 2.60e-03   3.3 1.00e+00 1.00e+00h  1
  42  3.3484705e+01 3.17e-09 9.21e+02  -1.0 7.67e-04   2.8 1.00e+00 1.00e+00f  1
  43  3.3482149e+01 6.84e-09 1.16e+00  -2.5 2.56e-03   2.4 1.00e+00 1.00e+00f  1
  44  3.3473939e+01 2.82e-07 7.49e+02  -3.9 8.21e-03   1.9 9.99e-01 1.00e+00f  1
  45  3.3448866e+01 3.00e-06 6.25e-01  -4.6 2.51e-02   1.4 1.00e+00 1.00e+00f  1
  46  3.3373580e+01 2.49e-05 6.26e-01  -5.0 7.53e-02   0.9 1.00e+00 1.00e+00f  1
  47  3.3352262e+01 2.28e-05 1.31e+02  -5.0 2.20e-01   0.4 1.00e+00 9.68e-02f  1
  48  3.3303815e+01 2.11e-05 1.34e+03  -4.7 6.29e-01  -0.0 1.00e+00 7.70e-02f  1
  49  3.3275067e+01 2.03e-05 8.54e+03  -4.2 8.04e-01  -0.5 1.00e+00 3.57e-02f  1
iter    objective    inf_pr   inf_du lg(mu)  ||d||  lg(rg) alpha_du alpha_pr  ls
  50  3.3105765e+01 1.47e-04 2.91e+04  -3.7 1.80e+00  -1.0 1.00e+00 9.39e-02f  1
  51  3.2792066e+01 6.51e-04 1.18e+05  -3.2 3.27e+00  -1.5 1.00e+00 9.59e-02f  1
  52  3.2176677e+01 4.23e-03 4.74e+05  -2.5 3.38e+00  -1.9 1.00e+00 1.82e-01f  1
  53  3.1402803e+01 1.23e-02 4.67e+05  -2.3 3.67e+01    -  2.27e-01 1.78e-01f  1
  54  3.1334936e+01 1.06e-02 8.79e+05  -2.2 2.17e+00  -2.4 1.00e+00 1.51e-01h  1
  55  3.0569972e+01 2.22e-02 5.60e+05  -2.4 2.02e+01    -  4.23e-01 5.40e-01h  1
  56  3.0360388e+01 1.66e-02 3.32e+05  -2.4 1.96e+01    -  3.91e-01 3.00e-01h  1
  57  3.0333892e+01 5.08e-03 1.19e+05  -2.4 3.01e+00  -2.9 6.46e-01 6.91e-01h  1
  58  2.9982821e+01 1.78e-03 1.13e+05  -3.2 9.21e-01  -2.5 7.08e-01 8.22e-01h  1
  59  2.9857913e+01 3.76e-03 3.18e+04  -3.3 9.57e-01  -2.9 6.45e-01 4.70e-01h  1
iter    objective    inf_pr   inf_du lg(mu)  ||d||  lg(rg) alpha_du alpha_pr  ls
  60  2.9742349e+01 3.50e-03 1.22e+04  -3.9 5.91e-01  -2.5 6.57e-01 6.90e-01h  1
  61  2.9675588e+01 2.28e-03 3.52e+03  -4.1 7.81e-01  -3.0 5.98e-01 5.31e-01h  1
  62  2.9654770e+01 1.49e-03 2.83e+04  -4.6 3.74e-01  -2.6 6.92e-01 3.46e-01h  1
  63  2.9642287e+01 1.27e-03 2.61e+05  -4.8 7.30e-01  -3.1 8.37e-01 1.47e-01h  1
  64  2.9643611e+01 1.10e-03 9.14e+06  -3.5 2.30e+00  -2.6 5.59e-03 1.37e-01h  1
  65  2.9643657e+01 9.34e-04 8.30e+06  -3.1 1.08e-02   5.2 1.00e+00 1.50e-01h  1
  66  2.9643837e+01 7.47e-04 6.15e+06  -2.0 9.14e-03   4.7 1.00e+00 2.01e-01f  1
  67  2.9644880e+01 3.82e-04 3.69e+06  -1.8 7.31e-03   4.3 7.00e-01 4.89e-01f  1
  68  2.9645141e+01 8.71e-09 4.77e+05  -3.9 3.73e-03   3.8 8.24e-01 1.00e+00h  1
  69  2.9645064e+01 5.55e-11 3.76e-01  -4.0 7.72e-05   3.3 1.00e+00 1.00e+00h  1
iter    objective    inf_pr   inf_du lg(mu)  ||d||  lg(rg) alpha_du alpha_pr  ls
  70  2.9644366e+01 3.02e-09 4.76e-01  -5.0 6.98e-04   2.8 1.00e+00 1.00e+00f  1
  71  2.9642294e+01 2.76e-08 8.58e+01  -5.9 2.17e-03   2.4 1.00e+00 9.55e-01f  1
  72  2.9640558e+01 2.16e-08 1.67e+02  -6.3 5.19e-03   1.9 1.00e+00 3.34e-01f  1
  73  2.9638453e+01 2.36e-08 1.41e+02  -6.4 1.09e-02   1.4 1.00e+00 1.94e-01f  1
  74  2.9636195e+01 3.33e-08 3.88e+01  -5.9 2.21e-02   0.9 1.00e+00 1.02e-01f  1
  75  2.9632868e+01 9.30e-08 5.61e+02  -5.4 3.83e-02   0.4 1.00e+00 8.68e-02f  1
  76  2.9628925e+01 1.47e-07 4.66e+02  -5.4 5.07e-02  -0.0 1.00e+00 7.77e-02f  1
  77  2.9624448e+01 6.39e-07 1.94e+03  -5.6 4.76e-02  -0.5 1.00e+00 1.39e-01f  1
  78  2.9621870e+01 1.97e-06 9.43e+02  -5.3 8.33e-02  -1.0 4.95e-01 1.72e-01h  1
  79  2.9620559e+01 1.85e-06 5.45e+02  -5.6 1.61e-01  -1.5 4.00e-01 7.25e-02h  1
iter    objective    inf_pr   inf_du lg(mu)  ||d||  lg(rg) alpha_du alpha_pr  ls
  80  2.9616519e+01 8.73e-06 3.82e+02  -7.1 3.10e-01  -1.9 2.81e-01 1.36e-01f  1
  81  2.9615412e+01 8.05e-06 4.73e+02  -5.3 9.07e-02  -1.5 1.00e+00 1.13e-01h  1
  82  2.9610761e+01 1.71e-05 2.64e+02  -5.4 2.51e-01  -2.0 6.89e-01 2.45e-01h  1
  83  2.9605408e+01 3.01e-05 2.03e+02  -7.5 7.80e-01  -2.5 1.55e-01 1.16e-01h  1
  84  2.9600410e+01 3.29e-05 1.56e+02  -5.9 2.96e-01  -2.0 1.00e+00 2.73e-01h  1
  85  2.9598030e+01 3.30e-05 1.85e+02  -6.2 8.18e-01  -2.5 3.45e-01 5.37e-02h  1
  86  2.9597579e+01 3.19e-05 3.56e+02  -6.4 1.64e-01  -2.1 1.00e+00 3.87e-02h  1
  87  2.9589531e+01 9.13e-05 6.23e+02  -5.2 4.41e-01  -2.6 1.00e+00 2.95e-01h  1
  88  2.9586823e+01 9.55e-05 6.03e+02  -5.2 1.26e+00  -3.0 9.65e-02 3.62e-02h  1
  89  2.9583063e+01 1.41e-04 5.40e+03  -4.4 4.70e-01  -2.6 1.00e+00 1.80e-01h  1
iter    objective    inf_pr   inf_du lg(mu)  ||d||  lg(rg) alpha_du alpha_pr  ls
  90  2.9573018e+01 4.48e-04 6.82e+03  -3.9 1.32e+00  -3.1 2.98e-01 1.94e-01h  1
  91  2.9543146e+01 1.68e-03 5.80e+03  -4.6 3.73e+00  -3.6 1.81e-01 1.31e-01h  1
  92  2.9535217e+01 1.53e-03 4.45e+03  -4.2 9.56e-01  -3.1 5.85e-01 1.13e-01h  1
  93  2.9500695e+01 1.80e-03 3.93e+03  -4.6 2.93e+00  -3.6 1.29e-01 1.60e-01h  1
  94  2.9386344e+01 9.77e-03 3.80e+03  -4.6 1.05e+01  -4.1 1.96e-02 1.85e-01h  1
  95  2.9362884e+01 8.73e-03 5.29e+03  -4.0 3.87e+00  -3.7 3.34e-01 1.08e-01h  1
  96  2.9360536e+01 8.50e-03 2.17e+03 -10.2 1.06e+00  -3.2 2.56e-01 2.63e-02h  1
  97  2.9267598e+01 5.73e-03 6.32e+03  -4.0 4.32e+00  -3.7 1.00e+00 3.89e-01h  1
  98  2.9206364e+01 5.01e-03 1.23e+04  -3.6 8.69e+00  -4.2 2.72e-01 1.12e-01h  1
  99  2.9104297e+01 4.51e-03 1.40e+04  -3.6 2.58e+01  -4.7 1.54e-01 6.37e-02h  1
iter    objective    inf_pr   inf_du lg(mu)  ||d||  lg(rg) alpha_du alpha_pr  ls
 100  2.9072267e+01 4.52e-03 1.43e+04  -9.8 3.48e+02  -5.2 1.21e-03 9.89e-03h  1
 101  2.9087594e+01 4.19e-03 2.13e+04  -2.8 1.71e+01  -3.8 1.08e-01 8.18e-02f  1
 102  2.9061883e+01 3.82e-03 2.86e+04  -2.9 1.07e+01  -4.3 1.52e-01 1.09e-01h  1
 103  2.9068310e+01 3.59e-03 5.93e+04  -3.0 3.66e+00  -3.0 3.57e-01 6.81e-02h  1
 104  2.8934004e+01 3.30e-03 5.72e+04  -3.2 1.69e+02    -  2.23e-02 3.15e-02h  1
 105  2.8948560e+01 9.45e-03 5.46e+03  -3.2 3.12e+00  -3.5 6.62e-01 1.00e+00h  1
 106  2.8853161e+01 3.44e-03 2.30e+04  -3.4 2.95e+00  -3.9 1.00e+00 6.12e-01h  1
 107  2.8813702e+01 9.81e-03 5.69e+03  -3.1 7.88e+00  -4.4 6.57e-01 6.25e-01h  1
 108  2.8732480e+01 9.68e-04 6.58e+03  -3.6 1.09e+00  -3.1 1.00e+00 9.27e-01h  1
 109  2.8726357e+01 5.44e-04 1.73e+04  -3.4 9.12e-01  -3.6 1.00e+00 4.29e-01h  1
iter    objective    inf_pr   inf_du lg(mu)  ||d||  lg(rg) alpha_du alpha_pr  ls
 110  2.8630321e+01 1.39e-03 1.75e+04  -3.8 2.43e+00  -4.0 4.62e-01 7.08e-01h  1
 111  2.8628525e+01 1.02e-03 2.50e+04  -3.3 4.17e+00  -4.5 5.40e-01 2.69e-01h  1
 112  2.8647449e+01 3.21e-03 6.83e+03  -3.1 6.38e+00  -5.0 4.29e-01 6.60e-01h  1
 113  2.8607977e+01 3.01e-03 5.92e+03  -3.3 2.12e+01  -5.5 1.87e-01 1.76e-01h  1
 114  2.8551426e+01 4.22e-03 4.03e+03  -3.2 3.17e+01  -5.9 2.31e-01 2.99e-01h  1
 115  2.8571995e+01 4.10e-03 1.64e+04  -3.0 1.70e+01  -6.4 3.76e-01 1.48e-01h  1
 116  2.8550776e+01 2.26e-03 1.33e+03  -3.2 2.84e+00  -5.1 1.00e+00 7.13e-01h  1
 117  2.8545466e+01 3.45e-03 4.59e+02  -3.2 8.90e+00    -  8.00e-01 6.41e-01h  1
 118  2.8497383e+01 4.90e-03 7.12e+03  -3.3 5.55e+00    -  1.00e+00 7.82e-01h  1
 119  2.8414907e+01 2.73e-03 6.28e+02  -3.6 2.23e+00    -  1.00e+00 1.00e+00h  1
iter    objective    inf_pr   inf_du lg(mu)  ||d||  lg(rg) alpha_du alpha_pr  ls
 120  2.8375846e+01 3.72e-03 2.46e+03  -3.8 4.96e+00    -  1.00e+00 8.75e-01h  1
 121  2.8335592e+01 3.05e-03 2.76e+01  -4.1 3.46e+00    -  1.00e+00 1.00e+00h  1
 122  2.8316602e+01 1.88e-03 8.79e+00  -4.4 3.31e+00    -  1.00e+00 1.00e+00h  1
 123  2.8330461e+01 1.62e-03 6.18e+00  -4.1 8.09e-01  -5.6 1.00e+00 1.00e+00h  1
 124  2.8332035e+01 1.56e-03 4.20e+03  -3.7 1.91e+01    -  2.67e-01 4.54e-02h  1
 125  2.8331992e+01 1.02e-03 2.53e+03  -4.1 2.24e-01  -1.5 3.98e-01 3.45e-01h  1
 126  2.8331919e+01 2.00e-04 1.93e+03  -4.1 1.45e-01  -1.1 2.20e-01 8.04e-01h  1
 127  2.8323705e+01 4.36e-06 5.57e+01  -4.5 2.98e-02  -1.6 1.00e+00 9.94e-01h  1
 128  2.8320475e+01 5.45e-06 1.52e+03  -5.0 5.31e-02  -2.1 8.57e-01 4.74e-01h  1
 129  2.8319443e+01 4.47e-06 2.58e+03  -4.5 1.11e-01  -2.5 1.00e+00 3.97e-01h  1
iter    objective    inf_pr   inf_du lg(mu)  ||d||  lg(rg) alpha_du alpha_pr  ls
 130  2.8319925e+01 3.98e-06 1.05e+04  -4.3 3.85e-01  -3.0 1.00e+00 2.33e-01h  1
 131  2.8318933e+01 4.61e-06 3.23e+04  -4.4 1.14e+00  -3.5 6.09e-01 1.39e-01h  1
 132  2.8336835e+01 2.02e-04 4.90e+05  -4.0 7.71e-01  -3.1 7.41e-02 1.00e+00f  1
 133  2.8330038e+01 5.25e-05 1.24e+05  -4.4 1.42e-02  -0.8 9.51e-01 7.44e-01h  1
 134  2.8324878e+01 4.91e-05 3.12e+03  -4.4 3.96e-02  -1.3 7.32e-01 9.67e-01f  1
 135  2.8322362e+01 2.66e-05 3.58e+03  -4.9 1.71e-02  -0.9 1.00e+00 4.84e-01f  1
 136  2.8323447e+01 6.33e-06 1.80e+03  -4.4 6.13e-03  -0.5 1.00e+00 7.74e-01h  1
 137  2.8319582e+01 3.23e-06 8.60e+03 -10.4 2.70e-02  -0.9 3.92e-01 6.20e-01h  1
 138  2.8320375e+01 3.56e-07 6.48e-01  -4.6 1.06e-02  -0.5 1.00e+00 1.00e+00h  1
 139  2.8317319e+01 2.12e-06 1.60e+02  -6.3 2.29e-02  -1.0 7.14e-01 7.43e-01f  1
iter    objective    inf_pr   inf_du lg(mu)  ||d||  lg(rg) alpha_du alpha_pr  ls
 140  2.8316386e+01 2.75e-06 6.20e+02  -5.8 5.52e-02  -1.5 1.00e+00 3.54e-01h  1
 141  2.8314960e+01 1.24e-05 4.81e+02  -5.9 1.40e-01  -1.9 1.00e+00 3.02e-01h  1
 142  2.8313793e+01 1.06e-05 4.63e+02  -6.1 1.49e-01  -2.4 6.22e-01 1.47e-01h  1
 143  2.8311958e+01 4.49e-06 1.92e+02  -6.0 5.55e-02  -2.0 1.00e+00 5.75e-01h  1
 144  2.8310553e+01 3.84e-06 3.43e+02  -5.3 1.28e-01  -2.5 9.61e-01 2.69e-01h  1
 145  2.8309239e+01 2.99e-06 8.32e+01  -5.8 4.99e-02  -2.0 1.00e+00 5.52e-01h  1
 146  2.8308194e+01 3.21e-06 1.51e+02  -5.5 1.41e-01  -2.5 1.00e+00 1.97e-01h  1
 147  2.8307059e+01 3.06e-06 8.67e+02  -5.1 3.44e-01  -3.0 1.00e+00 9.97e-02h  1
 148  2.8304493e+01 2.40e-05 3.21e+03  -4.8 1.09e+00  -3.5 6.92e-01 1.44e-01h  1
 149  2.8304031e+01 2.28e-05 7.27e+03  -4.9 3.97e-01  -3.0 8.98e-01 7.30e-02h  1
iter    objective    inf_pr   inf_du lg(mu)  ||d||  lg(rg) alpha_du alpha_pr  ls
 150  2.8301273e+01 5.11e-05 2.73e+03  -4.6 1.26e+00  -3.5 7.47e-01 2.23e-01h  1
 151  2.8294600e+01 2.26e-04 1.96e+03  -4.4 3.91e+00  -4.0 3.05e-01 2.98e-01h  1
 152  2.8291011e+01 2.15e-04 2.51e+03  -5.4 1.13e+01  -4.5 2.36e-01 5.12e-02h  1
 153  2.8281585e+01 3.89e-04 1.52e+03 -10.7 4.69e+00  -4.1 4.54e-02 2.70e-01h  1
 154  2.8281488e+01 3.82e-04 3.51e+03  -4.4 2.85e-01  -2.7 5.71e-01 1.76e-02f  1
 155  2.8277618e+01 6.78e-05 8.48e+02  -4.8 6.40e-01  -3.2 8.95e-01 1.00e+00h  1
 156  2.8274181e+01 8.72e-05 1.81e+03  -5.0 1.85e+00  -3.7 1.00e+00 2.87e-01h  1
 157  2.8273572e+01 7.50e-04 9.23e+02  -4.6 8.42e-01  -4.2 1.00e+00 8.07e-01h  1
 158  2.8275465e+01 4.02e-03 7.54e+02  -4.2 1.73e+00  -4.6 1.00e+00 9.00e-01h  1
 159  2.8269414e+01 4.09e-03 3.65e+02  -4.3 5.28e+00  -5.1 5.97e-01 2.04e-01h  1
iter    objective    inf_pr   inf_du lg(mu)  ||d||  lg(rg) alpha_du alpha_pr  ls
 160  2.8275123e+01 5.48e-03 1.97e+04  -3.4 1.34e+01  -5.6 3.81e-01 7.70e-02f  1
 161  2.8270240e+01 4.97e-03 1.86e+04  -3.9 1.80e+01    -  3.84e-02 9.93e-02h  1
 162  2.8270112e+01 4.97e-03 1.86e+04  -3.9 5.04e+02    -  3.20e-05 2.53e-05h  1
 163  2.8270112e+01 4.97e-03 1.86e+04  -3.9 5.16e+03  -6.1 2.41e-08 2.47e-08f  2
 164  2.8270115e+01 4.97e-03 1.87e+04  -3.9 1.62e+03  -2.0 5.96e-04 2.56e-07f  2
 165  2.8279937e+01 3.42e-04 9.50e+02  -3.9 7.24e-01  -2.5 9.39e-01 9.55e-01h  1
 166  2.8283725e+01 1.22e-05 4.73e-01  -3.9 1.07e-01  -3.0 1.00e+00 1.00e+00f  1
 167  2.8275680e+01 7.61e-04 3.51e+02  -3.9 1.88e+01    -  3.04e-01 1.41e-01h  1
 168  2.8272306e+01 3.31e-03 2.60e+02  -4.0 2.47e+02    -  4.01e-03 1.89e-02h  1
 169  2.8267427e+01 4.06e-05 8.33e+02  -4.0 9.36e-01  -3.5 8.48e-01 1.00e+00h  1
iter    objective    inf_pr   inf_du lg(mu)  ||d||  lg(rg) alpha_du alpha_pr  ls
 170  2.8244224e+01 1.27e-04 3.96e+01  -4.4 4.44e-01  -3.9 1.00e+00 1.00e+00h  1
 171  2.8229624e+01 5.03e-04 9.60e+00  -4.6 1.08e+00  -4.4 1.00e+00 9.97e-01h  1
 172  2.8243323e+01 2.48e-03 5.40e+01  -4.1 2.35e+00  -4.9 1.00e+00 1.00e+00h  1
 173  2.8232962e+01 3.60e-03 2.63e+02  -4.2 8.79e+00  -5.4 3.36e-01 4.27e-01h  1
 174  2.8231038e+01 3.40e-03 6.59e+01  -4.2 1.69e+01  -5.8 2.07e-01 5.66e-02h  1
 175  2.8228381e+01 2.75e-03 1.35e+02  -4.2 3.69e+00  -5.4 2.80e-01 3.84e-01h  1
 176  2.8226753e+01 1.09e-02 1.28e+02  -6.3 1.44e+02  -5.9 2.22e-02 2.19e-02h  1
 177  2.8235080e+01 1.03e-02 6.63e+03  -3.1 6.14e+01    -  8.89e-02 4.19e-02f  1
 178  2.8237652e+01 6.25e-03 4.30e+03  -4.0 7.96e-01  -4.6 1.81e-01 1.00e+00h  1
 179  2.8227318e+01 2.67e-04 1.28e+01  -4.2 4.16e-01  -3.2 1.00e+00 1.00e+00h  1
iter    objective    inf_pr   inf_du lg(mu)  ||d||  lg(rg) alpha_du alpha_pr  ls
 180  2.8220196e+01 1.50e-04 3.47e+03  -4.5 3.11e-01  -3.7 1.00e+00 4.44e-01h  1
 181  2.8210699e+01 2.74e-04 1.98e+03  -4.7 7.19e-01  -4.2 1.00e+00 6.13e-01h  1
 182  2.8204067e+01 8.88e-03 1.15e+03  -4.8 1.52e+00  -4.7 1.00e+00 6.40e-01h  1
 183  2.8203247e+01 6.34e-03 8.92e+02  -4.8 2.58e-01  -3.3 1.00e+00 2.87e-01h  1
 184  2.8202325e+01 5.56e-03 2.16e+03  -5.2 5.83e-01  -3.8 1.00e+00 1.23e-01h  1
 185  2.8192220e+01 1.55e-03 7.41e+02  -5.3 1.71e+00  -4.3 1.00e+00 7.21e-01h  1
 186  2.8191466e+01 1.43e-03 3.35e+03  -4.5 3.40e+00  -4.8 8.63e-01 7.95e-02h  1
 187  2.8189857e+01 1.27e-03 3.91e+03  -4.1 9.74e+00  -5.2 1.97e-01 1.10e-01h  1
 188  2.8179809e+01 6.37e-04 5.17e+02  -4.6 3.71e+00  -4.8 1.00e+00 7.13e-01h  1
 189  2.8178893e+01 6.23e-04 3.81e+02 -10.6 5.83e+00  -5.3 6.81e-02 2.38e-02h  1
iter    objective    inf_pr   inf_du lg(mu)  ||d||  lg(rg) alpha_du alpha_pr  ls
 190  2.8177435e+01 6.36e-04 2.06e+03  -3.9 2.97e+01  -5.8 1.21e-01 2.68e-02h  1
 191  2.8177236e+01 4.67e-04 1.52e+03  -4.5 3.04e+00  -5.3 7.02e-01 2.66e-01h  1
 192  2.8173515e+01 2.32e-04 2.49e+02  -4.7 1.21e+00  -4.9 1.00e+00 8.11e-01h  1
 193  2.8168522e+01 1.85e-03 4.76e+02  -5.2 3.40e+00  -5.4 7.36e-01 6.03e-01h  1
 194  2.8168356e+01 4.66e-03 4.02e+02  -4.6 5.51e+01  -5.9 1.47e-01 4.42e-02h  1
 195  2.8168328e+01 4.17e-03 4.06e+03  -4.6 8.32e+00  -6.4 4.51e-01 1.14e-01h  1
 196  2.8168242e+01 3.72e-03 6.39e+03  -4.9 1.05e+00  -5.0 8.05e-01 1.08e-01h  1
 197  2.8167570e+01 3.86e-04 8.41e+01  -4.9 3.26e+00  -5.5 1.00e+00 1.00e+00h  1
 198  2.8166582e+01 1.14e-02 1.53e+03  -5.2 2.41e+01  -6.0 2.30e-01 1.82e-01h  1
 199  2.8165690e+01 1.03e-02 1.39e+03 -10.9 1.17e+01  -6.5 1.31e-01 1.01e-01h  1
iter    objective    inf_pr   inf_du lg(mu)  ||d||  lg(rg) alpha_du alpha_pr  ls
 200  2.8164921e+01 8.54e-03 1.19e+03  -6.7 6.27e-01  -4.2 4.96e-01 1.69e-01h  1
 201  2.8163795e+01 2.36e-03 2.01e+02  -5.3 5.81e-01  -4.7 1.00e+00 7.24e-01h  1
 202  2.8162264e+01 1.05e-04 9.49e+00  -5.5 5.33e-01  -5.2 1.00e+00 1.00e+00h  1
 203  2.8161874e+01 9.12e-05 1.09e+03  -5.9 1.39e+00  -5.7 6.23e-01 2.78e-01h  1
 204  2.8161779e+01 1.37e-04 1.44e+03 -11.0 2.61e+01  -6.1 5.35e-03 1.06e-02h  1
 205  2.8163949e+01 2.26e-04 5.95e+00  -5.1 7.98e-02  -3.9 1.00e+00 1.00e+00h  1
 206  2.8161984e+01 6.53e-05 1.30e+01  -5.5 3.97e-02  -3.5 1.00e+00 1.00e+00h  1
 207  2.8160798e+01 1.63e-04 1.97e+01  -6.4 7.50e-02  -3.9 1.00e+00 9.77e-01h  1
 208  2.8160892e+01 6.62e-05 5.49e+01  -6.0 1.82e-01  -4.4 1.00e+00 5.94e-01h  1
 209  2.8160637e+01 1.66e-05 7.17e-01  -6.7 6.84e-02  -4.0 1.00e+00 1.00e+00h  1
iter    objective    inf_pr   inf_du lg(mu)  ||d||  lg(rg) alpha_du alpha_pr  ls
 210  2.8160612e+01 1.20e-04 1.50e+01  -7.1 7.38e-01  -4.5 1.00e+00 1.99e-01h  1
 211  2.8160589e+01 7.11e-05 2.47e+01  -6.4 4.02e-01  -5.0 1.00e+00 4.15e-01h  1
 212  2.8160582e+01 7.60e-05 3.02e+01  -5.9 1.02e+00  -5.4 6.61e-01 5.38e-01h  1
 213  2.8160404e+01 8.96e-04 3.19e+01  -6.1 4.36e-01  -5.0 1.09e-01 1.00e+00h  1
 214  2.8160199e+01 2.15e-05 1.05e-01  -6.5 6.29e-02  -3.7 1.00e+00 1.00e+00h  1
 215  2.8160108e+01 6.64e-04 9.09e-02  -6.5 3.61e-01  -4.2 1.00e+00 1.00e+00h  1
 216  2.8159969e+01 1.24e-04 3.80e+01  -7.2 1.53e-01  -3.7 1.00e+00 1.00e+00h  1
 217  2.8159842e+01 1.17e-03 1.81e+01 -11.0 8.80e-01  -4.2 4.44e-01 5.23e-01h  1
 218  2.8159840e+01 1.17e-03 1.81e+01  -7.2 2.09e+01  -4.7 7.71e-02 2.20e-04h  1
 219  2.8159760e+01 9.26e-04 3.02e+01  -7.5 6.86e-01  -5.2 1.57e-02 2.08e-01h  1
iter    objective    inf_pr   inf_du lg(mu)  ||d||  lg(rg) alpha_du alpha_pr  ls
 220  2.8159420e+01 6.63e-04 2.17e+01 -11.0 6.15e-01  -5.6 1.68e-03 2.84e-01h  1
 221  2.8143991e+01 9.23e-04 5.45e+01  -5.4 2.25e+02  -6.1 7.54e-05 3.69e-03f  1
 222  2.8143911e+01 9.22e-04 2.46e+04  -6.5 3.74e+00  -3.9 4.52e-01 1.15e-03h  1
 223  2.8143834e+01 9.21e-04 2.77e+04  -5.9 3.80e+00  -4.4 2.31e-02 1.08e-03h  1
 224  2.8143772e+01 9.16e-04 5.28e+04  -6.8 2.56e+00  -4.8 2.29e-01 4.93e-03h  1
 225  2.8143680e+01 9.15e-04 1.07e+05  -4.8 3.53e+01  -5.3 3.05e-04 1.04e-03h  1
 226  2.8143536e+01 9.14e-04 6.47e+05  -5.2 3.01e+01  -5.8 1.82e-02 1.03e-03h  1
 227  2.8139691e+01 8.40e-04 2.90e+05  -5.1 9.52e+00  -5.4 1.17e-02 8.10e-02h  1
 228  2.8139726e+01 8.24e-04 2.71e+05  -4.5 4.97e-01  -3.1 3.74e-02 1.93e-02h  1
 229  2.8136018e+01 6.70e-04 2.35e+05  -4.9 1.81e+00  -3.6 1.48e-01 1.87e-01h  1
iter    objective    inf_pr   inf_du lg(mu)  ||d||  lg(rg) alpha_du alpha_pr  ls
 230  2.8135940e+01 6.65e-04 1.39e+05  -5.8 4.70e-01  -3.2 1.57e-01 7.75e-03h  1
 231  2.8135227e+01 4.67e-04 1.47e+05  -4.9 2.22e-01  -2.8 1.97e-01 2.97e-01h  1
 232  2.8132975e+01 3.07e-04 1.51e+05  -4.5 4.93e-01  -3.2 2.18e-01 3.44e-01h  1
 233  2.8132335e+01 3.01e-04 3.28e+04  -4.5 1.40e+00  -3.7 2.62e-01 1.91e-02h  1
 234  2.8126314e+01 1.89e-04 3.06e+04  -5.2 5.02e-01  -3.3 3.17e-01 3.72e-01h  1
 235  2.8120613e+01 2.12e-04 3.44e+04 -10.9 1.34e+00  -3.8 7.71e-02 1.50e-01h  1
 236  2.8105835e+01 2.00e-03 8.45e+04  -5.9 6.79e+00  -4.2 2.73e-02 1.28e-01h  1
 237  2.8101640e+01 4.28e-03 9.66e+04  -3.4 4.83e+01  -4.7 1.95e-02 1.37e-02f  1
 238  2.8095550e+01 4.26e-03 8.91e+04 -10.7 4.27e+01  -5.2 1.26e-02 6.47e-03h  1
 239  2.8092057e+01 4.20e-03 8.60e+04 -10.7 1.22e+01  -4.8 1.67e-02 1.40e-02h  1
iter    objective    inf_pr   inf_du lg(mu)  ||d||  lg(rg) alpha_du alpha_pr  ls
 240  2.8074657e+01 4.13e-03 8.78e+04  -5.7 3.55e+01  -5.2 1.53e-02 2.72e-02h  1
 241  2.8073550e+01 2.18e-03 1.48e+05  -5.2 1.71e-01  -2.1 6.91e-02 4.72e-01h  1
 242  2.8073740e+01 1.54e-03 7.62e+04  -4.8 7.39e-02  -0.8 6.96e-01 2.96e-01h  1
 243  2.8072080e+01 1.04e-04 9.76e+03  -5.5 5.21e-02  -1.3 7.49e-01 9.33e-01h  1
 244  2.8070858e+01 3.33e-06 1.87e+03  -5.6 1.48e-02  -1.7 6.62e-01 9.93e-01h  1
 245  2.8068745e+01 3.23e-05 3.90e+02  -5.6 5.30e-02  -2.2 7.89e-01 1.00e+00h  1
 246  2.8065212e+01 2.63e-04 7.90e+01  -5.3 1.56e-01  -2.7 5.77e-01 8.11e-01h  1
 247  2.8053824e+01 2.04e-03 3.81e+02  -4.9 4.43e-01  -3.2 7.79e-01 1.00e+00h  1
 248  2.8037357e+01 2.41e-03 8.57e+02  -4.4 1.23e+00  -3.6 6.99e-01 5.08e-01h  1
 249  2.8035947e+01 2.31e-03 1.44e+02  -3.5 5.84e+00  -4.1 1.10e-01 1.22e-01f  1
iter    objective    inf_pr   inf_du lg(mu)  ||d||  lg(rg) alpha_du alpha_pr  ls
 250  2.8024554e+01 2.25e-03 6.53e+03  -3.4 1.24e+01  -4.6 1.55e-01 4.68e-02h  1
 251  2.7996547e+01 8.95e-05 4.36e+01  -4.4 5.06e-01  -3.3 1.00e+00 1.00e+00h  1
 252  2.7977051e+01 1.84e-04 3.34e+02  -4.4 1.43e+00  -3.7 1.00e+00 3.78e-01h  1
 253  2.7966707e+01 2.64e-04 1.46e+04  -3.9 4.84e+00  -4.2 9.73e-01 9.60e-02h  1
 254  2.7929374e+01 7.08e-03 9.44e+03  -3.4 1.68e+01  -4.7 1.60e-01 2.07e-01h  1
 255  2.7927256e+01 6.96e-03 3.09e+03  -4.9 2.84e+00  -4.3 1.81e-01 1.74e-02h  1
 256  2.7949721e+01 6.42e-03 2.55e+04  -3.0 3.57e+00  -3.8 2.20e-01 9.40e-02h  1
 257  2.7920259e+01 3.84e-03 5.08e+03  -5.4 8.60e-01  -3.4 5.68e-01 4.38e-01h  1
 258  2.7968215e+01 3.80e-03 8.35e+03  -3.4 3.18e+00  -3.9 7.11e-01 8.17e-01h  1
 259  2.7954067e+01 6.07e-03 1.50e+04  -3.5 6.11e+00  -4.4 3.24e-01 9.91e-02h  1
iter    objective    inf_pr   inf_du lg(mu)  ||d||  lg(rg) alpha_du alpha_pr  ls
 260  2.7925930e+01 5.64e-03 1.52e+04  -3.5 3.47e+01  -4.9 1.37e-01 7.06e-02h  1
 261  2.7905413e+01 4.57e-03 1.34e+04  -3.5 7.96e+00  -4.4 6.27e-02 1.90e-01h  1
 262  2.7909835e+01 4.45e-03 1.07e+05  -2.9 6.89e-01  -3.1 7.28e-01 2.79e-02f  1
 263  2.7886697e+01 2.05e-03 2.97e+04  -3.9 4.51e-01  -1.8 6.66e-01 5.40e-01h  1
 264  2.7880686e+01 1.80e-03 2.32e+04  -9.4 2.11e-01  -2.2 3.85e-01 1.20e-01h  1
 265  2.7865174e+01 1.63e-04 1.18e+04  -4.3 1.80e-01  -0.0 6.08e-01 9.12e-01h  1
 266  2.7861770e+01 1.48e-05 2.81e+02  -4.1 1.98e-02  -0.5 1.00e+00 9.10e-01h  1
 267  2.7851801e+01 1.14e-05 5.78e+02  -5.1 4.21e-02  -1.0 7.03e-01 7.46e-01h  1
 268  2.7847645e+01 1.19e-05 1.85e+03  -5.1 8.61e-02  -1.4 1.00e+00 4.08e-01h  1
 269  2.7842918e+01 4.04e-05 1.53e+03  -5.3 1.61e-01  -1.9 1.00e+00 2.98e-01h  1
iter    objective    inf_pr   inf_du lg(mu)  ||d||  lg(rg) alpha_du alpha_pr  ls
 270  2.7838994e+01 3.18e-05 5.04e+02  -5.0 3.22e-01  -2.4 1.00e+00 2.15e-01h  1
 271  2.7832363e+01 4.50e-05 5.00e+02  -5.0 6.11e-01  -2.9 1.00e+00 2.08e-01h  1
 272  2.7825183e+01 5.68e-05 9.34e+02  -5.2 7.35e-01  -3.4 1.00e+00 1.21e-01h  1
 273  2.7815678e+01 2.84e-04 5.65e+03  -4.1 1.61e+00  -3.8 5.48e-01 1.37e-01h  1
 274  2.7793117e+01 1.41e-03 5.49e+03  -4.3 3.80e+00  -4.3 5.65e-01 1.60e-01h  1
 275  2.7777215e+01 2.12e-03 6.60e+03  -4.0 7.59e+00  -4.8 2.30e-01 1.03e-01h  1
 276  2.7749853e+01 6.08e-03 4.36e+03  -3.6 2.04e+01  -5.3 1.07e-01 1.34e-01h  1
 277  2.7722978e+01 6.05e-03 1.68e+03  -6.0 1.05e+01  -4.8 2.33e-01 1.40e-01h  1
 278  2.7765435e+01 1.57e-02 7.86e+03  -2.9 2.06e+01  -5.3 4.07e-02 7.40e-02f  1
 279  2.7764694e+01 1.53e-02 1.14e+04  -4.0 1.33e+00  -2.2 4.50e-01 2.51e-02h  1
iter    objective    inf_pr   inf_du lg(mu)  ||d||  lg(rg) alpha_du alpha_pr  ls
 280  2.7748672e+01 9.45e-04 3.18e+01  -4.0 6.84e-01  -2.7 1.00e+00 1.00e+00h  1
 281  2.7735392e+01 8.81e-05 7.68e+02  -4.5 7.05e-02  -2.2 1.00e+00 9.32e-01h  1
 282  2.7727175e+01 4.07e-05 1.43e+03  -4.7 1.50e-01  -2.7 1.00e+00 5.97e-01h  1
 283  2.7717128e+01 1.65e-04 1.46e+03  -4.9 3.34e-01  -3.2 1.00e+00 4.38e-01h  1
 284  2.7708403e+01 8.83e-04 1.43e+03  -5.0 7.96e-01  -3.7 1.00e+00 2.31e-01h  1
 285  2.7705553e+01 1.66e-03 1.24e+03  -4.4 3.05e-01  -3.2 1.00e+00 6.78e-01h  1
 286  2.7712408e+01 1.75e-03 3.67e+03  -3.9 8.52e-01  -3.7 6.47e-01 4.50e-01h  1
 287  2.7720651e+01 2.56e-03 3.84e+03  -3.7 1.71e+00  -4.2 4.54e-01 3.82e-01h  1
 288  2.7708888e+01 2.11e-03 3.56e+03  -4.0 2.47e+00  -4.7 1.28e-01 2.58e-01h  1
 289  2.7684314e+01 3.52e-03 3.47e+03  -4.0 1.15e+01  -5.1 7.48e-02 2.19e-01h  1
iter    objective    inf_pr   inf_du lg(mu)  ||d||  lg(rg) alpha_du alpha_pr  ls
 290  2.7656962e+01 6.17e-03 1.94e+02  -3.9 4.80e+00  -4.7 9.12e-01 6.09e-01f  1
 291  2.7654580e+01 6.56e-03 7.85e+03  -3.6 1.24e+01  -5.2 3.64e-01 9.88e-02h  1
 292  2.7643080e+01 6.64e-03 7.21e+03  -3.8 3.65e+01    -  9.74e-02 8.14e-02h  1
 293  2.7649565e+01 3.45e-04 5.78e+02  -3.8 1.59e+00  -3.9 4.26e-01 9.45e-01h  1
 294  2.7636208e+01 5.50e-04 4.92e+02  -4.1 2.11e+01    -  1.62e-01 1.07e-01h  1
 295  2.7644677e+01 1.10e-03 6.30e+01  -3.2 2.62e+01    -  7.47e-02 6.98e-02h  1
 296  2.7638933e+01 2.36e-04 3.72e+03  -3.8 1.17e+00  -2.5 2.73e-01 7.84e-01h  1
 297  2.7647282e+01 1.96e-04 3.80e+04  -3.4 3.53e-01  -3.0 9.40e-01 1.52e-01f  1
 298  2.7630551e+01 4.40e-05 3.40e+01  -4.0 2.14e-01  -2.6 1.00e+00 1.00e+00h  1
 299  2.7616705e+01 1.43e-04 1.63e+01  -4.1 1.35e-01  -3.1 1.00e+00 1.00e+00h  1
iter    objective    inf_pr   inf_du lg(mu)  ||d||  lg(rg) alpha_du alpha_pr  ls
 300  2.7607748e+01 3.33e-03 1.01e+02 -10.1 4.65e+01    -  6.62e-02 5.93e-02h  1
 301  2.7593741e+01 2.25e-04 5.75e+01  -4.3 2.84e-01  -3.5 1.00e+00 9.83e-01h  1
 302  2.7589908e+01 7.47e-04 3.30e+01 -10.3 5.39e+01    -  1.69e-02 1.92e-02h  1
 303  2.7588542e+01 7.42e-04 7.62e+02 -10.3 1.91e+01    -  9.61e-02 2.47e-02h  1
 304  2.7587892e+01 1.09e-03 7.40e+02 -10.3 1.34e+02    -  3.80e-03 5.71e-03h  1
 305  2.7585131e+01 1.20e-03 8.94e+02  -4.4 1.43e+01    -  2.09e-01 9.47e-02h  1
 306  2.7594688e+01 6.85e-04 8.25e+00  -4.1 4.98e-01  -4.0 1.00e+00 1.00e+00h  1
 307  2.7590980e+01 6.78e-03 1.61e+02 -10.1 5.22e+01    -  1.00e-01 9.04e-02h  1
 308  2.7587328e+01 6.00e-03 3.18e+02  -4.3 8.44e+00    -  2.52e-01 2.12e-01h  1
 309  2.7584321e+01 4.46e-03 3.93e+02  -4.3 7.03e+00    -  3.38e-01 2.75e-01h  1
iter    objective    inf_pr   inf_du lg(mu)  ||d||  lg(rg) alpha_du alpha_pr  ls
 310  2.7570364e+01 9.54e-04 3.00e+01  -4.4 3.14e+00    -  1.00e+00 1.00e+00h  1
 311  2.7566494e+01 1.85e-04 1.66e+01  -4.6 9.67e-01    -  9.91e-01 1.00e+00h  1
 312  2.7563127e+01 8.98e-05 1.64e+00  -4.7 3.81e-01    -  1.00e+00 1.00e+00h  1
 313  2.7558287e+01 3.41e-04 5.55e+01  -5.2 6.34e-01    -  1.00e+00 9.75e-01h  1
 314  2.7561935e+01 2.74e-04 2.27e+00  -4.8 5.14e-01    -  1.00e+00 1.00e+00h  1
 315  2.7560453e+01 2.47e-05 1.70e+02  -5.2 5.19e-03  -0.9 1.00e+00 9.10e-01h  1
 316  2.7559664e+01 1.04e-05 4.04e+02  -5.6 1.32e-02  -1.4 1.00e+00 5.77e-01h  1
 317  2.7559076e+01 2.66e-06 2.83e+01  -5.4 1.55e-02  -1.8 1.00e+00 7.45e-01h  1
 318  2.7558388e+01 8.45e-06 4.48e+01  -5.4 3.31e-02  -2.3 1.00e+00 7.45e-01h  1
 319  2.7557926e+01 1.63e-05 4.28e+01  -5.4 4.43e-02  -2.8 6.38e-01 5.80e-01h  1
iter    objective    inf_pr   inf_du lg(mu)  ||d||  lg(rg) alpha_du alpha_pr  ls
 320  2.7557121e+01 1.01e-05 2.79e-01  -5.7 1.79e-02  -2.4 1.00e+00 1.00e+00h  1
 321  2.7557129e+01 7.69e-06 4.04e+02  -5.4 4.12e-02  -2.8 1.00e+00 3.15e-01h  1
 322  2.7556844e+01 7.69e-06 1.37e+03  -5.5 2.67e+02    -  1.47e-03 3.23e-04f  1
 323  2.7556960e+01 5.59e-06 8.76e+02  -5.2 1.21e-01  -3.3 1.00e+00 2.05e-01f  1
 324  2.7556007e+01 2.12e-05 7.43e+02  -3.5 1.06e+02    -  6.87e-03 4.61e-03f  1
 325  2.7554708e+01 5.04e-05 1.19e+04  -3.2 2.21e+02    -  1.92e-02 2.81e-03f  1
 326  2.7551512e+01 1.54e-04 8.03e+03  -4.1 9.72e+01    -  6.27e-03 1.16e-02h  1
 327  2.7552557e+01 1.41e-04 5.75e+03  -4.3 1.23e+00  -3.8 1.00e-01 8.18e-02h  1
 328  2.7553152e+01 1.33e-04 2.49e+04  -4.3 1.98e+00    -  5.81e-01 6.03e-02h  1
 329  2.7552679e+01 1.25e-04 4.26e+03  -4.6 3.52e+00    -  1.93e-01 6.13e-02h  1
iter    objective    inf_pr   inf_du lg(mu)  ||d||  lg(rg) alpha_du alpha_pr  ls
 330  2.7553241e+01 1.23e-04 2.29e+04  -3.2 6.62e+01    -  5.92e-02 1.11e-02f  1
 331  2.7552605e+01 1.37e-04 1.03e+04  -4.3 7.54e+00    -  2.29e-01 6.74e-02h  1
 332  2.7563200e+01 2.55e-04 1.52e+03  -4.3 6.86e-01    -  7.62e-01 8.48e-01h  1
 333  2.7564721e+01 3.71e-05 7.51e+00  -4.3 6.44e-01    -  1.00e+00 1.00e+00f  1
 334  2.7564732e+01 5.76e-06 1.02e+00  -4.3 7.99e-02    -  1.00e+00 1.00e+00h  1
 335  2.7564719e+01 2.95e-07 2.63e-04  -4.3 8.03e-03    -  1.00e+00 1.00e+00h  1

Number of Iterations....: 335

                                   (scaled)                 (unscaled)
Objective...............:   2.7564719457344673e+01    2.7564719457344673e+01
Dual infeasibility......:   2.6280844338383291e-04    2.6280844338383291e-04
Constraint violation....:   2.9478634357496536e-07    2.9478634357496536e-07
Complementarity.........:   5.5027409966607828e-05    5.5027409966607828e-05
Overall NLP error.......:   2.6280844338383291e-04    2.6280844338383291e-04


Number of objective function evaluations             = 341
Number of objective gradient evaluations             = 336
Number of equality constraint evaluations            = 341
Number of inequality constraint evaluations          = 341
Number of equality constraint Jacobian evaluations   = 336
Number of inequality constraint Jacobian evaluations = 336
Number of Lagrangian Hessian evaluations             = 335
Total CPU secs in IPOPT (w/o function evaluations)   =      2.361
Total CPU secs in NLP function evaluations           =      4.996

EXIT: Optimal Solution Found.
 
Ipopt 3.13.4: Optimal Solution Found

suffix ipopt_zU_out OUT;
suffix ipopt_zL_out OUT;
sum{i in 1 .. Nfe - 1} dt[i] = 27.5647

tf = 27.5647

