  0.00000000
  0.74995117
  0.74994854
  0.74994498
  0.74994091
  0.74993700
  0.74993336
  0.74992929
  0.74992470
  0.74991848
  0.74991116
  0.74990351
  0.74989328
  0.74988183
  0.74986648
  0.74984763
  0.74982267
  0.74978810
  0.74973511
  0.74967032
  0.74961866
  0.74956494
  0.74944515
  0.74915938
  0.74826049
  0.74690862
  0.73604699
 -0.47585134
  0.73907307
 -0.74619200
 -0.30896113
  0.74132675
  0.73510528
 -0.73822184
 -0.74214332
 -0.72980011
  0.74528296
  0.74849519
  0.74723301
 -0.72929625
 -0.74783181
 -0.74901910
 -0.74714596
 -0.73385465
  0.72947786
  0.13191073
 -0.74399701
 -0.74594618
 -0.74534588
 -0.71898046
  0.74741759
  0.74906609
  0.74950029
  0.74939140
  0.74919381
  0.74879301
  0.74759723
  0.54883217
 -0.00379526
  0.00104660
  0.00035531
 -0.00006228
 -0.00039476
 -0.00021311
 -0.45033301
 -0.74254586
 -0.74611253
 -0.74731464
 -0.74791757
 -0.74837906
 -0.74873005
 -0.74897457
 -0.74904332
 -0.74930109
 -0.74929818
 -0.74960257
 -0.74969007
 -0.74974071
 -0.74977716
 -0.74980351
 -0.74982346
 -0.74983936
 -0.74984409
 -0.74986432
 -0.74987761
 -0.74988814
 -0.74989677
 -0.74990396
 -0.74991003
 -0.74991524
 -0.74991844
 -0.74991942
 -0.74991862
 -0.74991601
 -0.74991121
 -0.74990274
 -0.74989168
 -0.74987544
 -0.74985026
 -0.74980726
 -0.74971981
 -0.74945737
  0.74503224
  0.74956818
  0.74976009
  0.74982332
  0.74985499
  0.74987387
  0.74988616
  0.00000000
