  0.00000000
  0.00000000
  0.04685193
  0.09370258
  0.14055605
  0.18740926
  0.23423960
  0.28108296
  0.32794626
  0.37479232
  0.42165782
  0.46847629
  0.51534511
  0.56216379
  0.60903157
  0.65584253
  0.70269403
  0.74953339
  0.79636963
  0.78463079
  0.83042649
  0.87808955
  0.96615267
  1.01285278
  1.06778627
  0.87520095
  0.83518713
  0.85053236
  0.88761955
  1.19852007
  0.87523019
  0.83645397
  0.79999827
  0.76656829
  0.77952807
  0.81215136
  0.84766330
  0.88704981
  1.05692045
  1.10288040
  1.06650814
  1.14036096
  0.87523897
  0.83445096
  0.79532911
  0.75719074
  0.72199797
  0.68811801
  0.72143747
  0.75687976
  0.79524195
  0.83764263
  0.88187162
  0.93896137
  0.98185242
  1.02020338
  1.05811191
  1.09586061
  1.24954372
  0.87514637
  0.83940364
  0.80603858
  0.77448998
  0.74443950
  0.74420743
  0.77034845
  0.74091285
  0.71102387
  0.68123665
  0.69006359
  0.72070185
  0.75310383
  0.69845798
  0.79475029
  0.67038045
  0.89207192
  0.87578775
  0.82932382
  0.78287278
  0.73644625
  0.68981489
  0.64327332
  0.57137085
  0.55251040
  0.50670532
  0.45986785
  0.41302884
  0.36619573
  0.31937521
  0.27257368
  0.22586108
  0.17898877
  0.13213050
  0.08530141
  0.03868720
 -0.00694452
 -0.05019293
 -0.09174249
 -0.13145684
 -0.16905916
 -0.20413201
 -0.26010079
 -0.31012679
 -0.26626207
 -0.21921588
 -0.17045871
 -0.12465402
 -0.08132453
 -0.03989450
