  1.54641092
  1.54641092
  1.54641092
  1.54934780
  1.56127649
  1.57917871
  1.59092614
  1.59090948
  1.59086463
  1.59084134
  1.61432989
  1.64076302
  1.64073643
  1.67299231
  1.67294512
  1.71100512
  1.71090882
  1.70598011
  1.65372940
  1.54648479
  1.40293382
  1.30360965
  1.25161899
  1.25161886
  1.25161880
  1.25161877
  1.19664453
  1.10190617
  1.02228618
  0.97983435
  0.97983433
  0.92485120
  0.83134863
  0.70238939
  0.54159077
  0.39305984
  0.27582249
  0.19333479
  0.15027666
  0.15027662
  0.15027659
  0.15027655
  0.15027652
  0.09529168
 -0.00021238
 -0.13366130
 -0.30329043
 -0.50563551
 -0.73890585
 -0.94177300
 -1.11169373
 -1.24522600
 -1.33760266
 -1.38590906
 -1.38590865
 -1.38590856
 -1.38590862
 -1.38590865
 -1.38590869
 -1.38590870
 -1.44086519
 -1.53139050
 -1.65443378
 -1.80765042
 -1.98911452
 -2.17079781
 -2.32794432
 -2.51269918
 -2.72503935
 -2.96442925
 -3.19585991
 -3.39932457
 -3.57269087
 -3.69727391
 -3.80197774
 -3.85530352
 -3.88672433
 -3.88686596
 -3.88703069
 -3.88722974
 -3.92889638
 -4.01219945
 -4.13378338
 -4.28465706
 -4.47570941
 -4.68906379
 -4.88270233
 -5.05662018
 -5.21081777
 -5.34529926
 -5.46007190
 -5.54069182
 -5.58903085
 -5.61469432
 -5.62539954
 -5.62776409
 -5.62777054
 -5.63086749
 -5.64219813
 -5.66693467
 -5.71051333
 -5.77886471
 -5.88838329
 -6.01897026
 -6.13108338
 -6.20508431
 -6.24848388
 -6.27126837
 -6.28087570
 -6.28318531
