  0.00000000
  0.00000000
  0.18744844
  0.37489485
  0.56233881
  0.74978583
  0.93723287
  1.12466130
  1.31208870
  1.49952649
  1.68696145
  1.87440254
  2.06182867
  2.24926123
  2.43668118
  2.62410510
  2.81151450
  2.99892094
  3.18631875
  3.37370310
  3.54805585
  3.72350495
  3.90026989
  4.08591818
  4.27162630
  4.45867034
  4.60528247
  4.73876765
  4.65336001
  4.79433679
  4.60779877
  4.54911302
  4.68542217
  4.81093550
  4.69330818
  4.57004299
  4.44034877
  4.58262341
  4.72750822
  4.89456575
  4.73023523
  4.56162443
  4.37437707
  4.22488578
  4.07994323
  4.22214496
  4.24580156
  4.11928497
  3.99467621
  3.86006694
  3.71908966
  3.87890775
  4.04066712
  4.20424483
  4.37161129
  4.53987825
  4.70814733
  4.87616279
  4.99950641
  4.99855785
  4.99874108
  4.99880075
  4.99879071
  4.99872954
  4.99869781
  4.93165211
  4.81566277
  4.70086978
  4.58783568
  4.47677921
  4.36142191
  4.23769824
  4.10459400
  3.97713309
  3.82740029
  3.69615851
  3.51524110
  3.32846320
  3.14165692
  2.95481916
  2.76794140
  2.58107351
  2.39419326
  2.21524402
  2.02821820
  1.84087792
  1.65354912
  1.46623748
  1.27894748
  1.09168203
  0.90444146
  0.71716855
  0.53000591
  0.34305116
  0.15658074
 -0.02870364
 -0.21013404
 -0.38925427
 -0.56599077
 -0.74015076
 -0.91141559
 -1.07933219
 -1.25993873
 -1.07655326
 -0.89116386
 -0.70673165
 -0.52587953
 -0.34813456
 -0.17296338
  0.00000000
