  0.00000000
  0.49897731
  0.49847677
  0.00047702
 -0.49895609
 -0.49953154
 -0.00070780
  0.00070846
  0.49944933
  0.00013977
 -0.49945716
  0.49872192
 -0.49891540
  0.49816782
 -0.49865040
 -0.05494909
 -0.49813831
 -0.49837797
 -0.35082963
  0.49866098
  0.49959774
  0.49981680
  0.00000061
  0.00000019
 -0.49994348
 -0.49986412
  0.20958962
  0.49986729
  0.49994231
 -0.49997752
 -0.49995531
 -0.49994301
 -0.49987540
  0.20796895
  0.49986450
  0.49993579
  0.49995981
  0.49997022
  0.00000010
 -0.00000007
  0.00000011
 -0.49998098
 -0.49997063
 -0.49996139
 -0.49994430
 -0.49989300
 -0.49941072
  0.49981594
  0.49992615
  0.49995352
  0.49996700
  0.49997461
  0.49997915
 -0.00000304
 -0.00000130
  0.00000014
  0.00000008
  0.00000013
 -0.49989158
 -0.49974673
 -0.49951619
 -0.49887863
 -0.49604520
 -0.00401953
  0.44893630
 -0.48174665
 -0.49262166
 -0.49051473
  0.14670503
  0.49836849
  0.49945714
  0.49972339
  0.49969925
  0.49974534
  0.49922383
  0.29005435
 -0.00029622
 -0.00044656
 -0.45012915
 -0.49875618
 -0.49927831
 -0.49942533
 -0.49934996
 -0.38030060
 -0.00005745
 -0.00002278
 -0.00000250
  0.00001372
  0.00003116
  0.32011202
  0.49954848
  0.49973411
  0.49979152
  0.49981523
  0.49982309
  0.49980871
  0.49979255
  0.49975780
  0.49968117
  0.49944797
  0.49032496
  0.00006793
 -0.00006184
 -0.42881387
 -0.49945246
 -0.49966512
 -0.49973045
 -0.49975741
 -0.49976691
  0.00000000
