  0.00000000
  0.74999999
  0.74999999
  0.74999999
  0.74999999
  0.74999999
  0.74999999
  0.74999998
  0.74999998
  0.74999998
  0.74999998
  0.74999998
  0.74999998
  0.74999997
  0.74999997
  0.74999997
  0.74999996
  0.74999996
  0.74999995
  0.74999994
  0.74999993
  0.74999991
  0.74999989
  0.74999985
  0.74999976
  0.74999948
 -0.74999605
 -0.74999918
 -0.74999854
 -0.74999783
 -0.74999688
 -0.74999357
 -0.74999322
 -0.45301078
  0.74999743
  0.74999896
  0.74999920
 -0.62739166
 -0.74999964
 -0.74999975
 -0.74999973
 -0.74999985
 -0.74999989
 -0.74999992
 -0.74999994
 -0.74999995
 -0.74999996
 -0.74999996
 -0.74999997
 -0.74999998
 -0.74999998
 -0.74999998
 -0.74999998
 -0.74999998
 -0.74999997
 -0.74999997
 -0.74999996
 -0.74999995
 -0.74999992
 -0.74999994
 -0.74999996
 -0.74999996
 -0.74999995
 -0.74999992
 -0.74999982
  0.31671164
  0.74999982
  0.74999991
  0.74999995
  0.74999996
  0.74999997
  0.74999997
  0.74999996
  0.74999993
  0.74999978
 -0.74999987
 -0.74999995
 -0.74999996
 -0.74999997
 -0.74999997
 -0.74999997
 -0.74999995
 -0.74999992
 -0.74999984
 -0.74999887
  0.74999976
  0.74999990
  0.74999994
  0.74999995
  0.74999995
  0.74999994
  0.74999993
  0.74999993
  0.74999994
  0.74999995
  0.74999995
  0.74999994
  0.74999990
 -0.55916374
 -0.74999989
 -0.74999994
 -0.74999995
 -0.74999994
 -0.74999989
 -0.12356519
  0.00000000
