  0.02310491
  0.02310491
  0.02310555
  0.02310564
  0.02310525
  0.02346529
  0.03936128
  0.04766011
  0.03380814
  0.02065180
  0.02308152
  0.02307723
  0.02306954
  0.02305441
  0.02301646
  0.05227975
  0.09344045
  0.08162967
  0.07583058
  0.09565464
  0.14596552
  0.02881317
  0.02310513
  0.02310502
  0.02310488
  0.02310489
  0.02310497
  0.11797634
  0.27244630
  0.40178564
  0.52268737
  0.63770044
  0.74883313
  0.65873287
  0.53796110
  0.40204529
  0.25624463
  0.10616598
  0.02310456
  0.04110402
  0.07662100
  0.04226672
  0.03299112
  0.02411950
  0.11218419
  0.23725001
  0.34785760
  0.44729418
  0.53869221
  0.60762508
  0.52161576
  0.47504850
  0.35298027
  0.22858534
  0.13846678
  0.07516217
  0.03637669
  0.02310491
  0.02195831
  0.02758938
  0.05353798
  0.10677148
  0.18733800
  0.27520431
  0.33363802
  0.39207176
  0.36739623
  0.30896249
  0.25052887
  0.19209728
  0.11618457
  0.05384856
  0.02515704
  0.02088596
  0.02070275
  0.02310492
  0.02070275
  0.02088596
  0.02515704
  0.05384857
  0.11618458
  0.19209729
  0.25052888
  0.30896250
  0.36739624
  0.42582991
  0.36739617
  0.29418052
  0.18550432
  0.10857067
  0.05686933
  0.02993758
  0.02323005
  0.02506158
  0.04068621
  0.08122330
  0.14665230
  0.24089386
  0.37307607
  0.32569031
  0.22688518
  0.13450378
  0.07184322
  0.03544432
  0.02374509
