task_id 10

[x]
1 2.008163270000
2 2.008163270000
3 2.008163270000
4 2.006861680000
5 2.004258580000
6 2.000354020000
7 1.995148010000
8 1.985881290000
9 1.966358850000
10 1.930881010000
11 1.881436240000
12 1.824264150000
13 1.760729890000
14 1.690829700000
15 1.614557660000
16 1.531903120000
17 1.442840880000
18 1.355893140000
19 1.281571980000
20 1.219265560000
21 1.169373920000
22 1.138827220000
23 1.143670930000
24 1.152041290000
25 1.160810430000
26 1.169978260000
27 1.179544670000
28 1.189509670000
29 1.199076130000
30 1.232099530000
31 1.326061040000
32 1.504038510000
33 1.780542320000
34 2.159587970000
35 2.681094790000
36 3.324970590000
37 4.066555900000
38 4.884349340000
39 5.856048210000
40 6.795389970000
41 7.688867670000
42 8.524477940000
43 9.305175570000
44 10.033038500000
45 10.710953400000
46 11.341918460000
47 11.936190030000
48 12.498852870000
49 13.029026870000
50 13.520236680000
51 13.961612250000
52 14.340451790000
53 14.653066270000
54 14.900610090000
55 15.092378070000
56 15.238970510000
57 15.347948040000
58 15.423850530000
59 15.468856610000
60 15.483617110000
61 15.468105700000
62 15.422463200000
63 15.347897290000
64 15.247798340000
65 15.129389680000
66 15.004355070000
67 14.886519290000
68 14.810992690000
69 14.775916780000
70 14.766894990000
71 14.771768580000
72 14.781026240000
73 14.787647240000
74 14.788250350000
75 14.782094610000
76 14.769659500000
77 14.751475230000
78 14.739539200000
79 14.734089420000
80 14.734603680000
81 14.740893310000
82 14.754309940000
83 14.779203010000
84 14.823603310000
85 14.897397920000
86 15.012475120000
87 15.181955870000
88 15.360361870000
89 15.530731090000
90 15.679797830000
91 15.797569400000
92 15.879048800000
93 15.921961800000
94 15.925504300000
95 15.889549240000
96 15.814019140000
97 15.698290490000
98 15.540607410000
99 15.337599800000
100 15.084199770000
101 14.852877440000
102 14.661450410000
103 14.514299090000
104 14.413206280000
105 14.358729510000
106 14.351020410000

[y]
1 27.661224490000
2 27.661224490000
3 27.661224490000
4 27.614367560000
5 27.520653710000
6 27.380082920000
7 27.192655200000
8 26.958463470000
9 26.677891830000
10 26.351690450000
11 25.979964450000
12 25.561981350000
13 25.097557010000
14 24.586691950000
15 24.029386970000
16 23.425643540000
17 22.775465110000
18 22.077736750000
19 21.331428260000
20 20.536992810000
21 19.694719170000
22 18.804618170000
23 17.867130690000
24 16.882791280000
25 15.851578580000
26 14.773492580000
27 13.648533290000
28 12.476700730000
29 11.351741240000
30 10.499174500000
31 9.691053120000
32 8.936571140000
33 8.252935250000
34 7.664749150000
35 7.153369700000
36 6.730634520000
37 6.396256970000
38 6.136445910000
39 5.903374870000
40 5.705058060000
41 5.516423960000
42 5.312048150000
43 5.062042360000
44 4.802133010000
45 4.542308360000
46 4.291120720000
47 4.075290600000
48 3.913811150000
49 3.819477330000
50 3.799252030000
51 3.853942710000
52 3.975540080000
53 4.135145520000
54 4.311822310000
55 4.483295700000
56 4.634188790000
57 4.756075950000
58 4.844622210000
59 4.897910650000
60 4.915387490000
61 4.897075010000
62 4.842854340000
63 4.751723970000
64 4.621028720000
65 4.445782610000
66 4.219677670000
67 3.938089950000
68 3.662808300000
69 3.426821330000
70 3.235329260000
71 3.090581800000
72 2.993065760000
73 2.942417200000
74 2.938256190000
75 2.980480350000
76 3.069158220000
77 3.204361340000
78 3.293107760000
79 3.335428810000
80 3.331255880000
81 3.280565100000
82 3.183533780000
83 3.040859610000
84 2.854367720000
85 2.627487740000
86 2.366257010000
87 2.080391470000
88 1.857556270000
89 1.690539880000
90 1.570000700000
91 1.485707040000
92 1.431336280000
93 1.403630980000
94 1.401366480000
95 1.424344940000
96 1.472444950000
97 1.544676830000
98 1.638128990000
99 1.746601970000
100 1.858595970000
101 1.930019570000
102 1.968329340000
103 1.987132560000
104 1.995906230000
105 1.999539770000
106 2.000000000000

[theta]
1 -1.598566960000
2 -1.598566960000
3 -1.598566960000
4 -1.598566330000
5 -1.598565630000
6 -1.598565300000
7 -1.610344660000
8 -1.640265310000
9 -1.679131050000
10 -1.703034110000
11 -1.706733630000
12 -1.706754540000
13 -1.706779040000
14 -1.706810040000
15 -1.706853930000
16 -1.706930300000
17 -1.694772680000
18 -1.670054110000
19 -1.649064660000
20 -1.629961670000
21 -1.605101100000
22 -1.565629690000
23 -1.562292990000
24 -1.562292820000
25 -1.562292730000
26 -1.562292750000
27 -1.562292760000
28 -1.562292710000
29 -1.532081590000
30 -1.455044550000
31 -1.339137700000
32 -1.186450490000
33 -0.998345650000
34 -0.775593560000
35 -0.580964420000
36 -0.423598440000
37 -0.307613080000
38 -0.235411960000
39 -0.208067680000
40 -0.208067960000
41 -0.239873550000
42 -0.309915040000
43 -0.342973130000
44 -0.366001560000
45 -0.378868000000
46 -0.348371700000
47 -0.279480090000
48 -0.176087090000
49 -0.041151220000
50 0.123281250000
51 0.310585550000
52 0.472052260000
53 0.619874290000
54 0.729585380000
55 0.799853810000
56 0.841258610000
57 0.862132950000
58 0.869460280000
59 0.869460280000
60 0.868023040000
61 0.871087010000
62 0.885035960000
63 0.917199230000
64 0.976586040000
65 1.065657610000
66 1.174470310000
67 1.303024140000
68 1.423241640000
69 1.523718010000
70 1.604453250000
71 1.665447360000
72 1.700783660000
73 1.714736090000
74 1.715563600000
75 1.710115830000
76 1.704489920000
77 1.704489950000
78 1.698864040000
79 1.693416280000
80 1.694243790000
81 1.708196220000
82 1.743532530000
83 1.804526640000
84 1.885261880000
85 1.985738250000
86 2.105955750000
87 2.245914360000
88 2.366131830000
89 2.461614280000
90 2.520381770000
91 2.553155450000
92 2.568305880000
93 2.572821520000
94 2.572926720000
95 2.574529880000
96 2.583605770000
97 2.606589080000
98 2.650860010000
99 2.725440510000
100 2.842116630000
101 2.944074730000
102 3.014499850000
103 3.055021270000
104 3.074992550000
105 3.081963740000
106 3.119374090000

[v]
1 0.000000000000
2 0.000000000000
3 0.187500000000
4 0.375000000000
5 0.562500000000
6 0.750000000000
7 0.937500000000
8 1.125000000000
9 1.312500000000
10 1.500000000000
11 1.687500000000
12 1.875000000000
13 2.062500000000
14 2.250000000000
15 2.437499990000
16 2.624999990000
17 2.812499980000
18 2.999999980000
19 3.187499970000
20 3.374999960000
21 3.562499950000
22 3.749999930000
23 3.937499910000
24 4.124999890000
25 4.312499850000
26 4.499999790000
27 4.687499670000
28 4.500000650000
29 4.312500850000
30 4.164117510000
31 4.017586480000
32 3.872875260000
33 3.730068560000
34 3.589373680000
35 3.497191230000
36 3.662376250000
37 3.828965510000
38 3.997040530000
39 3.840192620000
40 3.652692710000
41 3.465192770000
42 3.279003920000
43 3.091503950000
44 2.904003980000
45 2.716503990000
46 2.529004010000
47 2.341504010000
48 2.154004020000
49 1.966504030000
50 1.779004030000
51 1.591504030000
52 1.404004040000
53 1.216504050000
54 1.029004050000
55 0.841504060000
56 0.654004060000
57 0.466504070000
58 0.279004080000
59 0.091504090000
60 -0.095995890000
61 -0.283495870000
62 -0.470995860000
63 -0.658495850000
64 -0.845995840000
65 -1.033495820000
66 -1.220995770000
67 -1.141817860000
68 -0.954317910000
69 -0.766817930000
70 -0.579317940000
71 -0.391817950000
72 -0.204317950000
73 -0.016817960000
74 0.170682030000
75 0.358182010000
76 0.545681950000
77 0.358181990000
78 0.170682000000
79 -0.016818000000
80 -0.204317990000
81 -0.391817980000
82 -0.579317970000
83 -0.766817960000
84 -0.954317940000
85 -1.141817900000
86 -1.329317620000
87 -1.141817680000
88 -0.954317700000
89 -0.766817710000
90 -0.579317730000
91 -0.391817740000
92 -0.204317750000
93 -0.016817760000
94 0.170682220000
95 0.358182210000
96 0.545682200000
97 0.733182190000
98 0.920682170000
99 1.108182150000
100 0.968391210000
101 0.780891240000
102 0.593391250000
103 0.405891260000
104 0.218391270000
105 0.030891300000
106 0.000000000000

[a]
1 0.000000000000
2 0.749999990000
3 0.749999990000
4 0.749999990000
5 0.749999990000
6 0.749999990000
7 0.749999990000
8 0.749999980000
9 0.749999980000
10 0.749999980000
11 0.749999980000
12 0.749999980000
13 0.749999980000
14 0.749999970000
15 0.749999970000
16 0.749999970000
17 0.749999960000
18 0.749999960000
19 0.749999950000
20 0.749999940000
21 0.749999930000
22 0.749999910000
23 0.749999890000
24 0.749999850000
25 0.749999760000
26 0.749999480000
27 -0.749996050000
28 -0.749999180000
29 -0.749998540000
30 -0.749997830000
31 -0.749996880000
32 -0.749993570000
33 -0.749993220000
34 -0.453010780000
35 0.749997430000
36 0.749998960000
37 0.749999200000
38 -0.627391660000
39 -0.749999640000
40 -0.749999750000
41 -0.749999730000
42 -0.749999850000
43 -0.749999890000
44 -0.749999920000
45 -0.749999940000
46 -0.749999950000
47 -0.749999960000
48 -0.749999960000
49 -0.749999970000
50 -0.749999980000
51 -0.749999980000
52 -0.749999980000
53 -0.749999980000
54 -0.749999980000
55 -0.749999970000
56 -0.749999970000
57 -0.749999960000
58 -0.749999950000
59 -0.749999920000
60 -0.749999940000
61 -0.749999960000
62 -0.749999960000
63 -0.749999950000
64 -0.749999920000
65 -0.749999820000
66 0.316711640000
67 0.749999820000
68 0.749999910000
69 0.749999950000
70 0.749999960000
71 0.749999970000
72 0.749999970000
73 0.749999960000
74 0.749999930000
75 0.749999780000
76 -0.749999870000
77 -0.749999950000
78 -0.749999960000
79 -0.749999970000
80 -0.749999970000
81 -0.749999970000
82 -0.749999950000
83 -0.749999920000
84 -0.749999840000
85 -0.749998870000
86 0.749999760000
87 0.749999900000
88 0.749999940000
89 0.749999950000
90 0.749999950000
91 0.749999940000
92 0.749999930000
93 0.749999930000
94 0.749999940000
95 0.749999950000
96 0.749999950000
97 0.749999940000
98 0.749999900000
99 -0.559163740000
100 -0.749999890000
101 -0.749999940000
102 -0.749999950000
103 -0.749999940000
104 -0.749999890000
105 -0.123565190000
106 0.000000000000

[phy]
1 0.000000000000
2 0.000000000000
3 0.000026820000
4 0.000015030000
5 0.000004690000
6 -0.124991460000
7 -0.249982110000
8 -0.269647420000
9 -0.144676890000
10 -0.019728240000
11 -0.000099120000
12 -0.000104530000
13 -0.000120260000
14 -0.000156050000
15 -0.000250660000
16 0.037034850000
17 0.070195080000
18 0.055913530000
19 0.047908080000
20 0.058860690000
21 0.088406510000
22 0.007118160000
23 0.000000360000
24 0.000000170000
25 -0.000000030000
26 -0.000000020000
27 0.000000090000
28 0.053657090000
29 0.178657080000
30 0.277579490000
31 0.375267100000
32 0.471741610000
33 0.566946860000
34 0.489652150000
35 0.387907970000
36 0.277784270000
37 0.166724610000
38 0.054674510000
39 -0.000000570000
40 -0.069547150000
41 -0.161424720000
42 -0.080479770000
43 -0.059521130000
44 -0.035429850000
45 0.089570130000
46 0.214570120000
47 0.339570110000
48 0.464570090000
49 0.589570070000
50 0.699999990000
51 0.681800330000
52 0.699999970000
53 0.624999980000
54 0.500000010000
55 0.375000030000
56 0.250000040000
57 0.125000050000
58 0.000000050000
59 -0.124999940000
60 -0.249999940000
61 -0.374999930000
62 -0.499999930000
63 -0.624999920000
64 -0.700000000000
65 -0.700000000000
66 -0.700000000000
67 -0.700000000000
68 -0.700000000000
69 -0.700000000000
70 -0.700000000000
71 -0.624999700000
72 -0.499999710000
73 -0.374999730000
74 -0.249999740000
75 -0.124999750000
76 0.000000210000
77 -0.124999760000
78 -0.249999740000
79 -0.374999730000
80 -0.499999720000
81 -0.624999700000
82 -0.700000000000
83 -0.700000000000
84 -0.700000000000
85 -0.700000000000
86 -0.700000000000
87 -0.700000000000
88 -0.674999940000
89 -0.549999950000
90 -0.424999950000
91 -0.299999950000
92 -0.174999950000
93 -0.049999950000
94 0.075000050000
95 0.200000050000
96 0.325000050000
97 0.450000050000
98 0.575000040000
99 0.700000000000
100 0.700000000000
101 0.624999990000
102 0.500000000000
103 0.375000000000
104 0.250000000000
105 0.125000000000
106 0.000000000000

[w]
1 0.000000000000
2 0.000107270000
3 -0.000047140000
4 -0.000041350000
5 -0.499984610000
6 -0.499962590000
7 -0.078661240000
8 0.499882120000
9 0.499794590000
10 0.078516490000
11 -0.000021650000
12 -0.000062910000
13 -0.000143150000
14 -0.000378460000
15 0.149142060000
16 0.132640910000
17 -0.057126200000
18 -0.032021790000
19 0.043810430000
20 0.118183290000
21 -0.325153400000
22 -0.028471210000
23 -0.000000730000
24 -0.000000820000
25 0.000000030000
26 0.000000440000
27 0.214628020000
28 0.499999950000
29 0.499999920000
30 0.499999890000
31 0.499999810000
32 0.499999850000
33 -0.412030010000
34 -0.499999830000
35 -0.499999920000
36 -0.499999950000
37 -0.499999880000
38 -0.218700320000
39 -0.278186310000
40 -0.367510260000
41 0.326059760000
42 0.083834550000
43 0.096365110000
44 0.499999900000
45 0.499999940000
46 0.499999950000
47 0.499999940000
48 0.499999900000
49 0.441719680000
50 -0.072798640000
51 0.072798570000
52 -0.299999970000
53 -0.499999870000
54 -0.499999940000
55 -0.499999960000
56 -0.499999970000
57 -0.499999970000
58 -0.499999980000
59 -0.499999980000
60 -0.499999980000
61 -0.499999980000
62 -0.499999960000
63 -0.300000340000
64 -0.000000010000
65 -0.000000000000
66 0.000000000000
67 0.000000000000
68 0.000000010000
69 0.000000010000
70 0.300001200000
71 0.499999930000
72 0.499999950000
73 0.499999950000
74 0.499999940000
75 0.499999860000
76 -0.499999860000
77 -0.499999940000
78 -0.499999950000
79 -0.499999950000
80 -0.499999930000
81 -0.300001170000
82 -0.000000010000
83 -0.000000010000
84 -0.000000000000
85 -0.000000000000
86 0.000000010000
87 0.100000250000
88 0.499999960000
89 0.499999980000
90 0.499999990000
91 0.499999990000
92 0.499999990000
93 0.499999990000
94 0.499999990000
95 0.499999990000
96 0.499999980000
97 0.499999970000
98 0.499999840000
99 0.000000010000
100 -0.300000030000
101 -0.499999970000
102 -0.499999990000
103 -0.499999990000
104 -0.499999990000
105 -0.499999990000
106 0.000000000000

[dt]
1 0.126156340000
2 0.250000000000
3 0.250000000000
4 0.250000000000
5 0.250000000000
6 0.250000000000
7 0.250000000000
8 0.250000000000
9 0.250000000000
10 0.250000000000
11 0.250000000000
12 0.250000000000
13 0.250000000000
14 0.250000000000
15 0.250000000000
16 0.250000000000
17 0.250000000000
18 0.250000000000
19 0.250000000000
20 0.250000000000
21 0.250000000000
22 0.250000000000
23 0.250000000000
24 0.250000000000
25 0.250000000000
26 0.250000000000
27 0.250000000000
28 0.250000000000
29 0.197844840000
30 0.195375270000
31 0.192949100000
32 0.190410560000
33 0.187594870000
34 0.203488420000
35 0.220247440000
36 0.222119330000
37 0.224100270000
38 0.250000000000
39 0.250000000000
40 0.250000000000
41 0.248251890000
42 0.250000000000
43 0.250000000000
44 0.250000000000
45 0.250000000000
46 0.250000000000
47 0.250000000000
48 0.250000000000
49 0.250000000000
50 0.250000000000
51 0.250000000000
52 0.250000000000
53 0.250000000000
54 0.250000000000
55 0.250000000000
56 0.250000000000
57 0.250000000000
58 0.250000000000
59 0.250000000000
60 0.250000000000
61 0.250000000000
62 0.250000000000
63 0.250000000000
64 0.250000000000
65 0.250000000000
66 0.250000000000
67 0.250000000000
68 0.250000000000
69 0.250000000000
70 0.250000000000
71 0.250000000000
72 0.250000000000
73 0.250000000000
74 0.250000000000
75 0.250000000000
76 0.250000000000
77 0.250000000000
78 0.250000000000
79 0.250000000000
80 0.250000000000
81 0.250000000000
82 0.250000000000
83 0.250000000000
84 0.250000000000
85 0.250000000000
86 0.250000000000
87 0.250000000000
88 0.250000000000
89 0.250000000000
90 0.250000000000
91 0.250000000000
92 0.250000000000
93 0.250000000000
94 0.250000000000
95 0.250000000000
96 0.250000000000
97 0.250000000000
98 0.250000000000
99 0.250000000000
100 0.250000000000
101 0.250000000000
102 0.250000000000
103 0.250000000000
104 0.250000000000
105 0.250000000000

[s]
1 0.000000000000
2 0.000000000000
3 0.046875000000
4 0.093750000000
5 0.140625000000
6 0.187500000000
7 0.234375000000
8 0.281250010000
9 0.328125010000
10 0.375000010000
11 0.421875010000
12 0.468750010000
13 0.515625010000
14 0.562500010000
15 0.609375010000
16 0.656250010000
17 0.703125010000
18 0.750000000000
19 0.796875000000
20 0.843750000000
21 0.890625000000
22 0.937499990000
23 0.984374990000
24 1.031249990000
25 1.078124980000
26 1.124999970000
27 1.171874930000
28 1.125000160000
29 0.853206060000
30 0.813565560000
31 0.775189690000
32 0.737436360000
33 0.699741740000
34 0.730395990000
35 0.770247410000
36 0.813484550000
37 0.858072200000
38 0.999260130000
39 0.960048170000
40 0.913173170000
41 0.860240660000
42 0.819750990000
43 0.772876000000
44 0.726001010000
45 0.679126010000
46 0.632251010000
47 0.585376010000
48 0.538501020000
49 0.491626020000
50 0.444751020000
51 0.397876000000
52 0.351001010000
53 0.304126010000
54 0.257251010000
55 0.210376010000
56 0.163501020000
57 0.116626020000
58 0.069751020000
59 0.022876020000
60 -0.023998970000
61 -0.070873970000
62 -0.117748960000
63 -0.164623960000
64 -0.211498960000
65 -0.258373950000
66 -0.305248940000
67 -0.285454470000
68 -0.238579480000
69 -0.191704480000
70 -0.144829490000
71 -0.097954490000
72 -0.051079490000
73 -0.004204490000
74 0.042670510000
75 0.089545500000
76 0.136420490000
77 0.089545500000
78 0.042670500000
79 -0.004204500000
80 -0.051079500000
81 -0.097954490000
82 -0.144829490000
83 -0.191704490000
84 -0.238579490000
85 -0.285454480000
86 -0.332329410000
87 -0.285454420000
88 -0.238579430000
89 -0.191704430000
90 -0.144829430000
91 -0.097954430000
92 -0.051079440000
93 -0.004204440000
94 0.042670560000
95 0.089545550000
96 0.136420550000
97 0.183295550000
98 0.230170540000
99 0.277045540000
100 0.242097810000
101 0.195222810000
102 0.148347810000
103 0.101472820000
104 0.054597820000
105 0.007722820000

[splus]
1 0.011552450000
2 0.011552450000
3 0.047847010000
4 0.093810000000
5 0.140628610000
6 0.187500220000
7 0.234375020000
8 0.281250010000
9 0.328125010000
10 0.375000010000
11 0.421875010000
12 0.468750010000
13 0.515625010000
14 0.562500010000
15 0.609375010000
16 0.656250010000
17 0.703125010000
18 0.750000000000
19 0.796875000000
20 0.843750000000
21 0.890625000000
22 0.937499990000
23 0.984374990000
24 1.031249990000
25 1.078124980000
26 1.124999970000
27 1.171874930000
28 1.125000160000
29 0.853206060000
30 0.813565560000
31 0.775189690000
32 0.737436360000
33 0.699741740000
34 0.730395990000
35 0.770247410000
36 0.813484550000
37 0.858072200000
38 0.999260130000
39 0.960048170000
40 0.913173170000
41 0.860240660000
42 0.819750990000
43 0.772876000000
44 0.726001010000
45 0.679126010000
46 0.632251010000
47 0.585376010000
48 0.538501020000
49 0.491626020000
50 0.444751020000
51 0.397876000000
52 0.351001010000
53 0.304126010000
54 0.257251020000
55 0.210376070000
56 0.163501930000
57 0.116641250000
58 0.070002800000
59 0.026641110000
60 0.003544040000
61 0.000235490000
62 0.000014240000
63 0.000000860000
64 0.000000050000
65 0.000000000000
66 0.000000000000
67 0.000000000000
68 0.000000010000
69 0.000000170000
70 0.000002800000
71 0.000046640000
72 0.000760140000
73 0.009582440000
74 0.043911270000
75 0.089622680000
76 0.136425140000
77 0.089622680000
78 0.043911260000
79 0.009582440000
80 0.000760140000
81 0.000046640000
82 0.000002800000
83 0.000000170000
84 0.000000010000
85 0.000000000000
86 0.000000000000
87 0.000000000000
88 0.000000010000
89 0.000000170000
90 0.000002800000
91 0.000046640000
92 0.000760140000
93 0.009582460000
94 0.043911320000
95 0.089622730000
96 0.136425200000
97 0.183295830000
98 0.230170560000
99 0.277045540000
100 0.242097810000
101 0.195222950000
102 0.148350090000
103 0.101510590000
104 0.055215950000
105 0.015857240000

[sminus]
1 0.011552450000
2 0.011552450000
3 0.000972010000
4 0.000060000000
5 0.000003610000
6 0.000000220000
7 0.000000010000
8 0.000000000000
9 0.000000000000
10 0.000000000000
11 0.000000000000
12 0.000000000000
13 0.000000000000
14 0.000000000000
15 0.000000000000
16 0.000000000000
17 -0.000000000000
18 -0.000000000000
19 -0.000000000000
20 -0.000000000000
21 -0.000000000000
22 -0.000000000000
23 -0.000000000000
24 -0.000000000000
25 -0.000000000000
26 -0.000000000000
27 -0.000000000000
28 -0.000000000000
29 0.000000000000
30 0.000000000000
31 0.000000000000
32 0.000000000000
33 0.000000000000
34 0.000000000000
35 0.000000000000
36 0.000000000000
37 0.000000000000
38 0.000000000000
39 0.000000000000
40 0.000000000000
41 0.000000000000
42 0.000000000000
43 0.000000000000
44 0.000000000000
45 0.000000000000
46 -0.000000000000
47 0.000000000000
48 0.000000000000
49 0.000000000000
50 -0.000000000000
51 -0.000000000000
52 0.000000000000
53 0.000000000000
54 0.000000000000
55 0.000000050000
56 0.000000910000
57 0.000015230000
58 0.000251780000
59 0.003765090000
60 0.027543010000
61 0.071109450000
62 0.117763200000
63 0.164624820000
64 0.211499010000
65 0.258373960000
66 0.305248940000
67 0.285454470000
68 0.238579490000
69 0.191704650000
70 0.144832290000
71 0.098001130000
72 0.051839630000
73 0.013786930000
74 0.001240760000
75 0.000077180000
76 0.000004650000
77 0.000077180000
78 0.001240760000
79 0.013786940000
80 0.051839640000
81 0.098001140000
82 0.144832300000
83 0.191704660000
84 0.238579500000
85 0.285454480000
86 0.332329410000
87 0.285454420000
88 0.238579440000
89 0.191704600000
90 0.144832240000
91 0.098001080000
92 0.051839580000
93 0.013786900000
94 0.001240760000
95 0.000077180000
96 0.000004650000
97 0.000000280000
98 0.000000020000
99 0.000000000000
100 0.000000010000
101 0.000000140000
102 0.000002270000
103 0.000037780000
104 0.000618130000
105 0.008134410000

[k]
1 0.000000000000
2 0.000000000000
3 0.000013410000
4 0.000007520000
5 0.000002350000
6 -0.062823230000
7 -0.127661430000
8 -0.138189290000
9 -0.072847420000
10 -0.009865400000
11 -0.000049560000
12 -0.000052270000
13 -0.000060130000
14 -0.000078020000
15 -0.000125330000
16 0.018525900000
17 0.035155300000
18 0.027985930000
19 0.023972380000
20 0.029464380000
21 0.044318780000
22 0.003559140000
23 0.000000180000
24 0.000000090000
25 -0.000000020000
26 -0.000000010000
27 0.000000040000
28 0.026854320000
29 0.090291240000
30 0.142467740000
31 0.196967550000
32 0.255079420000
33 0.318334730000
34 0.266470710000
35 0.204305750000
36 0.142578450000
37 0.084143400000
38 0.027364520000
39 -0.000000290000
40 -0.034829750000
41 -0.081420810000
42 -0.040326990000
43 -0.029795760000
44 -0.017722340000
45 0.044905220000
46 0.108962440000
47 0.176626630000
48 0.250576820000
49 0.334466580000
50 0.421144180000
51 0.405821670000
52 0.421144170000
53 0.360742200000
54 0.273151250000
55 0.196813300000
56 0.127670980000
57 0.062827590000
58 0.000000030000
59 -0.062827540000
60 -0.127670930000
61 -0.196813250000
62 -0.273151200000
63 -0.360742160000
64 -0.421144190000
65 -0.421144190000
66 -0.421144190000
67 -0.421144190000
68 -0.421144190000
69 -0.421144190000
70 -0.421144190000
71 -0.360741990000
72 -0.273151060000
73 -0.196813130000
74 -0.127670820000
75 -0.062827440000
76 0.000000100000
77 -0.062827450000
78 -0.127670820000
79 -0.196813130000
80 -0.273151060000
81 -0.360742000000
82 -0.421144190000
83 -0.421144190000
84 -0.421144190000
85 -0.421144190000
86 -0.421144190000
87 -0.421144190000
88 -0.400212420000
89 -0.306552570000
90 -0.226291540000
91 -0.154668100000
92 -0.088404280000
93 -0.025020830000
94 0.037570500000
95 0.101355040000
96 0.168473910000
97 0.241527560000
98 0.324022780000
99 0.421144190000
100 0.421144190000
101 0.360742220000
102 0.273151240000
103 0.196813290000
104 0.127670960000
105 0.062827570000

[up]
1 0.011552450000
2 0.011552450000
3 0.047847620000
4 0.093810680000
5 0.140628930000
6 0.198808420000
7 0.263098840000
8 0.318561120000
9 0.351071940000
10 0.378551550000
11 0.421895080000
12 0.468773530000
13 0.515654770000
14 0.562542140000
15 0.609448330000
16 0.667921320000
17 0.726854830000
18 0.770149880000
19 0.815213880000
20 0.867616150000
21 0.928517550000
22 0.940703220000
23 0.984375160000
24 1.031250070000
25 1.078124990000
26 1.124999980000
27 1.171874980000
28 1.154002840000
29 0.927161610000
30 0.924836140000
31 0.921769410000
32 0.918017000000
33 0.913583750000
34 0.917239960000
35 0.921318750000
36 0.924830500000
37 0.927385270000
38 1.025510640000
39 0.960048440000
40 0.943706530000
41 0.927480490000
42 0.851486750000
43 0.794983290000
44 0.738352790000
45 0.708402460000
46 0.698386960000
47 0.684633290000
48 0.668039450000
49 0.649481190000
50 0.624563150000
51 0.552884040000
52 0.492910160000
53 0.409448660000
54 0.324708720000
55 0.250124690000
56 0.183541400000
57 0.123676400000
58 0.070002800000
59 0.028247950000
60 0.003978410000
61 0.000279980000
62 0.000017970000
63 0.000001150000
64 0.000000070000
65 0.000000000000
66 0.000000000000
67 0.000000000000
68 0.000000010000
69 0.000000240000
70 0.000003940000
71 0.000062790000
72 0.000959470000
73 0.011392950000
74 0.049293210000
75 0.095028210000
76 0.136425150000
77 0.095028210000
78 0.049293200000
79 0.011392950000
80 0.000959470000
81 0.000062790000
82 0.000003940000
83 0.000000240000
84 0.000000010000
85 0.000000000000
86 0.000000000000
87 0.000000000000
88 0.000000010000
89 0.000000220000
90 0.000003410000
91 0.000053570000
92 0.000824660000
93 0.009812630000
94 0.045495090000
95 0.098343100000
96 0.158489920000
97 0.225795980000
98 0.301767850000
99 0.389054620000
100 0.339977580000
101 0.262831100000
102 0.187251210000
103 0.120690080000
104 0.061983440000
105 0.016813660000

[down]
1 0.011552450000
2 0.011552450000
3 0.000972020000
4 0.000060000000
5 0.000003610000
6 0.000000230000
7 0.000000010000
8 0.000000000000
9 0.000000000000
10 0.000000000000
11 0.000000000000
12 0.000000000000
13 0.000000000000
14 0.000000000000
15 0.000000000000
16 0.000000000000
17 -0.000000000000
18 -0.000000000000
19 -0.000000000000
20 -0.000000000000
21 -0.000000000000
22 -0.000000000000
23 -0.000000000000
24 -0.000000000000
25 -0.000000000000
26 -0.000000000000
27 -0.000000000000
28 -0.000000000000
29 -0.000000000000
30 0.000000000000
31 0.000000000000
32 0.000000000000
33 0.000000000000
34 0.000000000000
35 0.000000000000
36 0.000000000000
37 0.000000000000
38 0.000000000000
39 0.000000000000
40 0.000000000000
41 0.000000000000
42 0.000000000000
43 0.000000000000
44 0.000000000000
45 0.000000000000
46 -0.000000000000
47 0.000000000000
48 0.000000000000
49 0.000000000000
50 -0.000000000000
51 -0.000000000000
52 0.000000000000
53 0.000000000000
54 0.000000000000
55 0.000000070000
56 0.000001030000
57 0.000016150000
58 0.000251780000
59 0.003992180000
60 0.030918800000
61 0.084544930000
62 0.148643670000
63 0.221636440000
64 0.297007730000
65 0.362834140000
66 0.428660610000
67 0.400863260000
68 0.335036800000
69 0.269210540000
70 0.203387760000
71 0.131940130000
72 0.065433280000
73 0.016391840000
74 0.001392840000
75 0.000081830000
76 0.000004650000
77 0.000081830000
78 0.001392840000
79 0.016391850000
80 0.065433290000
81 0.131940140000
82 0.203387770000
83 0.269210550000
84 0.335036810000
85 0.400863270000
86 0.466689660000
87 0.400863190000
88 0.330242600000
89 0.248121440000
90 0.176295580000
91 0.112552410000
92 0.056239110000
93 0.014118060000
94 0.001285510000
95 0.000084690000
96 0.000005400000
97 0.000000340000
98 0.000000020000
99 0.000000000000
100 0.000000010000
101 0.000000180000
102 0.000002870000
103 0.000044910000
104 0.000693890000
105 0.008625030000

[left]
1 0.023104910000
2 0.023104910000
3 0.023105550000
4 0.023105640000
5 0.023105250000
6 0.023465290000
7 0.039361280000
8 0.047660110000
9 0.033808140000
10 0.020651800000
11 0.023081520000
12 0.023077230000
13 0.023069540000
14 0.023054410000
15 0.023016460000
16 0.052279750000
17 0.093440450000
18 0.081629670000
19 0.075830580000
20 0.095654640000
21 0.145965520000
22 0.028813170000
23 0.023105130000
24 0.023105020000
25 0.023104880000
26 0.023104890000
27 0.023104970000
28 0.117976340000
29 0.272446300000
30 0.401785640000
31 0.522687370000
32 0.637700440000
33 0.748833130000
34 0.658732870000
35 0.537961100000
36 0.402045290000
37 0.256244630000
38 0.106165980000
39 0.023104560000
40 0.041104020000
41 0.076621000000
42 0.042266720000
43 0.032991120000
44 0.024119500000
45 0.112184190000
46 0.237250010000
47 0.347857600000
48 0.447294180000
49 0.538692210000
50 0.607625080000
51 0.521615760000
52 0.475048500000
53 0.352980270000
54 0.228585340000
55 0.138466780000
56 0.075162170000
57 0.036376690000
58 0.023104910000
59 0.021958310000
60 0.027589380000
61 0.053537980000
62 0.106771480000
63 0.187338000000
64 0.275204310000
65 0.333638020000
66 0.392071760000
67 0.367396230000
68 0.308962490000
69 0.250528870000
70 0.192097280000
71 0.116184570000
72 0.053848560000
73 0.025157040000
74 0.020885960000
75 0.020702750000
76 0.023104920000
77 0.020702750000
78 0.020885960000
79 0.025157040000
80 0.053848570000
81 0.116184580000
82 0.192097290000
83 0.250528880000
84 0.308962500000
85 0.367396240000
86 0.425829910000
87 0.367396170000
88 0.294180520000
89 0.185504320000
90 0.108570670000
91 0.056869330000
92 0.029937580000
93 0.023230050000
94 0.025061580000
95 0.040686210000
96 0.081223300000
97 0.146652300000
98 0.240893860000
99 0.373076070000
100 0.325690310000
101 0.226885180000
102 0.134503780000
103 0.071843220000
104 0.035444320000
105 0.023745090000

[right]
1 0.023104910000
2 0.023104910000
3 0.023104260000
4 0.023104170000
5 0.023104560000
6 0.048493480000
7 0.103636440000
8 0.132061920000
9 0.086276850000
10 0.028859190000
11 0.023128400000
12 0.023132730000
13 0.023140510000
14 0.023155890000
15 0.023194850000
16 0.023598400000
17 0.034546910000
18 0.031129050000
19 0.029421050000
20 0.034674770000
21 0.048221970000
22 0.020472270000
23 0.023104680000
24 0.023104790000
25 0.023104930000
26 0.023104920000
27 0.023104840000
28 0.039623800000
29 0.083119860000
30 0.119229920000
31 0.153398870000
32 0.186301850000
33 0.218489150000
34 0.192362920000
35 0.157745440000
36 0.119302860000
37 0.078627290000
38 0.036967720000
39 0.023105250000
40 0.120223190000
41 0.249001540000
42 0.122957390000
43 0.088660910000
44 0.054921760000
45 0.039890790000
46 0.075552760000
47 0.107604540000
48 0.136907880000
49 0.164310220000
50 0.185558150000
51 0.161555020000
52 0.148879120000
53 0.113474050000
54 0.076831830000
55 0.050018350000
56 0.031059890000
57 0.021067490000
58 0.023104900000
59 0.024900100000
60 0.021415680000
61 0.025705300000
62 0.043341930000
63 0.071611700000
64 0.103719250000
65 0.126696630000
66 0.150599410000
67 0.140392810000
68 0.116880800000
69 0.094294280000
70 0.072635320000
71 0.046148870000
72 0.025878310000
73 0.023504130000
74 0.032073590000
75 0.032381310000
76 0.023104890000
77 0.032381310000
78 0.032073590000
79 0.023504130000
80 0.025878310000
81 0.046148880000
82 0.072635320000
83 0.094294290000
84 0.116880800000
85 0.140392820000
86 0.164830170000
87 0.140392790000
88 0.111645730000
89 0.071780560000
90 0.044380720000
91 0.026841550000
92 0.020885120000
93 0.023019920000
94 0.021769320000
95 0.021846020000
96 0.032976410000
97 0.052680700000
98 0.080837750000
99 0.119944570000
100 0.106271520000
101 0.076977480000
102 0.049199120000
103 0.030267700000
104 0.021092480000
105 0.022749650000
