  0.00000000
  0.00000000
  0.00002682
  0.00001503
  0.00000469
 -0.12499146
 -0.24998211
 -0.26964742
 -0.14467689
 -0.01972824
 -0.00009912
 -0.00010453
 -0.00012026
 -0.00015605
 -0.00025066
  0.03703485
  0.07019508
  0.05591353
  0.04790808
  0.05886069
  0.08840651
  0.00711816
  0.00000036
  0.00000017
 -0.00000003
 -0.00000002
  0.00000009
  0.05365709
  0.17865708
  0.27757949
  0.37526710
  0.47174161
  0.56694686
  0.48965215
  0.38790797
  0.27778427
  0.16672461
  0.05467451
 -0.00000057
 -0.06954715
 -0.16142472
 -0.08047977
 -0.05952113
 -0.03542985
  0.08957013
  0.21457012
  0.33957011
  0.46457009
  0.58957007
  0.69999999
  0.68180033
  0.69999997
  0.62499998
  0.50000001
  0.37500003
  0.25000004
  0.12500005
  0.00000005
 -0.12499994
 -0.24999994
 -0.37499993
 -0.49999993
 -0.62499992
 -0.70000000
 -0.70000000
 -0.70000000
 -0.70000000
 -0.70000000
 -0.70000000
 -0.70000000
 -0.62499970
 -0.49999971
 -0.37499973
 -0.24999974
 -0.12499975
  0.00000021
 -0.12499976
 -0.24999974
 -0.37499973
 -0.49999972
 -0.62499970
 -0.70000000
 -0.70000000
 -0.70000000
 -0.70000000
 -0.70000000
 -0.70000000
 -0.67499994
 -0.54999995
 -0.42499995
 -0.29999995
 -0.17499995
 -0.04999995
  0.07500005
  0.20000005
  0.32500005
  0.45000005
  0.57500004
  0.70000000
  0.70000000
  0.62499999
  0.50000000
  0.37500000
  0.25000000
  0.12500000
  0.00000000
