  2.00816327
  2.00816327
  2.00816327
  2.00686168
  2.00425858
  2.00035402
  1.99514801
  1.98588129
  1.96635885
  1.93088101
  1.88143624
  1.82426415
  1.76072989
  1.69082970
  1.61455766
  1.53190312
  1.44284088
  1.35589314
  1.28157198
  1.21926556
  1.16937392
  1.13882722
  1.14367093
  1.15204129
  1.16081043
  1.16997826
  1.17954467
  1.18950967
  1.19907613
  1.23209953
  1.32606104
  1.50403851
  1.78054232
  2.15958797
  2.68109479
  3.32497059
  4.06655590
  4.88434934
  5.85604821
  6.79538997
  7.68886767
  8.52447794
  9.30517557
 10.03303850
 10.71095340
 11.34191846
 11.93619003
 12.49885287
 13.02902687
 13.52023668
 13.96161225
 14.34045179
 14.65306627
 14.90061009
 15.09237807
 15.23897051
 15.34794804
 15.42385053
 15.46885661
 15.48361711
 15.46810570
 15.42246320
 15.34789729
 15.24779834
 15.12938968
 15.00435507
 14.88651929
 14.81099269
 14.77591678
 14.76689499
 14.77176858
 14.78102624
 14.78764724
 14.78825035
 14.78209461
 14.76965950
 14.75147523
 14.73953920
 14.73408942
 14.73460368
 14.74089331
 14.75430994
 14.77920301
 14.82360331
 14.89739792
 15.01247512
 15.18195587
 15.36036187
 15.53073109
 15.67979783
 15.79756940
 15.87904880
 15.92196180
 15.92550430
 15.88954924
 15.81401914
 15.69829049
 15.54060741
 15.33759980
 15.08419977
 14.85287744
 14.66145041
 14.51429909
 14.41320628
 14.35872951
 14.35102041
