  0.00000000
  0.00000000
  0.09233676
  0.18463291
  0.27682907
  0.36885541
  0.35493474
  0.26625809
  0.17761364
  0.09147125
  0.01314820
 -0.03693088
 -0.01244497
  0.00017631
  0.00145813
  0.00018475
 -0.00011706
 -0.00006799
  0.00000165
  0.00001682
  0.00001336
  0.00001019
  0.00000858
  0.00000728
  0.00000798
  0.00001990
  0.00002513
 -0.00016847
  0.00044692
  0.01278917
 -0.03684319
 -0.12787737
 -0.10131418
 -0.00855946
  0.08430445
  0.17720417
  0.27020369
  0.36353948
  0.45946907
  0.55694976
  0.62384293
  0.53623324
  0.44453324
  0.54075515
  0.49986596
  0.39792228
  0.30108954
  0.20234690
  0.10243244
  0.00198332
 -0.09857798
 -0.05696391
  0.00003500
  0.06186861
  0.10117286
  0.00017035
 -0.10098621
 -0.20215338
 -0.30347637
 -0.40537597
 -0.50855823
 -0.53974012
 -0.44983532
 -0.35685586
 -0.41642712
 -0.31944425
 -0.22307311
 -0.12554237
 -0.02742135
  0.07048218
 -0.02945596
 -0.12945821
 -0.22948647
 -0.32975648
 -0.43074114
 -0.53584412
 -0.54021281
 -0.41651358
 -0.31928778
 -0.22113488
 -0.12239533
 -0.02335551
  0.07580687
  0.17501607
  0.27426957
  0.37360502
  0.47306670
  0.57709660
  0.67968225
  0.69999962
  0.69999969
  0.69999973
  0.69999974
  0.69999974
  0.69999974
  0.69999973
  0.69999971
  0.69999969
  0.69999965
  0.69999961
  0.69999954
  0.60523375
  0.51238559
  0.42090640
  0.33047737
  0.24090626
  0.15207298
  0.06390176
 -0.02365358
 -0.11061747
 -0.19699640
 -0.28278027
 -0.36794211
 -0.45243651
 -0.53619669
 -0.61912997
 -0.69999956
 -0.69999961
 -0.69999935
 -0.60670903
 -0.51591742
 -0.42699694
 -0.33954010
 -0.25327234
 -0.16800525
 -0.08360979
  0.00000000
