 -1.57000000
 -1.57000000
 -1.57000000
 -1.56881059
 -1.56401331
 -1.55306734
 -1.53321836
 -1.50942977
 -1.48841708
 -1.47228028
 -1.46285726
 -1.46133913
 -1.46608272
 -1.46784053
 -1.46781320
 -1.46756973
 -1.46753652
 -1.46755908
 -1.46757306
 -1.46757270
 -1.46756881
 -1.46756556
 -1.46756294
 -1.46756062
 -1.46755857
 -1.46755621
 -1.46755008
 -1.46754201
 -1.46759826
 -1.46744333
 -1.46284409
 -1.47657307
 -1.52611924
 -1.56670319
 -1.57023418
 -1.53426893
 -1.45564953
 -1.33000773
 -1.14752444
 -0.90636050
 -0.60348107
 -0.28819117
 -0.01565839
  0.21353217
  0.51045626
  0.78883186
  0.99235076
  1.14566614
  1.24815834
  1.29978850
  1.30078602
  1.25104483
  1.22232823
  1.22234586
  1.25355398
  1.30483691
  1.30492308
  1.25366504
  1.14983139
  0.99028073
  0.76887749
  0.47805635
  0.20874481
 -0.01574785
 -0.19359724
 -0.40842269
 -0.56781398
 -0.67844191
 -0.74036375
 -0.75384730
 -0.71856806
 -0.73330099
 -0.79841335
 -0.91553059
 -1.08834321
 -1.32860627
 -1.63567177
 -1.98107616
 -2.17336156
 -2.31369229
 -2.40642103
 -2.45550938
 -2.46449872
 -2.43637760
 -2.37349123
 -2.27750629
 -2.14941116
 -1.98242800
 -1.78340230
 -1.54981084
 -1.31496448
 -1.09679006
 -0.89523506
 -0.70963331
 -0.53908564
 -0.38268589
 -0.23963031
 -0.10925729
  0.00894906
  0.11537216
  0.21028280
  0.29449557
  0.35312667
  0.39292616
  0.41868200
  0.43406429
  0.44205714
  0.44520543
  0.44576977
  0.44583274
  0.44737790
  0.45235366
  0.46272925
  0.48054766
  0.50797927
  0.54737897
  0.60134894
  0.67925837
  0.76724278
  0.84974998
  0.90709541
  0.94612333
  0.97161006
  0.98712953
  0.99551402
  0.99912123
  1.00000000
