  0.00000000
  0.00000000
  0.13880882
  0.27761086
  0.41640634
  0.55519504
  0.69397728
  0.83276465
  0.97155386
  1.11034596
  1.24914057
  1.38793619
  1.52673219
  1.66552795
  1.80432371
  1.94311942
  2.08191512
  2.22071081
  2.35950649
  2.49830218
  2.63709786
  2.77589354
  2.91468922
  3.05348490
  3.19228057
  3.33107624
  3.46987190
  3.60866756
  3.74746320
  3.88625889
  4.02505468
  4.16386035
  4.30267633
  4.44184621
  4.58115089
  4.72050350
  4.86000307
  4.99999690
  4.99999769
  4.99999777
  4.99999720
  4.99999747
  4.99999770
  4.99999784
  4.99999791
  4.99999765
  4.99999777
  4.99999785
  4.99999789
  4.99999791
  4.99999791
  4.99999792
  4.99999792
  4.99999792
  4.99999793
  4.99999792
  4.99999790
  4.99999788
  4.99999788
  4.99999794
  4.99999806
  4.99999728
  4.99999748
  4.99999762
  4.99999770
  4.99999766
  4.99999774
  4.99999778
  4.99999781
  4.99999787
  4.99999785
  4.99999782
  4.99999779
  4.99999781
  4.97468146
  4.81702771
  4.65599865
  4.47044987
  4.32461131
  4.17738210
  4.02927288
  3.88071322
  3.73196969
  3.58315589
  3.43427558
  3.28527229
  3.13607954
  2.98003425
  2.82615504
  2.67274020
  2.51626069
  2.36184959
  2.20987476
  2.06030468
  1.91288866
  1.76728352
  1.62312878
  1.48008626
  1.33785857
  1.19619565
  1.05489533
  0.91272819
  0.77345513
  0.63623592
  0.50059204
  0.36623512
  0.23298497
  0.10072795
 -0.03060526
 -0.16105130
 -0.29061989
 -0.41929589
 -0.54703888
 -0.67378076
 -0.79942145
 -0.92382222
 -1.04679545
 -1.17933848
 -1.05000094
 -0.91006437
 -0.77387673
 -0.64049587
 -0.50931051
 -0.37990877
 -0.25200806
 -0.12541478
  0.00000000
