  0.00000000
  0.49890541
  0.49871021
  0.49819325
  0.49729897
 -0.07522974
 -0.47920131
 -0.47902158
 -0.46549117
 -0.42322984
 -0.27060814
  0.13230885
  0.06820068
  0.00692703
 -0.00688054
 -0.00163087
  0.00026506
  0.00037627
  0.00008197
 -0.00001869
 -0.00001709
 -0.00000869
 -0.00000705
  0.00000379
  0.00006442
  0.00002820
 -0.00104610
  0.00332562
  0.06669213
 -0.26819385
 -0.49187661
  0.14351488
  0.49986201
  0.49996549
  0.49998510
  0.49999157
  0.49999422
  0.49999525
  0.49999411
  0.34382421
 -0.49997627
 -0.49993251
  0.49994859
 -0.20672097
 -0.49999285
 -0.49999357
 -0.49999200
 -0.49998672
 -0.49996853
 -0.49985129
  0.20684904
  0.28297187
  0.30684713
  0.19504587
 -0.49986006
 -0.49997058
 -0.49998771
 -0.49999279
 -0.49999449
 -0.49999379
 -0.14942928
  0.49997687
  0.49996397
 -0.31218637
  0.49917873
  0.49997947
  0.49997984
  0.49996377
  0.49788825
 -0.49997733
 -0.49998973
 -0.49999390
 -0.49999567
 -0.49999631
 -0.49999571
 -0.02034823
  0.49999857
  0.49999878
  0.49999899
  0.49999908
  0.49999911
  0.49999910
  0.49999906
  0.49999897
  0.49999882
  0.49999849
  0.49999799
  0.49999709
  0.09932522
  0.00000035
  0.00000017
  0.00000008
  0.00000002
 -0.00000002
 -0.00000006
 -0.00000009
 -0.00000013
 -0.00000017
 -0.00000023
 -0.00000036
 -0.49993468
 -0.49999676
 -0.49999808
 -0.49999851
 -0.49999872
 -0.49999882
 -0.49999888
 -0.49999889
 -0.49999888
 -0.49999883
 -0.49999874
 -0.49999858
 -0.49999828
 -0.49999766
 -0.49999566
 -0.49321250
 -0.00000023
  0.00000143
  0.49999388
  0.49999794
  0.49999861
  0.49999887
  0.49999901
  0.49999908
  0.49999912
  0.49999913
  0.00000000
