  2.89731051
  2.89731051
  2.89731051
  2.89733097
  2.89743299
  2.89795566
  2.89977696
  2.90460163
  2.91405267
  2.92884722
  2.94905779
  2.97396149
  3.00201985
  3.03155155
  3.06322903
  3.09755539
  3.13460937
  3.17432281
  3.21667460
  3.26166733
  3.30930689
  3.35959500
  3.41253154
  3.46811633
  3.52634935
  3.58723054
  3.65076021
  3.71694089
  3.78577419
  3.85721616
  3.93141505
  4.01167647
  4.08418544
  4.11984406
  4.12322098
  4.12369943
  4.15576418
  4.25999864
  4.48876269
  4.88916517
  5.48899664
  6.21037810
  7.08967884
  8.05187852
  9.01841133
  9.90790443
 10.59026861
 11.13012579
 11.54222314
 11.86073662
 12.13002181
 12.39833795
 12.71491529
 13.05895625
 13.40298067
 13.71814378
 13.98403422
 14.24985934
 14.56583159
 14.98223987
 15.54815509
 16.29801329
 17.09630568
 18.00598057
 18.95994430
 19.91320946
 20.79768998
 21.61998366
 22.38396129
 23.10977179
 23.83841466
 24.59119588
 25.33438361
 26.03411769
 26.64949222
 27.13465613
 27.38269888
 27.30801841
 26.96128889
 26.48014099
 25.92212721
 25.33015030
 24.73465203
 24.15751433
 23.61589211
 23.12516637
 22.70081324
 22.34398686
 22.09935403
 21.97737043
 21.98907186
 22.12016502
 22.33861928
 22.61420997
 22.92141518
 23.24011595
 23.55522834
 23.85595147
 24.13495713
 24.38764714
 24.61151287
 24.80707011
 24.96926461
 25.10204343
 25.20834305
 25.29027459
 25.34930832
 25.38644415
 25.40236334
 25.39756039
 25.37245708
 25.32750307
 25.26326983
 25.18054769
 25.08045889
 24.96460378
 24.83526120
 24.68271942
 24.52017333
 24.37915033
 24.27005504
 24.18527158
 24.11975182
 24.07019328
 24.03448968
 24.01134664
 24.00000000
