task_id 19

[x]
1 22.000000000000
2 22.000000000000
3 22.000000000000
4 21.963888430000
5 21.892694050000
6 21.787513190000
7 21.649648430000
8 21.480827250000
9 21.283586420000
10 21.035107600000
11 20.756569200000
12 20.451971540000
13 20.124448310000
14 19.775534310000
15 19.404479540000
16 19.164238250000
17 18.912507050000
18 18.649257300000
19 18.374477200000
20 18.088057020000
21 17.789537150000
22 17.480518520000
23 17.119303860000
24 16.744477510000
25 16.351837140000
26 16.019073960000
27 15.692843260000
28 15.300714900000
29 14.835193080000
30 14.336609200000
31 13.803767850000
32 13.247567860000
33 12.675602730000
34 12.093014500000
35 11.501990820000
36 10.902227060000
37 10.289470120000
38 9.661330320000
39 9.017851850000
40 8.355395360000
41 7.680017040000
42 6.998065910000
43 6.312242270000
44 5.668820180000
45 5.082201820000
46 4.576674690000
47 4.193012570000
48 3.953483290000
49 3.872380800000
50 3.946480870000
51 4.122162290000
52 4.395582970000
53 4.813429980000
54 5.355637880000
55 5.972300320000
56 6.636021820000
57 7.322883540000
58 7.537802430000
59 7.751333250000
60 7.964642880000
61 8.177758850000
62 8.390683120000
63 8.603390480000
64 8.815884530000
65 9.028122350000
66 9.240052030000
67 9.451732560000
68 9.663240010000
69 9.874714300000
70 10.086624610000
71 10.386842580000
72 10.685249740000
73 10.983414340000
74 11.282425550000
75 11.583185820000
76 11.886464690000
77 12.192868560000
78 12.503037600000
79 12.828183960000
80 13.158195900000
81 13.491806750000
82 13.828112310000
83 14.166441730000
84 14.506587350000
85 14.845793580000
86 15.126206360000
87 15.403088440000
88 15.677310120000
89 15.948790250000
90 16.217527590000
91 16.483960640000
92 16.750001220000
93 17.011005180000
94 17.269729330000
95 17.531730440000
96 17.789782970000
97 18.044631280000
98 18.299458920000
99 18.553105850000
100 18.794864450000
101 19.033790330000
102 19.286549990000
103 19.535589270000
104 19.781157690000
105 20.023395510000
106 20.267986460000
107 20.510059760000
108 20.750017380000
109 20.963966780000
110 21.174940950000
111 21.383700790000
112 21.590258310000
113 21.794599040000
114 21.996721850000
115 22.196589000000
116 22.394236720000
117 22.589633020000
118 22.782744360000
119 22.973578050000
120 23.162117480000
121 23.348366660000
122 23.532307960000
123 23.912495010000
124 24.282540900000
125 24.641622200000
126 24.988799710000
127 25.323000140000
128 25.642982740000
129 25.947255880000
130 26.234142790000
131 26.501518730000
132 26.747504400000
133 26.965089870000
134 27.109835400000
135 27.236619370000
136 27.356261850000
137 27.474325910000
138 27.588580820000
139 27.696057280000
140 27.779694640000
141 27.836039180000
142 27.868403570000
143 27.880224900000
144 27.874894090000
145 27.855634050000
146 27.825444840000
147 27.787020470000
148 27.742306610000
149 27.695060390000
150 27.647682690000
151 27.601896450000
152 27.558930670000
153 27.519662330000
154 27.484693570000
155 27.454428380000
156 27.429118440000
157 27.408900670000
158 27.393825820000
159 27.388442350000
160 27.384574860000
161 27.382199900000
162 27.381312160000
163 27.381936510000
164 27.384104280000
165 27.387752490000
166 27.392883230000
167 27.399500210000
168 27.407605490000
169 27.439491770000
170 27.487133720000
171 27.550331580000
172 27.629583130000
173 27.726234370000
174 27.842521620000
175 27.994870630000
176 28.147063360000
177 28.310796990000
178 28.444921950000
179 28.545428990000
180 28.612135830000
181 28.645925660000
182 28.648084810000
183 28.616124430000
184 28.546716050000
185 28.441468700000
186 28.301487230000
187 28.127286150000
188 27.919055820000
189 27.657192210000
190 27.322789880000
191 26.981843910000
192 26.686428760000
193 26.439276460000
194 26.240026590000
195 26.087715510000
196 25.981977380000
197 25.922173240000
198 25.907832560000
199 25.936775480000
200 26.005721850000
201 26.110596350000
202 26.260369080000
203 26.447450720000
204 26.666872370000
205 26.911071040000
206 27.169368920000
207 27.427791970000
208 27.669296970000
209 27.880818050000
210 28.030354410000
211 28.114922900000
212 28.136198560000
213 28.099384460000
214 28.024005880000
215 27.957227640000
216 27.882844950000
217 27.814412520000
218 27.760379340000
219 27.722310560000
220 27.703773720000
221 27.696018340000
222 27.688253590000
223 27.681680100000
224 27.677533810000
225 27.675807520000
226 27.675544630000
227 27.675544790000

[y]
1 22.935835350000
2 22.935835350000
3 22.935835350000
4 22.936675150000
5 22.938473180000
6 22.941965170000
7 22.949010680000
8 22.963069490000
9 22.989633960000
10 23.042243720000
11 23.131902460000
12 23.262355040000
13 23.435173400000
14 23.649669090000
15 23.902749660000
16 24.075802930000
17 24.257128430000
18 24.446659480000
19 24.644365960000
20 24.850250540000
21 25.064372110000
22 25.281809270000
23 25.536336520000
24 25.800493750000
25 26.066991990000
26 26.275469510000
27 26.459755580000
28 26.653416100000
29 26.839537980000
30 26.978555250000
31 27.052293890000
32 27.058831620000
33 27.004316700000
34 26.896922940000
35 26.746359160000
36 26.563552030000
37 26.359870840000
38 26.148330560000
39 25.930294550000
40 25.704573210000
41 25.467368390000
42 25.200281480000
43 24.879877710000
44 24.500997150000
45 24.048985640000
46 23.516640540000
47 22.922430030000
48 22.286209180000
49 21.619575260000
50 21.027883520000
51 20.486040120000
52 19.949276540000
53 19.359111840000
54 18.793215430000
55 18.295970690000
56 17.858641560000
57 17.466225170000
58 17.352216890000
59 17.238942750000
60 17.125729030000
61 17.012560050000
62 16.899433780000
63 16.786362530000
64 16.673343090000
65 16.560396870000
66 16.447549860000
67 16.334768800000
68 16.222011000000
69 16.109199310000
70 15.996080280000
71 15.835712260000
72 15.676293200000
73 15.519180530000
74 15.365939210000
75 15.218203720000
76 15.077654580000
77 14.946030580000
78 14.825039280000
79 14.712725160000
80 14.613867970000
81 14.526765540000
82 14.449542750000
83 14.380254890000
84 14.316865860000
85 14.257794940000
86 14.210648100000
87 14.164070700000
88 14.117497530000
89 14.070782580000
90 14.023758590000
91 13.976185420000
92 13.927722230000
93 13.879701260000
94 13.832492420000
95 13.785346970000
96 13.739083500000
97 13.692633210000
98 13.644602810000
99 13.595108810000
100 13.547136360000
101 13.499818690000
102 13.450009820000
103 13.400982960000
104 13.351727480000
105 13.301330830000
106 13.247750020000
107 13.191918120000
108 13.134709250000
109 13.082882090000
110 13.031803840000
111 12.981371920000
112 12.931577610000
113 12.882417130000
114 12.833884040000
115 12.785981270000
116 12.738694500000
117 12.692026200000
118 12.645979530000
119 12.600548270000
120 12.555732140000
121 12.511526280000
122 12.467931170000
123 12.377949280000
124 12.290375550000
125 12.201148730000
126 12.106786320000
127 12.004346780000
128 11.891413220000
129 11.766112430000
130 11.627101500000
131 11.473731390000
132 11.305746180000
133 11.127527990000
134 10.984344690000
135 10.838144390000
136 10.679769610000
137 10.500900720000
138 10.300996130000
139 10.074298980000
140 9.844622720000
141 9.620722890000
142 9.405741630000
143 9.202009240000
144 9.011058670000
145 8.833905350000
146 8.671041360000
147 8.522415130000
148 8.386391530000
149 8.265458980000
150 8.158244650000
151 8.063578340000
152 7.980482530000
153 7.908179470000
154 7.846039580000
155 7.793577860000
156 7.750423220000
157 7.716295600000
158 7.690982480000
159 7.681960360000
160 7.675478900000
161 7.671498260000
162 7.670010200000
163 7.671057000000
164 7.674691090000
165 7.680806260000
166 7.689406720000
167 7.700499360000
168 7.714088070000
169 7.767551000000
170 7.847431370000
171 7.952240610000
172 8.079962210000
173 8.227775060000
174 8.391723600000
175 8.583190750000
176 8.744816710000
177 8.889010420000
178 8.987200830000
179 9.052909120000
180 9.093822560000
181 9.113923650000
182 9.115195310000
183 9.096378030000
184 9.055512130000
185 8.994242250000
186 8.915545360000
187 8.824429420000
188 8.728620300000
189 8.631671060000
190 8.550894730000
191 8.519387370000
192 8.528634340000
193 8.556427340000
194 8.588767900000
195 8.617534200000
196 8.638572240000
197 8.650470960000
198 8.653267360000
199 8.647679200000
200 8.633957460000
201 8.611034410000
202 8.572412640000
203 8.510935240000
204 8.418058070000
205 8.284415690000
206 8.100807360000
207 7.859380390000
208 7.554841580000
209 7.173840160000
210 6.727559990000
211 6.228052850000
212 5.685337490000
213 5.089387780000
214 4.536366080000
215 4.146326390000
216 3.711811000000
217 3.312130750000
218 2.946794890000
219 2.584732300000
220 2.269388990000
221 2.071184880000
222 1.872802550000
223 1.704929070000
224 1.568579120000
225 1.460493760000
226 1.391336390000
227 1.361985470000

[theta]
1 3.118341030000
2 3.118341030000
3 3.118341030000
4 3.116342840000
5 3.108405020000
6 3.090532530000
7 3.058508050000
8 3.007717830000
9 2.932946670000
10 2.830176160000
11 2.736948510000
12 2.656068760000
13 2.590396420000
14 2.543010620000
15 2.517351590000
16 2.517362850000
17 2.517591560000
18 2.517893700000
19 2.518347100000
20 2.519364960000
21 2.528429440000
22 2.527757620000
23 2.527688800000
24 2.545282430000
25 2.581912400000
26 2.627385780000
27 2.682860880000
28 2.761247100000
29 2.869674580000
30 3.004078460000
31 3.129838920000
32 3.236617210000
33 3.323885260000
34 3.391037680000
35 3.437445960000
36 3.462504110000
37 3.466435360000
38 3.468290660000
39 3.469988800000
40 3.479351870000
41 3.514881050000
42 3.578642080000
43 3.673774960000
44 3.798108790000
45 3.952824450000
46 4.139065820000
47 4.352314720000
48 4.591324230000
49 4.836974570000
50 5.025923460000
51 5.183518330000
52 5.328475640000
53 5.476412910000
54 5.604585390000
55 5.700575730000
56 5.764122670000
57 5.795459160000
58 5.795451090000
59 5.795242840000
60 5.795030320000
61 5.794813920000
62 5.794593090000
63 5.794367200000
64 5.794135560000
65 5.793897410000
66 5.793651910000
67 5.793398020000
68 5.793134540000
69 5.792860050000
70 5.792575230000
71 5.792527490000
72 5.798224380000
73 5.809592860000
74 5.826596940000
75 5.849217630000
76 5.877444470000
77 5.911258220000
78 5.950590840000
79 5.992135540000
80 6.027796650000
81 6.057477040000
82 6.081184380000
83 6.098940250000
84 6.110769830000
85 6.116609700000
86 6.116524710000
87 6.114953040000
88 6.112779180000
89 6.109957960000
90 6.106491640000
91 6.102996520000
92 6.101234600000
93 6.102703070000
94 6.105146910000
95 6.105790580000
96 6.102897980000
97 6.096888970000
98 6.090477280000
99 6.087298650000
100 6.087671940000
101 6.088618080000
102 6.088806950000
103 6.085234630000
104 6.078065160000
105 6.067528970000
106 6.056508720000
107 6.049141970000
108 6.045523160000
109 6.045649390000
110 6.046148180000
111 6.046631220000
112 6.047091100000
113 6.047529840000
114 6.047949490000
115 6.048351750000
116 6.048738150000
117 6.049110030000
118 6.049468520000
119 6.049814660000
120 6.050149420000
121 6.050473560000
122 6.050783870000
123 6.050804270000
124 6.039631760000
125 6.017797760000
126 5.985756480000
127 5.943896810000
128 5.892544960000
129 5.831974250000
130 5.762394650000
131 5.684023840000
132 5.596922890000
133 5.503213020000
134 5.426780610000
135 5.359361980000
136 5.295803250000
137 5.231624500000
138 5.155100430000
139 5.061616430000
140 4.958920580000
141 4.861811990000
142 4.770347810000
143 4.684479030000
144 4.604094700000
145 4.529104790000
146 4.459398240000
147 4.394794900000
148 4.339940600000
149 4.296293900000
150 4.261899270000
151 4.235184630000
152 4.214853630000
153 4.199816450000
154 4.189129270000
155 4.181961770000
156 4.177567620000
157 4.175263540000
158 4.174413140000
159 4.174413800000
160 4.174469460000
161 4.174528050000
162 4.174558780000
163 4.174533950000
164 4.174484410000
165 4.174500720000
166 4.174536060000
167 4.174572360000
168 4.174607930000
169 4.174609330000
170 4.169781620000
171 4.157030710000
172 4.133294100000
173 4.095454620000
174 4.040278700000
175 3.957041630000
176 3.863621810000
177 3.773528110000
178 3.720612070000
179 3.691756860000
180 3.678242070000
181 3.673850530000
182 3.673713290000
183 3.673717370000
184 3.668784670000
185 3.653750490000
186 3.623510140000
187 3.572823320000
188 3.496173260000
189 3.378606810000
190 3.233742520000
191 3.110301270000
192 3.029610180000
193 2.980684320000
194 2.954925930000
195 2.945193740000
196 2.945195980000
197 2.949011320000
198 2.950864410000
199 2.945139250000
200 2.926401110000
201 2.889221520000
202 2.824096710000
203 2.741178350000
204 2.640848550000
205 2.523628850000
206 2.390183760000
207 2.241265910000
208 2.077601190000
209 1.894111610000
210 1.738509830000
211 1.609978500000
212 1.509100880000
213 1.435328040000
214 1.401231510000
215 1.401254300000
216 1.401222690000
217 1.423960790000
218 1.466037040000
219 1.512080860000
220 1.531688000000
221 1.531675950000
222 1.531658910000
223 1.540396560000
224 1.554826100000
225 1.566995110000
226 1.570801810000
227 1.570796330000

[v]
1 0.000000000000
2 0.000000000000
3 0.165362370000
4 0.329160620000
5 0.491399930000
6 0.651989340000
7 0.810752600000
8 0.967428780000
9 1.121682250000
10 1.291465430000
11 1.461349530000
12 1.631359270000
13 1.801555520000
14 1.972004400000
15 2.142762230000
16 2.246329760000
17 2.349843850000
18 2.453306140000
19 2.556720310000
20 2.660118310000
21 2.763616500000
22 2.866075920000
23 2.981620920000
24 3.096873590000
25 3.211697630000
26 3.303292010000
27 3.388255530000
28 3.484950550000
29 3.592726490000
30 3.700648780000
31 3.809526340000
32 3.918881130000
33 4.028669430000
34 4.138762810000
35 4.249066290000
36 4.359483800000
37 4.470267450000
38 4.581087570000
39 4.691809900000
40 4.802920320000
41 4.913197520000
42 4.998360730000
43 4.998376810000
44 4.998331950000
45 4.998310640000
46 4.998217070000
47 4.998156990000
48 4.997988930000
49 4.997252790000
50 4.996722080000
51 4.996824570000
52 4.997642930000
53 4.997760940000
54 4.997465340000
55 4.997035850000
56 4.996369580000
57 4.985895540000
58 4.985579510000
59 4.985496470000
60 4.985461040000
61 4.985435320000
62 4.985408980000
63 4.985382430000
64 4.985350190000
65 4.985316430000
66 4.985293560000
67 4.985302860000
68 4.985429980000
69 4.986066230000
70 4.989110770000
71 4.990130010000
72 4.990687080000
73 4.991136020000
74 4.991512930000
75 4.991832190000
76 4.992103330000
77 4.992338100000
78 4.992590750000
79 4.992417010000
80 4.992230480000
81 4.992035550000
82 4.991479160000
83 4.983756690000
84 4.944184950000
85 4.897794980000
86 4.858081290000
87 4.817577130000
88 4.776527170000
89 4.735135620000
90 4.693509450000
91 4.651641490000
92 4.609260890000
93 4.567172200000
94 4.524975230000
95 4.481756050000
96 4.438714570000
97 4.395712180000
98 4.352181460000
99 4.308313390000
100 4.266034030000
101 4.223805450000
102 4.178620050000
103 4.133591920000
104 4.088649360000
105 4.043738470000
106 3.997749780000
107 3.951574110000
108 3.905166510000
109 3.863285570000
110 3.821528090000
111 3.779749460000
112 3.737947370000
113 3.696124680000
114 3.654281540000
115 3.612425770000
116 3.570549740000
117 3.528660110000
118 3.486764190000
119 3.444860540000
120 3.402953000000
121 3.361040870000
122 3.319128360000
123 3.231104050000
124 3.143080520000
125 3.055021070000
126 2.966914210000
127 2.878755920000
128 2.790541590000
129 2.702278740000
130 2.613965890000
131 2.525679570000
132 2.437369640000
133 2.350957850000
134 2.286134690000
135 2.222773850000
136 2.155922260000
137 2.081480600000
138 1.998625810000
139 1.904581720000
140 1.808422980000
141 1.712759660000
142 1.617644330000
143 1.523106500000
144 1.429117890000
145 1.335671410000
146 1.242731000000
147 1.150149690000
148 1.056843880000
149 0.964767470000
150 0.873705910000
151 0.783497940000
152 0.694011470000
153 0.605156550000
154 0.516848950000
155 0.429025630000
156 0.341633070000
157 0.254619560000
158 0.167909290000
159 0.121047120000
160 0.074349030000
161 0.027655780000
162 -0.019282620000
163 -0.066573800000
164 -0.114154590000
165 -0.160851510000
166 -0.207461550000
167 -0.254071370000
168 -0.300693890000
169 -0.455872710000
170 -0.608797700000
171 -0.759466250000
172 -0.907770280000
173 -1.053480330000
174 -1.196043700000
175 -1.043019000000
176 -0.883516130000
177 -0.698384840000
178 -0.519929330000
179 -0.346759650000
180 -0.177546940000
181 -0.011502790000
182 0.151845450000
183 0.334996140000
184 0.515284650000
185 0.692498880000
186 0.866374250000
187 1.036506170000
188 1.202295970000
189 1.376383480000
190 1.369771180000
191 1.182399890000
192 0.994981860000
193 0.807549310000
194 0.620110280000
195 0.432668020000
196 0.245812050000
197 0.059791440000
198 -0.123455880000
199 -0.302508170000
200 -0.476771940000
201 -0.645615460000
202 -0.825264840000
203 -1.004194280000
204 -1.182109340000
205 -1.358680370000
206 -1.533557820000
207 -1.706443060000
208 -1.877176130000
209 -2.051148080000
210 -2.223026460000
211 -2.393488640000
212 -2.472899650000
213 -2.292254090000
214 -2.109853440000
215 -1.969337000000
216 -1.801560120000
217 -1.632834860000
218 -1.463269570000
219 -1.276725880000
220 -1.091208190000
221 -0.954920020000
222 -0.799030790000
223 -0.641374920000
224 -0.481892170000
225 -0.313680790000
226 -0.148354930000
227 0.000000000000

[a]
1 0.000000000000
2 0.749866140000
3 0.749863540000
4 0.749859220000
5 0.749852860000
6 0.749843910000
7 0.749831490000
8 0.749814150000
9 0.749812470000
10 0.749794020000
11 0.749775890000
12 0.749758250000
13 0.749741160000
14 0.749724540000
15 0.749529370000
16 0.749511280000
17 0.749491810000
18 0.749470780000
19 0.749448170000
20 0.749424140000
21 0.749391960000
22 0.749431660000
23 0.749395010000
24 0.749348610000
25 0.749151100000
26 0.749056770000
27 0.749131310000
28 0.749164760000
29 0.749099450000
30 0.749029660000
31 0.748941400000
32 0.748832780000
33 0.748694950000
34 0.748515610000
35 0.748273840000
36 0.747937070000
37 0.747424160000
38 0.746567240000
39 0.744880090000
40 0.739921580000
41 0.571313880000
42 0.000106240000
43 -0.000300310000
44 -0.000143840000
45 -0.000637060000
46 -0.000424570000
47 -0.001235600000
48 -0.005478750000
49 -0.004447400000
50 0.000899040000
51 0.006788240000
52 0.000815580000
53 -0.001885000000
54 -0.002709490000
55 -0.004188760000
56 -0.066155480000
57 -0.006476700000
58 -0.001712660000
59 -0.000731390000
60 -0.000531430000
61 -0.000544540000
62 -0.000549440000
63 -0.000668070000
64 -0.000699830000
65 -0.000474830000
66 0.000193320000
67 0.002643980000
68 0.013233870000
69 0.063197590000
70 0.014940480000
71 0.008216620000
72 0.006648040000
73 0.005598910000
74 0.004755720000
75 0.004049120000
76 0.003514540000
77 0.003788460000
78 -0.002521590000
79 -0.002703060000
80 -0.002822460000
81 -0.008049870000
82 -0.111624180000
83 -0.569975820000
84 -0.666143170000
85 -0.684053750000
86 -0.700825870000
87 -0.710992440000
88 -0.717711230000
89 -0.722473610000
90 -0.726066670000
91 -0.729015420000
92 -0.731005570000
93 -0.732790280000
94 -0.734631990000
95 -0.735796720000
96 -0.736837030000
97 -0.737901160000
98 -0.738773740000
99 -0.739039480000
100 -0.739628510000
101 -0.740834960000
102 -0.741297170000
103 -0.741733560000
104 -0.742144590000
105 -0.742703460000
106 -0.743066110000
107 -0.743395680000
108 -0.742954880000
109 -0.743177810000
110 -0.743408510000
111 -0.743624860000
112 -0.743827420000
113 -0.744017810000
114 -0.744195970000
115 -0.744365080000
116 -0.744523970000
117 -0.744673330000
118 -0.744815010000
119 -0.744948930000
120 -0.745076210000
121 -0.745196750000
122 -0.747814800000
123 -0.747930020000
124 -0.748046380000
125 -0.748161890000
126 -0.748275310000
127 -0.748385820000
128 -0.748492570000
129 -0.748595310000
130 -0.748692390000
131 -0.748785850000
132 -0.748844960000
133 -0.748511300000
134 -0.748521350000
135 -0.748645100000
136 -0.748834410000
137 -0.749007850000
138 -0.749187030000
139 -0.749260360000
140 -0.749304390000
141 -0.749342070000
142 -0.749374650000
143 -0.749403410000
144 -0.749428850000
145 -0.749451670000
146 -0.749472960000
147 -0.749494890000
148 -0.749500330000
149 -0.749502240000
150 -0.749500880000
151 -0.749496400000
152 -0.749488660000
153 -0.749477560000
154 -0.749462730000
155 -0.749443640000
156 -0.749419580000
157 -0.749389690000
158 -0.748837330000
159 -0.748795540000
160 -0.748755210000
161 -0.748723310000
162 -0.748706220000
163 -0.748699900000
164 -0.748667530000
165 -0.748658180000
166 -0.748651240000
167 -0.748644530000
168 -0.749583950000
169 -0.749546020000
170 -0.749471410000
171 -0.749322320000
172 -0.748957510000
173 -0.747194500000
174 0.748009670000
175 0.749378870000
176 0.749700030000
177 0.749766150000
178 0.749796620000
179 0.749812860000
180 0.749821250000
181 0.749824320000
182 0.749844650000
183 0.749838470000
184 0.749826080000
185 0.749804810000
186 0.749768350000
187 0.749700370000
188 0.749567070000
189 -0.026455040000
190 -0.749581720000
191 -0.749773920000
192 -0.749836840000
193 -0.749867180000
194 -0.749884210000
195 -0.749893900000
196 -0.749899100000
197 -0.749899950000
198 -0.749897010000
199 -0.749890350000
200 -0.749878720000
201 -0.749872090000
202 -0.749854100000
203 -0.749830730000
204 -0.749799430000
205 -0.749755730000
206 -0.749691240000
207 -0.749587670000
208 -0.749407520000
209 -0.749039650000
210 -0.747987370000
211 -0.349950400000
212 0.748164550000
213 0.749117050000
214 0.749198700000
215 0.749505920000
216 0.749621280000
217 0.749701110000
218 0.749779920000
219 0.749808420000
220 0.749757670000
221 0.749803980000
222 0.749823170000
223 0.749842360000
224 0.749864840000
225 0.749871980000
226 0.749863620000
227 0.000000000000

[phy]
1 0.000000000000
2 0.000000000000
3 -0.110189410000
4 -0.219332920000
5 -0.327429970000
6 -0.434412760000
7 -0.540146450000
8 -0.644388320000
9 -0.680360230000
10 -0.567329960000
11 -0.454140950000
12 -0.340836110000
13 -0.227389760000
14 -0.113763840000
15 0.000076050000
16 0.001474440000
17 0.001862890000
18 0.002678730000
19 0.005771120000
20 0.049307710000
21 -0.003555980000
22 -0.000311480000
23 0.076584810000
24 0.153171850000
25 0.227594880000
26 0.287890650000
27 0.344196460000
28 0.408241360000
29 0.478994170000
30 0.437377770000
31 0.366576590000
32 0.294916450000
33 0.222942960000
34 0.151024370000
35 0.079760130000
36 0.012175690000
37 0.005598270000
38 0.004998800000
39 0.026750720000
40 0.098943970000
41 0.172389830000
42 0.246248640000
43 0.321475450000
44 0.395783500000
45 0.469533240000
46 0.542614030000
47 0.612842490000
48 0.631616150000
49 0.564847610000
50 0.505404470000
51 0.448554700000
52 0.388385160000
53 0.316116070000
54 0.237765280000
55 0.158554880000
56 0.079062230000
57 -0.000066340000
58 -0.001723130000
59 -0.001760170000
60 -0.001793620000
61 -0.001831850000
62 -0.001875450000
63 -0.001924900000
64 -0.001981130000
65 -0.002045010000
66 -0.002117090000
67 -0.002198540000
68 -0.002290460000
69 -0.002371490000
70 -0.000280530000
71 0.033664730000
72 0.067361470000
73 0.100873700000
74 0.134202770000
75 0.167310920000
76 0.200080600000
77 0.232024860000
78 0.237000930000
79 0.204146740000
80 0.170491580000
81 0.136555710000
82 0.102467750000
83 0.068272440000
84 0.033909030000
85 -0.000597800000
86 -0.011194820000
87 -0.015629620000
88 -0.020480030000
89 -0.025405440000
90 -0.025822200000
91 -0.013030400000
92 0.011066260000
93 0.018582370000
94 0.004835770000
95 -0.022063290000
96 -0.046360010000
97 -0.049410770000
98 -0.024594530000
99 0.003029040000
100 0.007768880000
101 0.001466260000
102 -0.028141120000
103 -0.057188090000
104 -0.084961850000
105 -0.087798000000
106 -0.059237470000
107 -0.029331340000
108 0.001146830000
109 0.004595660000
110 0.004498310000
111 0.004328740000
112 0.004175050000
113 0.004037650000
114 0.003914410000
115 0.003802660000
116 0.003702240000
117 0.003611470000
118 0.003529070000
119 0.003454770000
120 0.003386690000
121 0.003282980000
122 0.000104420000
123 -0.058693900000
124 -0.117477860000
125 -0.176270880000
126 -0.235079210000
127 -0.293903460000
128 -0.352743420000
129 -0.411588280000
130 -0.470427640000
131 -0.529183420000
132 -0.587794330000
133 -0.644020180000
134 -0.608556950000
135 -0.569620830000
136 -0.539613930000
137 -0.586638530000
138 -0.640445680000
139 -0.698827270000
140 -0.699364120000
141 -0.699493100000
142 -0.699562730000
143 -0.699603440000
144 -0.699626890000
145 -0.699639040000
146 -0.699636380000
147 -0.653793820000
148 -0.591925160000
149 -0.530702070000
150 -0.470097490000
151 -0.410033090000
152 -0.350432450000
153 -0.291241310000
154 -0.232406700000
155 -0.173888490000
156 -0.115652170000
157 -0.057663980000
158 0.000126300000
159 0.014754440000
160 0.025284960000
161 0.035474390000
162 0.040721160000
163 0.023408020000
164 -0.004580460000
165 -0.007057150000
166 -0.005621010000
167 -0.004495660000
168 -0.000045050000
169 0.103441490000
170 0.205428260000
171 0.305917390000
172 0.404844770000
173 0.502081600000
174 0.597427250000
175 0.699601010000
176 0.690329330000
177 0.566957060000
178 0.448009240000
179 0.332579260000
180 0.219785360000
181 0.109103560000
182 0.000219770000
183 -0.121875420000
184 -0.242060770000
185 -0.360193630000
186 -0.476094470000
187 -0.589482580000
188 -0.699868530000
189 -0.699939760000
190 -0.624706390000
191 -0.499783980000
192 -0.374835740000
193 -0.249879540000
194 -0.124919820000
195 0.000041580000
196 0.124494420000
197 0.248421030000
198 0.370504120000
199 0.489777000000
200 0.605794080000
201 0.699890160000
202 0.699911010000
203 0.699922740000
204 0.699929410000
205 0.699932430000
206 0.699932290000
207 0.699928780000
208 0.699902880000
209 0.584206610000
210 0.469559460000
211 0.355668900000
212 0.242256560000
213 0.121577610000
214 -0.000115190000
215 0.000143430000
216 -0.111682810000
217 -0.224038890000
218 -0.247750770000
219 -0.123508120000
220 0.000121560000
221 0.000171660000
222 -0.103645560000
223 -0.208482760000
224 -0.221452710000
225 -0.109645740000
226 0.000373490000
227 0.000000000000

[w]
1 0.000000000000
2 -0.499674190000
3 -0.499655740000
4 -0.499617360000
5 -0.499543200000
6 -0.499383590000
7 -0.498887800000
8 -0.174856640000
9 0.499174890000
10 0.499566760000
11 0.499696270000
12 0.499760360000
13 0.499798080000
14 0.499822250000
15 0.010120290000
16 0.002812660000
17 0.005910000000
18 0.022411400000
19 0.315561370000
20 -0.382782770000
21 0.023730390000
22 0.498753860000
23 0.497983650000
24 0.485689220000
25 0.493159560000
26 0.496404220000
27 0.496178960000
28 0.491812050000
29 -0.288863580000
30 -0.487080960000
31 -0.490780910000
32 -0.490909430000
33 -0.489085580000
34 -0.483596680000
35 -0.458004080000
36 -0.044406370000
37 -0.004043100000
38 0.146666650000
39 0.483980870000
40 0.492796120000
41 0.495478830000
42 0.496727370000
43 0.497423070000
44 0.497763200000
45 0.497568240000
46 0.496272820000
47 0.138027900000
48 -0.496923200000
49 -0.498147970000
50 -0.498694410000
51 -0.499106060000
52 -0.499473520000
53 -0.499636280000
54 -0.499708260000
55 -0.499753110000
56 -0.499782020000
57 -0.033955990000
58 -0.000763950000
59 -0.000690490000
60 -0.000789820000
61 -0.000901470000
62 -0.001023340000
63 -0.001164660000
64 -0.001324620000
65 -0.001496770000
66 -0.001692920000
67 -0.001911800000
68 -0.001685370000
69 0.043403070000
70 0.497572870000
71 0.497016190000
72 0.496249720000
73 0.495100850000
74 0.493186370000
75 0.489376630000
76 0.478198150000
77 0.074616340000
78 -0.476827080000
79 -0.487722250000
80 -0.491353100000
81 -0.493159110000
82 -0.494236180000
83 -0.494965450000
84 -0.495505590000
85 -0.182528270000
86 -0.076733370000
87 -0.084009260000
88 -0.085404590000
89 -0.007235200000
90 0.221832240000
91 0.414501920000
92 0.130540410000
93 -0.238719910000
94 -0.457225610000
95 -0.415354060000
96 -0.052273890000
97 0.420666870000
98 0.465203320000
99 0.082851800000
100 -0.110389460000
101 -0.485426310000
102 -0.478199710000
103 -0.458378990000
104 -0.046866910000
105 0.461243900000
106 0.481254210000
107 0.488224770000
108 0.061181240000
109 -0.001732500000
110 -0.003017380000
111 -0.002734080000
112 -0.002443620000
113 -0.002191410000
114 -0.001986810000
115 -0.001785100000
116 -0.001613320000
117 -0.001464610000
118 -0.001320600000
119 -0.001210220000
120 -0.001843590000
121 -0.056514280000
122 -0.499523950000
123 -0.499483360000
124 -0.499434280000
125 -0.499372610000
126 -0.499292090000
127 -0.499181760000
128 -0.499020190000
129 -0.498759430000
130 -0.498265330000
131 -0.496965770000
132 -0.487253810000
133 0.409493120000
134 0.459975940000
135 0.336034880000
136 -0.473036740000
137 -0.486416970000
138 -0.465084150000
139 -0.004184990000
140 -0.001010230000
141 -0.000548560000
142 -0.000322710000
143 -0.000186950000
144 -0.000097450000
145 0.000021410000
146 0.371104640000
147 0.496970660000
148 0.498354920000
149 0.498819500000
150 0.499050330000
151 0.499186850000
152 0.499275570000
153 0.499336670000
154 0.499380100000
155 0.499411360000
156 0.499433810000
157 0.499449970000
158 0.233757310000
159 0.168858710000
160 0.163375410000
161 0.083665630000
162 -0.274091340000
163 -0.440392090000
164 -0.039688310000
165 0.023073520000
166 0.018072930000
167 0.071458490000
168 0.499886810000
169 0.499877590000
170 0.499863630000
171 0.499841440000
172 0.499802550000
173 0.499720130000
174 0.499439880000
175 -0.043566310000
176 -0.499603280000
177 -0.499749470000
178 -0.499793140000
179 -0.499810650000
180 -0.499816230000
181 -0.499813880000
182 -0.499874870000
183 -0.499863200000
184 -0.499841930000
185 -0.499800560000
186 -0.499699390000
187 -0.499164510000
188 -0.000306700000
189 0.300999880000
190 0.499754010000
191 0.499860800000
192 0.499895920000
193 0.499912900000
194 0.499922410000
195 0.499456470000
196 0.499581500000
197 0.499598590000
198 0.499532140000
199 0.499243690000
200 0.417905530000
201 0.000087050000
202 0.000049160000
203 0.000028080000
204 0.000012840000
205 -0.000000610000
206 -0.000015190000
207 -0.000113720000
208 -0.498377240000
209 -0.499628080000
210 -0.499751290000
211 -0.499788320000
212 -0.499805870000
213 -0.499790730000
214 0.001378890000
215 -0.499558850000
216 -0.499181390000
217 -0.104837640000
218 0.499371710000
219 0.499675130000
220 0.000275620000
221 -0.499345320000
222 -0.498613660000
223 -0.060980970000
224 0.498421170000
225 0.499016490000
226 -0.001887790000
227 0.000000000000

[dt]
1 0.010639470000
2 0.220522510000
3 0.218437420000
4 0.216359680000
5 0.214161220000
6 0.211728410000
7 0.208948520000
8 0.205722270000
9 0.226434200000
10 0.226574350000
11 0.226747420000
12 0.227001510000
13 0.227343640000
14 0.227760760000
15 0.138176740000
16 0.138108780000
17 0.138043260000
18 0.137982920000
19 0.137965520000
20 0.138103610000
21 0.136723410000
22 0.154176830000
23 0.153794280000
24 0.153231810000
25 0.122264220000
26 0.113427340000
27 0.129076210000
28 0.143861470000
29 0.144069370000
30 0.145358140000
31 0.146012490000
32 0.146612560000
33 0.147047050000
34 0.147362960000
35 0.147562960000
36 0.148118950000
37 0.148269390000
38 0.148308590000
39 0.149165510000
40 0.149039030000
41 0.149065530000
42 0.151444850000
43 0.149386030000
44 0.148162290000
45 0.146875910000
46 0.141511800000
47 0.136013550000
48 0.134363890000
49 0.119328290000
50 0.113997200000
51 0.120554610000
52 0.144690540000
53 0.156815640000
54 0.158513290000
55 0.159063850000
56 0.158326170000
57 0.048794820000
58 0.048482950000
59 0.048438890000
60 0.048400720000
61 0.048362990000
62 0.048319640000
63 0.048277240000
64 0.048225280000
65 0.048161700000
66 0.048111590000
67 0.048078670000
68 0.048076660000
69 0.048176690000
70 0.068221690000
71 0.067798080000
72 0.067530980000
73 0.067317740000
74 0.067131120000
75 0.066962100000
76 0.066801290000
77 0.066688600000
78 0.068901700000
79 0.069004760000
80 0.069066160000
81 0.069121630000
82 0.069188190000
83 0.069425880000
84 0.069639640000
85 0.058056460000
86 0.057794920000
87 0.057736180000
88 0.057671620000
89 0.057616190000
90 0.057664090000
91 0.058134030000
92 0.057576430000
93 0.057583970000
94 0.058831060000
95 0.058496440000
96 0.058360790000
97 0.058992620000
98 0.059379570000
99 0.057208530000
100 0.057094310000
101 0.060992530000
102 0.060742350000
103 0.060591250000
104 0.060515020000
105 0.061920660000
106 0.062142070000
107 0.062426520000
108 0.056370760000
109 0.056187750000
110 0.056198750000
111 0.056213950000
112 0.056226340000
113 0.056239430000
114 0.056242930000
115 0.056257390000
116 0.056263640000
117 0.056260810000
118 0.056260480000
119 0.056255600000
120 0.056252140000
121 0.056243550000
122 0.117708700000
123 0.117689530000
124 0.117719240000
125 0.117764420000
126 0.117815310000
127 0.117872800000
128 0.117920810000
129 0.117971420000
130 0.117920680000
131 0.117937510000
132 0.115393430000
133 0.086602780000
134 0.084648000000
135 0.089296770000
136 0.099410040000
137 0.110619390000
138 0.125528190000
139 0.128338220000
140 0.127669500000
141 0.126931790000
142 0.126155630000
143 0.125417910000
144 0.124690270000
145 0.124011220000
146 0.123528540000
147 0.124491600000
148 0.122850390000
149 0.121496040000
150 0.120357390000
151 0.119395470000
152 0.118554060000
153 0.117825540000
154 0.117181710000
155 0.116609910000
156 0.116107870000
157 0.115707860000
158 0.062579910000
159 0.062364290000
160 0.062361180000
161 0.062691280000
162 0.063163870000
163 0.063551250000
164 0.062373390000
165 0.062258130000
166 0.062258420000
167 0.062275930000
168 0.207019940000
169 0.204023490000
170 0.201033080000
171 0.197917540000
172 0.194550480000
173 0.190798110000
174 0.204576700000
175 0.212846790000
176 0.246940480000
177 0.238014900000
178 0.230955530000
179 0.225673260000
180 0.221444980000
181 0.217848680000
182 0.244251510000
183 0.240436470000
184 0.236340440000
185 0.231894180000
186 0.226912650000
187 0.221141410000
188 0.232250750000
189 0.249944850000
190 0.249967800000
191 0.249966060000
192 0.249964450000
193 0.249962970000
194 0.249961600000
195 0.249176530000
196 0.248060850000
197 0.244362360000
198 0.238769180000
199 0.232385660000
200 0.225161110000
201 0.239573360000
202 0.238619000000
203 0.237273630000
204 0.235491030000
205 0.233245900000
206 0.230608580000
207 0.227769320000
208 0.232145980000
209 0.229464990000
210 0.227894470000
211 0.226920750000
212 0.241451650000
213 0.243487510000
214 0.187555640000
215 0.223849970000
216 0.225080670000
217 0.226177190000
218 0.248797930000
219 0.247420120000
220 0.181776290000
221 0.207906650000
222 0.210257390000
223 0.212688360000
224 0.224322270000
225 0.220472120000
226 0.197842540000

[s]
1 0.000000000000
2 0.000000000000
3 0.036121330000
4 0.071217090000
5 0.105238810000
6 0.138044670000
7 0.169405560000
8 0.199021650000
9 0.253987220000
10 0.292612940000
11 0.331357230000
12 0.370321010000
13 0.409572180000
14 0.449145220000
15 0.296079900000
16 0.310237870000
17 0.324380100000
18 0.338514330000
19 0.352739260000
20 0.367371950000
21 0.377851080000
22 0.441882500000
23 0.458556250000
24 0.474539540000
25 0.392675710000
26 0.374683630000
27 0.437343170000
28 0.501350100000
29 0.517601860000
30 0.537919410000
31 0.556238420000
32 0.574557210000
33 0.592403970000
34 0.609900360000
35 0.627004790000
36 0.645722150000
37 0.662803810000
38 0.679414630000
39 0.699856210000
40 0.715822600000
41 0.732388400000
42 0.756975980000
43 0.746687660000
44 0.740564320000
45 0.734131440000
46 0.707306680000
47 0.679817070000
48 0.671549230000
49 0.596313620000
50 0.569612340000
51 0.602390250000
52 0.723111670000
53 0.783727090000
54 0.792164690000
55 0.794847780000
56 0.791056040000
57 0.243285870000
58 0.241715620000
59 0.241491910000
60 0.241299890000
61 0.241110550000
62 0.240893190000
63 0.240680520000
64 0.240419920000
65 0.240101300000
66 0.239850400000
67 0.239686730000
68 0.239682810000
69 0.240212180000
70 0.340365580000
71 0.338321250000
72 0.337025990000
73 0.335991970000
74 0.335085830000
75 0.334263570000
76 0.333478950000
77 0.332932020000
78 0.343997990000
79 0.344500540000
80 0.344794180000
81 0.345057660000
82 0.345351420000
83 0.346001740000
84 0.344311250000
85 0.284348640000
86 0.280772400000
87 0.278148490000
88 0.275470040000
89 0.272820470000
90 0.270646950000
91 0.270418690000
92 0.265384780000
93 0.262995930000
94 0.266209080000
95 0.262166770000
96 0.259046880000
97 0.259314570000
98 0.258430680000
99 0.246472270000
100 0.243566290000
101 0.257620590000
102 0.253819220000
103 0.250459490000
104 0.247424690000
105 0.250390970000
106 0.248428430000
107 0.246683020000
108 0.220137230000
109 0.217069320000
110 0.214765100000
111 0.212474660000
112 0.210171090000
113 0.207867960000
114 0.205527500000
115 0.203225640000
116 0.200892120000
117 0.198525270000
118 0.196167010000
119 0.193792680000
120 0.191423390000
121 0.189036860000
122 0.390690330000
123 0.380267160000
124 0.370001090000
125 0.359772830000
126 0.349547970000
127 0.339327060000
128 0.329062960000
129 0.318791690000
130 0.308240630000
131 0.297872410000
132 0.281256390000
133 0.203599420000
134 0.193516680000
135 0.198486500000
136 0.214320330000
137 0.230252100000
138 0.250884020000
139 0.244430750000
140 0.230880570000
141 0.217403760000
142 0.204075060000
143 0.191024960000
144 0.178197210000
145 0.165638360000
146 0.153512830000
147 0.143184320000
148 0.129834070000
149 0.117215860000
150 0.105157440000
151 0.093546620000
152 0.082278390000
153 0.071303430000
154 0.060565770000
155 0.050029150000
156 0.039666770000
157 0.029461920000
158 0.010506210000
159 0.007547630000
160 0.004635290000
161 0.001732750000
162 -0.001218850000
163 -0.004231540000
164 -0.007120720000
165 -0.010014610000
166 -0.012916310000
167 -0.015822410000
168 -0.062249640000
169 -0.093008760000
170 -0.122388500000
171 -0.150311710000
172 -0.176607170000
173 -0.201002090000
174 -0.244683230000
175 -0.222003510000
176 -0.218175390000
177 -0.166225330000
178 -0.120080160000
179 -0.078254150000
180 -0.039316750000
181 -0.002505800000
182 0.037088490000
183 0.080545290000
184 0.121782600000
185 0.160586460000
186 0.196591270000
187 0.229214430000
188 0.279234120000
189 0.344019960000
190 0.342398690000
191 0.295559840000
192 0.248710090000
193 0.201857430000
194 0.155003760000
195 0.107810720000
196 0.060976350000
197 0.014610780000
198 -0.029477450000
199 -0.070298560000
200 -0.107350490000
201 -0.154672270000
202 -0.196923870000
203 -0.238268820000
204 -0.278376140000
205 -0.316906630000
206 -0.353651600000
207 -0.388675380000
208 -0.435778900000
209 -0.470666670000
210 -0.506615440000
211 -0.543132240000
212 -0.597085690000
213 -0.558135230000
214 -0.395714910000
215 -0.440836030000
216 -0.405496360000
217 -0.369310000000
218 -0.364058440000
219 -0.315887670000
220 -0.198355770000
221 -0.198534230000
222 -0.168002130000
223 -0.136412980000
224 -0.108099150000
225 -0.069157870000
226 -0.029350920000

[splus]
1 0.011552450000
2 0.011552450000
3 0.037927920000
4 0.071447810000
5 0.105268950000
6 0.138048880000
7 0.169406200000
8 0.199021760000
9 0.253987230000
10 0.292612940000
11 0.331357230000
12 0.370321010000
13 0.409572180000
14 0.449145220000
15 0.296079900000
16 0.310237870000
17 0.324380100000
18 0.338514330000
19 0.352739260000
20 0.367371950000
21 0.377851080000
22 0.441882500000
23 0.458556250000
24 0.474539540000
25 0.392675710000
26 0.374683630000
27 0.437343170000
28 0.501350100000
29 0.517601860000
30 0.537919410000
31 0.556238420000
32 0.574557210000
33 0.592403970000
34 0.609900360000
35 0.627004790000
36 0.645722150000
37 0.662803810000
38 0.679414630000
39 0.699856210000
40 0.715822600000
41 0.732388400000
42 0.756975980000
43 0.746687660000
44 0.740564320000
45 0.734131440000
46 0.707306680000
47 0.679817070000
48 0.671549230000
49 0.596313620000
50 0.569612340000
51 0.602390250000
52 0.723111670000
53 0.783727090000
54 0.792164690000
55 0.794847780000
56 0.791056040000
57 0.243285880000
58 0.241715630000
59 0.241491920000
60 0.241299900000
61 0.241110560000
62 0.240893200000
63 0.240680530000
64 0.240419930000
65 0.240101310000
66 0.239850410000
67 0.239686740000
68 0.239682820000
69 0.240212190000
70 0.340365580000
71 0.338321250000
72 0.337025990000
73 0.335991970000
74 0.335085830000
75 0.334263570000
76 0.333478950000
77 0.332932020000
78 0.343997990000
79 0.344500540000
80 0.344794180000
81 0.345057660000
82 0.345351420000
83 0.346001740000
84 0.344311250000
85 0.284348640000
86 0.280772400000
87 0.278148490000
88 0.275470050000
89 0.272820470000
90 0.270646950000
91 0.270418690000
92 0.265384780000
93 0.262995930000
94 0.266209080000
95 0.262166770000
96 0.259046880000
97 0.259314580000
98 0.258430680000
99 0.246472270000
100 0.243566300000
101 0.257620590000
102 0.253819220000
103 0.250459490000
104 0.247424700000
105 0.250390970000
106 0.248428430000
107 0.246683030000
108 0.220137260000
109 0.217069350000
110 0.214765140000
111 0.212474710000
112 0.210171150000
113 0.207868030000
114 0.205527570000
115 0.203225720000
116 0.200892210000
117 0.198525380000
118 0.196167140000
119 0.193792830000
120 0.191423560000
121 0.189037050000
122 0.390690330000
123 0.380267160000
124 0.370001090000
125 0.359772830000
126 0.349547970000
127 0.339327060000
128 0.329062960000
129 0.318791690000
130 0.308240630000
131 0.297872410000
132 0.281256400000
133 0.203599500000
134 0.193516830000
135 0.198486620000
136 0.214320370000
137 0.230252120000
138 0.250884020000
139 0.244430760000
140 0.230880590000
141 0.217403800000
142 0.204075140000
143 0.191025140000
144 0.178197590000
145 0.165639160000
146 0.153514500000
147 0.143187410000
148 0.129840960000
149 0.117230560000
150 0.105187730000
151 0.093607360000
152 0.082397600000
153 0.071532950000
154 0.061000220000
155 0.050837470000
156 0.041141810000
157 0.032088560000
158 0.017619520000
159 0.015749520000
160 0.014030460000
161 0.012441180000
162 0.010954090000
163 0.009570600000
164 0.008369520000
165 0.007286270000
166 0.006315350000
167 0.005452190000
168 0.000393210000
169 0.000062720000
170 0.000010780000
171 0.000002020000
172 0.000000420000
173 0.000000100000
174 0.000000010000
175 0.000000030000
176 0.000000030000
177 0.000000780000
178 0.000012370000
179 0.000151600000
180 0.001505120000
181 0.010346570000
182 0.038798270000
183 0.080677510000
184 0.121793780000
185 0.160587550000
186 0.196591400000
187 0.229214450000
188 0.279234120000
189 0.344019960000
190 0.342398690000
191 0.295559840000
192 0.248710100000
193 0.201857520000
194 0.155005280000
195 0.107836550000
196 0.061400390000
197 0.020410120000
198 0.002624750000
199 0.000243700000
200 0.000026560000
201 0.000001550000
202 0.000000120000
203 0.000000010000
204 0.000000000000
205 0.000000000000
206 0.000000000000
207 0.000000000000
208 0.000000000000
209 0.000000000000
210 0.000000000000
211 0.000000000000
212 0.000000000000
213 0.000000000000
214 0.000000000000
215 0.000000000000
216 0.000000000000
217 0.000000000000
218 0.000000000000
219 0.000000000000
220 0.000000110000
221 0.000000110000
222 0.000000700000
223 0.000004650000
224 0.000025390000
225 0.000260830000
226 0.002643250000

[sminus]
1 0.011552450000
2 0.011552450000
3 0.001806590000
4 0.000230720000
5 0.000030140000
6 0.000004210000
7 0.000000640000
8 0.000000110000
9 0.000000000000
10 0.000000000000
11 0.000000000000
12 0.000000000000
13 0.000000000000
14 0.000000000000
15 0.000000000000
16 0.000000000000
17 0.000000000000
18 0.000000000000
19 0.000000000000
20 0.000000000000
21 0.000000000000
22 0.000000000000
23 0.000000000000
24 0.000000000000
25 0.000000000000
26 0.000000000000
27 0.000000000000
28 0.000000000000
29 0.000000000000
30 0.000000000000
31 0.000000000000
32 0.000000000000
33 0.000000000000
34 0.000000000000
35 0.000000000000
36 0.000000000000
37 0.000000000000
38 0.000000000000
39 0.000000000000
40 0.000000000000
41 -0.000000000000
42 -0.000000000000
43 0.000000000000
44 0.000000000000
45 -0.000000000000
46 -0.000000000000
47 -0.000000000000
48 0.000000000000
49 0.000000000000
50 0.000000000000
51 0.000000000000
52 -0.000000000000
53 -0.000000000000
54 -0.000000000000
55 -0.000000000000
56 0.000000000000
57 0.000000010000
58 0.000000010000
59 0.000000010000
60 0.000000010000
61 0.000000010000
62 0.000000010000
63 0.000000010000
64 0.000000010000
65 0.000000010000
66 0.000000010000
67 0.000000010000
68 0.000000010000
69 0.000000010000
70 0.000000000000
71 0.000000000000
72 0.000000000000
73 0.000000000000
74 0.000000000000
75 0.000000000000
76 0.000000000000
77 0.000000000000
78 0.000000000000
79 0.000000000000
80 0.000000000000
81 0.000000000000
82 0.000000000000
83 0.000000000000
84 0.000000000000
85 0.000000000000
86 0.000000000000
87 0.000000000000
88 0.000000000000
89 0.000000000000
90 0.000000000000
91 0.000000000000
92 0.000000000000
93 0.000000000000
94 0.000000000000
95 0.000000000000
96 0.000000000000
97 0.000000000000
98 0.000000000000
99 0.000000010000
100 0.000000010000
101 0.000000000000
102 0.000000000000
103 0.000000000000
104 0.000000010000
105 0.000000000000
106 0.000000010000
107 0.000000010000
108 0.000000030000
109 0.000000040000
110 0.000000040000
111 0.000000050000
112 0.000000060000
113 0.000000060000
114 0.000000070000
115 0.000000080000
116 0.000000100000
117 0.000000110000
118 0.000000130000
119 0.000000150000
120 0.000000170000
121 0.000000200000
122 0.000000000000
123 0.000000000000
124 0.000000000000
125 0.000000000000
126 0.000000000000
127 0.000000000000
128 0.000000000000
129 0.000000000000
130 0.000000000000
131 0.000000000000
132 0.000000000000
133 0.000000080000
134 0.000000150000
135 0.000000110000
136 0.000000040000
137 0.000000020000
138 0.000000000000
139 0.000000010000
140 0.000000020000
141 0.000000040000
142 0.000000080000
143 0.000000180000
144 0.000000380000
145 0.000000800000
146 0.000001670000
147 0.000003100000
148 0.000006900000
149 0.000014700000
150 0.000030290000
151 0.000060740000
152 0.000119210000
153 0.000229530000
154 0.000434450000
155 0.000808320000
156 0.001475050000
157 0.002626640000
158 0.007113310000
159 0.008201890000
160 0.009395170000
161 0.010708430000
162 0.012172940000
163 0.013802140000
164 0.015490240000
165 0.017300880000
166 0.019231660000
167 0.021274600000
168 0.062642850000
169 0.093071480000
170 0.122399270000
171 0.150313730000
172 0.176607590000
173 0.201002180000
174 0.244683230000
175 0.222003530000
176 0.218175420000
177 0.166226110000
178 0.120092530000
179 0.078405750000
180 0.040821870000
181 0.012852370000
182 0.001709790000
183 0.000132220000
184 0.000011180000
185 0.000001090000
186 0.000000130000
187 0.000000020000
188 0.000000000000
189 0.000000000000
190 0.000000000000
191 0.000000000000
192 0.000000010000
193 0.000000090000
194 0.000001520000
195 0.000025840000
196 0.000424040000
197 0.005799340000
198 0.032102210000
199 0.070542250000
200 0.107377050000
201 0.154673820000
202 0.196924000000
203 0.238268830000
204 0.278376140000
205 0.316906630000
206 0.353651600000
207 0.388675380000
208 0.435778900000
209 0.470666670000
210 0.506615440000
211 0.543132240000
212 0.597085690000
213 0.558135230000
214 0.395714910000
215 0.440836030000
216 0.405496360000
217 0.369310000000
218 0.364058440000
219 0.315887670000
220 0.198355890000
221 0.198534340000
222 0.168002830000
223 0.136417630000
224 0.108124540000
225 0.069418700000
226 0.031994170000

[k]
1 0.000000000000
2 0.000000000000
3 -0.055318770000
4 -0.111459540000
5 -0.169827920000
6 -0.231986400000
7 -0.299814360000
8 -0.375693600000
9 -0.404628670000
10 -0.318603990000
11 -0.244086270000
12 -0.177338940000
13 -0.115695850000
14 -0.057128590000
15 0.000038030000
16 0.000737220000
17 0.000931450000
18 0.001339370000
19 0.002885590000
20 0.024673850000
21 -0.001778000000
22 -0.000155740000
23 0.038367450000
24 0.077190540000
25 0.115803910000
26 0.148058520000
27 0.179232750000
28 0.216270970000
29 0.259666530000
30 0.233790530000
31 0.191964980000
32 0.151887480000
33 0.113355800000
34 0.076091570000
35 0.039964850000
36 0.006088150000
37 0.002799160000
38 0.002499420000
39 0.013378550000
40 0.049634060000
41 0.087059040000
42 0.125674890000
43 0.166513840000
44 0.208915910000
45 0.253689410000
46 0.301494240000
47 0.351579150000
48 0.365796480000
49 0.316861610000
50 0.276670380000
51 0.240636880000
52 0.204584240000
53 0.163542230000
54 0.121174720000
55 0.079948520000
56 0.039613690000
57 -0.000033170000
58 -0.000861560000
59 -0.000880090000
60 -0.000896810000
61 -0.000915930000
62 -0.000937730000
63 -0.000962450000
64 -0.000990560000
65 -0.001022500000
66 -0.001058550000
67 -0.001099270000
68 -0.001145230000
69 -0.001185750000
70 -0.000140260000
71 0.016838730000
72 0.033731770000
73 0.050608620000
74 0.067507150000
75 0.084444890000
76 0.101396970000
77 0.118140120000
78 0.120770180000
79 0.103515410000
80 0.086081460000
81 0.068705450000
82 0.051413940000
83 0.034189360000
84 0.016961010000
85 -0.000298900000
86 -0.005597640000
87 -0.007815450000
88 -0.010241450000
89 -0.012705450000
90 -0.012913970000
91 -0.006515570000
92 0.005533360000
93 0.009292250000
94 0.002417900000
95 -0.011033440000
96 -0.023196630000
97 -0.024725510000
98 -0.012299750000
99 0.001514530000
100 0.003884520000
101 0.000733130000
102 -0.014074270000
103 -0.028625260000
104 -0.042583440000
105 -0.044012150000
106 -0.029653430000
107 -0.014669880000
108 0.000573420000
109 0.002297850000
110 0.002249170000
111 0.002164380000
112 0.002087540000
113 0.002018840000
114 0.001957210000
115 0.001901340000
116 0.001851130000
117 0.001805740000
118 0.001764540000
119 0.001727390000
120 0.001693350000
121 0.001641500000
122 0.000052210000
123 -0.029380700000
124 -0.059010650000
125 -0.089059760000
126 -0.119753720000
127 -0.151334410000
128 -0.184070280000
129 -0.218260400000
130 -0.254251980000
131 -0.292410300000
132 -0.333182900000
133 -0.375405670000
134 -0.348386510000
135 -0.320216860000
136 -0.299452470000
137 -0.332349060000
138 -0.372618390000
139 -0.420142790000
140 -0.420600980000
141 -0.420711110000
142 -0.420770580000
143 -0.420805350000
144 -0.420825380000
145 -0.420835760000
146 -0.420833490000
147 -0.383103200000
148 -0.336173200000
149 -0.293429910000
150 -0.254044070000
151 -0.217335150000
152 -0.182759260000
153 -0.149882530000
154 -0.118341710000
155 -0.087831290000
156 -0.058085290000
157 -0.028863990000
158 0.000063150000
159 0.007377760000
160 0.012645170000
161 0.017744640000
162 0.020371840000
163 0.011706150000
164 -0.002290250000
165 -0.003528630000
166 -0.002810530000
167 -0.002247850000
168 -0.000022520000
169 0.051906010000
170 0.104183820000
171 0.157915920000
172 0.214257890000
173 0.274504210000
174 0.340183260000
175 0.420803090000
176 0.412944260000
177 0.318341580000
178 0.240300960000
179 0.172704610000
180 0.111697020000
181 0.054769270000
182 0.000109880000
183 -0.061241230000
184 -0.123450990000
185 -0.188311960000
186 -0.257828410000
187 -0.334403260000
188 -0.421031830000
189 -0.421092700000
190 -0.360519040000
191 -0.273011010000
192 -0.196718440000
193 -0.127606800000
194 -0.062786850000
195 0.000020790000
196 0.062570800000
197 0.126830340000
198 0.194221620000
199 0.266550870000
200 0.346338350000
201 0.421050310000
202 0.421068140000
203 0.421078160000
204 0.421083860000
205 0.421086440000
206 0.421086320000
207 0.421083320000
208 0.421061190000
209 0.330598690000
210 0.253705900000
211 0.185733070000
212 0.123554860000
213 0.061090090000
214 -0.000057600000
215 0.000071710000
216 -0.056074740000
217 -0.113932070000
218 -0.126473710000
219 -0.062069990000
220 0.000060780000
221 0.000085830000
222 -0.052009150000
223 -0.105778400000
224 -0.112572630000
225 -0.055043630000
226 0.000186740000

[up]
1 0.011552450000
2 0.011552450000
3 0.039942120000
4 0.079092810000
5 0.122431450000
6 0.168793330000
7 0.218164990000
8 0.270802110000
9 0.352646920000
10 0.382111480000
11 0.409001790000
12 0.433366450000
13 0.455062550000
14 0.473777890000
15 0.296090710000
16 0.310457440000
17 0.324670160000
18 0.338949590000
19 0.353716400000
20 0.376073860000
21 0.378496030000
22 0.441948570000
23 0.475446130000
24 0.509704300000
25 0.436330150000
26 0.427939740000
27 0.512593940000
28 0.605440470000
29 0.646629580000
30 0.658649450000
31 0.658745580000
32 0.658334530000
33 0.656870290000
34 0.654452310000
35 0.651060620000
36 0.649496150000
37 0.664584900000
38 0.681044850000
39 0.708844760000
40 0.749930620000
41 0.793598990000
42 0.848303540000
43 0.866048140000
44 0.889091350000
45 0.912923170000
46 0.912025620000
47 0.909266200000
48 0.907373560000
49 0.777704550000
50 0.720903410000
51 0.741549270000
52 0.865131450000
53 0.906772680000
54 0.884315420000
55 0.855852840000
56 0.821139070000
57 0.243293630000
58 0.241915540000
59 0.241695940000
60 0.241507640000
61 0.241322560000
62 0.241110050000
63 0.240902900000
64 0.240648550000
65 0.240336990000
66 0.240094140000
67 0.239939680000
68 0.239946330000
69 0.240485620000
70 0.340411420000
71 0.343790270000
72 0.347939730000
73 0.352315900000
74 0.356801690000
75 0.361361340000
76 0.365940150000
77 0.370691340000
78 0.383880890000
79 0.378735210000
80 0.373287350000
81 0.367816700000
82 0.362397060000
83 0.357358140000
84 0.349917530000
85 0.284430230000
86 0.282281200000
87 0.280235400000
88 0.278178420000
89 0.276148130000
90 0.274002270000
91 0.272110140000
92 0.266794520000
93 0.265342020000
94 0.266827000000
95 0.264943670000
96 0.264815540000
97 0.265469790000
98 0.261482170000
99 0.246830630000
100 0.244474590000
101 0.257801910000
102 0.257248650000
103 0.257342180000
104 0.257539450000
105 0.260970410000
106 0.255500520000
107 0.250157090000
108 0.220258440000
109 0.217548190000
110 0.215228870000
111 0.212916190000
112 0.210592340000
113 0.208270890000
114 0.205913750000
115 0.203596670000
116 0.201249220000
117 0.198869530000
118 0.196499440000
119 0.194114200000
120 0.191734740000
121 0.189334950000
122 0.390709910000
123 0.390992770000
124 0.390961720000
125 0.390532460000
126 0.389733250000
127 0.388624840000
128 0.387210840000
129 0.385588110000
130 0.383476600000
131 0.381489330000
132 0.371217860000
133 0.276974640000
134 0.258238770000
135 0.259503040000
136 0.275931980000
137 0.303715220000
138 0.340628660000
139 0.343018780000
140 0.324104850000
141 0.305209430000
142 0.286509200000
143 0.268194160000
144 0.250188060000
145 0.232557770000
146 0.215534380000
147 0.195848680000
148 0.171744020000
149 0.150253550000
150 0.130841170000
151 0.113137790000
152 0.096854210000
153 0.081825670000
154 0.067930370000
155 0.055124020000
156 0.043435980000
157 0.032977720000
158 0.017620590000
159 0.015861050000
160 0.014200760000
161 0.012653100000
162 0.011168320000
163 0.009678150000
164 0.008387920000
165 0.007310960000
166 0.006332390000
167 0.005463960000
168 0.000393220000
169 0.000065850000
170 0.000011860000
171 0.000002320000
172 0.000000500000
173 0.000000120000
174 0.000000010000
175 0.000000040000
176 0.000000050000
177 0.000001010000
178 0.000015230000
179 0.000176730000
180 0.001666510000
181 0.010890580000
182 0.038802370000
183 0.085420670000
184 0.136227920000
185 0.189618480000
186 0.245250770000
187 0.302798510000
188 0.392097920000
189 0.483089680000
190 0.460902290000
191 0.373023290000
192 0.295678920000
193 0.226585570000
194 0.164348280000
195 0.107838700000
196 0.065088590000
197 0.022895200000
198 0.003114140000
199 0.000306060000
200 0.000035390000
201 0.000002180000
202 0.000000170000
203 0.000000010000
204 0.000000000000
205 0.000000000000
206 0.000000000000
207 0.000000000000
208 0.000000000000
209 0.000000000000
210 0.000000000000
211 0.000000000000
212 0.000000000000
213 0.000000000000
214 0.000000000000
215 0.000000000000
216 0.000000000000
217 0.000000000000
218 0.000000000000
219 0.000000000000
220 0.000000110000
221 0.000000110000
222 0.000000730000
223 0.000005120000
224 0.000028140000
225 0.000274610000
226 0.002643730000

[down]
1 0.011552450000
2 0.011552450000
3 0.001902540000
4 0.000255410000
5 0.000035060000
6 0.000005150000
7 0.000000830000
8 0.000000150000
9 0.000000010000
10 0.000000000000
11 0.000000000000
12 0.000000000000
13 0.000000000000
14 0.000000000000
15 0.000000000000
16 0.000000000000
17 0.000000000000
18 0.000000000000
19 0.000000000000
20 0.000000000000
21 0.000000000000
22 0.000000000000
23 0.000000000000
24 0.000000000000
25 0.000000000000
26 0.000000000000
27 0.000000000000
28 0.000000000000
29 0.000000000000
30 0.000000000000
31 0.000000000000
32 0.000000000000
33 0.000000000000
34 0.000000000000
35 0.000000000000
36 0.000000000000
37 0.000000000000
38 0.000000000000
39 0.000000000000
40 0.000000000000
41 -0.000000000000
42 -0.000000000000
43 0.000000000000
44 0.000000000000
45 -0.000000000000
46 -0.000000000000
47 -0.000000000000
48 0.000000000000
49 0.000000000000
50 0.000000000000
51 0.000000000000
52 -0.000000000000
53 -0.000000000000
54 -0.000000000000
55 -0.000000000000
56 0.000000000000
57 0.000000010000
58 0.000000010000
59 0.000000010000
60 0.000000010000
61 0.000000010000
62 0.000000010000
63 0.000000010000
64 0.000000010000
65 0.000000010000
66 0.000000010000
67 0.000000010000
68 0.000000010000
69 0.000000010000
70 0.000000000000
71 0.000000000000
72 0.000000000000
73 0.000000000000
74 0.000000000000
75 0.000000000000
76 0.000000000000
77 0.000000000000
78 0.000000000000
79 0.000000000000
80 0.000000000000
81 0.000000000000
82 0.000000000000
83 0.000000000000
84 0.000000000000
85 0.000000000000
86 0.000000000000
87 0.000000000000
88 0.000000000000
89 0.000000000000
90 0.000000000000
91 0.000000000000
92 0.000000000000
93 0.000000000000
94 0.000000000000
95 0.000000000000
96 0.000000000000
97 0.000000000000
98 0.000000000000
99 0.000000010000
100 0.000000010000
101 0.000000000000
102 0.000000000000
103 0.000000010000
104 0.000000010000
105 0.000000010000
106 0.000000010000
107 0.000000010000
108 0.000000030000
109 0.000000040000
110 0.000000040000
111 0.000000050000
112 0.000000060000
113 0.000000060000
114 0.000000070000
115 0.000000080000
116 0.000000100000
117 0.000000110000
118 0.000000130000
119 0.000000150000
120 0.000000170000
121 0.000000200000
122 0.000000000000
123 0.000000000000
124 0.000000000000
125 0.000000000000
126 0.000000000000
127 0.000000000000
128 0.000000000000
129 0.000000000000
130 0.000000000000
131 0.000000000000
132 0.000000000000
133 0.000000110000
134 0.000000200000
135 0.000000150000
136 0.000000060000
137 0.000000020000
138 0.000000010000
139 0.000000010000
140 0.000000020000
141 0.000000050000
142 0.000000110000
143 0.000000250000
144 0.000000530000
145 0.000001130000
146 0.000002340000
147 0.000004230000
148 0.000009120000
149 0.000018840000
150 0.000037680000
151 0.000073410000
152 0.000140120000
153 0.000262550000
154 0.000483810000
155 0.000876480000
156 0.001557300000
157 0.002699420000
158 0.007113740000
159 0.008259980000
160 0.009509230000
161 0.010890850000
162 0.012411010000
163 0.013957240000
164 0.015524300000
165 0.017359490000
166 0.019283550000
167 0.021320510000
168 0.062644210000
169 0.097709210000
170 0.134641220000
171 0.173101190000
172 0.212933580000
173 0.253971090000
174 0.324590820000
175 0.311686570000
176 0.304665390000
177 0.217025740000
178 0.147796390000
179 0.091405080000
180 0.045199140000
181 0.013528130000
182 0.001709970000
183 0.000140000000
184 0.000012500000
185 0.000001290000
186 0.000000160000
187 0.000000020000
188 0.000000000000
189 0.000000000000
190 0.000000000000
191 0.000000000000
192 0.000000010000
193 0.000000100000
194 0.000001620000
195 0.000025840000
196 0.000449520000
197 0.006505450000
198 0.038087750000
199 0.088593230000
200 0.143078290000
201 0.217194260000
202 0.276525680000
203 0.334585440000
204 0.390907050000
205 0.445013910000
206 0.496612740000
207 0.545793510000
208 0.611928900000
209 0.620044380000
210 0.630005510000
211 0.639974750000
212 0.667907620000
213 0.590867910000
214 0.395736790000
215 0.440866380000
216 0.427324940000
217 0.409703200000
218 0.408260510000
219 0.334710530000
220 0.198367460000
221 0.198550700000
222 0.176391010000
223 0.150270470000
224 0.119809530000
225 0.073086910000
226 0.031999900000

[left]
1 0.023104910000
2 0.023104910000
3 0.021556160000
4 0.021354060000
5 0.028407220000
6 0.041313390000
7 0.058737030000
8 0.081014940000
9 0.107026260000
10 0.098160940000
11 0.086689740000
12 0.072562060000
13 0.055574010000
14 0.035419280000
15 0.023117190000
16 0.023361320000
17 0.023447470000
18 0.023629080000
19 0.024356400000
20 0.041774890000
21 0.022415440000
22 0.023028020000
23 0.067877740000
24 0.128670250000
25 0.155082050000
26 0.186151590000
27 0.260716490000
28 0.359677840000
29 0.444171780000
30 0.417627920000
31 0.357313300000
32 0.294936110000
33 0.230214310000
34 0.163073310000
35 0.093610390000
36 0.029708520000
37 0.025752000000
38 0.025501530000
39 0.044016850000
40 0.129437080000
41 0.223634030000
42 0.329152420000
43 0.425999850000
44 0.526799250000
45 0.631189760000
46 0.718185370000
47 0.800261970000
48 0.821160620000
49 0.627177570000
50 0.522917230000
51 0.484286520000
52 0.502934330000
53 0.441169140000
54 0.333703940000
55 0.224906450000
56 0.116708080000
57 0.023096230000
58 0.022886070000
59 0.022881690000
60 0.022877740000
61 0.022873210000
62 0.022868060000
63 0.022862200000
64 0.022855580000
65 0.022848120000
66 0.022839620000
67 0.022829920000
68 0.022818790000
69 0.022808340000
70 0.023052640000
71 0.033095200000
72 0.048134120000
73 0.065004670000
74 0.082367190000
75 0.099838820000
76 0.117283690000
77 0.134525720000
78 0.141671060000
79 0.123254790000
80 0.104535250000
81 0.085867910000
82 0.067394510000
83 0.049522050000
84 0.033442330000
85 0.023013430000
86 0.021697530000
87 0.021314750000
88 0.020995370000
89 0.020767880000
90 0.020760840000
91 0.021570670000
92 0.024953700000
93 0.026460800000
94 0.023851600000
95 0.020972120000
96 0.020650540000
97 0.020728590000
98 0.020866340000
99 0.023523800000
100 0.024231090000
101 0.023313190000
102 0.020748690000
103 0.020941120000
104 0.022609760000
105 0.022923390000
106 0.021008290000
107 0.020740420000
108 0.023241950000
109 0.023668300000
110 0.023649300000
111 0.023621640000
112 0.023596520000
113 0.023573920000
114 0.023553400000
115 0.023534750000
116 0.023517730000
117 0.023502070000
118 0.023487670000
119 0.023474420000
120 0.023462100000
121 0.023446140000
122 0.023127660000
123 0.022980190000
124 0.031916210000
125 0.041325480000
126 0.050440700000
127 0.059258390000
128 0.067822650000
129 0.076191900000
130 0.084358930000
131 0.092469240000
132 0.098608920000
133 0.082558220000
134 0.074184470000
135 0.070598590000
136 0.071174540000
137 0.082643320000
138 0.098399090000
139 0.106956900000
140 0.101766350000
141 0.096522710000
142 0.091324620000
143 0.086229640000
144 0.081218390000
145 0.076310490000
146 0.071570330000
147 0.062514440000
148 0.052105280000
149 0.043518280000
150 0.036415300000
151 0.030601660000
152 0.026035900000
153 0.022831720000
154 0.021113750000
155 0.020779770000
156 0.021387600000
157 0.022332410000
158 0.023105590000
159 0.023163970000
160 0.023170490000
161 0.023146960000
162 0.023093720000
163 0.023059830000
164 0.023121470000
165 0.023140980000
166 0.023141850000
167 0.023141030000
168 0.023106310000
169 0.020890430000
170 0.024972930000
171 0.035447150000
172 0.050048880000
173 0.068356210000
174 0.099062950000
175 0.108709250000
176 0.105077490000
177 0.065109920000
178 0.040115380000
179 0.025360900000
180 0.020972580000
181 0.023062090000
182 0.023109090000
183 0.020676200000
184 0.025987720000
185 0.039658550000
186 0.058640660000
187 0.082760370000
188 0.120771690000
189 0.146131380000
190 0.126229370000
191 0.086514480000
192 0.057004710000
193 0.035516950000
194 0.022161870000
195 0.023107240000
196 0.028684350000
197 0.025815080000
198 0.021470080000
199 0.029948110000
200 0.048109320000
201 0.077091270000
202 0.096748030000
203 0.116711570000
204 0.136765140000
205 0.156667750000
206 0.176229650000
207 0.195403200000
208 0.221994720000
209 0.192724800000
210 0.163516030000
211 0.132662700000
212 0.102111780000
213 0.052746670000
214 0.023125860000
215 0.023076410000
216 0.078919850000
217 0.136098730000
218 0.147842380000
219 0.069731620000
220 0.023093280000
221 0.023088480000
222 0.039372630000
223 0.054798100000
224 0.048488830000
225 0.028536230000
226 0.023099390000

[right]
1 0.023104910000
2 0.023104910000
3 0.025654360000
4 0.037760280000
5 0.065647220000
6 0.108565660000
7 0.166194070000
8 0.240315710000
9 0.328804370000
10 0.301146100000
11 0.264356560000
12 0.218102500000
13 0.161518520000
14 0.093295090000
15 0.023092650000
16 0.022861320000
17 0.022784810000
18 0.022631490000
19 0.022109600000
20 0.021699910000
21 0.023906830000
22 0.023182990000
23 0.028111240000
24 0.045583610000
25 0.053797460000
26 0.063088850000
27 0.084373250000
28 0.112281580000
29 0.136413660000
30 0.128383920000
31 0.110749490000
32 0.092624470000
33 0.073937050000
34 0.054665880000
35 0.034861500000
36 0.020454900000
37 0.021369040000
38 0.021475730000
39 0.021724060000
40 0.044561010000
41 0.070786450000
42 0.099930900000
43 0.127058580000
44 0.155283300000
45 0.184570690000
46 0.209660680000
47 0.233592290000
48 0.239761620000
49 0.187085970000
50 0.157958080000
51 0.146217800000
52 0.148986180000
53 0.130624690000
54 0.100727480000
55 0.070587560000
56 0.040669340000
57 0.023113600000
58 0.023334180000
59 0.023338990000
60 0.023343350000
61 0.023348350000
62 0.023354040000
63 0.023360530000
64 0.023367890000
65 0.023376210000
66 0.023385720000
67 0.023396620000
68 0.023409170000
69 0.023421020000
70 0.023157730000
71 0.020561120000
72 0.023129010000
73 0.027612760000
74 0.032634650000
75 0.037792500000
76 0.042969880000
77 0.048093620000
78 0.050148140000
79 0.044684430000
80 0.039137570000
81 0.033628110000
82 0.028266310000
83 0.023449650000
84 0.020576190000
85 0.023198140000
86 0.025110230000
87 0.026032190000
88 0.027113850000
89 0.028280810000
90 0.028332400000
91 0.025387360000
92 0.021776370000
93 0.021176000000
94 0.022458640000
95 0.027226160000
96 0.033633150000
97 0.034582050000
98 0.027732860000
99 0.022719650000
100 0.022194260000
101 0.022905260000
102 0.028457440000
103 0.036400140000
104 0.045312220000
105 0.046685190000
106 0.036885220000
107 0.028536580000
108 0.022971680000
109 0.022601110000
110 0.022616370000
111 0.022638780000
112 0.022659330000
113 0.022677990000
114 0.022695070000
115 0.022710710000
116 0.022725090000
117 0.022738400000
118 0.022750700000
119 0.022762090000
120 0.022772730000
121 0.022786580000
122 0.023082250000
123 0.047795830000
124 0.080300360000
125 0.112165100000
126 0.142773660000
127 0.172266550000
128 0.200807550000
129 0.228598770000
130 0.255608580000
131 0.282343750000
132 0.302111900000
133 0.245573240000
134 0.217635030000
135 0.205994170000
136 0.208398980000
137 0.246873610000
138 0.299991900000
139 0.328083180000
140 0.310204150000
141 0.292228790000
142 0.274485960000
143 0.257167920000
144 0.240204420000
145 0.223657580000
146 0.207738540000
147 0.177850810000
148 0.143585440000
149 0.115390090000
150 0.092078170000
151 0.072846110000
152 0.057196820000
153 0.044920860000
154 0.035891120000
155 0.029817830000
156 0.026116400000
157 0.024074540000
158 0.023104230000
159 0.023049750000
160 0.023049700000
161 0.023082160000
162 0.023141420000
163 0.023158780000
164 0.023088710000
165 0.023069830000
166 0.023068700000
167 0.023069340000
168 0.023103500000
169 0.030470710000
170 0.050089590000
171 0.081872220000
172 0.123559490000
173 0.174873260000
174 0.257934180000
175 0.288075130000
176 0.278229840000
177 0.168184460000
178 0.096987530000
179 0.052278600000
180 0.029798610000
181 0.023333370000
182 0.023100730000
183 0.030893800000
184 0.057437770000
185 0.103504830000
186 0.166567880000
187 0.247221280000
188 0.375963430000
189 0.465268870000
190 0.398071610000
191 0.262322610000
192 0.162457310000
193 0.090431990000
194 0.042682240000
195 0.023102570000
196 0.020817440000
197 0.022022900000
198 0.032997130000
199 0.067342060000
200 0.121624450000
201 0.204323150000
202 0.256990920000
203 0.308528660000
204 0.358522760000
205 0.406549910000
206 0.452349290000
207 0.496000030000
208 0.554681610000
209 0.472133740000
210 0.392005180000
211 0.310150200000
212 0.229920060000
213 0.112481490000
214 0.023084080000
215 0.023133650000
216 0.037348870000
217 0.058411450000
218 0.062708700000
219 0.033006340000
220 0.023116570000
221 0.023121400000
222 0.022360450000
223 0.026475950000
224 0.024431620000
225 0.020937450000
226 0.023110430000
