  0.00000000
  0.00000000
 -0.11018941
 -0.21933292
 -0.32742997
 -0.43441276
 -0.54014645
 -0.64438832
 -0.68036023
 -0.56732996
 -0.45414095
 -0.34083611
 -0.22738976
 -0.11376384
  0.00007605
  0.00147444
  0.00186289
  0.00267873
  0.00577112
  0.04930771
 -0.00355598
 -0.00031148
  0.07658481
  0.15317185
  0.22759488
  0.28789065
  0.34419646
  0.40824136
  0.47899417
  0.43737777
  0.36657659
  0.29491645
  0.22294296
  0.15102437
  0.07976013
  0.01217569
  0.00559827
  0.00499880
  0.02675072
  0.09894397
  0.17238983
  0.24624864
  0.32147545
  0.39578350
  0.46953324
  0.54261403
  0.61284249
  0.63161615
  0.56484761
  0.50540447
  0.44855470
  0.38838516
  0.31611607
  0.23776528
  0.15855488
  0.07906223
 -0.00006634
 -0.00172313
 -0.00176017
 -0.00179362
 -0.00183185
 -0.00187545
 -0.00192490
 -0.00198113
 -0.00204501
 -0.00211709
 -0.00219854
 -0.00229046
 -0.00237149
 -0.00028053
  0.03366473
  0.06736147
  0.10087370
  0.13420277
  0.16731092
  0.20008060
  0.23202486
  0.23700093
  0.20414674
  0.17049158
  0.13655571
  0.10246775
  0.06827244
  0.03390903
 -0.00059780
 -0.01119482
 -0.01562962
 -0.02048003
 -0.02540544
 -0.02582220
 -0.01303040
  0.01106626
  0.01858237
  0.00483577
 -0.02206329
 -0.04636001
 -0.04941077
 -0.02459453
  0.00302904
  0.00776888
  0.00146626
 -0.02814112
 -0.05718809
 -0.08496185
 -0.08779800
 -0.05923747
 -0.02933134
  0.00114683
  0.00459566
  0.00449831
  0.00432874
  0.00417505
  0.00403765
  0.00391441
  0.00380266
  0.00370224
  0.00361147
  0.00352907
  0.00345477
  0.00338669
  0.00328298
  0.00010442
 -0.05869390
 -0.11747786
 -0.17627088
 -0.23507921
 -0.29390346
 -0.35274342
 -0.41158828
 -0.47042764
 -0.52918342
 -0.58779433
 -0.64402018
 -0.60855695
 -0.56962083
 -0.53961393
 -0.58663853
 -0.64044568
 -0.69882727
 -0.69936412
 -0.69949310
 -0.69956273
 -0.69960344
 -0.69962689
 -0.69963904
 -0.69963638
 -0.65379382
 -0.59192516
 -0.53070207
 -0.47009749
 -0.41003309
 -0.35043245
 -0.29124131
 -0.23240670
 -0.17388849
 -0.11565217
 -0.05766398
  0.00012630
  0.01475444
  0.02528496
  0.03547439
  0.04072116
  0.02340802
 -0.00458046
 -0.00705715
 -0.00562101
 -0.00449566
 -0.00004505
  0.10344149
  0.20542826
  0.30591739
  0.40484477
  0.50208160
  0.59742725
  0.69960101
  0.69032933
  0.56695706
  0.44800924
  0.33257926
  0.21978536
  0.10910356
  0.00021977
 -0.12187542
 -0.24206077
 -0.36019363
 -0.47609447
 -0.58948258
 -0.69986853
 -0.69993976
 -0.62470639
 -0.49978398
 -0.37483574
 -0.24987954
 -0.12491982
  0.00004158
  0.12449442
  0.24842103
  0.37050412
  0.48977700
  0.60579408
  0.69989016
  0.69991101
  0.69992274
  0.69992941
  0.69993243
  0.69993229
  0.69992878
  0.69990288
  0.58420661
  0.46955946
  0.35566890
  0.24225656
  0.12157761
 -0.00011519
  0.00014343
 -0.11168281
 -0.22403889
 -0.24775077
 -0.12350812
  0.00012156
  0.00017166
 -0.10364556
 -0.20848276
 -0.22145271
 -0.10964574
  0.00037349
  0.00000000
