  0.02310491
  0.02310491
  0.02471483
  0.03177606
  0.04907186
  0.07818202
  0.11865500
  0.17158200
  0.23919816
  0.29220800
  0.28091567
  0.25688795
  0.22716762
  0.19187105
  0.15067743
  0.10308412
  0.04930302
  0.02122734
  0.03989764
  0.06329152
  0.08855269
  0.06855085
  0.05757700
  0.05523412
  0.05898078
  0.06900116
  0.07229467
  0.06280585
  0.09318183
  0.13041762
  0.16648931
  0.15760917
  0.11471242
  0.09643708
  0.09696623
  0.11342342
  0.11854645
  0.08995570
  0.05970245
  0.02896448
  0.03391191
  0.02047437
  0.02039401
  0.02037707
  0.02049957
  0.02099808
  0.02350269
  0.03889038
  0.06630348
  0.09177370
  0.10255246
  0.13189333
  0.15914968
  0.12678366
  0.11265475
  0.11663659
  0.13804479
  0.15278351
  0.12646488
  0.09817931
  0.06772260
  0.03532996
  0.02026400
  0.05888312
  0.05710161
  0.02034898
  0.03818250
  0.07160110
  0.10291609
  0.13195775
  0.15897874
  0.17241950
  0.13287840
  0.11838332
  0.12311587
  0.13559069
  0.10394548
  0.06614227
  0.02876245
  0.07640201
  0.19357092
  0.30412632
  0.41015842
  0.48486736
  0.37087926
  0.32057469
  0.30895292
  0.22183477
  0.12481228
  0.04171537
  0.02545430
  0.04416318
  0.06118039
  0.07637586
  0.08946060
  0.10746292
  0.11913739
  0.11845522
  0.10421194
  0.08881209
  0.06548275
  0.04574605
  0.03074858
  0.02215819
  0.02118255
  0.02308184
  0.02255542
  0.02087103
  0.02381999
  0.03333164
  0.04769630
  0.06665581
  0.09091017
  0.11662845
  0.13075613
  0.14896678
  0.11818664
  0.13658166
  0.11989338
  0.09877994
  0.07410503
  0.04819452
  0.02154196
  0.02154378
  0.02176676
  0.05009737
  0.08842374
  0.12730130
  0.15935959
  0.18140613
  0.18911983
  0.12517272
  0.07406709
  0.04058592
  0.02601409
