  0.00000000
  0.00000000
  0.03612133
  0.07121709
  0.10523881
  0.13804467
  0.16940556
  0.19902165
  0.25398722
  0.29261294
  0.33135723
  0.37032101
  0.40957218
  0.44914522
  0.29607990
  0.31023787
  0.32438010
  0.33851433
  0.35273926
  0.36737195
  0.37785108
  0.44188250
  0.45855625
  0.47453954
  0.39267571
  0.37468363
  0.43734317
  0.50135010
  0.51760186
  0.53791941
  0.55623842
  0.57455721
  0.59240397
  0.60990036
  0.62700479
  0.64572215
  0.66280381
  0.67941463
  0.69985621
  0.71582260
  0.73238840
  0.75697598
  0.74668766
  0.74056432
  0.73413144
  0.70730668
  0.67981707
  0.67154923
  0.59631362
  0.56961234
  0.60239025
  0.72311167
  0.78372709
  0.79216469
  0.79484778
  0.79105604
  0.24328587
  0.24171562
  0.24149191
  0.24129989
  0.24111055
  0.24089319
  0.24068052
  0.24041992
  0.24010130
  0.23985040
  0.23968673
  0.23968281
  0.24021218
  0.34036558
  0.33832125
  0.33702599
  0.33599197
  0.33508583
  0.33426357
  0.33347895
  0.33293202
  0.34399799
  0.34450054
  0.34479418
  0.34505766
  0.34535142
  0.34600174
  0.34431125
  0.28434864
  0.28077240
  0.27814849
  0.27547004
  0.27282047
  0.27064695
  0.27041869
  0.26538478
  0.26299593
  0.26620908
  0.26216677
  0.25904688
  0.25931457
  0.25843068
  0.24647227
  0.24356629
  0.25762059
  0.25381922
  0.25045949
  0.24742469
  0.25039097
  0.24842843
  0.24668302
  0.22013723
  0.21706932
  0.21476510
  0.21247466
  0.21017109
  0.20786796
  0.20552750
  0.20322564
  0.20089212
  0.19852527
  0.19616701
  0.19379268
  0.19142339
  0.18903686
  0.39069033
  0.38026716
  0.37000109
  0.35977283
  0.34954797
  0.33932706
  0.32906296
  0.31879169
  0.30824063
  0.29787241
  0.28125639
  0.20359942
  0.19351668
  0.19848650
  0.21432033
  0.23025210
  0.25088402
  0.24443075
  0.23088057
  0.21740376
  0.20407506
  0.19102496
  0.17819721
  0.16563836
  0.15351283
  0.14318432
  0.12983407
  0.11721586
  0.10515744
  0.09354662
  0.08227839
  0.07130343
  0.06056577
  0.05002915
  0.03966677
  0.02946192
  0.01050621
  0.00754763
  0.00463529
  0.00173275
 -0.00121885
 -0.00423154
 -0.00712072
 -0.01001461
 -0.01291631
 -0.01582241
 -0.06224964
 -0.09300876
 -0.12238850
 -0.15031171
 -0.17660717
 -0.20100209
 -0.24468323
 -0.22200351
 -0.21817539
 -0.16622533
 -0.12008016
 -0.07825415
 -0.03931675
 -0.00250580
  0.03708849
  0.08054529
  0.12178260
  0.16058646
  0.19659127
  0.22921443
  0.27923412
  0.34401996
  0.34239869
  0.29555984
  0.24871009
  0.20185743
  0.15500376
  0.10781072
  0.06097635
  0.01461078
 -0.02947745
 -0.07029856
 -0.10735049
 -0.15467227
 -0.19692387
 -0.23826882
 -0.27837614
 -0.31690663
 -0.35365160
 -0.38867538
 -0.43577890
 -0.47066667
 -0.50661544
 -0.54313224
 -0.59708569
 -0.55813523
 -0.39571491
 -0.44083603
 -0.40549636
 -0.36931000
 -0.36405844
 -0.31588767
 -0.19835577
 -0.19853423
 -0.16800213
 -0.13641298
 -0.10809915
 -0.06915787
 -0.02935092
