  0.01155245
  0.01155245
  0.00180659
  0.00023072
  0.00003014
  0.00000421
  0.00000064
  0.00000011
  0.00000000
  0.00000000
  0.00000000
  0.00000000
  0.00000000
  0.00000000
  0.00000000
  0.00000000
  0.00000000
  0.00000000
  0.00000000
  0.00000000
  0.00000000
  0.00000000
  0.00000000
  0.00000000
  0.00000000
  0.00000000
  0.00000000
  0.00000000
  0.00000000
  0.00000000
  0.00000000
  0.00000000
  0.00000000
  0.00000000
  0.00000000
  0.00000000
  0.00000000
  0.00000000
  0.00000000
  0.00000000
 -0.00000000
 -0.00000000
  0.00000000
  0.00000000
 -0.00000000
 -0.00000000
 -0.00000000
  0.00000000
  0.00000000
  0.00000000
  0.00000000
 -0.00000000
 -0.00000000
 -0.00000000
 -0.00000000
  0.00000000
  0.00000001
  0.00000001
  0.00000001
  0.00000001
  0.00000001
  0.00000001
  0.00000001
  0.00000001
  0.00000001
  0.00000001
  0.00000001
  0.00000001
  0.00000001
  0.00000000
  0.00000000
  0.00000000
  0.00000000
  0.00000000
  0.00000000
  0.00000000
  0.00000000
  0.00000000
  0.00000000
  0.00000000
  0.00000000
  0.00000000
  0.00000000
  0.00000000
  0.00000000
  0.00000000
  0.00000000
  0.00000000
  0.00000000
  0.00000000
  0.00000000
  0.00000000
  0.00000000
  0.00000000
  0.00000000
  0.00000000
  0.00000000
  0.00000000
  0.00000001
  0.00000001
  0.00000000
  0.00000000
  0.00000000
  0.00000001
  0.00000000
  0.00000001
  0.00000001
  0.00000003
  0.00000004
  0.00000004
  0.00000005
  0.00000006
  0.00000006
  0.00000007
  0.00000008
  0.00000010
  0.00000011
  0.00000013
  0.00000015
  0.00000017
  0.00000020
  0.00000000
  0.00000000
  0.00000000
  0.00000000
  0.00000000
  0.00000000
  0.00000000
  0.00000000
  0.00000000
  0.00000000
  0.00000000
  0.00000008
  0.00000015
  0.00000011
  0.00000004
  0.00000002
  0.00000000
  0.00000001
  0.00000002
  0.00000004
  0.00000008
  0.00000018
  0.00000038
  0.00000080
  0.00000167
  0.00000310
  0.00000690
  0.00001470
  0.00003029
  0.00006074
  0.00011921
  0.00022953
  0.00043445
  0.00080832
  0.00147505
  0.00262664
  0.00711331
  0.00820189
  0.00939517
  0.01070843
  0.01217294
  0.01380214
  0.01549024
  0.01730088
  0.01923166
  0.02127460
  0.06264285
  0.09307148
  0.12239927
  0.15031373
  0.17660759
  0.20100218
  0.24468323
  0.22200353
  0.21817542
  0.16622611
  0.12009253
  0.07840575
  0.04082187
  0.01285237
  0.00170979
  0.00013222
  0.00001118
  0.00000109
  0.00000013
  0.00000002
  0.00000000
  0.00000000
  0.00000000
  0.00000000
  0.00000001
  0.00000009
  0.00000152
  0.00002584
  0.00042404
  0.00579934
  0.03210221
  0.07054225
  0.10737705
  0.15467382
  0.19692400
  0.23826883
  0.27837614
  0.31690663
  0.35365160
  0.38867538
  0.43577890
  0.47066667
  0.50661544
  0.54313224
  0.59708569
  0.55813523
  0.39571491
  0.44083603
  0.40549636
  0.36931000
  0.36405844
  0.31588767
  0.19835589
  0.19853434
  0.16800283
  0.13641763
  0.10812454
  0.06941870
  0.03199417
