  0.01155245
  0.01155245
  0.03792792
  0.07144781
  0.10526895
  0.13804888
  0.16940620
  0.19902176
  0.25398723
  0.29261294
  0.33135723
  0.37032101
  0.40957218
  0.44914522
  0.29607990
  0.31023787
  0.32438010
  0.33851433
  0.35273926
  0.36737195
  0.37785108
  0.44188250
  0.45855625
  0.47453954
  0.39267571
  0.37468363
  0.43734317
  0.50135010
  0.51760186
  0.53791941
  0.55623842
  0.57455721
  0.59240397
  0.60990036
  0.62700479
  0.64572215
  0.66280381
  0.67941463
  0.69985621
  0.71582260
  0.73238840
  0.75697598
  0.74668766
  0.74056432
  0.73413144
  0.70730668
  0.67981707
  0.67154923
  0.59631362
  0.56961234
  0.60239025
  0.72311167
  0.78372709
  0.79216469
  0.79484778
  0.79105604
  0.24328588
  0.24171563
  0.24149192
  0.24129990
  0.24111056
  0.24089320
  0.24068053
  0.24041993
  0.24010131
  0.23985041
  0.23968674
  0.23968282
  0.24021219
  0.34036558
  0.33832125
  0.33702599
  0.33599197
  0.33508583
  0.33426357
  0.33347895
  0.33293202
  0.34399799
  0.34450054
  0.34479418
  0.34505766
  0.34535142
  0.34600174
  0.34431125
  0.28434864
  0.28077240
  0.27814849
  0.27547005
  0.27282047
  0.27064695
  0.27041869
  0.26538478
  0.26299593
  0.26620908
  0.26216677
  0.25904688
  0.25931458
  0.25843068
  0.24647227
  0.24356630
  0.25762059
  0.25381922
  0.25045949
  0.24742470
  0.25039097
  0.24842843
  0.24668303
  0.22013726
  0.21706935
  0.21476514
  0.21247471
  0.21017115
  0.20786803
  0.20552757
  0.20322572
  0.20089221
  0.19852538
  0.19616714
  0.19379283
  0.19142356
  0.18903705
  0.39069033
  0.38026716
  0.37000109
  0.35977283
  0.34954797
  0.33932706
  0.32906296
  0.31879169
  0.30824063
  0.29787241
  0.28125640
  0.20359950
  0.19351683
  0.19848662
  0.21432037
  0.23025212
  0.25088402
  0.24443076
  0.23088059
  0.21740380
  0.20407514
  0.19102514
  0.17819759
  0.16563916
  0.15351450
  0.14318741
  0.12984096
  0.11723056
  0.10518773
  0.09360736
  0.08239760
  0.07153295
  0.06100022
  0.05083747
  0.04114181
  0.03208856
  0.01761952
  0.01574952
  0.01403046
  0.01244118
  0.01095409
  0.00957060
  0.00836952
  0.00728627
  0.00631535
  0.00545219
  0.00039321
  0.00006272
  0.00001078
  0.00000202
  0.00000042
  0.00000010
  0.00000001
  0.00000003
  0.00000003
  0.00000078
  0.00001237
  0.00015160
  0.00150512
  0.01034657
  0.03879827
  0.08067751
  0.12179378
  0.16058755
  0.19659140
  0.22921445
  0.27923412
  0.34401996
  0.34239869
  0.29555984
  0.24871010
  0.20185752
  0.15500528
  0.10783655
  0.06140039
  0.02041012
  0.00262475
  0.00024370
  0.00002656
  0.00000155
  0.00000012
  0.00000001
  0.00000000
  0.00000000
  0.00000000
  0.00000000
  0.00000000
  0.00000000
  0.00000000
  0.00000000
  0.00000000
  0.00000000
  0.00000000
  0.00000000
  0.00000000
  0.00000000
  0.00000000
  0.00000000
  0.00000011
  0.00000011
  0.00000070
  0.00000465
  0.00002539
  0.00026083
  0.00264325
