  0.01155245
  0.01155245
  0.03994212
  0.07909281
  0.12243145
  0.16879333
  0.21816499
  0.27080211
  0.35264692
  0.38211148
  0.40900179
  0.43336645
  0.45506255
  0.47377789
  0.29609071
  0.31045744
  0.32467016
  0.33894959
  0.35371640
  0.37607386
  0.37849603
  0.44194857
  0.47544613
  0.50970430
  0.43633015
  0.42793974
  0.51259394
  0.60544047
  0.64662958
  0.65864945
  0.65874558
  0.65833453
  0.65687029
  0.65445231
  0.65106062
  0.64949615
  0.66458490
  0.68104485
  0.70884476
  0.74993062
  0.79359899
  0.84830354
  0.86604814
  0.88909135
  0.91292317
  0.91202562
  0.90926620
  0.90737356
  0.77770455
  0.72090341
  0.74154927
  0.86513145
  0.90677268
  0.88431542
  0.85585284
  0.82113907
  0.24329363
  0.24191554
  0.24169594
  0.24150764
  0.24132256
  0.24111005
  0.24090290
  0.24064855
  0.24033699
  0.24009414
  0.23993968
  0.23994633
  0.24048562
  0.34041142
  0.34379027
  0.34793973
  0.35231590
  0.35680169
  0.36136134
  0.36594015
  0.37069134
  0.38388089
  0.37873521
  0.37328735
  0.36781670
  0.36239706
  0.35735814
  0.34991753
  0.28443023
  0.28228120
  0.28023540
  0.27817842
  0.27614813
  0.27400227
  0.27211014
  0.26679452
  0.26534202
  0.26682700
  0.26494367
  0.26481554
  0.26546979
  0.26148217
  0.24683063
  0.24447459
  0.25780191
  0.25724865
  0.25734218
  0.25753945
  0.26097041
  0.25550052
  0.25015709
  0.22025844
  0.21754819
  0.21522887
  0.21291619
  0.21059234
  0.20827089
  0.20591375
  0.20359667
  0.20124922
  0.19886953
  0.19649944
  0.19411420
  0.19173474
  0.18933495
  0.39070991
  0.39099277
  0.39096172
  0.39053246
  0.38973325
  0.38862484
  0.38721084
  0.38558811
  0.38347660
  0.38148933
  0.37121786
  0.27697464
  0.25823877
  0.25950304
  0.27593198
  0.30371522
  0.34062866
  0.34301878
  0.32410485
  0.30520943
  0.28650920
  0.26819416
  0.25018806
  0.23255777
  0.21553438
  0.19584868
  0.17174402
  0.15025355
  0.13084117
  0.11313779
  0.09685421
  0.08182567
  0.06793037
  0.05512402
  0.04343598
  0.03297772
  0.01762059
  0.01586105
  0.01420076
  0.01265310
  0.01116832
  0.00967815
  0.00838792
  0.00731096
  0.00633239
  0.00546396
  0.00039322
  0.00006585
  0.00001186
  0.00000232
  0.00000050
  0.00000012
  0.00000001
  0.00000004
  0.00000005
  0.00000101
  0.00001523
  0.00017673
  0.00166651
  0.01089058
  0.03880237
  0.08542067
  0.13622792
  0.18961848
  0.24525077
  0.30279851
  0.39209792
  0.48308968
  0.46090229
  0.37302329
  0.29567892
  0.22658557
  0.16434828
  0.10783870
  0.06508859
  0.02289520
  0.00311414
  0.00030606
  0.00003539
  0.00000218
  0.00000017
  0.00000001
  0.00000000
  0.00000000
  0.00000000
  0.00000000
  0.00000000
  0.00000000
  0.00000000
  0.00000000
  0.00000000
  0.00000000
  0.00000000
  0.00000000
  0.00000000
  0.00000000
  0.00000000
  0.00000000
  0.00000011
  0.00000011
  0.00000073
  0.00000512
  0.00002814
  0.00027461
  0.00264373
