  0.00000000
  0.00000000
  0.16536237
  0.32916062
  0.49139993
  0.65198934
  0.81075260
  0.96742878
  1.12168225
  1.29146543
  1.46134953
  1.63135927
  1.80155552
  1.97200440
  2.14276223
  2.24632976
  2.34984385
  2.45330614
  2.55672031
  2.66011831
  2.76361650
  2.86607592
  2.98162092
  3.09687359
  3.21169763
  3.30329201
  3.38825553
  3.48495055
  3.59272649
  3.70064878
  3.80952634
  3.91888113
  4.02866943
  4.13876281
  4.24906629
  4.35948380
  4.47026745
  4.58108757
  4.69180990
  4.80292032
  4.91319752
  4.99836073
  4.99837681
  4.99833195
  4.99831064
  4.99821707
  4.99815699
  4.99798893
  4.99725279
  4.99672208
  4.99682457
  4.99764293
  4.99776094
  4.99746534
  4.99703585
  4.99636958
  4.98589554
  4.98557951
  4.98549647
  4.98546104
  4.98543532
  4.98540898
  4.98538243
  4.98535019
  4.98531643
  4.98529356
  4.98530286
  4.98542998
  4.98606623
  4.98911077
  4.99013001
  4.99068708
  4.99113602
  4.99151293
  4.99183219
  4.99210333
  4.99233810
  4.99259075
  4.99241701
  4.99223048
  4.99203555
  4.99147916
  4.98375669
  4.94418495
  4.89779498
  4.85808129
  4.81757713
  4.77652717
  4.73513562
  4.69350945
  4.65164149
  4.60926089
  4.56717220
  4.52497523
  4.48175605
  4.43871457
  4.39571218
  4.35218146
  4.30831339
  4.26603403
  4.22380545
  4.17862005
  4.13359192
  4.08864936
  4.04373847
  3.99774978
  3.95157411
  3.90516651
  3.86328557
  3.82152809
  3.77974946
  3.73794737
  3.69612468
  3.65428154
  3.61242577
  3.57054974
  3.52866011
  3.48676419
  3.44486054
  3.40295300
  3.36104087
  3.31912836
  3.23110405
  3.14308052
  3.05502107
  2.96691421
  2.87875592
  2.79054159
  2.70227874
  2.61396589
  2.52567957
  2.43736964
  2.35095785
  2.28613469
  2.22277385
  2.15592226
  2.08148060
  1.99862581
  1.90458172
  1.80842298
  1.71275966
  1.61764433
  1.52310650
  1.42911789
  1.33567141
  1.24273100
  1.15014969
  1.05684388
  0.96476747
  0.87370591
  0.78349794
  0.69401147
  0.60515655
  0.51684895
  0.42902563
  0.34163307
  0.25461956
  0.16790929
  0.12104712
  0.07434903
  0.02765578
 -0.01928262
 -0.06657380
 -0.11415459
 -0.16085151
 -0.20746155
 -0.25407137
 -0.30069389
 -0.45587271
 -0.60879770
 -0.75946625
 -0.90777028
 -1.05348033
 -1.19604370
 -1.04301900
 -0.88351613
 -0.69838484
 -0.51992933
 -0.34675965
 -0.17754694
 -0.01150279
  0.15184545
  0.33499614
  0.51528465
  0.69249888
  0.86637425
  1.03650617
  1.20229597
  1.37638348
  1.36977118
  1.18239989
  0.99498186
  0.80754931
  0.62011028
  0.43266802
  0.24581205
  0.05979144
 -0.12345588
 -0.30250817
 -0.47677194
 -0.64561546
 -0.82526484
 -1.00419428
 -1.18210934
 -1.35868037
 -1.53355782
 -1.70644306
 -1.87717613
 -2.05114808
 -2.22302646
 -2.39348864
 -2.47289965
 -2.29225409
 -2.10985344
 -1.96933700
 -1.80156012
 -1.63283486
 -1.46326957
 -1.27672588
 -1.09120819
 -0.95492002
 -0.79903079
 -0.64137492
 -0.48189217
 -0.31368079
 -0.14835493
  0.00000000
