 22.93583535
 22.93583535
 22.93583535
 22.93647992
 22.93783934
 22.94031602
 22.94494967
 22.95374795
 22.97005748
 22.99899446
 23.04810019
 23.12500672
 23.23277461
 23.37282515
 23.54538237
 23.74950111
 23.98306967
 24.24285480
 24.52359885
 24.81875891
 25.11937912
 25.41265068
 25.67688008
 25.92401383
 26.15694138
 26.37461149
 26.57138165
 26.73756752
 26.86591678
 26.95939940
 26.98995493
 26.92372449
 26.73065043
 26.44458178
 26.06916105
 25.61704751
 25.08975887
 24.49806176
 23.82099218
 23.07654203
 22.28148677
 21.46787527
 20.65766345
 19.84431651
 19.02817128
 18.20969771
 17.38941712
 16.56904454
 15.75830538
 14.96252762
 14.17298080
 13.37296620
 12.58624961
 11.81919239
 11.07919250
 10.37922013
  9.69119790
  8.99944641
  8.35997042
  7.77253000
  7.23745880
  6.74603679
  6.28176225
  5.82889190
  5.38388373
  4.92776011
  4.45833763
  4.00367954
  3.58783183
  3.23591134
  2.97011416
  2.81012377
  2.77162052
  2.85669076
  3.03635569
  3.30043009
  3.67161797
  4.14993231
  4.68773614
  5.24320648
  5.78867023
  6.30368606
  6.77081059
  7.17306286
  7.47681773
  7.67216319
  7.80418155
  7.89241468
  7.93099427
  7.93380451
  7.91919275
  7.90138662
  7.89097017
  7.89536423
  7.91931611
  7.96492193
  8.03694437
  8.13129121
  8.24700020
  8.37127873
  8.49162565
  8.60674507
  8.70553062
  8.78120390
  8.83222607
  8.85824241
  8.85946634
  8.83637716
  8.78951752
  8.71918499
  8.62524887
  8.50698278
  8.36295539
  8.19101393
  7.98223261
  7.73684369
  7.44672583
  7.15958425
  6.77931524
  6.36008347
  5.90866749
  5.42796091
  4.88797567
  4.38883647
  3.92880418
  3.50776275
  3.12599357
  2.78109677
  2.47215793
  2.19900492
  1.96228859
  1.76294649
  1.60260130
  1.48224944
  1.40205975
  1.36198547
