task_id 24

[x]
1 4.000000000000
2 4.000000000000
3 4.000000000000
4 4.040572200000
5 4.121662230000
6 4.243250130000
7 4.405318040000
8 4.607793760000
9 4.850541600000
10 5.133381440000
11 5.456081580000
12 5.818361700000
13 6.220156940000
14 6.660584240000
15 7.142054770000
16 7.666195700000
17 8.235416670000
18 8.849947150000
19 9.500939930000
20 10.112171420000
21 10.599565490000
22 10.983606220000
23 11.311783960000
24 11.607970260000
25 11.863669510000
26 12.033433980000
27 12.095655560000
28 12.069637940000
29 11.982040750000
30 11.866881300000
31 11.754523180000
32 11.644628120000
33 11.539415220000
34 11.459678510000
35 11.435385650000
36 11.489805650000
37 11.640329470000
38 11.897616570000
39 12.263956530000
40 12.731088190000
41 13.236212470000
42 13.798523980000
43 14.448194290000
44 15.116310450000
45 15.734036240000
46 16.332438770000
47 16.862064840000
48 17.316241760000
49 17.700216540000
50 18.030257140000
51 18.332715480000
52 18.618634990000
53 18.928187790000
54 19.290242930000
55 19.718731880000
56 20.124960990000
57 20.613899720000
58 21.098435460000
59 21.546674580000
60 21.945244620000
61 22.284459040000
62 22.555063010000
63 22.752222200000
64 22.869013160000
65 22.929923260000
66 22.942957160000
67 22.925359310000
68 22.892015400000
69 22.858099020000
70 22.831537750000
71 22.815820490000
72 22.812047920000
73 22.820168760000
74 22.839821940000
75 22.871123100000
76 22.915245110000
77 22.974970010000
78 23.055181020000
79 23.171218230000
80 23.328402510000
81 23.528816620000
82 23.772485930000
83 24.057312150000
84 24.379738370000
85 24.744332280000
86 25.070368490000
87 25.349554440000
88 25.576898330000
89 25.750197310000
90 25.873999550000
91 25.945799240000
92 25.980470180000
93 25.994458300000
94 25.998965450000
95 25.999933950000
96 26.000000000000

[y]
1 22.000000000000
2 22.000000000000
3 22.000000000000
4 22.000000000000
5 22.000159860000
6 22.001286540000
7 22.005100440000
8 22.013821830000
9 22.029544890000
10 22.054060090000
11 22.089110760000
12 22.136940680000
13 22.199964520000
14 22.276268020000
15 22.357487780000
16 22.432326520000
17 22.480534490000
18 22.472900800000
19 22.369236140000
20 22.136602190000
21 21.785073380000
22 21.372429210000
23 20.892058530000
24 20.311890080000
25 19.612613300000
26 18.848477850000
27 18.029867340000
28 17.170031930000
29 16.274860250000
30 15.358780050000
31 14.441356640000
32 13.523031090000
33 12.625203650000
34 11.762618880000
35 10.931373010000
36 10.134252060000
37 9.381203870000
38 8.689363750000
39 8.082042020000
40 7.586770720000
41 7.258737780000
42 7.061907960000
43 7.004700290000
44 7.124068000000
45 7.397487030000
46 7.825861420000
47 8.381565360000
48 9.041711060000
49 9.786326880000
50 10.599685360000
51 11.466387770000
52 12.290341630000
53 13.055557640000
54 13.746758490000
55 14.340404630000
56 14.781515780000
57 15.251890300000
58 15.685105360000
59 16.089275980000
60 16.479768500000
61 16.865378500000
62 17.246086880000
63 17.617339280000
64 17.953107290000
65 18.278248940000
66 18.561537290000
67 18.800959740000
68 18.990295850000
69 19.130888400000
70 19.226159190000
71 19.279038970000
72 19.291461330000
73 19.264779310000
74 19.200282500000
75 19.099273700000
76 18.963503140000
77 18.795541280000
78 18.599243710000
79 18.364311330000
80 18.106337630000
81 17.828940440000
82 17.534167630000
83 17.221756600000
84 16.887561870000
85 16.512672100000
86 16.159576140000
87 15.822757660000
88 15.500865230000
89 15.196360760000
90 14.905700090000
91 14.646018060000
92 14.426095500000
93 14.252225090000
94 14.124495350000
95 14.041020210000
96 14.000000000000

[theta]
1 0.000000000000
2 0.000000000000
3 -0.000000000000
4 0.001971430000
5 0.009266100000
6 0.023528240000
7 0.043047010000
8 0.064680700000
9 0.086459170000
10 0.108192930000
11 0.131265850000
12 0.155587980000
13 0.171545970000
14 0.167117600000
15 0.141824890000
16 0.084489310000
17 -0.012421640000
18 -0.157915430000
19 -0.363669930000
20 -0.624839930000
21 -0.821285800000
22 -0.971451370000
23 -1.098771120000
24 -1.220237740000
25 -1.352182050000
26 -1.494933800000
27 -1.601046200000
28 -1.668341040000
29 -1.695849260000
30 -1.692660850000
31 -1.689898830000
32 -1.687450440000
33 -1.662973700000
34 -1.600012730000
35 -1.502631510000
36 -1.373510460000
37 -1.214756830000
38 -1.028023130000
39 -0.814628940000
40 -0.575960710000
41 -0.336706950000
42 -0.087829590000
43 0.176797860000
44 0.416701930000
45 0.621293630000
46 0.809421380000
47 0.968173150000
48 1.094692940000
49 1.185321470000
50 1.235034140000
51 1.236788540000
52 1.186391280000
53 1.088286450000
54 0.945598940000
55 0.826541820000
56 0.766049030000
57 0.729536230000
58 0.733745420000
59 0.775161640000
60 0.849319860000
61 0.952864310000
62 1.082605750000
63 1.236054020000
64 1.385608620000
65 1.524819370000
66 1.644165620000
67 1.745118380000
68 1.807512300000
69 1.842689710000
70 1.859706520000
71 1.865636110000
72 1.866244790000
73 1.866573680000
74 1.871297500000
75 1.885005450000
76 1.912438920000
77 1.958711110000
78 2.029566090000
79 2.118028570000
80 2.196451230000
81 2.261568020000
82 2.310039940000
83 2.338273570000
84 2.342272360000
85 2.316370950000
86 2.262907420000
87 2.185719850000
88 2.088198920000
89 1.973457770000
90 1.840547990000
91 1.727160100000
92 1.651074810000
93 1.606068360000
94 1.582398000000
95 1.572406510000
96 1.570000000000

[v]
1 0.000000000000
2 0.000000000000
3 0.174473650000
4 0.348830090000
5 0.523126420000
6 0.697399560000
7 0.871683490000
8 1.045997140000
9 1.220354810000
10 1.394767560000
11 1.569242490000
12 1.743818640000
13 1.918661320000
14 2.093303590000
15 2.268153780000
16 2.443128400000
17 2.618388040000
18 2.794307090000
19 2.971105390000
20 3.136051110000
21 3.279610680000
22 3.408354790000
23 3.536193830000
24 3.674157110000
25 3.825925050000
26 3.979121760000
27 4.133568460000
28 4.289292770000
29 4.446106700000
30 4.601219240000
31 4.750888390000
32 4.894831960000
33 4.997297640000
34 4.997170550000
35 4.996867580000
36 4.996576140000
37 4.996340710000
38 4.996214560000
39 4.996039390000
40 4.994513300000
41 4.945727130000
42 4.860350750000
43 4.762092220000
44 4.656710570000
45 4.548999020000
46 4.428473940000
47 4.299087730000
48 4.159790410000
49 4.009131880000
50 3.845239480000
51 3.666447610000
52 3.488253650000
53 3.310955750000
54 3.134363440000
55 2.959317290000
56 2.807470080000
57 2.626340180000
58 2.440839230000
59 2.255485210000
60 2.070036590000
61 1.884047310000
62 1.698191680000
63 1.512616260000
64 1.336418340000
65 1.150838910000
66 0.966085730000
67 0.779771110000
68 0.594916660000
69 0.412644440000
70 0.232936430000
71 0.055370210000
72 -0.120423930000
73 -0.294065660000
74 -0.465965130000
75 -0.636103410000
76 -0.804348920000
77 -0.970482230000
78 -1.134258540000
79 -1.307394060000
80 -1.480536930000
81 -1.653698370000
82 -1.826874240000
83 -1.999995070000
84 -2.173074420000
85 -1.994739780000
86 -1.814562870000
87 -1.634032340000
88 -1.453351130000
89 -1.272691110000
90 -1.086625130000
91 -0.900755390000
92 -0.715456620000
93 -0.532672840000
94 -0.352783610000
95 -0.175369980000
96 0.000000000000

[a]
1 0.000000000000
2 0.749797810000
3 0.749789250000
4 0.749780010000
5 0.749769990000
6 0.749759040000
7 0.749747020000
8 0.749733720000
9 0.749718930000
10 0.749702370000
11 0.749683740000
12 0.749662850000
13 0.749638020000
14 0.749610350000
15 0.749578190000
16 0.749540900000
17 0.749497050000
18 0.749442640000
19 0.749339010000
20 0.749180600000
21 0.749028920000
22 0.748957250000
23 0.748948720000
24 0.748924670000
25 0.748779880000
26 0.748579290000
27 0.748285940000
28 0.747815740000
29 0.746945010000
30 0.745079420000
31 0.739406010000
32 0.554833350000
33 -0.000733120000
34 -0.001820570000
35 -0.001822730000
36 -0.001531800000
37 -0.000853870000
38 -0.001233930000
39 -0.011199050000
40 -0.404559530000
41 -0.708750290000
42 -0.732264830000
43 -0.739414780000
44 -0.742499450000
45 -0.745003240000
46 -0.746397510000
47 -0.747357450000
48 -0.748050540000
49 -0.748563900000
50 -0.748939540000
51 -0.749110880000
52 -0.749234120000
53 -0.749329700000
54 -0.749397160000
55 -0.749355340000
56 -0.749511700000
57 -0.749565130000
58 -0.749597660000
59 -0.749625670000
60 -0.749652840000
61 -0.749677530000
62 -0.749701880000
63 -0.749704130000
64 -0.749738400000
65 -0.749753530000
66 -0.749769500000
67 -0.749775410000
68 -0.749775430000
69 -0.749771700000
70 -0.749764980000
71 -0.749755120000
72 -0.749740620000
73 -0.749721660000
74 -0.749696060000
75 -0.749660940000
76 -0.749611410000
77 -0.749538520000
78 -0.749468010000
79 -0.749337110000
80 -0.749141970000
81 -0.748811280000
82 -0.748106350000
83 -0.745426280000
84 0.741062150000
85 0.747827790000
86 0.748792320000
87 0.749183040000
88 0.749397270000
89 0.749551740000
90 0.749635570000
91 0.749684720000
92 0.749711770000
93 0.749727580000
94 0.749737110000
95 0.749742250000
96 0.000000000000

[phy]
1 0.000000000000
2 0.000000000000
3 0.096876710000
4 0.178010150000
5 0.230421170000
6 0.236305460000
7 0.210336410000
8 0.177181720000
9 0.151930550000
10 0.141217210000
11 0.132338650000
12 0.078312930000
13 -0.019811940000
14 -0.103232550000
15 -0.213288540000
16 -0.327101440000
17 -0.442204050000
18 -0.558067370000
19 -0.673935170000
20 -0.579041110000
21 -0.489527720000
22 -0.412576560000
23 -0.356963940000
24 -0.340609040000
25 -0.349742570000
26 -0.252966590000
27 -0.155199600000
28 -0.061090700000
29 0.006906530000
30 0.005976520000
31 0.005293740000
32 0.054100910000
33 0.144351300000
34 0.230055470000
35 0.312617680000
36 0.392047860000
37 0.468406480000
38 0.541698610000
39 0.611482650000
40 0.671364650000
41 0.696009090000
42 0.681721420000
43 0.615379860000
44 0.544615400000
45 0.472620480000
46 0.392172040000
47 0.305878880000
48 0.213067860000
49 0.112789610000
50 0.003820520000
51 -0.115059270000
52 -0.233367390000
53 -0.350621070000
54 -0.314449840000
55 -0.199083450000
56 -0.107221500000
57 0.012951320000
58 0.136390080000
59 0.259801750000
60 0.383286110000
61 0.507086740000
62 0.630633100000
63 0.699466040000
64 0.699636340000
65 0.699648380000
66 0.699265570000
67 0.575736790000
68 0.452758220000
69 0.331415560000
70 0.211749160000
71 0.093496090000
72 -0.023580120000
73 -0.139214820000
74 -0.253673090000
75 -0.366925260000
76 -0.478842650000
77 -0.589115710000
78 -0.593899360000
79 -0.478892190000
80 -0.363631320000
81 -0.248254140000
82 -0.132782020000
83 -0.017220480000
84 0.098737740000
85 0.218920850000
86 0.339230270000
87 0.459581920000
88 0.579868830000
89 0.699475600000
90 0.699656950000
91 0.599556900000
92 0.476392210000
93 0.354732970000
94 0.234951430000
95 0.116798710000
96 0.000000000000

[w]
1 0.000000000000
2 0.416325740000
3 0.348899140000
4 0.225457950000
5 0.025317010000
6 -0.111715060000
7 -0.142601210000
8 -0.108579020000
9 -0.046053550000
10 -0.038153920000
11 -0.232001710000
12 -0.420723500000
13 -0.358076000000
14 -0.471827410000
15 -0.487565980000
16 -0.492264550000
17 -0.493631690000
18 -0.491160090000
19 0.431097060000
20 0.467135170000
21 0.447699340000
22 0.325811850000
23 0.088785070000
24 -0.045070040000
25 0.473012200000
26 0.473861480000
27 0.452211610000
28 0.324265790000
29 -0.004478410000
30 -0.003400050000
31 0.250713900000
32 0.488688730000
33 0.494410580000
34 0.496124540000
35 0.496763310000
36 0.496821940000
37 0.496106960000
38 0.491579910000
39 0.439435050000
40 0.204364590000
41 -0.118611640000
42 -0.494405780000
43 -0.496521840000
44 -0.496290210000
45 -0.497277010000
46 -0.497804220000
47 -0.497949310000
48 -0.497902150000
49 -0.497706610000
50 -0.497974450000
51 -0.497356350000
52 -0.495496350000
53 0.153483070000
54 0.493900130000
55 0.453334490000
56 0.497272430000
57 0.498786640000
58 0.499094070000
59 0.499152010000
60 0.498993760000
61 0.498343460000
62 0.278076940000
63 0.000724630000
64 0.000048620000
65 -0.001553470000
66 -0.497105980000
67 -0.498804940000
68 -0.499142100000
69 -0.499268150000
70 -0.499317970000
71 -0.499325450000
72 -0.499281080000
73 -0.499197840000
74 -0.499033540000
75 -0.498676610000
76 -0.497563920000
77 -0.021892840000
78 0.497842340000
79 0.498832290000
80 0.499152050000
81 0.499300630000
82 0.499375630000
83 0.499414320000
84 0.499415880000
85 0.499346610000
86 0.499186430000
87 0.498761990000
88 0.496141750000
89 0.000730550000
90 -0.403715800000
91 -0.498301700000
92 -0.499001420000
93 -0.499215640000
94 -0.499304810000
95 -0.499338200000
96 0.000000000000

[dt]
1 0.004332680000
2 0.232694260000
3 0.232540600000
4 0.232463290000
5 0.232435470000
6 0.232453260000
7 0.232496630000
8 0.232559460000
9 0.232637510000
10 0.232725590000
11 0.232866390000
12 0.233228420000
13 0.232968800000
14 0.233254770000
15 0.233430780000
16 0.233822650000
17 0.234716130000
18 0.235906380000
19 0.220121630000
20 0.191622110000
21 0.171881360000
22 0.170689380000
23 0.184209240000
24 0.202647800000
25 0.204595130000
26 0.206319750000
27 0.208108030000
28 0.209695950000
29 0.207662590000
30 0.200876770000
31 0.194674640000
32 0.184678680000
33 0.173346140000
34 0.166414300000
35 0.159895420000
36 0.153694130000
37 0.147734540000
38 0.141958690000
39 0.136270360000
40 0.120590730000
41 0.120460480000
42 0.134184430000
43 0.142520340000
44 0.145066170000
45 0.161777930000
46 0.173347600000
47 0.186386470000
48 0.201401530000
49 0.218942440000
50 0.238726700000
51 0.237873950000
52 0.236638850000
53 0.235667040000
54 0.233582610000
55 0.202637120000
56 0.241663880000
57 0.247478090000
58 0.247271350000
59 0.247388290000
60 0.248100550000
61 0.247914090000
62 0.247532290000
63 0.235023270000
64 0.247525580000
65 0.246418540000
66 0.248495870000
67 0.246546430000
68 0.243102420000
69 0.239683640000
70 0.236829180000
71 0.234468740000
72 0.231602410000
73 0.229284390000
74 0.226943000000
75 0.224428810000
76 0.221625910000
77 0.218502870000
78 0.231011220000
79 0.231061380000
80 0.231146360000
81 0.231267720000
82 0.231412050000
83 0.232188420000
84 0.240647350000
85 0.240933680000
86 0.241095600000
87 0.241170980000
88 0.241073760000
89 0.248236340000
90 0.247946800000
91 0.247168920000
92 0.243805400000
93 0.239939470000
94 0.236634460000
95 0.233907020000

[s]
1 0.000000000000
2 0.000000000000
3 0.040572200000
4 0.081090180000
5 0.121593120000
6 0.162112780000
7 0.202663450000
8 0.243256510000
9 0.283900280000
10 0.324598080000
11 0.365423800000
12 0.406708020000
13 0.446988180000
14 0.488272990000
15 0.529456840000
16 0.571258690000
17 0.614577830000
18 0.659194800000
19 0.654004660000
20 0.600936820000
21 0.563703980000
22 0.581769960000
23 0.651399470000
24 0.744559790000
25 0.782765590000
26 0.820971390000
27 0.860228750000
28 0.899447330000
29 0.923290110000
30 0.924278130000
31 0.924877690000
32 0.903971130000
33 0.866262250000
34 0.831600630000
35 0.798976250000
36 0.767944420000
37 0.738132070000
38 0.709256060000
39 0.680812090000
40 0.602291980000
41 0.595764680000
42 0.652183400000
43 0.678695020000
44 0.675531220000
45 0.735927670000
46 0.767665370000
47 0.801291860000
48 0.837788240000
49 0.877769190000
50 0.917961940000
51 0.872152430000
52 0.825456300000
53 0.780283090000
54 0.732131960000
55 0.599667450000
56 0.678463900000
57 0.649961660000
58 0.603549640000
59 0.557980680000
60 0.513577100000
61 0.467081720000
62 0.420357060000
63 0.355500050000
64 0.330797720000
65 0.283588030000
66 0.240068310000
67 0.192249780000
68 0.144625680000
69 0.098904120000
70 0.055166140000
71 0.012982580000
72 -0.027890470000
73 -0.067424670000
74 -0.105747530000
75 -0.142759930000
76 -0.178264560000
77 -0.212053150000
78 -0.262026450000
79 -0.302088280000
80 -0.342220720000
81 -0.382447050000
82 -0.422760710000
83 -0.464375700000
84 -0.522944600000
85 -0.480600000000
86 -0.437483130000
87 -0.394081180000
88 -0.350364820000
89 -0.315928190000
90 -0.269425230000
91 -0.222638730000
92 -0.174432180000
93 -0.127809240000
94 -0.083480760000
95 -0.041020270000

[splus]
1 0.011552450000
2 0.011552450000
3 0.041972620000
4 0.081218170000
5 0.121604430000
6 0.162113780000
7 0.202663540000
8 0.243256520000
9 0.283900280000
10 0.324598080000
11 0.365423800000
12 0.406708020000
13 0.446988180000
14 0.488272990000
15 0.529456840000
16 0.571258690000
17 0.614577830000
18 0.659194800000
19 0.654004660000
20 0.600936820000
21 0.563703980000
22 0.581769960000
23 0.651399470000
24 0.744559790000
25 0.782765590000
26 0.820971390000
27 0.860228750000
28 0.899447330000
29 0.923290110000
30 0.924278130000
31 0.924877690000
32 0.903971130000
33 0.866262250000
34 0.831600630000
35 0.798976250000
36 0.767944420000
37 0.738132070000
38 0.709256060000
39 0.680812090000
40 0.602291980000
41 0.595764680000
42 0.652183400000
43 0.678695020000
44 0.675531220000
45 0.735927670000
46 0.767665370000
47 0.801291860000
48 0.837788240000
49 0.877769190000
50 0.917961940000
51 0.872152430000
52 0.825456300000
53 0.780283090000
54 0.732131960000
55 0.599667450000
56 0.678463900000
57 0.649961660000
58 0.603549640000
59 0.557980680000
60 0.513577100000
61 0.467081720000
62 0.420357060000
63 0.355500050000
64 0.330797720000
65 0.283588030000
66 0.240068320000
67 0.192249940000
68 0.144628520000
69 0.098948180000
70 0.055763910000
71 0.019277120000
72 0.002865610000
73 0.000289170000
74 0.000029240000
75 0.000003180000
76 0.000000380000
77 0.000000050000
78 0.000000000000
79 0.000000000000
80 0.000000000000
81 0.000000000000
82 0.000000000000
83 0.000000000000
84 0.000000000000
85 0.000000000000
86 0.000000000000
87 0.000000000000
88 0.000000000000
89 0.000000000000
90 0.000000000000
91 0.000000030000
92 0.000000470000
93 0.000007790000
94 0.000110940000
95 0.001364750000

[sminus]
1 0.011552450000
2 0.011552450000
3 0.001400420000
4 0.000127980000
5 0.000011300000
6 0.000000990000
7 0.000000090000
8 0.000000010000
9 0.000000000000
10 0.000000000000
11 0.000000000000
12 0.000000000000
13 0.000000000000
14 0.000000000000
15 0.000000000000
16 0.000000000000
17 0.000000000000
18 0.000000000000
19 -0.000000000000
20 0.000000000000
21 0.000000000000
22 0.000000000000
23 0.000000000000
24 0.000000000000
25 0.000000000000
26 0.000000000000
27 0.000000000000
28 0.000000000000
29 -0.000000000000
30 -0.000000000000
31 -0.000000000000
32 -0.000000000000
33 -0.000000000000
34 -0.000000000000
35 -0.000000000000
36 -0.000000000000
37 -0.000000000000
38 -0.000000000000
39 -0.000000000000
40 0.000000000000
41 0.000000000000
42 0.000000000000
43 0.000000000000
44 0.000000000000
45 0.000000000000
46 0.000000000000
47 0.000000000000
48 0.000000000000
49 0.000000000000
50 0.000000000000
51 -0.000000000000
52 -0.000000000000
53 -0.000000000000
54 -0.000000000000
55 0.000000000000
56 -0.000000000000
57 -0.000000000000
58 0.000000000000
59 0.000000000000
60 0.000000000000
61 0.000000000000
62 0.000000000000
63 0.000000000000
64 0.000000000000
65 0.000000000000
66 0.000000010000
67 0.000000160000
68 0.000002840000
69 0.000044060000
70 0.000597770000
71 0.006294540000
72 0.030756090000
73 0.067713830000
74 0.105776760000
75 0.142763100000
76 0.178264930000
77 0.212053200000
78 0.262026450000
79 0.302088280000
80 0.342220720000
81 0.382447050000
82 0.422760710000
83 0.464375700000
84 0.522944600000
85 0.480600000000
86 0.437483130000
87 0.394081180000
88 0.350364820000
89 0.315928190000
90 0.269425230000
91 0.222638760000
92 0.174432660000
93 0.127817020000
94 0.083591700000
95 0.042385020000

[k]
1 0.000000000000
2 0.000000000000
3 0.048590460000
4 0.089957180000
5 0.117293350000
6 0.120402070000
7 0.106747050000
8 0.089529410000
9 0.076554880000
10 0.071081720000
11 0.066558080000
12 0.039236670000
13 -0.009907260000
14 -0.051800410000
15 -0.108291390000
16 -0.169644710000
17 -0.236737900000
18 -0.312130200000
19 -0.399339600000
20 -0.326899400000
21 -0.266390830000
22 -0.218848960000
23 -0.186470290000
24 -0.177211130000
25 -0.182368280000
26 -0.129252080000
27 -0.078228860000
28 -0.030583400000
29 0.003453320000
30 0.002988290000
31 0.002646890000
32 0.027076870000
33 0.072681170000
34 0.117100920000
35 0.161608090000
36 0.206725390000
37 0.252981390000
38 0.300870440000
39 0.350564000000
40 0.397238790000
41 0.417744460000
42 0.405756130000
43 0.353478420000
44 0.302860350000
45 0.255633400000
46 0.206798050000
47 0.157894690000
48 0.108175850000
49 0.056635150000
50 0.001910270000
51 -0.057784790000
52 -0.118848940000
53 -0.182866000000
54 -0.162619940000
55 -0.100877790000
56 -0.053817140000
57 0.006476020000
58 0.068621070000
59 0.132904620000
60 0.201614010000
61 0.277770050000
62 0.365042410000
63 0.420688000000
64 0.420833460000
65 0.420843740000
66 0.420516840000
67 0.324546110000
68 0.243230720000
69 0.172053640000
70 0.107485870000
71 0.046884740000
72 -0.011792240000
73 -0.070060600000
74 -0.129629090000
75 -0.192165030000
76 -0.259570350000
77 -0.334137830000
78 -0.337608960000
79 -0.259601800000
80 -0.190277170000
81 -0.126741530000
82 -0.066783960000
83 -0.008611090000
84 0.049529930000
85 0.111243290000
86 0.176435530000
87 0.247464080000
88 0.327490500000
89 0.420696170000
90 0.420851060000
91 0.341743260000
92 0.258016890000
93 0.185200720000
94 0.119686180000
95 0.058666370000

[up]
1 0.011553560000
2 0.011553560000
3 0.043930520000
4 0.088232110000
5 0.135297360000
6 0.180851920000
7 0.223431900000
8 0.264163860000
9 0.304764710000
10 0.346748100000
11 0.388773080000
12 0.422027740000
13 0.451239640000
14 0.512554040000
15 0.584499020000
16 0.664293220000
17 0.754251870000
18 0.856719130000
19 0.904727870000
20 0.789524870000
21 0.707862940000
22 0.703996930000
23 0.768007440000
24 0.871226350000
25 0.919807290000
26 0.922839320000
27 0.924831850000
28 0.925855360000
29 0.926352270000
30 0.926931150000
31 0.927229790000
32 0.927468950000
33 0.926704840000
34 0.925086640000
35 0.922932480000
36 0.920347920000
37 0.917396430000
38 0.914114500000
39 0.909933600000
40 0.831975590000
41 0.834686950000
42 0.906225760000
43 0.909002930000
44 0.871939260000
45 0.916530330000
46 0.920067080000
47 0.922750880000
48 0.924791670000
49 0.925493430000
50 0.919648330000
51 0.920533870000
52 0.919636970000
53 0.917263120000
54 0.846426810000
55 0.657740560000
56 0.713516250000
57 0.654002970000
58 0.643309260000
59 0.629172580000
60 0.612979790000
61 0.591633500000
62 0.567667410000
63 0.499072470000
64 0.464440040000
65 0.398160430000
66 0.336982980000
67 0.252148160000
68 0.178399500000
69 0.115291600000
70 0.061518000000
71 0.020144780000
72 0.002898050000
73 0.000308610000
74 0.000032880000
75 0.000003760000
76 0.000000470000
77 0.000000070000
78 0.000000000000
79 0.000000000000
80 0.000000000000
81 0.000000000000
82 0.000000000000
83 0.000000000000
84 0.000000000000
85 0.000000000000
86 0.000000000000
87 0.000000000000
88 0.000000000000
89 0.000000000000
90 0.000000000000
91 0.000000030000
92 0.000000590000
93 0.000009170000
94 0.000123690000
95 0.001441610000

[down]
1 0.011553560000
2 0.011553560000
3 0.001465740000
4 0.000139040000
5 0.000012580000
6 0.000001110000
7 0.000000100000
8 0.000000010000
9 0.000000000000
10 0.000000000000
11 0.000000000000
12 0.000000000000
13 0.000000000000
14 0.000000000000
15 0.000000000000
16 0.000000000000
17 0.000000000000
18 0.000000000000
19 -0.000000000000
20 0.000000000000
21 0.000000000000
22 0.000000000000
23 0.000000000000
24 0.000000000000
25 0.000000000000
26 0.000000000000
27 0.000000000000
28 0.000000000000
29 -0.000000000000
30 -0.000000000000
31 -0.000000000000
32 -0.000000000000
33 -0.000000000000
34 -0.000000000000
35 -0.000000000000
36 -0.000000000000
37 -0.000000000000
38 -0.000000000000
39 -0.000000000000
40 0.000000000000
41 0.000000000000
42 0.000000000000
43 0.000000000000
44 0.000000000000
45 0.000000000000
46 0.000000000000
47 0.000000000000
48 0.000000000000
49 0.000000000000
50 0.000000000000
51 -0.000000000000
52 -0.000000000000
53 -0.000000000000
54 -0.000000000000
55 0.000000000000
56 -0.000000000000
57 -0.000000000000
58 0.000000000000
59 0.000000000000
60 0.000000000000
61 0.000000000000
62 0.000000000000
63 0.000000000000
64 0.000000000000
65 0.000000000000
66 0.000000010000
67 0.000000210000
68 0.000003500000
69 0.000051340000
70 0.000659450000
71 0.006577850000
72 0.031104270000
73 0.072268140000
74 0.118940040000
75 0.169099820000
76 0.222686340000
77 0.280074000000
78 0.346950440000
79 0.377374040000
80 0.404732850000
81 0.428980110000
82 0.449865030000
83 0.468214790000
84 0.547810010000
85 0.531925010000
86 0.511583200000
87 0.487701290000
88 0.460516330000
89 0.443521580000
90 0.378277610000
91 0.295680650000
92 0.217638970000
93 0.150541960000
94 0.093196280000
95 0.044772140000

[left]
1 0.023104910000
2 0.023104910000
3 0.025601280000
4 0.036202440000
5 0.055195880000
6 0.071069060000
7 0.077873930000
8 0.078753480000
9 0.079055910000
10 0.083653960000
11 0.088033520000
12 0.062360900000
13 0.020485130000
14 0.035080810000
15 0.064817210000
16 0.101582730000
17 0.146716180000
18 0.202698380000
19 0.254179380000
20 0.194050670000
21 0.151056270000
22 0.129832500000
23 0.124394950000
24 0.134128720000
25 0.144168830000
26 0.110130870000
27 0.074069370000
28 0.037120490000
29 0.028481890000
30 0.027608460000
31 0.026978310000
32 0.095095070000
33 0.225187310000
34 0.340292020000
35 0.445333090000
36 0.542420180000
37 0.633201260000
38 0.718874850000
39 0.799254520000
40 0.791793880000
41 0.822365580000
42 0.881142550000
43 0.803079350000
44 0.686247930000
45 0.637634840000
46 0.542391810000
47 0.436740700000
48 0.317776690000
49 0.180520170000
50 0.025707420000
51 0.058371540000
52 0.102691850000
53 0.144109150000
54 0.122156510000
55 0.067750260000
56 0.045474430000
57 0.030318310000
58 0.146643350000
59 0.251750190000
60 0.344633080000
61 0.425886990000
62 0.498010750000
63 0.480817410000
64 0.446641560000
65 0.381739920000
66 0.322490430000
67 0.202236170000
68 0.118226700000
69 0.063074920000
70 0.033041830000
71 0.023830690000
72 0.023451250000
73 0.030294560000
74 0.052773760000
75 0.092781270000
76 0.148518600000
77 0.221283220000
78 0.273401390000
79 0.243683520000
80 0.204298150000
81 0.155029460000
82 0.095140050000
83 0.028660360000
84 0.042413680000
85 0.074067380000
86 0.100143830000
87 0.121364990000
88 0.138247610000
89 0.156020610000
90 0.132164590000
91 0.090705470000
92 0.057289350000
93 0.035118500000
94 0.022782860000
95 0.021387390000

[right]
1 0.023104910000
2 0.023104910000
3 0.021554460000
4 0.021090260000
5 0.025362210000
6 0.029844280000
7 0.031743730000
8 0.031872560000
9 0.031829550000
10 0.033048160000
11 0.034191280000
12 0.026705070000
13 0.030468860000
14 0.092625180000
15 0.196444110000
16 0.326089460000
17 0.486922630000
18 0.688401860000
19 0.870018860000
20 0.652058020000
21 0.498367010000
22 0.425454300000
23 0.410655250000
24 0.451227820000
25 0.489968260000
26 0.369202810000
27 0.239689730000
28 0.105360810000
29 0.020534300000
30 0.020722370000
31 0.020873240000
32 0.034319680000
33 0.070043200000
34 0.102019610000
35 0.131505910000
36 0.159034570000
37 0.185028050000
38 0.209795660000
39 0.233275240000
40 0.233819190000
41 0.242759520000
42 0.257391360000
43 0.234423330000
44 0.201618140000
45 0.186323140000
46 0.159032840000
47 0.129089340000
48 0.095746360000
49 0.057735570000
50 0.021338630000
51 0.182705450000
52 0.342433480000
53 0.489575880000
54 0.407543070000
55 0.208748770000
56 0.132018150000
57 0.020401530000
58 0.050028630000
59 0.080445430000
60 0.107745250000
61 0.132082240000
62 0.154105900000
63 0.150488680000
64 0.140879240000
65 0.122425120000
66 0.105337580000
67 0.069516510000
68 0.044237500000
69 0.027671500000
70 0.020831710000
71 0.022584800000
72 0.022788890000
73 0.020861120000
74 0.025658090000
75 0.039022180000
76 0.058664140000
77 0.084889280000
78 0.105323850000
79 0.096252390000
80 0.083188110000
81 0.065851960000
82 0.043765570000
83 0.021467300000
84 0.088246940000
85 0.169804520000
86 0.240027650000
87 0.300214430000
88 0.351186260000
89 0.404965400000
90 0.347180620000
91 0.236764910000
92 0.144772140000
93 0.081680170000
94 0.042657430000
95 0.026222260000
