  0.00000000
  0.00000000
  0.09687671
  0.17801015
  0.23042117
  0.23630546
  0.21033641
  0.17718172
  0.15193055
  0.14121721
  0.13233865
  0.07831293
 -0.01981194
 -0.10323255
 -0.21328854
 -0.32710144
 -0.44220405
 -0.55806737
 -0.67393517
 -0.57904111
 -0.48952772
 -0.41257656
 -0.35696394
 -0.34060904
 -0.34974257
 -0.25296659
 -0.15519960
 -0.06109070
  0.00690653
  0.00597652
  0.00529374
  0.05410091
  0.14435130
  0.23005547
  0.31261768
  0.39204786
  0.46840648
  0.54169861
  0.61148265
  0.67136465
  0.69600909
  0.68172142
  0.61537986
  0.54461540
  0.47262048
  0.39217204
  0.30587888
  0.21306786
  0.11278961
  0.00382052
 -0.11505927
 -0.23336739
 -0.35062107
 -0.31444984
 -0.19908345
 -0.10722150
  0.01295132
  0.13639008
  0.25980175
  0.38328611
  0.50708674
  0.63063310
  0.69946604
  0.69963634
  0.69964838
  0.69926557
  0.57573679
  0.45275822
  0.33141556
  0.21174916
  0.09349609
 -0.02358012
 -0.13921482
 -0.25367309
 -0.36692526
 -0.47884265
 -0.58911571
 -0.59389936
 -0.47889219
 -0.36363132
 -0.24825414
 -0.13278202
 -0.01722048
  0.09873774
  0.21892085
  0.33923027
  0.45958192
  0.57986883
  0.69947560
  0.69965695
  0.59955690
  0.47639221
  0.35473297
  0.23495143
  0.11679871
  0.00000000
