  0.02310491
  0.02310491
  0.02155446
  0.02109026
  0.02536221
  0.02984428
  0.03174373
  0.03187256
  0.03182955
  0.03304816
  0.03419128
  0.02670507
  0.03046886
  0.09262518
  0.19644411
  0.32608946
  0.48692263
  0.68840186
  0.87001886
  0.65205802
  0.49836701
  0.42545430
  0.41065525
  0.45122782
  0.48996826
  0.36920281
  0.23968973
  0.10536081
  0.02053430
  0.02072237
  0.02087324
  0.03431968
  0.07004320
  0.10201961
  0.13150591
  0.15903457
  0.18502805
  0.20979566
  0.23327524
  0.23381919
  0.24275952
  0.25739136
  0.23442333
  0.20161814
  0.18632314
  0.15903284
  0.12908934
  0.09574636
  0.05773557
  0.02133863
  0.18270545
  0.34243348
  0.48957588
  0.40754307
  0.20874877
  0.13201815
  0.02040153
  0.05002863
  0.08044543
  0.10774525
  0.13208224
  0.15410590
  0.15048868
  0.14087924
  0.12242512
  0.10533758
  0.06951651
  0.04423750
  0.02767150
  0.02083171
  0.02258480
  0.02278889
  0.02086112
  0.02565809
  0.03902218
  0.05866414
  0.08488928
  0.10532385
  0.09625239
  0.08318811
  0.06585196
  0.04376557
  0.02146730
  0.08824694
  0.16980452
  0.24002765
  0.30021443
  0.35118626
  0.40496540
  0.34718062
  0.23676491
  0.14477214
  0.08168017
  0.04265743
  0.02622226
