  0.00000000
  0.00000000
 -0.00000000
  0.00197143
  0.00926610
  0.02352824
  0.04304701
  0.06468070
  0.08645917
  0.10819293
  0.13126585
  0.15558798
  0.17154597
  0.16711760
  0.14182489
  0.08448931
 -0.01242164
 -0.15791543
 -0.36366993
 -0.62483993
 -0.82128580
 -0.97145137
 -1.09877112
 -1.22023774
 -1.35218205
 -1.49493380
 -1.60104620
 -1.66834104
 -1.69584926
 -1.69266085
 -1.68989883
 -1.68745044
 -1.66297370
 -1.60001273
 -1.50263151
 -1.37351046
 -1.21475683
 -1.02802313
 -0.81462894
 -0.57596071
 -0.33670695
 -0.08782959
  0.17679786
  0.41670193
  0.62129363
  0.80942138
  0.96817315
  1.09469294
  1.18532147
  1.23503414
  1.23678854
  1.18639128
  1.08828645
  0.94559894
  0.82654182
  0.76604903
  0.72953623
  0.73374542
  0.77516164
  0.84931986
  0.95286431
  1.08260575
  1.23605402
  1.38560862
  1.52481937
  1.64416562
  1.74511838
  1.80751230
  1.84268971
  1.85970652
  1.86563611
  1.86624479
  1.86657368
  1.87129750
  1.88500545
  1.91243892
  1.95871111
  2.02956609
  2.11802857
  2.19645123
  2.26156802
  2.31003994
  2.33827357
  2.34227236
  2.31637095
  2.26290742
  2.18571985
  2.08819892
  1.97345777
  1.84054799
  1.72716010
  1.65107481
  1.60606836
  1.58239800
  1.57240651
  1.57000000
