  0.00000000
  0.41632574
  0.34889914
  0.22545795
  0.02531701
 -0.11171506
 -0.14260121
 -0.10857902
 -0.04605355
 -0.03815392
 -0.23200171
 -0.42072350
 -0.35807600
 -0.47182741
 -0.48756598
 -0.49226455
 -0.49363169
 -0.49116009
  0.43109706
  0.46713517
  0.44769934
  0.32581185
  0.08878507
 -0.04507004
  0.47301220
  0.47386148
  0.45221161
  0.32426579
 -0.00447841
 -0.00340005
  0.25071390
  0.48868873
  0.49441058
  0.49612454
  0.49676331
  0.49682194
  0.49610696
  0.49157991
  0.43943505
  0.20436459
 -0.11861164
 -0.49440578
 -0.49652184
 -0.49629021
 -0.49727701
 -0.49780422
 -0.49794931
 -0.49790215
 -0.49770661
 -0.49797445
 -0.49735635
 -0.49549635
  0.15348307
  0.49390013
  0.45333449
  0.49727243
  0.49878664
  0.49909407
  0.49915201
  0.49899376
  0.49834346
  0.27807694
  0.00072463
  0.00004862
 -0.00155347
 -0.49710598
 -0.49880494
 -0.49914210
 -0.49926815
 -0.49931797
 -0.49932545
 -0.49928108
 -0.49919784
 -0.49903354
 -0.49867661
 -0.49756392
 -0.02189284
  0.49784234
  0.49883229
  0.49915205
  0.49930063
  0.49937563
  0.49941432
  0.49941588
  0.49934661
  0.49918643
  0.49876199
  0.49614175
  0.00073055
 -0.40371580
 -0.49830170
 -0.49900142
 -0.49921564
 -0.49930481
 -0.49933820
  0.00000000
