 22.00000000
 22.00000000
 22.00000000
 22.00000000
 22.00015986
 22.00128654
 22.00510044
 22.01382183
 22.02954489
 22.05406009
 22.08911076
 22.13694068
 22.19996452
 22.27626802
 22.35748778
 22.43232652
 22.48053449
 22.47290080
 22.36923614
 22.13660219
 21.78507338
 21.37242921
 20.89205853
 20.31189008
 19.61261330
 18.84847785
 18.02986734
 17.17003193
 16.27486025
 15.35878005
 14.44135664
 13.52303109
 12.62520365
 11.76261888
 10.93137301
 10.13425206
  9.38120387
  8.68936375
  8.08204202
  7.58677072
  7.25873778
  7.06190796
  7.00470029
  7.12406800
  7.39748703
  7.82586142
  8.38156536
  9.04171106
  9.78632688
 10.59968536
 11.46638777
 12.29034163
 13.05555764
 13.74675849
 14.34040463
 14.78151578
 15.25189030
 15.68510536
 16.08927598
 16.47976850
 16.86537850
 17.24608688
 17.61733928
 17.95310729
 18.27824894
 18.56153729
 18.80095974
 18.99029585
 19.13088840
 19.22615919
 19.27903897
 19.29146133
 19.26477931
 19.20028250
 19.09927370
 18.96350314
 18.79554128
 18.59924371
 18.36431133
 18.10633763
 17.82894044
 17.53416763
 17.22175660
 16.88756187
 16.51267210
 16.15957614
 15.82275766
 15.50086523
 15.19636076
 14.90570009
 14.64601806
 14.42609550
 14.25222509
 14.12449535
 14.04102021
 14.00000000
