  0.01000034
  0.18947077
  0.18882530
  0.18816712
  0.18746820
  0.18669978
  0.18583126
  0.18482928
  0.18365734
  0.18585755
  0.18563170
  0.18544027
  0.18531379
  0.18881314
  0.18897547
  0.18919984
  0.18944914
  0.18969487
  0.18991845
  0.19011340
  0.15878726
  0.16509054
  0.16496340
  0.16483361
  0.15818846
  0.16411105
  0.16455439
  0.16482668
  0.16496693
  0.16500458
  0.16506790
  0.16506790
  0.16506790
  0.16506790
  0.16506790
  0.16506790
  0.16506790
  0.16507149
  0.16515003
  0.16900214
  0.16945254
  0.17045575
  0.17222757
  0.16666460
  0.11928753
  0.12802577
  0.16089803
  0.16307229
  0.16456446
  0.16542306
  0.16579895
  0.16675714
  0.16675714
  0.16675715
  0.16675716
  0.16675715
  0.16675712
  0.16675710
  0.16714658
  0.18797114
  0.18796320
  0.18809133
  0.18864909
  0.18989960
  0.16891922
  0.12950238
  0.16109616
  0.18332389
  0.18638838
  0.18830567
  0.19211069
  0.19242099
  0.19255507
  0.19258653
  0.19261434
  0.19281766
  0.19281930
  0.19325859
  0.19222708
  0.19885517
  0.19890990
  0.19902638
  0.19930946
  0.20598095
  0.20600306
  0.20559281
  0.20504932
  0.20453669
  0.20413767
  0.20388853
  0.20470602
  0.21380245
  0.22545874
  0.22448029
  0.22300794
  0.22138797
  0.24190699
  0.23470949
  0.22986070
  0.22627991
  0.22343170
  0.22101340
  0.20603199
  0.20418112
  0.20231776
  0.20035841
  0.19822112
  0.19582135
  0.19306844
  0.19878985
  0.19860690
  0.19855021
  0.21541845
  0.21660242
  0.21736189
  0.23055849
  0.22628288
  0.22299780
  0.22037091
  0.21817694
  0.21625461
