  0.00000000
  0.00000000
  0.04750987
  0.09571816
  0.14552806
  0.19794908
  0.25418117
  0.31572952
  0.38457498
  0.42114396
  0.42114397
  0.42114397
  0.42114396
  0.39052695
  0.31955034
  0.25662249
  0.19946727
  0.14641346
  0.09616806
  0.04767194
 -0.00000005
 -0.00000018
  0.04136631
  0.08327022
  0.12630856
  0.16932767
  0.13321572
  0.09000879
  0.04799689
  0.00661198
  0.00000421
  0.00000315
  0.00000247
  0.00000201
  0.00000167
  0.00000141
  0.00000121
  0.00000106
  0.04083204
  0.08277262
  0.12690323
  0.17309912
  0.22239421
  0.27616148
  0.29119071
  0.25256569
  0.21360387
  0.16752281
  0.12328895
  0.08041982
  0.03845752
  0.00000184
  0.00000221
  0.00000277
  0.00000369
  0.00000555
  0.00001111
  0.01380451
  0.04188025
 -0.00000007
  0.04713153
  0.09510616
  0.14486722
  0.19758569
  0.25479264
  0.29678446
  0.25456704
  0.20574996
  0.15396663
  0.10423442
  0.05591791
  0.00766018
  0.00000225
  0.00000413
 -0.04829180
 -0.00009829
  0.04822394
  0.04846111
 -0.00000165
 -0.00000022
  0.04987790
  0.10077290
  0.15378875
  0.17749791
  0.12136698
  0.06797779
  0.01617103
 -0.03515465
 -0.08709626
 -0.14082110
 -0.19766561
 -0.25956110
 -0.33169396
 -0.41982839
 -0.42114414
 -0.42114413
 -0.41149310
 -0.31882706
 -0.24170793
 -0.17426362
 -0.11297698
 -0.05547923
  0.00000013
  0.05169109
  0.10401609
  0.15810740
  0.21520543
  0.27676886
  0.34461847
  0.42114406
  0.42114413
  0.42114413
  0.42114414
  0.42114413
  0.42114412
  0.39395104
  0.30795872
  0.23471870
  0.16981183
  0.11034885
  0.05427532
