task_id 3

[x]
1 4.000000000000
2 4.000000000000
3 4.000000000000
4 3.999978630000
5 4.000004180000
6 4.000449280000
7 4.002262790000
8 4.007253380000
9 4.018393110000
10 4.040141440000
11 4.079530450000
12 4.143732950000
13 4.239167900000
14 4.372322910000
15 4.552746000000
16 4.781946720000
17 5.058133440000
18 5.378649550000
19 5.740268560000
20 6.139435110000
21 6.572393490000
22 6.958528240000
23 7.377880800000
24 7.815495870000
25 8.275366580000
26 8.742525500000
27 9.256525430000
28 9.804241300000
29 10.380280060000
30 10.980500340000
31 11.602464480000
32 12.245205660000
33 12.908355150000
34 13.591912950000
35 14.295879030000
36 15.020253390000
37 15.765036010000
38 16.530226890000
39 17.315843070000
40 18.122251800000
41 18.967114140000
42 19.813266040000
43 20.654830500000
44 21.475897940000
45 22.208096260000
46 22.653379410000
47 23.050497190000
48 23.441503900000
49 23.710108340000
50 23.872858580000
51 23.953508990000
52 23.979325330000
53 23.978713100000
54 23.978099590000
55 23.977484530000
56 23.976867560000
57 23.976248010000
58 23.975624610000
59 23.974993480000
60 23.964741850000
61 23.920333640000
62 23.875927360000
63 23.789937040000
64 23.620134960000
65 23.323572560000
66 22.914759820000
67 22.487578970000
68 21.850352690000
69 21.026233760000
70 20.126708240000
71 19.192068430000
72 18.231766990000
73 17.297830160000
74 16.391241320000
75 15.512297020000
76 14.661027000000
77 13.836102200000
78 13.039054700000
79 12.268612460000
80 11.531613760000
81 10.797796450000
82 10.093364820000
83 9.420281220000
84 8.782071420000
85 8.167075580000
86 7.605109500000
87 7.091145310000
88 6.616633960000
89 6.173042770000
90 5.753543980000
91 5.353680560000
92 4.969799320000
93 4.588049530000
94 4.209842730000
95 3.864324070000
96 3.558423830000
97 3.296337410000
98 3.056515310000
99 2.871809570000
100 2.732318320000
101 2.631700840000
102 2.566060900000
103 2.533092440000
104 2.531521400000
105 2.556868950000
106 2.608356090000
107 2.684946380000
108 2.785087950000
109 2.906424950000
110 3.045431930000
111 3.204041390000
112 3.371294560000
113 3.539823690000
114 3.714027910000
115 3.836290840000
116 3.915532620000
117 3.964094080000
118 3.986727250000
119 3.996026080000
120 3.999155740000
121 3.999905300000
122 4.000000000000

[y]
1 20.000000000000
2 20.000000000000
3 20.000000000000
4 20.026832650000
5 20.080219800000
6 20.159863920000
7 20.265417450000
8 20.396421420000
9 20.552175980000
10 20.731483110000
11 20.936112260000
12 21.161140880000
13 21.402545790000
14 21.654732140000
15 21.915145480000
16 22.171454030000
17 22.419265380000
18 22.655954250000
19 22.880962190000
20 23.096052790000
21 23.305535510000
22 23.481554770000
23 23.672716340000
24 23.872202910000
25 24.070882470000
26 24.249982530000
27 24.410618580000
28 24.528344620000
29 24.607811050000
30 24.658800900000
31 24.693564980000
32 24.726835350000
33 24.761160330000
34 24.796540220000
35 24.832975210000
36 24.870465450000
37 24.909011010000
38 24.948611980000
39 24.989269290000
40 25.031001990000
41 25.046831310000
42 25.003461990000
43 24.868746890000
44 24.609119150000
45 24.211233850000
46 23.814420770000
47 23.312362710000
48 22.609285190000
49 21.839437310000
50 21.032871300000
51 20.209697530000
52 19.381104970000
53 18.547319570000
54 17.713534170000
55 16.879748740000
56 16.045963280000
57 15.212177860000
58 14.378392570000
59 13.544607430000
60 12.708937520000
61 11.770131660000
62 10.831365430000
63 9.894848350000
64 8.967012650000
65 8.065016500000
66 7.325953210000
67 6.839344530000
68 6.346656200000
69 5.945384410000
70 5.701726080000
71 5.588042900000
72 5.566049180000
73 5.594835870000
74 5.629276270000
75 5.662668270000
76 5.695012000000
77 5.692403060000
78 5.689817680000
79 5.716943280000
80 5.770508700000
81 5.823841990000
82 5.875039440000
83 5.947866450000
84 6.061368500000
85 6.235349470000
86 6.465782540000
87 6.722254780000
88 6.982653520000
89 7.231160600000
90 7.456415650000
91 7.650216930000
92 7.807445040000
93 7.928357210000
94 8.006125240000
95 8.031991570000
96 8.010315550000
97 7.957217300000
98 7.879731090000
99 7.798082690000
100 7.725354590000
101 7.667927830000
102 7.628686670000
103 7.608588660000
104 7.607626310000
105 7.623153090000
106 7.654800710000
107 7.702544470000
108 7.766971480000
109 7.849505840000
110 7.952556820000
111 8.085493120000
112 8.252520410000
113 8.458165520000
114 8.727243460000
115 8.987244690000
116 9.227525130000
117 9.453142850000
118 9.639147210000
119 9.785663050000
120 9.893842340000
121 9.964925590000
122 10.000000000000

[theta]
1 -1.570000000000
2 -1.570000000000
3 -1.570000000000
4 -1.571274820000
5 -1.576384940000
6 -1.587975570000
7 -1.608872880000
8 -1.642195780000
9 -1.691497700000
10 -1.760960120000
11 -1.848720480000
12 -1.947271620000
13 -2.056594110000
14 -2.176696370000
15 -2.300418610000
16 -2.410293310000
17 -2.505517050000
18 -2.584992230000
19 -2.647350760000
20 -2.690956160000
21 -2.713885120000
22 -2.713885100000
23 -2.713885020000
24 -2.733779670000
25 -2.775494190000
26 -2.838688160000
27 -2.929873870000
28 -3.004504650000
29 -3.056844250000
30 -3.085756720000
31 -3.089875560000
32 -3.089878260000
33 -3.089880350000
34 -3.089882050000
35 -3.089883460000
36 -3.089884670000
37 -3.089885720000
38 -3.089886650000
39 -3.089887480000
40 -3.122858860000
41 -3.192802610000
42 -3.300322970000
43 -3.447851660000
44 -3.639363720000
45 -3.869495420000
46 -4.043172480000
47 -4.204847050000
48 -4.376689230000
49 -4.513280850000
50 -4.614725730000
51 -4.681242190000
52 -4.713123260000
53 -4.713124800000
54 -4.713126650000
55 -4.713128950000
56 -4.713132030000
57 -4.713136660000
58 -4.713145920000
59 -4.724655930000
60 -4.759656620000
61 -4.759656550000
62 -4.803951520000
63 -4.893394730000
64 -5.030040060000
65 -5.217647270000
66 -5.432844110000
67 -5.625015550000
68 -5.830064380000
69 -6.018658780000
70 -6.162146720000
71 -6.260286370000
72 -6.313998510000
73 -6.321156030000
74 -6.321158070000
75 -6.321161700000
76 -6.280022690000
77 -6.279941610000
78 -6.318378600000
79 -6.355738210000
80 -6.355736990000
81 -6.355736830000
82 -6.390965070000
83 -6.459189540000
84 -6.558879110000
85 -6.672323640000
86 -6.746038990000
87 -6.785085550000
88 -6.793838370000
89 -6.775963730000
90 -6.734492820000
91 -6.671918520000
92 -6.589920530000
93 -6.485981740000
94 -6.357908250000
95 -6.212443800000
96 -6.083292680000
97 -5.970674050000
98 -5.866965750000
99 -5.802579520000
100 -5.764555870000
101 -5.744367070000
102 -5.735727120000
103 -5.733584980000
104 -5.733584980000
105 -5.732048460000
106 -5.725762160000
107 -5.711492550000
108 -5.685866670000
109 -5.645251760000
110 -5.585619380000
111 -5.498462880000
112 -5.398916190000
113 -5.286942540000
114 -5.151946270000
115 -5.030946000000
116 -4.924392420000
117 -4.833474560000
118 -4.775770390000
119 -4.741311190000
120 -4.722933380000
121 -4.715088990000
122 -4.713185310000

[v]
1 0.000000000000
2 0.000000000000
3 -0.142103060000
4 -0.283722030000
5 -0.424847350000
6 -0.565448490000
7 -0.705473310000
8 -0.844846740000
9 -0.983468680000
10 -1.121211670000
11 -1.260604820000
12 -1.399828570000
13 -1.538908760000
14 -1.677894080000
15 -1.819503920000
16 -1.961235490000
17 -2.103135350000
18 -2.245222180000
19 -2.387493310000
20 -2.529932120000
21 -2.672517130000
22 -2.791607540000
23 -2.915425410000
24 -3.039147930000
25 -3.162773100000
26 -3.281414400000
27 -3.404497630000
28 -3.527913380000
29 -3.651533330000
30 -3.775258470000
31 -3.899011830000
32 -4.022812680000
33 -4.146613520000
34 -4.270414340000
35 -4.394215140000
36 -4.518015910000
37 -4.641816630000
38 -4.765617240000
39 -4.889420220000
40 -4.999999420000
41 -4.999999420000
42 -4.999999420000
43 -4.999999440000
44 -4.999999420000
45 -4.999998820000
46 -4.999998980000
47 -4.999999360000
48 -4.999999380000
49 -4.999999390000
50 -4.999999410000
51 -4.999999410000
52 -4.999999420000
53 -4.999999420000
54 -4.999999420000
55 -4.999999420000
56 -4.999999420000
57 -4.999999420000
58 -4.999999420000
59 -4.999999420000
60 -4.999999490000
61 -4.999999490000
62 -4.999999500000
63 -4.999999520000
64 -4.999999550000
65 -4.999999440000
66 -4.999999000000
67 -4.999999360000
68 -4.999999510000
69 -4.999999530000
70 -4.999999550000
71 -4.999999000000
72 -4.855916890000
73 -4.711601460000
74 -4.567185340000
75 -4.422745580000
76 -4.278284930000
77 -4.133671770000
78 -3.989057360000
79 -3.844113490000
80 -3.699943230000
81 -3.550801900000
82 -3.401619520000
83 -3.252349770000
84 -3.102867710000
85 -2.948382030000
86 -2.793879770000
87 -2.639685190000
88 -2.485898220000
89 -2.332495730000
90 -2.179392500000
91 -2.026476130000
92 -1.872946640000
93 -1.712594820000
94 -1.543500790000
95 -1.375140580000
96 -1.207884650000
97 -1.041843690000
98 -0.860413460000
99 -0.684381350000
100 -0.511985840000
101 -0.342275920000
102 -0.174702160000
103 -0.008942120000
104 0.145581860000
105 0.298717680000
106 0.450455980000
107 0.600724770000
108 0.749390590000
109 0.896256570000
110 1.041057870000
111 1.190150200000
112 1.339105300000
113 1.488017760000
114 1.326454200000
115 1.164002460000
116 1.000981090000
117 0.828062260000
118 0.658350130000
119 0.491101790000
120 0.325823630000
121 0.162190940000
122 0.000000000000

[a]
1 0.000000000000
2 -0.749999930000
3 -0.749999930000
4 -0.749999930000
5 -0.749999920000
6 -0.749999920000
7 -0.749999920000
8 -0.749999910000
9 -0.749999910000
10 -0.749999900000
11 -0.749999900000
12 -0.749999890000
13 -0.749999890000
14 -0.749999880000
15 -0.749999880000
16 -0.749999870000
17 -0.749999860000
18 -0.749999850000
19 -0.749999840000
20 -0.749999830000
21 -0.749999790000
22 -0.749999780000
23 -0.749999770000
24 -0.749999750000
25 -0.749999730000
26 -0.749999710000
27 -0.749999690000
28 -0.749999660000
29 -0.749999630000
30 -0.749999590000
31 -0.749999530000
32 -0.749999470000
33 -0.749999370000
34 -0.749999250000
35 -0.749999060000
36 -0.749998740000
37 -0.749998100000
38 -0.749996160000
39 -0.669568200000
40 0.000000020000
41 -0.000000030000
42 -0.000000110000
43 0.000000140000
44 0.000003610000
45 -0.000001350000
46 -0.000002990000
47 -0.000000110000
48 -0.000000090000
49 -0.000000070000
50 -0.000000040000
51 -0.000000040000
52 0.000000000000
53 -0.000000000000
54 -0.000000000000
55 0.000000000000
56 0.000000000000
57 0.000000000000
58 -0.000000010000
59 -0.000000400000
60 -0.000000020000
61 -0.000000040000
62 -0.000000090000
63 -0.000000150000
64 0.000000580000
65 0.000002590000
66 -0.000002810000
67 -0.000000950000
68 -0.000000110000
69 -0.000000080000
70 0.000002890000
71 0.749995300000
72 0.749998380000
73 0.749999020000
74 0.749999300000
75 0.749999460000
76 0.749999560000
77 0.749999630000
78 0.749999680000
79 0.749999720000
80 0.749999760000
81 0.749999780000
82 0.749999800000
83 0.749999820000
84 0.749999840000
85 0.749999850000
86 0.749999860000
87 0.749999870000
88 0.749999880000
89 0.749999880000
90 0.749999890000
91 0.749999890000
92 0.749999900000
93 0.749999910000
94 0.749999920000
95 0.749999930000
96 0.749999930000
97 0.749999940000
98 0.749999940000
99 0.749999940000
100 0.749999940000
101 0.749999940000
102 0.749999940000
103 0.749999930000
104 0.749999920000
105 0.749999910000
106 0.749999900000
107 0.749999890000
108 0.749999870000
109 0.749999830000
110 0.749999770000
111 0.749999620000
112 0.749998990000
113 -0.749998710000
114 -0.749999630000
115 -0.749999790000
116 -0.749999860000
117 -0.749999890000
118 -0.749999910000
119 -0.749999920000
120 -0.749999930000
121 -0.749999930000
122 0.000000000000

[phy]
1 0.000000000000
2 0.000000000000
3 0.094735300000
4 0.189147860000
5 0.283231330000
6 0.376965320000
7 0.470315080000
8 0.563230540000
9 0.655644860000
10 0.699999730000
11 0.699999740000
12 0.699999740000
13 0.699999730000
14 0.663081200000
15 0.568674930000
16 0.474187350000
17 0.379587550000
18 0.284863060000
19 0.190015700000
20 0.095056540000
21 -0.000000100000
22 -0.000000360000
23 0.082544640000
24 0.165025860000
25 0.247440310000
26 0.326532680000
27 0.260382760000
28 0.178109960000
29 0.095700540000
30 0.013223180000
31 0.000008410000
32 0.000006300000
33 0.000004940000
34 0.000004010000
35 0.000003340000
36 0.000002820000
37 0.000002420000
38 0.000002120000
39 0.081483270000
40 0.164057360000
41 0.248557990000
42 0.333283950000
43 0.418511540000
44 0.504624930000
45 0.527363910000
46 0.467744290000
47 0.403739150000
48 0.323290820000
49 0.241755280000
50 0.159473850000
51 0.076763900000
52 0.000003680000
53 0.000004430000
54 0.000005540000
55 0.000007390000
56 0.000011100000
57 0.000022220000
58 0.027602010000
59 0.083565430000
60 -0.000000140000
61 0.093985350000
62 0.187966870000
63 0.282012440000
64 0.376336860000
65 0.471286400000
66 0.535677350000
67 0.470928140000
68 0.390380630000
69 0.298719040000
70 0.205525250000
71 0.111373040000
72 0.015319160000
73 0.000004500000
74 0.000008260000
75 -0.096284950000
76 -0.000196580000
77 0.096150550000
78 0.096620420000
79 -0.000003310000
80 -0.000000450000
81 0.099426870000
82 0.198881470000
83 0.298394050000
84 0.341118490000
85 0.238128430000
86 0.135127090000
87 0.032330800000
88 -0.070193790000
89 -0.172462080000
90 -0.274530870000
91 -0.376475100000
92 -0.478828080000
93 -0.585729270000
94 -0.698458570000
95 -0.699999940000
96 -0.699999930000
97 -0.688600620000
98 -0.567647200000
99 -0.450292500000
100 -0.335362180000
101 -0.222222250000
102 -0.110506420000
103 0.000000250000
104 0.103016220000
105 0.205106740000
106 0.306265590000
107 0.406444750000
108 0.505555260000
109 0.603465850000
110 0.699999850000
111 0.699999920000
112 0.699999930000
113 0.699999940000
114 0.699999930000
115 0.699999920000
116 0.667320500000
117 0.552041360000
118 0.438899980000
119 0.327401120000
120 0.217215710000
121 0.108127270000
122 0.000000000000

[w]
1 0.000000000000
2 0.499999550000
3 0.499999530000
4 0.499999500000
5 0.499999430000
6 0.499999310000
7 0.499999060000
8 0.499998270000
9 0.241508840000
10 0.000000040000
11 0.000000000000
12 -0.000000020000
13 -0.199221700000
14 -0.499998430000
15 -0.499999160000
16 -0.499999400000
17 -0.499999520000
18 -0.499999600000
19 -0.499999650000
20 -0.499999690000
21 -0.000001680000
22 0.499998370000
23 0.499997080000
24 0.499985700000
25 0.499988300000
26 -0.403080290000
27 -0.499973290000
28 -0.499976180000
29 -0.499963030000
30 -0.080087250000
31 -0.000012830000
32 -0.000008190000
33 -0.000005640000
34 -0.000004100000
35 -0.000003100000
36 -0.000002420000
37 -0.000001830000
38 0.493611270000
39 0.499994420000
40 0.499997370000
41 0.499998160000
42 0.499998340000
43 0.499997680000
44 0.136435650000
45 -0.499797520000
46 -0.499939530000
47 -0.499995750000
48 -0.499996310000
49 -0.499995170000
50 -0.499990420000
51 -0.462971690000
52 0.000004440000
53 0.000006660000
54 0.000011110000
55 0.000022240000
56 0.000066690000
57 0.165388910000
58 0.335598500000
59 -0.499953820000
60 0.499999580000
61 0.499999550000
62 0.499999490000
63 0.499999340000
64 0.499998620000
65 0.381193780000
66 -0.499984660000
67 -0.499996520000
68 -0.499998060000
69 -0.499997830000
70 -0.499996690000
71 -0.499992380000
72 -0.079589350000
73 0.000019560000
74 -0.499999830000
75 0.498864270000
76 0.499679950000
77 0.002436930000
78 -0.499971230000
79 0.000014890000
80 0.499998640000
81 0.499998220000
82 0.499996940000
83 0.214362310000
84 -0.499997960000
85 -0.499999100000
86 -0.499999460000
87 -0.499999630000
88 -0.499999730000
89 -0.499999790000
90 -0.499999830000
91 -0.499999860000
92 -0.499999830000
93 -0.499999700000
94 -0.006866270000
95 0.000000020000
96 0.051490220000
97 0.499999690000
98 0.499999820000
99 0.499999860000
100 0.499999880000
101 0.499999890000
102 0.499999890000
103 0.499999850000
104 0.499999840000
105 0.499999820000
106 0.499999790000
107 0.499999740000
108 0.499999600000
109 0.499998850000
110 0.000000390000
111 0.000000030000
112 0.000000060000
113 -0.000000040000
114 -0.000000050000
115 -0.150345670000
116 -0.499999570000
117 -0.499999750000
118 -0.499999800000
119 -0.499999830000
120 -0.499999840000
121 -0.499999840000
122 0.000000000000

[dt]
1 0.010000340000
2 0.189470770000
3 0.188825300000
4 0.188167120000
5 0.187468200000
6 0.186699780000
7 0.185831260000
8 0.184829280000
9 0.183657340000
10 0.185857550000
11 0.185631700000
12 0.185440270000
13 0.185313790000
14 0.188813140000
15 0.188975470000
16 0.189199840000
17 0.189449140000
18 0.189694870000
19 0.189918450000
20 0.190113400000
21 0.158787260000
22 0.165090540000
23 0.164963400000
24 0.164833610000
25 0.158188460000
26 0.164111050000
27 0.164554390000
28 0.164826680000
29 0.164966930000
30 0.165004580000
31 0.165067900000
32 0.165067900000
33 0.165067900000
34 0.165067900000
35 0.165067900000
36 0.165067900000
37 0.165067900000
38 0.165071490000
39 0.165150030000
40 0.169002140000
41 0.169452540000
42 0.170455750000
43 0.172227570000
44 0.166664600000
45 0.119287530000
46 0.128025770000
47 0.160898030000
48 0.163072290000
49 0.164564460000
50 0.165423060000
51 0.165798950000
52 0.166757140000
53 0.166757140000
54 0.166757150000
55 0.166757160000
56 0.166757150000
57 0.166757120000
58 0.166757100000
59 0.167146580000
60 0.187971140000
61 0.187963200000
62 0.188091330000
63 0.188649090000
64 0.189899600000
65 0.168919220000
66 0.129502380000
67 0.161096160000
68 0.183323890000
69 0.186388380000
70 0.188305670000
71 0.192110690000
72 0.192420990000
73 0.192555070000
74 0.192586530000
75 0.192614340000
76 0.192817660000
77 0.192819300000
78 0.193258590000
79 0.192227080000
80 0.198855170000
81 0.198909900000
82 0.199026380000
83 0.199309460000
84 0.205980950000
85 0.206003060000
86 0.205592810000
87 0.205049320000
88 0.204536690000
89 0.204137670000
90 0.203888530000
91 0.204706020000
92 0.213802450000
93 0.225458740000
94 0.224480290000
95 0.223007940000
96 0.221387970000
97 0.241906990000
98 0.234709490000
99 0.229860700000
100 0.226279910000
101 0.223431700000
102 0.221013400000
103 0.206031990000
104 0.204181120000
105 0.202317760000
106 0.200358410000
107 0.198221120000
108 0.195821350000
109 0.193068440000
110 0.198789850000
111 0.198606900000
112 0.198550210000
113 0.215418450000
114 0.216602420000
115 0.217361890000
116 0.230558490000
117 0.226282880000
118 0.222997800000
119 0.220370910000
120 0.218176940000
121 0.216254610000

[s]
1 0.000000000000
2 0.000000000000
3 -0.026832650000
4 -0.053387160000
5 -0.079645370000
6 -0.105569110000
7 -0.131098990000
8 -0.156152420000
9 -0.180621250000
10 -0.208385660000
11 -0.234008210000
12 -0.259584590000
13 -0.285181010000
14 -0.316808460000
15 -0.343841600000
16 -0.371065450000
17 -0.398437190000
18 -0.425907140000
19 -0.453429040000
20 -0.480973990000
21 -0.424361670000
22 -0.460867990000
23 -0.480938500000
24 -0.500953740000
25 -0.500314190000
26 -0.538516350000
27 -0.560225040000
28 -0.581494260000
29 -0.602382230000
30 -0.622934930000
31 -0.643601690000
32 -0.664037240000
33 -0.684472790000
34 -0.704908330000
35 -0.725343870000
36 -0.745779400000
37 -0.766214930000
38 -0.786667530000
39 -0.807487880000
40 -0.845010610000
41 -0.847262620000
42 -0.852278640000
43 -0.861137780000
44 -0.833322910000
45 -0.596437500000
46 -0.640128740000
47 -0.804490030000
48 -0.815361320000
49 -0.822822190000
50 -0.827115200000
51 -0.828994640000
52 -0.833785620000
53 -0.833785630000
54 -0.833785650000
55 -0.833785690000
56 -0.833785650000
57 -0.833785520000
58 -0.833785380000
59 -0.835732780000
60 -0.939855590000
61 -0.939815920000
62 -0.940456580000
63 -0.943245360000
64 -0.949497930000
65 -0.844595990000
66 -0.647511770000
67 -0.805480680000
68 -0.916619360000
69 -0.931941820000
70 -0.941528250000
71 -0.960553260000
72 -0.934380360000
73 -0.907242770000
74 -0.879578360000
75 -0.851884230000
76 -0.824928890000
77 -0.797051690000
78 -0.770919580000
79 -0.738942700000
80 -0.735752850000
81 -0.706289650000
82 -0.677012030000
83 -0.648224070000
84 -0.639131630000
85 -0.607375710000
86 -0.574401600000
87 -0.541265660000
88 -0.508457380000
89 -0.476150250000
90 -0.444353130000
91 -0.414831870000
92 -0.400440570000
93 -0.386119480000
94 -0.346485510000
95 -0.306667260000
96 -0.267411130000
97 -0.252029260000
98 -0.201947200000
99 -0.157312380000
100 -0.115852110000
101 -0.076475290000
102 -0.038611520000
103 -0.001842360000
104 0.029725070000
105 0.060435890000
106 0.090252640000
107 0.119076340000
108 0.146746670000
109 0.173038860000
110 0.206951730000
111 0.236372040000
112 0.265879640000
113 0.320546480000
114 0.287313190000
115 0.253009780000
116 0.230784680000
117 0.187376310000
118 0.146810630000
119 0.108224550000
120 0.071087200000
121 0.035074540000

[splus]
1 0.011552450000
2 0.011552450000
3 0.003037240000
4 0.000663780000
5 0.000139530000
6 0.000029550000
7 0.000006390000
8 0.000001420000
9 0.000000330000
10 0.000000060000
11 0.000000010000
12 0.000000000000
13 0.000000000000
14 0.000000000000
15 0.000000000000
16 0.000000000000
17 0.000000000000
18 0.000000000000
19 0.000000000000
20 0.000000000000
21 0.000000000000
22 0.000000000000
23 0.000000000000
24 0.000000000000
25 0.000000000000
26 0.000000000000
27 0.000000000000
28 0.000000000000
29 0.000000000000
30 -0.000000000000
31 -0.000000000000
32 -0.000000000000
33 -0.000000000000
34 -0.000000000000
35 -0.000000000000
36 -0.000000000000
37 -0.000000000000
38 -0.000000000000
39 0.000000000000
40 0.000000000000
41 0.000000000000
42 0.000000000000
43 0.000000000000
44 0.000000000000
45 0.000000000000
46 -0.000000000000
47 0.000000000000
48 0.000000000000
49 0.000000000000
50 0.000000000000
51 0.000000000000
52 0.000000000000
53 0.000000000000
54 0.000000000000
55 0.000000000000
56 0.000000000000
57 0.000000000000
58 0.000000000000
59 0.000000000000
60 0.000000000000
61 0.000000000000
62 0.000000000000
63 0.000000000000
64 0.000000000000
65 0.000000000000
66 -0.000000000000
67 -0.000000000000
68 -0.000000000000
69 -0.000000000000
70 -0.000000000000
71 -0.000000000000
72 -0.000000000000
73 -0.000000000000
74 -0.000000000000
75 -0.000000000000
76 0.000000000000
77 0.000000000000
78 0.000000000000
79 0.000000000000
80 -0.000000000000
81 -0.000000000000
82 -0.000000000000
83 -0.000000000000
84 0.000000000000
85 0.000000000000
86 0.000000000000
87 0.000000000000
88 0.000000000000
89 0.000000000000
90 0.000000000000
91 0.000000000000
92 0.000000000000
93 0.000000000000
94 0.000000000000
95 0.000000000000
96 0.000000000000
97 0.000000000000
98 0.000000090000
99 0.000001330000
100 0.000015950000
101 0.000168610000
102 0.001567270000
103 0.010656720000
104 0.032313970000
105 0.060873730000
106 0.090326620000
107 0.119089480000
108 0.146749170000
109 0.173039370000
110 0.206951800000
111 0.236372050000
112 0.265879640000
113 0.320546480000
114 0.287313190000
115 0.253009780000
116 0.230784700000
117 0.187376530000
118 0.146813120000
119 0.108249750000
120 0.071319720000
121 0.036991750000

[sminus]
1 0.011552450000
2 0.011552450000
3 0.029869900000
4 0.054050940000
5 0.079784890000
6 0.105598660000
7 0.131105380000
8 0.156153840000
9 0.180621570000
10 0.208385720000
11 0.234008220000
12 0.259584590000
13 0.285181010000
14 0.316808460000
15 0.343841600000
16 0.371065450000
17 0.398437190000
18 0.425907140000
19 0.453429040000
20 0.480973990000
21 0.424361670000
22 0.460867990000
23 0.480938500000
24 0.500953740000
25 0.500314190000
26 0.538516350000
27 0.560225040000
28 0.581494260000
29 0.602382230000
30 0.622934930000
31 0.643601690000
32 0.664037240000
33 0.684472790000
34 0.704908330000
35 0.725343870000
36 0.745779400000
37 0.766214930000
38 0.786667530000
39 0.807487880000
40 0.845010610000
41 0.847262620000
42 0.852278640000
43 0.861137780000
44 0.833322910000
45 0.596437500000
46 0.640128740000
47 0.804490030000
48 0.815361320000
49 0.822822190000
50 0.827115200000
51 0.828994640000
52 0.833785620000
53 0.833785630000
54 0.833785650000
55 0.833785690000
56 0.833785650000
57 0.833785520000
58 0.833785380000
59 0.835732780000
60 0.939855590000
61 0.939815920000
62 0.940456580000
63 0.943245360000
64 0.949497930000
65 0.844595990000
66 0.647511770000
67 0.805480680000
68 0.916619360000
69 0.931941820000
70 0.941528250000
71 0.960553260000
72 0.934380360000
73 0.907242770000
74 0.879578360000
75 0.851884230000
76 0.824928890000
77 0.797051690000
78 0.770919580000
79 0.738942700000
80 0.735752850000
81 0.706289650000
82 0.677012030000
83 0.648224070000
84 0.639131630000
85 0.607375710000
86 0.574401600000
87 0.541265660000
88 0.508457380000
89 0.476150250000
90 0.444353130000
91 0.414831870000
92 0.400440570000
93 0.386119480000
94 0.346485510000
95 0.306667260000
96 0.267411130000
97 0.252029270000
98 0.201947290000
99 0.157313700000
100 0.115868060000
101 0.076643900000
102 0.040178780000
103 0.012499080000
104 0.002588900000
105 0.000437840000
106 0.000073980000
107 0.000013150000
108 0.000002500000
109 0.000000520000
110 0.000000070000
111 0.000000010000
112 0.000000000000
113 0.000000000000
114 0.000000000000
115 0.000000000000
116 0.000000020000
117 0.000000220000
118 0.000002490000
119 0.000025200000
120 0.000232510000
121 0.001917210000

[k]
1 0.000000000000
2 0.000000000000
3 0.047509870000
4 0.095718160000
5 0.145528060000
6 0.197949080000
7 0.254181170000
8 0.315729520000
9 0.384574980000
10 0.421143960000
11 0.421143970000
12 0.421143970000
13 0.421143960000
14 0.390526950000
15 0.319550340000
16 0.256622490000
17 0.199467270000
18 0.146413460000
19 0.096168060000
20 0.047671940000
21 -0.000000050000
22 -0.000000180000
23 0.041366310000
24 0.083270220000
25 0.126308560000
26 0.169327670000
27 0.133215720000
28 0.090008790000
29 0.047996890000
30 0.006611980000
31 0.000004210000
32 0.000003150000
33 0.000002470000
34 0.000002010000
35 0.000001670000
36 0.000001410000
37 0.000001210000
38 0.000001060000
39 0.040832040000
40 0.082772620000
41 0.126903230000
42 0.173099120000
43 0.222394210000
44 0.276161480000
45 0.291190710000
46 0.252565690000
47 0.213603870000
48 0.167522810000
49 0.123288950000
50 0.080419820000
51 0.038457520000
52 0.000001840000
53 0.000002210000
54 0.000002770000
55 0.000003690000
56 0.000005550000
57 0.000011110000
58 0.013804510000
59 0.041880250000
60 -0.000000070000
61 0.047131530000
62 0.095106160000
63 0.144867220000
64 0.197585690000
65 0.254792640000
66 0.296784460000
67 0.254567040000
68 0.205749960000
69 0.153966630000
70 0.104234420000
71 0.055917910000
72 0.007660180000
73 0.000002250000
74 0.000004130000
75 -0.048291800000
76 -0.000098290000
77 0.048223940000
78 0.048461110000
79 -0.000001650000
80 -0.000000220000
81 0.049877900000
82 0.100772900000
83 0.153788750000
84 0.177497910000
85 0.121366980000
86 0.067977790000
87 0.016171030000
88 -0.035154650000
89 -0.087096260000
90 -0.140821100000
91 -0.197665610000
92 -0.259561100000
93 -0.331693960000
94 -0.419828390000
95 -0.421144140000
96 -0.421144130000
97 -0.411493100000
98 -0.318827060000
99 -0.241707930000
100 -0.174263620000
101 -0.112976980000
102 -0.055479230000
103 0.000000130000
104 0.051691090000
105 0.104016090000
106 0.158107400000
107 0.215205430000
108 0.276768860000
109 0.344618470000
110 0.421144060000
111 0.421144130000
112 0.421144130000
113 0.421144140000
114 0.421144130000
115 0.421144120000
116 0.393951040000
117 0.307958720000
118 0.234718700000
119 0.169811830000
120 0.110348850000
121 0.054275320000

[up]
1 0.011552450000
2 0.011552450000
3 0.003175770000
4 0.000724780000
5 0.000159020000
6 0.000035170000
7 0.000007950000
8 0.000001850000
9 0.000000450000
10 0.000000090000
11 0.000000020000
12 0.000000000000
13 0.000000000000
14 0.000000000000
15 0.000000000000
16 0.000000000000
17 0.000000000000
18 0.000000000000
19 0.000000000000
20 0.000000000000
21 0.000000000000
22 0.000000000000
23 0.000000000000
24 0.000000000000
25 0.000000000000
26 0.000000000000
27 0.000000000000
28 0.000000000000
29 0.000000000000
30 -0.000000000000
31 -0.000000000000
32 -0.000000000000
33 -0.000000000000
34 -0.000000000000
35 -0.000000000000
36 -0.000000000000
37 -0.000000000000
38 -0.000000000000
39 0.000000000000
40 0.000000000000
41 0.000000000000
42 0.000000000000
43 0.000000000000
44 0.000000000000
45 0.000000000000
46 -0.000000000000
47 0.000000000000
48 0.000000000000
49 0.000000000000
50 0.000000000000
51 0.000000000000
52 0.000000000000
53 0.000000000000
54 0.000000000000
55 0.000000000000
56 0.000000000000
57 0.000000000000
58 0.000000000000
59 0.000000000000
60 0.000000000000
61 0.000000000000
62 0.000000000000
63 0.000000000000
64 0.000000000000
65 0.000000000000
66 -0.000000000000
67 -0.000000000000
68 -0.000000000000
69 -0.000000000000
70 -0.000000000000
71 -0.000000000000
72 -0.000000000000
73 -0.000000000000
74 -0.000000000000
75 -0.000000000000
76 0.000000000000
77 0.000000000000
78 0.000000000000
79 0.000000000000
80 -0.000000000000
81 -0.000000000000
82 -0.000000000000
83 -0.000000000000
84 0.000000000000
85 0.000000000000
86 0.000000000000
87 0.000000000000
88 0.000000000000
89 0.000000000000
90 0.000000000000
91 0.000000000000
92 0.000000000000
93 0.000000000000
94 0.000000000000
95 0.000000000000
96 0.000000000000
97 0.000000010000
98 0.000000120000
99 0.000001630000
100 0.000018620000
101 0.000186900000
102 0.001650740000
103 0.010656720000
104 0.033917500000
105 0.066952300000
106 0.104036680000
107 0.143693040000
108 0.185740150000
109 0.230286630000
110 0.290622060000
111 0.331936880000
112 0.373374340000
113 0.450142900000
114 0.403473440000
115 0.355301220000
116 0.318065860000
117 0.242772600000
118 0.179894520000
119 0.125896550000
120 0.078874960000
121 0.038919180000

[down]
1 0.011552450000
2 0.011552450000
3 0.031232250000
4 0.059017650000
5 0.090931400000
6 0.125665690000
7 0.163096920000
8 0.203484120000
9 0.247305610000
10 0.292635690000
11 0.328617330000
12 0.364534180000
13 0.400479190000
14 0.435581810000
15 0.449321310000
16 0.462480240000
17 0.474733360000
18 0.485771330000
19 0.495290210000
20 0.502985790000
21 0.424361690000
22 0.460868070000
23 0.500037370000
24 0.540999680000
25 0.560980390000
26 0.626054640000
27 0.631870590000
28 0.631740270000
29 0.630138210000
30 0.626889010000
31 0.643604290000
32 0.664039250000
33 0.684474410000
34 0.704909690000
35 0.725345030000
36 0.745780410000
37 0.766215820000
38 0.786668330000
39 0.839140400000
40 0.912156610000
41 0.950482160000
42 0.993906180000
43 1.044989360000
44 1.054249340000
45 0.763167470000
46 0.795336330000
47 0.969458530000
48 0.946489280000
49 0.920209280000
50 0.890971000000
51 0.859600470000
52 0.833787100000
53 0.833787400000
54 0.833787870000
55 0.833788650000
56 0.833790090000
57 0.833794410000
58 0.844834990000
59 0.869333450000
60 0.939855650000
61 0.982339080000
62 1.026322070000
63 1.074424880000
64 1.129600850000
65 1.051184960000
66 0.831996350000
67 1.002327560000
68 1.097669980000
69 1.069690240000
70 1.035742310000
71 1.012116910000
72 0.941251580000
73 0.907244730000
74 0.879581850000
75 0.891377680000
76 0.825006720000
77 0.833951190000
78 0.806784820000
79 0.738943870000
80 0.735753000000
81 0.740108770000
82 0.742507520000
83 0.743926050000
84 0.748038380000
85 0.678142450000
86 0.611886290000
87 0.549668380000
88 0.525617040000
89 0.515962320000
90 0.504424450000
91 0.493549950000
92 0.500221810000
93 0.509070030000
94 0.486131380000
95 0.430652340000
96 0.375525020000
97 0.351589240000
98 0.263758100000
99 0.193816710000
100 0.135251990000
101 0.084956530000
102 0.042318710000
103 0.012499080000
104 0.002717370000
105 0.000481560000
106 0.000085210000
107 0.000015860000
108 0.000003160000
109 0.000000690000
110 0.000000090000
111 0.000000020000
112 0.000000000000
113 0.000000000000
114 0.000000000000
115 0.000000010000
116 0.000000020000
117 0.000000280000
118 0.000003050000
119 0.000029310000
120 0.000257150000
121 0.002017100000

[left]
1 0.023104910000
2 0.023104910000
3 0.022052550000
4 0.020891770000
5 0.023868680000
6 0.032199480000
7 0.044703230000
8 0.061204330000
9 0.082356500000
10 0.102225890000
11 0.114637370000
12 0.127302260000
13 0.140252900000
14 0.146088540000
15 0.132515800000
16 0.117682430000
17 0.101217830000
18 0.082763010000
19 0.061948190000
20 0.038424310000
21 0.023104920000
22 0.023104980000
23 0.034938730000
24 0.060754300000
25 0.086068070000
26 0.120816480000
27 0.101789460000
28 0.075393560000
29 0.047131930000
30 0.021714480000
31 0.023102590000
32 0.023103130000
33 0.023103480000
34 0.023103720000
35 0.023103900000
36 0.023104030000
37 0.023104140000
38 0.023104220000
39 0.055498280000
40 0.106081800000
41 0.156987860000
42 0.211474380000
43 0.271926290000
44 0.321231810000
45 0.224692200000
46 0.213494400000
47 0.240316510000
48 0.194131830000
49 0.147530300000
50 0.100854630000
51 0.054389020000
52 0.023103670000
53 0.023103420000
54 0.023103040000
55 0.023102420000
56 0.023101170000
57 0.023097420000
58 0.027874140000
59 0.058695680000
60 0.023104960000
61 0.073517190000
62 0.136703930000
63 0.202941000000
64 0.274905870000
65 0.302347510000
66 0.252296350000
67 0.284624260000
68 0.273191290000
69 0.211713960000
70 0.148924810000
71 0.087247720000
72 0.023932930000
73 0.023103300000
74 0.023102020000
75 0.133324330000
76 0.023164410000
77 0.062579390000
78 0.060661320000
79 0.023105920000
80 0.023105040000
81 0.056722290000
82 0.098027380000
83 0.136474650000
84 0.153195410000
85 0.102420480000
86 0.059041840000
87 0.023829910000
88 0.064656160000
89 0.134306920000
90 0.196772380000
91 0.254266520000
92 0.319211270000
93 0.390649990000
94 0.442127220000
95 0.393839770000
96 0.344903600000
97 0.318529020000
98 0.202135750000
99 0.124105030000
100 0.071455840000
101 0.039200390000
102 0.025821770000
103 0.023104910000
104 0.024997960000
105 0.033831810000
106 0.055021170000
107 0.088975000000
108 0.134755150000
109 0.193224060000
110 0.278554330000
111 0.317975710000
112 0.357880210000
113 0.432777700000
114 0.387095720000
115 0.340430600000
116 0.291160580000
117 0.187763150000
118 0.116087010000
119 0.067167970000
120 0.037529070000
121 0.025515350000

[right]
1 0.023104910000
2 0.023104910000
3 0.024620280000
4 0.031130580000
5 0.046946070000
6 0.073538240000
7 0.110197520000
8 0.157487160000
9 0.217161440000
10 0.271323170000
11 0.303263850000
12 0.335147010000
13 0.367055150000
14 0.377770280000
15 0.336781560000
16 0.293414720000
17 0.246798990000
18 0.196133730000
19 0.140624760000
20 0.079478920000
21 0.023104890000
22 0.023104830000
23 0.070560720000
24 0.135027980000
25 0.198606590000
26 0.281462180000
27 0.232459560000
28 0.166477680000
29 0.097144990000
30 0.028796950000
31 0.023107220000
32 0.023106680000
33 0.023106340000
34 0.023106090000
35 0.023105920000
36 0.023105780000
37 0.023105670000
38 0.023105590000
39 0.109151150000
40 0.218585940000
41 0.329812730000
42 0.448237360000
43 0.578428150000
44 0.692742290000
45 0.525636550000
46 0.490109180000
47 0.520205330000
48 0.415863640000
49 0.311829300000
50 0.208441170000
51 0.105924870000
52 0.023106150000
53 0.023106400000
54 0.023106770000
55 0.023107390000
56 0.023108640000
57 0.023112370000
58 0.046452520000
59 0.115156470000
60 0.023104850000
61 0.142665700000
62 0.276304370000
63 0.416022630000
64 0.566869780000
65 0.648535110000
66 0.580379890000
67 0.618497000000
68 0.569791870000
69 0.436276770000
70 0.302045810000
71 0.170540390000
72 0.035125930000
73 0.023106520000
74 0.023107800000
75 0.067293830000
76 0.023033190000
77 0.125326760000
78 0.122138070000
79 0.023103890000
80 0.023104770000
81 0.115830190000
82 0.213496880000
83 0.306633580000
84 0.347348260000
85 0.229749900000
86 0.127131190000
87 0.039238100000
88 0.032897000000
89 0.059952700000
90 0.083586520000
91 0.104736280000
92 0.128922240000
93 0.155258560000
94 0.171889590000
95 0.151337050000
96 0.131232900000
97 0.120966230000
98 0.077868630000
99 0.049869840000
100 0.031622160000
101 0.021984490000
102 0.021515940000
103 0.023104910000
104 0.021850120000
105 0.020871590000
106 0.025394600000
107 0.035402800000
108 0.049286120000
109 0.066951300000
110 0.092520890000
111 0.104031340000
112 0.115575970000
113 0.136963990000
114 0.123961700000
115 0.110540730000
116 0.096015160000
117 0.065159770000
118 0.043570800000
119 0.028847720000
120 0.021316460000
121 0.021611740000
