  0.00000000
  0.00000000
  0.09473530
  0.18914786
  0.28323133
  0.37696532
  0.47031508
  0.56323054
  0.65564486
  0.69999973
  0.69999974
  0.69999974
  0.69999973
  0.66308120
  0.56867493
  0.47418735
  0.37958755
  0.28486306
  0.19001570
  0.09505654
 -0.00000010
 -0.00000036
  0.08254464
  0.16502586
  0.24744031
  0.32653268
  0.26038276
  0.17810996
  0.09570054
  0.01322318
  0.00000841
  0.00000630
  0.00000494
  0.00000401
  0.00000334
  0.00000282
  0.00000242
  0.00000212
  0.08148327
  0.16405736
  0.24855799
  0.33328395
  0.41851154
  0.50462493
  0.52736391
  0.46774429
  0.40373915
  0.32329082
  0.24175528
  0.15947385
  0.07676390
  0.00000368
  0.00000443
  0.00000554
  0.00000739
  0.00001110
  0.00002222
  0.02760201
  0.08356543
 -0.00000014
  0.09398535
  0.18796687
  0.28201244
  0.37633686
  0.47128640
  0.53567735
  0.47092814
  0.39038063
  0.29871904
  0.20552525
  0.11137304
  0.01531916
  0.00000450
  0.00000826
 -0.09628495
 -0.00019658
  0.09615055
  0.09662042
 -0.00000331
 -0.00000045
  0.09942687
  0.19888147
  0.29839405
  0.34111849
  0.23812843
  0.13512709
  0.03233080
 -0.07019379
 -0.17246208
 -0.27453087
 -0.37647510
 -0.47882808
 -0.58572927
 -0.69845857
 -0.69999994
 -0.69999993
 -0.68860062
 -0.56764720
 -0.45029250
 -0.33536218
 -0.22222225
 -0.11050642
  0.00000025
  0.10301622
  0.20510674
  0.30626559
  0.40644475
  0.50555526
  0.60346585
  0.69999985
  0.69999992
  0.69999993
  0.69999994
  0.69999993
  0.69999992
  0.66732050
  0.55204136
  0.43889998
  0.32740112
  0.21721571
  0.10812727
  0.00000000
