  0.01155245
  0.01155245
  0.02986990
  0.05405094
  0.07978489
  0.10559866
  0.13110538
  0.15615384
  0.18062157
  0.20838572
  0.23400822
  0.25958459
  0.28518101
  0.31680846
  0.34384160
  0.37106545
  0.39843719
  0.42590714
  0.45342904
  0.48097399
  0.42436167
  0.46086799
  0.48093850
  0.50095374
  0.50031419
  0.53851635
  0.56022504
  0.58149426
  0.60238223
  0.62293493
  0.64360169
  0.66403724
  0.68447279
  0.70490833
  0.72534387
  0.74577940
  0.76621493
  0.78666753
  0.80748788
  0.84501061
  0.84726262
  0.85227864
  0.86113778
  0.83332291
  0.59643750
  0.64012874
  0.80449003
  0.81536132
  0.82282219
  0.82711520
  0.82899464
  0.83378562
  0.83378563
  0.83378565
  0.83378569
  0.83378565
  0.83378552
  0.83378538
  0.83573278
  0.93985559
  0.93981592
  0.94045658
  0.94324536
  0.94949793
  0.84459599
  0.64751177
  0.80548068
  0.91661936
  0.93194182
  0.94152825
  0.96055326
  0.93438036
  0.90724277
  0.87957836
  0.85188423
  0.82492889
  0.79705169
  0.77091958
  0.73894270
  0.73575285
  0.70628965
  0.67701203
  0.64822407
  0.63913163
  0.60737571
  0.57440160
  0.54126566
  0.50845738
  0.47615025
  0.44435313
  0.41483187
  0.40044057
  0.38611948
  0.34648551
  0.30666726
  0.26741113
  0.25202927
  0.20194729
  0.15731370
  0.11586806
  0.07664390
  0.04017878
  0.01249908
  0.00258890
  0.00043784
  0.00007398
  0.00001315
  0.00000250
  0.00000052
  0.00000007
  0.00000001
  0.00000000
  0.00000000
  0.00000000
  0.00000000
  0.00000002
  0.00000022
  0.00000249
  0.00002520
  0.00023251
  0.00191721
