 -1.57000000
 -1.57000000
 -1.57000000
 -1.57127482
 -1.57638494
 -1.58797557
 -1.60887288
 -1.64219578
 -1.69149770
 -1.76096012
 -1.84872048
 -1.94727162
 -2.05659411
 -2.17669637
 -2.30041861
 -2.41029331
 -2.50551705
 -2.58499223
 -2.64735076
 -2.69095616
 -2.71388512
 -2.71388510
 -2.71388502
 -2.73377967
 -2.77549419
 -2.83868816
 -2.92987387
 -3.00450465
 -3.05684425
 -3.08575672
 -3.08987556
 -3.08987826
 -3.08988035
 -3.08988205
 -3.08988346
 -3.08988467
 -3.08988572
 -3.08988665
 -3.08988748
 -3.12285886
 -3.19280261
 -3.30032297
 -3.44785166
 -3.63936372
 -3.86949542
 -4.04317248
 -4.20484705
 -4.37668923
 -4.51328085
 -4.61472573
 -4.68124219
 -4.71312326
 -4.71312480
 -4.71312665
 -4.71312895
 -4.71313203
 -4.71313666
 -4.71314592
 -4.72465593
 -4.75965662
 -4.75965655
 -4.80395152
 -4.89339473
 -5.03004006
 -5.21764727
 -5.43284411
 -5.62501555
 -5.83006438
 -6.01865878
 -6.16214672
 -6.26028637
 -6.31399851
 -6.32115603
 -6.32115807
 -6.32116170
 -6.28002269
 -6.27994161
 -6.31837860
 -6.35573821
 -6.35573699
 -6.35573683
 -6.39096507
 -6.45918954
 -6.55887911
 -6.67232364
 -6.74603899
 -6.78508555
 -6.79383837
 -6.77596373
 -6.73449282
 -6.67191852
 -6.58992053
 -6.48598174
 -6.35790825
 -6.21244380
 -6.08329268
 -5.97067405
 -5.86696575
 -5.80257952
 -5.76455587
 -5.74436707
 -5.73572712
 -5.73358498
 -5.73358498
 -5.73204846
 -5.72576216
 -5.71149255
 -5.68586667
 -5.64525176
 -5.58561938
 -5.49846288
 -5.39891619
 -5.28694254
 -5.15194627
 -5.03094600
 -4.92439242
 -4.83347456
 -4.77577039
 -4.74131119
 -4.72293338
 -4.71508899
 -4.71318531
