  0.00000000
  0.49999955
  0.49999953
  0.49999950
  0.49999943
  0.49999931
  0.49999906
  0.49999827
  0.24150884
  0.00000004
  0.00000000
 -0.00000002
 -0.19922170
 -0.49999843
 -0.49999916
 -0.49999940
 -0.49999952
 -0.49999960
 -0.49999965
 -0.49999969
 -0.00000168
  0.49999837
  0.49999708
  0.49998570
  0.49998830
 -0.40308029
 -0.49997329
 -0.49997618
 -0.49996303
 -0.08008725
 -0.00001283
 -0.00000819
 -0.00000564
 -0.00000410
 -0.00000310
 -0.00000242
 -0.00000183
  0.49361127
  0.49999442
  0.49999737
  0.49999816
  0.49999834
  0.49999768
  0.13643565
 -0.49979752
 -0.49993953
 -0.49999575
 -0.49999631
 -0.49999517
 -0.49999042
 -0.46297169
  0.00000444
  0.00000666
  0.00001111
  0.00002224
  0.00006669
  0.16538891
  0.33559850
 -0.49995382
  0.49999958
  0.49999955
  0.49999949
  0.49999934
  0.49999862
  0.38119378
 -0.49998466
 -0.49999652
 -0.49999806
 -0.49999783
 -0.49999669
 -0.49999238
 -0.07958935
  0.00001956
 -0.49999983
  0.49886427
  0.49967995
  0.00243693
 -0.49997123
  0.00001489
  0.49999864
  0.49999822
  0.49999694
  0.21436231
 -0.49999796
 -0.49999910
 -0.49999946
 -0.49999963
 -0.49999973
 -0.49999979
 -0.49999983
 -0.49999986
 -0.49999983
 -0.49999970
 -0.00686627
  0.00000002
  0.05149022
  0.49999969
  0.49999982
  0.49999986
  0.49999988
  0.49999989
  0.49999989
  0.49999985
  0.49999984
  0.49999982
  0.49999979
  0.49999974
  0.49999960
  0.49999885
  0.00000039
  0.00000003
  0.00000006
 -0.00000004
 -0.00000005
 -0.15034567
 -0.49999957
 -0.49999975
 -0.49999980
 -0.49999983
 -0.49999984
 -0.49999984
  0.00000000
