  0.00000000
  0.00000000
  0.00000000
  0.00000000
 -0.00000000
  0.00000000
  0.00000000
 -0.00000000
  0.00000000
  0.00000000
  0.00000000
  0.00000000
  0.00000000
  0.00000000
 -0.00000000
  0.00000000
  0.00000000
  0.00000000
  0.00000000
  0.00000000
  0.00000000
  0.00000000
 -0.00000000
  0.00000000
  0.00000000
  0.00000000
 -0.00000000
  0.00000000
  0.00000000
  0.00000000
  0.00000000
  0.00000000
  0.00000000
 -0.00000000
  0.00000000
  0.00000000
 -0.00000000
  0.00000000
  0.00000000
  0.00000000
  0.00000000
 -0.00000000
  0.00000000
  0.00000000
  0.00000000
  0.00000000
  0.00000000
  0.00000000
  0.00000000
  0.00000000
  0.00000000
  0.00000000
  0.00000000
  0.03366316
  0.07778283
  0.12520303
  0.17615009
  0.23105700
  0.29102615
  0.34322325
  0.39741588
  0.42229619
  0.36106562
  0.43194954
  0.51108825
  0.53103917
  0.52754797
  0.47167439
  0.42383792
  0.37903579
  0.33276678
  0.28489992
  0.23766638
  0.19089470
  0.14418837
  0.09682231
  0.04810989
