  0.00206356
  0.21986331
  0.21975788
  0.21965998
  0.21955951
  0.21945340
  0.21971630
  0.21967576
  0.21957568
  0.21937126
  0.21899327
  0.21704458
  0.21638822
  0.21581347
  0.21531239
  0.21488097
  0.21450893
  0.21418196
  0.21387370
  0.21352240
  0.21329674
  0.21318810
  0.21316373
  0.21310018
  0.21301442
  0.21298512
  0.21288325
  0.21297362
  0.21081740
  0.20950787
  0.21108477
  0.21785528
  0.21989763
  0.22188723
  0.22510869
  0.23121913
  0.22717224
  0.23413949
  0.23673571
  0.23713966
  0.23744237
  0.23291829
  0.23048016
  0.24908815
  0.24974421
  0.24949372
  0.24938693
  0.24574601
  0.24046892
  0.23639590
  0.23323607
  0.23066228
  0.22841152
  0.22635739
  0.22433860
  0.22223182
  0.21993479
  0.21737623
  0.21475224
  0.21561620
  0.21849121
  0.21890548
  0.17781319
  0.20509553
  0.23373225
  0.23429063
  0.24877872
  0.24871701
  0.24864155
  0.24858490
  0.24855172
  0.24853112
  0.24851702
  0.24850742
  0.24850087
  0.24849829
  0.24850999
