  0.00000000
  0.00000000
  0.05458631
  0.11037039
  0.16863722
  0.23054387
  0.29372644
  0.22998823
  0.16784438
  0.10952300
  0.05375907
 -0.00073639
 -0.00584294
 -0.00561865
 -0.00571352
 -0.00602745
 -0.00661337
 -0.00773879
 -0.01007001
 -0.00973518
  0.03024082
  0.04252092
  0.03733687
  0.03521226
  0.02701461
 -0.00921033
 -0.00746343
 -0.00210072
  0.04773504
  0.09573075
  0.13024590
  0.09217667
  0.08668835
  0.10056880
  0.13936432
  0.15901134
  0.09846170
  0.04366360
  0.10352277
  0.16709205
  0.23604512
  0.31331502
  0.28851860
  0.37115399
  0.42112694
  0.42113003
  0.42113191
  0.32455865
  0.24331920
  0.17276028
  0.10892037
  0.04909669
 -0.00872300
 -0.06620446
 -0.12491293
 -0.18647729
 -0.25277815
 -0.32618347
 -0.40990309
 -0.42112660
 -0.42110847
 -0.33552417
 -0.26134757
 -0.20720764
 -0.15058105
 -0.09031643
 -0.03548854
 -0.01805087
 -0.01677383
  0.02350647
  0.02725029
  0.02613047
  0.02733093
  0.03166463
  0.03932406
  0.04716510
  0.04031212
