task_id 21

[x]
1 4.359183670000
2 4.359183670000
3 4.359183670000
4 4.395420650000
5 4.467844870000
6 4.576401640000
7 4.720990450000
8 4.901629200000
9 5.117348180000
10 5.367145080000
11 5.650073810000
12 5.965499410000
13 6.311229660000
14 6.690012080000
15 7.101914960000
16 7.546868980000
17 8.024859940000
18 8.535911950000
19 9.080078330000
20 9.657425840000
21 10.267982680000
22 10.912051640000
23 11.585784360000
24 12.286949960000
25 13.014777350000
26 13.768163300000
27 14.547680520000
28 15.360999090000
29 16.208603200000
30 17.046212210000
31 17.834822750000
32 18.571470820000
33 19.258198150000
34 19.887657760000
35 20.461365950000
36 20.977344580000
37 21.426243080000
38 21.782305830000
39 22.092221900000
40 22.370566410000
41 22.598273860000
42 22.763497100000
43 22.856610820000
44 22.878809310000
45 22.849628370000
46 22.767158940000
47 22.647110020000
48 22.510567300000
49 22.376614340000
50 22.261551390000
51 22.171880560000
52 22.110128600000
53 22.076891680000
54 22.071813430000
55 22.094169850000
56 22.143330050000
57 22.219141920000
58 22.322285230000
59 22.454560140000
60 22.619198770000
61 22.824027370000
62 23.075811070000
63 23.375308080000
64 23.655136040000
65 24.010078310000
66 24.454484480000
67 24.942925790000
68 25.453045460000
69 25.916451580000
70 26.333236770000
71 26.703496620000
72 27.027540960000
73 27.305347500000
74 27.536879880000
75 27.722119310000
76 27.861055330000
77 27.953682580000
78 28.000000000000

[y]
1 6.991836730000
2 6.991836730000
3 6.991836730000
4 6.991836730000
5 6.991979990000
6 6.993062510000
7 6.997152490000
8 7.008298850000
9 7.033169950000
10 7.074694980000
11 7.134180550000
12 7.211001150000
13 7.301622720000
14 7.400801080000
15 7.507644860000
16 7.621926740000
17 7.743357030000
18 7.871570060000
19 8.006076930000
20 8.146130700000
21 8.290378630000
22 8.438396550000
23 8.607474710000
24 8.805622430000
25 9.032857410000
26 9.290463970000
27 9.575874570000
28 9.866628750000
29 10.163492750000
30 10.455080630000
31 10.767626990000
32 11.131259840000
33 11.567127950000
34 12.036295760000
35 12.527993660000
36 13.043113340000
37 13.593001040000
38 14.146375610000
39 14.704411120000
40 15.240258270000
41 15.754886300000
42 16.249250790000
43 16.709765650000
44 17.133838650000
45 17.548697390000
46 17.909721750000
47 18.209822520000
48 18.450163110000
49 18.632706090000
50 18.767511600000
51 18.863830030000
52 18.927208050000
53 18.960668960000
54 18.965757870000
55 18.943351990000
56 18.894288970000
57 18.819928480000
58 18.722691350000
59 18.606653620000
60 18.478160830000
61 18.344809350000
62 18.215588960000
63 18.104566360000
64 18.033764740000
65 17.971965040000
66 17.928394430000
67 17.913499470000
68 17.920459210000
69 17.935176260000
70 17.951905660000
71 17.969363290000
72 17.981813310000
73 17.990029090000
74 17.995193770000
75 17.998152910000
76 17.999557190000
77 17.999987290000
78 18.000000000000

[theta]
1 0.000000000000
2 0.000000000000
3 0.000000000000
4 0.001978060000
5 0.009971630000
6 0.028279390000
7 0.061627010000
8 0.114786800000
9 0.164728610000
10 0.207231160000
11 0.238895960000
12 0.256348770000
13 0.256085380000
14 0.253797220000
15 0.251405900000
16 0.248780750000
17 0.245807840000
18 0.242323070000
19 0.237984970000
20 0.232002360000
21 0.225894850000
22 0.245879790000
23 0.275415960000
24 0.302620650000
25 0.329469140000
26 0.350978430000
27 0.343332770000
28 0.336886570000
29 0.335000660000
30 0.377337180000
31 0.458544530000
32 0.565546000000
33 0.640518730000
34 0.708575050000
35 0.784562710000
36 0.886171770000
37 0.999048410000
38 1.063840240000
39 1.091712040000
40 1.154222030000
41 1.248253940000
42 1.371291060000
43 1.518497700000
44 1.641019650000
45 1.795375660000
46 1.951328940000
47 2.087447160000
48 2.203855950000
49 2.277341420000
50 2.320464830000
51 2.343198910000
52 2.352836400000
53 2.355151490000
54 2.355088480000
55 2.357183710000
56 2.365859210000
57 2.385661480000
58 2.421492920000
59 2.478887180000
60 2.564492490000
61 2.667420790000
62 2.786597210000
63 2.893767870000
64 2.969205160000
65 3.043858880000
66 3.111099990000
67 3.155236390000
68 3.173341460000
69 3.181710850000
70 3.188707770000
71 3.179994700000
72 3.171157920000
73 3.163895550000
74 3.157566010000
75 3.151699750000
76 3.146235960000
77 3.141867150000
78 3.140000000000

[v]
1 0.000000000000
2 0.000000000000
3 0.164895660000
4 0.329712150000
5 0.494455130000
6 0.659122670000
7 0.823710530000
8 0.988495460000
9 1.153249870000
10 1.317929090000
11 1.482454830000
12 1.646696910000
13 1.809477280000
14 1.971765160000
15 2.133621720000
16 2.295102170000
17 2.456258720000
18 2.617135840000
19 2.777767260000
20 2.938166920000
21 3.098302380000
22 3.258267690000
23 3.418150290000
24 3.578012890000
25 3.737825260000
26 3.897569000000
27 4.057282130000
28 4.216892310000
29 4.207010790000
30 4.048948080000
31 3.891842820000
32 3.733546230000
33 3.570167450000
34 3.405254290000
35 3.238847180000
36 3.070022710000
37 2.896614440000
38 2.726240620000
39 2.550640860000
40 2.373093460000
41 2.195242720000
42 2.017164610000
43 1.842479270000
44 1.669622330000
45 1.482809110000
46 1.295503620000
47 1.108385780000
48 0.921347880000
49 0.737040560000
50 0.556691000000
51 0.379396190000
52 0.204471260000
53 0.031476700000
54 -0.139829730000
55 -0.309595480000
56 -0.477847020000
57 -0.644518300000
58 -0.809466570000
59 -0.972495600000
60 -1.133556170000
61 -1.295264060000
62 -1.459127230000
63 -1.623299650000
64 -1.756651540000
65 -1.910462110000
66 -2.085739130000
67 -2.050687800000
68 -1.864126190000
69 -1.677599330000
70 -1.491125390000
71 -1.304692120000
72 -1.118282650000
73 -0.931887910000
74 -0.745503220000
75 -0.559125350000
76 -0.372752100000
77 -0.186380530000
78 0.000000000000

[a]
1 0.000000000000
2 0.749991550000
3 0.749991180000
4 0.749990790000
5 0.749990390000
6 0.749989980000
7 0.749989460000
8 0.749988890000
9 0.749988230000
10 0.749987450000
11 0.749986510000
12 0.749986350000
13 0.749985180000
14 0.749983870000
15 0.749982400000
16 0.749980740000
17 0.749978820000
18 0.749976540000
19 0.749973810000
20 0.749970340000
21 0.749966050000
22 0.749960300000
23 0.749952220000
24 0.749940060000
25 0.749919590000
26 0.749879090000
27 0.749753820000
28 -0.046391650000
29 -0.749764470000
30 -0.749879260000
31 -0.749921440000
32 -0.749941650000
33 -0.749954350000
34 -0.749962520000
35 -0.749969020000
36 -0.749973540000
37 -0.749976290000
38 -0.749978910000
39 -0.749981420000
40 -0.749983100000
41 -0.749984570000
42 -0.749985370000
43 -0.749985840000
44 -0.749988630000
45 -0.749989540000
46 -0.749990360000
47 -0.749991020000
48 -0.749991150000
49 -0.749991040000
50 -0.749990960000
51 -0.749990810000
52 -0.749990560000
53 -0.749990300000
54 -0.749989840000
55 -0.749989210000
56 -0.749988350000
57 -0.749987200000
58 -0.749985610000
59 -0.749983320000
60 -0.749980490000
61 -0.749975300000
62 -0.749968790000
63 -0.749953010000
64 -0.749944510000
65 -0.749902420000
66 0.149667230000
67 0.749910580000
68 0.749956410000
69 0.749971080000
70 0.749978350000
71 0.749982680000
72 0.749985570000
73 0.749987630000
74 0.749989180000
75 0.749990380000
76 0.749991350000
77 0.749992130000
78 0.000000000000

[phy]
1 0.000000000000
2 0.000000000000
3 0.108741960000
4 0.217256820000
5 0.325293620000
6 0.432037030000
7 0.531144000000
8 0.431119610000
9 0.323868980000
10 0.215640170000
11 0.107106690000
12 -0.001472780000
13 -0.011685360000
14 -0.011236830000
15 -0.011426570000
16 -0.012054340000
17 -0.013225990000
18 -0.015476370000
19 -0.020137320000
20 -0.019467910000
21 0.060408080000
22 0.084837900000
23 0.074535620000
24 0.070308540000
25 0.053976740000
26 -0.018418590000
27 -0.014925800000
28 -0.004201420000
29 0.095181600000
30 0.189172160000
31 0.254830110000
32 0.182309330000
33 0.171672030000
34 0.198490080000
35 0.271830220000
36 0.307913870000
37 0.194436880000
38 0.087106240000
39 0.204160870000
40 0.322516100000
41 0.441071700000
42 0.559771100000
43 0.523364650000
44 0.638560830000
45 0.699979840000
46 0.699983450000
47 0.699985640000
48 0.575755820000
49 0.452902740000
50 0.332679580000
51 0.214490290000
52 0.097879780000
53 -0.017444260000
54 -0.131643320000
55 -0.244815060000
56 -0.356976710000
57 -0.468083480000
58 -0.578038460000
59 -0.686703650000
60 -0.699979440000
61 -0.699958210000
62 -0.591029970000
63 -0.481638520000
64 -0.392871470000
65 -0.292522950000
66 -0.178705960000
67 -0.070858260000
68 -0.036086100000
69 -0.033535100000
70 0.046978360000
71 0.054446730000
72 0.052213440000
73 0.054607510000
74 0.063244800000
75 0.078486570000
76 0.094051910000
77 0.080450220000
78 0.000000000000

[w]
1 0.000000000000
2 0.494584050000
3 0.493788700000
4 0.491833170000
5 0.486168460000
6 0.451607980000
7 -0.455237950000
8 -0.488216770000
9 -0.492895170000
10 -0.494743680000
11 -0.495807640000
12 -0.047044880000
13 0.002076350000
14 -0.000877360000
15 -0.002914720000
16 -0.005452360000
17 -0.010491330000
18 -0.021762720000
19 0.003128320000
20 0.374086720000
21 0.114533620000
22 -0.048325020000
23 -0.019830000000
24 -0.076639230000
25 -0.339863790000
26 0.016398610000
27 0.050377690000
28 0.466649790000
29 0.445832410000
30 0.313370800000
31 -0.343583790000
32 -0.048828360000
33 0.121958550000
34 0.330530630000
35 0.160309000000
36 -0.490769310000
37 -0.472459080000
38 0.499933760000
39 0.499946470000
40 0.499939920000
41 0.499908440000
42 -0.156306620000
43 0.499802800000
44 0.246561630000
45 0.000014180000
46 0.000008610000
47 -0.498155850000
48 -0.499919450000
49 -0.499952560000
50 -0.499962950000
51 -0.499967320000
52 -0.499968810000
53 -0.499970510000
54 -0.499969190000
55 -0.499965780000
56 -0.499958860000
57 -0.499943640000
58 -0.499895000000
59 -0.061811070000
60 0.000100160000
61 0.498542320000
62 0.499717590000
63 0.499205970000
64 0.489275760000
65 0.486938610000
66 0.460256750000
67 0.139775530000
68 0.010256540000
69 0.323812500000
70 0.030042980000
71 -0.008985320000
72 0.009632970000
73 0.034755450000
74 0.061333290000
75 0.062636920000
76 -0.054735750000
77 -0.323730560000
78 0.000000000000

[dt]
1 0.002063560000
2 0.219863310000
3 0.219757880000
4 0.219659980000
5 0.219559510000
6 0.219453400000
7 0.219716300000
8 0.219675760000
9 0.219575680000
10 0.219371260000
11 0.218993270000
12 0.217044580000
13 0.216388220000
14 0.215813470000
15 0.215312390000
16 0.214880970000
17 0.214508930000
18 0.214181960000
19 0.213873700000
20 0.213522400000
21 0.213296740000
22 0.213188100000
23 0.213163730000
24 0.213100180000
25 0.213014420000
26 0.212985120000
27 0.212883250000
28 0.212973620000
29 0.210817400000
30 0.209507870000
31 0.211084770000
32 0.217855280000
33 0.219897630000
34 0.221887230000
35 0.225108690000
36 0.231219130000
37 0.227172240000
38 0.234139490000
39 0.236735710000
40 0.237139660000
41 0.237442370000
42 0.232918290000
43 0.230480160000
44 0.249088150000
45 0.249744210000
46 0.249493720000
47 0.249386930000
48 0.245746010000
49 0.240468920000
50 0.236395900000
51 0.233236070000
52 0.230662280000
53 0.228411520000
54 0.226357390000
55 0.224338600000
56 0.222231820000
57 0.219934790000
58 0.217376230000
59 0.214752240000
60 0.215616200000
61 0.218491210000
62 0.218905480000
63 0.177813190000
64 0.205095530000
65 0.233732250000
66 0.234290630000
67 0.248778720000
68 0.248717010000
69 0.248641550000
70 0.248584900000
71 0.248551720000
72 0.248531120000
73 0.248517020000
74 0.248507420000
75 0.248500870000
76 0.248498290000
77 0.248509990000

[s]
1 0.000000000000
2 0.000000000000
3 0.036236970000
4 0.072424370000
5 0.108562160000
6 0.144646650000
7 0.180982320000
8 0.217147990000
9 0.253224840000
10 0.289114500000
11 0.324645520000
12 0.357409660000
13 0.391551360000
14 0.425534460000
15 0.459395700000
16 0.493174040000
17 0.526889550000
18 0.560543330000
19 0.594091390000
20 0.627364460000
21 0.660857800000
22 0.694623890000
23 0.728625660000
24 0.762475190000
25 0.796210710000
26 0.830124220000
27 0.863727430000
28 0.898087140000
29 0.886911030000
30 0.848286720000
31 0.821509480000
32 0.813372650000
33 0.785071490000
34 0.755582490000
35 0.729093220000
36 0.709847460000
37 0.658030170000
38 0.638319340000
39 0.603827660000
40 0.562754550000
41 0.521243680000
42 0.469834120000
43 0.424653600000
44 0.415883750000
45 0.370323850000
46 0.323221500000
47 0.276418910000
48 0.226418320000
49 0.177234260000
50 0.131598230000
51 0.088487740000
52 0.047162750000
53 0.007189260000
54 -0.031651730000
55 -0.069454350000
56 -0.106192840000
57 -0.141751900000
58 -0.175958520000
59 -0.208845040000
60 -0.244412080000
61 -0.283006510000
62 -0.319412350000
63 -0.288645810000
64 -0.360281960000
65 -0.446536770000
66 -0.488668200000
67 -0.510167040000
68 -0.463639650000
69 -0.417120760000
70 -0.370671160000
71 -0.324283410000
72 -0.277927990000
73 -0.231589980000
74 -0.185263060000
75 -0.138943120000
76 -0.092628250000
77 -0.046317420000

[splus]
1 0.000000000000
2 0.000000000000
3 0.036236970000
4 0.072424370000
5 0.108562160000
6 0.144646650000
7 0.180982320000
8 0.217147990000
9 0.253224840000
10 0.289114500000
11 0.324645520000
12 0.357409660000
13 0.391551360000
14 0.425534460000
15 0.459395700000
16 0.493174040000
17 0.526889550000
18 0.560543330000
19 0.594091390000
20 0.627364460000
21 0.660857800000
22 0.694623890000
23 0.728625660000
24 0.762475190000
25 0.796210710000
26 0.830124220000
27 0.863727430000
28 0.898087140000
29 0.886911030000
30 0.848286720000
31 0.821509480000
32 0.813372650000
33 0.785071490000
34 0.755582490000
35 0.729093220000
36 0.709847460000
37 0.658030170000
38 0.638319340000
39 0.603827660000
40 0.562754550000
41 0.521243680000
42 0.469834120000
43 0.424653600000
44 0.415883750000
45 0.370323850000
46 0.323221500000
47 0.276418910000
48 0.226418320000
49 0.177234260000
50 0.131598230000
51 0.088487740000
52 0.047162750000
53 0.007189260000
54 0.000000000000
55 0.000000000000
56 0.000000000000
57 0.000000000000
58 0.000000000000
59 0.000000000000
60 0.000000000000
61 0.000000000000
62 0.000000000000
63 0.000000000000
64 0.000000000000
65 0.000000000000
66 0.000000000000
67 0.000000000000
68 0.000000000000
69 0.000000000000
70 0.000000000000
71 0.000000000000
72 0.000000000000
73 0.000000000000
74 0.000000000000
75 0.000000000000
76 0.000000000000
77 0.000000000000

[sminus]
1 0.000000000000
2 0.000000000000
3 -0.000000000000
4 0.000000000000
5 0.000000000000
6 0.000000000000
7 0.000000000000
8 0.000000000000
9 0.000000000000
10 0.000000000000
11 0.000000000000
12 0.000000000000
13 0.000000000000
14 0.000000000000
15 0.000000000000
16 0.000000000000
17 0.000000000000
18 0.000000000000
19 0.000000000000
20 0.000000000000
21 0.000000000000
22 0.000000000000
23 0.000000000000
24 0.000000000000
25 0.000000000000
26 0.000000000000
27 0.000000000000
28 0.000000000000
29 0.000000000000
30 0.000000000000
31 0.000000000000
32 0.000000000000
33 0.000000000000
34 0.000000000000
35 0.000000000000
36 0.000000000000
37 0.000000000000
38 0.000000000000
39 0.000000000000
40 0.000000000000
41 0.000000000000
42 0.000000000000
43 0.000000000000
44 0.000000000000
45 0.000000000000
46 0.000000000000
47 0.000000000000
48 0.000000000000
49 0.000000000000
50 0.000000000000
51 0.000000000000
52 0.000000000000
53 0.000000000000
54 0.031651730000
55 0.069454350000
56 0.106192840000
57 0.141751900000
58 0.175958520000
59 0.208845040000
60 0.244412080000
61 0.283006510000
62 0.319412350000
63 0.288645810000
64 0.360281960000
65 0.446536770000
66 0.488668200000
67 0.510167040000
68 0.463639650000
69 0.417120760000
70 0.370671160000
71 0.324283410000
72 0.277927990000
73 0.231589980000
74 0.185263060000
75 0.138943120000
76 0.092628250000
77 0.046317420000

[k]
1 0.000000000000
2 0.000000000000
3 0.054586310000
4 0.110370390000
5 0.168637220000
6 0.230543870000
7 0.293726440000
8 0.229988230000
9 0.167844380000
10 0.109523000000
11 0.053759070000
12 -0.000736390000
13 -0.005842940000
14 -0.005618650000
15 -0.005713520000
16 -0.006027450000
17 -0.006613370000
18 -0.007738790000
19 -0.010070010000
20 -0.009735180000
21 0.030240820000
22 0.042520920000
23 0.037336870000
24 0.035212260000
25 0.027014610000
26 -0.009210330000
27 -0.007463430000
28 -0.002100720000
29 0.047735040000
30 0.095730750000
31 0.130245900000
32 0.092176670000
33 0.086688350000
34 0.100568800000
35 0.139364320000
36 0.159011340000
37 0.098461700000
38 0.043663600000
39 0.103522770000
40 0.167092050000
41 0.236045120000
42 0.313315020000
43 0.288518600000
44 0.371153990000
45 0.421126940000
46 0.421130030000
47 0.421131910000
48 0.324558650000
49 0.243319200000
50 0.172760280000
51 0.108920370000
52 0.049096690000
53 -0.008723000000
54 -0.066204460000
55 -0.124912930000
56 -0.186477290000
57 -0.252778150000
58 -0.326183470000
59 -0.409903090000
60 -0.421126600000
61 -0.421108470000
62 -0.335524170000
63 -0.261347570000
64 -0.207207640000
65 -0.150581050000
66 -0.090316430000
67 -0.035488540000
68 -0.018050870000
69 -0.016773830000
70 0.023506470000
71 0.027250290000
72 0.026130470000
73 0.027330930000
74 0.031664630000
75 0.039324060000
76 0.047165100000
77 0.040312120000

[up]
1 0.000000000000
2 -0.000000000000
3 0.038135910000
4 0.080098200000
5 0.126137620000
6 0.176660360000
7 0.232015720000
8 0.265092130000
9 0.294027290000
10 0.319512720000
11 0.341400250000
12 0.357664730000
13 0.393748320000
14 0.427830490000
15 0.461916230000
16 0.496028420000
17 0.530235310000
18 0.564708250000
19 0.599834980000
20 0.633227980000
21 0.680043450000
22 0.722978690000
23 0.754742270000
24 0.788249840000
25 0.816859770000
26 0.837464490000
27 0.869916340000
28 0.899899580000
29 0.927554170000
30 0.926245830000
31 0.924230920000
32 0.885346510000
33 0.850405600000
34 0.828530680000
35 0.826637950000
36 0.818209060000
37 0.720230350000
38 0.665076340000
39 0.663837280000
40 0.653025190000
41 0.639359330000
42 0.611152500000
43 0.542274680000
44 0.564065520000
45 0.520038990000
46 0.453894990000
47 0.388171360000
48 0.296964370000
49 0.218632740000
50 0.153422950000
51 0.097739740000
52 0.049385250000
53 0.007249750000
54 0.000000000000
55 0.000000000000
56 0.000000000000
57 0.000000000000
58 0.000000000000
59 0.000000000000
60 0.000000000000
61 0.000000000000
62 0.000000000000
63 0.000000000000
64 0.000000000000
65 0.000000000000
66 0.000000000000
67 0.000000000000
68 0.000000000000
69 0.000000000000
70 0.000000000000
71 0.000000000000
72 0.000000000000
73 0.000000000000
74 0.000000000000
75 0.000000000000
76 0.000000000000
77 0.000000000000

[down]
1 0.000000000000
2 0.000000000000
3 0.000000000000
4 0.000000000000
5 -0.000000000000
6 0.000000000000
7 0.000000000000
8 -0.000000000000
9 0.000000000000
10 0.000000000000
11 0.000000000000
12 0.000000000000
13 0.000000000000
14 0.000000000000
15 -0.000000000000
16 0.000000000000
17 0.000000000000
18 0.000000000000
19 0.000000000000
20 0.000000000000
21 0.000000000000
22 0.000000000000
23 -0.000000000000
24 0.000000000000
25 0.000000000000
26 0.000000000000
27 -0.000000000000
28 0.000000000000
29 0.000000000000
30 0.000000000000
31 0.000000000000
32 0.000000000000
33 0.000000000000
34 -0.000000000000
35 0.000000000000
36 0.000000000000
37 -0.000000000000
38 0.000000000000
39 0.000000000000
40 0.000000000000
41 0.000000000000
42 -0.000000000000
43 0.000000000000
44 0.000000000000
45 0.000000000000
46 0.000000000000
47 0.000000000000
48 0.000000000000
49 0.000000000000
50 0.000000000000
51 0.000000000000
52 0.000000000000
53 0.000000000000
54 0.033663160000
55 0.077782830000
56 0.125203030000
57 0.176150090000
58 0.231057000000
59 0.291026150000
60 0.343223250000
61 0.397415880000
62 0.422296190000
63 0.361065620000
64 0.431949540000
65 0.511088250000
66 0.531039170000
67 0.527547970000
68 0.471674390000
69 0.423837920000
70 0.379035790000
71 0.332766780000
72 0.284899920000
73 0.237666380000
74 0.190894700000
75 0.144188370000
76 0.096822310000
77 0.048109890000

[left]
1 0.000000000000
2 0.000000000000
3 0.005890890000
4 0.023950430000
5 0.055184750000
6 0.101120770000
7 0.162163470000
8 0.153250130000
9 0.131188840000
10 0.098305110000
11 0.054493260000
12 0.000244690000
13 0.002125700000
14 0.002221540000
15 0.002438760000
16 0.002761830000
17 0.003237350000
18 0.004030100000
19 0.005557850000
20 0.005673880000
21 0.065759050000
22 0.097685370000
23 0.090436960000
24 0.089707180000
25 0.072230460000
26 0.007102820000
27 0.005988520000
28 0.001752000000
29 0.144090270000
30 0.274817320000
31 0.360676580000
32 0.252409120000
33 0.228161150000
34 0.253630800000
35 0.337803860000
36 0.374178380000
37 0.213101600000
38 0.091396140000
39 0.203902220000
40 0.304792880000
41 0.396256070000
42 0.470313000000
43 0.388679430000
44 0.488990430000
45 0.490498220000
46 0.424908030000
47 0.360658820000
48 0.225836110000
49 0.131466530000
50 0.068788640000
51 0.028953330000
52 0.006907260000
53 0.000058530000
54 0.006201880000
55 0.025679470000
56 0.058614750000
57 0.106061060000
58 0.169886990000
59 0.253391730000
60 0.304667750000
61 0.352762220000
62 0.317225150000
63 0.223294390000
64 0.220975030000
65 0.199033700000
66 0.130643730000
67 0.053590990000
68 0.024773410000
69 0.020710870000
70 0.009709260000
71 0.009642170000
72 0.007755940000
73 0.006613070000
74 0.005993160000
75 0.005455430000
76 0.004260960000
77 0.001777820000

[right]
1 0.000000000000
2 0.000000000000
3 0.001837620000
4 0.007426030000
5 0.017007910000
6 0.030979940000
7 0.049385440000
8 0.046395940000
9 0.039484870000
10 0.029416600000
11 0.016213660000
12 0.000826740000
13 0.007220990000
14 0.007587190000
15 0.008373500000
16 0.009532970000
17 0.011233030000
18 0.014056680000
19 0.019485670000
20 0.019994050000
21 0.018566010000
22 0.027439100000
23 0.025273160000
24 0.024942250000
25 0.019982130000
26 0.025804560000
27 0.021864570000
28 0.006428800000
29 0.039330620000
30 0.075441630000
31 0.099404360000
32 0.069649660000
33 0.063224320000
34 0.070592540000
35 0.094394820000
36 0.104862410000
37 0.060191600000
38 0.025892900000
39 0.058071780000
40 0.087355640000
41 0.114301490000
42 0.136754970000
43 0.113822900000
44 0.143396730000
45 0.144880590000
46 0.126453830000
47 0.108143770000
48 0.068268000000
49 0.040061640000
50 0.021119970000
51 0.008953240000
52 0.002150720000
53 0.000186720000
54 0.001979620000
55 0.008360790000
56 0.019447720000
57 0.035826940000
58 0.058368670000
59 0.088466260000
60 0.108198630000
61 0.127578640000
62 0.116677310000
63 0.080968310000
64 0.082801430000
65 0.077479780000
66 0.051786340000
67 0.021437890000
68 0.009715420000
69 0.007959450000
70 0.025790690000
71 0.026156860000
72 0.021496600000
73 0.018735450000
74 0.017364130000
75 0.016172810000
76 0.012931680000
77 0.005526760000
