  0.00000000
  0.00000000
  0.02560281
  0.01414484
  0.00956857
  0.00738268
  0.00613750
  0.00536898
  0.00487885
  0.00108041
 -0.12048009
 -0.24124575
 -0.35990151
 -0.24222562
 -0.12080363
  0.00133200
  0.00610556
  0.00730363
  0.00974721
  0.02333989
  0.11464330
  0.20900176
  0.10925063
 -0.00223135
 -0.00269812
 -0.00199624
 -0.00156147
 -0.00128124
 -0.00000004
  0.12482711
  0.22309025
  0.31564804
  0.40305362
  0.48823568
  0.57170559
  0.61441944
  0.53212794
  0.44304204
  0.34633193
  0.24080630
  0.12485153
 -0.00003523
  0.12472968
  0.24454917
  0.35244422
  0.45014720
  0.39269803
  0.30247943
  0.20602052
  0.10369463
 -0.00010492
 -0.00351989
 -0.00350892
 -0.00015581
  0.08561541
  0.17033659
  0.25371044
  0.33117491
  0.25256890
  0.17096550
  0.08602913
 -0.00235569
 -0.09212142
 -0.17937075
 -0.26426011
 -0.34775887
 -0.42996005
 -0.51081170
 -0.58590576
 -0.65059222
 -0.69518845
 -0.63032016
 -0.54879000
 -0.46076751
 -0.36658395
 -0.27085693
 -0.18517876
 -0.09535662
  0.00028975
  0.01216086
  0.00478418
 -0.02272603
 -0.04711133
 -0.06598304
 -0.06803563
 -0.05298343
 -0.03243103
 -0.00876406
  0.01990271
  0.04622197
  0.07008717
  0.08821526
  0.07920528
  0.05587165
  0.02886631
 -0.00036831
  0.07092582
  0.14209943
  0.21328328
  0.28450386
  0.35575601
  0.42702403
  0.49820920
  0.56904247
  0.63776807
  0.69797532
  0.69848728
  0.69842871
  0.69832297
  0.69817755
  0.69797745
  0.69769793
  0.69727758
  0.69074121
  0.61937887
  0.54642929
  0.47352877
  0.40085261
  0.32826051
  0.25623176
  0.18496926
  0.11486997
  0.04750478
  0.00941366
  0.00760911
  0.00056811
 -0.10245314
 -0.20460294
 -0.30591376
 -0.40629142
 -0.50558153
 -0.60336149
 -0.69652276
 -0.69705471
 -0.66091089
 -0.56520771
 -0.46758784
 -0.36956770
 -0.27207778
 -0.17683161
 -0.08914696
 -0.02923414
  0.05484033
  0.06739268
  0.05006849
  0.04135110
  0.03957894
  0.04211870
  0.04915113
  0.06145975
  0.07122596
  0.03937874
 -0.04866686
 -0.10273487
 -0.13307828
 -0.16982928
 -0.22296765
 -0.28714268
 -0.35520802
 -0.41965531
 -0.46488616
 -0.44040393
 -0.36871300
 -0.28311269
 -0.19171075
 -0.09712468
  0.00000000
