  0.00000000
  0.00000000
  0.03623697
  0.07242437
  0.10856216
  0.14464665
  0.18098232
  0.21714799
  0.25322484
  0.28911450
  0.32464552
  0.35740966
  0.39155136
  0.42553446
  0.45939570
  0.49317404
  0.52688955
  0.56054333
  0.59409139
  0.62736446
  0.66085780
  0.69462389
  0.72862566
  0.76247519
  0.79621071
  0.83012422
  0.86372743
  0.89808714
  0.88691103
  0.84828672
  0.82150948
  0.81337265
  0.78507149
  0.75558249
  0.72909322
  0.70984746
  0.65803017
  0.63831934
  0.60382766
  0.56275455
  0.52124368
  0.46983412
  0.42465360
  0.41588375
  0.37032385
  0.32322150
  0.27641891
  0.22641832
  0.17723426
  0.13159823
  0.08848774
  0.04716275
  0.00718926
  0.00000000
  0.00000000
  0.00000000
  0.00000000
  0.00000000
  0.00000000
  0.00000000
  0.00000000
  0.00000000
  0.00000000
  0.00000000
  0.00000000
  0.00000000
  0.00000000
  0.00000000
  0.00000000
  0.00000000
  0.00000000
  0.00000000
  0.00000000
  0.00000000
  0.00000000
  0.00000000
  0.00000000
