  0.00000000
 -0.49405481
 -0.49292623
 -0.48975573
 -0.47823867
  0.13755403
  0.46485537
  0.47170050
  0.46949313
  0.47007299
  0.09696923
 -0.04273893
 -0.00583077
  0.03476014
 -0.28122562
  0.05482207
  0.00341414
 -0.07573942
  0.20388072
 -0.02530757
 -0.00779935
 -0.00380882
  0.01206997
  0.49477576
  0.49805888
  0.49833413
  0.32391705
  0.49976370
  0.49970972
 -0.49926828
 -0.49991544
 -0.49996578
 -0.49998164
 -0.49998164
 -0.49998502
 -0.49999168
 -0.00062757
 -0.00003914
 -0.00004389
 -0.00004958
 -0.00005644
 -0.00006484
 -0.00007527
 -0.00008844
 -0.00078861
 -0.49859413
 -0.49957434
 -0.49973736
 -0.49980338
 -0.49983828
 -0.49985915
 -0.49987218
 -0.49988045
 -0.49988516
 -0.49988710
 -0.49988656
 -0.49988344
 -0.49987721
 -0.49984933
 -0.49981450
 -0.49978497
 -0.49976197
 -0.49974607
 -0.49973716
 -0.49973439
 -0.49973600
 -0.49973884
 -0.49973464
 -0.49968786
 -0.49962037
 -0.49952236
 -0.49936836
 -0.49909385
 -0.49847472
 -0.49632856
 -0.00326301
  0.00043043
  0.00054417
  0.00060720
  0.17584883
  0.49463182
  0.49696658
  0.49772409
  0.49807775
  0.49826528
  0.49836601
  0.49841332
  0.49842324
  0.49840388
  0.49835917
  0.49829052
  0.49819757
  0.49807849
  0.49792980
  0.49774640
  0.49752086
  0.49724279
  0.49689707
  0.49646200
  0.49590483
  0.49517434
  0.49418583
  0.49278883
  0.49068897
  0.48722796
  0.48060125
  0.46352274
  0.35991405
  0.03168024
 -0.00837793
 -0.00913151
 -0.00932498
 -0.00978895
 -0.01024472
 -0.01067732
 -0.01101638
 -0.01129893
 -0.01129239
 -0.00970946
 -0.00694585
 -0.01733937
 -0.02549506
 -0.02305699
 -0.02384653
 -0.02720566
 -0.03361491
 -0.04398159
 -0.05797927
 -0.07313494
 -0.08503540
 -0.08770190
 -0.07349264
 -0.02938212
  0.07157219
  0.21510155
  0.33997200
  0.43883854
  0.38093634
  0.31446613
  0.23246338
  0.14267800
  0.06330735
  0.00716865
 -0.02633655
 -0.04319433
 -0.04908785
 -0.04810571
 -0.04302431
 -0.03579325
 -0.02775236
 -0.01954750
 -0.01173602
 -0.00480146
  0.00067798
  0.00438544
  0.00552506
  0.00270653
 -0.00602218
 -0.02357432
 -0.05407081
 -0.10293271
 -0.17420113
 -0.26286653
 -0.35571201
 -0.45355221
 -0.43110143
 -0.40887984
 -0.38297131
 -0.34980791
 -0.30550193
 -0.24372897
 -0.15643183
 -0.04191221
  0.07930651
  0.17862223
  0.24979379
  0.30042891
  0.33816686
  0.36809113
  0.39357739
  0.41749947
  0.44516926
  0.02151197
 -0.43462078
 -0.38284692
 -0.32237709
 -0.23281185
 -0.08703813
  0.10074362
  0.24233443
  0.32926743
  0.38835412
  0.44019382
  0.32907357
  0.09969496
 -0.22745955
 -0.38182610
 -0.49999497
 -0.49999497
 -0.49999497
 -0.49999453
 -0.49999209
 -0.49998071
  0.00004645
  0.49998590
  0.49999234
  0.49999417
  0.49999494
  0.49999527
  0.49999532
  0.49999515
  0.49999470
  0.49999370
  0.49999109
  0.49998134
 -0.49996600
 -0.49998877
 -0.49999229
 -0.49999361
 -0.49999418
 -0.49999420
 -0.49999402
 -0.49999338
 -0.49999212
 -0.49998940
 -0.49998091
 -0.24156192
  0.00000213
  0.30021088
  0.49998220
  0.49998905
  0.49999099
  0.49999157
  0.49999135
  0.49999631
  0.49999596
  0.49999529
  0.49999386
  0.49998944
  0.30007114
 -0.30005569
 -0.49998672
 -0.49999212
 -0.49999381
 -0.49999453
 -0.49999482
  0.00000000
