  2.89731051
  2.89731051
  2.89731051
  2.90017184
  2.90593321
  2.91463949
  2.92633293
  2.94105704
  2.95885773
  2.97978468
  3.00608478
  3.03594663
  3.05992714
  3.06302395
  3.02192521
  2.94233176
  2.84482972
  2.74092636
  2.63147501
  2.51695969
  2.39802558
  2.27891673
  2.18617023
  2.15650438
  2.16416772
  2.17137109
  2.17784197
  2.18371262
  2.18903643
  2.19504801
  2.19964474
  2.24980898
  2.37286537
  2.58771381
  2.90411717
  3.32169692
  3.84001610
  4.47769052
  5.20187421
  5.98562883
  6.81158559
  7.66744639
  8.51100411
  9.36394844
 10.15854186
 10.88283781
 11.52879057
 12.11496240
 12.63821907
 13.10238088
 13.52313255
 13.54534907
 13.56698559
 13.58897747
 13.91990880
 14.25635483
 14.57350886
 14.83091173
 15.02796062
 15.12404050
 15.13426341
 15.08003572
 14.99083318
 14.90510584
 14.85618326
 14.87087884
 14.96991630
 15.16809100
 15.45649636
 15.79425248
 16.18647987
 16.65910852
 17.29544079
 17.99322766
 18.70896283
 19.38028731
 19.92652059
 20.45350249
 20.97293968
 21.11297916
 21.24861491
 21.39861343
 21.54258990
 21.68269840
 21.81704170
 21.94907248
 22.07957488
 22.20974645
 22.34674971
 22.47685202
 22.60283303
 22.72555547
 22.84700341
 22.96979614
 23.09324579
 23.21815717
 23.49745681
 23.76399585
 24.02043756
 24.26844135
 24.50899380
 24.74253349
 24.96880754
 25.18684613
 25.39193339
 25.57762733
 25.77124986
 25.95758992
 26.12808699
 26.28073047
 26.41528277
 26.53180483
 26.63056509
 26.71194933
 26.77776181
 26.82593527
 26.85740457
 26.87284310
 26.87261998
 26.85688582
 26.82587021
 26.77974295
 26.71861829
 26.64242102
 26.55009001
 26.44231391
 26.26941765
 26.06776633
 25.83879643
 25.58483163
 25.30933567
 25.01765954
 24.71798995
 24.41609717
 24.13731235
 23.89803551
 23.71698744
 23.59919784
 23.54472081
 23.54913425
 23.60394915
 23.69723890
 23.81511527
 23.94506882
 24.06850812
 24.16897854
 24.25232340
 24.32217477
 24.38024701
 24.42730932
 24.46344727
 24.48823365
 24.50208431
 24.51037685
 24.52294907
 24.54338882
 24.57181756
 24.60798199
 24.65165048
 24.70198425
 24.75717602
 24.81445096
 24.87010945
 24.91952265
 24.95896574
 24.98617038
 25.00000000
