Ipopt 3.13.4: option_file_name=../public/solver/ipopt.opt

Using option file "../public/solver/ipopt.opt".


******************************************************************************
This program contains Ipopt, a library for large-scale nonlinear optimization.
 Ipopt is released as open source code under the Eclipse Public License (EPL).
         For more information visit https://github.com/coin-or/Ipopt
******************************************************************************

This is Ipopt version 3.13.4, running with linear solver ma27.

Number of nonzeros in equality constraint Jacobian...:    24065
Number of nonzeros in inequality constraint Jacobian.:    11911
Number of nonzeros in Lagrangian Hessian.............:    12406

Total number of variables............................:     9644
                     variables with only lower bounds:     5092
                variables with lower and upper bounds:     1742
                     variables with only upper bounds:        0
Total number of equality constraints.................:     5494
Total number of inequality constraints...............:     2010
        inequality constraints with only lower bounds:      670
   inequality constraints with lower and upper bounds:        0
        inequality constraints with only upper bounds:     1340

iter    objective    inf_pr   inf_du lg(mu)  ||d||  lg(rg) alpha_du alpha_pr  ls
   0  5.8418849e+00 3.19e+00 1.24e+00   0.0 0.00e+00    -  0.00e+00 0.00e+00   0
   1  5.8420068e+00 3.18e+00 1.21e+03   0.5 2.93e+00   4.0 9.76e-01 3.38e-03h  1
   2  5.8590454e+00 3.13e+00 7.35e+03   2.5 4.90e+00   3.5 5.43e-02 1.27e-02f  1
   3  5.8750683e+00 2.85e+00 1.35e+04   1.8 1.60e+01    -  2.73e-02 8.73e-02f  1
   4  5.8449822e+00 2.61e+00 1.25e+04   2.2 3.55e+01    -  6.89e-02 7.81e-02f  1
   5  5.8675610e+00 2.36e+00 1.13e+04   1.4 5.51e+00    -  1.25e-01 9.29e-02f  1
   6  5.8878957e+00 2.13e+00 1.02e+04   1.4 6.46e+00    -  1.28e-01 9.68e-02f  1
   7  5.9026633e+00 2.06e+00 9.91e+03  -4.6 2.00e+01    -  1.91e-02 2.99e-02h  1
   8  5.9146934e+00 1.71e+00 8.35e+03   1.9 1.87e+01    -  1.64e-01 1.57e-01f  1
   9  5.9170676e+00 1.66e+00 2.75e+04   1.4 1.78e+00   3.0 1.42e-01 2.83e-02f  1
iter    objective    inf_pr   inf_du lg(mu)  ||d||  lg(rg) alpha_du alpha_pr  ls
  10  5.9171919e+00 1.66e+00 3.60e+05   1.4 1.17e+00   6.2 1.31e-01 1.23e-03h  1
  11  5.9191693e+00 1.62e+00 1.27e+06   1.4 1.01e+00   5.7 1.05e-01 2.38e-02h  1
  12  5.9197268e+00 1.57e+00 1.68e+06   1.4 1.56e+00   5.2 4.23e-02 2.51e-02h  1
  13  5.9192355e+00 1.54e+00 2.24e+06   1.4 1.62e+00   4.7 7.31e-02 2.40e-02h  1
  14  5.9186785e+00 1.52e+00 2.32e+06   1.4 5.37e+00   4.3 3.39e-02 1.18e-02h  1
  15  5.9181566e+00 1.45e+00 2.37e+06   1.4 1.88e+00   4.7 7.45e-02 4.57e-02h  1
  16  5.9182031e+00 1.45e+00 9.98e+06   1.4 1.00e+00   8.7 1.24e-03 4.35e-04h  1
  17  5.9182449e+00 1.45e+00 7.54e+06   1.4 9.69e-01   8.3 2.68e-04 3.94e-04h  1
  18  5.9183228e+00 1.45e+00 8.11e+06   1.4 8.33e-01   7.8 8.45e-04 7.65e-04h  1
  19  5.9187258e+00 1.44e+00 7.93e+06   1.4 8.01e-01   7.3 4.27e-03 4.33e-03h  1
iter    objective    inf_pr   inf_du lg(mu)  ||d||  lg(rg) alpha_du alpha_pr  ls
  20  5.9193497e+00 1.43e+00 6.45e+06   1.4 7.84e-01   6.8 6.89e-03 8.73e-03h  1
  21  5.9197749e+00 1.41e+00 1.18e+07   1.4 8.88e-01   6.4 3.94e-02 8.62e-03h  1
  22  5.9201786e+00 1.40e+00 1.20e+07   1.4 1.77e+00   5.9 3.06e-02 9.02e-03h  1
  23  5.9212000e+00 1.37e+00 2.59e+07   1.4 1.23e+00   6.3 6.90e-02 2.08e-02h  1
  24  5.9241980e+00 1.33e+00 5.20e+07   3.5 1.76e+00   5.8 2.49e-01 2.81e-02f  1
  25  5.9248468e+00 1.29e+00 4.93e+07  -3.1 4.47e+00   5.3 1.14e-03 3.01e-02h  1
  26  5.9286017e+00 1.25e+00 5.01e+07   3.5 1.67e+00   5.8 1.08e-01 2.89e-02f  1
  27  5.9347375e+00 1.19e+00 3.98e+07   3.5 1.32e+00   5.3 1.63e-01 4.45e-02f  1
  28  5.9408586e+00 1.15e+00 3.28e+07   3.5 1.15e+00   5.7 1.14e-01 3.57e-02f  1
  29  5.9372955e+00 1.15e+00 3.28e+07   3.5 1.50e+02   5.2 6.71e-04 1.15e-03h  1
iter    objective    inf_pr   inf_du lg(mu)  ||d||  lg(rg) alpha_du alpha_pr  ls
  30  5.9480750e+00 1.08e+00 3.54e+07   3.1 1.39e+00   5.7 1.22e-01 5.88e-02h  1
  31  5.9655269e+00 9.74e-01 3.53e+07   3.5 1.59e+00   5.2 2.31e-01 9.41e-02f  1
  32  5.9666025e+00 9.69e-01 5.08e+07  -2.7 8.84e-01   5.6 1.01e-01 5.77e-03h  1
  33  5.9955518e+00 8.26e-01 4.36e+07   3.2 1.80e+00   5.1 1.36e-01 1.41e-01f  1
  34  6.0007124e+00 8.09e-01 4.92e+07   1.4 1.42e+00   5.6 6.80e-02 2.02e-02h  1
  35  6.0209300e+00 7.18e-01 4.31e+07   3.5 1.45e+00   5.1 1.75e-01 1.02e-01f  1
  36  6.0215170e+00 7.16e-01 4.60e+07  -2.7 1.31e+00   5.5 3.43e-02 3.20e-03h  1
  37  6.0362115e+00 6.11e-01 4.18e+07   3.5 2.21e+00   5.0 5.24e-02 1.30e-01f  1
  38  6.0366297e+00 6.07e-01 6.66e+07  -2.7 3.45e-01   8.2 7.61e-03 5.97e-03h  1
  39  6.0380659e+00 5.99e-01 2.25e+07   3.5 6.16e-01   7.7 9.54e-03 1.35e-02h  1
iter    objective    inf_pr   inf_du lg(mu)  ||d||  lg(rg) alpha_du alpha_pr  ls
  40  6.0397723e+00 5.92e-01 3.26e+07  -2.7 7.03e-01   7.2 2.03e-03 1.08e-02h  1
  41  6.0460874e+00 5.69e-01 2.49e+07   3.1 7.96e-01   6.7 4.54e-02 3.59e-02h  1
  42  6.0461730e+00 5.69e-01 2.42e+08   3.5 4.10e-01   9.0 2.03e-03 1.00e-03h  1
  43  6.0467552e+00 5.66e-01 2.14e+08   3.5 6.17e-01   8.5 7.13e-04 4.92e-03h  1
  44  6.0468629e+00 5.65e-01 2.79e+10   3.5 5.77e-01   8.9 9.55e-02 9.52e-04h  1
  45  6.0489884e+00 5.57e-01 2.69e+10   3.5 7.34e-01   8.4 5.91e-03 1.39e-02h  1
  46  6.0490947e+00 5.56e-01 3.26e+10  -2.7 6.39e-01   9.8 3.31e-03 7.50e-04h  1
  47  6.0497706e+00 5.54e-01 2.98e+10   3.5 6.81e-01   9.3 9.27e-04 4.44e-03h  1
  48  6.0511325e+00 5.49e-01 2.81e+10   3.5 7.21e-01   8.8 2.33e-03 8.54e-03h  1
  49  6.0523096e+00 5.44e-01 2.84e+10   3.5 7.67e-01   8.3 1.65e-02 7.48e-03h  1
iter    objective    inf_pr   inf_du lg(mu)  ||d||  lg(rg) alpha_du alpha_pr  ls
  50  6.0531992e+00 5.41e-01 2.72e+10   3.5 7.65e-01   8.8 5.41e-04 5.87e-03h  1
  51  6.0542067e+00 5.36e-01 2.90e+10   3.5 7.63e-01   8.3 5.19e-02 8.60e-03h  1
  52  6.0559536e+00 5.28e-01 2.69e+10   3.5 7.71e-01   8.7 3.57e-03 1.30e-02h  1
  53  6.0571227e+00 5.23e-01 3.03e+10   3.5 8.82e-01   8.2 1.01e-01 8.84e-03h  1
  54  6.0585437e+00 5.16e-01 3.23e+10   3.5 9.01e-01   8.7 2.74e-02 1.20e-02h  1
  55  6.0592190e+00 5.13e-01 3.40e+10   3.5 7.47e-01   8.2 4.40e-02 6.23e-03h  1
  56  6.0594691e+00 5.06e-01 5.09e+10  -2.6 1.76e+01   8.6 4.11e-05 1.09e-02h  1
  57  6.0602699e+00 5.02e-01 5.05e+10   3.5 8.85e-01   9.0 1.24e-02 7.26e-03h  1
  58  6.0609169e+00 4.99e-01 1.90e+11   3.5 8.65e-01   9.5 1.43e-01 5.96e-03h  1
  59  6.0635128e+00 4.88e-01 1.88e+11   3.5 9.07e-01   9.0 3.22e-02 2.17e-02h  1
iter    objective    inf_pr   inf_du lg(mu)  ||d||  lg(rg) alpha_du alpha_pr  ls
  60  6.0635705e+00 4.86e-01 1.87e+11   3.5 6.42e+00   8.5 3.66e-03 3.64e-03h  1
  61  6.0646742e+00 4.81e-01 2.08e+11   2.9 8.69e-01   8.9 1.25e-01 9.22e-03h  1
  62  6.0670935e+00 4.70e-01 1.96e+11   3.5 8.57e-01   9.4 1.01e-02 2.03e-02h  1
  63  6.0671024e+00 4.70e-01 1.45e+12   3.5 9.10e-01  11.6 7.78e-03 8.02e-05h  1
  64  6.0671835e+00 4.70e-01 2.71e+12   3.5 8.03e-01  11.1 2.38e-02 6.99e-04h  1
  65  6.0673145e+00 4.69e-01 3.14e+12   3.5 8.28e-01  10.6 2.76e-02 1.17e-03h  1
  66  6.0684518e+00 4.64e-01 3.25e+12   3.5 8.47e-01  10.2 5.68e-02 1.14e-02h  1
  67  6.0690300e+00 4.61e-01 3.20e+12   3.5 8.40e-01   9.7 4.23e-02 5.97e-03h  1
  68  6.0692248e+00 4.60e-01 6.15e+12   3.5 8.36e-01  10.1 3.89e-01 1.92e-03h  1
  69  6.0722062e+00 4.44e-01 6.90e+12   3.5 8.30e-01   9.6 5.58e-02 3.16e-02h  1
iter    objective    inf_pr   inf_du lg(mu)  ||d||  lg(rg) alpha_du alpha_pr  ls
  70  6.0725953e+00 4.42e-01 4.64e+12   3.5 8.10e-01  10.1 5.53e-01 4.16e-03h  1
  71  6.0728062e+00 4.41e-01 4.45e+12   3.5 1.46e+00   9.6 1.06e-01 3.35e-03h  1
  72  6.0753508e+00 4.27e-01 4.43e+12   3.5 6.85e-01  10.0 4.92e-01 2.97e-02h  1
  73  6.0795775e+00 4.06e-01 5.48e+12   3.5 6.75e-01  10.4 1.89e-01 4.51e-02h  1
  74  6.0794028e+00 4.04e-01 5.44e+12   3.5 2.47e+00  10.0 4.48e-02 3.31e-03h  1
  75  6.0807072e+00 3.97e-01 8.44e+12   3.5 6.59e-01  10.4 6.45e-01 1.66e-02h  1
  76  6.0806234e+00 3.94e-01 8.52e+12   3.5 1.09e+00   9.9 5.26e-02 7.06e-03h  1
  77  6.0839444e+00 3.74e-01 7.92e+12   3.5 6.58e-01  10.3 2.97e-02 4.71e-02h  1
  78  6.0818233e+00 3.73e-01 8.24e+12   3.5 1.80e+01   9.9 3.96e-03 1.36e-03h  1
  79  6.0822890e+00 3.71e-01 7.44e+12   3.5 6.25e-01  10.3 7.03e-04 6.52e-03h  1
iter    objective    inf_pr   inf_du lg(mu)  ||d||  lg(rg) alpha_du alpha_pr  ls
  80  6.0821585e+00 3.70e-01 9.79e+12  -0.9 3.29e+00   9.8 6.13e-03 9.23e-04h  1
  81  6.0821681e+00 3.70e-01 9.77e+12   3.5 6.52e-01  10.2 1.06e-04 1.35e-04h  1
  82r 6.0821681e+00 3.70e-01 1.00e+03  -0.4 0.00e+00   9.8 0.00e+00 2.83e-07R  6
  83r 6.0806102e+00 3.22e-01 1.78e+03   0.8 5.93e+00    -  9.96e-02 1.15e-02f  1
  84  6.0815356e+00 3.18e-01 1.08e+00  -5.4 4.87e-01    -  6.58e-03 1.08e-02h  1
  85  6.0785333e+00 3.11e-01 8.45e+00  -1.5 2.73e+00    -  2.56e-02 1.87e-02f  1
  86  6.0819762e+00 2.97e-01 5.59e+00  -5.4 4.97e-01    -  3.07e-02 3.97e-02h  1
  87  6.0782116e+00 2.80e-01 9.21e+00  -1.5 7.21e+00    -  2.95e-02 4.67e-02f  1
  88  6.0752021e+00 2.48e-01 1.18e+01  -1.4 1.23e+00    -  7.36e-02 8.39e-02f  1
  89  6.0753400e+00 2.48e-01 1.21e+06  -0.7 2.12e-01   9.3 9.93e-01 3.01e-03h  1
iter    objective    inf_pr   inf_du lg(mu)  ||d||  lg(rg) alpha_du alpha_pr  ls
  90  6.0753424e+00 2.48e-01 1.39e+08   0.2 2.11e-01   8.8 1.00e+00 5.31e-05h  1
  91  6.0762018e+00 2.42e-01 1.05e+08   0.7 2.10e-01   8.3 1.00e+00 1.90e-02h  1
  92  6.0766839e+00 2.39e-01 3.96e+08   1.6 1.70e-01   7.8 1.00e+00 1.04e-02h  1
  93  6.0774780e+00 2.34e-01 1.35e+09   2.6 3.60e-01   7.4 1.00e+00 1.63e-02h  1
  94  6.0806637e+00 2.26e-01 1.42e+09   3.5 4.45e-01   6.9 2.37e-01 3.12e-02h  1
  95  6.0920793e+00 1.98e-01 1.23e+09   3.5 4.67e-01   6.4 1.67e-01 1.07e-01h  1
  96  6.0981027e+00 1.81e-01 1.22e+09   3.5 4.03e-01   6.8 1.61e-01 7.54e-02h  1
  97  6.1003151e+00 1.73e-01 1.52e+09   3.5 3.61e-01   7.3 1.08e-01 3.32e-02h  1
  98  6.1030005e+00 1.57e-01 1.40e+09   3.5 8.16e-01   6.8 9.23e-02 7.83e-02h  1
  99  6.1058410e+00 1.45e-01 9.07e+08   3.5 3.32e-01   7.2 3.25e-01 6.18e-02h  1
iter    objective    inf_pr   inf_du lg(mu)  ||d||  lg(rg) alpha_du alpha_pr  ls
 100  6.1113576e+00 1.19e-01 6.81e+08   3.5 3.81e-01   6.7 4.00e-01 1.44e-01h  1
 101  6.1115180e+00 1.18e-01 1.59e+10   3.5 2.78e-01   8.1 9.05e-01 4.49e-03h  1
 102  6.1200368e+00 8.58e-02 1.26e+10   3.5 3.37e-01   7.6 2.06e-01 2.11e-01h  1
 103  6.1258865e+00 7.11e-02 1.09e+10   3.5 1.04e+00   7.1 1.38e-01 1.35e-01h  1
 104  6.1262659e+00 7.03e-02 1.03e+10   3.5 4.10e-01   7.5 8.61e-02 8.84e-03h  1
 105  6.1373585e+00 5.70e-02 8.18e+09   3.5 1.61e+00   7.1 2.06e-01 1.41e-01h  1
 106  6.1435046e+00 5.16e-02 7.28e+09   3.5 4.60e-01   6.6 8.80e-02 6.15e-02h  1
 107  6.1435519e+00 5.15e-02 3.98e+09   3.5 5.84e-01   6.1 3.85e-01 9.62e-04h  1
 108  6.1449807e+00 4.55e-02 6.46e+09   3.5 2.75e-01   6.5 1.24e-01 7.07e-02h  1
 109  6.1219246e+00 4.31e-02 3.14e+09   3.5 4.20e+00   6.1 5.48e-03 2.62e-02h  1
iter    objective    inf_pr   inf_du lg(mu)  ||d||  lg(rg) alpha_du alpha_pr  ls
 110  6.1152034e+00 4.22e-02 3.44e+09   3.5 5.33e+00   6.5 1.64e-02 1.19e-02h  1
 111  6.1109717e+00 4.16e-02 3.05e+09   3.5 5.74e+00   6.9 9.42e-03 9.61e-03h  1
 112  6.1109067e+00 4.15e-02 1.91e+10  -2.4 5.85e+00   6.4 1.12e-02 3.71e-04h  1
 113  6.1112543e+00 4.00e-02 1.02e+10   3.3 5.73e+00   6.9 1.45e-02 2.19e-02h  1
 114  6.1172199e+00 3.87e-02 3.24e+10   3.5 5.29e+00   6.4 1.24e-03 1.67e-02h  1
 115  6.1173286e+00 3.87e-02 1.42e+11  -2.4 6.77e+00   8.6 1.58e-03 5.74e-04h  1
 116  6.1180783e+00 3.85e-02 1.63e+10   3.5 6.88e+00   8.1 3.25e-05 2.57e-03h  1
 117  6.1191367e+00 3.84e-02 2.18e+10   3.5 8.59e+00   7.7 1.19e-04 1.35e-03h  1
 118  6.1191913e+00 3.84e-02 2.32e+11   3.5 1.15e+02   7.2 2.19e-03 1.33e-05h  1
 119  6.1208872e+00 3.81e-02 2.74e+11   3.4 4.39e+00   7.6 7.32e-03 4.78e-03f  1
iter    objective    inf_pr   inf_du lg(mu)  ||d||  lg(rg) alpha_du alpha_pr  ls
 120  6.1257679e+00 3.74e-02 1.28e+11  -2.4 1.20e+01   7.1 1.01e-04 1.18e-02h  1
 121  6.1262979e+00 3.67e-02 1.21e+11  -2.4 4.22e-01   8.5 2.75e-05 1.10e-02h  1
 122  6.1264138e+00 3.62e-02 1.20e+11   3.5 5.96e-02   9.8 7.97e-03 7.39e-03h  1
 123  6.1264164e+00 3.62e-02 1.20e+11   3.5 6.46e-02   9.3 2.09e-04 1.40e-04h  1
 124  6.1270486e+00 3.52e-02 1.15e+11  -2.4 9.73e-02   8.8 1.61e-04 2.42e-02h  1
 125  6.1270504e+00 3.52e-02 1.15e+11   3.5 5.80e-02  10.2 2.59e-02 1.42e-04h  1
 126  6.1275053e+00 3.43e-02 1.13e+11   3.5 7.81e-02   9.7 7.86e-03 2.73e-02h  1
 127  6.1275777e+00 3.41e-02 1.10e+11  -2.5 7.49e-02  10.1 2.46e-02 5.30e-03h  1
 128  6.1278055e+00 3.36e-02 1.15e+11   3.5 7.72e-02  10.5 3.70e-04 1.54e-02h  1
 129  6.1279619e+00 3.32e-02 1.05e+11   3.5 1.11e-01  10.1 5.69e-02 1.06e-02h  1
iter    objective    inf_pr   inf_du lg(mu)  ||d||  lg(rg) alpha_du alpha_pr  ls
 130  6.1280744e+00 3.29e-02 9.95e+10   3.5 1.13e-01  10.5 1.98e-02 7.77e-03h  1
 131  6.1282281e+00 3.26e-02 9.57e+10   3.5 1.19e-01  10.0 2.98e-02 1.15e-02h  1
 132  6.1285703e+00 3.17e-02 9.21e+10   3.5 1.16e-01   9.5 6.42e-02 2.56e-02h  1
 133  6.1296454e+00 2.96e-02 8.83e+10   3.5 1.08e-01   9.1 1.15e-01 6.79e-02h  1
 134  6.1308418e+00 2.78e-02 8.17e+10   3.5 1.14e-01   8.6 4.93e-02 6.02e-02h  1
 135  6.1312758e+00 2.72e-02 9.77e+10   3.5 1.35e-01   8.1 1.40e-01 2.02e-02h  1
 136  6.1319360e+00 2.60e-02 1.00e+11   3.5 1.36e-01   8.5 1.59e-01 4.68e-02h  1
 137  6.1327229e+00 2.43e-02 8.88e+10  -2.4 1.38e-01   8.1 1.02e-03 6.18e-02h  1
 138  6.1327350e+00 2.43e-02 8.87e+10   3.5 1.25e-01   9.4 2.55e-03 1.14e-03h  1
 139  6.1332692e+00 2.33e-02 9.18e+10   3.5 1.24e-01   8.9 6.04e-01 4.34e-02h  1
iter    objective    inf_pr   inf_du lg(mu)  ||d||  lg(rg) alpha_du alpha_pr  ls
 140  6.1333344e+00 2.31e-02 9.15e+10   3.5 1.33e-01   9.3 6.91e-02 6.95e-03h  1
 141  6.1345277e+00 2.03e-02 8.07e+10   3.5 1.17e-01   8.9 3.59e-01 1.20e-01h  1
 142  6.1358094e+00 1.76e-02 6.90e+10  -2.5 1.01e-01   8.4 8.72e-02 1.33e-01h  1
 143  6.1358752e+00 1.75e-02 6.85e+10   3.5 8.97e-02   9.7 9.64e-04 8.11e-03h  1
 144  6.1369377e+00 1.52e-02 6.09e+10   3.5 8.88e-02   9.2 4.99e-02 1.30e-01h  1
 145  6.1382510e+00 1.21e-02 4.86e+10   3.5 7.65e-02   8.8 2.68e-01 2.00e-01h  1
 146  6.1383802e+00 1.19e-02 5.00e+10   3.1 5.90e-02   8.3 4.46e-01 2.24e-02h  1
 147  6.1383890e+00 1.19e-02 3.84e+11   3.5 5.92e-02   8.7 8.65e-01 1.57e-03h  1
 148  6.1387119e+00 1.18e-02 3.95e+11   3.5 1.53e+00   8.2 6.58e-03 6.34e-03h  1
 149  6.1388078e+00 1.18e-02 1.56e+12  -2.5 2.63e+01   8.6 7.30e-04 2.62e-04h  1
iter    objective    inf_pr   inf_du lg(mu)  ||d||  lg(rg) alpha_du alpha_pr  ls
 150  6.1399008e+00 1.18e-02 9.88e+11   3.5 1.23e+02   8.2 4.69e-06 6.55e-04h  1
 151  6.1385463e+00 1.17e-02 2.25e+12   3.5 1.59e+01   8.6 3.57e-05 2.07e-03h  1
 152  6.1367505e+00 1.17e-02 2.05e+12   3.5 1.57e+01   8.1 3.82e-03 2.75e-03h  2
 153  6.1351418e+00 1.17e-02 9.29e+11   3.5 1.54e+01   8.5 8.59e-03 2.81e-03h  2
 154  6.1351074e+00 1.17e-02 2.60e+13   3.5 1.52e+01  10.8 3.75e-04 6.73e-05h  1
 155  6.1350488e+00 1.17e-02 1.74e+13   3.5 1.53e+01  11.2 8.59e-05 1.26e-04h  1
 156  6.1349887e+00 1.17e-02 7.77e+13   3.5 1.54e+01  10.7 9.53e-04 1.28e-04h  1
 157  6.1346830e+00 1.17e-02 7.23e+13   3.5 1.54e+01  10.3 3.91e-04 6.12e-04h  1
 158  6.1346191e+00 1.17e-02 8.43e+13   3.0 1.53e+01   9.8 1.65e-03 1.26e-04h  1
 159  6.1325621e+00 1.16e-02 7.73e+13   3.5 1.53e+01   9.3 1.67e-03 4.45e-03h  1
iter    objective    inf_pr   inf_du lg(mu)  ||d||  lg(rg) alpha_du alpha_pr  ls
 160  6.1314911e+00 1.16e-02 7.91e+13   3.5 1.49e+01   8.8 6.50e-03 2.07e-03h  1
 161  6.1263428e+00 1.08e-02 8.19e+13   3.5 1.53e+01   8.3 5.62e-05 1.06e-02f  1
 162  6.1262937e+00 1.08e-02 8.19e+13   3.5 1.33e+01   9.7 2.15e-04 2.24e-04h  1
 163  6.1262661e+00 1.08e-02 8.41e+13   3.4 1.33e+01   9.2 1.44e-03 7.60e-05h  1
 164  6.1244222e+00 1.08e-02 8.22e+13   3.5 1.34e+01   8.7 2.18e-05 6.44e-03f  1
 165  6.1244439e+00 1.08e-02 8.22e+13   3.5 1.99e+01   8.2 1.02e-04 5.68e-05h  1
 166  6.1244465e+00 1.08e-02 8.31e+13   3.5 1.27e+01   8.7 7.37e-03 1.08e-05h  1
 167  6.1257890e+00 1.07e-02 8.38e+13   3.5 2.36e+01   8.2 8.29e-05 1.47e-03f  1
 168  6.1258051e+00 1.07e-02 8.38e+13   3.5 1.35e+01   8.6 5.44e-06 2.92e-05h  1
 169r 6.1258051e+00 1.07e-02 1.00e+03   3.5 0.00e+00   8.1 0.00e+00 3.82e-07R  5
iter    objective    inf_pr   inf_du lg(mu)  ||d||  lg(rg) alpha_du alpha_pr  ls
 170r 6.1260308e+00 1.02e-02 1.35e+01  -2.6 3.53e+00    -  9.87e-01 9.88e-01f  1
 171  6.1259896e+00 1.02e-02 2.16e+01   0.5 6.77e+02    -  1.26e-05 1.51e-06f  1
 172  6.1205810e+00 1.04e-02 4.76e+02  -0.2 7.75e+01    -  4.33e-05 1.05e-03f  1
 173  6.1207022e+00 1.00e-02 2.47e+04  -1.5 1.72e-02   7.7 9.91e-01 3.15e-02h  1
 174  6.1207316e+00 9.97e-03 8.14e+04  -0.4 1.62e-02   7.2 1.00e+00 7.78e-03h  1
 175  6.1208848e+00 9.67e-03 1.54e+05   0.2 1.51e-02   6.7 1.00e+00 3.34e-02h  1
 176  6.1219610e+00 8.84e-03 1.11e+06   0.9 3.32e-02   6.2 1.00e+00 1.04e-01h  1
 177  6.1247096e+00 6.75e-03 2.14e+06   1.5 6.85e-02   5.8 4.22e-01 2.33e-01f  1
 178  6.1283916e+00 3.62e-03 2.37e+06   1.9 6.94e-02   5.3 1.00e+00 4.69e-01f  1
 179  6.1319141e+00 2.32e-03 7.51e+06   2.2 1.05e-01   4.8 8.88e-01 3.14e-01f  1
iter    objective    inf_pr   inf_du lg(mu)  ||d||  lg(rg) alpha_du alpha_pr  ls
 180  6.1377535e+00 1.82e-03 2.82e+07   2.7 6.76e-01   4.3 4.39e-01 1.33e-01f  1
 181  6.1488778e+00 1.22e-03 7.31e+07   2.4 1.71e-01   3.8 7.48e-01 3.30e-01f  1
 182  6.1656699e+00 2.85e-03 8.43e+07   2.4 3.52e-01   4.3 8.34e-01 6.51e-01f  1
 183  6.1671612e+00 2.82e-03 1.25e+08   2.4 3.44e+00   4.7 2.46e-03 1.08e-02h  1
 184  6.1682200e+00 1.57e-03 7.16e+07   2.4 8.50e-02   5.1 4.50e-01 4.44e-01f  1
 185  6.1745918e+00 4.27e-04 2.29e+08   2.4 5.86e-02   4.6 5.31e-02 7.52e-01f  1
 186  6.1751682e+00 1.93e-04 5.54e+07   1.7 9.30e-03   5.1 1.00e+00 5.49e-01f  1
 187  6.1793161e+00 2.45e-04 4.81e+08   2.8 1.86e-01   4.6 1.00e+00 1.82e-01f  1
 188  6.1793167e+00 2.33e-04 7.08e+08   2.7 2.42e-03  10.4 9.01e-03 4.95e-02h  1
 189  6.1793171e+00 2.26e-04 6.57e+09   2.7 2.59e-03  10.0 2.37e-01 2.95e-02h  1
iter    objective    inf_pr   inf_du lg(mu)  ||d||  lg(rg) alpha_du alpha_pr  ls
 190  6.1793168e+00 2.22e-04 5.65e+10   2.7 5.21e-03   9.5 3.79e-01 1.60e-02h  1
 191  6.1792928e+00 2.19e-04 3.82e+12   2.7 5.66e-02   9.0 1.00e+00 1.60e-02h  1
 192  6.1783115e+00 4.40e-04 2.65e+12   2.7 7.31e-02   8.5 2.68e-01 3.46e-01h  1
 193  6.1783808e+00 3.84e-04 7.85e+11   3.5 1.90e-02   9.0 6.76e-01 1.28e-01f  1
 194  6.1782186e+00 2.25e-04 1.52e+11   3.5 1.65e-02   8.5 9.31e-01 4.28e-01f  1
 195  6.1773384e+00 1.75e-04 1.17e+11   3.5 1.22e-01   8.0 2.35e-01 2.29e-01h  1
 196  6.1762726e+00 1.31e-04 2.61e+11   3.5 9.54e-02   7.5 2.29e-02 2.84e-01h  1
 197  6.1752653e+00 1.08e-04 9.60e+10   3.5 9.86e-02   7.0 5.94e-01 2.59e-01h  1
 198  6.1733141e+00 6.15e-04 8.59e+11   3.5 7.75e-02   6.6 3.97e-02 9.82e-01f  1
 199  6.1733443e+00 3.72e-04 5.12e+11   3.5 4.68e-03   9.7 5.03e-01 3.99e-01h  1
iter    objective    inf_pr   inf_du lg(mu)  ||d||  lg(rg) alpha_du alpha_pr  ls
 200  6.1733343e+00 1.10e-04 1.35e+10   3.0 3.33e-03   9.2 1.00e+00 1.00e+00f  1
 201  6.1733119e+00 1.05e-04 2.46e+12   3.0 9.44e-03   9.7 1.00e+00 1.01e-01h  1
 202  6.1732409e+00 1.04e-04 7.46e+12   3.5 1.54e-01   9.2 3.70e-01 1.67e-02f  2
 203  6.1731821e+00 1.03e-04 7.36e+12   3.5 1.77e-01   8.7 2.98e-02 1.07e-02f  3
 204  6.1730223e+00 9.95e-05 1.80e+13   3.5 1.73e-01   9.1 1.00e+00 3.02e-02h  1
 205  6.1728674e+00 9.68e-05 1.70e+13   3.5 1.71e-01   8.6 7.03e-02 2.70e-02f  3
 206  6.1724747e+00 8.98e-05 1.63e+13   3.1 1.66e-01   9.1 1.00e+00 7.28e-02h  1
 207  6.1720210e+00 8.18e-05 1.12e+13   3.5 1.54e-01   8.6 3.73e-01 8.85e-02f  2
 208  6.1715749e+00 7.38e-05 1.08e+12   3.4 1.41e-01   8.1 1.00e+00 9.78e-02f  2
 209  6.1699448e+00 5.01e-05 5.99e+11   3.5 1.27e-01   7.6 4.41e-01 4.42e-01f  1
iter    objective    inf_pr   inf_du lg(mu)  ||d||  lg(rg) alpha_du alpha_pr  ls
 210  6.1699223e+00 4.94e-05 1.10e+12   3.0 7.09e-02   8.1 1.00e+00 1.34e-02h  1
 211  6.1683208e+00 7.21e-05 2.73e+06   2.8 6.99e-02   7.6 1.00e+00 1.00e+00f  1
 212  6.1683253e+00 8.31e-08 3.10e+09   1.9 3.25e-04   7.1 9.90e-01 1.00e+00f  1
 213  6.1683250e+00 9.31e-09 1.12e+04   0.0 1.44e-05   7.5 1.00e+00 1.00e+00f  1
 214  6.1683204e+00 1.97e-08 9.08e+03  -0.1 1.62e-04   7.1 1.00e+00 1.00e+00f  1
 215  6.1683184e+00 4.15e-08 2.32e+03  -0.1 6.68e-05   6.6 1.00e+00 1.00e+00f  1
 216  6.1683108e+00 2.26e-07 9.11e+02  -0.1 2.39e-04   6.1 1.00e+00 1.00e+00f  1
 217  6.1683095e+00 6.90e-06 8.62e+03  -1.2 3.98e-04   5.6 1.00e+00 1.00e+00f  1
 218  6.1683050e+00 2.37e-07 6.02e+01  -1.3 1.62e-04   5.2 1.00e+00 1.00e+00f  1
 219  6.1682951e+00 3.79e-06 1.07e+02  -1.3 6.32e-04   4.7 1.00e+00 1.00e+00f  1
iter    objective    inf_pr   inf_du lg(mu)  ||d||  lg(rg) alpha_du alpha_pr  ls
 220  6.1682856e+00 4.37e-09 8.82e+02  -2.6 3.95e-05   4.2 9.99e-01 1.00e+00h  1
 221  6.1682566e+00 1.50e-10 2.40e-01  -4.3 4.53e-05   3.7 1.00e+00 1.00e+00h  1
 222  6.1681681e+00 3.73e-10 2.44e-01  -5.8 1.38e-04   3.2 1.00e+00 1.00e+00f  1
 223  6.1679025e+00 3.35e-09 2.44e-01  -7.3 4.15e-04   2.8 1.00e+00 1.00e+00f  1
 224  6.1671067e+00 2.99e-08 2.44e-01  -8.6 1.25e-03   2.3 1.00e+00 1.00e+00f  1
 225  6.1647316e+00 2.65e-07 2.45e-01  -9.5 3.75e-03   1.8 1.00e+00 1.00e+00f  1
 226  6.1641952e+00 2.57e-07 2.45e-01  -9.9 1.13e-02   1.3 1.00e+00 7.61e-02h  1
 227  6.1640880e+00 2.57e-07 2.45e-01  -9.9 3.36e-02   0.9 1.00e+00 5.31e-03h  1
 228  6.1622109e+00 4.03e-07 2.45e-01  -9.5 1.01e-01   0.4 1.00e+00 3.27e-02f  1
 229  6.1597500e+00 6.19e-07 2.45e-01  -8.9 2.96e-01  -0.1 1.00e+00 1.58e-02f  1
iter    objective    inf_pr   inf_du lg(mu)  ||d||  lg(rg) alpha_du alpha_pr  ls
 230  6.1557679e+00 1.01e-06 2.45e-01  -8.3 8.11e-01  -0.6 1.00e+00 9.83e-03f  1
 231  6.1486179e+00 1.75e-06 9.29e-01  -7.2 1.95e+00  -1.0 1.00e+00 7.60e-03f  1
 232  6.1326513e+00 4.26e-06 1.09e+01  -5.6 3.75e+00  -1.5 1.00e+00 9.11e-03f  1
 233  6.0954987e+00 1.83e-05 1.26e+01  -4.7 5.26e+00  -2.0 9.56e-02 1.60e-02f  1
 234  6.0678070e+00 3.80e-05 4.97e+00  -4.3 2.11e+00  -1.6 2.38e-01 3.05e-02f  1
 235  6.0156652e+00 1.44e-04 1.33e+01  -4.5 3.29e+00  -2.1 1.82e-01 3.95e-02f  1
 236  5.9357636e+00 3.86e-04 7.42e+00  -4.1 4.87e+00  -2.5 1.55e-01 4.26e-02f  1
 237  5.8851372e+00 4.92e-04 3.58e+00  -4.6 2.53e+00  -2.1 2.61e-01 5.35e-02h  1
 238  5.7716443e+00 1.03e-03 2.99e+00  -6.1 4.04e+00  -2.6 1.45e-01 7.68e-02f  1
 239  5.7010987e+00 7.03e-03 2.73e+00  -4.9 4.92e+00  -3.1 4.15e-03 3.82e-02h  1
iter    objective    inf_pr   inf_du lg(mu)  ||d||  lg(rg) alpha_du alpha_pr  ls
 240  5.6620260e+00 6.91e-03 3.65e+00  -4.7 3.02e+00  -2.6 2.92e-01 3.58e-02h  1
 241  5.6129094e+00 6.72e-03 3.59e+00 -10.6 3.22e+00  -3.1 5.08e-02 3.93e-02h  1
 242  5.5825319e+00 6.44e-03 7.34e+00  -4.3 1.53e+00  -2.7 3.84e-01 5.17e-02h  1
 243  5.5332263e+00 5.04e-03 4.59e+00  -4.5 5.83e-01  -2.3 5.04e-01 2.18e-01h  1
 244  5.4820171e+00 4.18e-03 3.44e+00  -4.3 1.16e+00  -2.7 2.61e-01 1.75e-01h  1
 245  5.4232676e+00 4.02e-03 1.74e+00  -3.8 2.81e+00  -3.2 2.28e-01 1.26e-01h  1
 246  5.3753534e+00 6.54e-03 1.13e+00  -3.4 2.89e+01    -  1.53e-01 6.06e-02f  1
 247  5.3242797e+00 8.74e-03 8.59e-01  -3.6 1.80e+01    -  1.57e-01 1.07e-01h  1
 248  5.3186370e+00 2.95e-02 1.06e+00  -3.2 4.20e+01    -  2.64e-01 1.73e-01f  1
 249  5.2474682e+00 2.23e-02 8.85e-01  -4.1 1.44e+00    -  2.52e-01 3.37e-01h  1
iter    objective    inf_pr   inf_du lg(mu)  ||d||  lg(rg) alpha_du alpha_pr  ls
 250  5.2530093e+00 6.46e-04 1.14e+00  -3.8 2.56e-02   0.8 7.45e-01 9.71e-01h  1
 251  5.2459793e+00 2.44e-06 1.61e-01  -4.5 1.41e-02   0.3 9.16e-01 1.00e+00h  1
 252  5.3113493e+00 2.36e-02 3.51e-01  -3.3 6.88e+00    -  1.35e-01 2.35e-01f  1
 253  5.2429055e+00 6.96e-03 3.08e-01  -4.1 3.18e+00    -  2.74e-01 1.79e-01h  1
 254  5.2159588e+00 8.19e-03 9.56e-01  -3.6 1.49e+00    -  1.00e+00 5.97e-01f  1
 255  5.1765354e+00 4.09e-03 2.07e-02  -3.9 2.75e-01    -  1.00e+00 9.97e-01h  1
 256  5.1605596e+00 1.17e-03 3.73e-02  -4.1 1.20e-01    -  9.65e-01 1.00e+00h  1
 257  5.1524652e+00 6.20e-04 9.34e-03  -4.1 1.43e-01    -  9.93e-01 1.00e+00h  1
 258  5.1521816e+00 1.00e-03 6.44e-02  -4.1 2.95e-01    -  1.00e+00 4.96e-01h  1
 259  5.1377895e+00 1.08e-03 2.69e-01  -4.4 1.29e-01    -  1.00e+00 1.00e+00h  1
iter    objective    inf_pr   inf_du lg(mu)  ||d||  lg(rg) alpha_du alpha_pr  ls
 260  5.1372251e+00 1.98e-05 8.36e-02  -4.8 1.50e-03   1.7 1.00e+00 1.00e+00h  1
 261  5.1353899e+00 2.75e-06 1.19e+00  -6.2 2.79e-03   1.2 7.35e-01 9.37e-01h  1
 262  5.1353477e+00 1.04e-05 3.51e+00  -4.8 5.89e-03   0.7 1.00e+00 7.83e-02h  1
 263  5.1343685e+00 8.24e-06 5.60e-01  -5.2 6.57e-03   0.2 9.45e-01 4.18e-01h  1
 264  5.1338899e+00 2.92e-05 6.38e-01  -5.6 1.67e-03   1.6 5.48e-01 1.00e+00h  1
 265  5.1338223e+00 2.69e-05 5.87e-01 -11.0 1.71e-03   1.1 3.72e-01 7.94e-02h  1
 266  5.1327967e+00 8.57e-06 1.81e-01  -5.6 3.56e-03   0.6 1.00e+00 6.87e-01h  1
 267  5.1325722e+00 6.78e-06 1.24e-02  -5.3 1.05e-03   1.0 1.00e+00 1.00e+00h  1
 268  5.1313925e+00 3.19e-06 2.26e-02  -6.2 3.44e-03   0.6 7.96e-01 8.44e-01h  1
 269  5.1308276e+00 1.34e-05 5.01e-02  -6.4 7.47e-03   0.1 1.00e+00 3.02e-01h  1
iter    objective    inf_pr   inf_du lg(mu)  ||d||  lg(rg) alpha_du alpha_pr  ls
 270  5.1305887e+00 1.69e-04 2.21e-01  -5.5 3.64e-03   0.5 9.47e-01 1.00e+00h  1
 271  5.1302409e+00 7.16e-05 9.31e-02  -5.1 4.79e-03   0.0 1.00e+00 5.84e-01h  1
 272  5.1293694e+00 9.31e-05 6.03e-02  -4.9 1.41e-02  -0.4 6.52e-01 9.78e-01h  1
 273  5.1343447e+00 1.65e-03 1.23e-01  -4.3 7.18e-02  -0.9 7.66e-01 1.00e+00h  1
 274  5.1231659e+00 1.67e-03 1.57e-01  -4.5 7.43e-02  -1.4 5.23e-01 1.00e+00h  1
 275  5.1277459e+00 4.82e-03 1.78e-01  -3.9 3.07e-01  -1.9 7.89e-01 6.39e-01h  1
 276  5.1128163e+00 5.04e-03 1.51e-01  -4.0 1.33e+00    -  1.47e-01 1.25e-01h  1
 277  5.1035095e+00 4.76e-03 1.51e-01  -6.0 5.78e+00    -  5.38e-02 6.17e-02h  1
 278  5.0921820e+00 3.62e-03 1.24e-01  -6.1 2.92e-01  -2.3 4.51e-01 2.47e-01h  1
 279  5.0922808e+00 3.52e-03 8.51e-02  -3.6 4.59e+00  -2.8 4.46e-02 2.59e-02h  1
iter    objective    inf_pr   inf_du lg(mu)  ||d||  lg(rg) alpha_du alpha_pr  ls
 280  5.0821745e+00 2.87e-03 1.55e-01  -4.3 2.36e-01  -2.4 8.05e-02 4.92e-01h  1
 281  5.0809835e+00 1.75e-03 1.65e+01  -4.7 2.45e-02   0.7 8.71e-01 4.18e-01h  1
 282  5.0800369e+00 6.57e-05 4.09e-01  -4.3 8.61e-03   0.3 9.72e-01 1.00e+00h  1
 283  5.0755388e+00 2.87e-06 1.99e-02  -4.7 1.21e-02  -0.2 1.00e+00 1.00e+00h  1
 284  5.0711960e+00 7.35e-06 4.21e-02  -6.2 2.16e-02  -0.7 7.44e-01 5.65e-01h  1
 285  5.0661686e+00 2.74e-05 1.67e-01  -5.9 3.43e-02  -1.2 9.57e-01 5.22e-01h  1
 286  5.0638454e+00 4.92e-05 2.68e-01  -6.1 7.72e-02  -1.6 1.00e+00 1.77e-01h  1
 287  5.0628366e+00 4.36e-04 4.95e-01  -5.6 8.20e-03  -0.3 4.44e-01 1.00e+00h  1
 288  5.0625156e+00 8.38e-05 5.26e-01  -7.9 3.61e-03   1.0 2.54e-01 8.10e-01h  1
 289  5.0622864e+00 2.24e-06 1.43e-02  -6.3 7.88e-04   0.5 1.00e+00 1.00e+00h  1
iter    objective    inf_pr   inf_du lg(mu)  ||d||  lg(rg) alpha_du alpha_pr  ls
 290  5.0619710e+00 7.55e-06 5.93e-02  -7.5 2.02e-03   0.1 1.00e+00 5.46e-01h  1
 291  5.0615919e+00 1.38e-05 4.65e-02  -8.0 6.23e-03  -0.4 4.55e-01 3.42e-01h  1
 292  5.0614532e+00 6.42e-05 1.53e-01  -6.4 1.07e-02   0.0 1.00e+00 4.25e-01h  1
 293  5.0612224e+00 4.02e-05 9.38e-02  -6.1 5.32e-03  -0.5 7.97e-01 3.74e-01h  1
 294  5.0603594e+00 1.89e-04 5.62e-02  -5.4 1.50e-02  -0.9 1.00e+00 7.56e-01h  1
 295  5.0623078e+00 3.00e-04 7.16e-01  -4.1 2.45e-01  -1.4 6.43e-01 1.09e-01f  1
 296  5.0612056e+00 9.72e-03 2.32e-01  -4.4 1.72e-01  -1.9 3.72e-01 1.00e+00h  1
 297  5.0574154e+00 8.45e-03 1.83e-01  -4.4 1.01e+00  -2.4 2.14e-01 1.47e-01h  1
 298  5.0566086e+00 8.08e-03 1.75e-01 -10.4 1.25e-01  -2.0 5.27e-01 4.38e-02h  1
 299  5.0553023e+00 7.51e-03 2.01e-01  -4.3 9.22e-01  -2.4 1.00e+00 7.60e-02f  1
iter    objective    inf_pr   inf_du lg(mu)  ||d||  lg(rg) alpha_du alpha_pr  ls
 300  5.0629842e+00 3.01e-03 1.54e-01  -4.1 2.61e-01  -2.0 1.00e+00 7.13e-01h  1
 301  5.0574005e+00 1.54e-03 1.16e-01  -4.2 2.97e-01  -2.5 1.00e+00 7.50e-01h  1
 302  5.0567372e+00 1.74e-02 1.22e+02  -4.2 1.56e-01   0.7 7.02e-02 1.00e+00h  1
 303  5.0568887e+00 7.55e-03 3.32e+00  -4.2 1.47e-01   0.2 3.66e-01 9.71e-01h  1
 304  5.0485193e+00 1.61e-05 6.67e-02  -5.2 2.13e-02  -0.3 9.51e-01 1.00e+00h  1
 305  5.0573717e+00 2.98e-04 1.99e-02  -4.2 2.17e-02  -0.8 9.76e-01 1.00e+00f  1
 306  5.0529439e+00 3.95e-04 1.84e-01  -4.3 2.70e-02  -1.3 7.10e-01 1.00e+00h  1
 307  5.0498321e+00 3.02e-03 3.11e-02  -4.3 8.78e-02  -1.7 6.23e-01 1.00e+00h  1
 308  5.0463989e+00 2.40e-03 2.32e-02  -4.3 1.83e-01  -2.2 8.53e-01 6.49e-01h  1
 309  5.0501202e+00 2.58e-03 1.76e-01  -4.0 5.26e-01  -2.7 7.80e-01 4.22e-01f  1
iter    objective    inf_pr   inf_du lg(mu)  ||d||  lg(rg) alpha_du alpha_pr  ls
 310  5.0481076e+00 8.49e-03 1.75e-01  -4.1 3.70e+01    -  8.50e-03 1.31e-02h  1
 311  5.0405418e+00 1.13e-01 1.48e-01  -4.1 1.04e+00    -  1.81e-01 3.60e-01h  1
 312  5.0670340e+00 1.02e-02 5.37e+00  -3.7 1.92e+00    -  1.73e-02 4.89e-01f  1
 313  5.0598957e+00 2.72e-05 9.25e-02  -4.1 2.62e-01  -0.5 1.00e+00 1.00e+00h  1
 314  5.0535481e+00 2.85e-04 3.61e-01  -4.1 5.60e-01    -  6.97e-01 1.33e-01h  1
 315  5.0357022e+00 4.21e-03 1.54e-01  -4.1 4.03e-01    -  1.00e+00 7.13e-01f  1
 316  5.0302082e+00 5.40e-03 1.21e-02  -4.1 2.59e-01    -  1.00e+00 9.81e-01h  1
 317  5.0238380e+00 1.58e-03 4.16e-03  -4.2 2.59e-01    -  1.00e+00 9.93e-01h  1
 318  5.0116324e+00 5.34e-02 3.43e-02  -4.5 4.68e-01    -  9.98e-01 1.00e+00h  1
 319  5.0074270e+00 5.89e-04 3.96e-01  -4.6 1.57e-01    -  1.00e+00 1.00e+00h  1
iter    objective    inf_pr   inf_du lg(mu)  ||d||  lg(rg) alpha_du alpha_pr  ls
 320  5.0071462e+00 1.81e-06 2.29e-01  -4.8 3.81e-03   1.8 1.00e+00 1.00e+00h  1
 321  5.0061970e+00 1.79e-05 2.15e-01  -5.2 1.41e-03   1.3 1.00e+00 1.00e+00h  1
 322  5.0050624e+00 1.09e-05 4.36e-02  -5.3 2.29e-03   0.8 1.00e+00 1.00e+00h  1
 323  5.0040351e+00 4.94e-06 6.93e-02  -5.9 4.57e-03   0.3 1.00e+00 5.96e-01h  1
 324  5.0032930e+00 8.20e-06 7.23e-02  -5.6 5.24e-03  -0.1 1.00e+00 4.79e-01h  1
 325  5.0070249e+00 4.10e-04 1.42e-01  -4.7 3.32e-02  -0.6 8.17e-01 9.73e-01f  1
 326  5.0035436e+00 3.31e-04 4.13e-02  -4.8 2.58e-02  -1.1 6.99e-01 1.00e+00h  1
 327  4.9943918e+00 6.08e-03 8.86e-02  -4.8 1.55e+00    -  8.28e-02 2.25e-01h  1
 328  4.9966241e+00 3.58e-04 9.30e-02  -4.5 8.04e-02  -1.6 1.00e+00 1.00e+00f  1
 329  4.9992870e+00 1.24e-03 2.74e-01  -3.7 2.83e+00    -  2.17e-01 7.67e-02f  1
iter    objective    inf_pr   inf_du lg(mu)  ||d||  lg(rg) alpha_du alpha_pr  ls
 330  4.9980262e+00 1.35e-03 2.11e-01  -4.3 6.03e-01    -  3.17e-01 1.15e-01h  1
 331  4.9972794e+00 1.92e-03 1.63e-01  -4.3 7.78e-01    -  2.26e-01 2.27e-01h  1
 332  4.9979796e+00 2.29e-03 1.94e+02  -4.3 2.68e-02   0.7 2.90e-01 1.00e+00h  1
 333  4.9983505e+00 7.40e-04 6.51e+00  -4.3 2.72e-02   0.2 6.73e-01 1.00e+00h  1
 334  4.9925568e+00 1.52e-06 1.07e-01  -5.0 1.45e-02  -0.3 9.82e-01 1.00e+00h  1
 335  4.9888714e+00 7.03e-06 5.70e-02  -5.7 1.60e-02  -0.8 9.71e-01 6.51e-01h  1
 336  4.9869659e+00 6.24e-05 2.23e-01  -5.9 2.65e-02  -1.2 1.00e+00 3.08e-01h  1
 337  4.9858045e+00 1.05e-04 2.82e+00  -5.6 7.99e-02  -1.7 1.00e+00 1.53e-01h  1
 338  4.9857687e+00 1.02e-04 2.04e+00  -6.5 4.35e-03  -0.4 7.61e-01 2.76e-02h  1
 339  4.9843962e+00 1.59e-04 2.05e+00  -6.9 1.25e-02  -0.9 8.96e-01 5.80e-01h  1
iter    objective    inf_pr   inf_du lg(mu)  ||d||  lg(rg) alpha_du alpha_pr  ls
 340  4.9840992e+00 1.37e-04 1.76e+00  -5.5 3.50e-02  -1.3 6.51e-01 1.37e-01h  1
 341  4.9846861e+00 1.78e-04 9.83e+00  -4.9 7.81e-03   0.9 1.17e-01 4.51e-01h  1
 342  4.9841745e+00 8.13e-05 3.79e+00 -11.0 2.07e-03   0.4 3.22e-01 5.53e-01h  1
 343  4.9839645e+00 6.11e-05 4.00e+01  -6.4 1.19e-03   1.7 5.53e-02 1.00e+00h  1
 344  4.9838975e+00 4.60e-08 3.92e-02  -6.0 3.43e-04   1.3 1.00e+00 1.00e+00h  1
 345  4.9837031e+00 9.57e-08 2.20e-02  -6.6 5.98e-04   0.8 1.00e+00 7.44e-01h  1
 346  4.9835009e+00 5.01e-07 9.15e-02  -7.4 1.14e-03   0.3 1.00e+00 5.45e-01h  1
 347  4.9833599e+00 8.29e-07 2.03e-01  -8.2 3.88e-03  -0.2 1.00e+00 2.53e-01h  1
 348  4.9832872e+00 1.57e-06 2.53e-01  -6.9 9.35e-03  -0.6 1.00e+00 7.06e-02h  1
 349  4.9830921e+00 1.16e-05 2.28e-01  -6.0 2.35e-02  -1.1 1.00e+00 9.63e-02h  1
iter    objective    inf_pr   inf_du lg(mu)  ||d||  lg(rg) alpha_du alpha_pr  ls
 350  4.9843493e+00 1.14e-03 2.10e-01  -4.5 2.79e-01  -1.6 5.21e-01 1.93e-01f  1
 351  4.9840111e+00 1.06e-03 1.91e-01  -4.9 1.17e-01  -2.1 2.62e-01 7.97e-02h  1
 352  4.9807061e+00 2.67e-03 1.56e-01  -4.9 1.74e-01  -2.5 2.25e-01 4.01e-01f  1
 353  4.9892754e+00 8.22e-03 1.91e-01  -3.8 1.01e+00  -3.0 2.85e-01 1.82e-01f  1
 354  4.9869451e+00 8.77e-03 1.79e-01  -4.4 3.02e+00    -  7.17e-02 4.96e-02h  1
 355  4.9852442e+00 8.16e-03 1.70e-01  -4.4 7.79e-01    -  3.24e-02 7.68e-02f  1
 356  4.9832533e+00 7.17e-03 1.34e-01  -4.4 7.34e-01    -  2.78e-01 1.21e-01f  1
 357  4.9789115e+00 1.04e-02 1.08e-01  -4.4 1.43e+00    -  1.03e-01 3.11e-01f  1
 358  4.9901377e+00 6.45e-03 1.26e-01  -4.0 6.19e-01    -  4.76e-01 3.84e-01f  1
 359  4.9892251e+00 6.32e-03 1.05e-01  -4.2 1.14e+00    -  2.47e-01 5.66e-02h  1
iter    objective    inf_pr   inf_du lg(mu)  ||d||  lg(rg) alpha_du alpha_pr  ls
 360  4.9863358e+00 5.03e-03 2.74e-01  -4.2 5.15e-01    -  1.00e+00 3.74e-01h  1
 361  4.9863381e+00 4.43e-03 1.24e+01  -4.2 1.30e-01   0.1 7.31e-02 1.18e-01h  1
 362  4.9861461e+00 4.41e-03 1.24e+01  -4.2 3.66e+00    -  2.63e-02 5.75e-03h  1
 363  4.9861409e+00 4.26e-03 1.20e+01  -4.2 7.49e-01  -0.4 6.28e-02 3.23e-02f  1
 364  4.9861093e+00 3.93e-03 1.10e+01  -4.2 3.65e-01  -0.8 1.00e+00 7.83e-02h  1
 365  4.9856444e+00 3.78e-03 1.06e+01  -4.2 6.24e-01    -  3.49e-01 4.18e-02h  1
 366  4.9824598e+00 1.97e-03 4.14e-01  -4.2 2.84e-01    -  7.60e-01 9.58e-01f  1
 367  4.9822961e+00 1.22e-03 3.55e+00  -4.2 3.58e-01    -  1.65e-01 7.31e-01f  1
 368  4.9827067e+00 1.59e-03 4.87e-01  -4.2 9.13e-02    -  1.73e-01 1.00e+00h  1
 369  4.9810503e+00 6.22e-03 2.47e-01  -4.2 7.88e-01    -  9.69e-02 5.10e-01H  1
iter    objective    inf_pr   inf_du lg(mu)  ||d||  lg(rg) alpha_du alpha_pr  ls
 370  4.9816535e+00 3.02e-04 4.19e-03  -4.2 7.64e-02    -  1.00e+00 1.00e+00f  1
 371  4.9813176e+00 1.55e-04 1.40e-04  -4.2 5.31e-02    -  1.00e+00 1.00e+00h  1
 372  4.9681313e+00 1.20e-03 1.06e-02  -4.5 1.96e-01    -  9.57e-01 9.91e-01h  1
 373  4.9645751e+00 8.97e-04 3.94e-03  -4.6 2.11e-01    -  1.00e+00 1.00e+00h  1
 374  4.9609631e+00 2.32e-04 2.53e-02  -4.8 1.06e-01    -  9.81e-01 1.00e+00h  1
 375  4.9609432e+00 1.17e-04 4.82e-01  -4.8 2.77e-02    -  1.00e+00 4.99e-01h  1
 376  4.9574854e+00 4.81e-04 1.88e-01  -5.1 1.23e-01    -  1.00e+00 1.00e+00h  1
 377  4.9580597e+00 8.75e-06 2.49e-02  -4.8 8.58e-04   1.4 1.00e+00 1.00e+00h  1
 378  4.9596091e+00 6.88e-05 1.99e+00  -4.3 7.00e-03   0.9 9.13e-01 4.88e-01h  1
 379  4.9609314e+00 3.50e-05 1.22e+01  -4.5 5.40e-03   0.4 1.45e-01 1.00e+00h  1
iter    objective    inf_pr   inf_du lg(mu)  ||d||  lg(rg) alpha_du alpha_pr  ls
 380  4.9619643e+00 2.77e-05 5.49e-01  -4.5 7.22e-03  -0.0 7.47e-01 1.00e+00h  1
 381  4.9643428e+00 1.55e-03 2.06e+00  -4.5 1.91e-01    -  3.12e-01 1.00e+00h  1
 382  4.9649708e+00 8.37e-05 1.13e-01  -4.5 1.29e-02  -0.5 7.25e-01 1.00e+00h  1
 383  4.9625620e+00 1.20e-02 2.98e-01  -4.5 2.44e-01    -  5.68e-02 1.00e+00h  1
 384  4.9600299e+00 6.96e-03 2.06e-01  -4.5 5.39e-01    -  2.91e-01 4.65e-01h  1
 385  4.9598410e+00 6.06e-03 1.69e-01  -4.5 2.25e-01    -  2.97e-01 1.25e-01h  1
 386  4.9592567e+00 5.63e-03 1.11e-01  -4.5 3.06e+00    -  2.97e-02 6.73e-02h  1
 387  4.9591612e+00 2.33e-03 4.59e-02  -4.5 2.41e-01    -  5.73e-01 5.84e-01h  1
 388  4.9593345e+00 7.58e-04 1.31e+02  -4.5 1.09e-02   0.8 1.00e+00 1.00e+00h  1
 389  4.9593359e+00 8.40e-05 3.87e-01  -4.5 1.05e-02   0.3 9.96e-01 1.00e+00h  1
iter    objective    inf_pr   inf_du lg(mu)  ||d||  lg(rg) alpha_du alpha_pr  ls
 390  4.9593519e+00 1.20e-05 1.92e-01  -4.5 3.86e-03  -0.1 7.48e-01 1.00e+00h  1
 391  4.9593377e+00 1.51e-04 1.84e-01  -4.5 2.93e-01    -  5.19e-01 2.73e-01h  2
 392  4.9594915e+00 4.19e-04 2.59e-01  -4.5 3.27e-01    -  2.66e-01 7.37e-01H  1
 393  4.9594335e+00 9.13e-04 1.09e-01  -4.5 1.35e-01    -  2.68e-01 1.00e+00f  1
 394  4.9589445e+00 4.73e-04 1.66e-01  -4.5 2.18e-01    -  5.73e-01 8.19e-01H  1
 395  4.9592038e+00 1.33e-04 8.29e-05  -4.5 5.61e-02    -  1.00e+00 1.00e+00f  1
 396  4.9592121e+00 1.23e-05 3.18e-06  -4.5 1.56e-02    -  1.00e+00 1.00e+00h  1

Number of Iterations....: 396

                                   (scaled)                 (unscaled)
Objective...............:   4.9592121491205416e+00    4.9592121491205416e+00
Dual infeasibility......:   3.1826373527967850e-06    3.1826373527967850e-06
Constraint violation....:   1.2342974084589287e-05    1.2342974084589287e-05
Complementarity.........:   3.5600494372607574e-05    3.5600494372607574e-05
Overall NLP error.......:   3.5600494372607574e-05    3.5600494372607574e-05


Number of objective function evaluations             = 435
Number of objective gradient evaluations             = 397
Number of equality constraint evaluations            = 435
Number of inequality constraint evaluations          = 435
Number of equality constraint Jacobian evaluations   = 399
Number of inequality constraint Jacobian evaluations = 399
Number of Lagrangian Hessian evaluations             = 396
Total CPU secs in IPOPT (w/o function evaluations)   =      3.148
Total CPU secs in NLP function evaluations           =      1.207

EXIT: Optimal Solution Found.
 
Ipopt 3.13.4: Optimal Solution Found

suffix ipopt_zU_out OUT;
suffix ipopt_zL_out OUT;
sum{i in 1 .. Nfe - 1} dt[i] = 25.6021

tf = 25.6021

