  0.01001283
  0.17917180
  0.17855928
  0.17793409
  0.17727737
  0.17659824
  0.17653027
  0.17700012
  0.17724737
  0.17747872
  0.17768951
  0.17782695
  0.17788120
  0.17792255
  0.17797956
  0.17803954
  0.17812650
  0.17824260
  0.17838836
  0.17856190
  0.17876389
  0.17899930
  0.17925933
  0.17955919
  0.17988606
  0.18026220
  0.18069444
  0.18118416
  0.18174936
  0.18233952
  0.18305681
  0.18400320
  0.18510095
  0.19342679
  0.19785479
  0.20214390
  0.22052521
  0.24545893
  0.19086618
  0.24926839
  0.24978913
  0.23337672
  0.24897771
  0.24925587
  0.24926276
  0.24948921
  0.24950953
  0.24952971
  0.24962692
  0.24976167
  0.24989098
  0.12174273
  0.14023448
  0.16713992
  0.20702764
  0.24506685
  0.24745905
  0.24928543
  0.24939453
  0.01232841
  0.01231423
  0.01229685
  0.01228066
  0.01226567
  0.01225210
  0.01223931
  0.01222319
  0.01220811
  0.01219409
  0.01218114
  0.01216924
  0.01215838
  0.01214853
  0.01213967
  0.01213180
  0.01212510
  0.01212013
  0.01211860
  0.01212593
  0.01216332
  0.01239294
  0.24953153
  0.24969231
  0.24982366
  0.24973427
  0.14976542
  0.19573990
  0.24943616
  0.24963602
  0.24973973
  0.24975959
  0.24976235
  0.24976380
  0.24992186
  0.24992011
  0.24991870
  0.24991727
  0.24991475
  0.24990954
  0.24990626
  0.24989422
  0.24987925
  0.24986228
  0.24984468
  0.24991491
  0.24988884
  0.24985691
  0.24981545
  0.24975631
  0.24965822
  0.24944423
  0.24849445
  0.23277799
  0.20867185
  0.18924181
  0.17300489
  0.20708145
  0.24006873
  0.24989598
  0.24986877
  0.24983373
  0.24978650
  0.24971713
  0.15125225
