  0.00000000
  0.00000000
  0.13436921
  0.26827877
  0.40171916
  0.53466671
  0.66710461
  0.79949119
  0.93222980
  1.06515348
  1.19825026
  1.33150471
  1.46486176
  1.59825900
  1.73168672
  1.86515660
  1.99867083
  2.13224959
  2.26591466
  2.39968821
  2.53359099
  2.66764423
  2.80187288
  2.93629525
  3.07094104
  3.20583030
  3.34099971
  3.47649102
  3.61234690
  3.74862342
  3.88533853
  4.02258653
  4.16053774
  4.29930328
  4.44429975
  4.59259543
  4.74406700
  4.90920479
  4.99966298
  4.99974694
  4.99975345
  4.99971970
  4.99974232
  4.99974555
  4.99974689
  4.99974701
  4.99974373
  4.99973951
  4.99973851
  4.99974741
  4.99976393
  4.99944442
  4.99951221
  4.99959087
  4.99967364
  4.99973029
  4.99973865
  4.99974552
  4.99973967
  4.99459344
  4.99457927
  4.99456413
  4.99454921
  4.99453476
  4.99452099
  4.99450767
  4.99449423
  4.99448160
  4.99447032
  4.99446088
  4.99445380
  4.99444954
  4.99444829
  4.99444965
  4.99445249
  4.99445581
  4.99446265
  4.99449103
  4.99459916
  4.99494432
  4.99600853
  4.99971621
  4.99972260
  4.84421640
  4.65710804
  4.46993369
  4.35770778
  4.21097918
  4.02396119
  3.83678217
  3.64951756
  3.46223236
  3.27494078
  3.08764477
  2.90022746
  2.71280942
  2.52539077
  2.33797173
  2.15055320
  1.96313719
  1.77572245
  1.58831575
  1.40091943
  1.21353514
  1.02616341
  0.83873847
  0.65133285
  0.46395121
  0.27660092
  0.08929546
 -0.09793568
 -0.28500517
 -0.47136060
 -0.64592618
 -0.80240853
 -0.94431270
 -1.07402924
 -1.22926853
 -1.05010034
 -0.86273757
 -0.67536866
 -0.48801685
 -0.30069585
 -0.11342415
  0.00000000
