  0.00000000
  0.74953425
  0.74952422
  0.74951371
  0.74950257
  0.74949073
  0.74947811
  0.74946462
  0.74945019
  0.74943471
  0.74941882
  0.74940202
  0.74938413
  0.74936516
  0.74934497
  0.74932339
  0.74930023
  0.74927528
  0.74924831
  0.74921919
  0.74918765
  0.74915309
  0.74911530
  0.74907390
  0.74902913
  0.74897954
  0.74892495
  0.74886472
  0.74879790
  0.74872285
  0.74863411
  0.74852253
  0.74828040
  0.74815831
  0.74805638
  0.74803693
  0.74785852
  0.74764499
  0.74721113
  0.74685550
  0.74641535
  0.74582925
  0.74504018
  0.74392252
  0.74226448
  0.74041923
  0.72125001
 -0.70087742
 -0.72943414
 -0.73548211
 -0.73849870
 -0.74045348
 -0.74305867
 -0.74429094
 -0.74517992
 -0.74584406
 -0.74635365
 -0.74675128
 -0.74707302
 -0.74734237
 -0.74756438
 -0.74775190
 -0.74791109
 -0.74810792
 -0.74822718
 -0.74833253
 -0.74842685
 -0.74851185
 -0.74858909
 -0.74865990
 -0.74872545
 -0.74878672
 -0.74884456
 -0.74890396
 -0.74896909
 -0.74901640
 -0.74905840
 -0.74909627
 -0.74912842
 -0.74882226
 -0.74909499
 -0.74921522
 -0.74924264
 -0.74926693
 -0.74928915
 -0.74930960
 -0.74932844
 -0.74935047
 -0.74935939
 -0.74936420
 -0.74936620
 -0.74936563
 -0.74936262
 -0.74935722
 -0.74934941
 -0.74933910
 -0.74932620
 -0.74931152
 -0.74929140
 -0.74926787
 -0.74923997
 -0.74920673
 -0.74916695
 -0.74911896
 -0.74906045
 -0.74898808
 -0.74889689
 -0.74877926
 -0.74865223
 -0.74848619
 -0.74827848
 -0.74802472
 -0.74770620
 -0.74729227
 -0.74672994
 -0.74592059
 -0.74466403
 -0.74252791
 -0.73881970
  0.47085162
  0.74125967
  0.74412721
  0.74571653
  0.74667363
  0.74730405
  0.74775005
  0.74808345
  0.74837677
  0.74843718
  0.74943516
  0.74956824
  0.74968298
  0.74970594
  0.74970199
  0.74968743
  0.74966090
  0.74961765
  0.74954742
  0.74942307
  0.74916678
  0.74838505
 -0.71023328
 -0.74915203
 -0.74952679
 -0.74964966
 -0.74970953
  0.00000000
