  0.00000000
  0.00000000
 -0.03616927
 -0.07263707
 -0.10980074
 -0.14806069
 -0.18784111
 -0.22958068
 -0.27369260
 -0.32024185
 -0.36572924
 -0.32678861
 -0.28164743
 -0.23840728
 -0.19750333
 -0.15871896
 -0.12179401
 -0.08661978
 -0.05356979
 -0.02507500
 -0.01188743
 -0.00936683
 -0.00831367
 -0.00810032
 -0.01733795
 -0.04849158
 -0.08372873
 -0.12074695
 -0.15944957
 -0.20015149
 -0.24303376
 -0.22299121
 -0.18200492
 -0.14786320
 -0.13286336
 -0.11037318
 -0.07285297
 -0.03588298
  0.00075796
  0.00079716
  0.02646762
  0.06057465
  0.09552721
  0.13151511
  0.16889844
  0.20814391
  0.24980364
  0.27447188
  0.25927926
  0.25058058
  0.24788297
  0.26968590
  0.24186455
  0.20444183
  0.16834113
  0.13358970
  0.10003301
  0.06757684
  0.03544235
  0.00985506
  0.00823586
  0.01170232
  0.01492379
  0.00054283
 -0.03295183
 -0.06679176
 -0.10125952
 -0.13671005
 -0.17352571
 -0.21214798
 -0.25309602
 -0.29698683
 -0.34454455
 -0.39645900
 -0.42030298
 -0.42033111
 -0.42038488
 -0.42043287
 -0.42045799
 -0.40977108
 -0.41936210
 -0.41994340
 -0.42008505
 -0.42020875
 -0.42028556
 -0.42032191
 -0.42031316
 -0.42015602
 -0.36506011
 -0.31455175
 -0.26848650
 -0.22593745
 -0.18613716
 -0.14846182
 -0.11239741
 -0.07751204
 -0.04343274
 -0.00982135
  0.02373476
  0.05732577
  0.09127780
  0.12589608
  0.16150267
  0.19845362
  0.23715259
  0.27806235
  0.32170968
  0.36866293
  0.41934448
  0.37481266
  0.32656071
  0.28201619
  0.24054749
  0.20156115
  0.16454646
  0.12906646
  0.09474068
  0.06122743
  0.02820362
 -0.00467167
 -0.03898843
 -0.07419878
 -0.11016223
 -0.14725191
 -0.18589844
 -0.22660472
 -0.26997373
 -0.31675221
 -0.36867950
 -0.42102766
 -0.42102845
 -0.42083141
 -0.32436505
 -0.24463896
 -0.17711661
 -0.11696808
 -0.06135444
 -0.00841099
  0.04336910
  0.09496189
  0.14743977
  0.20181334
  0.25871849
  0.18491698
  0.11884695
  0.05795439
