  0.02310491
  0.02310491
  0.02247340
  0.02118837
  0.02094571
  0.02341009
  0.02578404
  0.02450106
  0.02242993
  0.02068349
  0.02311697
  0.02315591
  0.02315581
  0.02315569
  0.02315554
  0.02315538
  0.02310935
  0.03226767
  0.05672765
  0.08576470
  0.12019655
  0.16129262
  0.21953723
  0.18740314
  0.15453093
  0.12010112
  0.07236798
  0.04427644
  0.02310641
  0.02312149
  0.02312212
  0.02312282
  0.02312359
  0.02312443
  0.02312537
  0.02312641
  0.02312759
  0.02312892
  0.02313042
  0.02313214
  0.02313413
  0.02313646
  0.02316162
  0.03035934
  0.04157956
  0.05518166
  0.07006445
  0.08577152
  0.10217581
  0.11926824
  0.13709532
  0.15571491
  0.17519379
  0.19545497
  0.21652135
  0.23844705
  0.26112692
  0.28497043
  0.29717301
  0.24532286
  0.21045393
  0.18803141
  0.17380713
  0.16596737
  0.16363002
  0.16663823
  0.17555848
  0.19185242
  0.21775295
  0.21821454
  0.20220032
  0.18628520
  0.17123653
  0.15677337
  0.14281755
  0.12931716
  0.11621878
  0.10349344
  0.09111055
  0.07906401
  0.06737255
  0.05611874
  0.04551194
  0.03598586
  0.02825401
  0.02309419
  0.02151456
  0.02074533
  0.02059437
  0.02117603
  0.02311294
  0.02313529
  0.02310930
  0.03912016
  0.06553456
  0.09103408
  0.11951396
  0.08496934
  0.05647902
  0.03246959
  0.02310512
  0.02310737
  0.04161970
  0.07817387
  0.11356788
  0.14539499
  0.17150279
  0.20751413
  0.12961028
  0.10872362
  0.10049277
  0.09806383
  0.12083754
  0.08251544
  0.05411954
  0.03366539
  0.02164149
  0.02310588
  0.02603084
  0.02488789
  0.02183401
  0.02261444
  0.02998527
  0.04166553
  0.05295572
  0.05259457
  0.04956699
  0.04410373
  0.03395806
  0.02273303
  0.02310727
  0.02883799
  0.03399287
  0.03108141
  0.02507393
  0.02310289
