 -1.58314138
 -1.58314138
 -1.58314138
 -1.58372497
 -1.58606456
 -1.59136045
 -1.60086698
 -1.61592108
 -1.63797203
 -1.66860586
 -1.70952314
 -1.76208895
 -1.81430421
 -1.86381534
 -1.90954049
 -1.95058258
 -1.98610812
 -2.01532170
 -2.03748817
 -2.05205719
 -2.05928061
 -2.06289754
 -2.06589838
 -2.06869539
 -2.07155060
 -2.07794594
 -2.09661697
 -2.13021021
 -2.18062645
 -2.24985257
 -2.34018409
 -2.45390069
 -2.56097681
 -2.64291329
 -2.71100754
 -2.77499020
 -2.83440984
 -2.87501000
 -2.89564412
 -2.89522577
 -2.89477383
 -2.87934307
 -2.84316297
 -2.78472401
 -2.70228265
 -2.59367766
 -2.45601587
 -2.28589593
 -2.14540585
 -2.02460447
 -1.91068923
 -1.79368647
 -1.66230770
 -1.52078820
 -1.40227640
 -1.30622133
 -1.23141957
 -1.17658539
 -1.14043136
 -1.12191542
 -1.11688573
 -1.11278895
 -1.10711969
 -1.10008959
 -1.09983262
 -1.11500291
 -1.14485996
 -1.18878768
 -1.24630221
 -1.31704328
 -1.40077590
 -1.49739204
 -1.60691080
 -1.72947077
 -1.86578134
 -2.00684260
 -2.14206354
 -2.27118977
 -2.39410476
 -2.51043736
 -2.58868006
 -2.68574352
 -2.78847794
 -2.88429149
 -2.97324016
 -3.05544510
 -3.13100643
 -3.19999968
 -3.26307051
 -3.31199818
 -3.34922814
 -3.37694603
 -3.39695182
 -3.41076111
 -3.41968191
 -3.42487219
 -3.42738438
 -3.42819910
 -3.42825029
 -3.42844767
 -3.42968882
 -3.43286554
 -3.43887858
 -3.44865327
 -3.46315772
 -3.48342271
 -3.51056072
 -3.54577932
 -3.59037676
 -3.64725401
 -3.70326433
 -3.75626822
 -3.80566130
 -3.85087925
 -3.89135973
 -3.92652593
 -3.95577641
 -3.97847678
 -3.99395019
 -4.00146000
 -4.00010103
 -3.98894228
 -3.96876326
 -3.94039083
 -3.90459396
 -3.86209037
 -3.81355513
 -3.75962471
 -3.70003928
 -3.64164415
 -3.53055862
 -3.43831830
 -3.35738993
 -3.31151738
 -3.28875189
 -3.27958361
 -3.27787511
 -3.27908835
 -3.27952647
 -3.27595266
 -3.26542695
 -3.24517011
 -3.21224389
 -3.16643064
 -3.14263276
 -3.13280085
 -3.13048200
