  0.01155356
  0.01155356
  0.02224728
  0.03686585
  0.05430841
  0.07373305
  0.09475449
  0.11728146
  0.14136183
  0.16706073
  0.19419610
  0.20991114
  0.22332245
  0.23569058
  0.24720509
  0.25793124
  0.26790565
  0.27718527
  0.28594978
  0.29500719
  0.30773878
  0.32325029
  0.33912042
  0.35522308
  0.37500280
  0.40296035
  0.43346473
  0.46593617
  0.50061428
  0.53803402
  0.57707318
  0.58297516
  0.52884307
  0.52588568
  0.54298403
  0.59539661
  0.59625728
  0.59479792
  0.54966546
  0.56685930
  0.59781699
  0.63201424
  0.66785312
  0.70600159
  0.74727902
  0.79353062
  0.84432509
  0.64672520
  0.58188036
  0.56396444
  0.58433056
  0.61327827
  0.72097521
  0.69345432
  0.66280988
  0.63174586
  0.60080165
  0.56971419
  0.54019934
  0.51518993
  0.50136460
  0.48989945
  0.47780710
  0.47408071
  0.47493982
  0.47567971
  0.47598399
  0.47591846
  0.47558057
  0.47507300
  0.47448855
  0.47390440
  0.47337346
  0.47467829
  0.47103651
  0.45151284
  0.43112290
  0.41035174
  0.38836011
  0.26605602
  0.32463800
  0.34326095
  0.32006097
  0.29706753
  0.27450967
  0.25230940
  0.23038207
  0.21066326
  0.18100372
  0.15411722
  0.12988938
  0.10785105
  0.08767370
  0.06916316
  0.05228271
  0.03721668
  0.02442006
  0.01449809
  0.00808803
  0.00424111
  0.00211721
  0.00103432
  0.00050299
  0.00024566
  0.00012104
  0.00006037
  0.00003061
  0.00001589
  0.00000683
  0.00000289
  0.00000129
  0.00000058
  0.00000026
  0.00000012
  0.00000005
  0.00000002
  0.00000001
  0.00000000
  0.00000000
  0.00000000
  0.00000000
  0.00000000
  0.00000000
  0.00000001
  0.00000002
  0.00000005
  0.00000013
  0.00000027
  0.00000168
  0.00000000
  0.00000005
  0.00000023
  0.00000451
  0.00007722
  0.00085433
  0.00645190
  0.02564104
  0.05323041
  0.08595987
  0.12097011
  0.15684218
  0.19476227
  0.22105943
  0.15154970
  0.09229559
  0.04376468
