  0.00000000
 -0.49840124
 -0.49821912
 -0.49772524
 -0.49607842
 -0.02034510
  0.49692291
  0.49857303
  0.49911558
  0.49938292
  0.00284126
 -0.00035229
 -0.00029752
 -0.00025494
 -0.00022099
 -0.00258306
 -0.49994581
 -0.49993915
 -0.49992931
 -0.49991297
 -0.49987947
 -0.49976663
  0.49924487
  0.49986640
  0.49993042
  0.49995509
  0.49995722
  0.49996552
  0.00200509
  0.00005473
  0.00006103
  0.00006812
  0.00007620
  0.00008542
  0.00009631
  0.00011309
  0.00012657
  0.00014445
  0.00016683
  0.00019410
  0.00022923
  0.00250974
  0.49546272
  0.49863052
  0.49916547
  0.49938337
  0.49949954
  0.49956989
  0.49961523
  0.49964487
  0.49966342
  0.49967308
  0.49967454
  0.49966686
  0.49964782
  0.49961219
  0.49954742
  0.49942143
  0.49910692
  0.49806319
  0.49447336
 -0.47083033
 -0.49466322
 -0.49706475
 -0.49802421
 -0.49858359
 -0.49897177
 -0.49926508
 -0.49949252
 -0.49959273
 -0.49963501
 -0.49966160
 -0.49967960
 -0.49969107
 -0.49969748
 -0.49969967
 -0.49969799
 -0.49969252
 -0.49968302
 -0.49966891
 -0.49964914
 -0.49962200
 -0.49958463
 -0.49953213
 -0.49945586
 -0.49758519
 -0.49531440
 -0.15972254
  0.49672127
  0.49841766
  0.01017854
 -0.01351429
 -0.49996406
 -0.49995469
 -0.49993545
 -0.49987545
  0.49863199
  0.49989135
  0.49994146
  0.49995935
 -0.00067831
 -0.49998076
 -0.49998054
 -0.49998088
 -0.49997558
 -0.49995945
 -0.49977549
  0.00005447
  0.01571027
  0.49932706
  0.49916735
 -0.39560218
  0.49841356
  0.49985418
  0.49992784
  0.49995104
  0.49996134
  0.49986084
  0.49988296
  0.49988633
  0.49987478
  0.49983798
  0.49971084
 -0.00929800
 -0.49976386
 -0.49987367
 -0.49990657
 -0.49991875
 -0.49992589
 -0.49992294
 -0.49938491
 -0.49878304
 -0.02568119
  0.49866139
  0.49919989
 -0.00143710
  0.00000000
