 28.92857143
 28.92857143
 28.92857143
 28.91243759
 28.88023106
 28.83200500
 28.76781166
 28.68770521
 28.59175424
 28.48007883
 28.35291957
 28.21057154
 28.05370310
 27.88309806
 27.69947882
 27.50348318
 27.29560550
 27.07613530
 26.84510004
 26.60221986
 26.34686877
 26.07818776
 25.79583278
 25.49979669
 25.19011034
 24.86653592
 24.52996334
 24.18294737
 23.82905748
 23.47315924
 23.12196088
 22.78584738
 22.48104906
 22.23410627
 22.01385822
 21.81285465
 21.61988283
 21.45137343
 21.29989730
 21.16614060
 21.02800006
 20.88556044
 20.73071296
 20.55084596
 20.33185830
 20.05837301
 19.71385704
 19.28269650
 18.89623190
 18.50514409
 18.09655153
 17.65154705
 17.17644330
 16.59377491
 16.01481654
 15.45230255
 14.91185008
 14.39495508
 13.90098382
 13.42619779
 12.96639631
 12.51933517
 12.08480880
 11.66348783
 11.24118672
 10.83093092
 10.42954901
 10.03449590
  9.64411674
  9.25772299
  8.87567242
  8.49943951
  8.13166616
  7.77618220
  7.43668125
  7.11555996
  6.82396110
  6.56557152
  6.34204142
  6.15395424
  6.04128318
  5.91972932
  5.81203542
  5.73316055
  5.67929490
  5.64652172
  5.63105413
  5.62931646
  5.63807918
  5.65432042
  5.67439196
  5.69567408
  5.71632183
  5.73506150
  5.75104090
  5.76371785
  5.77277702
  5.77806560
  5.77953970
  5.77718841
  5.77106246
  5.76117387
  5.74745781
  5.72972877
  5.70763748
  5.68063046
  5.64791489
  5.60843306
  5.56085858
  5.50201112
  5.42962703
  5.34318108
  5.24217765
  5.12632131
  4.99551925
  4.84987870
  4.68970086
  4.51546822
  4.32780858
  4.12735216
  3.90694827
  3.69032738
  3.48648635
  3.29692374
  3.12273850
  2.96472771
  2.82341765
  2.69906151
  2.59006263
  2.50613742
  2.37963220
  2.29654881
  2.24032024
  2.21003799
  2.19430124
  2.18671115
  2.18470198
  2.18738851
  2.19452775
  2.20585825
  2.22070617
  2.23767639
  2.25454502
  2.26704535
  2.27024152
  2.27032756
  2.26997579
