  0.00000000
  0.74761940
  0.74759988
  0.74758000
  0.74755977
  0.74753918
  0.74751822
  0.74749689
  0.74747517
  0.74745306
  0.74743055
  0.74740764
  0.74738431
  0.74736056
  0.74733639
  0.74731178
  0.74728672
  0.74726121
  0.74723524
  0.74720880
  0.74718182
  0.74715436
  0.74712639
  0.74709783
  0.74706875
  0.74703911
  0.74700891
  0.74697812
  0.74694674
  0.74691473
  0.74688210
  0.74684872
  0.74681466
  0.74677990
  0.74674434
  0.74670802
  0.74667093
  0.74663302
  0.74659428
  0.74655466
  0.74651415
  0.74647269
  0.74643027
  0.74638682
  0.74634232
  0.74629673
  0.74624998
  0.74620204
  0.74615285
  0.74610236
  0.74605049
  0.74599720
  0.74594241
  0.74588605
  0.74582803
  0.74576828
  0.74570671
  0.74564321
  0.74557770
  0.74550998
  0.74544002
  0.74536767
  0.74529281
  0.74521529
  0.74513494
  0.74505155
  0.74496498
  0.74487488
  0.74478118
  0.74468364
  0.74458202
  0.74447602
  0.74436538
  0.74424978
  0.74412890
  0.74400233
  0.74386949
  0.74372983
  0.74358059
  0.74342249
  0.74325643
  0.74308169
  0.74289736
  0.74270268
  0.74249663
  0.74227761
  0.74204460
  0.74179636
  0.74153054
  0.74124601
  0.74094071
  0.74061226
  0.74025635
  0.73986771
  0.73944196
  0.73897762
  0.73846122
  0.73788571
  0.73724522
  0.73652073
  0.73569933
  0.73476676
  0.73368367
  0.73241285
  0.73100144
  0.72927704
  0.72720662
  0.72463894
  0.72142903
  0.71735589
  0.71205671
  0.70499231
  0.69522043
  0.68113801
  0.65956799
  0.62303169
  0.55326148
  0.40931855
  0.17913617
  0.03234908
 -0.03656282
 -0.13022341
 -0.29364095
 -0.44688412
 -0.54162459
 -0.59692649
 -0.63120849
 -0.65398022
 -0.66998667
 -0.68188319
 -0.69095800
 -0.69822722
 -0.70417886
 -0.70913847
 -0.71338125
 -0.71705737
 -0.72024429
 -0.72304419
 -0.72550122
 -0.72764113
 -0.72951418
 -0.73120854
 -0.73275818
 -0.73419574
 -0.73624254
 -0.73731104
 -0.73893103
 -0.73957926
 -0.74007665
 -0.74045541
 -0.74075539
 -0.74098731
 -0.74116532
 -0.74130204
 -0.74140078
 -0.74146787
 -0.74150400
 -0.74150981
 -0.74148824
 -0.74143928
 -0.74135922
 -0.74125002
 -0.74110769
 -0.74093135
 -0.74071675
 -0.74045799
 -0.74014742
 -0.73977586
 -0.73933311
 -0.73880584
 -0.73817646
 -0.73742035
 -0.73650229
 -0.73537309
 -0.73396326
 -0.73217716
 -0.73851176
 -0.73873181
 -0.73943488
 -0.74042845
 -0.74159511
 -0.74279814
 -0.74393637
 -0.74494774
 -0.74620878
 -0.74677270
 -0.74717328
 -0.74747606
 -0.74771458
 -0.74790790
 -0.74806889
 -0.74820543
 -0.74832318
 -0.74842622
 -0.74851665
 -0.74859759
 -0.74867174
 -0.74877551
 -0.74881147
 -0.74889875
 -0.74892488
 -0.74894288
 -0.74895400
 -0.74895910
 -0.74895869
 -0.74895305
 -0.74894230
 -0.74892643
 -0.74890525
 -0.74887841
 -0.74884528
 -0.74880501
 -0.74875660
 -0.74869866
 -0.74862930
 -0.74854593
 -0.74844503
 -0.74832167
 -0.74816879
 -0.74797597
 -0.74772710
 -0.74739597
 -0.74693687
 -0.74626311
 -0.74533005
 -0.74347844
 -0.73939721
 -0.72283059
  0.70765107
  0.73811270
  0.74310624
  0.74516042
  0.74628342
  0.74699320
  0.74748349
  0.74784315
  0.74811871
  0.74833680
  0.74851386
  0.74866037
  0.74879139
  0.74889163
  0.74897166
  0.74903812
  0.74909418
  0.74914202
  0.00000000
