1 1 1 15.399515738499
1 1 2 25.514527845036
1 2 1 9.552058111380
1 2 2 14.546004842615
1 3 1 15.363196125908
1 3 2 5.829297820823
1 4 1 21.864406779661
1 4 2 15.708232445521
2 1 1 30.108958837772
2 1 2 25.950363196126
2 2 1 16.707021791768
2 2 2 23.480629539952
2 3 1 29.927360774818
2 3 2 20.647699757869
2 4 1 29.927360774818
2 4 2 20.647699757869
3 1 1 5.338983050847
3 1 2 9.207021791768
3 2 1 4.176755447942
3 2 2 5.974576271186
3 3 1 7.518159806295
3 3 2 6.265133171913
3 4 1 7.518159806295
3 4 2 6.265133171913
4 1 1 24.116222760291
4 1 2 8.226392251816
4 2 1 22.481840193705
4 2 2 5.647699757869
4 3 1 24.334140435835
4 3 2 4.158595641646
4 4 1 24.334140435835
4 4 2 4.158595641646
5 1 1 0.036319612591
5 1 2 23.444309927361
5 2 1 5.811138014528
5 2 2 20.175544794189
5 3 1 0.036319612591
5 3 2 16.688861985472
5 4 1 0.036319612591
5 4 2 16.688861985472
