  0.00000000
  0.74999967
  0.74999967
  0.74999966
  0.74999965
  0.74999964
  0.74999963
  0.74999962
  0.74999961
  0.74999962
  0.74999960
  0.74999959
  0.74999957
  0.74999955
  0.74999953
  0.74999950
  0.74999948
  0.74999945
  0.74999942
  0.74999936
  0.74999933
  0.74999928
  0.74999924
  0.74999918
  0.74999912
  0.74999905
  0.74999897
  0.74999887
  0.74999886
  0.74999870
  0.74999847
  0.74999813
  0.74999745
  0.74999703
  0.74999543
  0.74999114
  0.74997245
  0.62420318
 -0.74999325
 -0.74997400
  0.74991532
  0.74996976
  0.74996398
 -0.71144578
 -0.74998170
 -0.74998912
 -0.74999191
 -0.74999205
 -0.74998864
 -0.06605432
  0.74999359
  0.74999725
  0.74999012
  0.74998974
  0.74998933
  0.74998888
  0.74998839
  0.74999514
  0.74999374
  0.74999006
  0.74996829
 -0.00006293
 -0.74997836
 -0.74999149
 -0.74999520
 -0.74999688
 -0.74999766
 -0.74999823
 -0.74999854
 -0.74999876
 -0.74999908
 -0.74999921
 -0.74999922
 -0.74999924
 -0.74999935
 -0.74999950
 -0.74999956
 -0.74999963
 -0.74999967
 -0.74999970
 -0.74999973
 -0.74999976
 -0.74999979
 -0.74999981
 -0.74999983
 -0.74999984
 -0.74999985
 -0.74999986
 -0.74999986
 -0.74999986
 -0.74999985
 -0.74999985
 -0.74999984
 -0.74999983
 -0.74999982
 -0.74999980
 -0.74999979
 -0.74999976
 -0.74999973
 -0.74999969
 -0.74999963
 -0.74999956
 -0.74999945
 -0.74999926
 -0.74999896
 -0.74999828
 -0.74999539
  0.74999389
  0.74999819
  0.74999856
  0.74999894
  0.74999917
  0.74999931
  0.74999941
  0.74999949
  0.74999955
  0.74999960
  0.74999964
  0.74999967
  0.74999970
  0.74999972
  0.74999973
  0.74999975
  0.74999976
  0.00000000
