  0.01155245
  0.01155245
  0.00451555
  0.00154047
  0.00049479
  0.00015555
  0.00004856
  0.00001513
  0.00000471
  0.00000083
  0.00000024
  0.00000007
  0.00000002
  0.00000001
  0.00000000
  0.00000000
  0.00000000
  0.00000000
  0.00000000
  0.00000000
  0.00000000
  0.00000000
  0.00000000
  0.00000000
  0.00000000
  0.00000000
  0.00000000
  0.00000000
  0.00000000
 -0.00000000
 -0.00000000
 -0.00000000
  0.00000000
 -0.00000000
 -0.00000000
 -0.00000000
  0.00000000
  0.00000000
 -0.00000000
 -0.00000000
 -0.00000000
 -0.00000000
 -0.00000000
 -0.00000000
 -0.00000000
 -0.00000000
 -0.00000000
 -0.00000000
 -0.00000000
 -0.00000000
  0.00000000
  0.00000000
  0.00000000
  0.00000000
  0.00000000
  0.00000000
  0.00000000
 -0.00000000
 -0.00000000
 -0.00000000
 -0.00000000
 -0.00000000
  0.00000000
 -0.00000000
 -0.00000000
 -0.00000000
 -0.00000000
 -0.00000000
 -0.00000000
 -0.00000000
  0.00000000
  0.00000000
  0.00000000
 -0.00000000
 -0.00000000
  0.00000000
  0.00000000
  0.00000000
  0.00000000
  0.00000000
  0.00000000
  0.00000000
  0.00000000
  0.00000000
  0.00000000
  0.00000000
  0.00000000
  0.00000001
  0.00000021
  0.00000329
  0.00006516
  0.00093186
  0.00963343
  0.04327745
  0.09283192
  0.14758618
  0.21952858
  0.27674992
  0.33311141
  0.38851330
  0.44298197
  0.49673058
  0.55022590
  0.60426547
  0.62093749
  0.63713941
  0.65244510
  0.69794702
  0.61464736
  0.43134586
  0.40271130
  0.37828085
  0.36548504
  0.35032945
  0.33303152
  0.31369680
  0.29234912
  0.26894535
  0.23032662
  0.18176966
  0.13817660
  0.09878022
  0.06329870
  0.03279874
