  0.00000000
  0.00000000
 -0.00002091
 -0.00001060
 -0.00000720
 -0.00000554
 -0.00000458
 -0.00000397
 -0.00000358
 -0.00000048
  0.04282230
  0.08621851
  0.13084865
  0.17744658
  0.22687174
  0.17736361
  0.13072045
  0.08609198
  0.04273859
 -0.00000084
 -0.00000919
 -0.00001689
 -0.00019172
  0.00001923
  0.00000769
  0.00000465
  0.00000324
  0.00000242
  0.00000024
 -0.04554453
 -0.09180379
 -0.13958416
 -0.18982208
 -0.14738115
 -0.09715044
 -0.04829996
  0.00000008
  0.00000028
 -0.00000003
 -0.06282758
 -0.11385736
 -0.16653221
 -0.21821753
 -0.26990971
 -0.32242412
 -0.37931525
 -0.32349913
 -0.26933403
 -0.21606463
 -0.16283662
 -0.10861245
 -0.05397837
  0.00000000
  0.00000032
  0.00000033
  0.00000034
  0.00000035
  0.00000001
 -0.04226648
 -0.08491656
 -0.12854115
 -0.17381457
 -0.21950236
 -0.17555157
 -0.13131142
 -0.08613047
 -0.03983452
 -0.00000059
 -0.00000046
 -0.00000038
 -0.00000007
  0.05475516
  0.11102095
  0.11893743
  0.13296259
  0.11719050
  0.05796140
  0.00000004
 -0.06282746
 -0.12767077
 -0.19681300
 -0.27315080
 -0.36074150
 -0.42114405
 -0.42114405
 -0.36074151
 -0.27315080
 -0.19681299
 -0.12767076
 -0.06282744
  0.00000006
  0.06026834
  0.12148687
  0.18601426
  0.25565811
  0.33289838
  0.42114391
  0.42114395
  0.42114398
  0.42114399
  0.42114399
  0.42114399
  0.42114397
  0.42114394
  0.33292452
  0.25582816
  0.18709220
  0.12382442
  0.06104164
 -0.00000012
 -0.00000328
 -0.00559478
 -0.05494685
 -0.10536362
 -0.15790696
 -0.21382170
 -0.27465840
 -0.34246069
 -0.33382571
 -0.26664497
 -0.20638270
 -0.15099268
 -0.09892582
 -0.04894536
