  0.02310491
  0.02310491
  0.02310449
  0.02310448
  0.02310447
  0.02310446
  0.02310444
  0.02310442
  0.02310439
  0.02310482
  0.03827340
  0.06681182
  0.10400262
  0.14901644
  0.20356048
  0.17425309
  0.14082247
  0.10290889
  0.06038014
  0.02310456
  0.02310093
  0.02309711
  0.02300305
  0.02311461
  0.02310897
  0.02310748
  0.02310678
  0.02310637
  0.02310508
  0.03831961
  0.06753218
  0.09981596
  0.12144363
  0.11563764
  0.08324789
  0.04869520
  0.02310496
  0.02310509
  0.02310486
  0.06263930
  0.09986680
  0.13473922
  0.16582933
  0.19416903
  0.22045169
  0.24639693
  0.22096529
  0.19386744
  0.16459151
  0.13240193
  0.09620348
  0.05580947
  0.02310491
  0.02310500
  0.02310500
  0.02310501
  0.02310501
  0.02310492
  0.04202531
  0.07406561
  0.10811728
  0.13929802
  0.16656540
  0.14037697
  0.11180124
  0.07912035
  0.04202573
  0.02310430
  0.02310445
  0.02310454
  0.02310483
  0.16381917
  0.27330395
  0.26385478
  0.29719211
  0.29490436
  0.14403671
  0.02310494
  0.05000218
  0.08412498
  0.11485725
  0.14303121
  0.16948309
  0.17758753
  0.15924805
  0.12235568
  0.08355698
  0.05486343
  0.03413857
  0.02176603
  0.02310491
  0.02711404
  0.02441798
  0.02146819
  0.03020199
  0.04823277
  0.07786047
  0.09683425
  0.11620698
  0.13591107
  0.15592227
  0.17629001
  0.19717434
  0.21889165
  0.19394366
  0.16658942
  0.13630446
  0.10740079
  0.05476980
  0.02310495
  0.02310611
  0.02559105
  0.06817607
  0.11078044
  0.14672268
  0.17628133
  0.19963652
  0.21672495
  0.18390822
  0.12577918
  0.08206085
  0.05085113
  0.03228860
  0.02478213
