task_id 16

[x]
1 2.106537530000
2 2.106537530000
3 2.106537530000
4 2.125499320000
5 2.163422910000
6 2.220308320000
7 2.296155570000
8 2.390964660000
9 2.504735600000
10 2.637468400000
11 2.798402730000
12 2.980433210000
13 3.183077880000
14 3.405575380000
15 3.646727120000
16 3.905590490000
17 4.178777870000
18 4.465556290000
19 4.765904570000
20 5.080652560000
21 5.397805000000
22 5.732284310000
23 6.084091280000
24 6.453226530000
25 6.839703550000
26 7.243506580000
27 7.664636440000
28 8.103093350000
29 8.558877390000
30 9.084629720000
31 9.631225390000
32 10.207855030000
33 10.824312140000
34 11.411213300000
35 12.152338370000
36 12.941703250000
37 13.768948700000
38 14.319980800000
39 14.882552010000
40 16.035707770000
41 16.910969990000
42 17.744422720000
43 18.531161500000
44 19.260981930000
45 19.915691180000
46 20.470907570000
47 20.898181270000
48 21.196976480000
49 21.354388840000
50 21.370782010000
51 21.256748440000
52 21.030292050000
53 20.715724490000
54 20.609391890000
55 20.501895770000
56 20.393235430000
57 20.283410890000
58 20.172422190000
59 19.868559130000
60 19.557769550000
61 19.216748990000
62 18.820456150000
63 18.363293340000
64 17.843119220000
65 17.214435260000
66 16.497883860000
67 15.721338800000
68 14.942666660000
69 14.146286090000
70 13.376064680000
71 12.632003270000
72 11.812158990000
73 11.023936080000
74 10.354345800000
75 9.764975910000
76 9.191118160000
77 8.585052590000
78 8.043646260000
79 7.509162800000
80 7.010185120000
81 6.530581000000
82 6.061688310000
83 5.602273660000
84 5.157864150000
85 4.739542290000
86 4.362055950000
87 4.036112930000
88 3.764032050000
89 3.542786340000
90 3.368678370000
91 3.238952410000
92 3.155585000000
93 3.111757190000
94 3.105904820000
95 3.137340500000
96 3.204351380000
97 3.304202110000
98 3.441074480000
99 3.606987630000
100 3.795390250000
101 3.997267040000
102 4.200811230000
103 4.391246670000
104 4.550849630000
105 4.659194850000
106 4.693661670000
107 4.651080100000
108 4.533508060000
109 4.338654980000
110 4.115266900000
111 3.935307590000
112 3.767295270000
113 3.610318490000
114 3.466141770000
115 3.339562640000
116 3.233460920000
117 3.149122450000
118 3.086446030000
119 3.044094020000
120 3.019496790000
121 3.007461150000
122 3.002311740000
123 3.000512970000
124 3.000062690000
125 3.000000000000

[y]
1 23.444309930000
2 23.444309930000
3 23.444309930000
4 23.448668960000
5 23.457387010000
6 23.470464070000
7 23.487900120000
8 23.509695140000
9 23.535849130000
10 23.566362050000
11 23.603357930000
12 23.645203420000
13 23.693497370000
14 23.750764480000
15 23.820625380000
16 23.908289700000
17 24.020116750000
18 24.155438210000
19 24.312697640000
20 24.489386910000
21 24.673917100000
22 24.868528540000
23 25.073220120000
24 25.287990400000
25 25.512808120000
26 25.747709210000
27 25.992691720000
28 26.247755160000
29 26.512899320000
30 26.818747150000
31 27.136720370000
32 27.450298460000
33 27.738875820000
34 27.948343610000
35 28.117596870000
36 28.206763330000
37 28.235983930000
38 28.233409070000
39 28.230780330000
40 28.225392120000
41 28.221302360000
42 28.171516320000
43 28.048805240000
44 27.833138640000
45 27.514130640000
46 27.092078890000
47 26.580623950000
48 25.951127500000
49 25.239689830000
50 24.477430940000
51 23.686739990000
52 22.878929810000
53 22.054329700000
54 21.811063570000
55 21.565135540000
56 21.316543990000
57 21.065288930000
58 20.811370460000
59 20.116196400000
60 19.405175910000
61 18.689873670000
62 17.984984900000
63 17.339324330000
64 16.784992730000
65 16.306750400000
66 15.904390870000
67 15.572647740000
68 15.305059280000
69 15.060274760000
70 14.823531230000
71 14.594828830000
72 14.342833290000
73 14.100557260000
74 13.861166800000
75 13.596340620000
76 13.283471750000
77 12.881128450000
78 12.451042360000
79 11.990348910000
80 11.560259330000
81 11.180292360000
82 10.865064800000
83 10.625491780000
84 10.468711610000
85 10.397269220000
86 10.400883060000
87 10.456349190000
88 10.536898450000
89 10.621526430000
90 10.697604510000
91 10.758078090000
92 10.797857440000
93 10.818770180000
94 10.821541680000
95 10.806684990000
96 10.774483390000
97 10.724142870000
98 10.648622090000
99 10.542270150000
100 10.398144170000
101 10.208970760000
102 9.967979660000
103 9.669896960000
104 9.312061340000
105 8.895627760000
106 8.426344680000
107 7.916606050000
108 7.376143440000
109 6.783561670000
110 6.247631930000
111 5.855619360000
112 5.489631340000
113 5.147681280000
114 4.831862480000
115 4.539978090000
116 4.270952460000
117 4.024724650000
118 3.802027630000
119 3.604105400000
120 3.431421500000
121 3.287202200000
122 3.172006580000
123 3.085845270000
124 3.028566010000
125 3.000000000000

[theta]
1 0.225959220000
2 0.225959220000
3 0.225959220000
4 0.225958810000
5 0.225958400000
6 0.225957980000
7 0.225957550000
8 0.225957100000
9 0.225956640000
10 0.225956150000
11 0.225956070000
12 0.233954350000
13 0.251915370000
14 0.281977740000
15 0.326528740000
16 0.388533780000
17 0.440889570000
18 0.482341290000
19 0.511528830000
20 0.526955350000
21 0.526955040000
22 0.526951490000
23 0.526944610000
24 0.526862740000
25 0.526871340000
26 0.526874930000
27 0.526877200000
28 0.526878840000
29 0.526880120000
30 0.526880270000
31 0.498079920000
32 0.437821880000
33 0.342812720000
34 0.224522970000
35 0.112482940000
36 0.035308090000
37 -0.004672750000
38 -0.004672700000
39 -0.004672540000
40 -0.004672580000
41 -0.059663790000
42 -0.154727660000
43 -0.287329130000
44 -0.453396820000
45 -0.649970100000
46 -0.874834730000
47 -1.127627490000
48 -1.353044960000
49 -1.549293610000
50 -1.714028870000
51 -1.844114420000
52 -1.935235000000
53 -1.982874340000
54 -1.982874340000
55 -1.982874250000
56 -1.982874160000
57 -1.982874070000
58 -1.982873970000
59 -1.982873960000
60 -2.015671780000
61 -2.082962580000
62 -2.186907500000
63 -2.324416180000
64 -2.491276180000
65 -2.629946280000
66 -2.737856710000
67 -2.810588560000
68 -2.843387010000
69 -2.843387500000
70 -2.843387880000
71 -2.843388170000
72 -2.843388230000
73 -2.798236200000
74 -2.719289540000
75 -2.642439960000
76 -2.555534940000
77 -2.470283730000
78 -2.430206670000
79 -2.430206640000
80 -2.471594430000
81 -2.549713410000
82 -2.660913410000
83 -2.802440600000
84 -2.972441280000
85 -3.151165800000
86 -3.310149220000
87 -3.429420720000
88 -3.506928280000
89 -3.553549100000
90 -3.577807040000
91 -3.586799460000
92 -3.586799450000
93 -3.583872730000
94 -3.583086050000
95 -3.589553690000
96 -3.608560970000
97 -3.645786580000
98 -3.711621810000
99 -3.794618060000
100 -3.894516970000
101 -4.011030710000
102 -4.143879410000
103 -4.292847120000
104 -4.457857890000
105 -4.639074910000
106 -4.795731580000
107 -4.926591290000
108 -5.030072560000
109 -5.107313690000
110 -5.142755860000
111 -5.142755800000
112 -5.142754480000
113 -5.140649390000
114 -5.121573380000
115 -5.088052050000
116 -5.042386520000
117 -4.986734890000
118 -4.923192980000
119 -4.853877970000
120 -4.795649770000
121 -4.757060740000
122 -4.733262620000
123 -4.720250060000
124 -4.714583480000
125 -4.713185310000

[v]
1 0.000000000000
2 0.000000000000
3 0.120798490000
4 0.241596970000
5 0.362395500000
6 0.483194060000
7 0.603992640000
8 0.724791240000
9 0.845589840000
10 0.966388450000
11 1.094544870000
12 1.222528350000
13 1.350328920000
14 1.477936150000
15 1.605343720000
16 1.733028610000
17 1.860777060000
18 1.988587350000
19 2.116452200000
20 2.244360980000
21 2.366977920000
22 2.489594750000
23 2.612211530000
24 2.734828200000
25 2.857443670000
26 2.980059260000
27 3.102674870000
28 3.225290500000
29 3.347906120000
30 3.484164670000
31 3.620285100000
32 3.756264170000
33 3.892168540000
34 4.012247930000
35 4.154350860000
36 4.297763190000
37 4.442213610000
38 4.535244570000
39 4.612674180000
40 4.425175900000
41 4.276835790000
42 4.423236800000
43 4.558242980000
44 4.683452810000
45 4.572820600000
46 4.458437950000
47 4.346329960000
48 4.226090130000
49 4.096779770000
50 3.957202410000
51 3.943867470000
52 4.103408410000
53 4.264718240000
54 4.311407140000
55 4.358095770000
56 4.404784430000
57 4.451473130000
58 4.498161830000
59 4.624659830000
60 4.750502150000
61 4.875608490000
62 4.999995520000
63 4.999985560000
64 4.885962410000
65 4.764711690000
66 4.635356820000
67 4.498727430000
68 4.361461140000
69 4.218192140000
70 4.074922910000
71 3.931653610000
72 3.768039770000
73 3.603906150000
74 3.455921660000
75 3.315698470000
76 3.167855290000
77 2.995627290000
78 2.822514060000
79 2.635014260000
80 2.447514450000
81 2.260014630000
82 2.072514800000
83 1.885014960000
84 1.697515120000
85 1.510015250000
86 1.322515380000
87 1.135015500000
88 0.947515620000
89 0.760015750000
90 0.572515880000
91 0.385016020000
92 0.205078750000
93 0.027482970000
94 -0.149229620000
95 -0.323974940000
96 -0.496086590000
97 -0.665143920000
98 -0.841411850000
99 -1.017074890000
100 -1.191994420000
101 -1.366068220000
102 -1.539255240000
103 -1.711605490000
104 -1.883293100000
105 -2.054653860000
106 -2.226415070000
107 -2.398725560000
108 -2.571661040000
109 -2.389738610000
110 -2.207515290000
111 -2.060966480000
112 -1.914417710000
113 -1.767012760000
114 -1.619657390000
115 -1.472335160000
116 -1.325022020000
117 -1.177701220000
118 -1.030370520000
119 -0.883042890000
120 -0.734895900000
121 -0.587200920000
122 -0.439920910000
123 -0.292996690000
124 -0.146371290000
125 0.000000000000

[a]
1 0.000000000000
2 0.749999670000
3 0.749999670000
4 0.749999660000
5 0.749999650000
6 0.749999640000
7 0.749999630000
8 0.749999620000
9 0.749999610000
10 0.749999620000
11 0.749999600000
12 0.749999590000
13 0.749999570000
14 0.749999550000
15 0.749999530000
16 0.749999500000
17 0.749999480000
18 0.749999450000
19 0.749999420000
20 0.749999360000
21 0.749999330000
22 0.749999280000
23 0.749999240000
24 0.749999180000
25 0.749999120000
26 0.749999050000
27 0.749998970000
28 0.749998870000
29 0.749998860000
30 0.749998700000
31 0.749998470000
32 0.749998130000
33 0.749997450000
34 0.749997030000
35 0.749995430000
36 0.749991140000
37 0.749972450000
38 0.624203180000
39 -0.749993250000
40 -0.749974000000
41 0.749915320000
42 0.749969760000
43 0.749963980000
44 -0.711445780000
45 -0.749981700000
46 -0.749989120000
47 -0.749991910000
48 -0.749992050000
49 -0.749988640000
50 -0.066054320000
51 0.749993590000
52 0.749997250000
53 0.749990120000
54 0.749989740000
55 0.749989330000
56 0.749988880000
57 0.749988390000
58 0.749995140000
59 0.749993740000
60 0.749990060000
61 0.749968290000
62 -0.000062930000
63 -0.749978360000
64 -0.749991490000
65 -0.749995200000
66 -0.749996880000
67 -0.749997660000
68 -0.749998230000
69 -0.749998540000
70 -0.749998760000
71 -0.749999080000
72 -0.749999210000
73 -0.749999220000
74 -0.749999240000
75 -0.749999350000
76 -0.749999500000
77 -0.749999560000
78 -0.749999630000
79 -0.749999670000
80 -0.749999700000
81 -0.749999730000
82 -0.749999760000
83 -0.749999790000
84 -0.749999810000
85 -0.749999830000
86 -0.749999840000
87 -0.749999850000
88 -0.749999860000
89 -0.749999860000
90 -0.749999860000
91 -0.749999850000
92 -0.749999850000
93 -0.749999840000
94 -0.749999830000
95 -0.749999820000
96 -0.749999800000
97 -0.749999790000
98 -0.749999760000
99 -0.749999730000
100 -0.749999690000
101 -0.749999630000
102 -0.749999560000
103 -0.749999450000
104 -0.749999260000
105 -0.749998960000
106 -0.749998280000
107 -0.749995390000
108 0.749993890000
109 0.749998190000
110 0.749998560000
111 0.749998940000
112 0.749999170000
113 0.749999310000
114 0.749999410000
115 0.749999490000
116 0.749999550000
117 0.749999600000
118 0.749999640000
119 0.749999670000
120 0.749999700000
121 0.749999720000
122 0.749999730000
123 0.749999750000
124 0.749999760000
125 0.000000000000

[phy]
1 0.000000000000
2 0.000000000000
3 -0.000041820000
4 -0.000021200000
5 -0.000014400000
6 -0.000011080000
7 -0.000009160000
8 -0.000007950000
9 -0.000007160000
10 -0.000000970000
11 0.085436120000
12 0.170757760000
13 0.255957230000
14 0.341027310000
15 0.425962640000
16 0.340879930000
17 0.255717260000
18 0.170512010000
19 0.085269920000
20 -0.000001690000
21 -0.000018370000
22 -0.000033780000
23 -0.000383440000
24 0.000038460000
25 0.000015380000
26 0.000009310000
27 0.000006480000
28 0.000004840000
29 0.000000490000
30 -0.090838380000
31 -0.181585080000
32 -0.272237320000
33 -0.362836030000
34 -0.286644670000
35 -0.191909670000
36 -0.096301120000
37 0.000000170000
38 0.000000570000
39 -0.000000060000
40 -0.125000020000
41 -0.223896840000
42 -0.321508520000
43 -0.411516240000
44 -0.494993430000
45 -0.572745070000
46 -0.649001790000
47 -0.574262150000
48 -0.494101450000
49 -0.407893660000
50 -0.314840700000
51 -0.213901780000
52 -0.107540260000
53 0.000000010000
54 0.000000640000
55 0.000000660000
56 0.000000680000
57 0.000000710000
58 0.000000030000
59 -0.084332470000
60 -0.168227970000
61 -0.251633180000
62 -0.334561130000
63 -0.413672710000
64 -0.337657230000
65 -0.256823240000
66 -0.170586770000
67 -0.079501130000
68 -0.000001190000
69 -0.000000920000
70 -0.000000770000
71 -0.000000130000
72 0.109075670000
73 0.218497100000
74 0.233534620000
75 0.259910000000
76 0.230225270000
77 0.115407680000
78 0.000000080000
79 -0.124999790000
80 -0.249999650000
81 -0.374999500000
82 -0.499999320000
83 -0.624999050000
84 -0.699999840000
85 -0.699999840000
86 -0.624999070000
87 -0.499999320000
88 -0.374999480000
89 -0.249999620000
90 -0.124999750000
91 0.000000120000
92 0.119957950000
93 0.238354860000
94 0.356162990000
95 0.472659560000
96 0.587400140000
97 0.699999670000
98 0.699999720000
99 0.699999750000
100 0.699999770000
101 0.699999770000
102 0.699999760000
103 0.699999740000
104 0.699999710000
105 0.587436340000
106 0.472929130000
107 0.358055440000
108 0.242764590000
109 0.121482120000
110 -0.000000250000
111 -0.000006550000
112 -0.011189090000
113 -0.109454490000
114 -0.207688620000
115 -0.305901110000
116 -0.404107510000
117 -0.502318530000
118 -0.600534240000
119 -0.588684050000
120 -0.489923550000
121 -0.391462370000
122 -0.293277220000
123 -0.195328980000
124 -0.097579810000
125 0.000000000000

[w]
1 0.000000000000
2 -0.000259630000
3 0.000128010000
4 0.000042250000
5 0.000020620000
6 0.000011920000
7 0.000007490000
8 0.000004880000
9 0.000038470000
10 0.499996610000
11 0.499995780000
12 0.499994370000
13 0.499991440000
14 0.499981780000
15 -0.499760940000
16 -0.499982220000
17 -0.499990200000
18 -0.499992910000
19 -0.499994250000
20 -0.000102020000
21 -0.000094180000
22 -0.002137900000
23 0.002579650000
24 -0.000141230000
25 -0.000037110000
26 -0.000017320000
27 -0.000009990000
28 -0.000026620000
29 -0.499998310000
30 -0.499997790000
31 -0.499996360000
32 -0.499975570000
33 0.475879200000
34 0.499996520000
35 0.499998690000
36 0.499999320000
37 0.000003220000
38 -0.000005040000
39 -0.499999940000
40 -0.499999910000
41 -0.499999900000
42 -0.499999860000
43 -0.499999790000
44 -0.499999630000
45 -0.499998460000
46 0.499999310000
47 0.499999660000
48 0.499999820000
49 0.499999880000
50 0.499999920000
51 0.499999940000
52 0.499999940000
53 0.000010070000
54 0.000000340000
55 0.000000380000
56 0.000000420000
57 -0.000010920000
58 -0.499999690000
59 -0.499999550000
60 -0.499999260000
61 -0.499998540000
62 -0.499995100000
63 0.499985920000
64 0.499995400000
65 0.499996120000
66 0.499994590000
67 0.434372990000
68 0.000001390000
69 0.000000790000
70 0.000003320000
71 0.499999000000
72 0.499994970000
73 0.076211540000
74 0.141071620000
75 -0.150588790000
76 -0.499994970000
77 -0.499994410000
78 -0.499999760000
79 -0.499999730000
80 -0.499999680000
81 -0.499999560000
82 -0.499999210000
83 -0.300003320000
84 -0.000000000000
85 0.300003230000
86 0.499999210000
87 0.499999570000
88 0.499999680000
89 0.499999730000
90 0.499999770000
91 0.499998460000
92 0.499998730000
93 0.499998770000
94 0.499998550000
95 0.499997630000
96 0.499532200000
97 0.000000230000
98 0.000000130000
99 0.000000060000
100 0.000000010000
101 -0.000000040000
102 -0.000000080000
103 -0.000000140000
104 -0.492659130000
105 -0.499998190000
106 -0.499998970000
107 -0.499999220000
108 -0.499999380000
109 -0.499999440000
110 -0.000032270000
111 -0.057229350000
112 -0.499976220000
113 -0.499985400000
114 -0.499987700000
115 -0.499987670000
116 -0.499985230000
117 -0.499975490000
118 0.060325670000
119 0.499978760000
120 0.499988880000
121 0.499992060000
122 0.499993500000
123 0.499994200000
124 0.499994490000
125 0.000000000000

[dt]
1 0.010001150000
2 0.161064720000
3 0.161064720000
4 0.161064780000
5 0.161064820000
6 0.161064850000
7 0.161064870000
8 0.161064880000
9 0.161064890000
10 0.170875320000
11 0.170644730000
12 0.170400850000
13 0.170143080000
14 0.169876850000
15 0.170246630000
16 0.170331380000
17 0.170413830000
18 0.170486590000
19 0.170545170000
20 0.163489390000
21 0.163489260000
22 0.163489190000
23 0.163489060000
24 0.163487470000
25 0.163487640000
26 0.163487690000
27 0.163487720000
28 0.163487740000
29 0.181678340000
30 0.181494220000
31 0.181305790000
32 0.181206290000
33 0.160106400000
34 0.189471320000
35 0.191217610000
36 0.192602830000
37 0.124045840000
38 0.124045650000
39 0.249999960000
40 0.197793670000
41 0.195223390000
42 0.180015490000
43 0.166954460000
44 0.155503380000
45 0.152513910000
46 0.149479490000
47 0.160321500000
48 0.172415650000
49 0.186105960000
50 0.201877870000
51 0.212723070000
52 0.215080560000
53 0.062252690000
54 0.062252360000
55 0.062252440000
56 0.062252520000
57 0.062252570000
58 0.168665090000
59 0.167791150000
60 0.166810660000
61 0.165856390000
62 0.158224720000
63 0.152035260000
64 0.161669460000
65 0.172474270000
66 0.182173270000
67 0.183022290000
68 0.191025780000
69 0.191026010000
70 0.191026060000
71 0.218152050000
72 0.218845060000
73 0.197312850000
74 0.186964450000
75 0.197124410000
76 0.229637480000
77 0.230817780000
78 0.249999860000
79 0.249999860000
80 0.249999860000
81 0.249999860000
82 0.249999860000
83 0.249999860000
84 0.249999890000
85 0.249999890000
86 0.249999900000
87 0.249999890000
88 0.249999880000
89 0.249999870000
90 0.249999860000
91 0.239916400000
92 0.236794420000
93 0.235616830000
94 0.232993810000
95 0.229482250000
96 0.225409830000
97 0.235023980000
98 0.234217460000
99 0.233226130000
100 0.232098490000
101 0.230916150000
102 0.229800470000
103 0.228916980000
104 0.228481230000
105 0.229015260000
106 0.229747860000
107 0.230582060000
108 0.242565230000
109 0.242965010000
110 0.195398790000
111 0.195398630000
112 0.196540160000
113 0.196474000000
114 0.196429800000
115 0.196417650000
116 0.196427850000
117 0.196441050000
118 0.196436930000
119 0.197529400000
120 0.196926720000
121 0.196373420000
122 0.195899030000
123 0.195500610000
124 0.195161780000

[s]
1 0.000000000000
2 0.000000000000
3 0.019456370000
4 0.038912760000
5 0.058369170000
6 0.077825580000
7 0.097282000000
8 0.116738420000
9 0.136194840000
10 0.165131940000
11 0.186778320000
12 0.208319870000
13 0.229749120000
14 0.251067140000
15 0.273304360000
16 0.295189150000
17 0.317102130000
18 0.339027460000
19 0.360950680000
20 0.366929220000
21 0.386975480000
22 0.407021840000
23 0.427068030000
24 0.447110160000
25 0.467156720000
26 0.487203030000
27 0.507249260000
28 0.527295470000
29 0.608242050000
30 0.632355750000
31 0.656378670000
32 0.680658690000
33 0.623161070000
34 0.760205920000
35 0.794385030000
36 0.827761360000
37 0.551038120000
38 0.562577350000
39 1.153168340000
40 0.875271780000
41 0.834938390000
42 0.796251160000
43 0.761019010000
44 0.728292740000
45 0.697418760000
46 0.666445020000
47 0.696810130000
48 0.728644080000
49 0.762435150000
50 0.798871600000
51 0.838951590000
52 0.882563370000
53 0.265490160000
54 0.268395260000
55 0.271302100000
56 0.274208920000
57 0.277115650000
58 0.758682890000
59 0.775977000000
60 0.792434420000
61 0.808650840000
62 0.791122880000
63 0.760174090000
64 0.789910910000
65 0.821790180000
66 0.844438110000
67 0.823367410000
68 0.833151520000
69 0.805784410000
70 0.778416450000
71 0.857698310000
72 0.824616900000
73 0.711096990000
74 0.646134490000
75 0.653605110000
76 0.727458320000
77 0.691444040000
78 0.705628110000
79 0.658753190000
80 0.611878260000
81 0.565003340000
82 0.518128410000
83 0.471253470000
84 0.424378590000
85 0.377503640000
86 0.330628710000
87 0.283753750000
88 0.236878790000
89 0.190003840000
90 0.143128890000
91 0.092371650000
92 0.048561500000
93 0.006475450000
94 -0.034769570000
95 -0.074346490000
96 -0.111822780000
97 -0.156324780000
98 -0.197073350000
99 -0.237208440000
100 -0.276660110000
101 -0.315447220000
102 -0.353721580000
103 -0.391815570000
104 -0.430297120000
105 -0.470547090000
106 -0.511514090000
107 -0.553103080000
108 -0.623795540000
109 -0.580622880000
110 -0.431345810000
111 -0.402710030000
112 -0.376259960000
113 -0.347172070000
114 -0.318148970000
115 -0.289192610000
116 -0.260271220000
117 -0.231348860000
118 -0.202402820000
119 -0.174426930000
120 -0.144720640000
121 -0.115310660000
122 -0.086180080000
123 -0.057281030000
124 -0.028566080000

[splus]
1 0.011552450000
2 0.011552450000
3 0.023971840000
4 0.040453210000
5 0.058863960000
6 0.077981130000
7 0.097330560000
8 0.116753540000
9 0.136199550000
10 0.165132770000
11 0.186778540000
12 0.208319930000
13 0.229749140000
14 0.251067150000
15 0.273304360000
16 0.295189150000
17 0.317102130000
18 0.339027460000
19 0.360950680000
20 0.366929220000
21 0.386975480000
22 0.407021840000
23 0.427068030000
24 0.447110160000
25 0.467156720000
26 0.487203030000
27 0.507249260000
28 0.527295470000
29 0.608242050000
30 0.632355750000
31 0.656378670000
32 0.680658690000
33 0.623161070000
34 0.760205920000
35 0.794385030000
36 0.827761360000
37 0.551038120000
38 0.562577350000
39 1.153168340000
40 0.875271780000
41 0.834938390000
42 0.796251160000
43 0.761019010000
44 0.728292740000
45 0.697418760000
46 0.666445020000
47 0.696810130000
48 0.728644080000
49 0.762435150000
50 0.798871600000
51 0.838951590000
52 0.882563370000
53 0.265490170000
54 0.268395260000
55 0.271302100000
56 0.274208920000
57 0.277115660000
58 0.758682890000
59 0.775977000000
60 0.792434420000
61 0.808650840000
62 0.791122880000
63 0.760174090000
64 0.789910910000
65 0.821790180000
66 0.844438110000
67 0.823367410000
68 0.833151520000
69 0.805784410000
70 0.778416450000
71 0.857698310000
72 0.824616900000
73 0.711096990000
74 0.646134490000
75 0.653605110000
76 0.727458320000
77 0.691444040000
78 0.705628110000
79 0.658753190000
80 0.611878260000
81 0.565003340000
82 0.518128410000
83 0.471253470000
84 0.424378590000
85 0.377503640000
86 0.330628710000
87 0.283753750000
88 0.236878800000
89 0.190004020000
90 0.143132000000
91 0.092436810000
92 0.049442390000
93 0.015102710000
94 0.001950620000
95 0.000191450000
96 0.000020310000
97 0.000001410000
98 0.000000120000
99 0.000000010000
100 0.000000000000
101 0.000000000000
102 0.000000000000
103 0.000000000000
104 0.000000000000
105 0.000000000000
106 0.000000000000
107 0.000000000000
108 0.000000000000
109 0.000000000000
110 0.000000000000
111 0.000000000000
112 0.000000000000
113 0.000000000000
114 0.000000000000
115 0.000000000000
116 0.000000000000
117 0.000000020000
118 0.000000090000
119 0.000000470000
120 0.000002820000
121 0.000016480000
122 0.000094400000
123 0.000527650000
124 0.002760690000

[sminus]
1 0.011552450000
2 0.011552450000
3 0.004515460000
4 0.001540450000
5 0.000494790000
6 0.000155550000
7 0.000048560000
8 0.000015130000
9 0.000004710000
10 0.000000830000
11 0.000000230000
12 0.000000060000
13 0.000000020000
14 0.000000000000
15 0.000000000000
16 0.000000000000
17 0.000000000000
18 0.000000000000
19 0.000000000000
20 0.000000000000
21 0.000000000000
22 0.000000000000
23 0.000000000000
24 0.000000000000
25 0.000000000000
26 0.000000000000
27 0.000000000000
28 0.000000000000
29 0.000000000000
30 -0.000000000000
31 -0.000000000000
32 -0.000000000000
33 0.000000000000
34 -0.000000000000
35 -0.000000000000
36 -0.000000000000
37 0.000000000000
38 0.000000000000
39 -0.000000000000
40 -0.000000000000
41 -0.000000000000
42 -0.000000000000
43 -0.000000000000
44 -0.000000000000
45 -0.000000000000
46 -0.000000000000
47 -0.000000000000
48 -0.000000000000
49 -0.000000000000
50 -0.000000000000
51 0.000000000000
52 0.000000000000
53 0.000000000000
54 0.000000000000
55 0.000000000000
56 0.000000000000
57 0.000000000000
58 -0.000000000000
59 -0.000000000000
60 -0.000000000000
61 -0.000000000000
62 -0.000000000000
63 0.000000000000
64 -0.000000000000
65 -0.000000000000
66 -0.000000000000
67 -0.000000000000
68 -0.000000000000
69 -0.000000000000
70 -0.000000000000
71 0.000000000000
72 0.000000000000
73 0.000000000000
74 -0.000000000000
75 -0.000000000000
76 0.000000000000
77 0.000000000000
78 0.000000000000
79 0.000000000000
80 0.000000000000
81 0.000000000000
82 0.000000000000
83 0.000000000000
84 0.000000000000
85 0.000000000000
86 0.000000000000
87 0.000000000000
88 0.000000010000
89 0.000000190000
90 0.000003110000
91 0.000065160000
92 0.000880890000
93 0.008627260000
94 0.036720190000
95 0.074537940000
96 0.111843100000
97 0.156326190000
98 0.197073470000
99 0.237208450000
100 0.276660110000
101 0.315447220000
102 0.353721580000
103 0.391815570000
104 0.430297120000
105 0.470547090000
106 0.511514090000
107 0.553103080000
108 0.623795540000
109 0.580622880000
110 0.431345810000
111 0.402710030000
112 0.376259960000
113 0.347172070000
114 0.318148970000
115 0.289192610000
116 0.260271230000
117 0.231348880000
118 0.202402910000
119 0.174427400000
120 0.144723470000
121 0.115327130000
122 0.086274480000
123 0.057808680000
124 0.031326770000

[k]
1 0.000000000000
2 0.000000000000
3 -0.000020910000
4 -0.000010600000
5 -0.000007200000
6 -0.000005540000
7 -0.000004580000
8 -0.000003970000
9 -0.000003580000
10 -0.000000480000
11 0.042822300000
12 0.086218510000
13 0.130848650000
14 0.177446580000
15 0.226871740000
16 0.177363610000
17 0.130720450000
18 0.086091980000
19 0.042738590000
20 -0.000000840000
21 -0.000009190000
22 -0.000016890000
23 -0.000191720000
24 0.000019230000
25 0.000007690000
26 0.000004650000
27 0.000003240000
28 0.000002420000
29 0.000000240000
30 -0.045544530000
31 -0.091803790000
32 -0.139584160000
33 -0.189822080000
34 -0.147381150000
35 -0.097150440000
36 -0.048299960000
37 0.000000080000
38 0.000000280000
39 -0.000000030000
40 -0.062827580000
41 -0.113857360000
42 -0.166532210000
43 -0.218217530000
44 -0.269909710000
45 -0.322424120000
46 -0.379315250000
47 -0.323499130000
48 -0.269334030000
49 -0.216064630000
50 -0.162836620000
51 -0.108612450000
52 -0.053978370000
53 0.000000000000
54 0.000000320000
55 0.000000330000
56 0.000000340000
57 0.000000350000
58 0.000000010000
59 -0.042266480000
60 -0.084916560000
61 -0.128541150000
62 -0.173814570000
63 -0.219502360000
64 -0.175551570000
65 -0.131311420000
66 -0.086130470000
67 -0.039834520000
68 -0.000000590000
69 -0.000000460000
70 -0.000000380000
71 -0.000000070000
72 0.054755160000
73 0.111020950000
74 0.118937430000
75 0.132962590000
76 0.117190500000
77 0.057961400000
78 0.000000040000
79 -0.062827460000
80 -0.127670770000
81 -0.196813000000
82 -0.273150800000
83 -0.360741500000
84 -0.421144050000
85 -0.421144050000
86 -0.360741510000
87 -0.273150800000
88 -0.196812990000
89 -0.127670760000
90 -0.062827440000
91 0.000000060000
92 0.060268340000
93 0.121486870000
94 0.186014260000
95 0.255658110000
96 0.332898380000
97 0.421143910000
98 0.421143950000
99 0.421143980000
100 0.421143990000
101 0.421143990000
102 0.421143990000
103 0.421143970000
104 0.421143940000
105 0.332924520000
106 0.255828160000
107 0.187092200000
108 0.123824420000
109 0.061041640000
110 -0.000000120000
111 -0.000003280000
112 -0.005594780000
113 -0.054946850000
114 -0.105363620000
115 -0.157906960000
116 -0.213821700000
117 -0.274658400000
118 -0.342460690000
119 -0.333825710000
120 -0.266644970000
121 -0.206382700000
122 -0.150992680000
123 -0.098925820000
124 -0.048945360000

[up]
1 0.011552450000
2 0.011552450000
3 0.023972320000
4 0.040453630000
5 0.058864370000
6 0.077981540000
7 0.097330980000
8 0.116753990000
9 0.136200010000
10 0.165132840000
11 0.194456900000
12 0.225562520000
13 0.258609010000
14 0.293836110000
15 0.332829200000
16 0.345450720000
17 0.356895780000
18 0.367047490000
19 0.375760140000
20 0.366929520000
21 0.386978890000
22 0.407028440000
23 0.427146620000
24 0.447118410000
25 0.467160170000
26 0.487205200000
27 0.507250840000
28 0.527296700000
29 0.608242200000
30 0.660004080000
31 0.714226390000
32 0.771867490000
33 0.736719230000
34 0.867764340000
35 0.868472890000
36 0.866142970000
37 0.551038170000
38 0.562577510000
39 1.153168370000
40 0.928063340000
41 0.926199710000
42 0.923548570000
43 0.920443990000
44 0.917003080000
45 0.913288810000
46 0.909126070000
47 0.913210900000
48 0.917042780000
49 0.920581010000
50 0.923753720000
51 0.926427360000
52 0.928297130000
53 0.265490170000
54 0.268395340000
55 0.271302190000
56 0.274209010000
57 0.277115750000
58 0.758682900000
59 0.807462900000
60 0.857033600000
61 0.908437960000
62 0.923131220000
63 0.920359690000
64 0.923034200000
65 0.925384190000
66 0.914260690000
67 0.854853920000
68 0.833152000000
69 0.805784770000
70 0.778416740000
71 0.857698360000
72 0.867962850000
73 0.786885790000
74 0.719910080000
75 0.737033940000
76 0.809299470000
77 0.729918010000
78 0.705628140000
79 0.698485470000
80 0.686872480000
81 0.671755340000
82 0.653994510000
83 0.634454130000
84 0.595954130000
85 0.530127720000
86 0.445129350000
87 0.358161010000
88 0.281634790000
89 0.213291660000
90 0.151764910000
91 0.092436820000
92 0.052303010000
93 0.016864090000
94 0.002298950000
95 0.000238440000
96 0.000026800000
97 0.000001980000
98 0.000000170000
99 0.000000020000
100 0.000000000000
101 0.000000000000
102 0.000000000000
103 0.000000000000
104 0.000000000000
105 0.000000000000
106 0.000000000000
107 0.000000000000
108 0.000000000000
109 0.000000000000
110 0.000000000000
111 0.000000000000
112 0.000000000000
113 0.000000000000
114 0.000000000000
115 0.000000000000
116 0.000000000000
117 0.000000020000
118 0.000000120000
119 0.000000630000
120 0.000003550000
121 0.000019740000
122 0.000108080000
123 0.000577760000
124 0.002890410000

[down]
1 0.011552450000
2 0.011552450000
3 0.004515550000
4 0.001540470000
5 0.000494790000
6 0.000155550000
7 0.000048560000
8 0.000015130000
9 0.000004710000
10 0.000000830000
11 0.000000240000
12 0.000000070000
13 0.000000020000
14 0.000000010000
15 0.000000000000
16 0.000000000000
17 0.000000000000
18 0.000000000000
19 0.000000000000
20 0.000000000000
21 0.000000000000
22 0.000000000000
23 0.000000000000
24 0.000000000000
25 0.000000000000
26 0.000000000000
27 0.000000000000
28 0.000000000000
29 0.000000000000
30 -0.000000000000
31 -0.000000000000
32 -0.000000000000
33 0.000000000000
34 -0.000000000000
35 -0.000000000000
36 -0.000000000000
37 0.000000000000
38 0.000000000000
39 -0.000000000000
40 -0.000000000000
41 -0.000000000000
42 -0.000000000000
43 -0.000000000000
44 -0.000000000000
45 -0.000000000000
46 -0.000000000000
47 -0.000000000000
48 -0.000000000000
49 -0.000000000000
50 -0.000000000000
51 0.000000000000
52 0.000000000000
53 0.000000000000
54 0.000000000000
55 0.000000000000
56 0.000000000000
57 0.000000000000
58 -0.000000000000
59 -0.000000000000
60 -0.000000000000
61 -0.000000000000
62 -0.000000000000
63 0.000000000000
64 -0.000000000000
65 -0.000000000000
66 -0.000000000000
67 -0.000000000000
68 -0.000000000000
69 -0.000000000000
70 -0.000000000000
71 0.000000000000
72 0.000000000000
73 0.000000000000
74 -0.000000000000
75 -0.000000000000
76 0.000000000000
77 0.000000000000
78 0.000000000000
79 0.000000000000
80 0.000000000000
81 0.000000000000
82 0.000000000000
83 0.000000000000
84 0.000000000000
85 0.000000000000
86 0.000000000000
87 0.000000000000
88 0.000000010000
89 0.000000210000
90 0.000003290000
91 0.000065160000
92 0.000931860000
93 0.009633430000
94 0.043277450000
95 0.092831920000
96 0.147586180000
97 0.219528580000
98 0.276749920000
99 0.333111410000
100 0.388513300000
101 0.442981970000
102 0.496730580000
103 0.550225900000
104 0.604265470000
105 0.620937490000
106 0.637139410000
107 0.652445100000
108 0.697947020000
109 0.614647360000
110 0.431345860000
111 0.402711300000
112 0.378280850000
113 0.365485040000
114 0.350329450000
115 0.333031520000
116 0.313696800000
117 0.292349120000
118 0.268945350000
119 0.230326620000
120 0.181769660000
121 0.138176600000
122 0.098780220000
123 0.063298700000
124 0.032798740000

[left]
1 0.023104910000
2 0.023104910000
3 0.023104490000
4 0.023104480000
5 0.023104470000
6 0.023104460000
7 0.023104440000
8 0.023104420000
9 0.023104390000
10 0.023104820000
11 0.038273400000
12 0.066811820000
13 0.104002620000
14 0.149016440000
15 0.203560480000
16 0.174253090000
17 0.140822470000
18 0.102908890000
19 0.060380140000
20 0.023104560000
21 0.023100930000
22 0.023097110000
23 0.023003050000
24 0.023114610000
25 0.023108970000
26 0.023107480000
27 0.023106780000
28 0.023106370000
29 0.023105080000
30 0.038319610000
31 0.067532180000
32 0.099815960000
33 0.121443630000
34 0.115637640000
35 0.083247890000
36 0.048695200000
37 0.023104960000
38 0.023105090000
39 0.023104860000
40 0.062639300000
41 0.099866800000
42 0.134739220000
43 0.165829330000
44 0.194169030000
45 0.220451690000
46 0.246396930000
47 0.220965290000
48 0.193867440000
49 0.164591510000
50 0.132401930000
51 0.096203480000
52 0.055809470000
53 0.023104910000
54 0.023105000000
55 0.023105000000
56 0.023105010000
57 0.023105010000
58 0.023104920000
59 0.042025310000
60 0.074065610000
61 0.108117280000
62 0.139298020000
63 0.166565400000
64 0.140376970000
65 0.111801240000
66 0.079120350000
67 0.042025730000
68 0.023104300000
69 0.023104450000
70 0.023104540000
71 0.023104830000
72 0.163819170000
73 0.273303950000
74 0.263854780000
75 0.297192110000
76 0.294904360000
77 0.144036710000
78 0.023104940000
79 0.050002180000
80 0.084124980000
81 0.114857250000
82 0.143031210000
83 0.169483090000
84 0.177587530000
85 0.159248050000
86 0.122355680000
87 0.083556980000
88 0.054863430000
89 0.034138570000
90 0.021766030000
91 0.023104910000
92 0.027114040000
93 0.024417980000
94 0.021468190000
95 0.030201990000
96 0.048232770000
97 0.077860470000
98 0.096834250000
99 0.116206980000
100 0.135911070000
101 0.155922270000
102 0.176290010000
103 0.197174340000
104 0.218891650000
105 0.193943660000
106 0.166589420000
107 0.136304460000
108 0.107400790000
109 0.054769800000
110 0.023104950000
111 0.023106110000
112 0.025591050000
113 0.068176070000
114 0.110780440000
115 0.146722680000
116 0.176281330000
117 0.199636520000
118 0.216724950000
119 0.183908220000
120 0.125779180000
121 0.082060850000
122 0.050851130000
123 0.032288600000
124 0.024782130000

[right]
1 0.023104910000
2 0.023104910000
3 0.023105320000
4 0.023105330000
5 0.023105340000
6 0.023105350000
7 0.023105370000
8 0.023105390000
9 0.023105420000
10 0.023104990000
11 0.021281950000
12 0.028462150000
13 0.039492560000
14 0.052940700000
15 0.069155140000
16 0.060191040000
17 0.050061810000
18 0.038681320000
19 0.026264780000
20 0.023105250000
21 0.023108830000
22 0.023112470000
23 0.023186810000
24 0.023095220000
25 0.023100830000
26 0.023102320000
27 0.023103030000
28 0.023103440000
29 0.023104730000
30 0.105919140000
31 0.209692310000
32 0.325113970000
33 0.398546890000
34 0.385777670000
35 0.270643290000
36 0.146443590000
37 0.023104850000
38 0.023104720000
39 0.023104950000
40 0.198392560000
41 0.332627770000
42 0.456844830000
43 0.566303140000
44 0.664990800000
45 0.755564160000
46 0.844055260000
47 0.757324770000
48 0.663946150000
49 0.561968820000
50 0.448566500000
51 0.319492270000
52 0.173587320000
53 0.023104900000
54 0.023104810000
55 0.023104810000
56 0.023104800000
57 0.023104800000
58 0.023104890000
59 0.121362850000
60 0.237395020000
61 0.361256960000
62 0.472971280000
63 0.568879390000
64 0.476784450000
65 0.375307200000
66 0.257547510000
67 0.122141960000
68 0.023105510000
69 0.023105360000
70 0.023105270000
71 0.023104980000
72 0.053498830000
73 0.084893900000
74 0.082945710000
75 0.092287220000
76 0.090750820000
77 0.048784670000
78 0.023104870000
79 0.147692950000
80 0.266684260000
81 0.372118640000
82 0.467137570000
83 0.554811190000
84 0.578500470000
85 0.512151770000
86 0.384313380000
87 0.251971370000
88 0.155072060000
89 0.085710990000
90 0.040673200000
91 0.023104900000
92 0.021096180000
93 0.022801860000
94 0.034478200000
95 0.068095560000
96 0.121755910000
97 0.206425880000
98 0.257221460000
99 0.307253230000
100 0.356433130000
101 0.404784610000
102 0.452496890000
103 0.499984310000
104 0.547954850000
105 0.475256180000
106 0.398897200000
107 0.317857020000
108 0.240186170000
109 0.116463580000
110 0.023104860000
111 0.023103700000
112 0.021711630000
113 0.032744020000
114 0.048031010000
115 0.060579060000
116 0.070495110000
117 0.077933070000
118 0.082960940000
119 0.070725080000
120 0.050197280000
121 0.035099340000
122 0.024984560000
123 0.020945100000
124 0.021966630000
