  0.02310491
  0.02310491
  0.02310532
  0.02310533
  0.02310534
  0.02310535
  0.02310537
  0.02310539
  0.02310542
  0.02310499
  0.02128195
  0.02846215
  0.03949256
  0.05294070
  0.06915514
  0.06019104
  0.05006181
  0.03868132
  0.02626478
  0.02310525
  0.02310883
  0.02311247
  0.02318681
  0.02309522
  0.02310083
  0.02310232
  0.02310303
  0.02310344
  0.02310473
  0.10591914
  0.20969231
  0.32511397
  0.39854689
  0.38577767
  0.27064329
  0.14644359
  0.02310485
  0.02310472
  0.02310495
  0.19839256
  0.33262777
  0.45684483
  0.56630314
  0.66499080
  0.75556416
  0.84405526
  0.75732477
  0.66394615
  0.56196882
  0.44856650
  0.31949227
  0.17358732
  0.02310490
  0.02310481
  0.02310481
  0.02310480
  0.02310480
  0.02310489
  0.12136285
  0.23739502
  0.36125696
  0.47297128
  0.56887939
  0.47678445
  0.37530720
  0.25754751
  0.12214196
  0.02310551
  0.02310536
  0.02310527
  0.02310498
  0.05349883
  0.08489390
  0.08294571
  0.09228722
  0.09075082
  0.04878467
  0.02310487
  0.14769295
  0.26668426
  0.37211864
  0.46713757
  0.55481119
  0.57850047
  0.51215177
  0.38431338
  0.25197137
  0.15507206
  0.08571099
  0.04067320
  0.02310490
  0.02109618
  0.02280186
  0.03447820
  0.06809556
  0.12175591
  0.20642588
  0.25722146
  0.30725323
  0.35643313
  0.40478461
  0.45249689
  0.49998431
  0.54795485
  0.47525618
  0.39889720
  0.31785702
  0.24018617
  0.11646358
  0.02310486
  0.02310370
  0.02171163
  0.03274402
  0.04803101
  0.06057906
  0.07049511
  0.07793307
  0.08296094
  0.07072508
  0.05019728
  0.03509934
  0.02498456
  0.02094510
  0.02196663
