  0.01155245
  0.01155245
  0.02397184
  0.04045321
  0.05886396
  0.07798113
  0.09733056
  0.11675354
  0.13619955
  0.16513277
  0.18677854
  0.20831993
  0.22974914
  0.25106715
  0.27330436
  0.29518915
  0.31710213
  0.33902746
  0.36095068
  0.36692922
  0.38697548
  0.40702184
  0.42706803
  0.44711016
  0.46715672
  0.48720303
  0.50724926
  0.52729547
  0.60824205
  0.63235575
  0.65637867
  0.68065869
  0.62316107
  0.76020592
  0.79438503
  0.82776136
  0.55103812
  0.56257735
  1.15316834
  0.87527178
  0.83493839
  0.79625116
  0.76101901
  0.72829274
  0.69741876
  0.66644502
  0.69681013
  0.72864408
  0.76243515
  0.79887160
  0.83895159
  0.88256337
  0.26549017
  0.26839526
  0.27130210
  0.27420892
  0.27711566
  0.75868289
  0.77597700
  0.79243442
  0.80865084
  0.79112288
  0.76017409
  0.78991091
  0.82179018
  0.84443811
  0.82336741
  0.83315152
  0.80578441
  0.77841645
  0.85769831
  0.82461690
  0.71109699
  0.64613449
  0.65360511
  0.72745832
  0.69144404
  0.70562811
  0.65875319
  0.61187826
  0.56500334
  0.51812841
  0.47125347
  0.42437859
  0.37750364
  0.33062871
  0.28375375
  0.23687880
  0.19000402
  0.14313200
  0.09243681
  0.04944239
  0.01510271
  0.00195062
  0.00019145
  0.00002031
  0.00000141
  0.00000012
  0.00000001
  0.00000000
  0.00000000
  0.00000000
  0.00000000
  0.00000000
  0.00000000
  0.00000000
  0.00000000
  0.00000000
  0.00000000
  0.00000000
  0.00000000
  0.00000000
  0.00000000
  0.00000000
  0.00000000
  0.00000000
  0.00000002
  0.00000009
  0.00000047
  0.00000282
  0.00001648
  0.00009440
  0.00052765
  0.00276069
