  2.10653753
  2.10653753
  2.10653753
  2.12549932
  2.16342291
  2.22030832
  2.29615557
  2.39096466
  2.50473560
  2.63746840
  2.79840273
  2.98043321
  3.18307788
  3.40557538
  3.64672712
  3.90559049
  4.17877787
  4.46555629
  4.76590457
  5.08065256
  5.39780500
  5.73228431
  6.08409128
  6.45322653
  6.83970355
  7.24350658
  7.66463644
  8.10309335
  8.55887739
  9.08462972
  9.63122539
 10.20785503
 10.82431214
 11.41121330
 12.15233837
 12.94170325
 13.76894870
 14.31998080
 14.88255201
 16.03570777
 16.91096999
 17.74442272
 18.53116150
 19.26098193
 19.91569118
 20.47090757
 20.89818127
 21.19697648
 21.35438884
 21.37078201
 21.25674844
 21.03029205
 20.71572449
 20.60939189
 20.50189577
 20.39323543
 20.28341089
 20.17242219
 19.86855913
 19.55776955
 19.21674899
 18.82045615
 18.36329334
 17.84311922
 17.21443526
 16.49788386
 15.72133880
 14.94266666
 14.14628609
 13.37606468
 12.63200327
 11.81215899
 11.02393608
 10.35434580
  9.76497591
  9.19111816
  8.58505259
  8.04364626
  7.50916280
  7.01018512
  6.53058100
  6.06168831
  5.60227366
  5.15786415
  4.73954229
  4.36205595
  4.03611293
  3.76403205
  3.54278634
  3.36867837
  3.23895241
  3.15558500
  3.11175719
  3.10590482
  3.13734050
  3.20435138
  3.30420211
  3.44107448
  3.60698763
  3.79539025
  3.99726704
  4.20081123
  4.39124667
  4.55084963
  4.65919485
  4.69366167
  4.65108010
  4.53350806
  4.33865498
  4.11526690
  3.93530759
  3.76729527
  3.61031849
  3.46614177
  3.33956264
  3.23346092
  3.14912245
  3.08644603
  3.04409402
  3.01949679
  3.00746115
  3.00231174
  3.00051297
  3.00006269
  3.00000000
