1 1 1 0.036674816626
1 1 2 23.856968215159
1 2 1 18.520782396088
1 2 2 23.783618581907
1 3 1 6.344743276284
1 3 2 21.436430317848
1 4 1 0.110024449878
1 4 2 21.436430317848
2 1 1 17.069387755102
2 1 2 0.012244897959
2 2 1 17.069387755102
2 2 2 17.571428571429
2 3 1 20.008163265306
2 3 2 17.595918367347
2 4 1 20.008163265306
2 4 2 -0.036734693878
3 1 1 10.089795918367
3 1 2 8.779591836735
3 2 1 10.016326530612
3 2 2 0.012244897959
3 3 1 7.591836734694
3 3 2 0.012244897959
3 4 1 7.469387755102
3 4 2 8.828571428571
4 1 1 10.775510204082
4 1 2 6.795918367347
4 2 1 10.824489795918
4 2 2 3.195918367347
4 3 1 12.881632653061
4 3 2 3.122448979592
4 4 1 12.881632653061
4 4 2 6.722448979592
5 1 1 11.926530612245
5 1 2 18.820408163265
5 2 1 11.436734693878
5 2 2 15.832653061224
5 3 1 15.232653061224
5 3 2 17.081632653061
5 4 1 15.232653061224
5 4 2 17.081632653061
