  0.01155245
  0.01155245
  0.00120998
  0.00009423
  0.00000725
  0.00000056
  0.00000004
  0.00000000
  0.00000000
  0.00000000
  0.00000000
  0.00000000
  0.00000000
  0.00000000
  0.00000000
  0.00000000
 -0.00000000
  0.00000000
  0.00000000
  0.00000000
  0.00000000
  0.00000000
  0.00000000
  0.00000000
  0.00000000
  0.00000000
  0.00000000
  0.00000000
  0.00000000
  0.00000000
  0.00000000
  0.00000000
  0.00000000
  0.00000000
  0.00000000
  0.00000000
  0.00000000
  0.00000000
  0.00000000
  0.00000000
  0.00000000
  0.00000000
  0.00000000
  0.00000000
  0.00000000
  0.00000000
  0.00000000
  0.00000000
  0.00000001
  0.00000001
  0.00000007
  0.00000060
  0.00000442
  0.00002920
  0.00017707
  0.00123990
  0.00496588
  0.01566326
  0.03614784
  0.06242494
  0.09141323
  0.12194401
  0.15365438
  0.19657881
  0.22709166
  0.25707456
  0.28642611
  0.31506285
  0.34293310
  0.37696108
  0.35676101
  0.33022046
  0.32246139
  0.33318132
  0.36914968
  0.43188047
  0.43957839
  0.44592172
  0.31953067
  0.33061091
  0.34169090
  0.35277086
  0.37021674
  0.39289930
  0.41634722
  0.43459597
  0.43441282
  0.43362712
  0.43826052
  0.43218337
  0.43914566
  0.42814047
  0.41713512
  0.40612927
  0.39512318
  0.38411720
  0.37311108
  0.36210501
  0.48183441
  0.48110175
  0.47872688
  0.47496948
  0.53095448
  0.46357904
  0.42113548
  0.23217462
  0.22172909
  0.21128384
  0.20083865
  0.20730415
  0.20185908
  0.20737251
  0.15637689
  0.14575981
  0.14391124
  0.13670261
  0.11303665
  0.10232928
  0.09163726
  0.08097433
  0.07598897
  0.06599349
  0.05526564
  0.04403584
  0.03203542
  0.02022601
  0.01162215
  0.00420026
  0.00080532
  0.00014886
  0.00002859
  0.00000582
  0.00000127
  0.00000030
  0.00000008
  0.00000001
  0.00000000
  0.00000000
  0.00000000
  0.00000000
  0.00000000
  0.00000000
  0.00000000
  0.00000000
  0.00000000
  0.00000000
  0.00000000
  0.00000000
  0.00000000
  0.00000000
  0.00000000
  0.00000000
  0.00000000
  0.00000000
  0.00000000
  0.00000000
  0.00000000
  0.00000000
  0.00000000
  0.00000004
  0.00000055
  0.00000867
  0.00013593
  0.00207104
  0.01950611
  0.06257563
  0.11480248
  0.17089814
  0.23041753
  0.31494041
  0.37402129
  0.43204002
  0.48914899
  0.54576788
  0.60266604
  0.63905276
  0.65706230
  0.67431305
  0.71323916
  0.62398645
  0.44790807
  0.43747444
  0.38317316
  0.36886696
  0.33699556
  0.28637289
  0.25456899
  0.22282082
  0.20064018
  0.15919143
  0.13114212
  0.10316944
  0.06714685
  0.03413915
