  0.00000000
  0.00000000
 -0.00000870
 -0.00000464
 -0.04381898
 -0.10533453
 -0.17019166
 -0.24077606
 -0.32031863
 -0.41358173
 -0.42114379
 -0.40928153
 -0.31414270
 -0.24048659
 -0.18168923
 -0.12663605
 -0.06282735
  0.00000002
 -0.03054381
  0.00000006
 -0.03756462
 -0.07535226
 -0.09606555
 -0.04772539
  0.00000006
  0.00000031
  0.00000031
  0.00000007
 -0.03649771
 -0.07350459
 -0.03661210
  0.00000017
  0.00000043
  0.00000005
 -0.04289128
 -0.08655446
 -0.13166303
 -0.17899628
 -0.18858697
 -0.14255153
 -0.10438952
 -0.06714647
 -0.02012349
  0.02695439
  0.07449485
  0.12335992
  0.17450521
  0.22905776
  0.28842426
  0.35445203
  0.27868031
  0.21331555
  0.15478821
  0.10076726
  0.04959688
 -0.00000031
 -0.04491197
 -0.09015578
 -0.13770399
 -0.18678117
 -0.23852595
 -0.29396414
 -0.35432729
 -0.42114377
 -0.42114398
 -0.42114399
 -0.42114400
 -0.42114401
 -0.42114401
 -0.42114396
 -0.35319029
 -0.29763220
 -0.25178996
 -0.21092592
 -0.17179880
 -0.13122411
 -0.08644291
 -0.04292431
  0.00000010
  0.00000192
  0.00000213
  0.00000241
  0.00000118
 -0.03095508
 -0.06213774
 -0.07273523
 -0.04128404
 -0.01014839
 -0.03001050
  0.00000068
  0.00000062
  0.00000059
  0.00000057
  0.00000055
  0.00000054
  0.00000053
  0.00000052
  0.00000051
  0.00000008
 -0.04165724
 -0.08403550
 -0.12774702
 -0.14738565
 -0.09597417
 -0.04784119
  0.00000008
  0.00000049
  0.00000050
  0.00000051
  0.00000024
 -0.03216729
 -0.03536489
  0.00000026
  0.00000063
  0.00000029
 -0.03171863
  0.00000095
  0.00000086
  0.00000095
  0.00000107
  0.00000036
 -0.03236671
 -0.06519607
 -0.09878425
 -0.10075867
 -0.06645316
 -0.03297546
 -0.00000007
  0.05063372
  0.10182653
  0.15463228
  0.21019488
  0.26984198
  0.33520208
  0.40836490
  0.42114399
  0.42114400
  0.42114401
  0.42114402
  0.42114402
  0.42114402
  0.42114401
  0.42114400
  0.42114382
  0.34921260
  0.29258275
  0.24382768
  0.19727506
  0.14686563
  0.09669025
  0.04801585
  0.00000004
 -0.06282741
 -0.12767068
 -0.19681284
 -0.27315058
 -0.36074118
 -0.42114405
 -0.36074114
 -0.27315051
 -0.19681276
 -0.12767058
 -0.06282731
  0.00000014
  0.06194106
  0.12492256
  0.19091637
  0.26214937
  0.34138984
  0.42114401
  0.42114402
  0.42114403
  0.42114402
  0.42114401
  0.42114400
  0.34932273
  0.26687378
  0.19414503
  0.12767027
  0.06282720
 -0.00000008
  0.05187061
 -0.00000256
  0.05179097
  0.05207117
 -0.00000363
 -0.00001370
 -0.00001781
  0.05162274
 -0.00005040
 -0.03098381
 -0.08294557
 -0.05076971
  0.00042636
