  0.00000000
  0.00000000
 -0.00001740
 -0.00000928
 -0.08741462
 -0.20763291
 -0.32808207
 -0.44878069
 -0.56976514
 -0.69108598
 -0.69999953
 -0.68595784
 -0.56095837
 -0.44831062
 -0.34854321
 -0.24805591
 -0.12499957
  0.00000004
 -0.06101179
  0.00000012
 -0.07498836
 -0.14957889
 -0.18981800
 -0.09516247
  0.00000012
  0.00000062
  0.00000063
  0.00000014
 -0.07286619
 -0.14596367
 -0.07309375
  0.00000034
  0.00000085
  0.00000011
 -0.08557306
 -0.17141020
 -0.25748099
 -0.34377732
 -0.36067523
 -0.27773447
 -0.20582251
 -0.13349426
 -0.04022528
  0.05385664
  0.14790173
  0.24188909
  0.33579296
  0.42958227
  0.52322239
  0.61667688
  0.50847679
  0.40325140
  0.30021917
  0.19887062
  0.09887033
 -0.00000061
 -0.08958353
 -0.17839471
 -0.26874547
 -0.35750966
 -0.44512117
 -0.53149595
 -0.61651082
 -0.69999951
 -0.69999975
 -0.69999977
 -0.69999978
 -0.69999979
 -0.69999978
 -0.69999973
 -0.61499541
 -0.53693016
 -0.46650744
 -0.39920111
 -0.33095978
 -0.25665989
 -0.17119358
 -0.08563865
  0.00000019
  0.00000384
  0.00000425
  0.00000483
  0.00000235
 -0.06183124
 -0.12364156
 -0.14445717
 -0.08238121
 -0.02029400
 -0.05994908
  0.00000135
  0.00000124
  0.00000119
  0.00000114
  0.00000111
  0.00000108
  0.00000105
  0.00000104
  0.00000102
  0.00000016
 -0.08312251
 -0.16651473
 -0.25014280
 -0.28665294
 -0.18964172
 -0.09539199
  0.00000015
  0.00000098
  0.00000100
  0.00000103
  0.00000048
 -0.06424604
 -0.07061218
  0.00000052
  0.00000127
  0.00000059
 -0.06335236
  0.00000190
  0.00000171
  0.00000190
  0.00000213
  0.00000072
 -0.06464323
 -0.12966060
 -0.19505649
 -0.19885411
 -0.13213195
 -0.06585555
 -0.00000013
  0.10092339
  0.20090564
  0.29993457
  0.39795927
  0.49488855
  0.59058564
  0.68485912
  0.69999977
  0.69999978
  0.69999979
  0.69999980
  0.69999980
  0.69999980
  0.69999979
  0.69999978
  0.69999956
  0.60966826
  0.52944036
  0.45372321
  0.37579940
  0.28569578
  0.19102262
  0.09573811
  0.00000009
 -0.12499969
 -0.24999947
 -0.37499923
 -0.49999897
 -0.62499863
 -0.69999984
 -0.62499857
 -0.49999887
 -0.37499909
 -0.24999929
 -0.12499950
  0.00000029
  0.12325417
  0.24483289
  0.36474752
  0.48289710
  0.59907497
  0.69999979
  0.69999980
  0.69999981
  0.69999981
  0.69999979
  0.69999977
  0.60981630
  0.49027976
  0.37037101
  0.24999870
  0.12499928
 -0.00000017
  0.10337144
 -0.00000512
  0.10321386
  0.10376828
 -0.00000727
 -0.00002741
 -0.00003562
  0.10288119
 -0.00010080
 -0.06188919
 -0.16439546
 -0.10119660
  0.00085277
  0.00000000
