  0.02310491
  0.02310491
  0.02310529
  0.02310532
  0.03259148
  0.06740834
  0.12507385
  0.20629691
  0.31714670
  0.46763481
  0.54733816
  0.60266471
  0.46253308
  0.34221753
  0.28193801
  0.26279242
  0.14879267
  0.02310490
  0.04702023
  0.02310487
  0.06792425
  0.12777720
  0.21189783
  0.11633420
  0.02310488
  0.02310477
  0.02310477
  0.02310486
  0.07675376
  0.13898557
  0.07288278
  0.02310483
  0.02310473
  0.02310487
  0.08643778
  0.15631683
  0.22220640
  0.28493498
  0.27295786
  0.17281720
  0.12497197
  0.10253211
  0.03940015
  0.02233485
  0.03586096
  0.04869010
  0.05973867
  0.06909512
  0.07683290
  0.09444281
  0.06608858
  0.04598411
  0.03172156
  0.02284578
  0.02079930
  0.02310492
  0.02408139
  0.02289385
  0.02118126
  0.02269424
  0.02899467
  0.03889353
  0.05162941
  0.07044789
  0.08032809
  0.09023119
  0.10011194
  0.10992944
  0.11965234
  0.13174834
  0.11150568
  0.09238416
  0.08078740
  0.07394217
  0.07075369
  0.06796421
  0.05127184
  0.03274661
  0.02310493
  0.02310549
  0.02310557
  0.02310568
  0.02310531
  0.02567879
  0.03907175
  0.04501515
  0.03142047
  0.02143862
  0.02685361
  0.02310517
  0.02310515
  0.02310514
  0.02310512
  0.02310511
  0.02310510
  0.02310509
  0.02310508
  0.02310508
  0.02310494
  0.03405386
  0.05438341
  0.07319612
  0.09118415
  0.05804505
  0.03347258
  0.02310492
  0.02310501
  0.02310501
  0.02310501
  0.02310495
  0.02135710
  0.02165532
  0.02310495
  0.02310500
  0.02310495
  0.02096812
  0.02310501
  0.02310499
  0.02310499
  0.02310499
  0.02310493
  0.02153627
  0.02104387
  0.02101697
  0.02144503
  0.02246354
  0.02315954
  0.02310491
  0.02122860
  0.02142469
  0.02744881
  0.03807656
  0.05212076
  0.06962450
  0.09097193
  0.10472486
  0.11475602
  0.12465561
  0.13442225
  0.14406932
  0.15363000
  0.16316204
  0.17275196
  0.17994822
  0.14262131
  0.12014574
  0.10869693
  0.10629498
  0.08428286
  0.05731353
  0.03321662
  0.02310488
  0.12329930
  0.21776122
  0.29770566
  0.36525703
  0.42210313
  0.42572306
  0.31132999
  0.19750366
  0.11640364
  0.06128986
  0.03122787
  0.02310490
  0.02400254
  0.03509235
  0.06657869
  0.11750203
  0.18691881
  0.29112296
  0.34356869
  0.39507153
  0.44576678
  0.49602699
  0.54653510
  0.50638724
  0.42473863
  0.33818241
  0.25165997
  0.12099500
  0.02310487
  0.07561678
  0.02310400
  0.06561762
  0.06130581
  0.02310391
  0.02310142
  0.02310086
  0.04226705
  0.02309657
  0.02098052
  0.02168198
  0.02106003
  0.02311816
