  0.01155245
  0.01155245
  0.00120997
  0.00009423
  0.00000695
  0.00000051
  0.00000004
  0.00000000
  0.00000000
  0.00000000
  0.00000000
  0.00000000
  0.00000000
  0.00000000
  0.00000000
  0.00000000
 -0.00000000
  0.00000000
  0.00000000
  0.00000000
  0.00000000
  0.00000000
  0.00000000
  0.00000000
  0.00000000
  0.00000000
  0.00000000
  0.00000000
  0.00000000
  0.00000000
  0.00000000
  0.00000000
  0.00000000
  0.00000000
  0.00000000
  0.00000000
  0.00000000
  0.00000000
  0.00000000
  0.00000000
  0.00000000
  0.00000000
  0.00000000
  0.00000000
  0.00000000
  0.00000000
  0.00000000
  0.00000000
  0.00000001
  0.00000000
  0.00000005
  0.00000050
  0.00000385
  0.00002663
  0.00016902
  0.00123990
  0.00476062
  0.01441560
  0.03192720
  0.05293345
  0.07438109
  0.09510488
  0.11465425
  0.13998368
  0.16171185
  0.18306265
  0.20396387
  0.22435608
  0.24420247
  0.26843378
  0.26642592
  0.25683561
  0.25968964
  0.27707643
  0.31688658
  0.38356128
  0.40589511
  0.42827370
  0.31953064
  0.33061030
  0.34169020
  0.35277004
  0.37021632
  0.38156052
  0.39290931
  0.40623058
  0.41785220
  0.42944328
  0.42598776
  0.43218309
  0.43914540
  0.42814023
  0.41713489
  0.40612906
  0.39512297
  0.38411700
  0.37311090
  0.36210483
  0.48183437
  0.46260186
  0.44298914
  0.42308371
  0.46514150
  0.42447037
  0.40264308
  0.23217461
  0.22172899
  0.21128374
  0.20083855
  0.20730410
  0.19581228
  0.20056333
  0.15637686
  0.14575972
  0.14391120
  0.13266303
  0.11303654
  0.10232920
  0.09163717
  0.08097424
  0.07598895
  0.06400473
  0.05201040
  0.04022152
  0.02920998
  0.01901307
  0.01126553
  0.00420026
  0.00076799
  0.00013561
  0.00002489
  0.00000484
  0.00000101
  0.00000023
  0.00000006
  0.00000001
  0.00000000
  0.00000000
  0.00000000
  0.00000000
  0.00000000
  0.00000000
  0.00000000
  0.00000000
  0.00000000
  0.00000000
  0.00000000
  0.00000000
  0.00000000
  0.00000000
  0.00000000
  0.00000000
  0.00000000
  0.00000000
  0.00000000
  0.00000000
  0.00000000
  0.00000000
  0.00000000
  0.00000003
  0.00000046
  0.00000773
  0.00012820
  0.00207104
  0.01841131
  0.05587481
  0.09702057
  0.13653682
  0.17354190
  0.22426889
  0.26634035
  0.30765546
  0.34832272
  0.38864100
  0.42915816
  0.47856580
  0.52305597
  0.56837901
  0.63536645
  0.58849207
  0.44790804
  0.41672336
  0.38317221
  0.35139580
  0.32095173
  0.28637189
  0.25456563
  0.22281700
  0.19116642
  0.15918371
  0.12735409
  0.09556023
  0.06402632
  0.03412517
