 -0.80000000
 -0.80000000
 -0.80000000
 -0.80000038
 -0.80000078
 -0.80568395
 -0.82394750
 -0.86094030
 -0.92394724
 -1.02210734
 -1.16754953
 -1.33703643
 -1.52253492
 -1.66411483
 -1.76821427
 -1.85289407
 -1.92986895
 -1.97156043
 -1.97156043
 -1.98250388
 -1.98250385
 -2.00008603
 -2.03639508
 -2.09751145
 -2.12932637
 -2.12932635
 -2.12932623
 -2.12932610
 -2.12932606
 -2.14944361
 -2.18891472
 -2.20791870
 -2.20791864
 -2.20791848
 -2.20791845
 -2.23108632
 -2.27604790
 -2.34168712
 -2.42715291
 -2.50940562
 -2.56076165
 -2.59695814
 -2.62562264
 -2.63375838
 -2.62358071
 -2.59744497
 -2.55747012
 -2.50560127
 -2.44366084
 -2.37339126
 -2.28416591
 -2.22546184
 -2.18840152
 -2.16679787
 -2.15598477
 -2.15219386
 -2.15219387
 -2.15302236
 -2.15254402
 -2.14851309
 -2.13875888
 -2.12106316
 -2.09312206
 -2.05250301
 -1.99355133
 -1.92544779
 -1.84835217
 -1.76245404
 -1.66796783
 -1.56512343
 -1.45207416
 -1.35797512
 -1.28153257
 -1.21614533
 -1.15770273
 -1.10326199
 -1.05292951
 -1.01784275
 -0.99945940
 -0.99945943
 -0.99946006
 -0.99946079
 -0.99946164
 -0.99946208
 -0.98765085
 -0.96323636
 -0.93368908
 -0.91643843
 -0.91208026
 -0.89929614
 -0.89929643
 -0.89929671
 -0.89929696
 -0.89929720
 -0.89929742
 -0.89929764
 -0.89929784
 -0.89929803
 -0.89929822
 -0.89929826
 -0.88002754
 -0.84280073
 -0.78875305
 -0.72019787
 -0.67945968
 -0.66019675
 -0.66019677
 -0.66019688
 -0.66019698
 -0.66019709
 -0.66019714
 -0.65389839
 -0.64680549
 -0.64680553
 -0.64680563
 -0.64680567
 -0.64259796
 -0.64259807
 -0.64259815
 -0.64259824
 -0.64259833
 -0.64259836
 -0.64053845
 -0.63719662
 -0.63337777
 -0.63075425
 -0.62991721
 -0.62993630
 -0.62993630
 -0.62735883
 -0.61920025
 -0.60243319
 -0.57390459
 -0.53023692
 -0.46772681
 -0.38223765
 -0.28194443
 -0.17085341
 -0.04910619
  0.08315409
  0.22579873
  0.37873473
  0.54193127
  0.71545066
  0.89671629
  1.03780224
  1.15469492
  1.25926378
  1.36124712
  1.43953605
  1.48879438
  1.51205819
  1.51205821
  1.47751505
  1.41330492
  1.32354630
  1.21177692
  1.08107639
  0.94823225
  0.85135108
  0.79079729
  0.75639214
  0.74005839
  0.73496550
  0.73496550
  0.73424055
  0.72733469
  0.70882132
  0.67302949
  0.61378421
  0.51933472
  0.40716708
  0.27759982
  0.13090579
 -0.03276804
 -0.21350542
 -0.38067933
 -0.52026926
 -0.63061722
 -0.71173462
 -0.74870793
 -0.74870789
 -0.77032360
 -0.77032262
 -0.78852175
 -0.80523407
 -0.80523303
 -0.80522953
 -0.80522555
 -0.81509404
 -0.81508600
 -0.81114040
 -0.80321861
 -0.79998642
 -0.80000000
