  0.00000000
  0.00000000
  0.17980187
  0.35960373
  0.53940569
  0.71973842
  0.90041464
  1.08146420
  1.26294223
  1.44492507
  1.62745953
  1.81292223
  2.00042172
  2.16939345
  2.31904460
  2.46977553
  2.65435993
  2.84185919
  2.93337709
  3.02498283
  3.13746543
  3.24935122
  3.36057090
  3.50255384
  3.64529686
  3.72339731
  3.80149682
  3.87959338
  3.77029920
  3.66065415
  3.55063612
  3.44099513
  3.35786801
  3.27474090
  3.14638139
  3.01762581
  2.88851961
  2.75907477
  2.62928350
  2.50487163
  2.39700310
  2.28851013
  2.14860644
  2.00748342
  1.86641566
  1.72543447
  1.58457849
  1.44389425
  1.30343354
  1.16324655
  1.00094595
  0.84310764
  0.68855916
  0.53653623
  0.38653571
  0.23822922
  0.10385473
 -0.02936214
 -0.16488839
 -0.29803481
 -0.42945221
 -0.55901456
 -0.68653717
 -0.81177115
 -0.94109934
 -1.06997315
 -1.19829104
 -1.32595013
 -1.45285303
 -1.57891651
 -1.70642493
 -1.82352310
 -1.92915733
 -2.03011694
 -2.13247904
 -2.24392896
 -2.37212847
 -2.50046085
 -2.62891907
 -2.72007721
 -2.81123530
 -2.90239340
 -2.99355149
 -3.08630458
 -3.17902683
 -3.27172199
 -3.36484446
 -3.45797990
 -3.55112036
 -3.64108670
 -3.62515319
 -3.53430200
 -3.44344940
 -3.35259627
 -3.26174292
 -3.17088950
 -3.08003601
 -2.98918252
 -2.89832904
 -2.77364514
 -2.64855677
 -2.52311437
 -2.39735220
 -2.25183509
 -2.11046040
 -1.96737217
 -1.87886288
 -1.79035376
 -1.70184468
 -1.61333563
 -1.51696519
 -1.42015416
 -1.31423447
 -1.22499509
 -1.13575580
 -1.04072562
 -0.94512614
 -0.85544165
 -0.76575715
 -0.67607266
 -0.58638818
 -0.48942151
 -0.39189414
 -0.29379721
 -0.19511069
 -0.09502283
  0.00439490
  0.10318121
  0.25456654
  0.40453998
  0.55308343
  0.70012056
  0.84551459
  0.98906039
  1.13047094
  1.26935881
  1.41006642
  1.55037033
  1.69021757
  1.82957083
  1.96841781
  2.10678165
  2.24473157
  2.38239338
  2.51789102
  2.63823284
  2.75180824
  2.86869312
  2.81528657
  2.67327765
  2.53035117
  2.38674418
  2.19924467
  2.01174508
  1.82424546
  1.63674580
  1.44924611
  1.26174641
  1.07424661
  0.88674679
  0.69924699
  0.51174720
  0.32424744
  0.13674769
 -0.04813327
 -0.23050150
 -0.41037363
 -0.58759823
 -0.76186547
 -0.93270404
 -1.11304163
 -1.29250948
 -1.47103157
 -1.64862253
 -1.82542502
 -2.00175017
 -2.18105523
 -2.36091823
 -2.54147537
 -2.35397684
 -2.16647783
 -2.01141942
 -1.85603552
 -1.70120070
 -1.54628266
 -1.39061018
 -1.23616085
 -1.08171159
 -0.92722248
 -0.77259439
 -0.61806718
 -0.46353780
 -0.30900963
 -0.15448835
  0.00000000
