 19.00000000
 19.00000000
 19.00000000
 18.96907840
 18.90723514
 18.81419635
 18.68913211
 18.52962640
 18.33115163
 18.08661244
 17.78656873
 17.41640383
 16.97550103
 16.52533918
 16.09435258
 15.63733591
 15.05351845
 14.43225190
 14.11295377
 13.78305666
 13.36728817
 12.93834732
 12.50021279
 11.93173947
 11.35546703
 11.03354815
 10.70473284
 10.36902074
  9.88955490
  9.42211736
  8.97254920
  8.54952810
  8.24296339
  7.94380492
  7.49330057
  7.05911922
  6.64884224
  6.26923013
  5.92674379
  5.64097905
  5.42809589
  5.23783068
  5.01665398
  4.81718548
  4.63356947
  4.45984990
  4.29209247
  4.12817765
  3.96755838
  3.81099161
  3.63608049
  3.47679497
  3.33897961
  3.22519345
  3.13638706
  3.07267076
  3.03700109
  3.02158505
  3.02601666
  3.05047387
  3.09422138
  3.15676161
  3.23778027
  3.33713180
  3.46118279
  3.60865694
  3.78032689
  3.97648458
  4.19673264
  4.43978309
  4.70821256
  4.97276305
  5.22380417
  5.47270478
  5.73253811
  6.02276923
  6.36516758
  6.71784056
  7.08229163
  7.35107402
  7.62917639
  7.91659906
  8.21334200
  8.52476056
  8.84572172
  9.17369676
  9.50722970
  9.84310764
 10.18384465
 10.52070674
 10.85905821
 11.20286048
 11.53804699
 11.86461760
 12.18257191
 12.49190973
 12.79263114
 13.08473602
 13.36822441
 13.74544795
 14.10761455
 14.44905128
 14.76488732
 15.09489362
 15.37484601
 15.62785597
 15.77024221
 15.90622243
 16.03579688
 16.15896557
 16.28609944
 16.40618566
 16.52818532
 16.62242345
 16.71026253
 16.79698744
 16.87693203
 16.94466093
 17.00596294
 17.06083805
 17.10928626
 17.15471961
 17.19285925
 17.22349254
 17.24649218
 17.26190309
 17.26933160
 17.26899060
 17.25672165
 17.22673426
 17.17970174
 17.11676966
 17.03986150
 16.95200326
 16.85769083
 16.76330586
 16.67447845
 16.60108747
 16.55193594
 16.53652033
 16.56465279
 16.64595528
 16.78923437
 17.00175034
 17.28408281
 17.59972964
 17.94383210
 18.33610167
 18.82817791
 19.34958198
 19.85464435
 20.33751891
 20.93317510
 21.48203734
 21.98278643
 22.43320293
 22.82994516
 23.16915594
 23.44751736
 23.66569292
 23.83243918
 23.95671521
 24.04451839
 24.09918085
 24.12178507
 24.11393683
 24.07689720
 24.01242294
 23.92354874
 23.81537037
 23.68619933
 23.55401389
 23.43217937
 23.33672217
 23.28599198
 23.30005213
 23.40145400
 23.59579611
 23.87834515
 24.25298476
 24.63735733
 24.94224503
 25.22590567
 25.49273435
 25.73743471
 25.96508963
 26.17156171
 26.35510152
 26.51575027
 26.65357864
 26.76943011
 26.86211063
 26.93135961
 26.97717245
 27.00000000
