  0.00000000
  0.74845148
  0.74842022
  0.74839216
  0.74836509
  0.74833840
  0.74831162
  0.74828442
  0.74825663
  0.74822836
  0.74820012
  0.74817395
  0.74818067
  0.74813544
  0.74809307
  0.74805005
  0.74800549
  0.74795909
  0.74791215
  0.74786863
  0.74782326
  0.74777614
  0.74772792
  0.74767956
  0.74763516
  0.74750491
  0.74744007
  0.74737317
  0.74731245
  0.74728081
  0.74718314
  0.74709747
  0.74702469
  0.74695256
  0.74680042
  0.74668825
  0.74657665
  0.74645941
  0.74633413
  0.74619910
  0.74605330
  0.74589525
  0.74572334
  0.74553562
  0.74530266
  0.74509833
  0.74485552
  0.74456772
  0.74426000
  0.74390567
  0.74350502
  0.74304156
  0.74250589
  0.74187797
  0.74113384
  0.74023636
  0.73913232
  0.73774265
  0.73594514
  0.73354708
  0.73019815
  0.72519768
  0.71711815
  0.70203968
  0.66512882
  0.39340040
  0.01932054
  0.00078096
  0.00234616
  0.00411384
  0.00561467
  0.00167513
 -0.04260336
 -0.06600286
 -0.05848714
 -0.01903890
  0.03286637
  0.07002699
  0.03358826
  0.00007402
  0.00072999
  0.00339782
  0.00589241
  0.01011406
  0.02973022
  0.00771354
  0.00712101
 -0.00299271
 -0.03258737
 -0.00263656
  0.02436618
  0.03150275
  0.00367766
  0.00068780
  0.00077538
 -0.01972016
 -0.64302983
 -0.72055413
 -0.73349621
 -0.73863430
 -0.74142421
 -0.74309361
 -0.74420897
 -0.74501627
 -0.74562259
 -0.74609617
 -0.74647552
 -0.74679125
 -0.74705390
 -0.74726970
 -0.74745486
 -0.74761625
 -0.74775566
 -0.74788714
 -0.74798809
 -0.74810187
 -0.74819968
 -0.74831154
 -0.74839826
 -0.74847282
 -0.74853905
 -0.74859603
 -0.74864805
 -0.74869523
 -0.74873849
 -0.74877832
 -0.74882005
 -0.74885750
 -0.74886899
 -0.74887452
 -0.74887483
 -0.74887027
 -0.74886080
 -0.74884631
 -0.74882661
 -0.74880202
 -0.74789489
 -0.74785000
 -0.74797532
 -0.74793688
 -0.74790776
 -0.74788384
 -0.74786400
 -0.74784994
 -0.74784427
 -0.74782798
 -0.74780622
 -0.74778041
 -0.74775232
 -0.74773196
 -0.74767186
 -0.74761025
 -0.74840454
 -0.74833761
 -0.74825734
 -0.74815891
 -0.74803688
 -0.74788362
 -0.74768768
 -0.74743093
 -0.74708311
 -0.74658913
 -0.74583865
 -0.74477352
 -0.74240661
 -0.73607012
 -0.66534262
  0.73339576
  0.74246002
  0.74512838
  0.74640537
  0.74715153
  0.74763887
  0.74798258
  0.74824973
  0.74842955
  0.74855217
  0.74864508
  0.74871744
  0.74877461
  0.74882021
  0.74885668
  0.74888586
  0.74890969
  0.00000000
