  0.01155245
  0.01155245
  0.00818908
  0.00562084
  0.00375018
  0.00244380
  0.00156363
  0.00098728
  0.00061738
  0.00038298
  0.00023544
  0.00014242
  0.00007687
  0.00004884
  0.00003097
  0.00001961
  0.00001241
  0.00000786
  0.00000493
  0.00000299
  0.00000178
  0.00000106
  0.00000062
  0.00000036
  0.00000020
  0.00000017
  0.00000011
  0.00000007
  0.00000004
  0.00000002
  0.00000001
  0.00000001
  0.00000001
  0.00000000
  0.00000000
  0.00000000
  0.00000000
  0.00000000
  0.00000000
  0.00000000
  0.00000000
  0.00000000
  0.00000000
  0.00000000
  0.00000000
  0.00000000
  0.00000000
  0.00000000
  0.00000000
  0.00000000
  0.00000000
  0.00000000
  0.00000000
  0.00000000
  0.00000000
  0.00000000
  0.00000000
  0.00000000
  0.00000000
  0.00000000
  0.00000000
  0.00000000
  0.00000000
  0.00000000
  0.00000000
  0.00000000
  0.00000000
  0.00000000
  0.00000000
  0.00000000
  0.00000000
  0.00000000
  0.00000000
  0.00000000
  0.00000000
  0.00000000
  0.00000000
  0.00000000
  0.00000000
  0.00000000
  0.00000000
  0.00000000
  0.00000000
  0.00000000
  0.00000000
 -0.00000000
 -0.00000000
  0.00000000
 -0.00000000
  0.00000000
  0.00000000
  0.00000000
 -0.00000000
  0.00000000
  0.00000000
 -0.00000000
  0.00000000
  0.00000000
  0.00000000
  0.00000000
  0.00000000
  0.00000000
  0.00000000
  0.00000000
  0.00000000
  0.00000000
  0.00000000
  0.00000000
  0.00000000
  0.00000000
  0.00000000
  0.00000000
  0.00000000
  0.00000000
  0.00000000
  0.00000000
  0.00000000
  0.00000000
  0.00000000
  0.00000000
  0.00000000
  0.00000000
  0.00000000
  0.00000000
  0.00000000
  0.00000000
  0.00000001
  0.00000001
  0.00000004
  0.00000011
  0.00000029
  0.00000074
  0.00000186
  0.00000460
  0.00001122
  0.00002686
  0.00065793
  0.00090046
  0.00097649
  0.00139830
  0.00197551
  0.00276383
  0.00382823
  0.00522738
  0.00694682
  0.00902518
  0.01151380
  0.01441607
  0.01771515
  0.02143165
  0.02558798
  0.03002919
  0.05076844
  0.06528715
  0.08072500
  0.09694543
  0.11390941
  0.13161804
  0.15009804
  0.16939158
  0.18957101
  0.21072345
  0.23299968
  0.26806871
  0.28662808
  0.30522694
  0.32310224
  0.37091536
  0.35041063
  0.32889168
  0.30714991
  0.28509298
  0.26275812
  0.24039460
  0.21931993
  0.18976616
  0.16070436
  0.13442483
  0.11051169
  0.08862382
  0.06858795
  0.05041937
  0.03441837
  0.02122566
