  0.01007689
  0.10612644
  0.10610959
  0.10610093
  0.10609533
  0.10609218
  0.10609245
  0.10609555
  0.10610039
  0.10610861
  0.10613264
  0.10608843
  0.10607394
  0.10606654
  0.10606235
  0.10606197
  0.10606256
  0.10606359
  0.10606485
  0.10606628
  0.10606792
  0.10606984
  0.10607206
  0.10607496
  0.10608297
  0.10613805
  0.10610811
  0.10610008
  0.10593194
  0.10597633
  0.10603985
  0.10603544
  0.10603972
  0.10606078
  0.10607193
  0.10608684
  0.10612987
  0.10605666
  0.10606178
  0.10609050
  0.10612200
  0.10615086
  0.10609696
  0.10623509
  0.10625435
  0.10627708
  0.10630847
  0.10633487
  0.10636553
  0.10639420
  0.10642987
  0.10646520
  0.10650798
  0.10656044
  0.10661998
  0.10668158
  0.10674656
  0.10684588
  0.10704564
  0.10707100
  0.10708112
  0.10710076
  0.10718014
  0.10731833
  0.10905417
  0.10115507
  0.09390493
  0.09673721
  0.10718637
  0.11023012
  0.11147317
  0.10605358
  0.09105986
  0.08143723
  0.07692878
  0.07746204
  0.08391021
  0.09906635
  0.10793462
  0.10835735
  0.10874636
  0.10911837
  0.10942316
  0.10967587
  0.10991437
  0.14671477
  0.14699147
  0.14726766
  0.14754304
  0.14757923
  0.10913565
  0.11640013
  0.14388726
  0.14996823
  0.14982873
  0.13298489
  0.13280223
  0.13264058
  0.13248612
  0.13233057
  0.13218713
  0.13203608
  0.13186240
  0.13167507
  0.13146411
  0.13124807
  0.13409581
  0.13557170
  0.13455957
  0.13367484
  0.13291041
  0.13224730
  0.13166802
  0.13115660
  0.13069931
  0.13028505
  0.12990735
  0.09848554
  0.09846202
  0.09852413
  0.09834286
  0.09813661
  0.09809386
  0.09833051
  0.09855320
  0.09672455
  0.09672341
  0.09673174
  0.09674052
  0.12367838
  0.12339686
  0.12311594
  0.12282784
  0.12252893
  0.12221746
  0.12188971
  0.12154918
  0.12119837
  0.12084747
  0.12053020
  0.12108028
  0.12111649
  0.12116227
  0.12123467
  0.12129004
  0.12135721
  0.12050891
  0.12205067
  0.12204476
  0.12205015
  0.12316109
  0.12324580
  0.12332324
  0.12340116
  0.12347989
  0.12355695
  0.12374113
  0.12495715
  0.12568970
  0.10557860
  0.11350154
  0.11171181
  0.10858257
  0.10961271
  0.11896039
  0.12241289
  0.12216769
  0.12113774
  0.13465351
  0.09817249
  0.08676802
  0.09052189
  0.11099325
  0.11502679
  0.11500565
  0.11514287
  0.11540037
  0.11568452
  0.11594792
  0.11621134
  0.11645486
  0.11668143
  0.23218654
  0.23300149
  0.23359417
  0.23393014
  0.23390775
  0.23335729
  0.23917318
  0.23748209
  0.23579003
  0.23427907
  0.23313072
  0.24007977
  0.23186447
  0.22637803
  0.22231366
  0.21907867
  0.21632936
  0.21388171
  0.21151702
  0.20916854
  0.20672851
  0.20409213
  0.20114535
  0.19774564
  0.20811915
  0.20820407
  0.21377046
  0.21436808
  0.24206320
  0.23448386
  0.22908616
  0.22497474
  0.22164536
  0.21878900
