task_id 20

[x]
1 2.796610170000
2 2.796610170000
3 2.796610170000
4 2.796835520000
5 2.797286840000
6 2.797976520000
7 2.798933050000
8 2.800200460000
9 2.801833550000
10 2.803891680000
11 2.806432050000
12 2.809501900000
13 2.813129280000
14 2.817373670000
15 2.822026180000
16 2.826850170000
17 2.831509850000
18 2.835565850000
19 2.838473170000
20 2.839591830000
21 2.838232230000
22 2.833921190000
23 2.826572850000
24 2.816307180000
25 2.803410230000
26 2.788311750000
27 2.772248590000
28 2.755678940000
29 2.739212710000
30 2.723079070000
31 2.707015240000
32 2.690809800000
33 2.673092380000
34 2.652469860000
35 2.628588950000
36 2.603155650000
37 2.577407230000
38 2.552171600000
39 2.527790900000
40 2.504415830000
41 2.482133350000
42 2.461006360000
43 2.441090860000
44 2.422440030000
45 2.405105930000
46 2.389245610000
47 2.374727900000
48 2.361672620000
49 2.350192160000
50 2.340327100000
51 2.332157800000
52 2.325739760000
53 2.321133700000
54 2.318394780000
55 2.317574080000
56 2.318717150000
57 2.321867800000
58 2.327063480000
59 2.334336850000
60 2.343725560000
61 2.355387490000
62 2.370656710000
63 2.394220630000
64 2.432233120000
65 2.491694440000
66 2.580265440000
67 2.706300730000
68 2.878669160000
69 3.103075420000
70 3.385274100000
71 3.729560480000
72 4.138302990000
73 4.610339250000
74 5.156229410000
75 5.630213890000
76 6.041528590000
77 6.416647140000
78 6.782439920000
79 7.167654510000
80 7.606658300000
81 8.067999250000
82 8.507814210000
83 8.926316390000
84 9.326019920000
85 9.710653670000
86 10.087774220000
87 10.561875490000
88 11.034087860000
89 11.516835640000
90 11.988999060000
91 12.389446010000
92 12.800431900000
93 13.275406800000
94 13.879996040000
95 14.543148400000
96 15.239541260000
97 15.945976120000
98 16.649337000000
99 17.326558650000
100 17.973429490000
101 18.593423130000
102 19.195400850000
103 19.781307630000
104 20.350947560000
105 20.904897050000
106 21.442977510000
107 21.965322850000
108 22.471959440000
109 22.963663530000
110 23.440273670000
111 23.897716280000
112 24.331993880000
113 24.738760900000
114 25.112735470000
115 25.449585310000
116 25.740807410000
117 25.983452380000
118 26.169725420000
119 26.295082120000
120 26.352219410000
121 26.346443530000
122 26.285659240000
123 26.178963390000
124 26.035687280000
125 25.864880780000
126 25.674911910000
127 25.473270410000
128 25.265628870000
129 25.056613650000
130 24.854848670000
131 24.663781010000
132 24.485389330000
133 24.320771700000
134 24.170524520000
135 24.034936150000
136 23.914106400000
137 23.807971940000
138 23.755182280000
139 23.707577220000
140 23.661417130000
141 23.621071730000
142 23.586349620000
143 23.557194650000
144 23.533585300000
145 23.515489070000
146 23.502867740000
147 23.495820870000
148 23.494367130000
149 23.498513210000
150 23.508279380000
151 23.523784770000
152 23.544840520000
153 23.571288560000
154 23.620602060000
155 23.682706390000
156 23.757481180000
157 23.844812350000
158 23.944598840000
159 24.056746110000
160 24.181150080000
161 24.317663840000
162 24.466058930000
163 24.625948720000
164 24.796731770000
165 24.986618000000
166 25.187187340000
167 25.396460890000
168 25.611340800000
169 25.847685710000
170 26.057212140000
171 26.239447080000
172 26.395285590000
173 26.526226520000
174 26.634269400000
175 26.721820160000
176 26.791839650000
177 26.846241910000
178 26.888155820000
179 26.920545990000
180 26.945594340000
181 26.964847950000
182 26.979363730000
183 26.989823720000
184 26.996632660000
185 27.000000000000

[y]
1 27.875302660000
2 27.875302660000
3 27.875302660000
4 27.867302870000
5 27.851376140000
6 27.827551690000
7 27.795837940000
8 27.756231880000
9 27.708724220000
10 27.653299750000
11 27.589929430000
12 27.518548780000
13 27.438973540000
14 27.349391670000
15 27.251992900000
16 27.146623340000
17 27.033259700000
18 26.911912490000
19 26.782603570000
20 26.645272540000
21 26.499585960000
22 26.345564870000
23 26.183216030000
24 26.012470740000
25 25.833139380000
26 25.644627810000
27 25.453674300000
28 25.255063240000
29 25.048691210000
30 24.833733040000
31 24.607308250000
32 24.374447210000
33 24.133864110000
34 23.884121880000
35 23.624663750000
36 23.361787590000
37 23.091607070000
38 22.813432490000
39 22.527044680000
40 22.232356860000
41 21.929344540000
42 21.617967970000
43 21.298193350000
44 20.969983760000
45 20.633298420000
46 20.290352270000
47 19.937358320000
48 19.575239670000
49 19.205172870000
50 18.826167470000
51 18.438623820000
52 18.042376310000
53 17.637643500000
54 17.224365480000
55 16.802566840000
56 16.372180420000
57 15.933197020000
58 15.485654500000
59 15.029587020000
60 14.564916170000
61 14.091283950000
62 13.608804450000
63 13.118644550000
64 12.621250930000
65 12.117514370000
66 11.609579710000
67 11.100311460000
68 10.594578250000
69 10.107218490000
70 9.648450060000
71 9.230717450000
72 8.869031070000
73 8.582145740000
74 8.386437040000
75 8.322939010000
76 8.331593410000
77 8.384603450000
78 8.474206300000
79 8.606414970000
80 8.802012180000
81 9.061424360000
82 9.362598110000
83 9.696814210000
84 10.056373280000
85 10.434292510000
86 10.827289860000
87 11.336394370000
88 11.843708290000
89 12.338114200000
90 12.777399920000
91 13.102334650000
92 13.389617790000
93 13.665650080000
94 13.935274570000
95 14.118540410000
96 14.180018330000
97 14.131664300000
98 13.989997850000
99 13.777916050000
100 13.518966430000
101 13.233371540000
102 12.936503920000
103 12.642753880000
104 12.354167290000
105 12.070704970000
106 11.792640830000
107 11.520072400000
108 11.253140600000
109 10.991568190000
110 10.734871710000
111 10.477578440000
112 10.212759840000
113 9.934621130000
114 9.639215590000
115 9.323128940000
116 8.988265860000
117 8.632809920000
118 8.261960000000
119 7.877936210000
120 7.493405840000
121 7.121090380000
122 6.770759870000
123 6.449985500000
124 6.163050470000
125 5.912236870000
126 5.697979090000
127 5.519307480000
128 5.373611270000
129 5.257996020000
130 5.168833130000
131 5.100035790000
132 5.046681820000
133 5.004905620000
134 4.971742970000
135 4.944969180000
136 4.922963020000
137 4.904583620000
138 4.895647120000
139 4.887587820000
140 4.879759530000
141 4.872914620000
142 4.867052350000
143 4.862172410000
144 4.858263910000
145 4.855303410000
146 4.853261290000
147 4.852130060000
148 4.851897560000
149 4.852560230000
150 4.854123140000
151 4.856609230000
152 4.859989300000
153 4.864230900000
154 4.872148920000
155 4.882121410000
156 4.893968970000
157 4.907355990000
158 4.921748850000
159 4.936371800000
160 4.950160650000
161 4.961713850000
162 4.969243260000
163 4.970523320000
164 4.962843310000
165 4.941954300000
166 4.903419510000
167 4.844229240000
168 4.761616830000
169 4.643400420000
170 4.507649190000
171 4.360329940000
172 4.206675590000
173 4.051367210000
174 3.898451470000
175 3.751208110000
176 3.611457360000
177 3.482366480000
178 3.366498770000
179 3.264702860000
180 3.177378870000
181 3.104695180000
182 3.046681280000
183 3.003293220000
184 2.974448050000
185 2.960048430000

[theta]
1 -1.542634760000
2 -1.542634760000
3 -1.542634760000
4 -1.542466200000
5 -1.541855920000
6 -1.540644180000
7 -1.538806910000
8 -1.536434420000
9 -1.533679480000
10 -1.530730140000
11 -1.527816110000
12 -1.525243710000
13 -1.523451760000
14 -1.523064860000
15 -1.525046610000
16 -1.529715500000
17 -1.537383930000
18 -1.548316520000
19 -1.562650760000
20 -1.580128240000
21 -1.598778800000
22 -1.616028070000
23 -1.630846820000
24 -1.642589760000
25 -1.650719110000
26 -1.654719110000
27 -1.654031080000
28 -1.650416580000
29 -1.645710650000
30 -1.641623180000
31 -1.640277110000
32 -1.644307270000
33 -1.653184600000
34 -1.662579160000
35 -1.667246300000
36 -1.665810180000
37 -1.661267370000
38 -1.655723290000
39 -1.649952010000
40 -1.644200720000
41 -1.638542690000
42 -1.632995740000
43 -1.627561140000
44 -1.622235380000
45 -1.617011340000
46 -1.611900610000
47 -1.606833140000
48 -1.601809120000
49 -1.596819180000
50 -1.591872830000
51 -1.586991860000
52 -1.582176250000
53 -1.577423460000
54 -1.572742000000
55 -1.568140380000
56 -1.563619280000
57 -1.559187460000
58 -1.554849670000
59 -1.550594010000
60 -1.546178900000
61 -1.539159550000
62 -1.522759380000
63 -1.494521260000
64 -1.453299470000
65 -1.398157340000
66 -1.328187880000
67 -1.242315030000
68 -1.139283660000
69 -1.019331560000
70 -0.881485080000
71 -0.724396130000
72 -0.546106470000
73 -0.344241840000
74 -0.133173250000
75 0.021036470000
76 0.140385720000
77 0.240225360000
78 0.330611590000
79 0.419145650000
80 0.512237030000
81 0.600433820000
82 0.673887110000
83 0.732574390000
84 0.776593070000
85 0.806011390000
86 0.820984170000
87 0.821218030000
88 0.797328310000
89 0.749341620000
90 0.681671500000
91 0.610060710000
92 0.526444220000
93 0.419490180000
94 0.269627040000
95 0.088052580000
96 -0.068341390000
97 -0.198754290000
98 -0.303490200000
99 -0.380774630000
100 -0.431668220000
101 -0.458155660000
102 -0.464734720000
103 -0.468923390000
104 -0.472972830000
105 -0.476973870000
106 -0.480948120000
107 -0.484912100000
108 -0.488896230000
109 -0.494039420000
110 -0.512359220000
111 -0.547587730000
112 -0.599756250000
113 -0.668556980000
114 -0.753609560000
115 -0.854988280000
116 -0.971823330000
117 -1.105320940000
118 -1.255271960000
119 -1.423285790000
120 -1.586308460000
121 -1.742591610000
122 -1.891904270000
123 -2.033910130000
124 -2.168663080000
125 -2.296179280000
126 -2.416518520000
127 -2.529745550000
128 -2.636339810000
129 -2.725482870000
130 -2.795976910000
131 -2.850977070000
132 -2.893062190000
133 -2.924355160000
134 -2.946637000000
135 -2.961441860000
136 -2.970122280000
137 -2.973897480000
138 -2.973887480000
139 -2.973600920000
140 -2.973535030000
141 -2.974336130000
142 -2.975750420000
143 -2.977531870000
144 -2.979431550000
145 -2.981184080000
146 -2.982420200000
147 -2.983008800000
148 -2.983105240000
149 -2.982904580000
150 -2.982608830000
151 -2.982421520000
152 -2.982571980000
153 -2.982386620000
154 -2.982375430000
155 -2.984455520000
156 -2.989486430000
157 -2.998344020000
158 -3.011933510000
159 -3.031203870000
160 -3.057163560000
161 -3.090897170000
162 -3.133586920000
163 -3.186531760000
164 -3.251160130000
165 -3.331406700000
166 -3.417230020000
167 -3.508629780000
168 -3.605389020000
169 -3.716486990000
170 -3.821436370000
171 -3.919933690000
172 -4.011912760000
173 -4.097279400000
174 -4.175950260000
175 -4.247916730000
176 -4.313549410000
177 -4.365294420000
178 -4.404331200000
179 -4.433045350000
180 -4.453440580000
181 -4.467210590000
182 -4.475823290000
183 -4.480580990000
184 -4.482667620000
185 -4.483185310000

[v]
1 0.000000000000
2 0.000000000000
3 0.077574050000
4 0.154785360000
5 0.231822700000
6 0.308764640000
7 0.385662850000
8 0.462550980000
9 0.539451240000
10 0.616381970000
11 0.693369350000
12 0.770466030000
13 0.847819280000
14 0.926961670000
15 1.005660070000
16 1.084124620000
17 1.162411900000
18 1.240541670000
19 1.318525480000
20 1.396426830000
21 1.474453930000
22 1.552601960000
23 1.630873750000
24 1.709298970000
25 1.787944550000
26 1.867023820000
27 1.943746150000
28 2.020384470000
29 2.096967400000
30 2.173789140000
31 2.251822550000
32 2.329275650000
33 2.406649820000
34 2.484433710000
35 2.562770310000
36 2.639731050000
37 2.716502000000
38 2.793266710000
39 2.870076470000
40 2.946947730000
41 3.023880910000
42 3.100880510000
43 3.177949110000
44 3.255089560000
45 3.332305060000
46 3.409090260000
47 3.486306620000
48 3.563724160000
49 3.641079300000
50 3.718576670000
51 3.796122460000
52 3.873741290000
53 3.951380130000
54 4.029041110000
55 4.106708150000
56 4.184379860000
57 4.262040070000
58 4.339659100000
59 4.417200490000
60 4.494634610000
61 4.571957270000
62 4.649053780000
63 4.725601260000
64 4.801301740000
65 4.875469050000
66 4.945809960000
67 4.987535340000
68 4.989605330000
69 4.989689920000
70 4.989943310000
71 4.990389590000
72 4.991003670000
73 4.991189660000
74 4.986244640000
75 4.979916180000
76 4.975082970000
77 4.973633130000
78 4.976122340000
79 4.981854840000
80 4.985095690000
81 4.985104540000
82 4.985182430000
83 4.985547470000
84 4.986182890000
85 4.987276600000
86 4.990522440000
87 4.991597730000
88 4.992586500000
89 4.992172300000
90 4.987961790000
91 4.987689170000
92 4.990138990000
93 4.993607430000
94 4.994094940000
95 4.994189690000
96 4.994298060000
97 4.991502370000
98 4.899074150000
99 4.794698580000
100 4.688105310000
101 4.580556690000
102 4.471914220000
103 4.363003650000
104 4.254081050000
105 4.145104310000
106 4.036154120000
107 3.927241480000
108 3.818393420000
109 3.709466670000
110 3.600445320000
111 3.491515860000
112 3.382625140000
113 3.273715200000
114 3.164860330000
115 3.055702020000
116 2.947070750000
117 2.837820970000
118 2.728404290000
119 2.617609690000
120 2.506461920000
121 2.395268720000
122 2.284152170000
123 2.173360280000
124 2.062884080000
125 1.952750850000
126 1.842957540000
127 1.733497680000
128 1.623924870000
129 1.513776710000
130 1.404651220000
131 1.296383380000
132 1.188822540000
133 1.081838520000
134 0.975332470000
135 0.869219490000
136 0.763413220000
137 0.657760720000
138 0.596883190000
139 0.536388880000
140 0.471101170000
141 0.406132070000
142 0.341285030000
143 0.276506730000
144 0.211781720000
145 0.147030240000
146 0.081999120000
147 0.016909270000
148 -0.048198760000
149 -0.113339680000
150 -0.178591330000
151 -0.244338960000
152 -0.309594040000
153 -0.374277140000
154 -0.474147370000
155 -0.573421060000
156 -0.672211850000
157 -0.770545110000
158 -0.868419230000
159 -0.965818150000
160 -1.062715200000
161 -1.159071550000
162 -1.254843110000
163 -1.349975160000
164 -1.444425290000
165 -1.542924950000
166 -1.641197600000
167 -1.738737840000
168 -1.826830960000
169 -1.720741140000
170 -1.613018970000
171 -1.504769100000
172 -1.396213720000
173 -1.287507570000
174 -1.178783350000
175 -1.070083220000
176 -0.960783910000
177 -0.851660070000
178 -0.743361740000
179 -0.635777740000
180 -0.528794460000
181 -0.422324390000
182 -0.316289300000
183 -0.210619280000
184 -0.105237620000
185 0.000000000000

[a]
1 0.000000000000
2 0.748451480000
3 0.748420220000
4 0.748392160000
5 0.748365090000
6 0.748338400000
7 0.748311620000
8 0.748284420000
9 0.748256630000
10 0.748228360000
11 0.748200120000
12 0.748173950000
13 0.748180670000
14 0.748135440000
15 0.748093070000
16 0.748050050000
17 0.748005490000
18 0.747959090000
19 0.747912150000
20 0.747868630000
21 0.747823260000
22 0.747776140000
23 0.747727920000
24 0.747679560000
25 0.747635160000
26 0.747504910000
27 0.747440070000
28 0.747373170000
29 0.747312450000
30 0.747280810000
31 0.747183140000
32 0.747097470000
33 0.747024690000
34 0.746952560000
35 0.746800420000
36 0.746688250000
37 0.746576650000
38 0.746459410000
39 0.746334130000
40 0.746199100000
41 0.746053300000
42 0.745895250000
43 0.745723340000
44 0.745535620000
45 0.745302660000
46 0.745098330000
47 0.744855520000
48 0.744567720000
49 0.744260000000
50 0.743905670000
51 0.743505020000
52 0.743041560000
53 0.742505890000
54 0.741877970000
55 0.741133840000
56 0.740236360000
57 0.739132320000
58 0.737742650000
59 0.735945140000
60 0.733547080000
61 0.730198150000
62 0.725197680000
63 0.717118150000
64 0.702039680000
65 0.665128820000
66 0.393400400000
67 0.019320540000
68 0.000780960000
69 0.002346160000
70 0.004113840000
71 0.005614670000
72 0.001675130000
73 -0.042603360000
74 -0.066002860000
75 -0.058487140000
76 -0.019038900000
77 0.032866370000
78 0.070026990000
79 0.033588260000
80 0.000074020000
81 0.000729990000
82 0.003397820000
83 0.005892410000
84 0.010114060000
85 0.029730220000
86 0.007713540000
87 0.007121010000
88 -0.002992710000
89 -0.032587370000
90 -0.002636560000
91 0.024366180000
92 0.031502750000
93 0.003677660000
94 0.000687800000
95 0.000775380000
96 -0.019720160000
97 -0.643029830000
98 -0.720554130000
99 -0.733496210000
100 -0.738634300000
101 -0.741424210000
102 -0.743093610000
103 -0.744208970000
104 -0.745016270000
105 -0.745622590000
106 -0.746096170000
107 -0.746475520000
108 -0.746791250000
109 -0.747053900000
110 -0.747269700000
111 -0.747454860000
112 -0.747616250000
113 -0.747755660000
114 -0.747887140000
115 -0.747988090000
116 -0.748101870000
117 -0.748199680000
118 -0.748311540000
119 -0.748398260000
120 -0.748472820000
121 -0.748539050000
122 -0.748596030000
123 -0.748648050000
124 -0.748695230000
125 -0.748738490000
126 -0.748778320000
127 -0.748820050000
128 -0.748857500000
129 -0.748868990000
130 -0.748874520000
131 -0.748874830000
132 -0.748870270000
133 -0.748860800000
134 -0.748846310000
135 -0.748826610000
136 -0.748802020000
137 -0.747894890000
138 -0.747850000000
139 -0.747975320000
140 -0.747936880000
141 -0.747907760000
142 -0.747883840000
143 -0.747864000000
144 -0.747849940000
145 -0.747844270000
146 -0.747827980000
147 -0.747806220000
148 -0.747780410000
149 -0.747752320000
150 -0.747731960000
151 -0.747671860000
152 -0.747610250000
153 -0.748404540000
154 -0.748337610000
155 -0.748257340000
156 -0.748158910000
157 -0.748036880000
158 -0.747883620000
159 -0.747687680000
160 -0.747430930000
161 -0.747083110000
162 -0.746589130000
163 -0.745838650000
164 -0.744773520000
165 -0.742406610000
166 -0.736070120000
167 -0.665342620000
168 0.733395760000
169 0.742460020000
170 0.745128380000
171 0.746405370000
172 0.747151530000
173 0.747638870000
174 0.747982580000
175 0.748249730000
176 0.748429550000
177 0.748552170000
178 0.748645080000
179 0.748717440000
180 0.748774610000
181 0.748820210000
182 0.748856680000
183 0.748885860000
184 0.748909690000
185 0.000000000000

[phy]
1 0.000000000000
2 0.000000000000
3 0.042099850000
4 0.076455870000
5 0.101331490000
6 0.115299030000
7 0.119174400000
8 0.115393990000
9 0.105954550000
10 0.091636090000
11 0.071883940000
12 0.044960240000
13 0.008628280000
14 -0.040624820000
15 -0.088296110000
16 -0.134360130000
17 -0.178176000000
18 -0.218122070000
19 -0.249228860000
20 -0.250639820000
21 -0.220264050000
22 -0.180384520000
23 -0.136447670000
24 -0.090183740000
25 -0.042276630000
26 0.007180000000
27 0.036255510000
28 0.045429420000
29 0.037905190000
30 0.011859320000
31 -0.034517190000
32 -0.073466710000
33 -0.074838780000
34 -0.035809310000
35 0.010875020000
36 0.033463760000
37 0.039676560000
38 0.040137100000
39 0.038891300000
40 0.037227420000
41 0.035531910000
42 0.033911410000
43 0.032389800000
44 0.030981210000
45 0.029764180000
46 0.028679190000
47 0.027722860000
48 0.026948170000
49 0.026087070000
50 0.025178420000
51 0.024298050000
52 0.023480220000
53 0.022650890000
54 0.021815510000
55 0.021006290000
56 0.020187980000
57 0.019381190000
58 0.018657820000
59 0.018996970000
60 0.029623180000
61 0.067844570000
62 0.114583030000
63 0.163788720000
64 0.214090880000
65 0.265025850000
66 0.316368510000
67 0.368090780000
68 0.420464730000
69 0.473087940000
70 0.525872530000
71 0.578709940000
72 0.631161670000
73 0.629236450000
74 0.572806140000
75 0.525734430000
76 0.485070080000
77 0.447521610000
78 0.410114330000
79 0.369589610000
80 0.321698880000
81 0.268920060000
82 0.215743820000
83 0.162310430000
84 0.108682990000
85 0.054924270000
86 0.000672270000
87 -0.068829560000
88 -0.138007410000
89 -0.206857140000
90 -0.270898910000
91 -0.321906410000
92 -0.371316420000
93 -0.425154870000
94 -0.485661670000
95 -0.420702300000
96 -0.352929930000
97 -0.284058000000
98 -0.214459500000
99 -0.145056990000
100 -0.077451050000
101 -0.019601340000
102 -0.012780980000
103 -0.012682240000
104 -0.012858950000
105 -0.013122450000
106 -0.013455000000
107 -0.013913710000
108 -0.018466980000
109 -0.067579750000
110 -0.133447760000
111 -0.202318620000
112 -0.272305660000
113 -0.342839120000
114 -0.413615650000
115 -0.484653170000
116 -0.555265330000
117 -0.625766600000
118 -0.693845350000
119 -0.697895430000
120 -0.698319150000
121 -0.698579100000
122 -0.698740880000
123 -0.698848380000
124 -0.698918330000
125 -0.698960820000
126 -0.698981740000
127 -0.698927390000
128 -0.641195250000
129 -0.568707280000
130 -0.496425540000
131 -0.424552030000
132 -0.353067330000
133 -0.281917280000
134 -0.211052200000
135 -0.140424570000
136 -0.069982240000
137 0.000373610000
138 0.011867260000
139 0.002814270000
140 -0.039133330000
141 -0.080154910000
142 -0.119951780000
143 -0.157454340000
144 -0.188877190000
145 -0.191012400000
146 -0.163471090000
147 -0.130268870000
148 -0.095293700000
149 -0.059732270000
150 -0.023849540000
151 0.014111730000
152 -0.013837080000
153 -0.000447960000
154 0.066043340000
155 0.132129530000
156 0.197884530000
157 0.263321830000
158 0.328434840000
159 0.393203620000
160 0.457593550000
161 0.521543800000
162 0.584935520000
163 0.647383200000
164 0.698741040000
165 0.698909720000
166 0.698966280000
167 0.699014390000
168 0.699139830000
169 0.699094220000
170 0.699044670000
171 0.698992470000
172 0.698933700000
173 0.698864450000
174 0.698782690000
175 0.698526590000
176 0.636269410000
177 0.564783440000
178 0.493268210000
179 0.422029780000
180 0.351094870000
181 0.280447280000
182 0.210056400000
183 0.139888270000
184 0.069899920000
185 0.000000000000

[w]
1 0.000000000000
2 0.406188260000
3 0.333016950000
4 0.241656950000
5 0.135851210000
6 0.037711190000
7 -0.036793780000
8 -0.091851200000
9 -0.139265570000
10 -0.191966530000
11 -0.261285010000
12 -0.351408250000
13 -0.465618250000
14 -0.453178340000
15 -0.439178120000
16 -0.418664290000
17 -0.382432400000
18 -0.298343420000
19 -0.013546690000
20 0.291132430000
21 0.381610610000
22 0.419747610000
23 0.441088360000
24 0.455447250000
25 0.467573710000
26 0.283275000000
27 0.089466530000
28 -0.073425020000
29 -0.253367770000
30 -0.444121040000
31 -0.375742680000
32 -0.013248090000
33 0.374833040000
34 0.445142800000
35 0.219193060000
36 0.060426820000
37 0.004479030000
38 -0.012107100000
39 -0.016154490000
40 -0.016445290000
41 -0.015701120000
42 -0.014726690000
43 -0.013616900000
44 -0.011750440000
45 -0.010532250000
46 -0.009228360000
47 -0.007452400000
48 -0.008288310000
49 -0.008726870000
50 -0.008445810000
51 -0.007834010000
52 -0.007937150000
53 -0.007987090000
54 -0.007729800000
55 -0.007808340000
56 -0.007690140000
57 -0.006888420000
58 0.003226740000
59 0.100993020000
60 0.362596200000
61 0.442670230000
62 0.466166370000
63 0.476517620000
64 0.482133050000
65 0.485492640000
66 0.487596020000
67 0.488895140000
68 0.489372240000
69 0.488993630000
70 0.487055480000
71 0.479588460000
72 -0.017435290000
73 -0.485716230000
74 -0.490805110000
75 -0.492225030000
76 -0.493093410000
77 -0.494015520000
78 -0.495139300000
79 -0.496424050000
80 -0.497111240000
81 -0.497305720000
82 -0.497359620000
83 -0.497298020000
84 -0.497101800000
85 -0.496757740000
86 -0.498583450000
87 -0.498226600000
88 -0.497449510000
89 -0.495739460000
90 -0.493361590000
91 -0.491469510000
92 -0.489046400000
93 -0.456404950000
94 0.471528020000
95 0.484148240000
96 0.485768730000
97 0.484193100000
98 0.479118810000
99 0.465215070000
100 0.397305950000
101 0.046544230000
102 0.000673640000
103 -0.001207430000
104 -0.001801450000
105 -0.002275850000
106 -0.003142430000
107 -0.031226140000
108 -0.336713410000
109 -0.451352550000
110 -0.472463030000
111 -0.480409710000
112 -0.484179230000
113 -0.486184470000
114 -0.486705690000
115 -0.486205560000
116 -0.482766410000
117 -0.465528000000
118 -0.027354720000
119 -0.002853030000
120 -0.001749780000
121 -0.001089830000
122 -0.000726320000
123 -0.000474020000
124 -0.000288860000
125 -0.000142700000
126 0.000371720000
127 0.394541130000
128 0.492819510000
129 0.496030330000
130 0.497139660000
131 0.497700540000
132 0.498038440000
133 0.498263560000
134 0.498423870000
135 0.498544020000
136 0.498640390000
137 0.141194090000
138 -0.111899990000
139 -0.480578210000
140 -0.472249610000
141 -0.458996030000
142 -0.432982250000
143 -0.363087540000
144 -0.024661620000
145 0.316738180000
146 0.381474080000
147 0.401716520000
148 0.408228080000
149 0.411200050000
150 0.431724430000
151 -0.320227250000
152 0.154741580000
153 0.498270510000
154 0.498166030000
155 0.498038920000
156 0.497873160000
157 0.497648670000
158 0.497331060000
159 0.496852670000
160 0.496058530000
161 0.494498380000
162 0.490084570000
163 0.405554350000
164 0.001275510000
165 0.000427280000
166 0.000363090000
167 0.000947460000
168 -0.000315310000
169 -0.000341510000
170 -0.000359280000
171 -0.000404140000
172 -0.000475950000
173 -0.000562240000
174 -0.001762320000
175 -0.426205860000
176 -0.490288830000
177 -0.494309350000
178 -0.495727010000
179 -0.496434650000
180 -0.496844980000
181 -0.497100660000
182 -0.497263720000
183 -0.497366320000
184 -0.497433600000
185 0.000000000000

[dt]
1 0.011851320000
2 0.103646070000
3 0.103165710000
4 0.102937130000
5 0.102813370000
6 0.102758610000
7 0.102748810000
8 0.102768760000
9 0.102813300000
10 0.102892880000
11 0.103042860000
12 0.103389390000
13 0.105779810000
14 0.105192730000
15 0.104886100000
16 0.104655160000
17 0.104450820000
18 0.104262150000
19 0.104158440000
20 0.104332650000
21 0.104500690000
22 0.104672770000
23 0.104884730000
24 0.105186240000
25 0.105772570000
26 0.102637910000
27 0.102534410000
28 0.102469480000
29 0.102797360000
30 0.104423140000
31 0.103660120000
32 0.103566360000
33 0.104124930000
34 0.104874940000
35 0.103053960000
36 0.102815270000
37 0.102822270000
38 0.102898780000
39 0.102998450000
40 0.103100070000
41 0.103209250000
42 0.103323620000
43 0.103443790000
44 0.103570510000
45 0.103025510000
46 0.103632440000
47 0.103936330000
48 0.103892670000
49 0.104126750000
50 0.104241430000
51 0.104395860000
52 0.104487880000
53 0.104593100000
54 0.104689780000
55 0.104801200000
56 0.104912730000
57 0.105013720000
58 0.105106290000
59 0.105217250000
60 0.105409180000
61 0.105583020000
62 0.105553940000
63 0.105562020000
64 0.105645050000
65 0.105753720000
66 0.106076050000
67 0.107127160000
68 0.107532040000
69 0.107945300000
70 0.108483360000
71 0.109368350000
72 0.110674730000
73 0.116187100000
74 0.095907590000
75 0.082613080000
76 0.076148680000
77 0.075720810000
78 0.081845030000
79 0.096471400000
80 0.106171110000
81 0.106928660000
82 0.107434110000
83 0.107837630000
84 0.108144300000
85 0.109212130000
86 0.139398620000
87 0.138848180000
88 0.138405450000
89 0.129184450000
90 0.103387730000
91 0.100535310000
92 0.110088840000
93 0.132566640000
94 0.137764500000
95 0.139982880000
96 0.141779240000
97 0.143741510000
98 0.144854580000
99 0.145322160000
100 0.145604680000
101 0.146532100000
102 0.146563710000
103 0.146360220000
104 0.146274300000
105 0.146119760000
106 0.145976670000
107 0.145815970000
108 0.145859710000
109 0.145935050000
110 0.145769950000
111 0.145682020000
112 0.145676280000
113 0.145575450000
114 0.145955610000
115 0.145231270000
116 0.146035970000
117 0.146239940000
118 0.148059460000
119 0.148514200000
120 0.148560110000
121 0.148444560000
122 0.147999570000
123 0.147567600000
124 0.147100210000
125 0.146637720000
126 0.146184600000
127 0.146327300000
128 0.147088270000
129 0.145720400000
130 0.144574080000
131 0.143629930000
132 0.142860550000
133 0.142224090000
134 0.141701940000
135 0.141296090000
136 0.141095360000
137 0.081398510000
138 0.080890970000
139 0.087285920000
140 0.086864430000
141 0.086704590000
142 0.086615460000
143 0.086546500000
144 0.086583510000
145 0.086958110000
146 0.087038540000
147 0.087065380000
148 0.087112370000
149 0.087263720000
150 0.087929420000
151 0.087277700000
152 0.086519810000
153 0.133444180000
154 0.132658950000
155 0.132027820000
156 0.131433660000
157 0.130841300000
158 0.130232720000
159 0.129595620000
160 0.128916730000
161 0.128193980000
162 0.127422230000
163 0.126636140000
164 0.132254510000
165 0.132370390000
166 0.132514890000
167 0.132402560000
168 0.144655590000
169 0.145088180000
170 0.145276800000
171 0.145437560000
172 0.145494120000
173 0.145423440000
174 0.145324410000
175 0.146073300000
176 0.145803750000
177 0.144677060000
178 0.143704950000
179 0.142888730000
180 0.142192410000
181 0.141602870000
182 0.141108480000
183 0.140717920000
184 0.140521110000

[s]
1 0.000000000000
2 0.000000000000
3 0.008002970000
4 0.015933130000
5 0.023834430000
6 0.031728170000
7 0.039626330000
8 0.047535720000
9 0.055462670000
10 0.063421210000
11 0.071446640000
12 0.079657870000
13 0.089682360000
14 0.097509830000
15 0.105479930000
16 0.113459370000
17 0.121414980000
18 0.129341600000
19 0.137335580000
20 0.145692920000
21 0.154081410000
22 0.162515060000
23 0.171053610000
24 0.179794520000
25 0.189115240000
26 0.191627940000
27 0.199301050000
28 0.207027900000
29 0.215562780000
30 0.226993900000
31 0.233424240000
32 0.241234610000
33 0.250592230000
34 0.260554830000
35 0.264103630000
36 0.271404670000
37 0.279316900000
38 0.287423720000
39 0.295613430000
40 0.303830500000
41 0.312092480000
42 0.320394180000
43 0.328739090000
44 0.337131260000
45 0.343312700000
46 0.353292360000
47 0.362353910000
48 0.370244830000
49 0.379133760000
50 0.387629750000
51 0.396299470000
52 0.404759020000
53 0.413287090000
54 0.421799440000
55 0.430387930000
56 0.438994710000
57 0.447572680000
58 0.456125470000
59 0.464765690000
60 0.473775770000
61 0.482721040000
62 0.490725960000
63 0.498844020000
64 0.507233830000
65 0.515599110000
66 0.524632290000
67 0.534300430000
68 0.536542360000
69 0.538613550000
70 0.541325820000
71 0.545790690000
72 0.552377970000
73 0.579911750000
74 0.478218850000
75 0.411405700000
76 0.378845600000
77 0.376607260000
78 0.407270670000
79 0.480606450000
80 0.529273200000
81 0.533050490000
82 0.535578630000
83 0.537629650000
84 0.539227290000
85 0.544671300000
86 0.695671920000
87 0.693074260000
88 0.691001170000
89 0.644911010000
90 0.515694000000
91 0.501438860000
92 0.549358570000
93 0.661985730000
94 0.688009030000
95 0.699101070000
96 0.708087760000
97 0.717485810000
98 0.709653330000
99 0.696775980000
100 0.682610100000
101 0.671198600000
102 0.655420340000
103 0.638570180000
104 0.622262740000
105 0.605681640000
106 0.589184350000
107 0.572654540000
108 0.556949760000
109 0.541341200000
110 0.524836710000
111 0.508651080000
112 0.492768260000
113 0.476572560000
114 0.461929190000
115 0.443783230000
116 0.430378330000
117 0.415002780000
118 0.403966050000
119 0.388752200000
120 0.372360250000
121 0.355564610000
122 0.338053540000
123 0.320717560000
124 0.303450690000
125 0.286346940000
126 0.269412020000
127 0.253658030000
128 0.238860310000
129 0.220588150000
130 0.203076150000
131 0.186199450000
132 0.169835850000
133 0.153863500000
134 0.138206520000
135 0.122817340000
136 0.107714090000
137 0.053540730000
138 0.048282440000
139 0.046819180000
140 0.040921930000
141 0.035213510000
142 0.029560550000
143 0.023930680000
144 0.018336800000
145 0.012785470000
146 0.007137090000
147 0.001472220000
148 -0.004198700000
149 -0.009890440000
150 -0.015703430000
151 -0.021325330000
152 -0.026786000000
153 -0.049945130000
154 -0.062899910000
155 -0.075707550000
156 -0.088351270000
157 -0.100819130000
158 -0.113096600000
159 -0.125165800000
160 -0.137001760000
161 -0.148585990000
162 -0.159894910000
163 -0.170955650000
164 -0.191031750000
165 -0.204237580000
166 -0.217483120000
167 -0.230213340000
168 -0.264261310000
169 -0.249659210000
170 -0.234334240000
171 -0.218849950000
172 -0.203140890000
173 -0.187233780000
174 -0.171305990000
175 -0.156310590000
176 -0.140085900000
177 -0.123215680000
178 -0.106824760000
179 -0.090845470000
180 -0.075190560000
181 -0.059802340000
182 -0.044631100000
183 -0.029637910000
184 -0.014788110000

[splus]
1 0.011552450000
2 0.011552450000
3 0.016029740000
4 0.021354620000
5 0.027410100000
6 0.034043270000
7 0.041104980000
8 0.048470960000
9 0.056050070000
10 0.063788020000
11 0.071674210000
12 0.079797280000
13 0.089758910000
14 0.097557730000
15 0.105509640000
16 0.113477780000
17 0.121426400000
18 0.129348700000
19 0.137339980000
20 0.145695580000
21 0.154083020000
22 0.162516030000
23 0.171054190000
24 0.179794870000
25 0.189115440000
26 0.191628110000
27 0.199301150000
28 0.207027970000
29 0.215562820000
30 0.226993920000
31 0.233424260000
32 0.241234620000
33 0.250592230000
34 0.260554840000
35 0.264103630000
36 0.271404670000
37 0.279316900000
38 0.287423720000
39 0.295613430000
40 0.303830500000
41 0.312092480000
42 0.320394180000
43 0.328739090000
44 0.337131260000
45 0.343312700000
46 0.353292360000
47 0.362353910000
48 0.370244830000
49 0.379133760000
50 0.387629750000
51 0.396299470000
52 0.404759020000
53 0.413287090000
54 0.421799440000
55 0.430387930000
56 0.438994710000
57 0.447572680000
58 0.456125470000
59 0.464765690000
60 0.473775770000
61 0.482721040000
62 0.490725960000
63 0.498844020000
64 0.507233830000
65 0.515599110000
66 0.524632290000
67 0.534300430000
68 0.536542360000
69 0.538613550000
70 0.541325820000
71 0.545790690000
72 0.552377970000
73 0.579911750000
74 0.478218850000
75 0.411405700000
76 0.378845600000
77 0.376607260000
78 0.407270670000
79 0.480606450000
80 0.529273200000
81 0.533050490000
82 0.535578630000
83 0.537629650000
84 0.539227290000
85 0.544671300000
86 0.695671920000
87 0.693074260000
88 0.691001170000
89 0.644911010000
90 0.515694000000
91 0.501438860000
92 0.549358570000
93 0.661985730000
94 0.688009030000
95 0.699101070000
96 0.708087760000
97 0.717485810000
98 0.709653330000
99 0.696775980000
100 0.682610100000
101 0.671198600000
102 0.655420340000
103 0.638570180000
104 0.622262740000
105 0.605681640000
106 0.589184350000
107 0.572654540000
108 0.556949760000
109 0.541341200000
110 0.524836710000
111 0.508651080000
112 0.492768260000
113 0.476572560000
114 0.461929190000
115 0.443783230000
116 0.430378330000
117 0.415002780000
118 0.403966050000
119 0.388752200000
120 0.372360250000
121 0.355564610000
122 0.338053540000
123 0.320717560000
124 0.303450690000
125 0.286346940000
126 0.269412020000
127 0.253658030000
128 0.238860320000
129 0.220588180000
130 0.203076240000
131 0.186199690000
132 0.169836470000
133 0.153865130000
134 0.138210690000
135 0.122827840000
136 0.107740080000
137 0.054198540000
138 0.049177800000
139 0.047794360000
140 0.042294430000
141 0.037115670000
142 0.032173220000
143 0.027487820000
144 0.023124850000
145 0.019142270000
146 0.015500150000
147 0.012304810000
148 0.009584970000
149 0.007330370000
150 0.005485600000
151 0.004090490000
152 0.003045020000
153 0.000812400000
154 0.000378340000
155 0.000176520000
156 0.000082900000
157 0.000039280000
158 0.000018820000
159 0.000009120000
160 0.000004490000
161 0.000002240000
162 0.000001140000
163 0.000000580000
164 0.000000180000
165 0.000000080000
166 0.000000040000
167 0.000000020000
168 0.000000000000
169 0.000000010000
170 0.000000010000
171 0.000000030000
172 0.000000080000
173 0.000000220000
174 0.000000570000
175 0.000001410000
176 0.000003730000
177 0.000010260000
178 0.000027410000
179 0.000071400000
180 0.000182050000
181 0.000454570000
182 0.001107530000
183 0.002601470000
184 0.005747420000

[sminus]
1 0.011552450000
2 0.011552450000
3 0.008026780000
4 0.005421490000
5 0.003575670000
6 0.002315100000
7 0.001478650000
8 0.000935250000
9 0.000587400000
10 0.000366800000
11 0.000227570000
12 0.000139410000
13 0.000076550000
14 0.000047900000
15 0.000029710000
16 0.000018410000
17 0.000011430000
18 0.000007100000
19 0.000004400000
20 0.000002660000
21 0.000001610000
22 0.000000970000
23 0.000000580000
24 0.000000340000
25 0.000000200000
26 0.000000170000
27 0.000000110000
28 0.000000070000
29 0.000000040000
30 0.000000020000
31 0.000000010000
32 0.000000010000
33 0.000000000000
34 0.000000000000
35 0.000000000000
36 0.000000000000
37 0.000000000000
38 0.000000000000
39 0.000000000000
40 0.000000000000
41 0.000000000000
42 0.000000000000
43 0.000000000000
44 0.000000000000
45 0.000000000000
46 0.000000000000
47 0.000000000000
48 0.000000000000
49 0.000000000000
50 0.000000000000
51 0.000000000000
52 0.000000000000
53 0.000000000000
54 0.000000000000
55 0.000000000000
56 0.000000000000
57 0.000000000000
58 0.000000000000
59 0.000000000000
60 0.000000000000
61 0.000000000000
62 0.000000000000
63 0.000000000000
64 0.000000000000
65 0.000000000000
66 0.000000000000
67 0.000000000000
68 0.000000000000
69 0.000000000000
70 0.000000000000
71 0.000000000000
72 0.000000000000
73 0.000000000000
74 0.000000000000
75 0.000000000000
76 0.000000000000
77 0.000000000000
78 0.000000000000
79 0.000000000000
80 0.000000000000
81 0.000000000000
82 0.000000000000
83 0.000000000000
84 0.000000000000
85 0.000000000000
86 -0.000000000000
87 -0.000000000000
88 0.000000000000
89 -0.000000000000
90 0.000000000000
91 0.000000000000
92 0.000000000000
93 -0.000000000000
94 0.000000000000
95 0.000000000000
96 -0.000000000000
97 0.000000000000
98 0.000000000000
99 0.000000000000
100 0.000000000000
101 0.000000000000
102 0.000000000000
103 0.000000000000
104 0.000000000000
105 0.000000000000
106 0.000000000000
107 0.000000000000
108 0.000000000000
109 0.000000000000
110 0.000000000000
111 0.000000000000
112 0.000000000000
113 0.000000000000
114 0.000000000000
115 0.000000000000
116 0.000000000000
117 0.000000000000
118 0.000000000000
119 0.000000000000
120 0.000000000000
121 0.000000000000
122 0.000000000000
123 0.000000000000
124 0.000000000000
125 0.000000000000
126 0.000000000000
127 0.000000000000
128 0.000000010000
129 0.000000030000
130 0.000000090000
131 0.000000230000
132 0.000000630000
133 0.000001630000
134 0.000004170000
135 0.000010500000
136 0.000025990000
137 0.000657810000
138 0.000895360000
139 0.000975170000
140 0.001372500000
141 0.001902160000
142 0.002612670000
143 0.003557140000
144 0.004788050000
145 0.006356800000
146 0.008363060000
147 0.010832600000
148 0.013783670000
149 0.017220810000
150 0.021189030000
151 0.025415820000
152 0.029831020000
153 0.050757530000
154 0.063278250000
155 0.075884060000
156 0.088434170000
157 0.100858420000
158 0.113115420000
159 0.125174930000
160 0.137006250000
161 0.148588230000
162 0.159896040000
163 0.170956230000
164 0.191031930000
165 0.204237660000
166 0.217483160000
167 0.230213360000
168 0.264261310000
169 0.249659210000
170 0.234334250000
171 0.218849980000
172 0.203140980000
173 0.187234000000
174 0.171306560000
175 0.156312000000
176 0.140089630000
177 0.123225930000
178 0.106852170000
179 0.090916870000
180 0.075372610000
181 0.060256920000
182 0.045738630000
183 0.032239380000
184 0.020535530000

[k]
1 0.000000000000
2 0.000000000000
3 0.021062370000
4 0.038302590000
5 0.050839870000
6 0.057906340000
7 0.059870900000
8 0.057954450000
9 0.053176400000
10 0.045946710000
11 0.036004000000
12 0.022495280000
13 0.004314250000
14 -0.020323590000
15 -0.044263140000
16 -0.067587260000
17 -0.090042870000
18 -0.110824160000
19 -0.127260210000
20 -0.128011660000
21 -0.111948310000
22 -0.091183390000
23 -0.068650410000
24 -0.045214510000
25 -0.021150920000
26 0.003590060000
27 0.018135700000
28 0.022730340000
29 0.018961670000
30 0.005929940000
31 -0.017265450000
32 -0.036799590000
33 -0.037489410000
34 -0.017912310000
35 0.005437720000
36 0.016738130000
37 0.019848700000
38 0.020079340000
39 0.019455460000
40 0.018622310000
41 0.017773440000
42 0.016962210000
43 0.016200560000
44 0.015495560000
45 0.014886490000
46 0.014343530000
47 0.013864980000
48 0.013477350000
49 0.013046500000
50 0.012591870000
51 0.012151420000
52 0.011742270000
53 0.011327380000
54 0.010909480000
55 0.010504690000
56 0.010095360000
57 0.009691810000
58 0.009329990000
59 0.009499630000
60 0.014815920000
61 0.033974430000
62 0.057543570000
63 0.082634630000
64 0.108711470000
65 0.135705160000
66 0.163681970000
67 0.192834170000
68 0.223565040000
69 0.255928370000
70 0.290192960000
71 0.326663090000
72 0.365447540000
73 0.363971260000
74 0.322467230000
75 0.290100640000
76 0.263536080000
77 0.240000980000
78 0.217383550000
79 0.193695530000
80 0.166637940000
81 0.137797910000
82 0.109577310000
83 0.081875470000
84 0.054556470000
85 0.027489780000
86 0.000336140000
87 -0.034469230000
88 -0.069445150000
89 -0.104929490000
90 -0.138863060000
91 -0.166753240000
92 -0.194689160000
93 -0.226384800000
94 -0.263913530000
95 -0.223707440000
96 -0.184176150000
97 -0.145976500000
98 -0.108904500000
99 -0.073041520000
100 -0.038803120000
101 -0.009801920000
102 -0.006390840000
103 -0.006341460000
104 -0.006429830000
105 -0.006561600000
106 -0.006727910000
107 -0.006957300000
108 -0.009234540000
109 -0.033841400000
110 -0.067122800000
111 -0.102562530000
112 -0.139620990000
113 -0.178467230000
114 -0.219468310000
115 -0.263269770000
116 -0.310186650000
117 -0.361325360000
118 -0.415910700000
119 -0.419348550000
120 -0.419709560000
121 -0.419931160000
122 -0.420069130000
123 -0.420160820000
124 -0.420220500000
125 -0.420256750000
126 -0.420274610000
127 -0.420228230000
128 -0.373201650000
129 -0.319573110000
130 -0.270835130000
131 -0.226021760000
132 -0.184254220000
133 -0.144815640000
134 -0.107121350000
135 -0.070677460000
136 -0.035048350000
137 0.000186810000
138 0.005933890000
139 0.001407140000
140 -0.019576650000
141 -0.040163480000
142 -0.060265110000
143 -0.079383960000
144 -0.095576580000
145 -0.096683570000
146 -0.082471170000
147 -0.065505360000
148 -0.047791600000
149 -0.029901680000
150 -0.011927010000
151 0.007056320000
152 -0.006918970000
153 -0.000223980000
154 0.033069770000
155 0.066451930000
156 0.100254290000
157 0.134790800000
158 0.170388500000
159 0.207402390000
160 0.246227580000
161 0.287306770000
162 0.331122730000
163 0.378041750000
164 0.420069260000
165 0.420213150000
166 0.420261410000
167 0.420302470000
168 0.420409510000
169 0.420370590000
170 0.420328300000
171 0.420283760000
172 0.420233610000
173 0.420174530000
174 0.420104790000
175 0.419886360000
176 0.369380570000
177 0.316816630000
178 0.268796750000
179 0.224504670000
180 0.183134870000
181 0.144019320000
182 0.106600700000
183 0.070403980000
184 0.035006990000

[up]
1 0.011552450000
2 0.011552450000
3 0.016353860000
4 0.022139840000
5 0.028747880000
6 0.035935750000
7 0.043467550000
8 0.051167740000
9 0.058911420000
10 0.066601670000
11 0.074151580000
12 0.081520560000
13 0.090130660000
14 0.099461150000
15 0.109993030000
16 0.120840670000
17 0.131922670000
18 0.143110330000
19 0.154118890000
20 0.163600440000
21 0.170642490000
22 0.176742110000
23 0.182327450000
24 0.187599060000
25 0.192955440000
26 0.192288620000
27 0.202771080000
28 0.211545660000
29 0.219486790000
30 0.228286140000
31 0.237293200000
32 0.249756860000
33 0.259611010000
34 0.265035290000
35 0.265482310000
36 0.275765770000
37 0.284639220000
38 0.292964150000
39 0.301134670000
40 0.309262210000
41 0.317417560000
42 0.325611390000
43 0.333851820000
44 0.342146340000
45 0.348219000000
46 0.358157120000
47 0.367176970000
48 0.375035170000
49 0.383882260000
50 0.392315480000
51 0.400922450000
52 0.409321700000
53 0.417781290000
54 0.426216990000
55 0.434728180000
56 0.443249260000
57 0.451736960000
58 0.460210900000
59 0.469004190000
60 0.480514340000
61 0.498465210000
62 0.517834560000
63 0.538416930000
64 0.560170280000
65 0.582769790000
66 0.607070220000
67 0.633210560000
68 0.651696400000
69 0.670946190000
70 0.692131200000
71 0.716948750000
72 0.746167810000
73 0.782537760000
74 0.626260190000
75 0.525980940000
76 0.474691640000
77 0.463378030000
78 0.492263360000
79 0.569974180000
80 0.613942130000
81 0.603565650000
82 0.591918420000
83 0.579887580000
84 0.567468870000
85 0.559045170000
86 0.695896420000
87 0.716008390000
88 0.737068390000
89 0.709874330000
90 0.584440360000
91 0.581710690000
92 0.652034450000
93 0.805854350000
94 0.862320550000
95 0.849239290000
96 0.833284140000
97 0.818032310000
98 0.783846390000
99 0.745633830000
100 0.708038040000
101 0.677514500000
102 0.659441470000
103 0.642457650000
104 0.626103740000
105 0.609496910000
106 0.592989770000
107 0.576479310000
108 0.561887220000
109 0.558928210000
110 0.558656080000
111 0.558732850000
112 0.558816960000
113 0.558223040000
114 0.559252740000
115 0.555944890000
116 0.558536030000
117 0.558955760000
118 0.565259320000
119 0.545253960000
120 0.522392080000
121 0.498904760000
122 0.474379160000
123 0.450080400000
124 0.425866240000
125 0.401872610000
126 0.378109970000
127 0.355988530000
128 0.324437660000
129 0.288262460000
130 0.255876410000
131 0.226601460000
132 0.199877830000
133 0.175255930000
134 0.152423790000
135 0.131161750000
136 0.111365140000
137 0.054208260000
138 0.049458000000
139 0.047858930000
140 0.043089290000
141 0.038546720000
142 0.034034570000
143 0.029582610000
144 0.025246610000
145 0.020918960000
146 0.016727330000
147 0.013078600000
148 0.010024730000
149 0.007540790000
150 0.005548410000
151 0.004118210000
152 0.003065240000
153 0.000812570000
154 0.000390350000
155 0.000187780000
156 0.000090880000
157 0.000044370000
158 0.000021900000
159 0.000010940000
160 0.000005550000
161 0.000002860000
162 0.000001500000
163 0.000000800000
164 0.000000250000
165 0.000000110000
166 0.000000050000
167 0.000000020000
168 0.000000000000
169 0.000000010000
170 0.000000020000
171 0.000000050000
172 0.000000120000
173 0.000000310000
174 0.000000800000
175 0.000001980000
176 0.000005050000
177 0.000013380000
178 0.000034480000
179 0.000086790000
180 0.000214050000
181 0.000517420000
182 0.001220870000
183 0.002777300000
184 0.005940580000

[down]
1 0.011552450000
2 0.011552450000
3 0.008189080000
4 0.005620840000
5 0.003750180000
6 0.002443800000
7 0.001563630000
8 0.000987280000
9 0.000617380000
10 0.000382980000
11 0.000235440000
12 0.000142420000
13 0.000076870000
14 0.000048840000
15 0.000030970000
16 0.000019610000
17 0.000012410000
18 0.000007860000
19 0.000004930000
20 0.000002990000
21 0.000001780000
22 0.000001060000
23 0.000000620000
24 0.000000360000
25 0.000000200000
26 0.000000170000
27 0.000000110000
28 0.000000070000
29 0.000000040000
30 0.000000020000
31 0.000000010000
32 0.000000010000
33 0.000000010000
34 0.000000000000
35 0.000000000000
36 0.000000000000
37 0.000000000000
38 0.000000000000
39 0.000000000000
40 0.000000000000
41 0.000000000000
42 0.000000000000
43 0.000000000000
44 0.000000000000
45 0.000000000000
46 0.000000000000
47 0.000000000000
48 0.000000000000
49 0.000000000000
50 0.000000000000
51 0.000000000000
52 0.000000000000
53 0.000000000000
54 0.000000000000
55 0.000000000000
56 0.000000000000
57 0.000000000000
58 0.000000000000
59 0.000000000000
60 0.000000000000
61 0.000000000000
62 0.000000000000
63 0.000000000000
64 0.000000000000
65 0.000000000000
66 0.000000000000
67 0.000000000000
68 0.000000000000
69 0.000000000000
70 0.000000000000
71 0.000000000000
72 0.000000000000
73 0.000000000000
74 0.000000000000
75 0.000000000000
76 0.000000000000
77 0.000000000000
78 0.000000000000
79 0.000000000000
80 0.000000000000
81 0.000000000000
82 0.000000000000
83 0.000000000000
84 0.000000000000
85 0.000000000000
86 -0.000000000000
87 -0.000000000000
88 0.000000000000
89 -0.000000000000
90 0.000000000000
91 0.000000000000
92 0.000000000000
93 -0.000000000000
94 0.000000000000
95 0.000000000000
96 -0.000000000000
97 0.000000000000
98 0.000000000000
99 0.000000000000
100 0.000000000000
101 0.000000000000
102 0.000000000000
103 0.000000000000
104 0.000000000000
105 0.000000000000
106 0.000000000000
107 0.000000000000
108 0.000000000000
109 0.000000000000
110 0.000000000000
111 0.000000000000
112 0.000000000000
113 0.000000000000
114 0.000000000000
115 0.000000000000
116 0.000000000000
117 0.000000000000
118 0.000000000000
119 0.000000000000
120 0.000000000000
121 0.000000000000
122 0.000000000000
123 0.000000000000
124 0.000000000000
125 0.000000000000
126 0.000000000000
127 0.000000010000
128 0.000000010000
129 0.000000040000
130 0.000000110000
131 0.000000290000
132 0.000000740000
133 0.000001860000
134 0.000004600000
135 0.000011220000
136 0.000026860000
137 0.000657930000
138 0.000900460000
139 0.000976490000
140 0.001398300000
141 0.001975510000
142 0.002763830000
143 0.003828230000
144 0.005227380000
145 0.006946820000
146 0.009025180000
147 0.011513800000
148 0.014416070000
149 0.017715150000
150 0.021431650000
151 0.025587980000
152 0.030029190000
153 0.050768440000
154 0.065287150000
155 0.080725000000
156 0.096945430000
157 0.113909410000
158 0.131618040000
159 0.150098040000
160 0.169391580000
161 0.189571010000
162 0.210723450000
163 0.232999680000
164 0.268068710000
165 0.286628080000
166 0.305226940000
167 0.323102240000
168 0.370915360000
169 0.350410630000
170 0.328891680000
171 0.307149910000
172 0.285092980000
173 0.262758120000
174 0.240394600000
175 0.219319930000
176 0.189766160000
177 0.160704360000
178 0.134424830000
179 0.110511690000
180 0.088623820000
181 0.068587950000
182 0.050419370000
183 0.034418370000
184 0.021225660000

[left]
1 0.023104910000
2 0.023104910000
3 0.023294000000
4 0.023810380000
5 0.024569750000
6 0.025430330000
7 0.026225240000
8 0.026827270000
9 0.027143880000
10 0.027082290000
11 0.026521250000
12 0.025330750000
13 0.023523890000
14 0.021497130000
15 0.020662510000
16 0.021191480000
17 0.022915230000
18 0.025417330000
19 0.028050710000
20 0.029076190000
21 0.027850040000
22 0.025800600000
23 0.023445240000
24 0.021340920000
25 0.020689650000
26 0.023892850000
27 0.028468070000
28 0.030645390000
29 0.029402250000
30 0.024764960000
31 0.020659730000
32 0.021660930000
33 0.021929960000
34 0.020571970000
35 0.024906970000
36 0.030417010000
37 0.032613040000
38 0.033150210000
39 0.033123090000
40 0.032927350000
41 0.032691680000
42 0.032454230000
43 0.032225940000
44 0.032014750000
45 0.031774170000
46 0.031697800000
47 0.031619030000
48 0.031558670000
49 0.031479120000
50 0.031350820000
51 0.031223020000
52 0.031100630000
53 0.030959990000
54 0.030801150000
55 0.030641500000
56 0.030463600000
57 0.030276290000
58 0.030115050000
59 0.030469560000
60 0.036692330000
61 0.064339120000
62 0.102080990000
63 0.143851160000
64 0.188758180000
65 0.236700150000
66 0.288261910000
67 0.344050190000
68 0.398790420000
69 0.456701090000
70 0.519053870000
71 0.587944210000
72 0.664823390000
73 0.697515210000
74 0.504886190000
75 0.389376440000
76 0.325989550000
77 0.296115690000
78 0.291641880000
79 0.309473130000
80 0.295954900000
81 0.248551330000
82 0.200982630000
83 0.153680900000
84 0.106573050000
85 0.060341280000
86 0.023390390000
87 0.033784430000
88 0.056132170000
89 0.074418000000
90 0.078078880000
91 0.089232170000
92 0.110912760000
93 0.150775320000
94 0.180235160000
95 0.156842470000
96 0.132706030000
97 0.108852130000
98 0.083349700000
99 0.058832640000
100 0.036179280000
101 0.020545190000
102 0.020402630000
103 0.020435350000
104 0.020453210000
105 0.020467320000
106 0.020478270000
107 0.020482850000
108 0.020396750000
109 0.028742880000
110 0.044282310000
111 0.060017040000
112 0.075468330000
113 0.090566300000
114 0.105733270000
115 0.120092220000
116 0.135571730000
117 0.150856960000
118 0.167637290000
119 0.163000510000
120 0.156739510000
121 0.150263910000
122 0.143475890000
123 0.136737950000
124 0.130015000000
125 0.123347600000
126 0.116740360000
127 0.110578530000
128 0.094366360000
129 0.077041430000
130 0.062647670000
131 0.050650350000
132 0.040633420000
133 0.032335550000
134 0.025795100000
135 0.021621800000
136 0.020779530000
137 0.023115210000
138 0.023409080000
139 0.023173130000
140 0.022361170000
141 0.021908650000
142 0.021709230000
143 0.021707590000
144 0.021886730000
145 0.022269930000
146 0.022740180000
147 0.023133590000
148 0.023378510000
149 0.023438260000
150 0.023301440000
151 0.022957020000
152 0.023296450000
153 0.023116140000
154 0.021525520000
155 0.020874370000
156 0.022128740000
157 0.025530200000
158 0.030723920000
159 0.037332880000
160 0.045209590000
161 0.054384780000
162 0.064971860000
163 0.077116970000
164 0.093766490000
165 0.100046560000
166 0.106401810000
167 0.112579430000
168 0.129441910000
169 0.122151230000
170 0.114597110000
171 0.107065860000
172 0.099528860000
173 0.092002810000
174 0.084573950000
175 0.077655990000
176 0.063250890000
177 0.050230910000
178 0.039795370000
179 0.031592800000
180 0.025562670000
181 0.021979040000
182 0.020922220000
183 0.021590590000
184 0.022646640000

[right]
1 0.023104910000
2 0.023104910000
3 0.022948270000
4 0.022561610000
5 0.022089280000
6 0.021665120000
7 0.021356070000
8 0.021163890000
9 0.021070230000
10 0.021070420000
11 0.021204230000
12 0.021619670000
13 0.022720690000
14 0.025618800000
15 0.030391400000
16 0.037201230000
17 0.045783130000
18 0.055457280000
19 0.064747670000
20 0.068314160000
21 0.064212230000
22 0.057101610000
23 0.048299490000
24 0.038582440000
25 0.029191880000
26 0.022429530000
27 0.020766810000
28 0.020600510000
29 0.020660030000
30 0.021878330000
31 0.029315340000
32 0.040761560000
33 0.042187400000
34 0.030658960000
35 0.021800560000
36 0.020574090000
37 0.020578740000
38 0.020599350000
39 0.020592130000
40 0.020576360000
41 0.020560230000
42 0.020545960000
43 0.020533930000
44 0.020524120000
45 0.020517020000
46 0.020510630000
47 0.020505010000
48 0.020500350000
49 0.020495430000
50 0.020491560000
51 0.020488320000
52 0.020485850000
53 0.020484540000
54 0.020484780000
55 0.020486240000
56 0.020489800000
57 0.020495490000
58 0.020501260000
59 0.020476470000
60 0.020773250000
61 0.027072020000
62 0.037800780000
63 0.049848090000
64 0.062779520000
65 0.076554080000
66 0.091328330000
67 0.107268610000
68 0.122987980000
69 0.139611850000
70 0.157488080000
71 0.177183530000
72 0.199084490000
73 0.207635330000
74 0.154813300000
75 0.122427870000
76 0.104303460000
77 0.095521250000
78 0.093800590000
79 0.098034350000
80 0.093487280000
81 0.079790550000
82 0.066072940000
83 0.052446090000
84 0.038892880000
85 0.025853980000
86 0.022834090000
87 0.090583140000
88 0.170172550000
89 0.233676560000
90 0.241985000000
91 0.280021520000
92 0.357514430000
93 0.504750750000
94 0.611475250000
95 0.529146200000
96 0.443746500000
97 0.359143960000
98 0.267736960000
99 0.179928260000
100 0.099015590000
101 0.036115200000
102 0.030282490000
103 0.029952690000
104 0.029824170000
105 0.029742570000
106 0.029696870000
107 0.029715390000
108 0.032274830000
109 0.070909030000
110 0.125076010000
111 0.179239040000
112 0.232153990000
113 0.283574950000
114 0.335048210000
115 0.383308620000
116 0.435432620000
117 0.486522530000
118 0.542809310000
119 0.525787260000
120 0.503247410000
121 0.480063080000
122 0.455892570000
123 0.432030020000
124 0.408347840000
125 0.384985980000
126 0.361956820000
127 0.340590720000
128 0.286062290000
129 0.227989910000
130 0.179937600000
131 0.140043360000
132 0.106846790000
133 0.079304180000
134 0.056886900000
135 0.039784870000
136 0.028650380000
137 0.023094620000
138 0.022819900000
139 0.023037710000
140 0.024005750000
141 0.024808800000
142 0.025358750000
143 0.025596340000
144 0.025472760000
145 0.024800150000
146 0.023948420000
147 0.023338270000
148 0.022977700000
149 0.022842840000
150 0.022923870000
151 0.023260260000
152 0.022923100000
153 0.023093700000
154 0.025683960000
155 0.030900820000
156 0.039726480000
157 0.052444880000
158 0.068771950000
159 0.088432130000
160 0.111411620000
161 0.137916040000
162 0.168269960000
163 0.202852870000
164 0.249082440000
165 0.265589530000
166 0.282095770000
167 0.297959820000
168 0.340402440000
169 0.322202640000
170 0.303104510000
171 0.283810550000
172 0.264237750000
173 0.244418400000
174 0.224573660000
175 0.205826330000
176 0.164720450000
177 0.127109230000
178 0.096579330000
179 0.072087660000
180 0.053009370000
181 0.039209940000
182 0.030473550000
183 0.025791700000
184 0.023690100000
