  0.02310491
  0.02310491
  0.02294827
  0.02256161
  0.02208928
  0.02166512
  0.02135607
  0.02116389
  0.02107023
  0.02107042
  0.02120423
  0.02161967
  0.02272069
  0.02561880
  0.03039140
  0.03720123
  0.04578313
  0.05545728
  0.06474767
  0.06831416
  0.06421223
  0.05710161
  0.04829949
  0.03858244
  0.02919188
  0.02242953
  0.02076681
  0.02060051
  0.02066003
  0.02187833
  0.02931534
  0.04076156
  0.04218740
  0.03065896
  0.02180056
  0.02057409
  0.02057874
  0.02059935
  0.02059213
  0.02057636
  0.02056023
  0.02054596
  0.02053393
  0.02052412
  0.02051702
  0.02051063
  0.02050501
  0.02050035
  0.02049543
  0.02049156
  0.02048832
  0.02048585
  0.02048454
  0.02048478
  0.02048624
  0.02048980
  0.02049549
  0.02050126
  0.02047647
  0.02077325
  0.02707202
  0.03780078
  0.04984809
  0.06277952
  0.07655408
  0.09132833
  0.10726861
  0.12298798
  0.13961185
  0.15748808
  0.17718353
  0.19908449
  0.20763533
  0.15481330
  0.12242787
  0.10430346
  0.09552125
  0.09380059
  0.09803435
  0.09348728
  0.07979055
  0.06607294
  0.05244609
  0.03889288
  0.02585398
  0.02283409
  0.09058314
  0.17017255
  0.23367656
  0.24198500
  0.28002152
  0.35751443
  0.50475075
  0.61147525
  0.52914620
  0.44374650
  0.35914396
  0.26773696
  0.17992826
  0.09901559
  0.03611520
  0.03028249
  0.02995269
  0.02982417
  0.02974257
  0.02969687
  0.02971539
  0.03227483
  0.07090903
  0.12507601
  0.17923904
  0.23215399
  0.28357495
  0.33504821
  0.38330862
  0.43543262
  0.48652253
  0.54280931
  0.52578726
  0.50324741
  0.48006308
  0.45589257
  0.43203002
  0.40834784
  0.38498598
  0.36195682
  0.34059072
  0.28606229
  0.22798991
  0.17993760
  0.14004336
  0.10684679
  0.07930418
  0.05688690
  0.03978487
  0.02865038
  0.02309462
  0.02281990
  0.02303771
  0.02400575
  0.02480880
  0.02535875
  0.02559634
  0.02547276
  0.02480015
  0.02394842
  0.02333827
  0.02297770
  0.02284284
  0.02292387
  0.02326026
  0.02292310
  0.02309370
  0.02568396
  0.03090082
  0.03972648
  0.05244488
  0.06877195
  0.08843213
  0.11141162
  0.13791604
  0.16826996
  0.20285287
  0.24908244
  0.26558953
  0.28209577
  0.29795982
  0.34040244
  0.32220264
  0.30310451
  0.28381055
  0.26423775
  0.24441840
  0.22457366
  0.20582633
  0.16472045
  0.12710923
  0.09657933
  0.07208766
  0.05300937
  0.03920994
  0.03047355
  0.02579170
  0.02369010
