  0.01155245
  0.01155245
  0.00802678
  0.00542149
  0.00357567
  0.00231510
  0.00147865
  0.00093525
  0.00058740
  0.00036680
  0.00022757
  0.00013941
  0.00007655
  0.00004790
  0.00002971
  0.00001841
  0.00001143
  0.00000710
  0.00000440
  0.00000266
  0.00000161
  0.00000097
  0.00000058
  0.00000034
  0.00000020
  0.00000017
  0.00000011
  0.00000007
  0.00000004
  0.00000002
  0.00000001
  0.00000001
  0.00000000
  0.00000000
  0.00000000
  0.00000000
  0.00000000
  0.00000000
  0.00000000
  0.00000000
  0.00000000
  0.00000000
  0.00000000
  0.00000000
  0.00000000
  0.00000000
  0.00000000
  0.00000000
  0.00000000
  0.00000000
  0.00000000
  0.00000000
  0.00000000
  0.00000000
  0.00000000
  0.00000000
  0.00000000
  0.00000000
  0.00000000
  0.00000000
  0.00000000
  0.00000000
  0.00000000
  0.00000000
  0.00000000
  0.00000000
  0.00000000
  0.00000000
  0.00000000
  0.00000000
  0.00000000
  0.00000000
  0.00000000
  0.00000000
  0.00000000
  0.00000000
  0.00000000
  0.00000000
  0.00000000
  0.00000000
  0.00000000
  0.00000000
  0.00000000
  0.00000000
  0.00000000
 -0.00000000
 -0.00000000
  0.00000000
 -0.00000000
  0.00000000
  0.00000000
  0.00000000
 -0.00000000
  0.00000000
  0.00000000
 -0.00000000
  0.00000000
  0.00000000
  0.00000000
  0.00000000
  0.00000000
  0.00000000
  0.00000000
  0.00000000
  0.00000000
  0.00000000
  0.00000000
  0.00000000
  0.00000000
  0.00000000
  0.00000000
  0.00000000
  0.00000000
  0.00000000
  0.00000000
  0.00000000
  0.00000000
  0.00000000
  0.00000000
  0.00000000
  0.00000000
  0.00000000
  0.00000000
  0.00000000
  0.00000000
  0.00000000
  0.00000000
  0.00000001
  0.00000003
  0.00000009
  0.00000023
  0.00000063
  0.00000163
  0.00000417
  0.00001050
  0.00002599
  0.00065781
  0.00089536
  0.00097517
  0.00137250
  0.00190216
  0.00261267
  0.00355714
  0.00478805
  0.00635680
  0.00836306
  0.01083260
  0.01378367
  0.01722081
  0.02118903
  0.02541582
  0.02983102
  0.05075753
  0.06327825
  0.07588406
  0.08843417
  0.10085842
  0.11311542
  0.12517493
  0.13700625
  0.14858823
  0.15989604
  0.17095623
  0.19103193
  0.20423766
  0.21748316
  0.23021336
  0.26426131
  0.24965921
  0.23433425
  0.21884998
  0.20314098
  0.18723400
  0.17130656
  0.15631200
  0.14008963
  0.12322593
  0.10685217
  0.09091687
  0.07537261
  0.06025692
  0.04573863
  0.03223938
  0.02053553
