 -1.54263476
 -1.54263476
 -1.54263476
 -1.54249968
 -1.54207015
 -1.54127388
 -1.54009266
 -1.53854905
 -1.53669757
 -1.53461819
 -1.53241551
 -1.53022642
 -1.52823513
 -1.52671148
 -1.52612196
 -1.52828387
 -1.53313905
 -1.54071232
 -1.55094927
 -1.56364606
 -1.57839667
 -1.59425776
 -1.60976008
 -1.62388426
 -1.63582323
 -1.64476030
 -1.64968796
 -1.64891170
 -1.64647924
 -1.64381704
 -1.64245385
 -1.64607526
 -1.65332759
 -1.66266701
 -1.66846360
 -1.66744315
 -1.66481584
 -1.66165839
 -1.65836847
 -1.65511703
 -1.65197833
 -1.64897847
 -1.64611981
 -1.64339472
 -1.64079210
 -1.63830299
 -1.63591793
 -1.63362915
 -1.63142999
 -1.62931464
 -1.62727785
 -1.62531349
 -1.62341495
 -1.62157737
 -1.61979747
 -1.61807285
 -1.61640075
 -1.61478031
 -1.61320982
 -1.61168781
 -1.61021227
 -1.60878181
 -1.60739458
 -1.60604832
 -1.60461670
 -1.58583810
 -1.53293399
 -1.44586795
 -1.32588771
 -1.17379242
 -0.99361084
 -0.78660327
 -0.55385305
 -0.29624255
 -0.06258146
  0.10330943
  0.21159853
  0.28897482
  0.34916597
  0.39971576
  0.44526230
  0.48914816
  0.53435631
  0.58427688
  0.64361937
  0.71564410
  0.75293172
  0.75165772
  0.71540347
  0.65316404
  0.60663587
  0.56943045
  0.53752115
  0.50858301
  0.48109704
  0.45391376
  0.42602667
  0.39641680
  0.36391560
  0.32705025
  0.28383653
  0.23151112
  0.16638912
  0.08761402
  0.00114650
 -0.09053992
 -0.18769286
 -0.31469424
 -0.43917382
 -0.56039985
 -0.67844476
 -0.79464805
 -0.90940204
 -1.01956318
 -1.12597311
 -1.22327613
 -1.28988066
 -1.32099521
 -1.32289753
 -1.32355840
 -1.27819310
 -1.19086702
 -1.06442283
 -0.90080344
 -0.70253935
 -0.57707924
 -0.48830181
 -0.42538168
 -0.38469012
 -0.35317543
 -0.32286134
 -0.28844401
 -0.24247295
 -0.16789648
 -0.00650312
  0.19476017
  0.43654426
  0.65867122
  0.86105146
  1.04366815
  1.20650529
  1.34955161
  1.47281653
  1.57635835
  1.66029760
  1.72476280
  1.77007589
  1.78982075
  1.79327417
  1.78901687
  1.78357842
  1.77909258
  1.77657696
  1.77653207
  1.77649148
  1.77645128
  1.77641156
  1.77639237
  1.78518034
  1.79706957
  1.80000000
