  2.79661017
  2.79661017
  2.79661017
  2.79679515
  2.79712906
  2.79760169
  2.79821773
  2.79899397
  2.79995707
  2.80114224
  2.80259362
  2.80436686
  2.80654064
  2.80926114
  2.81338129
  2.81769719
  2.82201291
  2.82602166
  2.82936221
  2.83165300
  2.83251821
  2.83152905
  2.82822251
  2.82226548
  2.81341883
  2.80147068
  2.78590266
  2.77410335
  2.76296507
  2.75121254
  2.73548328
  2.72105049
  2.70609808
  2.68718948
  2.66235224
  2.64406974
  2.62708629
  2.61043770
  2.59383108
  2.57715572
  2.56036168
  2.54342530
  2.52633547
  2.50908643
  2.49167363
  2.47411443
  2.45640404
  2.43853605
  2.42050259
  2.40229425
  2.38390003
  2.36532037
  2.34654393
  2.32766877
  2.30869169
  2.28960085
  2.27038222
  2.25112029
  2.23182146
  2.21246622
  2.19309465
  2.17372621
  2.15441652
  2.13519834
  2.11538157
  2.08872161
  2.07684828
  2.10669982
  2.20358344
  2.38916574
  2.67433494
  3.06177981
  3.54399655
  4.10445249
  4.76040713
  5.32595279
  5.74679704
  6.07596660
  6.35103401
  6.59704481
  6.83251201
  7.07416752
  7.34167000
  7.66516880
  8.10383349
  8.77804482
  9.43978147
 10.05867434
 10.65952998
 11.20608659
 11.50459348
 11.71695207
 11.88699043
 12.03387980
 12.16814407
 12.29665538
 12.42465056
 12.55678763
 12.69784282
 12.85330477
 13.03000622
 13.23673831
 13.48397502
 13.76902121
 14.06454638
 14.35889165
 14.65038110
 15.00444126
 15.36573842
 15.72954046
 16.09296010
 16.45767398
 16.82353351
 17.18068422
 17.53541440
 17.88176389
 18.16938794
 18.41420600
 18.64100975
 18.86763970
 19.08299683
 19.32471535
 19.62067503
 19.98895868
 20.43545591
 20.86946901
 21.29415070
 21.70530691
 22.08005974
 22.34532984
 22.55698523
 22.76795152
 23.01865379
 23.37712187
 24.03542152
 24.65646421
 25.22000637
 25.69805797
 26.07813338
 26.36073678
 26.55527187
 26.67630707
 26.74054727
 26.76460271
 26.76349387
 26.74980766
 26.73328544
 26.72122136
 26.71812020
 26.72363872
 26.73373917
 26.74676450
 26.76198821
 26.78705159
 26.81803440
 26.85493469
 26.90268576
 26.94090723
 26.96957553
 26.98949659
 27.00000000
