 27.87530266
 27.87530266
 27.87530266
 27.86686082
 27.84997994
 27.82466185
 27.79090826
 27.74872067
 27.69810060
 27.63904945
 27.57156621
 27.49563787
 27.41131006
 27.31856028
 27.21737662
 27.10774948
 26.98967018
 26.86313563
 26.72814606
 26.58470398
 26.43281324
 26.27247851
 26.10370493
 25.92649811
 25.74086321
 25.54679619
 25.34420672
 25.13323976
 24.91383058
 24.68630750
 24.45024946
 24.20561743
 23.95256611
 23.69108677
 23.42116065
 23.14284720
 22.85617447
 22.56107145
 22.25780784
 21.94606177
 21.62570379
 21.29672397
 20.95914368
 20.61324281
 20.25840494
 19.89501062
 19.52304894
 19.14248820
 18.75334307
 18.35559473
 17.94924658
 17.53426727
 17.11065240
 16.67836586
 16.23735991
 15.78759467
 15.32904945
 14.86169710
 14.38537106
 13.89959440
 13.40517787
 12.90243666
 12.39200894
 11.87508481
 11.35409977
 10.82788657
 10.35505947
  9.94148724
  9.54784571
  9.15749376
  8.81992920
  8.55889504
  8.40141344
  8.34541375
  8.34863943
  8.39075558
  8.46523743
  8.57584185
  8.73854367
  8.94922697
  9.18848202
  9.44848446
  9.72263788
 10.00526746
 10.29161020
 10.57771610
 10.95399880
 11.31919455
 11.66707225
 11.99195121
 12.28793978
 12.48161502
 12.66710214
 12.87305262
 13.06353159
 13.23545107
 13.37712990
 13.51288434
 13.64557455
 13.77741082
 13.91000056
 14.04441075
 14.18117670
 14.32034793
 14.46155732
 14.60405022
 14.74676889
 14.89170820
 15.03529389
 15.17193326
 15.29953667
 15.41679906
 15.52291211
 15.61738796
 15.69994636
 15.77044344
 15.82882643
 15.87510495
 15.90112029
 15.92024149
 15.93248407
 15.93782182
 15.93629329
 15.92792770
 15.91268753
 15.89052228
 15.86198884
 15.82680630
 15.78497097
 15.73648099
 15.66598370
 15.58479965
 15.49292095
 15.39029603
 15.27682528
 15.15236220
 15.01672589
 14.86971539
 14.71114737
 14.54090566
 14.35899501
 14.16437922
 13.95850279
 13.74206440
 13.51564120
 13.27976231
 13.03474560
 12.78265857
 12.51847285
 12.24505704
 11.96190545
 11.66567310
 11.35837365
 11.04000326
 10.71054008
 10.36996128
 10.01825081
  9.65507408
  9.27726266
  8.88742424
  8.55331663
  8.19011421
  7.83087567
  7.48343646
  7.13887853
  6.77811268
  6.43123979
  6.12379577
  5.87484031
  5.68319551
  5.63632131
  5.65382272
  5.71972700
  5.85200069
  6.04221825
  6.27408908
  6.53636714
  6.81997043
  7.11747621
  7.42287131
  7.73143643
  8.03938008
  8.34366595
  8.93588228
  9.49566391
 10.00928512
 10.46470664
 10.85053508
 11.15628234
 11.38032119
 11.50661873
 11.55468411
 11.54493475
 11.49640788
 11.42329725
 11.34393370
 11.27192270
 11.21386881
 11.17278068
 11.14970303
 11.14461841
 11.15704024
 11.18644097
 11.23262591
 11.29604517
 11.37804383
 11.48100308
 11.61774977
 11.79193368
 12.01454224
 12.22946014
 12.45246028
 12.63837867
 12.78539481
 12.89392885
 12.96505453
 13.00000000
