  0.01000126
  0.18655203
  0.18633812
  0.18612210
  0.18589263
  0.18564088
  0.18536335
  0.18506692
  0.18477795
  0.18492262
  0.18494402
  0.18498800
  0.18503813
  0.18507711
  0.18509067
  0.18507079
  0.18596607
  0.18624293
  0.18503212
  0.18503046
  0.18502938
  0.18502839
  0.18502934
  0.18561648
  0.23196023
  0.23221731
  0.23250551
  0.23291090
  0.23341658
  0.23297322
  0.24611957
  0.24543935
  0.24398018
  0.24241770
  0.24404487
  0.23792714
  0.23365938
  0.23049037
  0.22799119
  0.22589241
  0.23931864
  0.23725770
  0.23514190
  0.23284421
  0.23025203
  0.22726956
  0.23628892
  0.23499878
  0.20380101
  0.20912952
  0.22809065
  0.23842766
  0.23892873
  0.23928442
  0.23952664
  0.24010242
  0.24011057
  0.24011492
  0.24011142
  0.24010286
  0.24009928
  0.24006765
  0.23971148
  0.24457424
  0.24462630
  0.24474888
  0.24474503
  0.24473789
  0.24473398
  0.24473421
  0.24473640
  0.24473887
  0.24474166
  0.24474519
  0.24474897
  0.24475260
  0.24476849
  0.24478496
  0.24478115
  0.24480352
  0.24495983
  0.24497592
  0.24499310
  0.24511229
  0.24504563
  0.24498623
