  0.00000000
  0.00000000
  0.04677309
  0.09431660
  0.14350762
  0.19534025
  0.25101158
  0.31204403
  0.38047333
  0.32897536
  0.26636808
  0.20964613
  0.15715746
  0.10762962
  0.06003216
  0.01348277
  0.00000269
 -0.04662089
  0.00000732
  0.00000435
  0.00000348
  0.00000283
  0.00000235
  0.00000217
  0.00000011
 -0.05825129
 -0.11817359
 -0.18157469
 -0.25071820
 -0.32866014
 -0.41942936
 -0.42114389
 -0.42114390
 -0.42114388
 -0.42114379
 -0.32614228
 -0.24711220
 -0.17809977
 -0.11546008
 -0.05671476
 -0.00000041
  0.06011637
  0.12145095
  0.18584054
  0.25541850
  0.33290194
  0.42114383
  0.42114378
  0.37356141
  0.29955231
  0.25403814
  0.23533740
  0.16608613
  0.10200368
  0.04089657
  0.00832386
  0.00411324
  0.00502056
 -0.00384028
 -0.00233471
 -0.00364901
 -0.05933226
 -0.01191511
 -0.00926505
 -0.01605625
 -0.01853141
  0.00192896
  0.00119136
  0.00100623
  0.00096531
  0.00099688
  0.00108917
  0.00125383
  0.00152788
  0.00200389
  0.00294576
  0.00371903
 -0.02211585
 -0.07277030
 -0.06118904
  0.00003082
 -0.06149705
 -0.12491094
 -0.19231043
 -0.12494446
 -0.06152379
