  0.00000000
  0.00000000
  0.09327473
  0.18644245
  0.27950202
  0.37244660
  0.46526483
  0.55794327
  0.65047024
  0.58194420
  0.48949230
  0.39702623
  0.30453746
  0.21202393
  0.11949234
  0.02695901
  0.00000538
 -0.09297297
  0.00001465
  0.00000869
  0.00000696
  0.00000567
  0.00000469
  0.00000435
  0.00000023
 -0.11597975
 -0.23208824
 -0.34834082
 -0.46479607
 -0.58150409
 -0.69799032
 -0.69999965
 -0.69999966
 -0.69999964
 -0.69999953
 -0.57797956
 -0.45901646
 -0.34218708
 -0.22694214
 -0.11294678
 -0.00000081
  0.11965836
  0.23828703
  0.35585777
  0.47227958
  0.58740505
  0.69999958
  0.69999952
  0.64165717
  0.53976087
  0.47008773
  0.43991346
  0.32070522
  0.20124581
  0.08161147
  0.01664618
  0.00822630
  0.01004080
 -0.00768042
 -0.00466939
 -0.00729789
 -0.11811233
 -0.02382571
 -0.01852798
 -0.03210148
 -0.03704592
  0.00385790
  0.00238272
  0.00201246
  0.00193061
  0.00199375
  0.00217834
  0.00250765
  0.00305576
  0.00400777
  0.00589144
  0.00743794
 -0.04420390
 -0.14452587
 -0.12177274
  0.00006164
 -0.12237947
 -0.24481107
 -0.36717897
 -0.24487415
 -0.12243215
  0.00000000
