  0.02310491
  0.02310491
  0.02207177
  0.02075359
  0.02313356
  0.03052372
  0.04173044
  0.05645396
  0.07527926
  0.07452880
  0.06889695
  0.06169388
  0.05289873
  0.04244765
  0.03034089
  0.02050757
  0.02310373
  0.07288817
  0.02310129
  0.02310261
  0.02310296
  0.02310323
  0.02310344
  0.02310361
  0.02310482
  0.12036143
  0.21575902
  0.30027590
  0.37602483
  0.44285356
  0.53427772
  0.47131789
  0.40632278
  0.34319675
  0.28582018
  0.17377455
  0.10028638
  0.05331619
  0.02960537
  0.02307435
  0.02310489
  0.03107817
  0.05739177
  0.10294948
  0.16615504
  0.24911841
  0.37422420
  0.42415888
  0.36867142
  0.33375021
  0.33647074
  0.35460587
  0.27517091
  0.18664423
  0.08705405
  0.03165468
  0.02667691
  0.02809453
  0.02184341
  0.02204490
  0.02195351
  0.08818593
  0.02866271
  0.02666195
  0.03438631
  0.03622210
  0.02489520
  0.02406316
  0.02385721
  0.02378655
  0.02377293
  0.02379853
  0.02386403
  0.02398516
  0.02420777
  0.02467482
  0.02495369
  0.02340093
  0.04061117
  0.03263746
  0.02311274
  0.02655995
  0.03455422
  0.03748993
  0.02366046
  0.02123242
