  0.01155245
  0.01155245
  0.00316652
  0.00071796
  0.00015452
  0.00003303
  0.00000709
  0.00000153
  0.00000033
  0.00000007
  0.00000002
  0.00000000
  0.00000000
  0.00000000
  0.00000000
  0.00000000
  0.00000000
  0.00000000
  0.00000000
  0.00000000
  0.00000000
  0.00000000
  0.00000000
  0.00000000
  0.00000000
  0.00000000
  0.00000000
  0.00000000
  0.00000000
  0.00000000
  0.00000000
  0.00000000
  0.00000000
  0.00000000
  0.00000005
  0.00000091
  0.00001329
  0.00016450
  0.00175378
  0.01275317
  0.04422091
  0.08531862
  0.12630911
  0.16613078
  0.20449024
  0.24108833
  0.29093205
  0.33098925
  0.32296779
  0.36337758
  0.43209926
  0.49246921
  0.53622956
  0.57990676
  0.62348001
  0.66811191
  0.71137292
  0.75462635
  0.79785607
  0.84106615
  0.88428995
  0.92740345
  0.96918764
  1.03281859
  0.98816741
  0.94375873
  0.89881819
  0.85386825
  0.80893291
  0.76401261
  0.71909795
  0.67418287
  0.62926723
  0.58435181
  0.53943503
  0.49451583
  0.44961716
  0.40471069
  0.35976535
  0.31485578
  0.27008157
  0.22509239
  0.18009544
  0.13514963
  0.09013494
  0.04609688
