  3.14000000
  3.14000000
  3.14000000
  3.14121944
  3.14612883
  3.15731341
  3.17757284
  3.21004540
  3.25837738
  3.32697432
  3.39476365
  3.45649077
  3.51046428
  3.55497012
  3.58822089
  3.60831076
  3.61316869
  3.61316974
  3.59384928
  3.59385249
  3.59385450
  3.59385620
  3.59385766
  3.59385893
  3.59386005
  3.59386012
  3.56035662
  3.49708948
  3.40708410
  3.29275768
  3.15657908
  2.99102141
  2.84432657
  2.71741816
  2.61000394
  2.52055514
  2.46722372
  2.43784372
  2.42414986
  2.41991909
  2.42005071
  2.42005072
  2.41492769
  2.39958836
  2.36871467
  2.31648410
  2.23622534
  2.11370110
  1.97430703
  1.85365873
  1.74480814
  1.63503845
  1.51914202
  1.43008173
  1.37092911
  1.34543091
  1.33986965
  1.33694358
  1.33315489
  1.33621892
  1.33818258
  1.34140937
  1.39643438
  1.40798236
  1.41755148
  1.43341775
  1.45090699
  1.44917320
  1.44815594
  1.44734197
  1.44660447
  1.44588762
  1.44515332
  1.44436432
  1.44347150
  1.44239053
  1.44093381
  1.43926163
  1.44821230
  1.47439254
  1.49365827
  1.49364995
  1.50749247
  1.52998833
  1.55597807
  1.56723059
  1.57000000
