  0.00000000
  0.00000000
  0.13991397
  0.27966751
  0.41925903
  0.55867844
  0.69790904
  0.83693149
  0.97573161
  1.11431500
  1.25300688
  1.39171481
  1.53045572
  1.66923421
  1.80804193
  1.94685979
  2.08566274
  2.22513711
  2.36481909
  2.50359291
  2.64236540
  2.78113690
  2.91990711
  2.78997590
  2.65076462
  2.47679492
  2.30263224
  2.12825333
  1.95357032
  1.77850803
  1.60377823
  1.41918864
  1.23510920
  1.05212414
  0.87031093
  0.68727733
  0.50883203
  0.33358754
  0.16071981
 -0.01027354
 -0.17969280
 -0.35918174
 -0.53712497
 -0.71348135
 -0.88811446
 -1.06080343
 -1.23125555
 -1.40847219
 -1.58472121
 -1.73757191
 -1.89441898
 -2.06548690
 -2.24430757
 -2.42350403
 -2.60296726
 -2.78261214
 -2.96268884
 -3.14277163
 -3.32285767
 -3.50294104
 -3.68301794
 -3.86309207
 -4.04314230
 -4.22292473
 -4.03949784
 -3.85602884
 -3.67246759
 -3.48890909
 -3.30535588
 -3.12180556
 -2.93825505
 -2.75470287
 -2.57114883
 -2.38759268
 -2.20403387
 -2.02047222
 -1.83690784
 -1.65333154
 -1.46974288
 -1.28615708
 -1.10255449
 -0.91883467
 -0.73510277
 -0.55135799
 -0.36752381
 -0.18373963
  0.00000000
