  0.00000000
  0.74953618
  0.74951314
  0.74948797
  0.74946019
  0.74942950
  0.74939528
  0.74935662
  0.74931251
  0.74926166
  0.74920236
  0.74913297
  0.74904775
  0.74894587
  0.74881859
  0.74868630
  0.74849187
  0.74819346
  0.74762788
  0.74696761
  0.74627748
  0.74580871
  0.74573161
  0.74596685
  0.74537073
  0.74467427
  0.74012159
  0.73852143
  0.73640424
  0.73340606
  0.72888094
  0.72106579
  0.70564347
 -0.49852629
  0.24640861
  0.46705362
  0.46103493
  0.27825782
  0.07565276
  0.01874145
 -0.17191792
 -0.63057183
 -0.69784229
 -0.71858367
 -0.72833739
 -0.73440438
 -0.73861313
 -0.74168086
 -0.74395494
 -0.74564437
 -0.74689580
 -0.74773916
 -0.74811609
 -0.74838840
 -0.74864284
 -0.74882731
 -0.74898488
 -0.74911225
 -0.74920501
 -0.74927900
 -0.74934238
 -0.74940000
 -0.74945476
 -0.74950566
 -0.74954680
 -0.74958072
 -0.74960912
 -0.74962816
 -0.74963765
 -0.74963985
 -0.74963565
 -0.74962510
 -0.74960769
 -0.74958134
 -0.74954301
 -0.74948677
 -0.74940089
 -0.74925922
 -0.74906510
 -0.74877871
 -0.74830525
 -0.74735133
 -0.74433279
  0.68987499
  0.74515725
  0.74748961
  0.74832568
  0.74876443
  0.74903793
  0.74920862
  0.74931577
  0.74938235
  0.74942538
  0.74945283
  0.74946896
  0.00000000
