  0.00636653
  0.23680225
  0.23646840
  0.23628092
  0.23616733
  0.23618215
  0.23629447
  0.23645328
  0.23666140
  0.23692534
  0.23725185
  0.23786924
  0.23806209
  0.23858965
  0.23704504
  0.24132306
  0.24287256
  0.24003693
  0.21277630
  0.18726997
  0.16678867
  0.16021510
  0.17263107
  0.21329545
  0.21616503
  0.21840461
  0.13341907
  0.13247824
  0.13189428
  0.13127458
  0.13093349
  0.12920083
  0.12923061
  0.24961084
  0.18496287
  0.17531254
  0.16520712
  0.15611122
  0.14862892
  0.14243345
  0.13654419
  0.12279606
  0.12711584
  0.13697347
  0.14574232
  0.15540507
  0.16615397
  0.17823944
  0.19203403
  0.20806181
  0.22706476
  0.24665871
  0.24512244
  0.24404940
  0.24868891
  0.24904053
  0.24945279
  0.24968145
  0.24967890
  0.24967811
  0.24967469
  0.24967036
  0.24966304
  0.24971716
  0.24970769
  0.24969796
  0.24968945
  0.24969549
  0.24967004
  0.24964751
  0.24962717
  0.24960841
  0.24967683
  0.24966226
  0.24964582
  0.24962538
  0.24959801
  0.24963925
  0.24964327
  0.24964663
  0.24965029
  0.24965442
  0.24742723
  0.24794371
  0.24806770
  0.24804931
  0.24801844
  0.24795357
  0.24874426
  0.24866041
  0.24868059
  0.24830453
  0.24783482
  0.24726789
  0.24661283
