  0.00000000
  0.00000000
  0.00648967
  0.02528516
  0.05433849
  0.08510778
  0.09859321
  0.09605954
  0.08358137
  0.06640622
  0.04975332
  0.02847480
  0.00938675
  0.02682928
  0.05785029
  0.09864936
  0.14888009
  0.20794438
  0.25069827
  0.21643656
  0.16553337
  0.13646790
  0.12406450
  0.12267767
  0.08525908
  0.04451557
  0.00026948
  0.00398234
  0.00572963
  0.01032902
  0.02491400
  0.00344504
  0.00195680
  0.00000007
  0.18620691
  0.31179258
  0.42385308
  0.52494106
  0.61766187
  0.70431996
  0.78583846
  0.80083045
  0.85397088
  0.85528464
  0.77659513
  0.69252396
  0.60200799
  0.50318868
  0.39354983
  0.26943143
  0.12564303
  0.00222130
  0.04917041
  0.09399380
  0.12053543
  0.06804091
  0.03860079
  0.00106567
  0.12186254
  0.23046453
  0.32510805
  0.40839488
  0.48255302
  0.50473019
  0.43951591
  0.37518280
  0.31175249
  0.21314794
  0.12172912
  0.05946187
  0.02049747
  0.00129918
  0.00002822
  0.01584610
  0.04986912
  0.10397399
  0.18175666
  0.28913531
  0.25733008
  0.21261675
  0.15547579
  0.08503863
  0.00011354
  0.04075922
  0.07519737
  0.10338327
  0.12644992
  0.14501702
  0.14836715
  0.12438776
  0.08545723
  0.05057112
  0.02663829
  0.01121105
  0.00268079
