  0.00000000
  0.00000000
  0.10336885
  0.19834664
  0.27879407
  0.32239856
  0.29822686
  0.24284424
  0.18132590
  0.12577135
  0.08331102
  0.04256924
 -0.04348379
 -0.11321323
 -0.22384002
 -0.34031612
 -0.45963784
 -0.57980262
 -0.69739632
 -0.66294579
 -0.57096368
 -0.48844095
 -0.40891370
 -0.32301126
 -0.21662737
 -0.10874079
  0.00029823
  0.00432988
  0.00610759
  0.01080523
  0.02553197
 -0.01229863
 -0.00684750
  0.00000003
  0.12472274
  0.21711616
  0.30467602
  0.38716970
  0.46509215
  0.53922666
  0.61013266
  0.67758601
  0.69898303
  0.66943952
  0.60164209
  0.52921673
  0.45191448
  0.36925418
  0.28062806
  0.18529526
  0.08255397
  0.00140018
 -0.12028103
 -0.23990304
 -0.31456355
 -0.19230415
 -0.11699918
 -0.00347067
  0.12083985
  0.24529447
  0.36977250
  0.49418775
  0.61833773
  0.69947668
  0.69951376
  0.69950883
  0.69946593
  0.62361753
  0.49945402
  0.37502682
  0.25052804
  0.12600890
  0.00149446
 -0.12312533
 -0.24771236
 -0.37223911
 -0.49663380
 -0.62053474
 -0.49766972
 -0.37336034
 -0.24884753
 -0.12425374
  0.00038325
  0.12280677
  0.24597518
  0.36929224
  0.49251288
  0.61525845
  0.69904990
  0.69912080
  0.61666309
  0.49330932
  0.36971781
  0.24622707
  0.12296197
  0.00000000
