  0.00000000
  0.00000000
  0.00202245
  0.00782500
  0.01669990
  0.02597660
  0.02988689
  0.02892063
  0.02499311
  0.01972288
  0.01467702
  0.00834264
  0.03225465
  0.09281951
  0.20135729
  0.34616369
  0.52624965
  0.73906341
  0.88569763
  0.75912836
  0.57685496
  0.47542557
  0.43645310
  0.44297358
  0.30992516
  0.16286862
  0.00007729
  0.00114060
  0.00163842
  0.00294908
  0.00710120
  0.01209477
  0.00688271
  0.00000002
  0.05092039
  0.08573806
  0.11715468
  0.14579567
  0.17233181
  0.19737596
  0.22118778
  0.22787448
  0.24256446
  0.24160682
  0.21845690
  0.19395833
  0.16783752
  0.13961109
  0.10862828
  0.07395151
  0.03427116
  0.00060279
  0.17984590
  0.34133414
  0.43579242
  0.24434330
  0.13767962
  0.00377461
  0.03465096
  0.06600313
  0.09378357
  0.11867003
  0.14125087
  0.14883592
  0.13057423
  0.11230117
  0.09402300
  0.06477570
  0.03727857
  0.01835109
  0.00637540
  0.00040727
  0.00008802
  0.00520490
  0.01677382
  0.03579254
  0.06400196
  0.10409562
  0.09467488
  0.07990110
  0.05965335
  0.03329789
  0.00028480
  0.10025456
  0.18825885
  0.26394530
  0.32937658
  0.38556575
  0.40261089
  0.34488155
  0.24219412
  0.14659515
  0.07901661
  0.03404390
  0.00833708
