  0.00000000
  0.00000000
 -0.00000000
  0.00217702
  0.01060005
  0.02857627
  0.05653816
  0.08870920
  0.11984013
  0.14674337
  0.16797359
  0.18377233
  0.19275257
  0.18264842
  0.15376867
  0.09149710
 -0.01469167
 -0.17495010
 -0.39878690
 -0.66864511
 -0.90162310
 -1.07980757
 -1.22670520
 -1.36025148
 -1.49230495
 -1.58408006
 -1.63199779
 -1.63191459
 -1.63068682
 -1.62892319
 -1.62574872
 -1.61810479
 -1.62181313
 -1.62391948
 -1.62391946
 -1.56910742
 -1.47681672
 -1.35070834
 -1.19377005
 -1.00826757
 -0.79580690
 -0.55771456
 -0.31242449
 -0.05132174
  0.20875018
  0.44390293
  0.65268477
  0.83334948
  0.98363053
  1.10056086
  1.18016420
  1.21705458
  1.21770344
  1.16477512
  1.06359773
  0.93385023
  0.86060921
  0.81905830
  0.81791119
  0.85521039
  0.92625789
  1.02720899
  1.15494853
  1.30699468
  1.46720557
  1.60775909
  1.72864302
  1.82985184
  1.89957810
  1.93970574
  1.95945933
  1.96632198
  1.96676038
  1.96673064
  1.97208405
  1.98893173
  2.02405807
  2.08546235
  2.18314320
  2.27007904
  2.34190902
  2.39443463
  2.42316389
  2.42306768
  2.38919789
  2.32559693
  2.23642622
  2.12515035
  1.99489165
  1.85887446
  1.74236042
  1.66053808
  1.61101270
  1.58431790
  1.57281658
  1.57000000
