  0.00000000
  0.00000000
  0.17749186
  0.35472803
  0.53181774
  0.70881575
  0.88581762
  1.06289558
  1.24008341
  1.41741675
  1.59493583
  1.77268547
  1.95088117
  2.12920104
  2.30789178
  2.48539551
  2.66607078
  2.84785891
  3.02745297
  3.18653046
  3.32641506
  3.45088569
  3.57037550
  3.69911195
  3.85822329
  4.01934637
  4.18198666
  4.28073299
  4.37857101
  4.47569851
  4.57197608
  4.66741100
  4.76057329
  4.85176400
  4.72732642
  4.77290280
  4.85478322
  4.93094947
  4.97438832
  4.98563250
  4.98830190
  4.96482749
  4.88739587
  4.79868917
  4.70026226
  4.59411269
  4.47998252
  4.35725901
  4.22506223
  4.08219757
  3.92705745
  3.75746374
  3.57302736
  3.38964732
  3.20700358
  3.02082441
  2.83433606
  2.64749969
  2.46046026
  2.27339958
  2.08632101
  1.89922919
  1.71212622
  1.52501507
  1.33785064
  1.15068304
  0.96351426
  0.77634477
  0.58916600
  0.40200394
  0.21485821
  0.02772879
 -0.15938394
 -0.34654361
 -0.53368579
 -0.72080606
 -0.90789698
 -1.09494595
 -1.28199046
 -1.46898951
 -1.65591960
 -1.84273422
 -2.02931378
 -2.21348198
 -2.04243182
 -1.85758238
 -1.67216809
 -1.48656952
 -1.30091071
 -1.11459183
 -0.92829331
 -0.74195302
 -0.55587799
 -0.37014429
 -0.18482866
  0.00000000
