  0.00000000
  0.43651914
  0.40164993
  0.34047164
  0.18463062
 -0.10234202
 -0.23437696
 -0.26016852
 -0.23474029
 -0.17921299
 -0.17172500
 -0.36176638
 -0.29290740
 -0.46367041
 -0.49136720
 -0.49444816
 -0.49476487
 -0.48990172
  0.16190733
  0.49117417
  0.49477435
  0.49637802
  0.49760709
  0.49876308
  0.49909357
  0.49925238
  0.03021758
  0.01341871
  0.03561574
  0.11217659
 -0.28892493
  0.04219297
  0.05298706
  0.49966866
  0.49952413
  0.49945009
  0.49933492
  0.49914701
  0.49878926
  0.49781839
  0.49400383
  0.17424867
 -0.23241351
 -0.49496756
 -0.49694119
 -0.49742425
 -0.49749219
 -0.49723068
 -0.49643700
 -0.49380180
 -0.35740371
 -0.49331814
 -0.48800920
 -0.30592371
  0.49161578
  0.30238041
  0.45511019
  0.49787650
  0.49845869
  0.49855403
  0.49830940
  0.49725560
  0.32499384
  0.00014847
 -0.00001973
 -0.00017181
 -0.30377094
 -0.49725972
 -0.49836657
 -0.49869825
 -0.49882047
 -0.49883912
 -0.49912437
 -0.49902226
 -0.49881369
 -0.49832548
 -0.49640199
  0.49217031
  0.49794804
  0.49875621
  0.49907331
  0.49923804
  0.49478599
  0.49675956
  0.49711048
  0.49675869
  0.49490499
  0.33793203
  0.00028501
 -0.33160775
 -0.49603296
 -0.49774164
 -0.49827841
 -0.49850831
 -0.49860330
  0.00000000
