  4.00000000
  4.00000000
  4.00000000
  4.04197120
  4.12578645
  4.25137733
  4.41871857
  4.62769787
  4.87803475
  5.16940968
  5.50162233
  5.87469794
  6.28926485
  6.74509464
  7.24464975
  7.78526880
  8.38254305
  9.02998872
  9.70314623
 10.29677182
 10.76501254
 11.10918061
 11.36986393
 11.57778651
 11.74268245
 11.80807804
 11.79641728
 11.76229061
 11.72765154
 11.69308471
 11.65895152
 11.62607205
 11.59755405
 11.56618154
 11.50187685
 11.45544889
 11.45686208
 11.53212703
 11.70018118
 11.97237382
 12.35110045
 12.82768847
 13.34496587
 13.93615647
 14.59258427
 15.26274005
 15.90749438
 16.49886134
 17.02107130
 17.47056548
 17.85540253
 18.19493647
 18.51599349
 18.81885658
 19.14558149
 19.53297396
 19.98040381
 20.44137214
 20.89279682
 21.31283967
 21.68523106
 21.99820411
 22.24345518
 22.41613216
 22.51543259
 22.54997746
 22.53935961
 22.50154246
 22.45188440
 22.40438818
 22.36819878
 22.34787393
 22.34520718
 22.36055583
 22.39392359
 22.44596472
 22.51902720
 22.61825946
 22.75281021
 22.93676601
 23.17281760
 23.46093052
 23.79843145
 24.17643847
 24.58957703
 24.95946739
 25.27516232
 25.53127987
 25.72530887
 25.85846668
 25.93720916
 25.97662048
 25.99313144
 25.99867039
 25.99990791
 26.00000000
