 22.00000000
 22.00000000
 22.00000000
 22.00000000
 22.00018247
 22.00151379
 22.00629710
 22.01812509
 22.04039087
 22.07547763
 22.12458084
 22.18784400
 22.26489941
 22.35386630
 22.44613750
 22.52992924
 22.58473137
 22.57521923
 22.45623371
 22.20610108
 21.83616389
 21.40100673
 20.91343572
 20.33320695
 19.56162639
 18.73018112
 17.85241469
 17.29550246
 16.72945728
 16.15298418
 15.56643099
 14.96870981
 14.36635113
 13.75193984
 12.54259539
 11.66944897
 10.83270043
 10.03419494
  9.28298671
  8.59557720
  7.99487946
  7.50826537
  7.18560319
  6.99464680
  6.96092817
  7.10289140
  7.40950901
  7.86157911
  8.43643518
  9.11190042
  9.86906292
 10.69358657
 11.56301254
 12.38480989
 13.14479624
 13.84193836
 14.44673041
 14.98283107
 15.46571664
 15.91400140
 16.34238788
 16.75878469
 17.16461687
 17.55564133
 17.92328947
 18.25557020
 18.54269715
 18.78028563
 18.96766711
 19.10688516
 19.20049239
 19.25012660
 19.25651357
 19.21979819
 19.13997271
 19.01732444
 18.85289447
 18.64916739
 18.41123534
 18.14934595
 17.86868730
 17.57222285
 17.25959506
 16.92910661
 16.56783281
 16.22158600
 15.88595589
 15.55976032
 15.24636143
 14.95143411
 14.68570034
 14.45824091
 14.27475197
 14.13709744
 14.04558102
 14.00000000
