  0.00000000
  0.74999996
  0.74999996
  0.74999996
  0.74999996
  0.74999995
  0.74999995
  0.74999995
  0.74999995
  0.74999994
  0.74999994
  0.74999994
  0.74999993
  0.74999993
  0.74999992
  0.74999991
  0.74999990
  0.74999989
  0.74999988
  0.74999986
  0.74999984
  0.74999982
  0.74999979
  0.74999971
  0.74999962
  0.74999957
  0.74999941
  0.74999887
  0.74999632
 -0.74999732
 -0.74999904
 -0.74999942
 -0.74999959
 -0.74999968
 -0.74999974
 -0.74999979
 -0.74999982
 -0.74999984
 -0.74999986
 -0.74999987
 -0.74999988
 -0.74999989
 -0.74999990
 -0.74999992
 -0.74999993
 -0.74999993
 -0.74999994
 -0.74999994
 -0.74999995
 -0.74999996
 -0.74999996
 -0.74999996
 -0.74999996
 -0.74999996
 -0.74999996
 -0.74999996
 -0.74999996
 -0.74999996
 -0.74999996
 -0.74999996
 -0.74999996
 -0.74999995
 -0.74999994
 -0.74999994
 -0.74999993
 -0.74999992
 -0.74999990
 -0.74999990
 -0.74999988
 -0.74999985
 -0.74999981
 -0.74999973
 -0.74999955
 -0.74999863
  0.74999884
  0.74999961
  0.74999977
  0.74999984
  0.74999987
  0.74999990
  0.74999992
  0.74999993
  0.74999994
  0.74999995
  0.74999995
  0.74999996
  0.74999996
  0.74999996
  0.74999997
  0.74999997
  0.74999997
  0.00000000
