  0.01155245
  0.01155245
  0.00219864
  0.00032817
  0.00004667
  0.00000659
  0.00000093
  0.00000013
  0.00000002
  0.00000000
  0.00000000
  0.00000000
  0.00000000
  0.00000000
  0.00000000
  0.00000000
  0.00000000
  0.00000000
  0.00000000
  0.00000000
  0.00000000
  0.00000000
 -0.00000000
 -0.00000000
  0.00000000
  0.00000000
  0.00000000
  0.00000000
  0.00000000
  0.00000000
  0.00000000
  0.00000000
  0.00000000
  0.00000000
  0.00000000
  0.00000000
  0.00000000
  0.00000000
  0.00000000
  0.00000000
  0.00000000
  0.00000000
  0.00000000
  0.00000000
  0.00000000
  0.00000000
  0.00000000
  0.00000000
  0.00000000
  0.00000000
  0.00000001
  0.00000014
  0.00000209
  0.00002669
  0.00030171
  0.00292701
  0.01812538
  0.05373784
  0.09383725
  0.13333919
  0.17153950
  0.20811799
  0.24274287
  0.27909563
  0.31467409
  0.35009066
  0.36188059
  0.42779080
  0.46667783
  0.50588801
  0.54505492
  0.58477993
  0.62853665
  0.66760255
  0.74970528
  0.70691333
  0.66333555
  0.61915240
  0.57496990
  0.53081274
  0.48673019
  0.44248204
  0.39834777
  0.35431847
  0.31028246
  0.26613175
  0.22254010
  0.17745402
  0.13266315
  0.08827690
  0.04514614
