  0.01155245
  0.01155245
  0.03484675
  0.06562438
  0.09799100
  0.13059903
  0.16324149
  0.19588881
  0.22853681
  0.26407777
  0.29728386
  0.33043807
  0.36360666
  0.39761463
  0.43156287
  0.46549207
  0.49931414
  0.53278668
  0.56644653
  0.60024752
  0.63478373
  0.67106518
  0.72592460
  0.66466045
  0.63124424
  0.75126570
  0.84715270
  0.78131127
  0.80902458
  0.86872039
  0.83884747
  0.81833295
  0.78797436
  0.75814571
  0.72966236
  0.69967910
  0.66939936
  0.63841900
  0.60769348
  0.57743969
  0.53848066
  0.50572822
  0.47571810
  0.51893147
  0.47807411
  0.43678099
  0.40284873
  0.36102336
  0.31913207
  0.28873467
  0.24487630
  0.19499885
  0.14971744
  0.10729622
  0.06701223
  0.03043252
  0.00685092
  0.00067663
  0.00005990
  0.00000559
  0.00000056
  0.00000006
  0.00000001
  0.00000000
  0.00000000
  0.00000000
  0.00000000
  0.00000000
  0.00000000
  0.00000000
  0.00000000
  0.00000000
  0.00000000
  0.00000000
 -0.00000000
 -0.00000000
 -0.00000000
 -0.00000000
  0.00000000
  0.00000000
  0.00000000
  0.00000000
  0.00000000
  0.00000000
  0.00000000
  0.00000000
  0.00000003
  0.00000040
  0.00000582
  0.00008369
  0.00114903
