  0.00000000
  0.00000000
  0.15648028
  0.31296056
  0.46944085
  0.62592114
  0.78240144
  0.93888174
  1.09536204
  1.25184234
  1.41005581
  1.56817925
  1.72621509
  1.88419365
  2.04246344
  2.20093488
  2.35955793
  2.51826798
  2.67694448
  2.83564588
  2.99440532
  3.15339773
  3.31300296
  3.47733824
  3.62069362
  3.75145115
  3.90164608
  4.06449120
  4.20866240
  4.35283302
  4.20315166
  4.05346998
  3.90205669
  3.75060311
  3.59899841
  3.44694317
  3.29470417
  3.14232345
  2.98994762
  2.83751350
  2.68488703
  2.53446713
  2.38481196
  2.23520330
  2.06108108
  1.88711629
  1.71352565
  1.53720117
  1.36105799
  1.18520285
  1.00249067
  0.81928975
  0.64078266
  0.46554929
  0.29273806
  0.12182457
 -0.04751018
 -0.22548977
 -0.40197632
 -0.57694437
 -0.75027165
 -0.92174847
 -1.09108798
 -1.25794632
 -1.42434588
 -1.59003986
 -1.75517281
 -1.90980739
 -2.07780498
 -2.24625598
 -2.41516635
 -2.58442636
 -2.75412931
 -2.92529128
 -3.09645407
 -2.91486633
 -2.73297644
 -2.55093992
 -2.36890341
 -2.18686671
 -2.00482109
 -1.82273622
 -1.64066846
 -1.45857146
 -1.27638030
 -1.09405859
 -0.91161974
 -0.72853348
 -0.54585113
 -0.36357983
 -0.18165305
  0.00000000
