  0.00000000
  0.00000000
 -0.06282757
 -0.12767097
 -0.19681330
 -0.27315125
 -0.36074223
 -0.42114419
 -0.42114419
 -0.42114418
 -0.35269875
 -0.26626989
 -0.19068256
 -0.12200834
 -0.08567673
 -0.12429941
 -0.08251754
 -0.06961440
 -0.07241116
 -0.10239207
 -0.04431888
 -0.04804369
 -0.00000019
 -0.00000010
 -0.00000007
 -0.00000005
 -0.00000004
 -0.00000003
 -0.06282761
 -0.11105500
 -0.16060990
 -0.20928381
 -0.25791568
 -0.30719978
 -0.27883159
 -0.23297754
 -0.18752605
 -0.14189899
 -0.09540555
 -0.04761044
 -0.00000004
 -0.00000003
 -0.00000003
 -0.00000003
 -0.00000003
 -0.06282761
 -0.11071120
 -0.10051138
 -0.05171495
 -0.00000010
 -0.06282767
 -0.12015129
 -0.18000820
 -0.23859961
 -0.29735198
 -0.27324213
 -0.21834453
 -0.16348240
 -0.10751660
 -0.05345391
 -0.00000007
 -0.00000005
 -0.00000004
 -0.00000006
 -0.00000008
 -0.06282765
 -0.11869093
 -0.17685840
 -0.23125746
 -0.17001661
 -0.10729505
 -0.04329993
  0.01931743
  0.08254574
  0.14845291
  0.21946835
  0.29877473
  0.39095741
  0.42114420
  0.42114420
  0.42114420
  0.42114420
  0.40021252
  0.30655265
  0.22629161
  0.15466815
  0.08840433
  0.02502087
 -0.03757046
 -0.10135501
 -0.16847387
 -0.24152753
 -0.32402275
 -0.42114420
 -0.42114420
 -0.42114420
 -0.42114420
 -0.36074224
 -0.27315126
 -0.19681330
 -0.12767097
 -0.06282757
