task_id 3

[x]
1 4.000000000000
2 4.000000000000
3 4.000000000000
4 3.999972450000
5 4.000046250000
6 4.000930770000
7 4.004451090000
8 4.014133600000
9 4.035871250000
10 4.079088620000
11 4.154737200000
12 4.272443210000
13 4.442738820000
14 4.673955700000
15 4.964566400000
16 5.311385680000
17 5.710049960000
18 6.155421360000
19 6.641861240000
20 7.175426440000
21 7.746956200000
22 8.364842630000
23 9.033356620000
24 9.735193840000
25 10.470401180000
26 11.238977310000
27 12.040916770000
28 12.874910250000
29 13.742216150000
30 14.642832610000
31 15.576759320000
32 16.552612460000
33 17.565906320000
34 18.627555040000
35 19.724343350000
36 20.814114950000
37 21.909833420000
38 22.613515730000
39 22.968868050000
40 23.241183500000
41 23.341042570000
42 23.344357750000
43 23.347672920000
44 23.350988210000
45 23.354303610000
46 23.357619120000
47 23.360934750000
48 23.364250490000
49 23.367566340000
50 23.370882310000
51 23.374198390000
52 23.377514590000
53 23.380830910000
54 23.384147340000
55 23.387463880000
56 23.390780540000
57 23.394097310000
58 23.397414190000
59 23.401254410000
60 23.405094050000
61 23.404171240000
62 23.397875650000
63 23.391580120000
64 23.375222360000
65 23.358878150000
66 23.290356940000
67 23.117576290000
68 22.835720200000
69 22.447893630000
70 21.796141180000
71 20.881923590000
72 19.831999030000
73 18.724007670000
74 17.585289830000
75 16.632874630000
76 15.710237780000
77 14.817297920000
78 13.953999340000
79 13.119800710000
80 12.315410510000
81 11.540827150000
82 10.795515560000
83 10.081388710000
84 9.401431470000
85 8.761722120000
86 8.170657930000
87 7.632447360000
88 7.139344740000
89 6.650264140000
90 6.191449460000
91 5.754678620000
92 5.335079300000
93 4.928017430000
94 4.479055560000
95 4.061444210000
96 3.685398500000
97 3.360682620000
98 3.089655730000
99 2.869377760000
100 2.696229890000
101 2.567514760000
102 2.492066380000
103 2.449966150000
104 2.439975450000
105 2.460975850000
106 2.511636510000
107 2.590104720000
108 2.693668540000
109 2.825582420000
110 2.979124920000
111 3.149362490000
112 3.329766880000
113 3.511995800000
114 3.692468550000
115 3.820953200000
116 3.905708710000
117 3.959777670000
118 3.985100830000
119 3.995536670000
120 3.999054060000
121 3.999895220000
122 4.000000000000

[y]
1 20.000000000000
2 20.000000000000
3 20.000000000000
4 20.034595380000
5 20.103526700000
6 20.206508010000
7 20.343172330000
8 20.512936070000
9 20.714673420000
10 20.948195370000
11 21.208317600000
12 21.488985060000
13 21.782807900000
14 22.076904270000
15 22.364514460000
16 22.641412280000
17 22.906516590000
18 23.162403400000
19 23.415770310000
20 23.658097020000
21 23.857314980000
22 24.032473070000
23 24.185737720000
24 24.319577330000
25 24.459783010000
26 24.606362260000
27 24.759335010000
28 24.924297290000
29 25.095833200000
30 25.273950450000
31 25.458650740000
32 25.651638970000
33 25.836786130000
34 25.954012740000
35 25.928844910000
36 25.680313440000
37 25.078745750000
38 24.181929410000
39 23.320551860000
40 22.154957920000
41 20.946109950000
42 20.555756270000
43 20.165403890000
44 19.775050670000
45 19.384697580000
46 18.994344520000
47 18.603991420000
48 18.213638200000
49 17.823284820000
50 17.432931190000
51 17.042577270000
52 16.652222970000
53 16.261868210000
54 15.871513380000
55 15.481158460000
56 15.090803880000
57 14.700449530000
58 14.310095330000
59 13.858167010000
60 13.406314040000
61 12.869907010000
62 12.479408150000
63 12.088910110000
64 11.074256060000
65 10.060439490000
66 9.050520140000
67 8.055051210000
68 7.233232930000
69 6.550653350000
70 5.818077380000
71 5.258718340000
72 4.939929000000
73 4.825129350000
74 4.853513370000
75 4.940022670000
76 5.023826910000
77 5.104005520000
78 5.179934860000
79 5.243810490000
80 5.305418420000
81 5.364768810000
82 5.421891020000
83 5.493049140000
84 5.601065370000
85 5.763998560000
86 5.995922080000
87 6.271507010000
88 6.563869010000
89 6.873388790000
90 7.163754690000
91 7.422534150000
92 7.640650830000
93 7.812912390000
94 7.951290110000
95 8.018142330000
96 8.015705480000
97 7.961684890000
98 7.882692130000
99 7.799599620000
100 7.724951070000
101 7.665744920000
102 7.630223250000
103 7.610402150000
104 7.605729760000
105 7.615519770000
106 7.639378630000
107 7.677577590000
108 7.731357130000
109 7.807287080000
110 7.909290920000
111 8.042513080000
112 8.212289650000
113 8.423696790000
114 8.690997530000
115 8.951612350000
116 9.194556100000
117 9.428314940000
118 9.622124250000
119 9.775288360000
120 9.888607560000
121 9.963171250000
122 10.000000000000

[theta]
1 -1.570000000000
2 -1.570000000000
3 -1.570000000000
4 -1.571867010000
5 -1.579385190000
6 -1.596549560000
7 -1.627769820000
8 -1.678134400000
9 -1.753793590000
10 -1.853809460000
11 -1.967896260000
12 -2.096070350000
13 -2.237062280000
14 -2.361383650000
15 -2.467832820000
16 -2.554757670000
17 -2.620098830000
18 -2.661396860000
19 -2.715280450000
20 -2.806192740000
21 -2.865360460000
22 -2.916225640000
23 -2.953156200000
24 -2.953153020000
25 -2.953140390000
26 -2.953103570000
27 -2.946315270000
28 -2.946332480000
29 -2.946339780000
30 -2.946344730000
31 -2.946348460000
32 -2.960868180000
33 -3.031618790000
34 -3.164535490000
35 -3.365816140000
36 -3.643680590000
37 -4.047081320000
38 -4.321119570000
39 -4.482877560000
40 -4.629969310000
41 -4.703896430000
42 -4.703896410000
43 -4.703896130000
44 -4.703895840000
45 -4.703895560000
46 -4.703895270000
47 -4.703894980000
48 -4.703894690000
49 -4.703894410000
50 -4.703894120000
51 -4.703893830000
52 -4.703893540000
53 -4.703893250000
54 -4.703892950000
55 -4.703892660000
56 -4.703892370000
57 -4.703892080000
58 -4.703891780000
59 -4.703891640000
60 -4.714109320000
61 -4.728509510000
62 -4.728509390000
63 -4.728509090000
64 -4.728509050000
65 -4.780133370000
66 -4.884244000000
67 -5.042784140000
68 -5.229081160000
69 -5.439468830000
70 -5.734102270000
71 -5.988401210000
72 -6.179943450000
73 -6.308106670000
74 -6.373767940000
75 -6.373767680000
76 -6.372737010000
77 -6.370912800000
78 -6.359607850000
79 -6.359625810000
80 -6.359658220000
81 -6.359677770000
82 -6.382500940000
83 -6.440726230000
84 -6.532581400000
85 -6.657108080000
86 -6.756417870000
87 -6.818370070000
88 -6.847417130000
89 -6.847417490000
90 -6.818059540000
91 -6.762563960000
92 -6.683515720000
93 -6.582163560000
94 -6.441920910000
95 -6.276705190000
96 -6.118332470000
97 -5.999584180000
98 -5.922472750000
99 -5.876137340000
100 -5.852064540000
101 -5.843163220000
102 -5.843163220000
103 -5.845731790000
104 -5.846956460000
105 -5.843042980000
106 -5.830146800000
107 -5.804225920000
108 -5.760898420000
109 -5.696797860000
110 -5.619165520000
111 -5.528127320000
112 -5.423797610000
113 -5.306253660000
114 -5.170425690000
115 -5.048055740000
116 -4.939693890000
117 -4.842313180000
118 -4.780418830000
119 -4.743418650000
120 -4.723669680000
121 -4.715233990000
122 -4.713185310000

[v]
1 0.000000000000
2 0.000000000000
3 -0.161277860000
4 -0.322158820000
5 -0.482634020000
6 -0.642669980000
7 -0.802210980000
8 -0.961183710000
9 -1.119508050000
10 -1.278609570000
11 -1.437512010000
12 -1.596301920000
13 -1.755861090000
14 -1.915656170000
15 -2.075732860000
16 -2.236084780000
17 -2.396665290000
18 -2.557403350000
19 -2.718250740000
20 -2.879939680000
21 -3.037561390000
22 -3.196134190000
23 -3.357076360000
24 -3.516698260000
25 -3.676320070000
26 -3.835941820000
27 -3.995563220000
28 -4.155143340000
29 -4.314723460000
30 -4.474303490000
31 -4.633883380000
32 -4.794884560000
33 -4.956002890000
34 -4.999998300000
35 -4.999998400000
36 -4.999998740000
37 -4.999998150000
38 -4.999996600000
39 -4.999997700000
40 -4.999997080000
41 -4.999986830000
42 -4.999986830000
43 -4.999986830000
44 -4.999986830000
45 -4.999986830000
46 -4.999986830000
47 -4.999986830000
48 -4.999986820000
49 -4.999986820000
50 -4.999986820000
51 -4.999986820000
52 -4.999986820000
53 -4.999986820000
54 -4.999986820000
55 -4.999986820000
56 -4.999986820000
57 -4.999986830000
58 -4.999988620000
59 -4.999990170000
60 -4.999991920000
61 -4.999986840000
62 -4.999986850000
63 -4.999994950000
64 -4.999996280000
65 -4.999997070000
66 -4.999997620000
67 -4.999997120000
68 -4.999996760000
69 -4.999997760000
70 -4.999998060000
71 -4.999998120000
72 -4.999998170000
73 -4.961834890000
74 -4.789661830000
75 -4.639912840000
76 -4.490163710000
77 -4.340414840000
78 -4.190666460000
79 -4.040934110000
80 -3.891201830000
81 -3.741469320000
82 -3.591629210000
83 -3.441767760000
84 -3.291739660000
85 -3.141333160000
86 -2.989740670000
87 -2.838056270000
88 -2.686563940000
89 -2.524983920000
90 -2.363702920000
91 -2.202617870000
92 -2.041592210000
93 -1.879215140000
94 -1.691715420000
95 -1.504215690000
96 -1.316715920000
97 -1.129216140000
98 -0.941716360000
99 -0.754216600000
100 -0.566716850000
101 -0.379217120000
102 -0.214287680000
103 -0.051424250000
104 0.109433090000
105 0.268230460000
106 0.424805840000
107 0.578885770000
108 0.730074720000
109 0.886434490000
110 1.042399240000
111 1.197931240000
112 1.353029160000
113 1.507740410000
114 1.347310230000
115 1.185563050000
116 1.022790220000
117 0.846852180000
118 0.673749470000
119 0.502856070000
120 0.333761390000
121 0.166197650000
122 0.000000000000

[a]
1 0.000000000000
2 -0.749999730000
3 -0.749999730000
4 -0.749999720000
5 -0.749999710000
6 -0.749999700000
7 -0.749999690000
8 -0.749999670000
9 -0.749999660000
10 -0.749999650000
11 -0.749999630000
12 -0.749999620000
13 -0.749999600000
14 -0.749999580000
15 -0.749999550000
16 -0.749999530000
17 -0.749999500000
18 -0.749999460000
19 -0.749999420000
20 -0.749999360000
21 -0.749999320000
22 -0.749999260000
23 -0.749999180000
24 -0.749999090000
25 -0.749998970000
26 -0.749998830000
27 -0.749998630000
28 -0.749998350000
29 -0.749997930000
30 -0.749997230000
31 -0.749995860000
32 -0.749991680000
33 -0.204139300000
34 -0.000000470000
35 -0.000001530000
36 0.000002350000
37 0.000006830000
38 -0.000005890000
39 0.000002580000
40 0.000042270000
41 -0.000000010000
42 0.000000030000
43 -0.000000000000
44 -0.000000000000
45 0.000000000000
46 0.000000000000
47 0.000000010000
48 0.000000010000
49 0.000000010000
50 0.000000010000
51 0.000000020000
52 0.000000000000
53 0.000000000000
54 -0.000000010000
55 -0.000000010000
56 -0.000000070000
57 -0.000022900000
58 -0.000017210000
59 -0.000019410000
60 0.000047450000
61 -0.000000230000
62 -0.000103590000
63 -0.000006550000
64 -0.000003920000
65 -0.000002710000
66 0.000002470000
67 0.000002050000
68 -0.000006390000
69 -0.000001510000
70 -0.000000280000
71 -0.000000240000
72 0.171302130000
73 0.749992140000
74 0.749995190000
75 0.749996730000
76 0.749997520000
77 0.749998000000
78 0.749998330000
79 0.749998560000
80 0.749998740000
81 0.749998880000
82 0.749998990000
83 0.749999080000
84 0.749999160000
85 0.749999230000
86 0.749999290000
87 0.749999330000
88 0.749999410000
89 0.749999440000
90 0.749999470000
91 0.749999490000
92 0.749999510000
93 0.749999630000
94 0.749999680000
95 0.749999720000
96 0.749999740000
97 0.749999760000
98 0.749999770000
99 0.749999770000
100 0.749999770000
101 0.749999740000
102 0.749999730000
103 0.749999710000
104 0.749999690000
105 0.749999660000
106 0.749999610000
107 0.749999540000
108 0.749999460000
109 0.749999310000
110 0.749999050000
111 0.749998520000
112 0.749996700000
113 -0.749987500000
114 -0.749997940000
115 -0.749998900000
116 -0.749999320000
117 -0.749999460000
118 -0.749999550000
119 -0.749999600000
120 -0.749999640000
121 -0.749999670000
122 0.000000000000

[phy]
1 0.000000000000
2 0.000000000000
3 0.107517850000
4 0.214771070000
5 0.321753670000
6 0.428443280000
7 0.534802490000
8 0.640781570000
9 0.699997300000
10 0.699996770000
11 0.699995570000
12 0.692960750000
13 0.586594820000
14 0.480070210000
15 0.373358740000
16 0.266467320000
17 0.159438070000
18 0.194019320000
19 0.300854510000
20 0.193077720000
21 0.157095690000
22 0.107278170000
23 -0.000008910000
24 -0.000033760000
25 -0.000094110000
26 -0.016628290000
27 0.000040500000
28 0.000016500000
29 0.000010770000
30 0.000007820000
31 0.029184290000
32 0.136516050000
33 0.243928130000
34 0.351685580000
35 0.461392530000
36 0.573166280000
37 0.448167470000
38 0.334174270000
39 0.240994590000
40 0.121296460000
41 -0.000000100000
42 -0.000001460000
43 -0.000001460000
44 -0.000001470000
45 -0.000001470000
46 -0.000001470000
47 -0.000001470000
48 -0.000001480000
49 -0.000001480000
50 -0.000001480000
51 -0.000001490000
52 -0.000001490000
53 -0.000001490000
54 -0.000001490000
55 -0.000001500000
56 -0.000001500000
57 -0.000001500000
58 -0.000000640000
59 0.045193270000
60 0.053639690000
61 -0.000000630000
62 -0.000001510000
63 -0.000000090000
64 0.101478540000
65 0.202873360000
66 0.304097430000
67 0.405132480000
68 0.492012850000
69 0.541128640000
70 0.443075630000
71 0.335899620000
72 0.226174410000
73 0.114782420000
74 -0.000000550000
75 -0.002224130000
76 -0.004068420000
77 -0.026084130000
78 0.000042270000
79 0.000080020000
80 0.000050210000
81 0.060989790000
82 0.160861530000
83 0.260758070000
84 0.360766110000
85 0.303174210000
86 0.202116760000
87 0.100995350000
88 0.000001250000
89 -0.107718560000
90 -0.215239070000
91 -0.322629000000
92 -0.429979350000
93 -0.538230670000
94 -0.663230300000
95 -0.699999780000
96 -0.624998530000
97 -0.499998890000
98 -0.374999140000
99 -0.249999370000
100 -0.124999590000
101 0.000000190000
102 0.109952860000
103 0.218528240000
104 0.325766230000
105 0.431630890000
106 0.536014160000
107 0.638733560000
108 0.699999570000
109 0.699999630000
110 0.699999670000
111 0.699999700000
112 0.699999710000
113 0.699999730000
114 0.699999690000
115 0.699999630000
116 0.681859170000
117 0.564567470000
118 0.449165840000
119 0.335237040000
120 0.222507370000
121 0.110798320000
122 0.000000000000

[w]
1 0.000000000000
2 0.499996460000
3 0.499996260000
4 0.499995820000
5 0.499994930000
6 0.499992980000
7 0.499986850000
8 0.280511270000
9 -0.000002510000
10 -0.000005640000
11 -0.033227370000
12 -0.499967510000
13 -0.499974210000
14 -0.499970080000
15 -0.499953560000
16 -0.499885590000
17 0.161355870000
18 0.498150630000
19 -0.499926190000
20 -0.171210510000
21 -0.235621130000
22 -0.499963640000
23 -0.000116690000
24 -0.000283350000
25 -0.077687210000
26 0.078319430000
27 -0.000112850000
28 -0.000026910000
29 -0.000013890000
30 0.137124170000
31 0.499986250000
32 0.499993790000
33 0.499995940000
34 0.499996410000
35 0.499993250000
36 -0.499997880000
37 -0.499999150000
38 -0.499999290000
39 -0.499999660000
40 -0.499999750000
41 -0.000017430000
42 -0.000000040000
43 -0.000000040000
44 -0.000000040000
45 -0.000000040000
46 -0.000000040000
47 -0.000000040000
48 -0.000000040000
49 -0.000000040000
50 -0.000000040000
51 -0.000000040000
52 -0.000000030000
53 -0.000000030000
54 -0.000000030000
55 -0.000000030000
56 -0.000000030000
57 0.000011000000
58 0.499992730000
59 0.093460710000
60 -0.499994840000
61 -0.000011310000
62 0.000018180000
63 0.499999690000
64 0.499999600000
65 0.499999420000
66 0.499998940000
67 0.499996960000
68 0.312814160000
69 -0.499997300000
70 -0.499998470000
71 -0.499998700000
72 -0.499998760000
73 -0.499998790000
74 -0.011133620000
75 -0.009236170000
76 -0.110268040000
77 0.130850460000
78 0.000190240000
79 -0.000148660000
80 0.305242050000
81 0.499890910000
82 0.499943910000
83 0.499945980000
84 -0.287181080000
85 -0.499978690000
86 -0.499991980000
87 -0.499995670000
88 -0.499998660000
89 -0.499998920000
90 -0.499999120000
91 -0.499999270000
92 -0.499999390000
93 -0.499999040000
94 -0.147078070000
95 0.300005280000
96 0.499998950000
97 0.499999420000
98 0.499999570000
99 0.499999640000
100 0.499999680000
101 0.499998520000
102 0.499998690000
103 0.499998720000
104 0.499998610000
105 0.499998250000
106 0.499997030000
107 0.303920860000
108 0.000000290000
109 0.000000190000
110 0.000000130000
111 0.000000080000
112 0.000000100000
113 -0.000000230000
114 -0.000000270000
115 -0.083584720000
116 -0.499998140000
117 -0.499998880000
118 -0.499999110000
119 -0.499999210000
120 -0.499999260000
121 -0.499999280000
122 0.000000000000

[dt]
1 0.010001620000
2 0.215037230000
3 0.214508020000
4 0.213967010000
5 0.213381370000
6 0.212721410000
7 0.211963740000
8 0.211099210000
9 0.212135460000
10 0.211870020000
11 0.211719980000
12 0.212745670000
13 0.213060230000
14 0.213435700000
15 0.213802690000
16 0.214107470000
17 0.214317570000
18 0.214463340000
19 0.215585410000
20 0.210162460000
21 0.211430600000
22 0.214589770000
23 0.212829430000
24 0.212829340000
25 0.212829300000
26 0.212828860000
27 0.212773880000
28 0.212773960000
29 0.212773970000
30 0.212773970000
31 0.214669430000
32 0.214826830000
33 0.215516650000
34 0.219415480000
35 0.223550520000
36 0.249998670000
37 0.227986780000
38 0.186359620000
39 0.239396430000
40 0.242593240000
41 0.078073760000
42 0.078073500000
43 0.078073660000
44 0.078073640000
45 0.078073630000
46 0.078073640000
47 0.078073670000
48 0.078073700000
49 0.078073750000
50 0.078073810000
51 0.078073880000
52 0.078073980000
53 0.078073990000
54 0.078074010000
55 0.078073940000
56 0.078073890000
57 0.078073860000
58 0.090389130000
59 0.090374030000
60 0.107281740000
61 0.078110130000
62 0.078109960000
63 0.202957380000
64 0.202789810000
65 0.202448360000
66 0.202070530000
67 0.173761790000
68 0.157012750000
69 0.196107070000
70 0.214352690000
71 0.219450990000
72 0.222784530000
73 0.229566480000
74 0.199666610000
75 0.199666380000
76 0.199665820000
77 0.199665030000
78 0.199643580000
79 0.199643430000
80 0.199643670000
81 0.199787120000
82 0.199815530000
83 0.200037720000
84 0.200542220000
85 0.202123520000
86 0.202246060000
87 0.201989960000
88 0.215440190000
89 0.215041490000
90 0.214780220000
91 0.214701020000
92 0.216502900000
93 0.249999750000
94 0.249999750000
95 0.249999780000
96 0.249999800000
97 0.249999780000
98 0.249999760000
99 0.249999740000
100 0.249999720000
101 0.219906010000
102 0.217151320000
103 0.214476540000
104 0.211729910000
105 0.208767270000
106 0.205440010000
107 0.201585390000
108 0.208479850000
109 0.207953180000
110 0.207376260000
111 0.206797640000
112 0.206282580000
113 0.213910480000
114 0.215663500000
115 0.217030750000
116 0.234584280000
117 0.230803770000
118 0.227858010000
119 0.225459690000
120 0.223418430000
121 0.221596960000

[s]
1 0.000000000000
2 0.000000000000
3 -0.034595390000
4 -0.068931360000
5 -0.102985100000
6 -0.136709660000
7 -0.170039630000
8 -0.202905120000
9 -0.237487350000
10 -0.270899020000
11 -0.304350010000
12 -0.339606310000
13 -0.374104160000
14 -0.408869420000
15 -0.443797260000
16 -0.478762460000
17 -0.513647470000
18 -0.548469260000
19 -0.586015220000
20 -0.605255200000
21 -0.642233430000
22 -0.685857690000
23 -0.714484650000
24 -0.748456560000
25 -0.782428640000
26 -0.816399120000
27 -0.850151510000
28 -0.884106320000
29 -0.918060830000
30 -0.952015340000
31 -0.994753100000
32 -1.030069840000
33 -1.068101150000
34 -1.097077030000
35 -1.117752230000
36 -1.249993050000
37 -1.139933480000
38 -0.931797490000
39 -1.196981590000
40 -1.212965480000
41 -0.390367750000
42 -0.390366460000
43 -0.390367300000
44 -0.390367170000
45 -0.390367140000
46 -0.390367180000
47 -0.390367300000
48 -0.390367470000
49 -0.390367710000
50 -0.390368010000
51 -0.390368380000
52 -0.390368850000
53 -0.390368920000
54 -0.390369010000
55 -0.390368670000
56 -0.390368440000
57 -0.390368290000
58 -0.451944640000
59 -0.451869280000
60 -0.536407830000
61 -0.390549600000
62 -0.390548790000
63 -1.014785900000
64 -1.013948310000
65 -1.012241200000
66 -1.010352180000
67 -0.868808460000
68 -0.785063240000
69 -0.980534910000
70 -1.071763020000
71 -1.097254530000
72 -1.113922260000
73 -1.139070980000
74 -0.956335510000
75 -0.926434560000
76 -0.896532220000
77 -0.866629060000
78 -0.836639640000
79 -0.806745930000
80 -0.776853810000
81 -0.747497350000
82 -0.717663300000
83 -0.688483360000
84 -0.660132770000
85 -0.634937320000
86 -0.604663270000
87 -0.573258870000
88 -0.578793860000
89 -0.542976300000
90 -0.507676650000
91 -0.472904300000
92 -0.442010640000
93 -0.469803320000
94 -0.422928430000
95 -0.376053600000
96 -0.329178720000
97 -0.282303790000
98 -0.235428860000
99 -0.188553950000
100 -0.141679050000
101 -0.083392120000
102 -0.046532850000
103 -0.011029290000
104 0.023170260000
105 0.055997740000
106 0.087272120000
107 0.116694920000
108 0.152205870000
109 0.184336880000
110 0.216168850000
111 0.247729350000
112 0.279106350000
113 0.322521480000
114 0.290565640000
115 0.257303640000
116 0.239930510000
117 0.195456680000
118 0.153519210000
119 0.113373770000
120 0.074568440000
121 0.036828890000

[splus]
1 0.000000000000
2 0.000000000000
3 -0.000000000000
4 0.000000000000
5 0.000000000000
6 0.000000000000
7 0.000000000000
8 0.000000000000
9 0.000000000000
10 0.000000000000
11 0.000000000000
12 0.000000000000
13 0.000000000000
14 0.000000000000
15 0.000000000000
16 0.000000000000
17 0.000000000000
18 0.000000000000
19 0.000000000000
20 0.000000000000
21 0.000000000000
22 0.000000000000
23 0.000000000000
24 0.000000000000
25 0.000000000000
26 0.000000000000
27 0.000000000000
28 0.000000000000
29 0.000000000000
30 0.000000000000
31 0.000000000000
32 0.000000000000
33 0.000000000000
34 0.000000000000
35 0.000000000000
36 0.000000000000
37 0.000000000000
38 0.000000000000
39 0.000000000000
40 0.000000000000
41 0.000000000000
42 0.000000000000
43 0.000000000000
44 0.000000000000
45 0.000000000000
46 0.000000000000
47 0.000000000000
48 0.000000000000
49 0.000000000000
50 0.000000000000
51 0.000000000000
52 0.000000000000
53 0.000000000000
54 0.000000000000
55 0.000000000000
56 0.000000000000
57 0.000000000000
58 0.000000000000
59 0.000000000000
60 0.000000000000
61 0.000000000000
62 0.000000000000
63 0.000000000000
64 0.000000000000
65 0.000000000000
66 0.000000000000
67 0.000000000000
68 0.000000000000
69 0.000000000000
70 0.000000000000
71 0.000000000000
72 0.000000000000
73 0.000000000000
74 0.000000000000
75 0.000000000000
76 0.000000000000
77 0.000000000000
78 0.000000000000
79 0.000000000000
80 0.000000000000
81 0.000000000000
82 0.000000000000
83 0.000000000000
84 0.000000000000
85 0.000000000000
86 0.000000000000
87 0.000000000000
88 0.000000000000
89 0.000000000000
90 0.000000000000
91 0.000000000000
92 0.000000000000
93 0.000000000000
94 0.000000000000
95 0.000000000000
96 0.000000000000
97 0.000000000000
98 0.000000000000
99 0.000000000000
100 0.000000000000
101 0.000000000000
102 0.000000000000
103 0.000000000000
104 0.023170260000
105 0.055997740000
106 0.087272120000
107 0.116694920000
108 0.152205870000
109 0.184336880000
110 0.216168850000
111 0.247729350000
112 0.279106350000
113 0.322521480000
114 0.290565640000
115 0.257303640000
116 0.239930510000
117 0.195456680000
118 0.153519210000
119 0.113373770000
120 0.074568440000
121 0.036828890000

[sminus]
1 0.000000000000
2 0.000000000000
3 0.034595390000
4 0.068931360000
5 0.102985100000
6 0.136709660000
7 0.170039630000
8 0.202905120000
9 0.237487350000
10 0.270899020000
11 0.304350010000
12 0.339606310000
13 0.374104160000
14 0.408869420000
15 0.443797260000
16 0.478762460000
17 0.513647470000
18 0.548469260000
19 0.586015220000
20 0.605255200000
21 0.642233430000
22 0.685857690000
23 0.714484650000
24 0.748456560000
25 0.782428640000
26 0.816399120000
27 0.850151510000
28 0.884106320000
29 0.918060830000
30 0.952015340000
31 0.994753100000
32 1.030069840000
33 1.068101150000
34 1.097077030000
35 1.117752230000
36 1.249993050000
37 1.139933480000
38 0.931797490000
39 1.196981590000
40 1.212965480000
41 0.390367750000
42 0.390366460000
43 0.390367300000
44 0.390367170000
45 0.390367140000
46 0.390367180000
47 0.390367300000
48 0.390367470000
49 0.390367710000
50 0.390368010000
51 0.390368380000
52 0.390368850000
53 0.390368920000
54 0.390369010000
55 0.390368670000
56 0.390368440000
57 0.390368290000
58 0.451944640000
59 0.451869280000
60 0.536407830000
61 0.390549600000
62 0.390548790000
63 1.014785900000
64 1.013948310000
65 1.012241200000
66 1.010352180000
67 0.868808460000
68 0.785063240000
69 0.980534910000
70 1.071763020000
71 1.097254530000
72 1.113922260000
73 1.139070980000
74 0.956335510000
75 0.926434560000
76 0.896532220000
77 0.866629060000
78 0.836639640000
79 0.806745930000
80 0.776853810000
81 0.747497350000
82 0.717663300000
83 0.688483360000
84 0.660132770000
85 0.634937320000
86 0.604663270000
87 0.573258870000
88 0.578793860000
89 0.542976300000
90 0.507676650000
91 0.472904300000
92 0.442010640000
93 0.469803320000
94 0.422928430000
95 0.376053600000
96 0.329178720000
97 0.282303790000
98 0.235428860000
99 0.188553950000
100 0.141679050000
101 0.083392120000
102 0.046532850000
103 0.011029290000
104 0.000000000000
105 0.000000000000
106 0.000000000000
107 0.000000000000
108 0.000000000000
109 0.000000000000
110 0.000000000000
111 0.000000000000
112 0.000000000000
113 0.000000000000
114 0.000000000000
115 0.000000000000
116 0.000000000000
117 0.000000000000
118 0.000000000000
119 0.000000000000
120 0.000000000000
121 -0.000000000000

[k]
1 0.000000000000
2 0.000000000000
3 0.053967040000
4 0.109067690000
5 0.166668400000
6 0.228369110000
7 0.296193220000
8 0.372879680000
9 0.421141880000
10 0.421141430000
11 0.421140400000
12 0.415162770000
13 0.332317450000
14 0.260349970000
15 0.195866080000
16 0.136479270000
17 0.080401470000
18 0.098243930000
19 0.155136380000
20 0.097756650000
21 0.079200450000
22 0.053845810000
23 -0.000004450000
24 -0.000016880000
25 -0.000047050000
26 -0.008314890000
27 0.000020250000
28 0.000008250000
29 0.000005390000
30 0.000003910000
31 0.014596290000
32 0.068685240000
33 0.124442050000
34 0.183469920000
35 0.248592160000
36 0.322722380000
37 0.240398460000
38 0.173597790000
39 0.122885560000
40 0.060947430000
41 -0.000000050000
42 -0.000000730000
43 -0.000000730000
44 -0.000000730000
45 -0.000000730000
46 -0.000000740000
47 -0.000000740000
48 -0.000000740000
49 -0.000000740000
50 -0.000000740000
51 -0.000000740000
52 -0.000000740000
53 -0.000000750000
54 -0.000000750000
55 -0.000000750000
56 -0.000000750000
57 -0.000000750000
58 -0.000000320000
59 0.022612030000
60 0.026845600000
61 -0.000000310000
62 -0.000000760000
63 -0.000000050000
64 0.050914160000
65 0.102851610000
66 0.156915740000
67 0.214428180000
68 0.267988210000
69 0.300482400000
70 0.237271640000
71 0.174565030000
72 0.115055810000
73 0.057644590000
74 -0.000000270000
75 -0.001112050000
76 -0.002034170000
77 -0.013044990000
78 0.000021130000
79 0.000040010000
80 0.000025100000
81 0.030532760000
82 0.081131770000
83 0.133416710000
84 0.188638870000
85 0.156408810000
86 0.102457360000
87 0.050670070000
88 0.000000620000
89 -0.054068570000
90 -0.109312850000
91 -0.167154830000
92 -0.229298010000
93 -0.298513540000
94 -0.390646990000
95 -0.421144000000
96 -0.360741100000
97 -0.273150520000
98 -0.196812790000
99 -0.127670630000
100 -0.062827360000
101 0.000000090000
102 0.055199060000
103 0.111037280000
104 0.168900600000
105 0.230298210000
106 0.297012250000
107 0.371288590000
108 0.421143820000
109 0.421143870000
110 0.421143910000
111 0.421143930000
112 0.421143940000
113 0.421143960000
114 0.421143920000
115 0.421143870000
116 0.405870480000
117 0.316665320000
118 0.241013340000
119 0.174193450000
120 0.113126830000
121 0.055626980000

[up]
1 0.000000000000
2 0.000000000000
3 -0.000000000000
4 0.000000000000
5 0.000000000000
6 0.000000000000
7 0.000000000000
8 0.000000000000
9 0.000000000000
10 0.000000000000
11 0.000000000000
12 0.000000000000
13 0.000000000000
14 0.000000000000
15 0.000000000000
16 0.000000000000
17 0.000000000000
18 0.000000000000
19 0.000000000000
20 0.000000000000
21 0.000000000000
22 0.000000000000
23 0.000000000000
24 0.000000000000
25 0.000000000000
26 0.000000000000
27 0.000000000000
28 0.000000000000
29 0.000000000000
30 0.000000000000
31 0.000000000000
32 0.000000000000
33 0.000000000000
34 0.000000000000
35 0.000000000000
36 0.000000000000
37 0.000000000000
38 0.000000000000
39 -0.000000000000
40 0.000000000000
41 0.000000000000
42 0.000000000000
43 0.000000000000
44 0.000000000000
45 0.000000000000
46 0.000000000000
47 0.000000000000
48 0.000000000000
49 0.000000000000
50 0.000000000000
51 0.000000000000
52 0.000000000000
53 0.000000000000
54 0.000000000000
55 0.000000000000
56 0.000000000000
57 0.000000000000
58 0.000000000000
59 0.000000000000
60 0.000000000000
61 0.000000000000
62 0.000000000000
63 0.000000000000
64 0.000000000000
65 -0.000000000000
66 0.000000000000
67 0.000000000000
68 0.000000000000
69 0.000000000000
70 0.000000000000
71 0.000000000000
72 0.000000000000
73 0.000000000000
74 0.000000000000
75 0.000000000000
76 0.000000000000
77 0.000000000000
78 0.000000000000
79 0.000000000000
80 0.000000000000
81 0.000000000000
82 0.000000000000
83 0.000000000000
84 0.000000000000
85 0.000000000000
86 0.000000000000
87 0.000000000000
88 0.000000000000
89 0.000000000000
90 0.000000000000
91 0.000000000000
92 0.000000000000
93 0.000000000000
94 0.000000000000
95 0.000000000000
96 0.000000000000
97 0.000000000000
98 0.000000000000
99 0.000000000000
100 0.000000000000
101 0.000000000000
102 0.000000000000
103 0.000000000000
104 0.026927190000
105 0.068378080000
106 0.112156170000
107 0.158289310000
108 0.213742410000
109 0.258863930000
110 0.303565520000
111 0.347885870000
112 0.391948540000
113 0.452916330000
114 0.408040800000
115 0.361331010000
116 0.333415990000
117 0.254875250000
118 0.189039380000
119 0.132332780000
120 0.082666710000
121 0.038795630000

[down]
1 0.000000000000
2 0.000000000000
3 0.036387730000
4 0.076148810000
5 0.119462890000
6 0.166681110000
7 0.218389630000
8 0.275537940000
9 0.333502580000
10 0.380422350000
11 0.427397140000
12 0.474958570000
13 0.493452670000
14 0.511060620000
15 0.527245120000
16 0.541489980000
17 0.553293570000
18 0.600197510000
19 0.673291010000
20 0.662056220000
21 0.691064010000
22 0.721311030000
23 0.714487700000
24 0.748468690000
25 0.782463990000
26 0.822915880000
27 0.850168040000
28 0.884113320000
29 0.918065580000
30 0.952018920000
31 1.008692030000
32 1.097990430000
33 1.195701190000
34 1.290306450000
35 1.384502100000
36 1.637257750000
37 1.403010200000
38 1.087085150000
39 1.338189670000
40 1.283935520000
41 0.390367770000
42 0.390366730000
43 0.390367570000
44 0.390367450000
45 0.390367410000
46 0.390367460000
47 0.390367570000
48 0.390367750000
49 0.390367980000
50 0.390368290000
51 0.390368660000
52 0.390369130000
53 0.390369200000
54 0.390369290000
55 0.390368950000
56 0.390368720000
57 0.390368570000
58 0.451944780000
59 0.461678250000
60 0.550232010000
61 0.390549720000
62 0.390549070000
63 1.014785940000
64 1.063507660000
65 1.112187400000
66 1.162550720000
67 1.047653590000
68 0.987035410000
69 1.263383010000
70 1.315889990000
71 1.281135090000
72 1.236958950000
73 1.202105810000
74 0.956335760000
75 0.927424010000
76 0.898283460000
77 0.877481810000
78 0.836656890000
79 0.806777040000
80 0.776872570000
81 0.769407600000
82 0.773559580000
83 0.776664330000
84 0.779678380000
85 0.730274710000
86 0.664137380000
87 0.601144050000
88 0.578794200000
89 0.571159930000
90 0.560952400000
91 0.548790610000
92 0.539308710000
93 0.604436270000
94 0.581535520000
95 0.528091410000
96 0.443177080000
97 0.356330750000
98 0.279910860000
99 0.211663840000
100 0.150224320000
101 0.083392130000
102 0.048998670000
103 0.012204970000
104 0.000000000000
105 0.000000000000
106 0.000000000000
107 0.000000000000
108 0.000000000000
109 0.000000000000
110 0.000000000000
111 0.000000000000
112 0.000000000000
113 0.000000000000
114 0.000000000000
115 0.000000000000
116 0.000000000000
117 0.000000000000
118 0.000000000000
119 0.000000000000
120 0.000000000000
121 -0.000000000000

[left]
1 0.000000000000
2 0.000000000000
3 0.001766750000
4 0.007243510000
5 0.016829530000
6 0.031137680000
7 0.051070680000
8 0.077963210000
9 0.104790990000
10 0.121439640000
11 0.138578620000
12 0.154922380000
13 0.138749130000
14 0.120653190000
15 0.100041690000
16 0.076343400000
17 0.048972180000
18 0.064834560000
19 0.111095510000
20 0.072872600000
21 0.063587410000
22 0.046973050000
23 0.000009420000
24 0.000037400000
25 0.000108990000
26 0.020093350000
27 0.000023310000
28 0.000010010000
29 0.000006870000
30 0.000005230000
31 0.020710600000
32 0.102166360000
33 0.194463870000
34 0.297399910000
35 0.413427870000
36 0.626883340000
37 0.410774230000
38 0.225636010000
39 0.224681290000
40 0.113513820000
41 0.000000060000
42 0.000000840000
43 0.000000850000
44 0.000000850000
45 0.000000850000
46 0.000000850000
47 0.000000850000
48 0.000000850000
49 0.000000860000
50 0.000000860000
51 0.000000860000
52 0.000000860000
53 0.000000860000
54 0.000000860000
55 0.000000870000
56 0.000000870000
57 0.000000870000
58 0.000000430000
59 0.011800750000
60 0.017239960000
61 0.000000360000
62 0.000000870000
63 0.000000140000
64 0.074131190000
65 0.149411300000
66 0.227374480000
67 0.253998130000
68 0.278033950000
69 0.418163610000
70 0.372517770000
71 0.283028020000
72 0.190445540000
73 0.098395740000
74 0.000000770000
75 0.003050780000
76 0.005399670000
77 0.033462650000
78 0.000024330000
79 0.000043230000
80 0.000025770000
81 0.029732860000
82 0.074984370000
83 0.116953830000
84 0.156787350000
85 0.123786530000
86 0.076283700000
87 0.035310470000
88 0.000000440000
89 0.086899530000
90 0.164266920000
91 0.233982790000
92 0.300002400000
93 0.415118260000
94 0.489038530000
95 0.468783250000
96 0.351494950000
97 0.228249820000
98 0.137152820000
99 0.071255490000
100 0.026347910000
101 0.000000010000
102 0.002445960000
103 0.001144460000
104 0.011629210000
105 0.038533770000
106 0.077856910000
107 0.130777420000
108 0.194615900000
109 0.236947000000
110 0.279312870000
111 0.321738710000
112 0.364333720000
113 0.423954520000
114 0.379993310000
115 0.334692020000
116 0.299929200000
117 0.189256110000
118 0.112360650000
119 0.059576460000
120 0.025284170000
121 0.006101820000

[right]
1 0.000000000000
2 0.000000000000
3 0.005526350000
4 0.022253820000
5 0.050806510000
6 0.092411970000
7 0.149079170000
8 0.223951200000
9 0.296046970000
10 0.337696930000
11 0.379395300000
12 0.417336110000
13 0.367991250000
14 0.315089540000
15 0.257297560000
16 0.193409850000
17 0.122242150000
18 0.159495440000
19 0.269100370000
20 0.175136470000
21 0.150560930000
22 0.109314470000
23 0.000004090000
24 0.000016470000
25 0.000048620000
26 0.009077310000
27 0.000050950000
28 0.000021610000
29 0.000014650000
30 0.000011020000
31 0.042978370000
32 0.209421810000
33 0.393433450000
34 0.595790720000
35 0.822478770000
36 1.194066170000
37 0.811153230000
38 0.478803640000
39 0.435391580000
40 0.218824290000
41 0.000000020000
42 0.000000320000
43 0.000000320000
44 0.000000320000
45 0.000000320000
46 0.000000320000
47 0.000000320000
48 0.000000320000
49 0.000000330000
50 0.000000330000
51 0.000000330000
52 0.000000330000
53 0.000000330000
54 0.000000330000
55 0.000000330000
56 0.000000330000
57 0.000000330000
58 0.000000170000
59 0.030244340000
60 0.042624560000
61 0.000000140000
62 0.000000330000
63 0.000000070000
64 0.152807990000
65 0.308167470000
66 0.469278830000
67 0.551439150000
68 0.622747530000
69 0.872114980000
70 0.752724840000
71 0.566965050000
72 0.379363120000
73 0.194357360000
74 0.000000370000
75 0.001435110000
76 0.002512650000
77 0.015400800000
78 0.000053180000
79 0.000095930000
80 0.000057870000
81 0.067556580000
82 0.172346860000
83 0.271891300000
84 0.368598970000
85 0.293956960000
86 0.183378510000
87 0.085979320000
88 0.000001070000
89 0.035243870000
90 0.065642300000
91 0.092126940000
92 0.116555530000
93 0.163228660000
94 0.188422610000
95 0.176906570000
96 0.129861870000
97 0.082520940000
98 0.048499940000
99 0.024633140000
100 0.008899890000
101 0.000000020000
102 0.007602960000
103 0.003625000000
104 0.003635610000
105 0.011980550000
106 0.024080500000
107 0.040251240000
108 0.059549420000
109 0.072120450000
110 0.084574480000
111 0.096922300000
112 0.109198330000
113 0.126184190000
114 0.113681690000
115 0.100668160000
116 0.090466680000
117 0.057499850000
118 0.034373170000
119 0.018346790000
120 0.007836760000
121 0.001903220000
