  0.00000000
  0.00000000
  0.00878635
  0.03598975
  0.08386957
  0.15640045
  0.26017303
  0.36725915
  0.43170779
  0.49708179
  0.47181901
  0.39870280
  0.31637760
  0.22244602
  0.17044693
  0.26821727
  0.19213736
  0.17412304
  0.19379075
  0.29217139
  0.13441280
  0.14513241
  0.00000063
  0.00000035
  0.00000025
  0.00000020
  0.00000017
  0.00000015
  0.18684022
  0.31407517
  0.43199560
  0.53664171
  0.63142878
  0.71868541
  0.66947981
  0.58396870
  0.49114579
  0.38889833
  0.27421117
  0.14388999
  0.00000017
  0.00000015
  0.00000015
  0.00000015
  0.00000015
  0.18684022
  0.31321352
  0.28736287
  0.15561394
  0.00000034
  0.18684039
  0.33664753
  0.47495197
  0.59487358
  0.70190729
  0.65946268
  0.55500590
  0.43846529
  0.30517696
  0.16054983
  0.00000026
  0.00000020
  0.00000018
  0.00000022
  0.00000028
  0.18684034
  0.33305276
  0.46809280
  0.58060789
  0.45304021
  0.29200992
  0.11024122
  0.01283428
  0.05124781
  0.08570104
  0.11714070
  0.14645959
  0.17462263
  0.16976616
  0.15142665
  0.13308713
  0.11474762
  0.09161643
  0.05682645
  0.03209397
  0.01520060
  0.00483854
  0.00027986
  0.00123864
  0.00803208
  0.02151793
  0.04308744
  0.07493537
  0.12058759
  0.14470430
  0.15104807
  0.12669368
  0.08845408
  0.05238103
  0.02765784
  0.01168040
  0.00280497
