  1.57000000
  1.57000000
  1.57000000
  1.56705496
  1.55508580
  1.52740893
  1.47619307
  1.39164410
  1.27319728
  1.13500934
  0.97708025
  0.82828545
  0.70347143
  0.60515072
  0.53652102
  0.48431176
  0.40274026
  0.34472011
  0.29250930
  0.23480665
  0.14841334
  0.10894184
  0.06630289
  0.06630270
  0.06630260
  0.06630253
  0.06630247
  0.06630243
  0.06630238
  0.01131114
 -0.08165067
 -0.21021205
 -0.37071685
 -0.56045838
 -0.77738286
 -0.97894585
 -1.15401145
 -1.30058658
 -1.41608981
 -1.49710723
 -1.53937892
 -1.53937897
 -1.53937901
 -1.53937905
 -1.53937909
 -1.53937913
 -1.59437037
 -1.68707354
 -1.77202668
 -1.81776560
 -1.81776570
 -1.87275699
 -1.97250202
 -2.11413471
 -2.29256575
 -2.50424268
 -2.70268879
 -2.86883495
 -2.99936140
 -3.08965319
 -3.13685292
 -3.13685299
 -3.13685305
 -3.13685310
 -3.13685316
 -3.13685324
 -3.19184452
 -3.29050830
 -3.43005001
 -3.60407920
 -3.73903724
 -3.82582982
 -3.85882609
 -3.84501094
 -3.78984645
 -3.69759560
 -3.57150227
 -3.41384932
 -3.22588093
 -3.04314017
 -2.88014055
 -2.73688207
 -2.61336472
 -2.51474638
 -2.45357689
 -2.41903011
 -2.40266778
 -2.39745944
 -2.39715820
 -2.39584942
 -2.38756770
 -2.36590446
 -2.32352601
 -2.25148438
 -2.13810809
 -2.00499067
 -1.86680272
 -1.74835591
 -1.66380694
 -1.61259107
 -1.58491420
 -1.57294504
 -1.57000000
