  0.00000000
  0.00000000
 -0.16127786
 -0.32215882
 -0.48263402
 -0.64266998
 -0.80221098
 -0.96118371
 -1.11950805
 -1.27860957
 -1.43751201
 -1.59630192
 -1.75586109
 -1.91565617
 -2.07573286
 -2.23608478
 -2.39666529
 -2.55740335
 -2.71825074
 -2.87993968
 -3.03756139
 -3.19613419
 -3.35707636
 -3.51669826
 -3.67632007
 -3.83594182
 -3.99556322
 -4.15514334
 -4.31472346
 -4.47430349
 -4.63388338
 -4.79488456
 -4.95600289
 -4.99999830
 -4.99999840
 -4.99999874
 -4.99999815
 -4.99999660
 -4.99999770
 -4.99999708
 -4.99998683
 -4.99998683
 -4.99998683
 -4.99998683
 -4.99998683
 -4.99998683
 -4.99998683
 -4.99998682
 -4.99998682
 -4.99998682
 -4.99998682
 -4.99998682
 -4.99998682
 -4.99998682
 -4.99998682
 -4.99998682
 -4.99998683
 -4.99998862
 -4.99999017
 -4.99999192
 -4.99998684
 -4.99998685
 -4.99999495
 -4.99999628
 -4.99999707
 -4.99999762
 -4.99999712
 -4.99999676
 -4.99999776
 -4.99999806
 -4.99999812
 -4.99999817
 -4.96183489
 -4.78966183
 -4.63991284
 -4.49016371
 -4.34041484
 -4.19066646
 -4.04093411
 -3.89120183
 -3.74146932
 -3.59162921
 -3.44176776
 -3.29173966
 -3.14133316
 -2.98974067
 -2.83805627
 -2.68656394
 -2.52498392
 -2.36370292
 -2.20261787
 -2.04159221
 -1.87921514
 -1.69171542
 -1.50421569
 -1.31671592
 -1.12921614
 -0.94171636
 -0.75421660
 -0.56671685
 -0.37921712
 -0.21428768
 -0.05142425
  0.10943309
  0.26823046
  0.42480584
  0.57888577
  0.73007472
  0.88643449
  1.04239924
  1.19793124
  1.35302916
  1.50774041
  1.34731023
  1.18556305
  1.02279022
  0.84685218
  0.67374947
  0.50285607
  0.33376139
  0.16619765
  0.00000000
