  0.00000000
  0.74999911
  0.74999908
  0.74999904
  0.74999900
  0.74999896
  0.74999891
  0.74999886
  0.74999882
  0.74999875
  0.74999868
  0.74999860
  0.74999851
  0.74999841
  0.74999829
  0.74999816
  0.74999800
  0.74999781
  0.74999758
  0.74999730
  0.74999695
  0.74999632
  0.74999545
  0.74999446
  0.74999373
  0.74999303
  0.74999248
  0.74999176
  0.74999016
  0.74998764
  0.74998312
  0.74996909
  0.47437038
  0.00000249
 -0.00000415
 -0.00000492
 -0.00000528
 -0.00000527
 -0.00000772
  0.00000798
  0.00000562
  0.00000014
 -0.00000408
 -0.00000657
  0.00000645
  0.00000581
  0.00000016
  0.00000437
  0.00000331
  0.00002292
 -0.00002845
 -0.00000115
  0.00000070
  0.00000277
 -0.00000163
  0.00000299
 -0.00001165
  0.00000139
  0.00000300
  0.00000388
  0.00000425
  0.00003664
 -0.00000000
  0.00000000
  0.00000000
  0.00000000
  0.00000000
 -0.00001807
 -0.00000536
 -0.00000601
 -0.00000632
 -0.00000587
 -0.00000692
  0.00000829
  0.00000700
 -0.00000022
 -0.00000067
  0.00000327
  0.00000378
  0.00000391
  0.00002189
 -0.00000000
 -0.00000000
 -0.36664985
 -0.74996888
 -0.74998444
 -0.74998963
 -0.74999223
 -0.74999379
 -0.74999484
 -0.74999558
 -0.74999613
 -0.74999657
 -0.74999691
 -0.74999719
 -0.74999743
 -0.74999763
 -0.74999804
 -0.74999818
 -0.74999831
 -0.74999842
 -0.74999850
 -0.74999844
 -0.74999876
 -0.74999867
 -0.74999859
 -0.74999884
 -0.74999898
 -0.74999906
 -0.74999909
 -0.74999909
 -0.74999908
 -0.74999906
 -0.74999902
 -0.74999898
 -0.74999892
 -0.74999884
 -0.74999873
 -0.74999859
 -0.74999839
 -0.74999822
 -0.74999797
 -0.74999765
 -0.74999722
 -0.74999642
 -0.74999555
 -0.74999334
 -0.74998667
 -0.47790471
  0.74998934
  0.74999468
  0.74999645
  0.74999734
  0.74999788
  0.74999824
  0.74999849
  0.74999867
  0.74999882
  0.74999893
  0.74999903
  0.74999911
  0.74999918
  0.74999924
  0.00000000
