  0.00105603
  0.22253358
  0.22253358
  0.22253373
  0.22253373
  0.22253363
  0.22253347
  0.22253326
  0.22476926
  0.22463697
  0.22450875
  0.22442776
  0.22472672
  0.22499462
  0.22518857
  0.22528973
  0.22544029
  0.22549392
  0.22558641
  0.22593203
  0.22688019
  0.21281646
  0.19103825
  0.17181625
  0.16619272
  0.16508109
  0.17314898
  0.18541989
  0.18787904
  0.19036143
  0.19299516
  0.21092438
  0.21092514
  0.18015811
  0.18475030
  0.17734915
  0.17002760
  0.16321873
  0.15679761
  0.15067214
  0.15655900
  0.16258147
  0.16274449
  0.15813640
  0.15201869
  0.15796282
  0.16418664
  0.16440745
  0.17097874
  0.17807130
  0.24999512
  0.17505447
  0.16790110
  0.16122058
  0.15489596
  0.15333575
  0.15620828
  0.15217722
  0.15813074
  0.16436854
  0.17097780
  0.17807166
  0.23464210
  0.23464197
  0.23464205
  0.23464209
  0.23464215
  0.23465231
  0.17592987
  0.16871439
  0.16198595
  0.15562509
  0.14953979
  0.14365841
  0.14930646
  0.15509020
  0.15487346
  0.15813085
  0.16436842
  0.17097754
  0.17807125
  0.20955629
  0.20955566
  0.20955581
  0.21303136
  0.21303057
  0.21302811
  0.21301051
  0.21329926
  0.21347668
  0.21344993
  0.21345060
  0.21350390
  0.21350638
  0.21350892
  0.21350882
  0.21374502
  0.23741647
  0.23745817
  0.23756150
  0.23780115
  0.23477249
  0.21501001
  0.24913202
  0.22141074
  0.20232862
  0.23204796
  0.24465692
  0.24998878
  0.24836501
  0.24312807
  0.23934412
  0.23642240
  0.23400182
  0.23183841
  0.22975845
  0.22761682
  0.22529398
  0.22269407
  0.21975568
  0.22581226
  0.22552449
  0.22525910
  0.22240325
  0.20785108
  0.22282042
  0.22319921
  0.22316832
  0.22329284
  0.24952740
  0.24955421
  0.24955427
  0.24956854
  0.24958794
  0.24986646
  0.24987078
  0.24827132
  0.24827106
  0.24827107
  0.24827102
  0.24827091
  0.24827070
  0.24827024
