  0.00000000
  0.00000000
  0.00001102
  0.00001147
  0.00001216
  0.00001318
  0.00001467
  0.00001693
  0.00000689
  0.01573921
  0.03587221
  0.06110177
  0.07927896
  0.06017128
  0.03835617
  0.03074340
  0.01009711
  0.07357854
  0.20004027
  0.34872601
  0.52716365
  0.68987242
  0.81343438
  0.61438304
  0.50333975
  0.47018357
  0.50106263
  0.51481930
  0.40038969
  0.27840289
  0.14614616
  0.00000021
  0.00000005
  0.09925896
  0.01865240
  0.14770980
  0.27105559
  0.38210949
  0.48376870
  0.57809100
  0.48741480
  0.39227987
  0.38968804
  0.46280218
  0.55757196
  0.46553675
  0.36653207
  0.36296889
  0.25526972
  0.13532029
  0.00000001
  0.18683507
  0.30612052
  0.41406634
  0.51333029
  0.50029768
  0.49269441
  0.55515615
  0.46291012
  0.36360667
  0.25529632
  0.13532703
  0.00000007
  0.00000002
  0.00000002
  0.00000002
  0.00000002
  0.00000002
  0.17195723
  0.29274867
  0.40185859
  0.50202481
  0.59525360
  0.68303804
  0.59872839
  0.50926631
  0.51361587
  0.46290270
  0.36360221
  0.25529347
  0.13532557
  0.00000013
  0.00000004
  0.00000004
  0.00000014
  0.00000019
  0.00000009
  0.00000113
  0.00001943
  0.15973550
  0.00007756
  0.08031926
  0.01171744
  0.00274353
  0.00391913
  0.02420429
  0.03192547
  0.00000270
  0.03505717
  0.06640849
  0.09488700
  0.11950705
  0.13138802
  0.17476537
  0.13913346
  0.11399705
  0.11696539
  0.10666243
  0.09103953
  0.05557347
  0.03045294
  0.01423470
  0.00455991
  0.00017818
  0.00044357
  0.00524779
  0.01482814
  0.02963783
  0.05036809
  0.07802635
  0.08704135
  0.07724025
  0.06373904
  0.04563362
  0.02247554
  0.00000711
  0.00001349
  0.08651726
  0.12305573
  0.03509586
  0.00098182
  0.00096724
  0.05148235
  0.13390518
  0.15827355
  0.06920345
  0.00000586
  0.00000901
  0.00000732
  0.00000630
  0.00000565
  0.00000523
  0.00000498
