task_id 4

[x]
1 21.894865530000
2 21.894865530000
3 21.894865530000
4 21.858609110000
5 21.786096280000
6 21.677327110000
7 21.532301730000
8 21.351020330000
9 21.133483110000
10 20.877139980000
11 20.583981290000
12 20.252871360000
13 19.882226440000
14 19.470228140000
15 19.017886630000
16 18.527805160000
17 18.001108310000
18 17.438207960000
19 16.838225000000
20 16.198371820000
21 15.516033590000
22 14.792316050000
23 14.092058780000
24 13.476760150000
25 12.980747100000
26 12.565373240000
27 12.218814360000
28 11.932075790000
29 11.725262160000
30 11.630925040000
31 11.632879310000
32 11.707825860000
33 11.835014580000
34 11.966446910000
35 12.080999900000
36 12.225086630000
37 12.368173510000
38 12.541625920000
39 12.771503470000
40 13.076077630000
41 13.465549360000
42 13.979691350000
43 14.596810240000
44 15.271938590000
45 15.974534770000
46 16.691471680000
47 17.469676630000
48 18.290164060000
49 19.109835490000
50 19.950369820000
51 20.811053520000
52 22.005704940000
53 22.842236380000
54 23.629796170000
55 24.357671090000
56 25.010824370000
57 25.586875110000
58 26.090322080000
59 26.490249800000
60 26.788825990000
61 26.991576010000
62 27.112063310000
63 27.170823970000
64 27.201679640000
65 27.232535280000
66 27.263390950000
67 27.294246650000
68 27.325102390000
69 27.355959490000
70 27.379094510000
71 27.358618920000
72 27.269029230000
73 27.091433360000
74 26.813982200000
75 26.433219300000
76 25.916487930000
77 25.288387060000
78 24.599590080000
79 23.849349510000
80 23.041253480000
81 22.188788750000
82 21.298434380000
83 20.251485260000
84 19.204539310000
85 18.157592590000
86 17.109636930000
87 16.095693410000
88 15.115769990000
89 14.169933020000
90 13.256862770000
91 12.377155780000
92 11.534220710000
93 10.725319070000
94 9.952094290000
95 9.213131440000
96 8.507891390000
97 7.836319780000
98 7.196470010000
99 6.522219380000
100 5.890086950000
101 5.299326560000
102 4.751397300000
103 4.258035080000
104 3.855820600000
105 3.450717930000
106 3.161923570000
107 2.953321540000
108 2.766446020000
109 2.624102290000
110 2.526142570000
111 2.465179940000
112 2.428180300000
113 2.406520080000
114 2.396061500000
115 2.395132850000
116 2.403231860000
117 2.420078170000
118 2.444835830000
119 2.475409880000
120 2.507759690000
121 2.535190700000
122 2.548142550000
123 2.538087430000
124 2.502469880000
125 2.441879960000
126 2.364187380000
127 2.265125670000
128 2.157627890000
129 2.041857530000
130 1.933745100000
131 1.834496670000
132 1.749447310000
133 1.671140520000
134 1.599539070000
135 1.542489620000
136 1.509980710000
137 1.500991850000
138 1.500748150000
139 1.500537770000
140 1.500360510000
141 1.500217400000
142 1.500109220000
143 1.500036570000
144 1.500000000000

[y]
1 19.602689490000
2 19.602689490000
3 19.602689490000
4 19.594632500000
5 19.578518260000
6 19.554346480000
7 19.522116850000
8 19.481829070000
9 19.433482740000
10 19.376510550000
11 19.311355420000
12 19.243630820000
13 19.182621020000
14 19.142377500000
15 19.136934670000
16 19.162804550000
17 19.212473960000
18 19.284416960000
19 19.367736490000
20 19.441929120000
21 19.479144970000
22 19.442106650000
23 19.292994120000
24 19.019895540000
25 18.631367810000
26 18.156553950000
27 17.609941130000
28 16.971051930000
29 16.225202530000
30 15.420328180000
31 14.572415780000
32 13.688387400000
33 12.696357470000
34 11.671229320000
35 10.777753940000
36 9.865310550000
37 8.990187000000
38 8.157933510000
39 7.374886780000
40 6.652481850000
41 6.007608940000
42 5.417335180000
43 4.888204120000
44 4.433954210000
45 4.071278480000
46 3.818809500000
47 3.683900630000
48 3.656905010000
49 3.719203300000
50 3.875223580000
51 4.103160490000
52 4.470915210000
53 4.728428290000
54 5.019143750000
55 5.365549110000
56 5.781730310000
57 6.287654100000
58 6.884783810000
59 7.532087640000
60 8.264195620000
61 9.060634100000
62 9.906987650000
63 10.795402720000
64 11.968206160000
65 13.141008930000
66 14.313812100000
67 15.486615480000
68 16.659419130000
69 17.832273570000
70 18.711616940000
71 19.554938600000
72 20.359896270000
73 21.117481830000
74 21.811795570000
75 22.420860530000
76 22.959651980000
77 23.414416320000
78 23.768253110000
79 24.017792990000
80 24.167466210000
81 24.231758950000
82 24.231681180000
83 24.189960740000
84 24.148240380000
85 24.106520040000
86 24.064759540000
87 24.024354370000
88 23.985304820000
89 23.947613700000
90 23.911228010000
91 23.876190280000
92 23.802851030000
93 23.732540900000
94 23.646699470000
95 23.562043350000
96 23.483359860000
97 23.411299800000
98 23.359462990000
99 23.328106590000
100 23.298708400000
101 23.293547130000
102 23.327973460000
103 23.410067450000
104 23.531639870000
105 23.719864150000
106 23.927382110000
107 24.130811670000
108 24.364166440000
109 24.596680750000
110 24.807752360000
111 24.982014770000
112 25.112299800000
113 25.199330540000
114 25.244281040000
115 25.248362990000
116 25.212731480000
117 25.138455340000
118 25.026484450000
119 24.877626330000
120 24.692592470000
121 24.472227610000
122 24.207140420000
123 23.904047430000
124 23.564908780000
125 23.195591730000
126 22.819088040000
127 22.383348590000
128 21.910496420000
129 21.401282630000
130 20.851947250000
131 20.207262300000
132 19.607616080000
133 19.054188530000
134 18.546955690000
135 18.084879530000
136 17.666810010000
137 17.294405320000
138 16.970803490000
139 16.693430840000
140 16.462286980000
141 16.277371970000
142 16.138685820000
143 16.046228520000
144 16.000000000000

[theta]
1 -2.922923710000
2 -2.922923710000
3 -2.922923710000
4 -2.922920010000
5 -2.922916180000
6 -2.922912150000
7 -2.922907810000
8 -2.922903000000
9 -2.922897490000
10 -2.922895260000
11 -2.939837360000
12 -2.978451140000
13 -3.044222700000
14 -3.129560650000
15 -3.194330600000
16 -3.235618180000
17 -3.268711190000
18 -3.279579980000
19 -3.257029730000
20 -3.196080310000
21 -3.090459410000
22 -2.931786650000
23 -2.723867160000
24 -2.477117030000
25 -2.289521030000
26 -2.135849670000
27 -1.992658530000
28 -1.841286600000
29 -1.687471270000
30 -1.568491520000
31 -1.486220120000
32 -1.443281420000
33 -1.443281360000
34 -1.443281410000
35 -1.414176570000
36 -1.408725650000
37 -1.365324630000
38 -1.285250740000
39 -1.171799350000
40 -1.027476650000
41 -0.854223260000
42 -0.708786940000
43 -0.592260760000
44 -0.476518500000
45 -0.338588460000
46 -0.171653030000
47 -0.032890060000
48 0.075858140000
49 0.183531520000
50 0.258889100000
51 0.298628670000
52 0.298628650000
53 0.353618390000
54 0.444193250000
55 0.567315500000
56 0.720674820000
57 0.870314980000
58 1.017365120000
59 1.183557540000
60 1.321520330000
61 1.429386030000
62 1.504751520000
63 1.544493060000
64 1.544493080000
65 1.544493060000
66 1.544493040000
67 1.544493010000
68 1.544492990000
69 1.544492970000
70 1.595071250000
71 1.681637560000
72 1.801061900000
73 1.950962030000
74 2.129510520000
75 2.335297870000
76 2.514920050000
77 2.667043180000
78 2.820490390000
79 2.958450960000
80 3.066315340000
81 3.141680000000
82 3.181421120000
83 3.181421160000
84 3.181421120000
85 3.181421070000
86 3.181421110000
87 3.181421170000
88 3.181421070000
89 3.181421400000
90 3.181400480000
91 3.228378730000
92 3.228295240000
93 3.252157340000
94 3.255656140000
95 3.252702940000
96 3.248484280000
97 3.222430140000
98 3.188064730000
99 3.188065550000
100 3.150329090000
101 3.078845250000
102 2.976706390000
103 2.848065860000
104 2.706636350000
105 2.518514320000
106 2.368747410000
107 2.246037990000
108 2.120133370000
109 2.005319130000
110 1.907321790000
111 1.847501040000
112 1.814720700000
113 1.799398100000
114 1.794489690000
115 1.794297890000
116 1.793829630000
117 1.788403210000
118 1.773369680000
119 1.743878800000
120 1.694639290000
121 1.619616320000
122 1.537633450000
123 1.466156380000
124 1.408185550000
125 1.367299870000
126 1.347254220000
127 1.347256630000
128 1.347245110000
129 1.376473920000
130 1.418046800000
131 1.429903510000
132 1.430235200000
133 1.430561980000
134 1.447954660000
135 1.493192900000
136 1.546663690000
137 1.570043230000
138 1.570037860000
139 1.570029430000
140 1.570022420000
141 1.570016260000
142 1.570010600000
143 1.570005230000
144 1.570000000000

[v]
1 0.000000000000
2 0.000000000000
3 0.166899990000
4 0.333799970000
5 0.500700060000
6 0.667600130000
7 0.834500130000
8 1.001399990000
9 1.168299680000
10 1.336876360000
11 1.505353810000
12 1.673735070000
13 1.842055570000
14 2.010600280000
15 2.179345890000
16 2.348236930000
17 2.517203820000
18 2.686283580000
19 2.855403530000
20 3.024592790000
21 3.194041200000
22 3.364200650000
23 3.523812210000
24 3.667090030000
25 3.795951270000
26 3.920594760000
27 4.044404430000
28 4.174264870000
29 4.313328260000
30 4.454235690000
31 4.597004410000
32 4.741747520000
33 4.899934290000
34 4.999990930000
35 4.999991380000
36 4.999990610000
37 4.999989740000
38 4.999988840000
39 4.999987980000
40 4.999986770000
41 4.999987970000
42 4.999988850000
43 4.999988870000
44 4.999988210000
45 4.999987170000
46 4.999988150000
47 4.999989070000
48 4.999989090000
49 4.999989810000
50 4.999990380000
51 4.999994460000
52 4.999987350000
53 4.999987150000
54 4.999987260000
55 4.999987710000
56 4.999987460000
57 4.999987920000
58 4.999986100000
59 4.999986310000
60 4.999986780000
61 4.999987420000
62 4.999988150000
63 4.999994670000
64 4.999994670000
65 4.999994670000
66 4.999994670000
67 4.999994670000
68 4.999994670000
69 4.999990430000
70 4.999989490000
71 4.999988480000
72 4.999987450000
73 4.999986540000
74 4.999985510000
75 4.999986700000
76 4.999987740000
77 4.999987710000
78 4.999987600000
79 4.999988120000
80 4.999988740000
81 4.999989410000
82 4.999993310000
83 4.999993310000
84 4.999993310000
85 4.923159700000
86 4.763392810000
87 4.603623200000
88 4.443854330000
89 4.284098100000
90 4.124124980000
91 3.964018580000
92 3.803932070000
93 3.643844950000
94 3.483717760000
95 3.323588640000
96 3.163457550000
97 3.003326480000
98 2.843018220000
99 2.664956330000
100 2.486863130000
101 2.308692410000
102 2.130341920000
103 1.954262910000
104 1.793005740000
105 1.606157030000
106 1.440099270000
107 1.288353090000
108 1.114317390000
109 0.930824950000
110 0.743333600000
111 0.557060060000
112 0.374714240000
113 0.195206370000
114 0.017889790000
115 -0.157611350000
116 -0.331489920000
117 -0.503808510000
118 -0.674520860000
119 -0.843491060000
120 -1.010511300000
121 -1.175327710000
122 -1.344686510000
123 -1.513829420000
124 -1.682773210000
125 -1.849575030000
126 -2.005462590000
127 -2.172576920000
128 -2.339974840000
129 -2.507348110000
130 -2.614060810000
131 -2.426917920000
132 -2.239753600000
133 -2.052588780000
134 -1.865413040000
135 -1.678222610000
136 -1.490823210000
137 -1.303420500000
138 -1.117217340000
139 -0.931014340000
140 -0.744811300000
141 -0.558608280000
142 -0.372405310000
143 -0.186202490000
144 0.000000000000

[a]
1 0.000000000000
2 0.749999110000
3 0.749999080000
4 0.749999040000
5 0.749999000000
6 0.749998960000
7 0.749998910000
8 0.749998860000
9 0.749998820000
10 0.749998750000
11 0.749998680000
12 0.749998600000
13 0.749998510000
14 0.749998410000
15 0.749998290000
16 0.749998160000
17 0.749998000000
18 0.749997810000
19 0.749997580000
20 0.749997300000
21 0.749996950000
22 0.749996320000
23 0.749995450000
24 0.749994460000
25 0.749993730000
26 0.749993030000
27 0.749992480000
28 0.749991760000
29 0.749990160000
30 0.749987640000
31 0.749983120000
32 0.749969090000
33 0.474370380000
34 0.000002490000
35 -0.000004150000
36 -0.000004920000
37 -0.000005280000
38 -0.000005270000
39 -0.000007720000
40 0.000007980000
41 0.000005620000
42 0.000000140000
43 -0.000004080000
44 -0.000006570000
45 0.000006450000
46 0.000005810000
47 0.000000160000
48 0.000004370000
49 0.000003310000
50 0.000022920000
51 -0.000028450000
52 -0.000001150000
53 0.000000700000
54 0.000002770000
55 -0.000001630000
56 0.000002990000
57 -0.000011650000
58 0.000001390000
59 0.000003000000
60 0.000003880000
61 0.000004250000
62 0.000036640000
63 -0.000000000000
64 0.000000000000
65 0.000000000000
66 0.000000000000
67 0.000000000000
68 -0.000018070000
69 -0.000005360000
70 -0.000006010000
71 -0.000006320000
72 -0.000005870000
73 -0.000006920000
74 0.000008290000
75 0.000007000000
76 -0.000000220000
77 -0.000000670000
78 0.000003270000
79 0.000003780000
80 0.000003910000
81 0.000021890000
82 -0.000000000000
83 -0.000000000000
84 -0.366649850000
85 -0.749968880000
86 -0.749984440000
87 -0.749989630000
88 -0.749992230000
89 -0.749993790000
90 -0.749994840000
91 -0.749995580000
92 -0.749996130000
93 -0.749996570000
94 -0.749996910000
95 -0.749997190000
96 -0.749997430000
97 -0.749997630000
98 -0.749998040000
99 -0.749998180000
100 -0.749998310000
101 -0.749998420000
102 -0.749998500000
103 -0.749998440000
104 -0.749998760000
105 -0.749998670000
106 -0.749998590000
107 -0.749998840000
108 -0.749998980000
109 -0.749999060000
110 -0.749999090000
111 -0.749999090000
112 -0.749999080000
113 -0.749999060000
114 -0.749999020000
115 -0.749998980000
116 -0.749998920000
117 -0.749998840000
118 -0.749998730000
119 -0.749998590000
120 -0.749998390000
121 -0.749998220000
122 -0.749997970000
123 -0.749997650000
124 -0.749997220000
125 -0.749996420000
126 -0.749995550000
127 -0.749993340000
128 -0.749986670000
129 -0.477904710000
130 0.749989340000
131 0.749994680000
132 0.749996450000
133 0.749997340000
134 0.749997880000
135 0.749998240000
136 0.749998490000
137 0.749998670000
138 0.749998820000
139 0.749998930000
140 0.749999030000
141 0.749999110000
142 0.749999180000
143 0.749999240000
144 0.000000000000

[phy]
1 0.000000000000
2 0.000000000000
3 0.000199290000
4 0.000103020000
5 0.000072370000
6 0.000058470000
7 0.000051770000
8 0.000049480000
9 0.000016980000
10 -0.112354880000
11 -0.224650450000
12 -0.336844850000
13 -0.391065840000
14 -0.278892450000
15 -0.166697070000
16 -0.124460710000
17 -0.038286800000
18 0.074318010000
19 0.187030940000
20 0.299807850000
21 0.412763330000
22 0.526193700000
23 0.632587290000
24 0.537089910000
25 0.453339900000
26 0.416585450000
27 0.408050600000
28 0.378314710000
29 0.285609880000
30 0.191673550000
31 0.096495420000
32 0.000000120000
33 -0.000000090000
34 0.064531040000
35 0.011801190000
36 0.097577600000
37 0.186196930000
38 0.271186410000
39 0.352775180000
40 0.431096870000
41 0.355771610000
42 0.279202030000
43 0.277155060000
44 0.335685260000
45 0.413879070000
46 0.337905630000
47 0.258988330000
48 0.256210310000
49 0.174504150000
50 0.089030840000
51 -0.000000020000
52 0.124996950000
53 0.212523480000
54 0.296473090000
55 0.377081700000
56 0.372168910000
57 0.360128710000
58 0.411856660000
59 0.335770370000
60 0.256706360000
61 0.174523120000
62 0.089035090000
63 0.000000030000
64 -0.000000040000
65 -0.000000040000
66 -0.000000040000
67 -0.000000040000
68 -0.000000040000
69 0.114493740000
70 0.202426950000
71 0.286772430000
72 0.367758100000
73 0.445564200000
74 0.520324190000
75 0.448510020000
76 0.373892850000
77 0.377327650000
78 0.335765050000
79 0.256703460000
80 0.174521450000
81 0.089034340000
82 0.000000070000
83 -0.000000080000
84 -0.000000080000
85 0.000000080000
86 0.000000110000
87 -0.000000200000
88 0.000000690000
89 -0.000045780000
90 0.106317370000
91 -0.000197350000
92 0.058709620000
93 0.008994580000
94 -0.007940870000
95 -0.011889670000
96 -0.076997110000
97 -0.106660030000
98 0.000002420000
99 -0.118704550000
100 -0.237432340000
101 -0.356211720000
102 -0.475110800000
103 -0.592495270000
104 -0.699997290000
105 -0.699998140000
106 -0.699996980000
107 -0.699997950000
108 -0.699998340000
109 -0.699994260000
110 -0.575002270000
111 -0.450820940000
112 -0.329257780000
113 -0.209586470000
114 -0.091375980000
115 0.025624230000
116 0.141542700000
117 0.256421100000
118 0.370228530000
119 0.482874160000
120 0.594218700000
121 0.553403700000
122 0.440500200000
123 0.327739420000
124 0.215110980000
125 0.103910350000
126 -0.000010760000
127 0.000047490000
128 -0.111478990000
129 -0.147430750000
130 -0.036338670000
131 -0.001095340000
132 -0.001169250000
133 -0.067801400000
134 -0.191936520000
135 -0.249705950000
136 -0.124870220000
137 0.000033200000
138 0.000060820000
139 0.000060600000
140 0.000066700000
141 0.000081620000
142 0.000116080000
143 0.000226300000
144 0.000000000000

[w]
1 0.000000000000
2 0.000895540000
3 -0.000432590000
4 -0.000137750000
5 -0.000062480000
6 -0.000030100000
7 -0.000010260000
8 -0.000146060000
9 -0.499943190000
10 -0.499898000000
11 -0.499732840000
12 -0.241596650000
13 0.499154660000
14 0.498658060000
15 0.187559970000
16 0.382502600000
17 0.499488380000
18 0.499849070000
19 0.499927770000
20 0.499953400000
21 0.499957110000
22 0.499931240000
23 -0.499886180000
24 -0.487439440000
25 -0.221155550000
26 -0.051700960000
27 -0.171735870000
28 -0.499972420000
29 -0.499983040000
30 -0.499986420000
31 -0.499988170000
32 -0.000001010000
33 0.305943310000
34 -0.292686510000
35 0.464282920000
36 0.499688510000
37 0.499856980000
38 0.499873820000
39 0.499508140000
40 -0.499928230000
41 -0.489078100000
42 -0.012590420000
43 0.359644700000
44 0.494470670000
45 -0.499763760000
46 -0.499594180000
47 -0.016919890000
48 -0.496973590000
49 -0.499906050000
50 -0.499973090000
51 0.499997660000
52 0.499995980000
53 0.499994370000
54 0.499989580000
55 -0.031716730000
56 -0.078521770000
57 0.331147300000
58 -0.499984750000
59 -0.499991460000
60 -0.499993710000
61 -0.499994900000
62 -0.499995680000
63 -0.000000300000
64 0.000000000000
65 0.000000000000
66 0.000000000000
67 0.000000000000
68 0.487929490000
69 0.499819690000
70 0.499930500000
71 0.499954940000
72 0.499958590000
73 0.499933780000
74 -0.499895330000
75 -0.499758480000
76 0.022147150000
77 -0.268364890000
78 -0.499975750000
79 -0.499986550000
80 -0.499990320000
81 -0.499992390000
82 -0.000000740000
83 0.000000000000
84 0.000000770000
85 0.000000150000
86 -0.000001440000
87 0.000004190000
88 -0.000218180000
89 0.498656210000
90 -0.498952590000
91 0.275975530000
92 -0.232910870000
93 -0.079321970000
94 -0.018495100000
95 -0.304939530000
96 -0.138930970000
97 0.499017260000
98 -0.499994690000
99 -0.499994520000
100 -0.499994240000
101 -0.499993730000
102 -0.499992430000
103 -0.499986150000
104 -0.000003390000
105 0.000005220000
106 -0.000004760000
107 -0.000001690000
108 0.000016680000
109 0.499990410000
110 0.499995260000
111 0.499996400000
112 0.499996850000
113 0.499997020000
114 0.499997000000
115 0.499996820000
116 0.499996430000
117 0.499995660000
118 0.499993980000
119 0.499988760000
120 -0.185728980000
121 -0.499988330000
122 -0.499993510000
123 -0.499995100000
124 -0.499995530000
125 -0.499978650000
126 0.000261400000
127 -0.499672360000
128 -0.161097050000
129 0.497517430000
130 0.141240290000
131 -0.000296160000
132 -0.267004660000
133 -0.497398920000
134 -0.231459200000
135 0.499609780000
136 0.499872040000
137 0.000111250000
138 -0.000000880000
139 0.000024570000
140 0.000060110000
141 0.000138780000
142 0.000443970000
143 -0.000911510000
144 0.000000000000

[dt]
1 0.001056030000
2 0.222533580000
3 0.222533580000
4 0.222533730000
5 0.222533730000
6 0.222533630000
7 0.222533470000
8 0.222533260000
9 0.224769260000
10 0.224636970000
11 0.224508750000
12 0.224427760000
13 0.224726720000
14 0.224994620000
15 0.225188570000
16 0.225289730000
17 0.225440290000
18 0.225493920000
19 0.225586410000
20 0.225932030000
21 0.226880190000
22 0.212816460000
23 0.191038250000
24 0.171816250000
25 0.166192720000
26 0.165081090000
27 0.173148980000
28 0.185419890000
29 0.187879040000
30 0.190361430000
31 0.192995160000
32 0.210924380000
33 0.210925140000
34 0.180158110000
35 0.184750300000
36 0.177349150000
37 0.170027600000
38 0.163218730000
39 0.156797610000
40 0.150672140000
41 0.156559000000
42 0.162581470000
43 0.162744490000
44 0.158136400000
45 0.152018690000
46 0.157962820000
47 0.164186640000
48 0.164407450000
49 0.170978740000
50 0.178071300000
51 0.249995120000
52 0.175054470000
53 0.167901100000
54 0.161220580000
55 0.154895960000
56 0.153335750000
57 0.156208280000
58 0.152177220000
59 0.158130740000
60 0.164368540000
61 0.170977800000
62 0.178071660000
63 0.234642100000
64 0.234641970000
65 0.234642050000
66 0.234642090000
67 0.234642150000
68 0.234652310000
69 0.175929870000
70 0.168714390000
71 0.161985950000
72 0.155625090000
73 0.149539790000
74 0.143658410000
75 0.149306460000
76 0.155090200000
77 0.154873460000
78 0.158130850000
79 0.164368420000
80 0.170977540000
81 0.178071250000
82 0.209556290000
83 0.209555660000
84 0.209555810000
85 0.213031360000
86 0.213030570000
87 0.213028110000
88 0.213010510000
89 0.213299260000
90 0.213476680000
91 0.213449930000
92 0.213450600000
93 0.213503900000
94 0.213506380000
95 0.213508920000
96 0.213508820000
97 0.213745020000
98 0.237416470000
99 0.237458170000
100 0.237561500000
101 0.237801150000
102 0.234772490000
103 0.215010010000
104 0.249132020000
105 0.221410740000
106 0.202328620000
107 0.232047960000
108 0.244656920000
109 0.249988780000
110 0.248365010000
111 0.243128070000
112 0.239344120000
113 0.236422400000
114 0.234001820000
115 0.231838410000
116 0.229758450000
117 0.227616820000
118 0.225293980000
119 0.222694070000
120 0.219755680000
121 0.225812260000
122 0.225524490000
123 0.225259100000
124 0.222403250000
125 0.207851080000
126 0.222820420000
127 0.223199210000
128 0.223168320000
129 0.223292840000
130 0.249527400000
131 0.249554210000
132 0.249554270000
133 0.249568540000
134 0.249587940000
135 0.249866460000
136 0.249870780000
137 0.248271320000
138 0.248271060000
139 0.248271070000
140 0.248271020000
141 0.248270910000
142 0.248270700000
143 0.248270240000

[s]
1 0.000000000000
2 0.000000000000
3 0.037140850000
4 0.074281750000
5 0.111422650000
6 0.148563480000
7 0.185704210000
8 0.222844800000
9 0.262597850000
10 0.300311850000
11 0.337965100000
12 0.375632610000
13 0.413959100000
14 0.452374250000
15 0.490763790000
16 0.529033670000
17 0.567479160000
18 0.605740620000
19 0.644140240000
20 0.683352380000
21 0.724664690000
22 0.715957260000
23 0.673182920000
24 0.630065660000
25 0.630859460000
26 0.647216060000
27 0.700284520000
28 0.773991740000
29 0.810383980000
30 0.847914650000
31 0.887199620000
32 1.000150170000
33 1.033519320000
34 0.900788900000
35 0.923749920000
36 0.886744090000
37 0.850136240000
38 0.816091820000
39 0.783986160000
40 0.753358690000
41 0.782793140000
42 0.812905530000
43 0.813720640000
44 0.790680140000
45 0.760091520000
46 0.789812220000
47 0.820931410000
48 0.822035470000
49 0.854891980000
50 0.890354790000
51 1.249974220000
52 0.875270160000
53 0.839503360000
54 0.806100840000
55 0.774477890000
56 0.766676810000
57 0.781039530000
58 0.760883980000
59 0.790651530000
60 0.821840510000
61 0.854886840000
62 0.890356200000
63 1.173209270000
64 1.173208600000
65 1.173208990000
66 1.173209210000
67 1.173209480000
68 1.173260290000
69 0.879647650000
70 0.843570190000
71 0.809927880000
72 0.778123490000
73 0.747696940000
74 0.718289990000
75 0.746530330000
76 0.775449100000
77 0.774365390000
78 0.790652310000
79 0.821840170000
80 0.854885770000
81 0.890354380000
82 1.047780060000
83 1.047776890000
84 1.047777670000
85 1.048787390000
86 1.014748270000
87 0.980701160000
88 0.946587660000
89 0.913794950000
90 0.880404470000
91 0.846119480000
92 0.811951580000
93 0.777975110000
94 0.743795950000
95 0.709615820000
96 0.675426100000
97 0.641946090000
98 0.674979360000
99 0.632815660000
100 0.590782930000
101 0.549009700000
102 0.500145670000
103 0.420186080000
104 0.446695140000
105 0.355620420000
106 0.291373290000
107 0.298959710000
108 0.272625460000
109 0.232695790000
110 0.184618060000
111 0.135436940000
112 0.089685650000
113 0.046151160000
114 0.004186240000
115 -0.036540360000
116 -0.076162610000
117 -0.114675290000
118 -0.151965490000
119 -0.187840460000
120 -0.222065600000
121 -0.265403410000
122 -0.303259740000
123 -0.341003850000
124 -0.374254230000
125 -0.384436160000
126 -0.446858020000
127 -0.484917460000
128 -0.522208260000
129 -0.559872890000
130 -0.652279790000
131 -0.605647580000
132 -0.558940070000
133 -0.512261570000
134 -0.465584600000
135 -0.419331550000
136 -0.372513160000
137 -0.323601920000
138 -0.277372730000
139 -0.231143930000
140 -0.184915060000
141 -0.138686190000
142 -0.092457330000
143 -0.046228540000

[splus]
1 0.000000000000
2 0.000000000000
3 0.037140850000
4 0.074281750000
5 0.111422650000
6 0.148563480000
7 0.185704210000
8 0.222844800000
9 0.262597850000
10 0.300311850000
11 0.337965100000
12 0.375632610000
13 0.413959100000
14 0.452374250000
15 0.490763790000
16 0.529033670000
17 0.567479160000
18 0.605740620000
19 0.644140240000
20 0.683352380000
21 0.724664690000
22 0.715957260000
23 0.673182920000
24 0.630065660000
25 0.630859460000
26 0.647216060000
27 0.700284520000
28 0.773991740000
29 0.810383980000
30 0.847914650000
31 0.887199620000
32 1.000150170000
33 1.033519320000
34 0.900788900000
35 0.923749920000
36 0.886744090000
37 0.850136240000
38 0.816091820000
39 0.783986160000
40 0.753358690000
41 0.782793140000
42 0.812905530000
43 0.813720640000
44 0.790680140000
45 0.760091520000
46 0.789812220000
47 0.820931410000
48 0.822035470000
49 0.854891980000
50 0.890354790000
51 1.249974220000
52 0.875270160000
53 0.839503360000
54 0.806100840000
55 0.774477890000
56 0.766676810000
57 0.781039530000
58 0.760883980000
59 0.790651530000
60 0.821840510000
61 0.854886840000
62 0.890356200000
63 1.173209270000
64 1.173208600000
65 1.173208990000
66 1.173209210000
67 1.173209480000
68 1.173260290000
69 0.879647650000
70 0.843570190000
71 0.809927880000
72 0.778123490000
73 0.747696940000
74 0.718289990000
75 0.746530330000
76 0.775449100000
77 0.774365390000
78 0.790652310000
79 0.821840170000
80 0.854885770000
81 0.890354380000
82 1.047780060000
83 1.047776890000
84 1.047777670000
85 1.048787390000
86 1.014748270000
87 0.980701160000
88 0.946587660000
89 0.913794950000
90 0.880404470000
91 0.846119480000
92 0.811951580000
93 0.777975110000
94 0.743795950000
95 0.709615820000
96 0.675426100000
97 0.641946090000
98 0.674979360000
99 0.632815660000
100 0.590782930000
101 0.549009700000
102 0.500145670000
103 0.420186080000
104 0.446695140000
105 0.355620420000
106 0.291373290000
107 0.298959710000
108 0.272625460000
109 0.232695790000
110 0.184618060000
111 0.135436940000
112 0.089685650000
113 0.046151160000
114 0.004186240000
115 0.000000000000
116 0.000000000000
117 0.000000000000
118 0.000000000000
119 0.000000000000
120 0.000000000000
121 0.000000000000
122 0.000000000000
123 0.000000000000
124 0.000000000000
125 0.000000000000
126 0.000000000000
127 0.000000000000
128 0.000000000000
129 0.000000000000
130 0.000000000000
131 0.000000000000
132 0.000000000000
133 0.000000000000
134 0.000000000000
135 0.000000000000
136 0.000000000000
137 0.000000000000
138 0.000000000000
139 0.000000000000
140 0.000000000000
141 0.000000000000
142 0.000000000000
143 0.000000000000

[sminus]
1 0.000000000000
2 0.000000000000
3 -0.000000000000
4 0.000000000000
5 0.000000000000
6 0.000000000000
7 0.000000000000
8 0.000000000000
9 0.000000000000
10 0.000000000000
11 0.000000000000
12 0.000000000000
13 0.000000000000
14 0.000000000000
15 0.000000000000
16 0.000000000000
17 0.000000000000
18 0.000000000000
19 0.000000000000
20 0.000000000000
21 0.000000000000
22 0.000000000000
23 0.000000000000
24 0.000000000000
25 0.000000000000
26 0.000000000000
27 0.000000000000
28 0.000000000000
29 0.000000000000
30 0.000000000000
31 0.000000000000
32 0.000000000000
33 0.000000000000
34 0.000000000000
35 0.000000000000
36 0.000000000000
37 0.000000000000
38 0.000000000000
39 0.000000000000
40 0.000000000000
41 0.000000000000
42 0.000000000000
43 0.000000000000
44 0.000000000000
45 0.000000000000
46 0.000000000000
47 0.000000000000
48 0.000000000000
49 0.000000000000
50 0.000000000000
51 0.000000000000
52 0.000000000000
53 0.000000000000
54 0.000000000000
55 0.000000000000
56 0.000000000000
57 0.000000000000
58 0.000000000000
59 0.000000000000
60 0.000000000000
61 0.000000000000
62 0.000000000000
63 0.000000000000
64 0.000000000000
65 0.000000000000
66 0.000000000000
67 0.000000000000
68 0.000000000000
69 0.000000000000
70 0.000000000000
71 0.000000000000
72 0.000000000000
73 0.000000000000
74 0.000000000000
75 0.000000000000
76 0.000000000000
77 0.000000000000
78 0.000000000000
79 0.000000000000
80 0.000000000000
81 0.000000000000
82 0.000000000000
83 0.000000000000
84 0.000000000000
85 0.000000000000
86 0.000000000000
87 0.000000000000
88 0.000000000000
89 0.000000000000
90 0.000000000000
91 0.000000000000
92 0.000000000000
93 0.000000000000
94 0.000000000000
95 0.000000000000
96 0.000000000000
97 0.000000000000
98 0.000000000000
99 0.000000000000
100 0.000000000000
101 0.000000000000
102 0.000000000000
103 0.000000000000
104 0.000000000000
105 0.000000000000
106 0.000000000000
107 0.000000000000
108 0.000000000000
109 0.000000000000
110 0.000000000000
111 0.000000000000
112 0.000000000000
113 0.000000000000
114 0.000000000000
115 0.036540360000
116 0.076162610000
117 0.114675290000
118 0.151965490000
119 0.187840460000
120 0.222065600000
121 0.265403410000
122 0.303259740000
123 0.341003850000
124 0.374254230000
125 0.384436160000
126 0.446858020000
127 0.484917460000
128 0.522208260000
129 0.559872890000
130 0.652279790000
131 0.605647580000
132 0.558940070000
133 0.512261570000
134 0.465584600000
135 0.419331550000
136 0.372513160000
137 0.323601920000
138 0.277372730000
139 0.231143930000
140 0.184915060000
141 0.138686190000
142 0.092457330000
143 0.046228540000

[k]
1 0.000000000000
2 0.000000000000
3 0.000099640000
4 0.000051510000
5 0.000036180000
6 0.000029230000
7 0.000025880000
8 0.000024740000
9 0.000008490000
10 -0.056415030000
11 -0.114253770000
12 -0.175095430000
13 -0.206150700000
14 -0.143177790000
15 -0.084129240000
16 -0.062553680000
17 -0.019152760000
18 0.037227570000
19 0.094621350000
20 0.154562860000
21 0.218960250000
22 0.290407680000
23 0.366542470000
24 0.297740390000
25 0.243590490000
26 0.221241630000
27 0.216157760000
28 0.198729950000
29 0.146818970000
30 0.097027920000
31 0.048398020000
32 0.000000060000
33 -0.000000050000
34 0.032310380000
35 0.005900870000
36 0.048944240000
37 0.094189490000
38 0.139017920000
39 0.184088330000
40 0.229974630000
41 0.185791520000
42 0.143345290000
43 0.142238330000
44 0.174444800000
45 0.219625430000
46 0.175691090000
47 0.132469280000
48 0.130983870000
49 0.088148650000
50 0.044633410000
51 -0.000000010000
52 0.062826020000
53 0.107891000000
54 0.152738020000
55 0.198016400000
56 0.195180230000
57 0.188274900000
58 0.218420190000
59 0.174492540000
60 0.131248940000
61 0.088158440000
62 0.044635560000
63 0.000000020000
64 -0.000000020000
65 -0.000000020000
66 -0.000000020000
67 -0.000000020000
68 -0.000000020000
69 0.057498340000
70 0.102618980000
71 0.147450580000
72 0.192643120000
73 0.238797930000
74 0.286496190000
75 0.240609370000
76 0.196174220000
77 0.198158670000
78 0.174489550000
79 0.131247390000
80 0.088157580000
81 0.044635180000
82 0.000000030000
83 -0.000000040000
84 -0.000000040000
85 0.000000040000
86 0.000000050000
87 -0.000000100000
88 0.000000350000
89 -0.000022890000
90 0.053359890000
91 -0.000098680000
92 0.029388560000
93 0.004497370000
94 -0.003970490000
95 -0.005945040000
96 -0.038574310000
97 -0.053533170000
98 0.000001210000
99 -0.059632630000
100 -0.120998490000
101 -0.186041990000
102 -0.257206110000
103 -0.336587800000
104 -0.421141880000
105 -0.421142600000
106 -0.421141610000
107 -0.421142430000
108 -0.421142770000
109 -0.421139280000
110 -0.324024360000
111 -0.242033980000
112 -0.170847890000
113 -0.106355080000
114 -0.045815570000
115 0.012814920000
116 0.071247790000
117 0.131096500000
118 0.194063050000
119 0.262134750000
120 0.337841470000
121 0.308899080000
122 0.235695870000
123 0.170000510000
124 0.109245740000
125 0.052142980000
126 -0.000005380000
127 0.000023740000
128 -0.055971550000
129 -0.074254150000
130 -0.018177330000
131 -0.000547670000
132 -0.000584630000
133 -0.033952750000
134 -0.097164370000
135 -0.127514360000
136 -0.062761660000
137 0.000016600000
138 0.000030410000
139 0.000030300000
140 0.000033350000
141 0.000040810000
142 0.000058040000
143 0.000113150000

[up]
1 0.000000000000
2 0.000000000000
3 0.037144400000
4 0.074285430000
5 0.111426520000
6 0.148567650000
7 0.185708820000
8 0.222850100000
9 0.262600000000
10 0.316576270000
11 0.375034330000
12 0.438773300000
13 0.495883540000
14 0.514553400000
15 0.530399870000
16 0.560802950000
17 0.577913200000
18 0.627388860000
19 0.702651680000
20 0.784748440000
21 0.876990540000
22 0.915559970000
23 0.910063040000
24 0.810157810000
25 0.778383960000
26 0.784679560000
27 0.845601580000
28 0.921654460000
29 0.924604540000
30 0.926895190000
31 0.928420770000
32 1.000150230000
33 1.033519360000
34 0.928729540000
35 0.928982810000
36 0.928409060000
37 0.927007180000
38 0.925005160000
39 0.922535950000
40 0.919681940000
41 0.922412010000
42 0.924770660000
43 0.924833210000
44 0.923092970000
45 0.920349520000
46 0.923024680000
47 0.925329680000
48 0.925401920000
49 0.927235250000
50 0.928504780000
51 1.249974240000
52 0.928060310000
53 0.926455220000
54 0.924298200000
55 0.921702840000
56 0.910331360000
57 0.922207660000
58 0.920428700000
59 0.923095810000
60 0.925391580000
61 0.927237710000
62 0.928508080000
63 1.173209290000
64 1.173208620000
65 1.173209010000
66 1.173209230000
67 1.173209500000
68 1.173260310000
69 0.928202800000
70 0.926673860000
71 0.924575240000
72 0.922027620000
73 0.919103490000
74 0.915845840000
75 0.918967630000
76 0.921487300000
77 0.921674720000
78 0.923094450000
79 0.925389970000
80 0.927235840000
81 0.928505850000
82 1.047780090000
83 1.047776930000
84 1.047777710000
85 1.048787430000
86 1.014748320000
87 0.980701250000
88 0.946587970000
89 0.913815030000
90 0.925503580000
91 0.846199630000
92 0.834859190000
93 0.781333960000
94 0.746631030000
95 0.713665730000
96 0.700438070000
97 0.674936890000
98 0.674980150000
99 0.669042660000
100 0.659407420000
101 0.647063010000
102 0.623640580000
103 0.555958410000
104 0.627292290000
105 0.499396660000
106 0.409174330000
107 0.419828140000
108 0.382847140000
109 0.326773240000
110 0.242045980000
111 0.166906060000
112 0.104395350000
113 0.050863230000
114 0.004370370000
115 0.000000000000
116 0.000000000000
117 0.000000000000
118 0.000000000000
119 0.000000000000
120 0.000000000000
121 0.000000000000
122 0.000000000000
123 0.000000000000
124 0.000000000000
125 -0.000000000000
126 0.000000000000
127 0.000000000000
128 0.000000000000
129 0.000000000000
130 0.000000000000
131 0.000000000000
132 0.000000000000
133 0.000000000000
134 0.000000000000
135 0.000000000000
136 0.000000000000
137 0.000000000000
138 0.000000000000
139 0.000000000000
140 0.000000000000
141 0.000000000000
142 0.000000000000
143 0.000000000000

[down]
1 0.000000000000
2 0.000000000000
3 0.000000000000
4 0.000000000000
5 0.000000000000
6 0.000000000000
7 0.000000000000
8 0.000000000000
9 0.000000000000
10 0.000000000000
11 0.000000000000
12 0.000000000000
13 -0.000000000000
14 0.000000000000
15 -0.000000000000
16 0.000000000000
17 0.000000000000
18 0.000000000000
19 0.000000000000
20 0.000000000000
21 0.000000000000
22 0.000000000000
23 0.000000000000
24 -0.000000000000
25 -0.000000000000
26 0.000000000000
27 0.000000000000
28 0.000000000000
29 0.000000000000
30 0.000000000000
31 0.000000000000
32 0.000000000000
33 0.000000000000
34 0.000000000000
35 -0.000000000000
36 -0.000000000000
37 0.000000000000
38 0.000000000000
39 0.000000000000
40 0.000000000000
41 0.000000000000
42 0.000000000000
43 0.000000000000
44 0.000000000000
45 0.000000000000
46 0.000000000000
47 0.000000000000
48 0.000000000000
49 0.000000000000
50 0.000000000000
51 -0.000000000000
52 0.000000000000
53 0.000000000000
54 0.000000000000
55 0.000000000000
56 0.000000000000
57 0.000000000000
58 0.000000000000
59 -0.000000000000
60 0.000000000000
61 0.000000000000
62 0.000000000000
63 0.000000000000
64 -0.000000000000
65 0.000000000000
66 -0.000000000000
67 -0.000000000000
68 0.000000000000
69 0.000000000000
70 0.000000000000
71 0.000000000000
72 -0.000000000000
73 0.000000000000
74 0.000000000000
75 0.000000000000
76 0.000000000000
77 0.000000000000
78 0.000000000000
79 0.000000000000
80 0.000000000000
81 0.000000000000
82 0.000000000000
83 -0.000000000000
84 0.000000000000
85 0.000000000000
86 0.000000000000
87 0.000000000000
88 0.000000000000
89 0.000000000000
90 0.000000000000
91 0.000000000000
92 0.000000000000
93 -0.000000000000
94 0.000000000000
95 0.000000000000
96 0.000000000000
97 0.000000000000
98 0.000000000000
99 0.000000000000
100 0.000000000000
101 0.000000000000
102 0.000000000000
103 0.000000000000
104 0.000000000000
105 0.000000000000
106 0.000000000000
107 -0.000000000000
108 0.000000000000
109 0.000000000000
110 0.000000000000
111 0.000000000000
112 0.000000000000
113 0.000000000000
114 0.000000000000
115 0.036989900000
116 0.081371970000
117 0.129107480000
118 0.180276740000
119 0.235110390000
120 0.294087660000
121 0.344106960000
122 0.371877730000
123 0.396655850000
124 0.413504480000
125 0.403679980000
126 0.446860330000
127 0.484928510000
128 0.550267920000
129 0.599782860000
130 0.663662230000
131 0.605966000000
132 0.559253770000
133 0.528958550000
134 0.509013310000
135 0.470663510000
136 0.394957520000
137 0.323607080000
138 0.277380830000
139 0.231150650000
140 0.184920990000
141 0.138691620000
142 0.092462480000
143 0.046233560000

[left]
1 0.000000000000
2 0.000000000000
3 0.000011020000
4 0.000011470000
5 0.000012160000
6 0.000013180000
7 0.000014670000
8 0.000016930000
9 0.000006890000
10 0.015739210000
11 0.035872210000
12 0.061101770000
13 0.079278960000
14 0.060171280000
15 0.038356170000
16 0.030743400000
17 0.010097110000
18 0.073578540000
19 0.200040270000
20 0.348726010000
21 0.527163650000
22 0.689872420000
23 0.813434380000
24 0.614383040000
25 0.503339750000
26 0.470183570000
27 0.501062630000
28 0.514819300000
29 0.400389690000
30 0.278402890000
31 0.146146160000
32 0.000000210000
33 0.000000050000
34 0.099258960000
35 0.018652400000
36 0.147709800000
37 0.271055590000
38 0.382109490000
39 0.483768700000
40 0.578091000000
41 0.487414800000
42 0.392279870000
43 0.389688040000
44 0.462802180000
45 0.557571960000
46 0.465536750000
47 0.366532070000
48 0.362968890000
49 0.255269720000
50 0.135320290000
51 0.000000010000
52 0.186835070000
53 0.306120520000
54 0.414066340000
55 0.513330290000
56 0.500297680000
57 0.492694410000
58 0.555156150000
59 0.462910120000
60 0.363606670000
61 0.255296320000
62 0.135327030000
63 0.000000070000
64 0.000000020000
65 0.000000020000
66 0.000000020000
67 0.000000020000
68 0.000000020000
69 0.171957230000
70 0.292748670000
71 0.401858590000
72 0.502024810000
73 0.595253600000
74 0.683038040000
75 0.598728390000
76 0.509266310000
77 0.513615870000
78 0.462902700000
79 0.363602210000
80 0.255293470000
81 0.135325570000
82 0.000000130000
83 0.000000040000
84 0.000000040000
85 0.000000140000
86 0.000000190000
87 0.000000090000
88 0.000001130000
89 0.000019430000
90 0.159735500000
91 0.000077560000
92 0.080319260000
93 0.011717440000
94 0.002743530000
95 0.003919130000
96 0.024204290000
97 0.031925470000
98 0.000002700000
99 0.035057170000
100 0.066408490000
101 0.094887000000
102 0.119507050000
103 0.131388020000
104 0.174765370000
105 0.139133460000
106 0.113997050000
107 0.116965390000
108 0.106662430000
109 0.091039530000
110 0.055573470000
111 0.030452940000
112 0.014234700000
113 0.004559910000
114 0.000178180000
115 0.000443570000
116 0.005247790000
117 0.014828140000
118 0.029637830000
119 0.050368090000
120 0.078026350000
121 0.087041350000
122 0.077240250000
123 0.063739040000
124 0.045633620000
125 0.022475540000
126 0.000007110000
127 0.000013490000
128 0.086517260000
129 0.123055730000
130 0.035095860000
131 0.000981820000
132 0.000967240000
133 0.051482350000
134 0.133905180000
135 0.158273550000
136 0.069203450000
137 0.000005860000
138 0.000009010000
139 0.000007320000
140 0.000006300000
141 0.000005650000
142 0.000005230000
143 0.000004980000

[right]
1 0.000000000000
2 0.000000000000
3 0.000003440000
4 0.000003550000
5 0.000003750000
6 0.000004030000
7 0.000004470000
8 0.000005120000
9 0.000002070000
10 0.052692580000
11 0.120821860000
12 0.207036770000
13 0.270263560000
14 0.206369160000
15 0.132342480000
16 0.106708950000
17 0.035255530000
18 0.020949180000
19 0.056622010000
20 0.098121820000
21 0.147407000000
22 0.193157200000
23 0.229230870000
24 0.174276680000
25 0.142760690000
26 0.133024570000
27 0.140624530000
28 0.142894450000
29 0.110532180000
30 0.076430130000
31 0.039890060000
32 0.000000060000
33 0.000000170000
34 0.027038390000
35 0.005063910000
36 0.040319540000
37 0.074388650000
38 0.105396340000
39 0.134075790000
40 0.160952400000
41 0.135110340000
42 0.108252820000
43 0.107524560000
44 0.128137010000
45 0.155083010000
46 0.128910800000
47 0.101027070000
48 0.100028570000
49 0.070007190000
50 0.036918060000
51 0.000000050000
52 0.051085470000
53 0.084144040000
54 0.114380570000
55 0.142470810000
56 0.139015700000
57 0.136609580000
58 0.154392760000
59 0.128167440000
60 0.100207230000
61 0.070014540000
62 0.036919890000
63 0.000000020000
64 0.000000080000
65 0.000000080000
66 0.000000080000
67 0.000000080000
68 0.000000080000
69 0.046987220000
70 0.080420110000
71 0.110945210000
72 0.139257220000
73 0.165871540000
74 0.191176440000
75 0.166869010000
76 0.141322380000
77 0.142552460000
78 0.128165370000
79 0.100206010000
80 0.070013770000
81 0.036919500000
82 0.000000030000
83 0.000000150000
84 0.000000150000
85 0.000000040000
86 0.000000050000
87 0.000000330000
88 0.000000310000
89 0.000071470000
90 0.043642790000
91 0.000282460000
92 0.022167890000
93 0.003250390000
94 0.009839770000
95 0.013984030000
96 0.085919070000
97 0.112751990000
98 0.000000760000
99 0.123640040000
100 0.232707880000
101 0.330368640000
102 0.412945450000
103 0.448344710000
104 0.598857810000
105 0.469940140000
106 0.381097000000
107 0.391497880000
108 0.355500800000
109 0.301473910000
110 0.182591410000
111 0.099249640000
112 0.046042020000
113 0.014642160000
114 0.000568120000
115 0.001386060000
116 0.016062200000
117 0.044499250000
118 0.087293020000
119 0.145748950000
120 0.222067990000
121 0.242669290000
122 0.211572120000
123 0.171593650000
124 0.121021620000
125 0.059335110000
126 0.000002770000
127 0.000034080000
128 0.034785320000
129 0.050258970000
130 0.014881830000
131 0.000408590000
132 0.000394890000
133 0.020612610000
134 0.052557430000
135 0.060885360000
136 0.026074190000
137 0.000015900000
138 0.000024970000
139 0.000020730000
140 0.000018250000
141 0.000016750000
142 0.000015880000
143 0.000015480000
