  0.00000000
  0.00000000
  0.00019929
  0.00010302
  0.00007237
  0.00005847
  0.00005177
  0.00004948
  0.00001698
 -0.11235488
 -0.22465045
 -0.33684485
 -0.39106584
 -0.27889245
 -0.16669707
 -0.12446071
 -0.03828680
  0.07431801
  0.18703094
  0.29980785
  0.41276333
  0.52619370
  0.63258729
  0.53708991
  0.45333990
  0.41658545
  0.40805060
  0.37831471
  0.28560988
  0.19167355
  0.09649542
  0.00000012
 -0.00000009
  0.06453104
  0.01180119
  0.09757760
  0.18619693
  0.27118641
  0.35277518
  0.43109687
  0.35577161
  0.27920203
  0.27715506
  0.33568526
  0.41387907
  0.33790563
  0.25898833
  0.25621031
  0.17450415
  0.08903084
 -0.00000002
  0.12499695
  0.21252348
  0.29647309
  0.37708170
  0.37216891
  0.36012871
  0.41185666
  0.33577037
  0.25670636
  0.17452312
  0.08903509
  0.00000003
 -0.00000004
 -0.00000004
 -0.00000004
 -0.00000004
 -0.00000004
  0.11449374
  0.20242695
  0.28677243
  0.36775810
  0.44556420
  0.52032419
  0.44851002
  0.37389285
  0.37732765
  0.33576505
  0.25670346
  0.17452145
  0.08903434
  0.00000007
 -0.00000008
 -0.00000008
  0.00000008
  0.00000011
 -0.00000020
  0.00000069
 -0.00004578
  0.10631737
 -0.00019735
  0.05870962
  0.00899458
 -0.00794087
 -0.01188967
 -0.07699711
 -0.10666003
  0.00000242
 -0.11870455
 -0.23743234
 -0.35621172
 -0.47511080
 -0.59249527
 -0.69999729
 -0.69999814
 -0.69999698
 -0.69999795
 -0.69999834
 -0.69999426
 -0.57500227
 -0.45082094
 -0.32925778
 -0.20958647
 -0.09137598
  0.02562423
  0.14154270
  0.25642110
  0.37022853
  0.48287416
  0.59421870
  0.55340370
  0.44050020
  0.32773942
  0.21511098
  0.10391035
 -0.00001076
  0.00004749
 -0.11147899
 -0.14743075
 -0.03633867
 -0.00109534
 -0.00116925
 -0.06780140
 -0.19193652
 -0.24970595
 -0.12487022
  0.00003320
  0.00006082
  0.00006060
  0.00006670
  0.00008162
  0.00011608
  0.00022630
  0.00000000
