 -2.92292371
 -2.92292371
 -2.92292371
 -2.92292001
 -2.92291618
 -2.92291215
 -2.92290781
 -2.92290300
 -2.92289749
 -2.92289526
 -2.93983736
 -2.97845114
 -3.04422270
 -3.12956065
 -3.19433060
 -3.23561818
 -3.26871119
 -3.27957998
 -3.25702973
 -3.19608031
 -3.09045941
 -2.93178665
 -2.72386716
 -2.47711703
 -2.28952103
 -2.13584967
 -1.99265853
 -1.84128660
 -1.68747127
 -1.56849152
 -1.48622012
 -1.44328142
 -1.44328136
 -1.44328141
 -1.41417657
 -1.40872565
 -1.36532463
 -1.28525074
 -1.17179935
 -1.02747665
 -0.85422326
 -0.70878694
 -0.59226076
 -0.47651850
 -0.33858846
 -0.17165303
 -0.03289006
  0.07585814
  0.18353152
  0.25888910
  0.29862867
  0.29862865
  0.35361839
  0.44419325
  0.56731550
  0.72067482
  0.87031498
  1.01736512
  1.18355754
  1.32152033
  1.42938603
  1.50475152
  1.54449306
  1.54449308
  1.54449306
  1.54449304
  1.54449301
  1.54449299
  1.54449297
  1.59507125
  1.68163756
  1.80106190
  1.95096203
  2.12951052
  2.33529787
  2.51492005
  2.66704318
  2.82049039
  2.95845096
  3.06631534
  3.14168000
  3.18142112
  3.18142116
  3.18142112
  3.18142107
  3.18142111
  3.18142117
  3.18142107
  3.18142140
  3.18140048
  3.22837873
  3.22829524
  3.25215734
  3.25565614
  3.25270294
  3.24848428
  3.22243014
  3.18806473
  3.18806555
  3.15032909
  3.07884525
  2.97670639
  2.84806586
  2.70663635
  2.51851432
  2.36874741
  2.24603799
  2.12013337
  2.00531913
  1.90732179
  1.84750104
  1.81472070
  1.79939810
  1.79448969
  1.79429789
  1.79382963
  1.78840321
  1.77336968
  1.74387880
  1.69463929
  1.61961632
  1.53763345
  1.46615638
  1.40818555
  1.36729987
  1.34725422
  1.34725663
  1.34724511
  1.37647392
  1.41804680
  1.42990351
  1.43023520
  1.43056198
  1.44795466
  1.49319290
  1.54666369
  1.57004323
  1.57003786
  1.57002943
  1.57002242
  1.57001626
  1.57001060
  1.57000523
  1.57000000
