  0.00000000
  0.00000000
  0.03714440
  0.07428543
  0.11142652
  0.14856765
  0.18570882
  0.22285010
  0.26260000
  0.31657627
  0.37503433
  0.43877330
  0.49588354
  0.51455340
  0.53039987
  0.56080295
  0.57791320
  0.62738886
  0.70265168
  0.78474844
  0.87699054
  0.91555997
  0.91006304
  0.81015781
  0.77838396
  0.78467956
  0.84560158
  0.92165446
  0.92460454
  0.92689519
  0.92842077
  1.00015023
  1.03351936
  0.92872954
  0.92898281
  0.92840906
  0.92700718
  0.92500516
  0.92253595
  0.91968194
  0.92241201
  0.92477066
  0.92483321
  0.92309297
  0.92034952
  0.92302468
  0.92532968
  0.92540192
  0.92723525
  0.92850478
  1.24997424
  0.92806031
  0.92645522
  0.92429820
  0.92170284
  0.91033136
  0.92220766
  0.92042870
  0.92309581
  0.92539158
  0.92723771
  0.92850808
  1.17320929
  1.17320862
  1.17320901
  1.17320923
  1.17320950
  1.17326031
  0.92820280
  0.92667386
  0.92457524
  0.92202762
  0.91910349
  0.91584584
  0.91896763
  0.92148730
  0.92167472
  0.92309445
  0.92538997
  0.92723584
  0.92850585
  1.04778009
  1.04777693
  1.04777771
  1.04878743
  1.01474832
  0.98070125
  0.94658797
  0.91381503
  0.92550358
  0.84619963
  0.83485919
  0.78133396
  0.74663103
  0.71366573
  0.70043807
  0.67493689
  0.67498015
  0.66904266
  0.65940742
  0.64706301
  0.62364058
  0.55595841
  0.62729229
  0.49939666
  0.40917433
  0.41982814
  0.38284714
  0.32677324
  0.24204598
  0.16690606
  0.10439535
  0.05086323
  0.00437037
  0.00000000
  0.00000000
  0.00000000
  0.00000000
  0.00000000
  0.00000000
  0.00000000
  0.00000000
  0.00000000
  0.00000000
 -0.00000000
  0.00000000
  0.00000000
  0.00000000
  0.00000000
  0.00000000
  0.00000000
  0.00000000
  0.00000000
  0.00000000
  0.00000000
  0.00000000
  0.00000000
  0.00000000
  0.00000000
  0.00000000
  0.00000000
  0.00000000
  0.00000000
