 19.60268949
 19.60268949
 19.60268949
 19.59463250
 19.57851826
 19.55434648
 19.52211685
 19.48182907
 19.43348274
 19.37651055
 19.31135542
 19.24363082
 19.18262102
 19.14237750
 19.13693467
 19.16280455
 19.21247396
 19.28441696
 19.36773649
 19.44192912
 19.47914497
 19.44210665
 19.29299412
 19.01989554
 18.63136781
 18.15655395
 17.60994113
 16.97105193
 16.22520253
 15.42032818
 14.57241578
 13.68838740
 12.69635747
 11.67122932
 10.77775394
  9.86531055
  8.99018700
  8.15793351
  7.37488678
  6.65248185
  6.00760894
  5.41733518
  4.88820412
  4.43395421
  4.07127848
  3.81880950
  3.68390063
  3.65690501
  3.71920330
  3.87522358
  4.10316049
  4.47091521
  4.72842829
  5.01914375
  5.36554911
  5.78173031
  6.28765410
  6.88478381
  7.53208764
  8.26419562
  9.06063410
  9.90698765
 10.79540272
 11.96820616
 13.14100893
 14.31381210
 15.48661548
 16.65941913
 17.83227357
 18.71161694
 19.55493860
 20.35989627
 21.11748183
 21.81179557
 22.42086053
 22.95965198
 23.41441632
 23.76825311
 24.01779299
 24.16746621
 24.23175895
 24.23168118
 24.18996074
 24.14824038
 24.10652004
 24.06475954
 24.02435437
 23.98530482
 23.94761370
 23.91122801
 23.87619028
 23.80285103
 23.73254090
 23.64669947
 23.56204335
 23.48335986
 23.41129980
 23.35946299
 23.32810659
 23.29870840
 23.29354713
 23.32797346
 23.41006745
 23.53163987
 23.71986415
 23.92738211
 24.13081167
 24.36416644
 24.59668075
 24.80775236
 24.98201477
 25.11229980
 25.19933054
 25.24428104
 25.24836299
 25.21273148
 25.13845534
 25.02648445
 24.87762633
 24.69259247
 24.47222761
 24.20714042
 23.90404743
 23.56490878
 23.19559173
 22.81908804
 22.38334859
 21.91049642
 21.40128263
 20.85194725
 20.20726230
 19.60761608
 19.05418853
 18.54695569
 18.08487953
 17.66681001
 17.29440532
 16.97080349
 16.69343084
 16.46228698
 16.27737197
 16.13868582
 16.04622852
 16.00000000
