Ipopt 3.13.4: option_file_name=../public/solver/ipopt.opt

Using option file "../public/solver/ipopt.opt".


******************************************************************************
This program contains Ipopt, a library for large-scale nonlinear optimization.
 Ipopt is released as open source code under the Eclipse Public License (EPL).
         For more information visit https://github.com/coin-or/Ipopt
******************************************************************************

This is Ipopt version 3.13.4, running with linear solver ma27.

Number of nonzeros in equality constraint Jacobian...:    28508
Number of nonzeros in inequality constraint Jacobian.:    15202
Number of nonzeros in Lagrangian Hessian.............:    15305

Total number of variables............................:    11886
                     variables with only lower bounds:     6670
                variables with lower and upper bounds:     1885
                     variables with only upper bounds:        0
Total number of equality constraints.................:     6525
Total number of inequality constraints...............:     2460
        inequality constraints with only lower bounds:      870
   inequality constraints with lower and upper bounds:        0
        inequality constraints with only upper bounds:     1590

iter    objective    inf_pr   inf_du lg(mu)  ||d||  lg(rg) alpha_du alpha_pr  ls
   0  7.7718888e+00 1.22e+00 1.24e+00   0.0 0.00e+00    -  0.00e+00 0.00e+00   0
   1  7.6757850e+00 1.19e+00 1.95e+01  -0.6 3.83e+00    -  2.26e-02 2.78e-02f  1
   2  7.7189013e+00 1.07e+00 2.00e+01  -1.2 2.57e+00    -  5.05e-02 1.03e-01f  1
   3  7.7902680e+00 9.28e-01 2.36e+01  -1.6 2.06e+00    -  8.26e-02 1.29e-01f  1
   4  7.8052188e+00 7.92e-01 2.01e+01  -1.1 2.01e+00    -  1.00e-01 1.47e-01f  1
   5  7.8167644e+00 6.69e-01 1.70e+01  -1.1 1.77e+00    -  9.07e-02 1.55e-01f  1
   6  7.7952320e+00 6.03e-01 3.72e+01  -0.6 2.21e+00    -  1.94e-01 9.91e-02f  1
   7  7.8297937e+00 4.97e-01 1.18e+02  -0.7 2.61e+00    -  2.45e-01 1.75e-01f  1
   8  7.8760560e+00 4.66e-01 1.03e+02   0.1 1.54e+01    -  6.13e-02 6.20e-02f  1
   9  7.8996243e+00 4.53e-01 5.57e+02   0.1 1.42e+01   0.0 8.26e-02 2.88e-02f  1
iter    objective    inf_pr   inf_du lg(mu)  ||d||  lg(rg) alpha_du alpha_pr  ls
  10  7.9031538e+00 4.50e-01 5.82e+02   0.1 3.85e+00   0.4 9.59e-02 6.14e-03f  1
  11  7.9208908e+00 4.34e-01 1.27e+03   0.1 5.84e+00    -  1.47e-01 3.51e-02f  1
  12  7.9817591e+00 3.80e-01 2.05e+03   0.1 7.59e+00    -  2.17e-01 1.25e-01f  1
  13  8.0209898e+00 3.29e-01 1.82e+02   0.1 8.13e+00    -  4.72e-02 1.33e-01f  1
  14  8.0329128e+00 2.96e-01 3.62e+03   0.1 5.58e+00    -  1.95e-01 1.01e-01f  1
  15  7.9965168e+00 2.92e-01 4.56e+03   0.1 6.44e+00    -  6.73e-02 1.88e-01f  1
  16  7.9300239e+00 2.16e-01 1.16e+03   0.1 4.32e+00    -  1.26e-01 1.02e-01f  1
  17  7.9337027e+00 2.08e-01 7.93e+03   0.1 2.26e+01   0.9 4.85e-03 3.64e-02h  1
  18  7.9394348e+00 1.84e-01 1.23e+04   0.1 1.79e+00   1.3 9.08e-02 1.15e-01h  1
  19  7.8951000e+00 1.74e-01 2.20e+04   0.1 4.09e+00    -  1.34e-01 5.76e-02f  1
iter    objective    inf_pr   inf_du lg(mu)  ||d||  lg(rg) alpha_du alpha_pr  ls
  20  7.8196187e+00 1.52e-01 1.18e+04   0.1 4.21e+00    -  7.13e-02 1.27e-01h  1
  21  7.8190032e+00 1.31e-01 7.28e+04   0.1 1.39e+00   0.8 2.90e-02 1.37e-01h  1
  22  7.8255204e+00 1.17e-01 8.33e+04   0.1 2.63e+00   0.3 8.48e-02 1.07e-01h  1
  23  7.8199396e+00 1.10e-01 9.04e+04   0.1 1.86e+00  -0.2 2.32e-01 5.56e-02h  1
  24  7.8202785e+00 9.72e-02 4.40e+03   0.1 2.08e+00   0.3 5.08e-02 1.19e-01h  1
  25  7.8373517e+00 8.74e-02 8.77e+04   0.1 1.83e+00   0.7 2.85e-02 1.01e-01h  1
  26  7.8373459e+00 8.34e-02 1.32e+04   0.1 2.61e+00   0.2 3.86e-02 4.48e-02h  1
  27  7.8443941e+00 7.74e-02 8.72e+03   0.1 1.21e+00   0.6 3.59e-02 7.24e-02h  1
  28  7.8469425e+00 7.25e-02 1.10e+04  -0.7 2.61e+00   0.2 2.81e-02 6.34e-02h  1
  29  7.8500210e+00 7.00e-02 1.08e+04  -6.0 1.49e+01   0.6 2.06e-02 3.43e-02h  1
iter    objective    inf_pr   inf_du lg(mu)  ||d||  lg(rg) alpha_du alpha_pr  ls
  30  7.8483550e+00 6.43e-02 8.80e+03  -0.6 3.49e+00   1.9 5.86e-02 8.18e-02f  1
  31  7.8689505e+00 5.28e-02 5.91e+03  -0.1 1.27e+00   1.4 2.31e-01 1.79e-01f  1
  32  7.8869420e+00 4.50e-02 5.65e+03  -0.5 1.01e+00   1.0 2.54e-01 1.47e-01f  1
  33  7.8916606e+00 4.32e-02 3.70e+03  -6.1 7.40e-01   0.5 1.84e-01 4.04e-02h  1
  34  7.9109559e+00 3.65e-02 8.47e+03  -6.2 5.06e-01   0.9 1.35e-02 1.56e-01h  1
  35  7.9257270e+00 3.05e-02 3.44e+03  -1.9 3.99e-01   1.3 2.61e-01 1.63e-01h  1
  36  7.9487586e+00 2.52e-02 1.82e+04  -2.4 5.60e-01   0.9 1.10e-01 1.76e-01h  1
  37  7.9486462e+00 2.30e-02 3.67e+04  -0.4 1.40e+00   1.3 5.68e-02 8.47e-02f  1
  38  7.9530997e+00 2.20e-02 2.97e+04  -1.1 4.05e+00   0.8 4.32e-02 4.63e-02h  1
  39  7.9609549e+00 2.08e-02 4.76e+05  -0.0 1.17e+00   1.2 5.81e-01 5.28e-02f  1
iter    objective    inf_pr   inf_du lg(mu)  ||d||  lg(rg) alpha_du alpha_pr  ls
  40  8.0016760e+00 1.29e-02 3.73e+05  -6.1 1.01e+00   0.8 1.46e-01 3.80e-01h  1
  41  8.0071933e+00 2.37e-01 1.82e+05  -1.0 1.75e+00   0.3 4.74e-01 3.24e-01h  1
  42  7.9851464e+00 1.41e-01 8.71e+04  -0.9 7.84e-01  -0.2 5.85e-01 3.36e-01f  1
  43  7.9776725e+00 3.74e-02 4.50e+04  -0.9 3.11e-01   0.2 1.00e+00 6.11e-01f  1
  44  7.9805202e+00 1.71e-04 3.49e+02  -2.8 4.02e-02   0.7 8.60e-01 9.51e-01h  1
  45  7.9608953e+00 9.29e-05 5.81e+00  -2.5 5.32e-02   0.2 1.00e+00 1.00e+00h  1
  46  7.8843473e+00 7.39e-04 9.17e-01  -3.0 1.78e-01  -0.3 1.00e+00 1.00e+00f  1
  47  7.7401330e+00 2.14e-03 2.25e+01  -3.2 4.02e-01  -0.8 9.92e-01 8.86e-01f  1
  48  7.6243654e+00 5.93e-03 8.79e-02  -2.9 4.17e-01  -1.2 1.00e+00 1.00e+00f  1
  49  7.5062160e+00 5.24e-03 4.55e+00  -3.9 7.71e-01  -1.7 4.45e-01 4.35e-01h  1
iter    objective    inf_pr   inf_du lg(mu)  ||d||  lg(rg) alpha_du alpha_pr  ls
  50  7.4253137e+00 7.89e-03 1.02e+03  -2.8 1.14e+00  -2.2 6.59e-01 3.14e-01f  1
  51  7.2981550e+00 1.07e-02 7.87e+02  -3.9 2.22e+00    -  1.36e-01 1.69e-01h  1
  52  7.1629644e+00 6.35e-01 5.58e+02  -8.9 8.95e+00    -  5.30e-02 1.31e-01h  1
  53  7.0619702e+00 4.78e-01 5.07e+02  -3.4 7.81e+00    -  9.27e-02 9.26e-02h  1
  54  7.0680076e+00 4.52e-01 3.69e+03  -2.1 3.83e-01   0.9 1.00e+00 5.49e-02h  1
  55  7.0417839e+00 2.72e-01 1.54e+03  -2.1 3.10e+00    -  5.86e-01 3.88e-01f  1
  56  7.0671815e+00 4.61e-02 1.04e+02  -2.4 2.49e-01   0.5 1.00e+00 9.27e-01h  1
  57  6.9426096e+00 2.98e-02 1.06e+01  -8.4 9.60e-01    -  3.85e-01 3.44e-01h  1
  58  6.8623185e+00 1.60e-02 2.46e+02  -2.6 3.14e+00    -  2.74e-01 1.62e-01f  1
  59  6.8358727e+00 1.78e-05 6.50e-02  -3.2 5.32e-02  -0.0 1.00e+00 1.00e+00h  1
iter    objective    inf_pr   inf_du lg(mu)  ||d||  lg(rg) alpha_du alpha_pr  ls
  60  6.6656621e+00 1.08e-02 2.40e+00  -9.2 3.78e+00    -  1.41e-01 1.26e-01f  1
  61  6.5482935e+00 1.06e-02 3.34e+00  -2.9 5.56e+00    -  1.05e-01 1.15e-01h  1
  62  6.4832145e+00 1.36e-04 4.66e-02  -3.5 1.46e-01  -0.5 1.00e+00 1.00e+00h  1
  63  6.4010608e+00 2.81e-04 1.53e+00  -3.8 2.25e-01  -1.0 9.88e-01 9.68e-01h  1
  64  6.3735716e+00 3.27e-04 2.09e+02  -3.8 2.13e-01  -1.4 9.99e-01 4.95e-01h  1
  65  6.3090358e+00 1.15e-03 1.78e+02  -4.0 4.20e-01  -1.9 1.00e+00 6.20e-01h  1
  66  6.3056688e+00 5.18e-03 7.71e+00  -3.1 5.81e+00  -2.4 1.32e-01 5.43e-02h  1
  67  6.2997328e+00 4.89e-03 2.98e+02  -4.5 3.67e-01  -2.0 6.29e-01 5.56e-02h  1
  68  6.2831030e+00 1.23e-02 2.92e+02  -3.7 8.92e+00  -2.5 2.68e-02 5.84e-02h  1
  69  6.2552451e+00 8.08e-03 1.86e+02  -4.0 3.91e-01  -2.0 1.00e+00 3.15e-01h  1
iter    objective    inf_pr   inf_du lg(mu)  ||d||  lg(rg) alpha_du alpha_pr  ls
  70  6.2128359e+00 5.30e-04 8.37e-02  -4.1 1.72e-01  -1.6 1.00e+00 1.00e+00h  1
  71  6.2026079e+00 3.32e-04 4.17e+02  -3.7 4.31e-01  -2.1 8.94e-01 2.56e-01h  1
  72  6.1926334e+00 9.76e-04 6.21e+02  -3.5 3.69e+00  -2.6 1.43e-01 5.99e-02h  1
  73  6.1899791e+00 5.03e-04 1.49e+02  -4.2 9.29e-03   0.6 1.00e+00 4.85e-01h  1
  74  6.1771897e+00 2.69e-06 3.05e-02  -4.4 2.41e-02   0.1 1.00e+00 1.00e+00h  1
  75  6.1672657e+00 7.21e-06 1.86e+01  -4.5 3.15e-02  -0.4 1.00e+00 9.26e-01h  1
  76  6.1581369e+00 1.97e-05 1.34e+02  -4.6 3.73e-02  -0.9 1.00e+00 8.03e-01h  1
  77  6.1474213e+00 3.12e-05 9.32e+02  -4.9 9.43e-02  -1.3 1.00e+00 5.20e-01h  1
  78  6.1309059e+00 8.78e-05 3.82e+03  -5.2 2.65e-01  -1.8 1.00e+00 3.43e-01h  1
  79  6.1180051e+00 1.61e-04 2.33e+03  -4.1 5.70e-01  -2.3 5.05e-01 1.29e-01h  1
iter    objective    inf_pr   inf_du lg(mu)  ||d||  lg(rg) alpha_du alpha_pr  ls
  80  6.1161906e+00 2.90e-07 1.71e-01  -4.9 2.89e-03   0.9 1.00e+00 1.00e+00h  1
  81  6.1144017e+00 3.64e-07 5.10e-01  -5.4 2.31e-03   1.3 1.00e+00 1.00e+00h  1
  82  6.1129710e+00 4.51e-07 6.55e+02  -5.5 3.78e-03   0.8 1.00e+00 6.64e-01h  1
  83  6.1119321e+00 4.73e-07 3.45e+02  -6.0 6.94e-03   0.3 1.00e+00 3.88e-01h  1
  84  6.1108898e+00 6.65e-07 2.59e+02  -6.5 1.19e-02  -0.2 1.00e+00 3.15e-01h  1
  85  6.1101556e+00 1.23e-06 1.94e+02  -6.7 2.53e-02  -0.6 1.00e+00 1.31e-01h  1
  86  6.1073511e+00 3.28e-05 1.17e+02  -6.3 7.48e-02  -1.1 1.00e+00 2.21e-01h  1
  87  6.1054015e+00 4.83e-05 2.96e+03  -5.5 2.08e-01  -1.6 1.00e+00 6.08e-02h  1
  88  6.0984779e+00 2.46e-04 3.61e+04  -4.5 4.90e-01  -2.1 1.00e+00 9.10e-02f  1
  89  6.0880885e+00 1.90e-03 4.41e+04  -3.5 1.29e+00  -2.5 1.40e-01 1.02e-01f  1
iter    objective    inf_pr   inf_du lg(mu)  ||d||  lg(rg) alpha_du alpha_pr  ls
  90  6.0864453e+00 1.83e-03 2.96e+04  -3.7 1.12e+00  -2.1 3.51e-01 7.12e-02h  1
  91  6.0763745e+00 1.83e-03 2.97e+04  -1.9 1.01e+04    -  1.63e-05 4.79e-06f  2
  92  6.0347918e+00 2.65e-03 5.63e+04  -4.3 1.40e+00  -2.6 1.22e-01 2.18e-01h  1
  93  6.0001075e+00 2.45e-03 2.56e+04  -4.0 4.53e-01  -2.2 7.59e-01 5.51e-01h  1
  94  5.9990575e+00 1.01e-03 1.23e+04  -3.7 1.83e-01  -1.7 9.31e-01 6.51e-01h  1
  95  5.9760206e+00 1.36e-03 7.88e+03  -3.7 8.01e-01  -2.2 5.38e-01 2.60e-01h  1
  96  5.9846422e+00 2.16e-03 1.56e+02  -3.5 1.74e-01  -1.8 1.00e+00 1.00e+00h  1
  97  5.9869313e+00 2.90e-03 1.40e+04  -3.1 4.34e-01  -2.3 6.68e-01 4.99e-01h  1
  98  5.9311026e+00 3.44e-03 1.01e+04  -3.3 2.27e-01  -1.8 5.99e-01 1.00e+00h  1
  99  5.9053736e+00 1.21e-03 8.61e+00  -3.3 1.27e-01  -1.4 1.00e+00 1.00e+00h  1
iter    objective    inf_pr   inf_du lg(mu)  ||d||  lg(rg) alpha_du alpha_pr  ls
 100  5.9715470e+00 3.14e-03 6.85e+04  -2.8 3.17e-01  -1.9 8.56e-01 5.52e-01f  1
 101  5.8935085e+00 4.68e-03 7.02e-01  -2.9 3.74e-01  -1.5 1.00e+00 1.00e+00h  1
 102  5.7537375e+00 1.20e-02 1.04e+03  -3.4 7.72e-01  -1.0 9.94e-01 1.00e+00h  1
 103  5.7067449e+00 1.40e-03 7.39e+03  -3.1 1.91e-01  -0.6 1.00e+00 8.86e-01h  1
 104  5.5381186e+00 6.37e-03 2.35e+04  -9.1 4.81e+00    -  1.96e-02 1.40e-01f  1
 105  5.3856320e+00 1.26e-02 1.80e+04  -3.5 8.06e+00    -  1.68e-01 1.41e-01h  1
 106  5.3780061e+00 1.24e-02 1.53e+02  -9.2 1.64e+00    -  1.56e-01 1.42e-02h  1
 107  5.2568894e+00 1.38e-02 9.88e+03  -2.8 1.34e+01    -  1.52e-01 1.08e-01f  1
 108  5.2489910e+00 1.35e-02 1.17e+04  -9.1 1.33e+00    -  1.67e-01 1.71e-02h  1
 109  5.1458404e+00 1.64e-02 5.30e+02  -2.9 1.16e+01    -  1.85e-01 1.24e-01h  1
iter    objective    inf_pr   inf_du lg(mu)  ||d||  lg(rg) alpha_du alpha_pr  ls
 110  5.2479799e+00 2.93e-02 7.79e+04  -2.3 3.89e+00    -  2.05e-01 1.25e-01f  1
 111  5.1508740e+00 2.25e-02 8.34e+04  -2.9 5.80e+00    -  1.85e-01 2.32e-01h  1
 112  5.1898355e+00 1.46e-02 7.85e+04  -2.5 1.32e+00    -  3.31e-01 3.65e-01h  1
 113  5.1289090e+00 5.50e-04 2.39e+03  -3.1 1.05e-01  -1.1 1.00e+00 1.00e+00h  1
 114  5.2798532e+00 9.19e-03 8.81e+03  -2.4 1.65e+00    -  7.18e-01 3.89e-01f  1
 115  5.2061566e+00 4.92e-03 1.28e+04  -2.6 6.39e-01    -  4.49e-01 6.36e-01h  1
 116  5.2056982e+00 3.55e-03 6.24e+03  -2.6 2.46e-01   0.2 1.99e-02 2.78e-01h  1
 117  5.2056514e+00 3.43e-03 6.03e+03  -2.6 6.22e-02   1.6 3.37e-02 3.51e-02h  1
 118  5.2034616e+00 3.42e-03 6.02e+03  -2.6 2.01e+01    -  4.82e-05 1.36e-03f  2
 119  5.2035341e+00 3.14e-03 5.95e+03  -2.6 1.62e-02   2.9 1.00e+00 8.25e-02h  1
iter    objective    inf_pr   inf_du lg(mu)  ||d||  lg(rg) alpha_du alpha_pr  ls
 120  5.2038983e+00 1.48e-03 7.61e+03  -2.6 1.49e-02   2.4 8.75e-01 5.30e-01h  1
 121  5.2038239e+00 9.29e-05 5.91e+02  -2.6 7.07e-03   1.9 1.00e+00 9.37e-01h  1
 122  5.2009953e+00 1.04e-05 6.61e+02  -3.3 4.07e-03   1.5 1.00e+00 8.88e-01h  1
 123  5.1896801e+00 4.65e-06 4.00e-01  -4.0 1.52e-02   1.0 1.00e+00 1.00e+00h  1
 124  5.1706472e+00 8.29e-06 3.21e+03  -4.3 4.31e-02   0.5 1.00e+00 6.70e-01f  1
 125  5.1494101e+00 1.69e-05 3.00e+03  -4.0 8.74e-02   0.0 1.00e+00 4.33e-01f  1
 126  5.1168776e+00 5.38e-05 1.49e+04  -3.7 1.50e-01  -0.4 1.00e+00 4.37e-01f  1
 127  5.0663392e+00 5.74e-04 1.56e+04  -3.4 2.06e-01  -0.9 1.00e+00 5.79e-01f  1
 128  5.0104583e+00 6.29e-04 8.33e+03  -9.4 3.99e-01  -1.4 4.83e-01 3.42e-01h  1
 129  4.9949547e+00 5.23e-04 6.33e+03  -9.7 1.67e-01  -1.0 1.21e-01 2.11e-01h  1
iter    objective    inf_pr   inf_du lg(mu)  ||d||  lg(rg) alpha_du alpha_pr  ls
 130  4.9837381e+00 6.25e-05 3.17e+02  -9.8 2.15e-02   0.4 2.10e-01 8.87e-01h  1
 131  4.9813663e+00 3.51e-05 1.78e+02  -9.9 8.69e-03   0.8 6.00e-01 4.41e-01h  1
 132  4.9794762e+00 2.95e-05 1.49e+02 -10.3 2.12e-02   0.3 1.83e-01 1.62e-01h  1
 133  4.9711747e+00 2.45e-05 9.66e+01  -5.9 4.42e-02  -0.2 1.54e-01 3.90e-01f  1
 134  4.9642591e+00 2.83e-05 8.97e+01  -5.5 8.23e-02  -0.6 7.32e-01 1.95e-01h  1
 135  4.9562304e+00 3.54e-05 1.78e+02  -5.2 1.72e-01  -1.1 1.00e+00 1.15e-01h  1
 136  4.9337081e+00 1.70e-04 1.13e+02  -5.2 3.87e-01  -1.6 2.97e-01 1.77e-01h  1
 137  4.9033067e+00 6.08e-04 1.99e+02  -4.3 9.61e-01  -2.1 1.00e+00 1.63e-01h  1
 138  4.8710386e+00 1.10e-03 8.44e+01  -3.9 1.83e+00  -2.6 2.99e-01 1.47e-01h  1
 139  4.8578534e+00 9.91e-04 5.31e+01  -3.8 6.64e-01  -2.1 1.97e-01 2.28e-01h  1
iter    objective    inf_pr   inf_du lg(mu)  ||d||  lg(rg) alpha_du alpha_pr  ls
 140  4.8296182e+00 1.21e-03 1.12e+01  -4.2 1.52e+00  -2.6 5.90e-01 1.77e-01h  1
 141  4.8040677e+00 1.13e-03 3.63e+00  -4.4 5.97e-01  -2.2 4.79e-01 3.47e-01h  1
 142  4.7690736e+00 2.98e-03 8.26e+00  -4.5 1.29e+00  -2.7 4.88e-01 2.90e-01h  1
 143  4.7582259e+00 2.52e-03 6.22e+00  -5.3 4.03e-01  -2.2 6.90e-01 1.83e-01h  1
 144  4.7330297e+00 2.85e-03 4.41e+00 -10.7 1.23e+00  -2.7 1.85e-01 2.46e-01h  1
 145  4.7215748e+00 2.10e-03 3.10e+00  -5.2 4.78e-01  -2.3 6.50e-01 2.63e-01h  1
 146  4.7100520e+00 1.82e-03 2.76e+00 -11.0 1.71e+00  -2.8 1.79e-01 1.31e-01h  1
 147  4.7049037e+00 1.51e-03 2.21e+00  -4.8 2.90e-01  -2.3 1.00e+00 1.74e-01h  1
 148  4.7117024e+00 1.97e-03 1.83e+00  -3.7 7.44e-01  -2.8 6.93e-01 1.97e-01h  1
 149  4.7049563e+00 5.14e-03 1.81e+00  -3.9 4.45e+01    -  3.93e-03 6.88e-03h  1
iter    objective    inf_pr   inf_du lg(mu)  ||d||  lg(rg) alpha_du alpha_pr  ls
 150  4.6803301e+00 4.12e-03 1.42e+00  -3.9 1.10e+00    -  2.64e-01 2.13e-01h  1
 151  4.6801555e+00 3.44e-03 5.97e+00  -3.6 7.39e-01    -  8.66e-01 1.77e-01f  1
 152  4.6564409e+00 1.14e-02 1.06e-01  -3.8 6.40e-01    -  8.66e-01 1.00e+00h  1
 153  4.6456273e+00 4.07e-03 3.68e-02  -3.8 3.05e-01    -  7.63e-01 7.76e-01h  1
 154  4.6381830e+00 2.17e-01 1.95e-02  -3.8 7.73e-01    -  1.00e+00 9.98e-01h  1
 155  4.6293897e+00 6.59e-04 1.01e-01  -3.9 5.32e-01    -  9.22e-01 1.00e+00h  1
 156  4.6223704e+00 6.97e-03 4.03e-03  -3.9 4.43e-01    -  1.00e+00 1.00e+00h  1
 157  4.6092604e+00 2.46e-04 2.99e-02  -4.0 1.90e-01    -  9.86e-01 1.00e+00h  1
 158  4.6088016e+00 2.16e-04 8.00e-02  -4.0 2.42e-01    -  4.98e-01 1.25e-01h  4
 159  4.5988403e+00 3.84e-04 1.70e-03  -4.2 1.25e-01  -3.3 1.00e+00 1.00e+00h  1
iter    objective    inf_pr   inf_du lg(mu)  ||d||  lg(rg) alpha_du alpha_pr  ls
 160  4.5897631e+00 3.92e-03 1.97e-01  -5.2 1.19e+00  -3.8 1.63e-01 2.34e-01h  1
 161  4.5975852e+00 2.92e-03 8.39e-02  -4.0 3.13e-01  -3.3 2.79e-01 3.10e-01h  1
 162  4.6190343e+00 1.48e-03 4.74e-01  -3.9 2.42e-01  -2.9 7.61e-01 9.14e-01h  1
 163  4.6066131e+00 3.32e-04 1.59e-03  -4.0 1.04e-01  -3.4 1.00e+00 1.00e+00h  1
 164  4.5880679e+00 1.34e-03 1.74e-01  -4.3 2.85e-01  -3.0 9.05e-01 9.74e-01h  1
 165  4.5918870e+00 1.09e-03 1.46e+00  -4.0 2.58e-01    -  1.00e+00 1.93e-01h  1
 166  4.6146624e+00 1.53e-01 6.09e-01  -3.8 1.46e+00  -3.4 4.53e-01 4.79e-01h  1
 167  4.6135774e+00 1.70e-01 5.61e-01  -4.0 1.21e+01    -  3.73e-02 1.17e-02h  2
 168  4.6085466e+00 1.24e-01 1.62e-01  -4.0 1.44e+00    -  6.35e-01 4.73e-01H  1
 169  4.6066780e+00 1.32e-01 1.43e-01  -4.0 1.54e+00    -  1.06e-01 8.39e-02h  3
iter    objective    inf_pr   inf_du lg(mu)  ||d||  lg(rg) alpha_du alpha_pr  ls
 170  4.6052216e+00 2.29e-03 2.68e-02  -4.0 1.72e-01  -3.0 1.00e+00 5.57e-01h  1
 171  4.6033563e+00 1.19e-04 3.24e-04  -4.0 1.41e-01  -3.5 1.00e+00 1.00e+00f  1
 172  4.5966944e+00 2.44e-01 1.69e-01  -4.0 1.45e+00  -4.0 4.90e-01 1.00e+00H  1
 173  4.5913376e+00 8.53e-04 1.91e-02  -4.1 7.21e-01    -  5.47e-01 5.00e-01h  2
 174  4.5866342e+00 1.91e-04 4.83e-04  -4.1 3.26e-01  -3.5 1.00e+00 1.00e+00h  1
 175  4.5704613e+00 5.13e-01 7.37e-01  -4.2 9.91e-01  -4.0 1.62e-01 8.76e-01H  1
 176  4.5614111e+00 7.78e-04 5.04e-01  -4.4 4.51e-01  -2.7 7.34e-01 1.00e+00h  1
 177  4.5595263e+00 3.33e-04 3.35e-04  -4.4 2.08e-01  -3.2 1.00e+00 1.00e+00h  1
 178  4.5707680e+00 1.14e-03 1.97e-01  -4.1 6.95e-01  -3.6 1.00e+00 7.03e-01h  1
 179  4.5710846e+00 3.55e-02 1.55e-01  -4.2 3.71e+00  -4.1 2.12e-01 2.12e-01H  1
iter    objective    inf_pr   inf_du lg(mu)  ||d||  lg(rg) alpha_du alpha_pr  ls
 180  4.5683772e+00 1.70e-02 1.27e-01  -4.2 1.57e+00    -  1.70e-01 1.95e-01h  1
 181  4.5658064e+00 1.03e-02 1.33e-01  -4.2 2.58e+00  -4.6 6.57e-02 1.08e-01f  1
 182  4.5619120e+00 7.20e-02 1.16e-01  -4.2 2.64e+00  -4.2 2.05e-01 3.72e-01H  1
 183  4.5613755e+00 7.71e-02 7.68e-02  -4.2 2.00e+01  -4.7 1.33e-02 2.38e-03h  1
 184  4.5608140e+00 7.12e-02 7.02e-02  -4.2 4.38e+00  -4.2 8.66e-02 3.68e-02h  1
 185  4.5600978e+00 5.65e-02 7.44e-02  -4.2 1.40e+00  -3.8 3.18e-01 1.63e-01f  1
 186  4.5592860e+00 2.19e-02 3.62e-02  -4.2 4.30e-01  -3.4 6.14e-01 5.01e-01f  1
 187  4.5580686e+00 8.25e-01 4.97e-02  -4.2 1.74e+00  -3.9 3.00e-01 7.11e-01h  1
 188  4.5576714e+00 2.55e-01 1.97e-01  -4.2 1.14e+00    -  3.25e-01 1.00e+00h  1
 189  4.5565706e+00 1.68e-03 1.80e-02  -4.2 5.53e-01  -2.5 1.00e+00 8.92e-01h  1
iter    objective    inf_pr   inf_du lg(mu)  ||d||  lg(rg) alpha_du alpha_pr  ls
 190  4.5563756e+00 1.65e-03 2.30e-02 -10.2 8.46e+01    -  1.76e-03 1.43e-03h  3
 191  4.5454149e+00 4.20e-04 3.62e-03  -4.4 2.39e-01  -3.0 9.96e-01 1.00e+00h  1
 192  4.5445337e+00 6.37e-03 5.64e-02 -10.4 1.02e+01    -  2.53e-02 3.95e-02h  1
 193  4.5386891e+00 2.54e-03 1.34e-03  -4.5 4.59e-01    -  1.00e+00 1.00e+00h  1
 194  4.5328609e+00 7.89e-04 3.93e-02  -4.7 2.49e-01    -  8.24e-01 1.00e+00h  1
 195  4.5282880e+00 1.66e-04 1.00e-03  -5.0 1.26e-01    -  1.00e+00 1.00e+00h  1
 196  4.5257939e+00 5.38e-05 9.31e-04  -5.2 1.71e-01    -  1.00e+00 1.00e+00h  1

Number of Iterations....: 196

                                   (scaled)                 (unscaled)
Objective...............:   4.5257938923633905e+00    4.5257938923633905e+00
Dual infeasibility......:   9.3078745670741015e-04    9.3078745670741015e-04
Constraint violation....:   5.3802301090883682e-05    5.3802301090883682e-05
Complementarity.........:   8.9726035901062052e-06    8.9726035901062052e-06
Overall NLP error.......:   9.3078745670741015e-04    9.3078745670741015e-04


Number of objective function evaluations             = 224
Number of objective gradient evaluations             = 197
Number of equality constraint evaluations            = 224
Number of inequality constraint evaluations          = 224
Number of equality constraint Jacobian evaluations   = 197
Number of inequality constraint Jacobian evaluations = 197
Number of Lagrangian Hessian evaluations             = 196
Total CPU secs in IPOPT (w/o function evaluations)   =      1.452
Total CPU secs in NLP function evaluations           =      0.745

EXIT: Optimal Solution Found.
 
Ipopt 3.13.4: Optimal Solution Found

suffix ipopt_zU_out OUT;
suffix ipopt_zL_out OUT;

"option abs_boundtol 5.016829119658395e-06;"
will change deduced dual values.

sum{i in 1 .. Nfe - 1} dt[i] = 23.3881

tf = 23.3881

