  0.01155356
  0.01155356
  0.00289398
  0.00059067
  0.00011526
  0.00002250
  0.00000444
  0.00000089
  0.00000018
  0.00000003
  0.00000001
  0.00000000
  0.00000000
  0.00000000
  0.00000000
  0.00000000
  0.00000000
  0.00000000
  0.00000000
  0.00000000
  0.00000000
  0.00000000
  0.00000000
  0.00000000
  0.00000000
  0.00000000
  0.00000000
  0.00000000
  0.00000000
  0.00000000
 -0.00000000
 -0.00000000
  0.00000000
  0.00000000
  0.00000000
  0.00000000
  0.00000000
 -0.00000000
 -0.00000000
 -0.00000000
 -0.00000000
 -0.00000000
  0.00000000
  0.00000000
  0.00000000
 -0.00000000
 -0.00000000
 -0.00000000
 -0.00000000
 -0.00000000
 -0.00000000
 -0.00000000
  0.00000000
 -0.00000000
 -0.00000000
  0.00000000
  0.00000000
  0.00000000
  0.00000000
  0.00000000
  0.00000000
 -0.00000000
 -0.00000000
 -0.00000000
 -0.00000000
 -0.00000000
 -0.00000000
 -0.00000000
 -0.00000000
 -0.00000000
 -0.00000000
  0.00000000
 -0.00000000
 -0.00000000
 -0.00000000
  0.00000000
 -0.00000000
 -0.00000000
 -0.00000000
 -0.00000000
 -0.00000000
 -0.00000000
 -0.00000000
 -0.00000000
  0.00000000
  0.00000000
  0.00000000
  0.00000000
  0.00000000
  0.00000000
  0.00000000
  0.00000000
  0.00000000
  0.00000000
  0.00000000
  0.00000000
  0.00000000
  0.00000000
  0.00000000
  0.00000003
  0.00000040
  0.00000210
  0.00001880
  0.00015506
  0.00115451
  0.00699425
  0.02569262
  0.05885645
  0.09754366
  0.13929691
  0.18385824
  0.23141297
  0.28240760
  0.34679757
  0.39032354
  0.44245920
  0.39539508
  0.48264505
  0.50445632
  0.52149328
  0.53619653
  0.57993217
  0.52251462
  0.48266160
  0.44304441
  0.40907820
  0.38706339
  0.36238421
  0.33399896
  0.30181623
  0.26605743
  0.20208982
  0.14354343
  0.09085370
  0.04448565
