  0.00000000
  0.00000000
 -0.04839690
 -0.09754589
 -0.14840213
 -0.20200098
 -0.25951740
 -0.32221501
 -0.39051528
 -0.41215657
 -0.34602663
 -0.28221140
 -0.22378527
 -0.16973520
 -0.11891527
 -0.07031844
 -0.02306279
  0.02384940
  0.07035476
  0.11644921
  0.15030614
  0.11281334
  0.09128775
  0.08462588
  0.08558718
  0.09345121
  0.07642338
  0.09171525
  0.13392204
  0.18210370
  0.23255878
  0.22379313
  0.17643194
  0.14651802
  0.14403628
  0.13011437
  0.08670796
  0.04342755
 -0.00063488
 -0.00309349
 -0.00392311
 -0.00411686
  0.03364930
  0.03502385
  0.02489299
  0.02113107
  0.02489595
  0.04176309
  0.06946439
  0.09482620
  0.12294278
  0.16584069
  0.20851621
  0.17115426
  0.15558703
  0.15967645
  0.18167172
  0.17923381
  0.13890381
  0.09845183
  0.05871045
  0.02239876
  0.00867755
 -0.02332413
  0.00812096
  0.01127853
  0.03351284
  0.07341560
  0.11540464
  0.15801361
  0.20078040
  0.22776213
  0.18750034
  0.16610731
  0.16896798
  0.16849046
  0.12252001
  0.07543367
  0.02873795
 -0.01783215
 -0.06469633
 -0.11265704
 -0.16254306
 -0.21488729
 -0.20549907
 -0.18066462
 -0.17269726
 -0.14341008
 -0.09532749
 -0.04780336
 -0.00083939
  0.04911343
  0.09998108
  0.15286478
  0.20905492
  0.27016072
  0.33556903
  0.42029253
  0.42073684
  0.42069585
  0.37432126
  0.29794858
  0.22824839
  0.16587958
  0.10848087
  0.05419242
  0.00154367
 -0.05204176
 -0.10633183
 -0.16260782
 -0.22227108
 -0.28697249
 -0.35867852
 -0.42049289
 -0.42043134
 -0.41959701
 -0.33872220
 -0.28137989
 -0.21713805
 -0.15759211
 -0.10188077
 -0.04924531
 -0.00674594
 -0.00650744
 -0.00747540
 -0.00159253
  0.05603255
  0.11483163
  0.17631787
  0.24184147
  0.30952923
  0.24318233
  0.17752205
  0.11598262
  0.05730548
