  0.02310491
  0.02310491
  0.02128541
  0.02245813
  0.03330457
  0.05138302
  0.07666535
  0.10982348
  0.10114631
  0.08946376
  0.07471735
  0.05670132
  0.03511616
  0.02310914
  0.02314558
  0.02313231
  0.02312503
  0.02312063
  0.02311772
  0.03828357
  0.11513112
  0.17478085
  0.23923480
  0.31033463
  0.38974950
  0.47984651
  0.58400334
  0.63506012
  0.56276854
  0.48674665
  0.39605638
  0.25337201
  0.19455775
  0.17716823
  0.09935787
  0.02310466
  0.03938175
  0.02310173
  0.02310200
  0.02310187
  0.02310173
  0.02310157
  0.02310140
  0.02310121
  0.02310099
  0.02310340
  0.04053277
  0.06599061
  0.07215691
  0.04325694
  0.02310317
  0.02309807
  0.02309737
  0.02309652
  0.02309546
  0.02310212
  0.03996427
  0.06469676
  0.09111832
  0.11803310
  0.14537564
  0.17322213
  0.20133134
  0.17308709
  0.14523194
  0.11778974
  0.11171163
  0.13953718
  0.16800208
  0.19721268
  0.22734801
  0.25862122
  0.29127210
  0.32820558
  0.26097384
  0.21877725
  0.20101340
  0.20172784
  0.22010797
  0.25973041
  0.23584981
  0.20696660
  0.17847750
  0.15035407
  0.12255870
  0.09506408
  0.06796373
  0.04229968
  0.02379469
  0.02323521
  0.02323995
  0.02316863
  0.02140170
  0.02767879
  0.02777757
  0.02143469
  0.02315196
  0.02318781
  0.02313859
  0.03915902
  0.06439494
  0.09152509
  0.11920262
  0.14736179
  0.17612956
  0.20567440
  0.23619455
  0.26791463
  0.30108649
  0.33598976
  0.33313509
  0.27193632
  0.23983613
  0.22767062
  0.23212914
  0.25035063
  0.21994714
  0.19020226
  0.16163659
  0.13419442
  0.10782158
  0.08249546
  0.05841738
  0.03698281
  0.02310695
  0.02143839
  0.02747884
  0.03475959
  0.04207102
  0.04927431
  0.05637811
  0.06341205
  0.07040855
  0.07740205
  0.07313790
  0.05772681
  0.04675801
  0.04049543
  0.03708501
  0.03568811
  0.03174775
  0.02593464
  0.02155576
  0.02106716
  0.02309981
  0.02310470
  0.12804052
  0.23127953
  0.32332102
  0.38059600
  0.48014585
  0.58238598
  0.43989752
  0.43183751
  0.39896754
  0.33514336
  0.27222189
  0.21020162
  0.11364562
  0.05570301
  0.02818107
  0.02163927
  0.02106382
  0.02310544
  0.02310468
  0.04154492
  0.02310476
  0.06340287
  0.13228501
  0.15175302
  0.08928884
  0.02310469
  0.02310405
  0.02310391
  0.02310423
  0.09641294
  0.02310309
  0.09781683
  0.06083437
  0.02311101
  0.02310815
  0.02310719
  0.02310673
  0.02310645
  0.02310529
  0.02736567
  0.03601826
  0.03916479
  0.02418112
  0.02117439
