  0.00000000
  0.00000000
  0.04211104
  0.08406844
  0.12585793
  0.16745437
  0.20885120
  0.25120986
  0.29315890
  0.33528566
  0.37757028
  0.41994126
  0.46231302
  0.50417727
  0.54627098
  0.58836335
  0.63045548
  0.67254722
  0.71463883
  0.76665480
  0.46394318
  0.48377744
  0.49857678
  0.51390926
  0.53012211
  0.54767664
  0.56715369
  0.60477305
  0.63094995
  0.65564704
  0.66158999
  0.55063140
  0.54547796
  0.68256820
  0.71523636
  0.39679695
  0.40560329
  0.36975830
  0.36975662
  0.36975266
  0.36974842
  0.36974474
  0.36974128
  0.36973726
  0.36973288
  0.41331997
  0.41328058
  0.41322831
  0.43565199
  0.43568469
  0.37957267
  0.37956152
  0.37955778
  0.37955396
  0.37955029
  0.40841520
  0.40839314
  0.40837992
  0.40840261
  0.40849188
  0.40868052
  0.40900224
  0.41075448
  0.41148026
  0.41201664
  0.41239164
  0.41364285
  0.41386521
  0.41421686
  0.41473112
  0.41544804
  0.41640058
  0.41761490
  0.42245718
  0.37540043
  0.34909465
  0.35497542
  0.36332344
  0.37083737
  0.40173794
  0.41034633
  0.41133580
  0.41210071
  0.41267045
  0.41307112
  0.41333167
  0.41348300
  0.41355916
  0.41390393
  0.41395198
  0.41395191
  0.41549117
  0.41547947
  0.41548832
  0.41638094
  0.41645861
  0.41360819
  0.41360505
  0.41379706
  0.41389346
  0.41391527
  0.41398323
  0.41412952
  0.41438295
  0.41477965
  0.41534893
  0.41612515
  0.41713610
  0.41840221
  0.41993675
  0.37794280
  0.32945438
  0.31373993
  0.31580762
  0.32802216
  0.38678452
  0.38344978
  0.37908993
  0.37451874
  0.36977186
  0.36488606
  0.35989437
  0.35482669
  0.34971111
  0.37931831
  0.37304769
  0.36678309
  0.36053721
  0.35431851
  0.34813514
  0.34198493
  0.33586909
  0.32978168
  0.32372332
  0.32152206
  0.27700884
  0.24192934
  0.22758885
  0.23213262
  0.26106081
  0.27720304
  0.27144039
  0.26564064
  0.25982269
  0.25691178
  0.64594508
  0.60692791
  0.56695524
  0.52611818
  0.45543988
  0.44802894
  0.42710457
  0.32569662
  0.31986664
  0.29598306
  0.24910056
  0.20220079
  0.15528098
  0.10451958
  0.05935304
  0.01792506
 -0.02104469
 -0.05817275
 -0.09094560
 -0.13206533
 -0.16997077
 -0.23117690
 -0.27754164
 -0.31982796
 -0.37100516
 -0.41787894
 -0.37809450
 -0.40911574
 -0.44013750
 -0.49705231
 -0.53237728
 -0.55530641
 -0.51823681
 -0.48134740
 -0.44778411
 -0.40920364
 -0.37062214
 -0.33204030
 -0.29345830
 -0.27984495
 -0.23415409
 -0.18737766
 -0.14050210
 -0.09362529
 -0.04666913
