  0.01155245
  0.01155245
  0.04587313
  0.09393172
  0.14827510
  0.20861396
  0.27613691
  0.35276012
  0.38574244
  0.41579680
  0.44284295
  0.46659660
  0.48663089
  0.50422233
  0.54630864
  0.58838697
  0.63047237
  0.67256020
  0.71464927
  0.77364156
  0.49509330
  0.53271706
  0.56668379
  0.60307150
  0.64269957
  0.68669481
  0.73658173
  0.78824836
  0.79250437
  0.79439732
  0.77375856
  0.62238538
  0.59982354
  0.73072858
  0.74063841
  0.39679716
  0.41340531
  0.36976104
  0.36975913
  0.36975528
  0.36975117
  0.36974762
  0.36974430
  0.36974045
  0.36973625
  0.41332126
  0.42148228
  0.42965714
  0.45391403
  0.44479908
  0.37957416
  0.37956738
  0.37956423
  0.37956113
  0.37955837
  0.40841758
  0.41639982
  0.42442083
  0.43253189
  0.44079572
  0.44927975
  0.45804720
  0.46831091
  0.46046508
  0.45255091
  0.44460176
  0.44400328
  0.45266128
  0.46163916
  0.47100307
  0.48084633
  0.49126518
  0.50235684
  0.51831505
  0.45147013
  0.41256022
  0.41294616
  0.42143549
  0.43448974
  0.47711302
  0.47837593
  0.47059583
  0.46271520
  0.45475355
  0.44672402
  0.43864114
  0.43052005
  0.42237785
  0.41451099
  0.41408074
  0.41409375
  0.41554890
  0.42366514
  0.43189978
  0.43290080
  0.42470755
  0.41365067
  0.41368604
  0.41383758
  0.42160487
  0.42984865
  0.43821487
  0.44675922
  0.45554766
  0.46466108
  0.47417980
  0.48419716
  0.49480767
  0.50610653
  0.51819003
  0.47598094
  0.40945130
  0.38405159
  0.38235020
  0.39580482
  0.45948285
  0.44692578
  0.43354344
  0.42029845
  0.40720887
  0.39429292
  0.38156376
  0.36903050
  0.35669971
  0.37932008
  0.38125731
  0.38296292
  0.38447976
  0.38584976
  0.38711488
  0.38830625
  0.38945918
  0.39060175
  0.39177027
  0.38516256
  0.32472390
  0.27830780
  0.25748794
  0.25849375
  0.28596890
  0.29798037
  0.28584973
  0.27398483
  0.26238221
  0.25691630
  0.64594524
  0.64119412
  0.63198976
  0.61897959
  0.56657945
  0.58931274
  0.59978179
  0.45737491
  0.44918791
  0.41564828
  0.34981129
  0.28395014
  0.21806271
  0.13708927
  0.07386353
  0.02666546
  0.00460464
  0.00052725
  0.00007096
  0.00000603
  0.00000065
  0.00000002
  0.00000000
  0.00000000
  0.00000000
  0.00000000
  0.00000000
  0.00000000
  0.00000000
  0.00000000
  0.00000000
  0.00000000
  0.00000000
  0.00000000
  0.00000000
  0.00000000
  0.00000000
  0.00000000
  0.00000000
  0.00000000
  0.00000001
  0.00000025
  0.00000432
  0.00006785
  0.00104290
