 22.93583535
 22.93583535
 22.93583535
 22.93681441
 22.93897971
 22.94349817
 22.95341394
 22.97470542
 23.01775332
 23.09820404
 23.22083366
 23.38788012
 23.59882985
 23.85021002
 24.13498302
 24.44351043
 24.77579206
 25.13183267
 25.51163421
 25.91519781
 26.34812846
 26.60732410
 26.86444135
 27.10755933
 27.32571926
 27.50527615
 27.62921448
 27.67649712
 27.62032079
 27.44344381
 27.15682716
 26.78492704
 26.42442182
 26.03749851
 25.52688667
 24.96870835
 24.65258762
 24.32945152
 24.03306569
 23.73668183
 23.44030172
 23.14392561
 22.84755308
 22.55118400
 22.25481883
 21.95845791
 21.62716047
 21.29589494
 20.96257249
 20.60680751
 20.24629693
 19.93020724
 19.61412717
 19.29805150
 18.98198042
 18.66591398
 18.32581252
 17.98572998
 17.64378449
 17.29813709
 16.94705510
 16.58898104
 16.22261082
 15.84582682
 15.45923731
 15.06544961
 14.66653423
 14.26311554
 13.85679027
 13.44727195
 13.03466962
 12.61960110
 12.20333452
 11.78794824
 11.37322395
 11.01365862
 10.68827956
 10.36663692
 10.04730683
  9.73267045
  9.40665490
  9.09348541
  8.79916838
  8.52262566
  8.26220898
  8.01583216
  7.78107893
  7.55529262
  7.33564865
  7.11905273
  6.90265506
  6.68630481
  6.46920253
  6.25212764
  6.03203523
  5.80546493
  5.57287333
  5.33893420
  5.10501189
  4.87100943
  4.63696659
  4.40566124
  4.18004763
  3.96318981
  3.75832159
  3.56890117
  3.39866781
  3.25168280
  3.13235968
  3.04546812
  2.99609791
  2.99024352
  3.01874920
  3.07181673
  3.14786742
  3.24871930
  3.39330788
  3.56314546
  3.75314167
  3.95891798
  4.17658287
  4.40270847
  4.63428684
  4.86867658
  5.10354625
  5.36033952
  5.61288817
  5.85887821
  6.09613793
  6.32257985
  6.53615700
  6.73482546
  6.91652809
  7.07918488
  7.22070420
  7.34042840
  7.42631949
  7.48981377
  7.54118163
  7.58650773
  7.63043369
  7.66997076
  7.70286253
  7.73109023
  7.75645313
  7.78085014
  7.84218760
  7.89981998
  7.97376352
  8.07753366
  8.21006580
  8.38908166
  8.61530588
  8.83445770
  9.08002000
  9.33066121
  9.55643825
  9.74764471
  9.89824611
 10.00106336
 10.05977761
 10.07754595
 10.05667662
  9.99900668
  9.90888625
  9.77801918
  9.60959060
  9.38022385
  9.10485541
  8.78688362
  8.41671087
  7.99891245
  7.62082619
  7.21171936
  6.77159144
  6.27454994
  5.74218425
  5.18722330
  4.66930886
  4.18895977
  3.74264286
  3.33478025
  2.96537281
  2.63442083
  2.34192444
  2.06299680
  1.82961026
  1.64264476
  1.50226936
  1.40865440
  1.36198547
