  0.00659914
  0.23709726
  0.23674219
  0.23684103
  0.23735391
  0.23660325
  0.23645525
  0.23643577
  0.23652092
  0.23703576
  0.23653878
  0.23646906
  0.23653944
  0.23662413
  0.23668637
  0.23672214
  0.23672954
  0.23670214
  0.23662639
  0.23647415
  0.23617719
  0.23577908
  0.23423161
  0.22609390
  0.20759964
  0.19082595
  0.17636234
  0.16376082
  0.15262405
  0.14266477
  0.13375401
  0.13108316
  0.12874770
  0.12603999
  0.13384702
  0.14697647
  0.15612729
  0.16633602
  0.17784695
  0.19099954
  0.20626103
  0.11284361
  0.11273992
  0.11314360
  0.11310558
  0.11300206
  0.11282608
  0.11228750
  0.10922211
  0.10101363
  0.09725349
  0.09902235
  0.10504709
  0.10981693
  0.11093336
  0.11091474
  0.11531591
  0.11376705
  0.11517019
  0.11628846
  0.10463157
  0.10387904
  0.10364474
  0.12003142
  0.11926706
  0.11885467
  0.12897130
  0.12919958
  0.10092292
  0.10017710
  0.10001448
  0.09986458
  0.09972059
  0.09958195
  0.09944817
  0.09931877
  0.09919325
  0.09907107
  0.09895167
  0.09883442
  0.09871861
  0.09860342
  0.09848789
  0.09837082
  0.09825070
  0.09812552
  0.09799245
  0.09784724
  0.09768331
  0.09749210
  0.09727836
  0.09723721
  0.09926403
  0.09824999
  0.09811971
  0.09818518
  0.09834229
  0.09855910
  0.09876299
  0.09893359
  0.09908167
  0.09921782
  0.09939934
  0.19414832
  0.19229596
  0.19056787
  0.18879954
  0.18690460
  0.18482158
  0.18251083
  0.18014358
  0.18669170
  0.18616768
  0.18584770
  0.19632314
  0.19666344
  0.19720748
  0.19584720
  0.19294929
  0.19906292
  0.20038206
  0.15625871
  0.15592191
  0.15591300
  0.15582910
  0.16214915
  0.16201970
  0.16199737
  0.16208682
  0.16359352
  0.16311434
  0.16309969
  0.16338083
  0.16380981
  0.16429345
  0.16463494
  0.16479027
  0.16484533
  0.16484197
  0.16479768
  0.16472098
  0.16461714
  0.16449051
  0.16434578
  0.16418889
  0.16402746
  0.16387154
  0.16373763
  0.16365896
  0.16366790
  0.16374937
  0.16388705
  0.16408490
  0.16436904
  0.16490559
