  0.01155245
  0.01155245
  0.04335473
  0.08421806
  0.12643264
  0.16811224
  0.20993270
  0.25181027
  0.29380568
  0.33645428
  0.37775892
  0.41955458
  0.46158372
  0.50367747
  0.54576074
  0.58780700
  0.62979167
  0.67167532
  0.71339113
  0.75481314
  0.79565482
  0.83596460
  0.87176437
  0.88103747
  0.84398827
  0.80529262
  0.76924381
  0.73563811
  0.70398494
  0.67390364
  0.64545801
  0.64453826
  0.64165880
  0.62826260
  0.66356758
  0.71650009
  0.74528203
  0.77554018
  0.80784305
  0.84281708
  0.88123683
  0.46493764
  0.45520337
  0.44747146
  0.43790504
  0.42808171
  0.41800107
  0.40663908
  0.38646095
  0.34924656
  0.32897336
  0.32782623
  0.34006341
  0.34694533
  0.34142412
  0.33222274
  0.33589590
  0.32162285
  0.31583776
  0.30893198
  0.26890089
  0.25887477
  0.25027357
  0.28057699
  0.26811537
  0.25661608
  0.26702373
  0.25505820
  0.18950141
  0.18056172
  0.17279667
  0.16508840
  0.15742239
  0.14979614
  0.14220752
  0.13465465
  0.12713596
  0.11965026
  0.11219680
  0.10477553
  0.09738729
  0.09003427
  0.08272065
  0.07545350
  0.06824422
  0.06111051
  0.05407913
  0.04718949
  0.04049797
  0.03408249
  0.02804714
  0.02253431
  0.01774754
  0.01328745
  0.00971634
  0.00690998
  0.00478928
  0.00324646
  0.00216270
  0.00142254
  0.00092712
  0.00060017
  0.00038581
  0.00000458
  0.00000093
  0.00000020
  0.00000004
  0.00000001
  0.00000000
  0.00000000
  0.00000000
  0.00000000
  0.00000000
  0.00000000
  0.00000000
  0.00000000
  0.00000000
  0.00000000
  0.00000000
  0.00000000
 -0.00000000
  0.00000000
  0.00000000
  0.00000000
  0.00000000
  0.00000000
  0.00000000
  0.00000000
  0.00000000
  0.00000000
  0.00000000
  0.00000000
  0.00000000
  0.00000000
  0.00000000
  0.00000000
  0.00000000
  0.00000000
  0.00000000
  0.00000000
  0.00000000
  0.00000000
  0.00000000
  0.00000001
  0.00000003
  0.00000009
  0.00000032
  0.00000107
  0.00000359
  0.00001194
  0.00003963
  0.00013130
  0.00043300
  0.00140365
  0.00430405
