  0.00000000
  0.00000000
 -0.00000000
  0.00194781
  0.00769960
  0.01194342
  0.00902072
 -0.00030718
 -0.01364810
 -0.02831554
 -0.03726538
 -0.02924437
 -0.01543896
 -0.00317511
  0.00709267
  0.01612179
  0.02449450
  0.03262599
  0.04089833
  0.04979230
  0.06014168
  0.07373230
  0.09055905
  0.07630513
  0.03808129
 -0.04359994
 -0.16454582
 -0.32057011
 -0.50843549
 -0.72566174
 -0.97028006
 -1.24041530
 -1.51138515
 -1.78104803
 -2.01950767
 -2.24034582
 -2.44587171
 -2.62480424
 -2.77512483
 -2.89426825
 -2.97884581
 -3.02426548
 -3.02420230
 -3.02113431
 -3.01096558
 -2.99044641
 -2.95940359
 -2.91814809
 -2.86744978
 -2.81046574
 -2.76219807
 -2.72194421
 -2.68631276
 -2.65396170
 -2.62788257
 -2.61029808
 -2.60123478
 -2.60004818
 -2.60768113
 -2.62308026
 -2.63109060
 -2.63062455
 -2.62966421
 -2.62881181
 -2.62858123
 -2.63625943
 -2.65102519
 -2.66773752
 -2.67566870
 -2.67552855
 -2.67504775
 -2.67458408
 -2.67413880
 -2.67370977
 -2.67329516
 -2.67289335
 -2.67250296
 -2.67212275
 -2.67175165
 -2.67138869
 -2.67103299
 -2.67068376
 -2.67034029
 -2.67000189
 -2.66966794
 -2.66933783
 -2.66901093
 -2.66868660
 -2.66836399
 -2.66804193
 -2.66772012
 -2.66740892
 -2.66715918
 -2.66707894
 -2.66712279
 -2.66702473
 -2.66676225
 -2.66643422
 -2.66610138
 -2.66577437
 -2.66544926
 -2.66512311
 -2.66479503
 -2.66447518
 -2.66444956
 -2.67235242
 -2.69078887
 -2.72248654
 -2.77037093
 -2.83765128
 -2.92792515
 -3.04539865
 -3.18874525
 -3.34260498
 -3.50704450
 -3.68668379
 -3.84316097
 -3.97651988
 -4.08508558
 -4.16782158
 -4.22725911
 -4.25833447
 -4.25812665
 -4.25286200
 -4.24708493
 -4.24120899
 -4.23507315
 -4.22823007
 -4.22036682
 -4.21165844
 -4.20675732
 -4.21935239
 -4.24302839
 -4.26932521
 -4.29397725
 -4.31667658
 -4.33812358
 -4.35889005
 -4.37937504
 -4.39991329
 -4.42085956
 -4.44262040
 -4.46561700
 -4.49018109
 -4.51642992
 -4.54418314
 -4.57293788
 -4.60186940
 -4.62981888
 -4.65526968
 -4.67653054
 -4.69253484
 -4.70330337
 -4.70957552
 -4.71244531
 -4.71318531
