  0.01155245
  0.01155245
  0.04528172
  0.08974679
  0.13050697
  0.17091804
  0.21888749
  0.26461755
  0.30788642
  0.34504613
  0.38545909
  0.43280777
  0.47335702
  0.51353454
  0.55442869
  0.59584480
  0.63759791
  0.67961677
  0.72192934
  0.76474854
  0.80870182
  0.85211829
  0.88544814
  0.91773236
  0.92240225
  0.92140066
  0.91902712
  0.91598888
  0.91252214
  0.90873723
  0.90478784
  0.90466931
  0.90053517
  0.85718385
  0.87557221
  0.91380494
  0.91705725
  0.91984796
  0.92222074
  0.92401153
  0.92483972
  0.46499830
  0.45814864
  0.45723345
  0.45760344
  0.45788282
  0.45760635
  0.45530945
  0.44116564
  0.39558352
  0.36761706
  0.36203241
  0.37112042
  0.37198128
  0.35830522
  0.34092351
  0.33703503
  0.32895049
  0.33062093
  0.31662191
  0.26934830
  0.25979669
  0.25109187
  0.28079835
  0.27548643
  0.27079122
  0.28306757
  0.26267213
  0.18963596
  0.18102329
  0.17324180
  0.16551587
  0.15783426
  0.15019418
  0.14259326
  0.13502944
  0.12750098
  0.12000655
  0.11254531
  0.10511710
  0.09772271
  0.09036428
  0.08304597
  0.07577487
  0.06856244
  0.06142656
  0.05439435
  0.04750598
  0.04081932
  0.03441387
  0.02838748
  0.02284224
  0.01787529
  0.01345668
  0.00995078
  0.00706682
  0.00487155
  0.00328696
  0.00218331
  0.00143356
  0.00093320
  0.00060360
  0.00038771
  0.00000459
  0.00000097
  0.00000021
  0.00000005
  0.00000001
  0.00000000
  0.00000000
  0.00000000
  0.00000000
  0.00000000
  0.00000000
  0.00000000
  0.00000000
  0.00000000
  0.00000000
  0.00000000
  0.00000000
 -0.00000000
  0.00000000
  0.00000000
  0.00000000
  0.00000000
  0.00000000
  0.00000000
  0.00000000
  0.00000000
  0.00000000
  0.00000000
  0.00000000
  0.00000000
  0.00000000
  0.00000000
  0.00000000
  0.00000000
  0.00000000
  0.00000000
  0.00000000
  0.00000000
  0.00000000
  0.00000000
  0.00000001
  0.00000003
  0.00000011
  0.00000037
  0.00000125
  0.00000421
  0.00001396
  0.00004568
  0.00014813
  0.00047600
  0.00149906
  0.00445419
