  0.00000000
  0.00000000
  0.17770456
  0.35513789
  0.53263998
  0.71052089
  0.88783245
  1.06502608
  1.24219743
  1.41942412
  1.59702740
  1.77424726
  1.95140274
  2.12859722
  2.30583932
  2.48310958
  2.66038481
  2.83763948
  3.01484180
  3.19194781
  3.36888930
  3.54554182
  3.72180491
  3.89677679
  4.06546113
  4.22003716
  4.36172385
  4.49214953
  4.61254279
  4.72368629
  4.82570956
  4.91701791
  4.98384657
  4.98462920
  4.95765498
  4.87493045
  4.77355386
  4.66249085
  4.54234988
  4.41266546
  4.27243489
  4.12019501
  4.03764130
  3.95489852
  3.87164801
  3.78826411
  3.70482600
  3.62140962
  3.53830356
  3.45742017
  3.38263700
  3.31062788
  3.23724870
  3.15930606
  3.07774144
  2.99529843
  2.91283220
  2.82702988
  2.74235677
  2.65660047
  2.56997870
  2.49207904
  2.41472514
  2.33752962
  2.24802543
  2.15907455
  2.07041212
  1.97414119
  1.87768265
  1.80242175
  1.72771128
  1.65311426
  1.57862155
  1.50422906
  1.42993314
  1.35573043
  1.28161795
  1.20759308
  1.13365357
  1.05979758
  0.98602374
  0.91233120
  0.83871970
  0.76518971
  0.69174257
  0.61838078
  0.54510830
  0.47193127
  0.39885896
  0.32590561
  0.25309192
  0.18043503
  0.10780568
  0.03365254
 -0.03974474
 -0.11304941
 -0.18640804
 -0.25988892
 -0.33353646
 -0.40734072
 -0.48127654
 -0.55532687
 -0.62948265
 -0.70377777
 -0.84914010
 -0.99311531
 -1.13579345
 -1.27714124
 -1.41706041
 -1.55540609
 -1.69200281
 -1.82680206
 -1.96648335
 -2.10573685
 -2.24470783
 -2.39148009
 -2.53844249
 -2.68573301
 -2.83190321
 -2.97576936
 -3.12401611
 -3.27291719
 -3.38827586
 -3.50249800
 -3.61418633
 -3.66494929
 -3.54893099
 -3.43017886
 -3.31051545
 -3.19032331
 -3.06872262
 -2.94729666
 -2.82575019
 -2.70389425
 -2.58163972
 -2.45896084
 -2.33597543
 -2.21283160
 -2.08961113
 -1.96636300
 -1.84312203
 -1.71991587
 -1.59676764
 -1.47369673
 -1.35071862
 -1.22784409
 -1.10507790
 -0.98241714
 -0.85984632
 -0.73732489
 -0.61478794
 -0.49218173
 -0.36946475
 -0.24659239
 -0.12350043
  0.00000000
