1 1 1 16.870415647922
1 1 2 0.348410757946
1 2 1 16.870415647922
1 2 2 22.683374083130
1 3 1 20.244498777506
1 3 2 22.683374083130
1 4 1 20.281173594132
1 4 2 0.275061124694
2 1 1 29.926650366748
2 1 2 17.292176039120
2 2 1 28.973105134474
2 2 2 19.052567237164
2 3 1 26.185819070905
2 3 2 17.878973105134
2 4 1 29.339853300733
2 4 2 13.074572127139
3 1 1 11.767554479419
3 1 2 9.570217917676
3 2 1 8.934624697337
3 2 2 7.282082324455
3 3 1 13.619854721550
3 3 2 5.248184019370
3 4 1 13.619854721550
3 4 2 5.248184019370
4 1 1 3.849878934625
4 1 2 19.848668280872
4 2 1 1.815980629540
4 2 2 15.127118644068
4 3 1 5.992736077482
4 3 2 12.947941888620
4 4 1 7.481840193705
4 4 2 17.197336561743
5 1 1 13.401937046005
5 1 2 24.243341404358
5 2 1 11.731234866828
5 2 2 21.519370460048
5 3 1 16.089588377724
5 3 2 18.504842615012
5 4 1 16.852300242131
5 4 2 22.572639225182
