task_id 18

[x]
1 26.694915250000
2 26.694915250000
3 26.694915250000
4 26.694707400000
5 26.694274460000
6 26.693512460000
7 26.692159240000
8 26.689727560000
9 26.685440170000
10 26.678487110000
11 26.668393050000
12 26.654935480000
13 26.638181540000
14 26.619561260000
15 26.599449590000
16 26.577586450000
17 26.554329010000
18 26.527726920000
19 26.495249880000
20 26.453734450000
21 26.399419030000
22 26.328184620000
23 26.236421690000
24 26.121865210000
25 25.982851030000
26 25.817303910000
27 25.621746070000
28 25.391048270000
29 25.119017970000
30 24.797686540000
31 24.421148770000
32 23.994796140000
33 23.531318500000
34 23.052857410000
35 22.538104360000
36 21.974909890000
37 21.502963830000
38 21.021294230000
39 20.530055480000
40 20.029090470000
41 19.517458570000
42 18.990156020000
43 18.453625270000
44 17.910408790000
45 17.364237680000
46 16.820937490000
47 16.289366250000
48 15.782830600000
49 15.322962410000
50 14.996341890000
51 14.781380050000
52 14.620842370000
53 14.501420180000
54 14.423882680000
55 14.404774530000
56 14.447443680000
57 14.539543370000
58 14.667686020000
59 14.819834670000
60 14.985813870000
61 15.119179970000
62 15.248437080000
63 15.377239380000
64 15.507147920000
65 15.638096900000
66 15.769501180000
67 15.901033470000
68 16.084639420000
69 16.261973710000
70 16.426556560000
71 16.572630500000
72 16.695112790000
73 16.789510860000
74 16.851902620000
75 16.878994360000
76 16.868255480000
77 16.818098590000
78 16.725387610000
79 16.591378990000
80 16.424568130000
81 16.233257490000
82 16.049762330000
83 15.848730180000
84 15.636179200000
85 15.424161320000
86 15.218822950000
87 15.023868660000
88 14.841769080000
89 14.671809800000
90 14.518257450000
91 14.381817530000
92 14.262187440000
93 14.158921860000
94 14.071579100000
95 13.999775330000
96 13.943201270000
97 13.901620460000
98 13.874852650000
99 13.863673340000
100 13.865522590000
101 13.880136330000
102 13.907308600000
103 13.946838250000
104 13.998504520000
105 14.062048070000
106 14.137150570000
107 14.223409710000
108 14.320310290000
109 14.427226610000
110 14.545969970000
111 14.673880810000
112 14.813465420000
113 14.960326550000
114 15.113355260000
115 15.271616750000
116 15.434343840000
117 15.600979540000
118 15.771227270000
119 15.945105950000
120 16.123009940000
121 16.305792150000
122 16.496211880000
123 16.683098770000
124 16.862189550000
125 17.035027680000
126 17.202828360000
127 17.366390570000
128 17.526122610000
129 17.682097390000
130 17.834142610000
131 17.990871850000
132 18.222895880000
133 18.451906950000
134 18.647383100000
135 18.802817810000
136 18.914346950000
137 18.980534780000
138 19.000967360000
139 18.975706010000
140 18.905229230000
141 18.790912900000
142 18.635785050000
143 18.443580040000
144 18.257775740000
145 18.118009050000
146 18.024800160000
147 17.978208230000

[y]
1 28.928571430000
2 28.928571430000
3 28.928571430000
4 28.911735420000
5 28.878260620000
6 28.828302510000
7 28.762012790000
8 28.679482840000
9 28.580227680000
10 28.464303330000
11 28.331663210000
12 28.182153890000
13 28.015294540000
14 27.839653060000
15 27.649002970000
16 27.436245590000
17 27.208195220000
18 26.964743890000
19 26.706112290000
20 26.432736750000
21 26.145284360000
22 25.844663070000
23 25.532208010000
24 25.209368420000
25 24.877556250000
26 24.538521970000
27 24.195170650000
28 23.852153500000
29 23.516331380000
30 23.195606570000
31 22.901516300000
32 22.640337280000
33 22.415642460000
34 22.229147790000
35 22.062644950000
36 21.905988960000
37 21.786194340000
38 21.663779740000
39 21.538212490000
40 21.409340740000
41 21.276783190000
42 21.138962240000
43 20.992368660000
44 20.827542050000
45 20.633867230000
46 20.399960340000
47 20.114139520000
48 19.765547810000
49 19.348648190000
50 18.941370830000
51 18.568135490000
52 18.176434150000
53 17.742140080000
54 17.235839700000
55 16.677369060000
56 16.119278480000
57 15.575213410000
58 15.049339700000
59 14.541334650000
60 14.048198510000
61 13.672361120000
62 13.307799900000
63 12.952585670000
64 12.605848080000
65 12.267027080000
66 11.935595820000
67 11.610294750000
68 11.162126510000
69 10.729543950000
70 10.308645760000
71 9.896926440000
72 9.492958670000
73 9.096416720000
74 8.708130740000
75 8.330124410000
76 7.965602500000
77 7.618766180000
78 7.285043240000
79 6.981247560000
80 6.711978060000
81 6.478969650000
82 6.305639640000
83 6.152402310000
84 6.023402810000
85 5.923240920000
86 5.849887600000
87 5.799745640000
88 5.768974150000
89 5.753631000000
90 5.750758370000
91 5.755863930000
92 5.765481650000
93 5.777112660000
94 5.788997580000
95 5.799937130000
96 5.809154040000
97 5.816184300000
98 5.820789410000
99 5.822722950000
100 5.822403180000
101 5.819875060000
102 5.815145990000
103 5.808151960000
104 5.798719940000
105 5.786529660000
106 5.771075310000
107 5.751627580000
108 5.727195850000
109 5.696480130000
110 5.656967050000
111 5.606858670000
112 5.542701850000
113 5.463643200000
114 5.368971070000
115 5.258221250000
116 5.131166500000
117 4.987811720000
118 4.828389840000
119 4.653356210000
120 4.463379920000
121 4.259312670000
122 4.040596110000
123 3.823658960000
124 3.617648060000
125 3.424201050000
126 3.244461410000
127 3.079278410000
128 2.929261500000
129 2.794792470000
130 2.676006510000
131 2.566544290000
132 2.425026490000
133 2.315894090000
134 2.247203350000
135 2.207390340000
136 2.184935120000
137 2.173497470000
138 2.170205740000
139 2.174220320000
140 2.185493270000
141 2.203588200000
142 2.226577940000
143 2.250472390000
144 2.265678740000
145 2.270017580000
146 2.270357680000
147 2.269975790000

[theta]
1 -1.583141380000
2 -1.583141380000
3 -1.583141380000
4 -1.583729040000
5 -1.586047830000
6 -1.591207200000
7 -1.600252110000
8 -1.613965140000
9 -1.630703790000
10 -1.646751080000
11 -1.660565980000
12 -1.670868460000
13 -1.676414870000
14 -1.675897530000
15 -1.673197800000
16 -1.672428740000
17 -1.679635180000
18 -1.695715050000
19 -1.721507080000
20 -1.757549000000
21 -1.803462340000
22 -1.856448240000
23 -1.911776650000
24 -1.967535210000
25 -2.025032290000
26 -2.088529740000
27 -2.162864190000
28 -2.251631020000
29 -2.357139290000
30 -2.478521390000
31 -2.591967780000
32 -2.690177340000
33 -2.769927320000
34 -2.828752820000
35 -2.870294600000
36 -2.893011390000
37 -2.892715260000
38 -2.891337690000
39 -2.889804930000
40 -2.888079200000
41 -2.885941890000
42 -2.874877350000
43 -2.846994590000
44 -2.800821510000
45 -2.735047490000
46 -2.648249050000
47 -2.538838200000
48 -2.405163520000
49 -2.246731570000
50 -2.093337400000
51 -1.959761500000
52 -1.839141680000
53 -1.722759070000
54 -1.604998390000
55 -1.494489360000
56 -1.403105610000
57 -1.331778950000
58 -1.279796450000
59 -1.246127810000
60 -1.229807290000
61 -1.230069520000
62 -1.222937350000
63 -1.212324620000
64 -1.201995940000
65 -1.193332670000
66 -1.186554380000
67 -1.181967650000
68 -1.181743090000
69 -1.198044350000
70 -1.229856990000
71 -1.276405350000
72 -1.337091350000
73 -1.411472820000
74 -1.499249600000
75 -1.600250480000
76 -1.714416670000
77 -1.841782070000
78 -1.986223500000
79 -2.125414560000
80 -2.258228010000
81 -2.384659390000
82 -2.490291750000
83 -2.596101220000
84 -2.700243690000
85 -2.798484140000
86 -2.889844780000
87 -2.974187190000
88 -3.051558960000
89 -3.122884610000
90 -3.178992680000
91 -3.221813280000
92 -3.253749750000
93 -3.276831940000
94 -3.292781090000
95 -3.303089150000
96 -3.309080890000
97 -3.311961130000
98 -3.312851920000
99 -3.312824400000
100 -3.312890750000
101 -3.313904130000
102 -3.316708790000
103 -3.322157960000
104 -3.331128310000
105 -3.344533730000
106 -3.363339150000
107 -3.388574150000
108 -3.421343490000
109 -3.462823370000
110 -3.514958420000
111 -3.572419670000
112 -3.635422950000
113 -3.695614020000
114 -3.752175160000
115 -3.804504090000
116 -3.852027610000
117 -3.894162550000
118 -3.930299630000
119 -3.959793870000
120 -3.981956090000
121 -3.996042630000
122 -4.001267960000
123 -3.996781100000
124 -3.983196040000
125 -3.961329990000
126 -3.931921000000
127 -3.895636540000
128 -3.853081220000
129 -3.804798230000
130 -3.751254820000
131 -3.689279670000
132 -3.586294870000
133 -3.479516070000
134 -3.392341490000
135 -3.340275900000
136 -3.312708730000
137 -3.301322030000
138 -3.299196510000
139 -3.300201770000
140 -3.298578430000
141 -3.288720450000
142 -3.265275580000
143 -3.223251370000
144 -3.172626160000
145 -3.145241430000
146 -3.133396190000
147 -3.130482000000

[v]
1 0.000000000000
2 0.000000000000
3 0.112545100000
4 0.224534990000
5 0.336138860000
6 0.447394210000
7 0.558312150000
8 0.668987120000
9 0.780119810000
10 0.891515290000
11 1.003162080000
12 1.115123150000
13 1.227634470000
14 1.335254470000
15 1.442640140000
16 1.553526330000
17 1.663878720000
18 1.773942000000
19 1.883807890000
20 1.993542240000
21 2.103232560000
22 2.213017560000
23 2.322981120000
24 2.433160720000
25 2.543610380000
26 2.654391710000
27 2.765544690000
28 2.877126740000
29 2.989225680000
30 3.102533910000
31 3.217379280000
32 3.333222310000
33 3.448342210000
34 3.559187070000
35 3.672263130000
36 3.790620110000
37 3.885829980000
38 3.980507090000
39 4.074655990000
40 4.168308120000
41 4.261621820000
42 4.355463420000
43 4.448776750000
44 4.541474450000
45 4.633350780000
46 4.723866230000
47 4.811420220000
48 4.887590640000
49 4.825813390000
50 4.756784930000
51 4.697249270000
52 4.636142030000
53 4.568432020000
54 4.488396770000
55 4.398236020000
56 4.305442050000
57 4.211578580000
58 4.117163770000
59 4.022315260000
60 3.926874540000
61 3.852167850000
62 3.778223100000
63 3.704496840000
64 3.630735950000
65 3.556837480000
66 3.482736150000
67 3.408196180000
68 3.302573390000
69 3.197295260000
70 3.092121530000
71 2.986945330000
72 2.881690680000
73 2.776295340000
74 2.670709200000
75 2.564896740000
76 2.458836500000
77 2.352482880000
78 2.242562890000
79 2.131989190000
80 2.021005470000
81 1.909543140000
82 1.810806090000
83 1.706496850000
84 1.597590280000
85 1.487859050000
86 1.378280560000
87 1.269063020000
88 1.160226820000
89 1.050210420000
90 0.940820350000
91 0.832258250000
92 0.724380270000
93 0.617059320000
94 0.510192230000
95 0.403691230000
96 0.297471020000
97 0.191421570000
98 0.085280890000
99 -0.014212560000
100 -0.112957820000
101 -0.211133720000
102 -0.308803130000
103 -0.405986180000
104 -0.502681490000
105 -0.598873540000
106 -0.694536210000
107 -0.789635770000
108 -0.884137750000
109 -0.978050180000
110 -1.073515880000
111 -1.168932920000
112 -1.266863580000
113 -1.364876500000
114 -1.462913690000
115 -1.560953840000
116 -1.658964770000
117 -1.756883870000
118 -1.854588890000
119 -1.951824850000
120 -2.047941280000
121 -2.140241200000
122 -2.097301910000
123 -2.001968300000
124 -1.903487660000
125 -1.803878310000
126 -1.703634310000
127 -1.602911730000
128 -1.501737520000
129 -1.400057570000
130 -1.297721550000
131 -1.188115870000
132 -1.017072300000
133 -0.830309380000
134 -0.643375560000
135 -0.456518490000
136 -0.269787880000
137 -0.083234420000
138 0.103068550000
139 0.288991020000
140 0.473973260000
141 0.656775110000
142 0.835221770000
143 0.747152270000
144 0.560534260000
145 0.373714580000
146 0.186855040000
147 0.000000000000

[a]
1 0.000000000000
2 0.748612550000
3 0.748571330000
4 0.748529480000
5 0.748485070000
6 0.748437410000
7 0.748387410000
8 0.748344710000
9 0.748297700000
10 0.748249080000
11 0.748199870000
12 0.748152710000
13 0.748011240000
14 0.747946030000
15 0.747945270000
16 0.747864230000
17 0.747781240000
18 0.747693080000
19 0.747598720000
20 0.747497990000
21 0.747391290000
22 0.747276260000
23 0.747150200000
24 0.747011600000
25 0.746858450000
26 0.746687280000
27 0.746494450000
28 0.746274890000
29 0.746039620000
30 0.745771540000
31 0.745435280000
32 0.744983500000
33 0.744331720000
34 0.743900120000
35 0.743509800000
36 0.741209970000
37 0.740266880000
38 0.739123950000
39 0.737711820000
40 0.735935380000
41 0.733771660000
42 0.730717550000
43 0.726460090000
44 0.720032050000
45 0.709011880000
46 0.685277480000
47 0.596009620000
48 -0.486449420000
49 -0.638073920000
50 -0.657511900000
51 -0.678054940000
52 -0.696944040000
53 -0.713849240000
54 -0.724193750000
55 -0.729169250000
56 -0.732367130000
57 -0.734646670000
58 -0.736388810000
59 -0.737802470000
60 -0.735619810000
61 -0.736426310000
62 -0.737218140000
63 -0.737958580000
64 -0.738635790000
65 -0.739255010000
66 -0.739849460000
67 -0.743275550000
68 -0.743687400000
69 -0.744075170000
70 -0.744436460000
71 -0.744774440000
72 -0.745092450000
73 -0.745393350000
74 -0.745679380000
75 -0.745952430000
76 -0.746215460000
77 -0.746579680000
78 -0.746813570000
79 -0.747014830000
80 -0.747196880000
81 -0.746957670000
82 -0.747243770000
83 -0.747484320000
84 -0.747618460000
85 -0.747719900000
86 -0.747807520000
87 -0.747886530000
88 -0.747988240000
89 -0.748037770000
90 -0.748068340000
91 -0.748088660000
92 -0.748100120000
93 -0.748103430000
94 -0.748098990000
95 -0.748087120000
96 -0.748068280000
97 -0.748044970000
98 -0.747880150000
99 -0.747820210000
100 -0.747752600000
101 -0.747673320000
102 -0.747579300000
103 -0.747467110000
104 -0.747332410000
105 -0.747169370000
106 -0.746969970000
107 -0.746722970000
108 -0.746413410000
109 -0.746098260000
110 -0.745634450000
111 -0.745166660000
112 -0.744470020000
113 -0.743604680000
114 -0.742501500000
115 -0.741041450000
116 -0.739009180000
117 -0.735972900000
118 -0.730921430000
119 -0.720797080000
120 -0.689977890000
121 0.316912360000
122 0.698281770000
123 0.722252600000
124 0.730902590000
125 0.735392640000
126 0.738165020000
127 0.740067020000
128 0.741472290000
129 0.742575190000
130 0.744036820000
131 0.747745360000
132 0.748769480000
133 0.749118820000
134 0.749251190000
135 0.749301570000
136 0.749304050000
137 0.749265380000
138 0.749178640000
139 0.749001190000
140 0.748604720000
141 0.747339220000
142 -0.379780150000
143 -0.747923740000
144 -0.748879520000
145 -0.749195390000
146 -0.749349370000
147 0.000000000000

[phy]
1 0.000000000000
2 0.000000000000
3 -0.069691460000
4 -0.137651770000
5 -0.203660630000
6 -0.266350920000
7 -0.320705200000
8 -0.325020860000
9 -0.269631440000
10 -0.204793930000
11 -0.136409950000
12 -0.066051140000
13 0.005857870000
14 0.028157580000
15 0.007191510000
16 -0.062791690000
17 -0.130570490000
18 -0.195371430000
19 -0.255015910000
20 -0.304155770000
21 -0.330435020000
22 -0.327560870000
23 -0.314719100000
24 -0.309381010000
25 -0.324682990000
26 -0.359863310000
27 -0.405650180000
28 -0.454214940000
29 -0.491036410000
30 -0.443361670000
31 -0.374323330000
32 -0.300300300000
33 -0.225219030000
34 -0.152380200000
35 -0.077564640000
36 0.001216360000
37 0.005543720000
38 0.006045890000
39 0.006672290000
40 0.008087700000
41 0.040580230000
42 0.099928190000
43 0.161262470000
44 0.223222160000
45 0.285463940000
46 0.347822860000
47 0.410133110000
48 0.471999690000
49 0.531281490000
50 0.555180420000
51 0.517971810000
52 0.476981860000
53 0.430990480000
54 0.376642580000
55 0.315619170000
56 0.252982500000
57 0.189768060000
58 0.126303700000
59 0.062650640000
60 -0.001315100000
61 0.036861420000
62 0.056116020000
63 0.055731430000
64 0.047662970000
65 0.038005220000
66 0.026137700000
67 0.000927310000
68 -0.069622970000
69 -0.139867070000
70 -0.209963360000
71 -0.279974750000
72 -0.349935760000
73 -0.419858230000
74 -0.489717770000
75 -0.559407500000
76 -0.628544980000
77 -0.695234270000
78 -0.697728230000
79 -0.697841570000
80 -0.697917860000
81 -0.696885690000
82 -0.697008040000
83 -0.697323550000
84 -0.697441810000
85 -0.697482940000
86 -0.697477100000
87 -0.697427040000
88 -0.696269290000
89 -0.631018550000
90 -0.560214290000
91 -0.489078750000
92 -0.418052050000
93 -0.347214400000
94 -0.276569050000
95 -0.206095360000
96 -0.135758760000
97 -0.065499590000
98 0.004850930000
99 0.070591590000
100 0.135817480000
101 0.200642500000
102 0.265095440000
103 0.329170190000
104 0.392836050000
105 0.456033310000
106 0.518652000000
107 0.580461350000
108 0.640787830000
109 0.694658000000
110 0.696639250000
111 0.686961380000
112 0.625187900000
113 0.561219660000
114 0.496535650000
115 0.431454740000
116 0.366090160000
117 0.300492440000
118 0.234686970000
119 0.168684370000
120 0.102478300000
121 0.036022870000
122 -0.031329220000
123 -0.099207190000
124 -0.167010860000
125 -0.234789530000
126 -0.302590410000
127 -0.370463520000
128 -0.438467880000
129 -0.506682590000
130 -0.575233180000
131 -0.648515210000
132 -0.699727570000
133 -0.699525700000
134 -0.575660810000
135 -0.451271420000
136 -0.326884160000
137 -0.202585640000
138 -0.078440440000
139 0.045457630000
140 0.168728020000
141 0.290538660000
142 0.409422580000
143 0.497541560000
144 0.373308900000
145 0.248893730000
146 0.124443530000
147 0.000000000000

[w]
1 0.000000000000
2 -0.463564410000
3 -0.454265420000
4 -0.442722790000
5 -0.421757200000
6 -0.366764700000
7 -0.029182570000
8 0.372980970000
9 0.435545110000
10 0.458304750000
11 0.470185300000
12 0.478164530000
13 0.154993760000
14 -0.146029600000
15 -0.472047980000
16 -0.459340670000
17 -0.440264250000
18 -0.405910870000
19 -0.334780300000
20 -0.179083150000
21 0.019566590000
22 0.087268440000
23 0.036198670000
24 -0.103492930000
25 -0.237176440000
26 -0.307580400000
27 -0.324902860000
28 -0.245131090000
29 0.313898260000
30 0.448314430000
31 0.476328870000
32 0.485878670000
33 0.489118300000
34 0.492193540000
35 0.494896430000
36 0.033688540000
37 0.003926400000
38 0.004917640000
39 0.011149520000
40 0.256257450000
41 0.464056960000
42 0.480296180000
43 0.485570260000
44 0.487787000000
45 0.488460660000
46 0.487697340000
47 0.484093440000
48 0.466794500000
49 0.220912060000
50 -0.410929070000
51 -0.454830120000
52 -0.473392440000
53 -0.484738970000
54 -0.490155320000
55 -0.492195070000
56 -0.493228890000
57 -0.493819630000
58 -0.494192250000
59 -0.494485870000
60 0.375915970000
61 0.191757870000
62 -0.003848310000
63 -0.080723640000
64 -0.096530870000
65 -0.118391310000
66 -0.250225520000
67 -0.496467720000
68 -0.496206130000
69 -0.495912040000
70 -0.495540190000
71 -0.495039110000
72 -0.494317010000
73 -0.493178530000
74 -0.491115530000
75 -0.486261760000
76 -0.468009800000
77 -0.016700530000
78 -0.000765670000
79 -0.000513470000
80 0.006918930000
81 -0.000925040000
82 -0.002260210000
83 -0.000811720000
84 -0.000280220000
85 0.000039910000
86 0.000342740000
87 0.007954780000
88 0.443631680000
89 0.484177910000
90 0.490173290000
91 0.492540480000
92 0.493786640000
93 0.494539760000
94 0.495030960000
95 0.495366230000
96 0.495605180000
97 0.495807590000
98 0.494164520000
99 0.493970480000
100 0.493736970000
101 0.493396480000
102 0.492894120000
103 0.492145260000
104 0.490990230000
105 0.489080700000
106 0.485488280000
107 0.476679530000
108 0.428157710000
109 0.015482950000
110 -0.075618780000
111 -0.470041670000
112 -0.485879010000
113 -0.490623310000
114 -0.492886570000
115 -0.494208790000
116 -0.495075130000
117 -0.495686340000
118 -0.496140700000
119 -0.496493010000
120 -0.496780170000
121 -0.497077730000
122 -0.497179770000
123 -0.497269050000
124 -0.497338870000
125 -0.497389040000
126 -0.497421290000
127 -0.497436920000
128 -0.497436480000
129 -0.497419780000
130 -0.497460850000
131 -0.223883070000
132 0.000809360000
133 0.496376300000
134 0.498771060000
135 0.499133860000
136 0.499253050000
137 0.499281910000
138 0.499249970000
139 0.499127210000
140 0.498835330000
141 0.497888930000
142 0.379993510000
143 -0.497897060000
144 -0.498726730000
145 -0.498971110000
146 -0.499058980000
147 0.000000000000

[dt]
1 0.006847540000
2 0.150338250000
3 0.149604840000
4 0.149097490000
5 0.148640710000
6 0.148199350000
7 0.147884590000
8 0.148504680000
9 0.148865190000
10 0.149210730000
11 0.149640590000
12 0.150385510000
13 0.143874840000
14 0.143574090000
15 0.148254410000
16 0.147556720000
17 0.147186470000
18 0.146939830000
19 0.146782420000
20 0.146743300000
21 0.146890930000
22 0.147152490000
23 0.147466460000
24 0.147855350000
25 0.148329760000
26 0.148861480000
27 0.149474730000
28 0.150211330000
29 0.151879640000
30 0.153995370000
31 0.155403200000
32 0.154526780000
33 0.148918630000
34 0.152004350000
35 0.159186850000
36 0.128451950000
37 0.127895930000
38 0.127379040000
39 0.126949470000
40 0.126796050000
41 0.127889370000
42 0.127700960000
43 0.127601910000
44 0.127600320000
45 0.127664180000
46 0.127764160000
47 0.127798830000
48 0.126997650000
49 0.108182550000
50 0.090547000000
51 0.090121470000
52 0.097152830000
53 0.112117900000
54 0.124498100000
55 0.127259840000
56 0.128164510000
57 0.128517300000
58 0.128802210000
59 0.129358090000
60 0.101556120000
61 0.100410240000
62 0.100006030000
63 0.099952610000
64 0.100047240000
65 0.100237850000
66 0.100750180000
67 0.142104500000
68 0.141562350000
69 0.141348270000
70 0.141282980000
71 0.141324210000
72 0.141452700000
73 0.141651580000
74 0.141900760000
75 0.142180980000
76 0.142524020000
77 0.147231440000
78 0.148060650000
79 0.148569630000
80 0.149173980000
81 0.132185620000
82 0.139591970000
83 0.145697460000
84 0.146774380000
85 0.146550190000
86 0.146050330000
87 0.145525020000
88 0.147083060000
89 0.146236030000
90 0.145123230000
91 0.144204810000
92 0.143458010000
93 0.142850680000
94 0.142362190000
95 0.141989090000
96 0.141764390000
97 0.141890780000
98 0.133033950000
99 0.132044120000
100 0.131294630000
101 0.130631140000
102 0.129996980000
103 0.129363970000
104 0.128713880000
105 0.128033440000
106 0.127313760000
107 0.126555610000
108 0.125818260000
109 0.127953260000
110 0.127967580000
111 0.131421150000
112 0.131654630000
113 0.131840470000
114 0.132040350000
115 0.132261060000
116 0.132500530000
117 0.132756280000
118 0.133032030000
119 0.133347430000
120 0.133772300000
121 0.135496110000
122 0.136526010000
123 0.136352080000
124 0.136282660000
125 0.136313580000
126 0.136449950000
127 0.136709530000
128 0.137132500000
129 0.137812340000
130 0.147312170000
131 0.228745740000
132 0.249426460000
133 0.249538280000
134 0.249391760000
135 0.249206210000
136 0.248968970000
137 0.248647500000
138 0.248168420000
139 0.246971890000
140 0.244190080000
141 0.238775990000
142 0.231895960000
143 0.249514760000
144 0.249465600000
145 0.249413630000
146 0.249356370000

[s]
1 0.000000000000
2 0.000000000000
3 0.016837290000
4 0.033477600000
5 0.049963920000
6 0.066303530000
7 0.082565770000
8 0.099347720000
9 0.116132680000
10 0.133023640000
11 0.150113760000
12 0.167698360000
13 0.176625720000
14 0.191707940000
15 0.213877770000
16 0.229233250000
17 0.244900430000
18 0.260662730000
19 0.276509880000
20 0.292538960000
21 0.308945780000
22 0.325651040000
23 0.342561810000
24 0.359755830000
25 0.377293110000
26 0.395136670000
27 0.413379040000
28 0.432177030000
29 0.454002520000
30 0.477775850000
31 0.499991050000
32 0.515072110000
33 0.513522410000
34 0.541011920000
35 0.584576000000
36 0.486912550000
37 0.496981820000
38 0.507033170000
39 0.517275430000
40 0.528525020000
41 0.545016130000
42 0.556196830000
43 0.567672400000
44 0.579493580000
45 0.591512900000
46 0.603540800000
47 0.614893890000
48 0.620712480000
49 0.522068760000
50 0.430712420000
51 0.423322820000
52 0.450414070000
53 0.512202840000
54 0.558796920000
55 0.559718870000
56 0.551804910000
57 0.541260770000
58 0.530299830000
59 0.520319070000
60 0.398798220000
61 0.386797180000
62 0.377845180000
63 0.370274190000
64 0.363245210000
65 0.356529810000
66 0.350886380000
67 0.484319480000
68 0.467519640000
69 0.451931840000
70 0.436863940000
71 0.422127600000
72 0.407622930000
73 0.393266740000
74 0.378975900000
75 0.364679870000
76 0.350443670000
77 0.346360460000
78 0.332034850000
79 0.316748410000
80 0.301481020000
81 0.252413600000
82 0.252773930000
83 0.248632110000
84 0.234485160000
85 0.218045870000
86 0.201298200000
87 0.184680310000
88 0.170649680000
89 0.153578580000
90 0.136534870000
91 0.120015620000
92 0.103918130000
93 0.088147330000
94 0.072632070000
95 0.057319740000
96 0.042170790000
97 0.027160950000
98 0.011345250000
99 -0.001876690000
100 -0.014830750000
101 -0.027580630000
102 -0.040143460000
103 -0.052519970000
104 -0.064702070000
105 -0.076675820000
106 -0.088423990000
107 -0.099932810000
108 -0.111240640000
109 -0.125144630000
110 -0.137375150000
111 -0.153622410000
112 -0.166788350000
113 -0.179945830000
114 -0.193163500000
115 -0.206453250000
116 -0.219813540000
117 -0.233237180000
118 -0.246719540000
119 -0.260270620000
120 -0.273957600000
121 -0.289994130000
122 -0.286336220000
123 -0.272972520000
124 -0.259412340000
125 -0.245893080000
126 -0.232460790000
127 -0.219133290000
128 -0.205937010000
129 -0.192945200000
130 -0.191170170000
131 -0.271776450000
132 -0.253684750000
133 -0.207193970000
134 -0.160452560000
135 -0.113767240000
136 -0.067168810000
137 -0.020696030000
138 0.025578360000
139 0.071372660000
140 0.115739570000
141 0.156822130000
142 0.193684560000
143 0.186425520000
144 0.139834020000
145 0.093209510000
146 0.046593490000

[splus]
1 0.000000000000
2 0.000000000000
3 0.016837290000
4 0.033477600000
5 0.049963920000
6 0.066303530000
7 0.082565770000
8 0.099347720000
9 0.116132680000
10 0.133023640000
11 0.150113760000
12 0.167698360000
13 0.176625720000
14 0.191707940000
15 0.213877770000
16 0.229233250000
17 0.244900430000
18 0.260662730000
19 0.276509880000
20 0.292538960000
21 0.308945780000
22 0.325651040000
23 0.342561810000
24 0.359755830000
25 0.377293110000
26 0.395136670000
27 0.413379040000
28 0.432177030000
29 0.454002520000
30 0.477775850000
31 0.499991050000
32 0.515072110000
33 0.513522410000
34 0.541011920000
35 0.584576000000
36 0.486912550000
37 0.496981820000
38 0.507033170000
39 0.517275430000
40 0.528525020000
41 0.545016130000
42 0.556196830000
43 0.567672400000
44 0.579493580000
45 0.591512900000
46 0.603540800000
47 0.614893890000
48 0.620712480000
49 0.522068760000
50 0.430712420000
51 0.423322820000
52 0.450414070000
53 0.512202840000
54 0.558796920000
55 0.559718870000
56 0.551804910000
57 0.541260770000
58 0.530299830000
59 0.520319070000
60 0.398798220000
61 0.386797180000
62 0.377845180000
63 0.370274190000
64 0.363245210000
65 0.356529810000
66 0.350886380000
67 0.484319480000
68 0.467519640000
69 0.451931840000
70 0.436863940000
71 0.422127600000
72 0.407622930000
73 0.393266740000
74 0.378975900000
75 0.364679870000
76 0.350443670000
77 0.346360460000
78 0.332034850000
79 0.316748410000
80 0.301481020000
81 0.252413600000
82 0.252773930000
83 0.248632110000
84 0.234485160000
85 0.218045870000
86 0.201298200000
87 0.184680310000
88 0.170649680000
89 0.153578580000
90 0.136534870000
91 0.120015620000
92 0.103918130000
93 0.088147330000
94 0.072632070000
95 0.057319740000
96 0.042170790000
97 0.027160950000
98 0.011345250000
99 0.000000000000
100 0.000000000000
101 0.000000000000
102 0.000000000000
103 0.000000000000
104 0.000000000000
105 0.000000000000
106 0.000000000000
107 0.000000000000
108 0.000000000000
109 0.000000000000
110 0.000000000000
111 0.000000000000
112 0.000000000000
113 0.000000000000
114 0.000000000000
115 0.000000000000
116 0.000000000000
117 0.000000000000
118 0.000000000000
119 0.000000000000
120 0.000000000000
121 0.000000000000
122 0.000000000000
123 0.000000000000
124 0.000000000000
125 0.000000000000
126 0.000000000000
127 0.000000000000
128 0.000000000000
129 0.000000000000
130 0.000000000000
131 0.000000000000
132 0.000000000000
133 0.000000000000
134 0.000000000000
135 0.000000000000
136 0.000000000000
137 0.000000000000
138 0.025578360000
139 0.071372660000
140 0.115739570000
141 0.156822130000
142 0.193684560000
143 0.186425520000
144 0.139834020000
145 0.093209510000
146 0.046593490000

[sminus]
1 0.000000000000
2 0.000000000000
3 0.000000000000
4 0.000000000000
5 0.000000000000
6 0.000000000000
7 0.000000000000
8 0.000000000000
9 0.000000000000
10 0.000000000000
11 0.000000000000
12 0.000000000000
13 0.000000000000
14 0.000000000000
15 0.000000000000
16 0.000000000000
17 0.000000000000
18 0.000000000000
19 0.000000000000
20 0.000000000000
21 0.000000000000
22 0.000000000000
23 0.000000000000
24 0.000000000000
25 0.000000000000
26 0.000000000000
27 0.000000000000
28 0.000000000000
29 0.000000000000
30 0.000000000000
31 0.000000000000
32 0.000000000000
33 0.000000000000
34 0.000000000000
35 0.000000000000
36 0.000000000000
37 0.000000000000
38 0.000000000000
39 0.000000000000
40 0.000000000000
41 0.000000000000
42 0.000000000000
43 0.000000000000
44 0.000000000000
45 0.000000000000
46 0.000000000000
47 0.000000000000
48 0.000000000000
49 0.000000000000
50 0.000000000000
51 0.000000000000
52 0.000000000000
53 0.000000000000
54 0.000000000000
55 0.000000000000
56 0.000000000000
57 0.000000000000
58 0.000000000000
59 0.000000000000
60 0.000000000000
61 0.000000000000
62 0.000000000000
63 0.000000000000
64 0.000000000000
65 0.000000000000
66 0.000000000000
67 0.000000000000
68 0.000000000000
69 0.000000000000
70 0.000000000000
71 0.000000000000
72 0.000000000000
73 0.000000000000
74 0.000000000000
75 0.000000000000
76 0.000000000000
77 0.000000000000
78 0.000000000000
79 0.000000000000
80 0.000000000000
81 0.000000000000
82 0.000000000000
83 0.000000000000
84 0.000000000000
85 0.000000000000
86 0.000000000000
87 0.000000000000
88 0.000000000000
89 0.000000000000
90 0.000000000000
91 0.000000000000
92 0.000000000000
93 0.000000000000
94 0.000000000000
95 0.000000000000
96 0.000000000000
97 0.000000000000
98 0.000000000000
99 0.001876690000
100 0.014830750000
101 0.027580630000
102 0.040143460000
103 0.052519970000
104 0.064702070000
105 0.076675820000
106 0.088423990000
107 0.099932810000
108 0.111240640000
109 0.125144630000
110 0.137375150000
111 0.153622410000
112 0.166788350000
113 0.179945830000
114 0.193163500000
115 0.206453250000
116 0.219813540000
117 0.233237180000
118 0.246719540000
119 0.260270620000
120 0.273957600000
121 0.289994130000
122 0.286336220000
123 0.272972520000
124 0.259412340000
125 0.245893080000
126 0.232460790000
127 0.219133290000
128 0.205937010000
129 0.192945200000
130 0.191170170000
131 0.271776450000
132 0.253684750000
133 0.207193970000
134 0.160452560000
135 0.113767240000
136 0.067168810000
137 0.020696030000
138 0.000000000000
139 0.000000000000
140 0.000000000000
141 0.000000000000
142 0.000000000000
143 0.000000000000
144 0.000000000000
145 0.000000000000
146 0.000000000000

[k]
1 0.000000000000
2 0.000000000000
3 -0.034902260000
4 -0.069263910000
5 -0.103261960000
6 -0.136416750000
7 -0.166086120000
8 -0.168485490000
9 -0.138180690000
10 -0.103852920000
11 -0.068631190000
12 -0.033073680000
13 0.002928970000
14 0.014082510000
15 0.003595820000
16 -0.031437170000
17 -0.065658800000
18 -0.098947880000
19 -0.130345880000
20 -0.156947770000
21 -0.171505500000
22 -0.169900910000
23 -0.162769340000
24 -0.159822530000
25 -0.168297390000
26 -0.188123400000
27 -0.214734700000
28 -0.244132070000
29 -0.267359990000
30 -0.237446890000
31 -0.196422630000
32 -0.154832660000
33 -0.114552940000
34 -0.076785330000
35 -0.038860280000
36 0.000608180000
37 0.002771890000
38 0.003022980000
39 0.003336200000
40 0.004043940000
41 0.020301260000
42 0.050131070000
43 0.081337530000
44 0.113502580000
45 0.146739710000
46 0.181281610000
47 0.217394730000
48 0.255242060000
49 0.293819860000
50 0.310127860000
51 0.284935930000
52 0.258390340000
53 0.229910190000
54 0.197762440000
55 0.163267240000
56 0.129260650000
57 0.096039670000
58 0.063489820000
59 0.031366370000
60 -0.000657550000
61 0.018439060000
62 0.028087500000
63 0.027894590000
64 0.023849540000
65 0.019011760000
66 0.013071830000
67 0.000463660000
68 -0.034867840000
69 -0.070393150000
70 -0.106552030000
71 -0.143763400000
72 -0.182477650000
73 -0.223200900000
74 -0.266512220000
75 -0.313061220000
76 -0.363442840000
77 -0.417051500000
78 -0.419206150000
79 -0.419302670000
80 -0.419367640000
81 -0.418489260000
82 -0.418593310000
83 -0.418861700000
84 -0.418962340000
85 -0.418997350000
86 -0.418992370000
87 -0.418949770000
88 -0.417965430000
89 -0.365337940000
90 -0.313624030000
91 -0.266102680000
92 -0.222119070000
93 -0.180937460000
94 -0.141921660000
95 -0.104531900000
96 -0.068299490000
97 -0.032796710000
98 0.002425480000
99 0.035354540000
100 0.068329400000
101 0.101689510000
102 0.135742510000
103 0.170798970000
104 0.207187010000
105 0.245259000000
106 0.285386620000
107 0.327913960000
108 0.372884490000
109 0.416598640000
110 0.418279770000
111 0.410119330000
112 0.360884400000
113 0.314324450000
114 0.270905990000
115 0.230191210000
116 0.191685790000
117 0.154937840000
118 0.119546310000
119 0.085151320000
120 0.051419250000
121 0.018019230000
122 -0.015669740000
123 -0.049766960000
124 -0.084290570000
125 -0.119600570000
126 -0.156088380000
127 -0.194198230000
128 -0.234455070000
129 -0.277505670000
130 -0.324188300000
131 -0.378932060000
132 -0.420911390000
133 -0.420738960000
134 -0.324492110000
135 -0.242312060000
136 -0.169523580000
137 -0.102701670000
138 -0.039300860000
139 0.022744490000
140 0.085173820000
141 0.149499750000
142 0.216972440000
143 0.271557310000
144 0.195837370000
145 0.127081930000
146 0.062544960000

[up]
1 0.000000000000
2 0.000000000000
3 0.017401450000
4 0.035703650000
5 0.054916920000
6 0.074986650000
7 0.095730270000
8 0.115416820000
9 0.131538090000
10 0.146285950000
11 0.160004160000
12 0.173022930000
13 0.177122640000
14 0.194299750000
15 0.214616360000
16 0.236151470000
17 0.260337120000
18 0.285423090000
19 0.311110140000
20 0.336615780000
21 0.359812250000
22 0.378766320000
23 0.396090040000
24 0.414953050000
25 0.438250670000
26 0.466497760000
27 0.498595210000
28 0.533464980000
29 0.570529350000
30 0.586684400000
31 0.594272240000
32 0.591632110000
33 0.569994910000
34 0.580892060000
35 0.606384190000
36 0.487200650000
37 0.498305150000
38 0.508505410000
39 0.518932870000
40 0.530577470000
41 0.555638210000
42 0.582964330000
43 0.611998590000
44 0.642636670000
45 0.674839420000
46 0.708575230000
47 0.743221600000
48 0.772807170000
49 0.669327160000
50 0.558945280000
51 0.539117850000
52 0.562141370000
53 0.625253100000
54 0.664885610000
55 0.647447280000
56 0.620278520000
57 0.591164000000
58 0.562621760000
59 0.535986850000
60 0.399052860000
61 0.393644170000
62 0.388033470000
63 0.380189790000
64 0.371562020000
65 0.363037060000
66 0.355289780000
67 0.484540020000
68 0.483168910000
69 0.482472000000
70 0.481550380000
71 0.480386180000
72 0.479029150000
73 0.477532440000
74 0.475936740000
75 0.474279410000
76 0.472714450000
77 0.485024050000
78 0.465658270000
79 0.444249330000
80 0.422855150000
81 0.353820660000
82 0.354351030000
83 0.348608890000
84 0.328795990000
85 0.305752090000
86 0.282266920000
87 0.258957210000
88 0.239122310000
89 0.207442320000
90 0.177642650000
91 0.150674630000
92 0.126077040000
93 0.103458510000
94 0.082527810000
95 0.063071810000
96 0.044935830000
97 0.028016110000
98 0.011371690000
99 0.000000000000
100 0.000000000000
101 0.000000000000
102 0.000000000000
103 0.000000000000
104 0.000000000000
105 0.000000000000
106 0.000000000000
107 0.000000000000
108 0.000000000000
109 0.000000000000
110 0.000000000000
111 0.000000000000
112 0.000000000000
113 0.000000000000
114 0.000000000000
115 0.000000000000
116 0.000000000000
117 0.000000000000
118 0.000000000000
119 0.000000000000
120 0.000000000000
121 0.000000000000
122 0.000000000000
123 0.000000000000
124 0.000000000000
125 0.000000000000
126 0.000000000000
127 0.000000000000
128 0.000000000000
129 0.000000000000
130 0.000000000000
131 0.000000000000
132 0.000000000000
133 0.000000000000
134 0.000000000000
135 0.000000000000
136 0.000000000000
137 0.000000000000
138 0.026543400000
139 0.072931080000
140 0.125203240000
141 0.179329210000
142 0.234027800000
143 0.235025720000
144 0.166123360000
145 0.104580950000
146 0.049391120000

[down]
1 0.000000000000
2 0.000000000000
3 -0.000000000000
4 -0.000000000000
5 -0.000000000000
6 -0.000000000000
7 0.000000000000
8 0.000000000000
9 0.000000000000
10 0.000000000000
11 -0.000000000000
12 -0.000000000000
13 0.000000000000
14 0.000000000000
15 0.000000000000
16 0.000000000000
17 0.000000000000
18 0.000000000000
19 0.000000000000
20 0.000000000000
21 0.000000000000
22 0.000000000000
23 -0.000000000000
24 -0.000000000000
25 -0.000000000000
26 0.000000000000
27 0.000000000000
28 0.000000000000
29 0.000000000000
30 0.000000000000
31 0.000000000000
32 0.000000000000
33 0.000000000000
34 0.000000000000
35 0.000000000000
36 -0.000000000000
37 -0.000000000000
38 -0.000000000000
39 0.000000000000
40 0.000000000000
41 0.000000000000
42 0.000000000000
43 -0.000000000000
44 -0.000000000000
45 -0.000000000000
46 -0.000000000000
47 0.000000000000
48 0.000000000000
49 -0.000000000000
50 0.000000000000
51 -0.000000000000
52 0.000000000000
53 0.000000000000
54 0.000000000000
55 0.000000000000
56 -0.000000000000
57 0.000000000000
58 -0.000000000000
59 0.000000000000
60 0.000000000000
61 0.000000000000
62 0.000000000000
63 -0.000000000000
64 -0.000000000000
65 -0.000000000000
66 0.000000000000
67 0.000000000000
68 0.000000000000
69 0.000000000000
70 0.000000000000
71 -0.000000000000
72 0.000000000000
73 0.000000000000
74 0.000000000000
75 0.000000000000
76 -0.000000000000
77 0.000000000000
78 0.000000000000
79 0.000000000000
80 0.000000000000
81 0.000000000000
82 -0.000000000000
83 0.000000000000
84 0.000000000000
85 -0.000000000000
86 -0.000000000000
87 0.000000000000
88 0.000000000000
89 -0.000000000000
90 0.000000000000
91 -0.000000000000
92 -0.000000000000
93 -0.000000000000
94 0.000000000000
95 0.000000000000
96 0.000000000000
97 -0.000000000000
98 0.000000000000
99 0.001940380000
100 0.015803590000
101 0.030273100000
102 0.045374670000
103 0.061131500000
104 0.077571270000
105 0.094729020000
106 0.112649600000
107 0.131391370000
108 0.151061320000
109 0.175194280000
110 0.192537940000
111 0.214105560000
112 0.224571780000
113 0.234244530000
114 0.243399270000
115 0.252075830000
116 0.260263090000
117 0.267928790000
118 0.275034020000
119 0.281546370000
120 0.287480710000
121 0.295010520000
122 0.290643700000
123 0.286014200000
124 0.280403770000
125 0.274125720000
126 0.267293880000
127 0.259986400000
128 0.252288690000
129 0.244346880000
130 0.250666310000
131 0.370641870000
132 0.356192400000
133 0.290881570000
134 0.210435530000
135 0.140231730000
136 0.078100040000
137 0.022736530000
138 -0.000000000000
139 0.000000000000
140 -0.000000000000
141 0.000000000000
142 -0.000000000000
143 0.000000000000
144 -0.000000000000
145 0.000000000000
146 0.000000000000

[left]
1 0.000000000000
2 0.000000000000
3 0.000545940000
4 0.002154160000
5 0.004793060000
6 0.008402720000
7 0.012739400000
8 0.015550200000
9 0.014907940000
10 0.012834040000
11 0.009571010000
12 0.005152610000
13 0.001576990000
14 0.008249980000
15 0.002358680000
16 0.006694790000
17 0.014938200000
18 0.023960790000
19 0.033482950000
20 0.042653490000
21 0.049223900000
22 0.051400090000
23 0.051799700000
24 0.053414790000
25 0.058989130000
26 0.069056710000
27 0.082464380000
28 0.098017190000
29 0.112763970000
30 0.105391690000
31 0.091236680000
32 0.074087730000
33 0.054648890000
34 0.038592310000
35 0.021103900000
36 0.000948640000
37 0.004419940000
38 0.004925520000
39 0.005554500000
40 0.006891270000
41 0.035766200000
42 0.090287110000
43 0.149777920000
44 0.213748910000
45 0.282594560000
46 0.356873040000
47 0.436774930000
48 0.518128920000
49 0.494087830000
50 0.424150940000
51 0.382565120000
52 0.370702520000
53 0.378730230000
54 0.357982790000
55 0.296070510000
56 0.230806110000
57 0.167936240000
58 0.108586400000
59 0.052554680000
60 0.000243610000
61 0.022490570000
62 0.033418680000
63 0.032485130000
64 0.027216730000
65 0.021272060000
66 0.014381440000
67 0.000719090000
68 0.015143870000
69 0.029553940000
70 0.043243420000
71 0.056377290000
72 0.069100380000
73 0.081544620000
74 0.093829810000
75 0.106060380000
76 0.118322450000
77 0.134185910000
78 0.129308490000
79 0.123383700000
80 0.117454750000
81 0.098132460000
82 0.098297000000
83 0.096748350000
84 0.091265380000
85 0.084874040000
86 0.078354100000
87 0.071878370000
88 0.066261530000
89 0.052124390000
90 0.039780340000
91 0.029668980000
92 0.021443360000
93 0.014816760000
94 0.009576190000
95 0.005566330000
96 0.002675750000
97 0.000827540000
98 0.000081610000
99 0.000061700000
100 0.000948940000
101 0.002644210000
102 0.005171650000
103 0.008569020000
104 0.012887310000
105 0.018191200000
106 0.024559010000
107 0.032080080000
108 0.040841930000
109 0.051695670000
110 0.057328360000
111 0.063369380000
112 0.060937060000
113 0.057634240000
114 0.053667560000
115 0.049055000000
116 0.043774240000
117 0.037785570000
118 0.031038520000
119 0.023472760000
120 0.015015930000
121 0.005611970000
122 0.013281120000
123 0.040211770000
124 0.064723520000
125 0.087050600000
126 0.107402000000
127 0.125963750000
128 0.142917670000
129 0.158488490000
130 0.183446430000
131 0.304835010000
132 0.316065250000
133 0.258036740000
134 0.154114150000
135 0.081598840000
136 0.033704620000
137 0.006291530000
138 0.000933880000
139 0.004863000000
140 0.029750110000
141 0.071235150000
142 0.128461380000
143 0.154569540000
144 0.082973450000
145 0.035613970000
146 0.008693890000

[right]
1 0.000000000000
2 0.000000000000
3 0.001744420000
4 0.006902430000
5 0.015400630000
6 0.027072790000
7 0.041156670000
8 0.050377870000
9 0.048431800000
10 0.041810940000
11 0.031268630000
12 0.016882410000
13 0.000480600000
14 0.002508050000
15 0.000714460000
16 0.022157060000
17 0.049565400000
18 0.079705900000
19 0.111667070000
20 0.142619200000
21 0.165023150000
22 0.172780970000
23 0.174595710000
24 0.180533830000
25 0.199931010000
26 0.234716120000
27 0.281096970000
28 0.335103620000
29 0.386844910000
30 0.362902280000
31 0.315252240000
32 0.256598440000
33 0.189227600000
34 0.134200970000
35 0.073881540000
36 0.000275110000
37 0.001279770000
38 0.001423930000
39 0.001603200000
40 0.001985570000
41 0.010278950000
42 0.025903080000
43 0.042894800000
44 0.061104070000
45 0.080635750000
46 0.101642670000
47 0.124183780000
48 0.147183290000
49 0.142503170000
50 0.124092010000
51 0.112055810000
52 0.108119440000
53 0.109399670000
54 0.102662890000
55 0.084895510000
56 0.066262470000
57 0.048291740000
58 0.031278160000
59 0.015161760000
60 0.000828490000
61 0.006625790000
62 0.009859230000
63 0.009595350000
64 0.008048180000
65 0.006297030000
66 0.004261070000
67 0.000208620000
68 0.052062240000
69 0.101353860000
70 0.147950610000
71 0.192438970000
72 0.235328700000
73 0.277078810000
74 0.318100740000
75 0.358748650000
76 0.399318530000
77 0.452558440000
78 0.435113540000
79 0.414161920000
80 0.393295110000
81 0.326003130000
82 0.326568970000
83 0.321208260000
84 0.302309660000
85 0.280387870000
86 0.258142490000
87 0.236164940000
88 0.217209790000
89 0.170388370000
90 0.129672230000
91 0.096448380000
92 0.069522620000
93 0.047912420000
94 0.030886210000
95 0.017907270000
96 0.008586250000
97 0.002648830000
98 0.000025560000
99 0.000196390000
100 0.002999590000
101 0.008301790000
102 0.016129540000
103 0.026552240000
104 0.039680040000
105 0.055664050000
106 0.074695610000
107 0.096997240000
108 0.122780440000
109 0.154319760000
110 0.170085280000
111 0.186489720000
112 0.178165580000
113 0.167420990000
114 0.154893640000
115 0.140669610000
116 0.124719420000
117 0.106965760000
118 0.087302940000
119 0.065600190000
120 0.041696170000
121 0.015466980000
122 0.004810680000
123 0.014474700000
124 0.023149730000
125 0.030936680000
126 0.037925620000
127 0.044196540000
128 0.049826530000
129 0.054907300000
130 0.063498810000
131 0.109667300000
132 0.112741580000
133 0.090016200000
134 0.052545960000
135 0.027178030000
136 0.010960660000
137 0.001996600000
138 0.002988400000
139 0.001508080000
140 0.009158070000
141 0.021780280000
142 0.039040490000
143 0.047030820000
144 0.025440410000
145 0.011004230000
146 0.002707280000
