 -1.58314138
 -1.58314138
 -1.58314138
 -1.58384385
 -1.58665782
 -1.59302279
 -1.60443822
 -1.61901713
 -1.63201318
 -1.64206143
 -1.64779002
 -1.64778080
 -1.64774212
 -1.64770361
 -1.64766529
 -1.64762719
 -1.64758931
 -1.64758602
 -1.66973037
 -1.71820112
 -1.79784280
 -1.91444827
 -2.07516460
 -2.29836480
 -2.48705945
 -2.64050919
 -2.75706987
 -2.82293993
 -2.85800608
 -2.85800490
 -2.85799202
 -2.85797865
 -2.85796474
 -2.85795023
 -2.85793506
 -2.85791915
 -2.85790243
 -2.85788480
 -2.85786614
 -2.85784630
 -2.85782512
 -2.85780237
 -2.85777777
 -2.85774692
 -2.85348608
 -2.84477407
 -2.83147271
 -2.81343366
 -2.79049467
 -2.76247738
 -2.72918834
 -2.69041554
 -2.64592883
 -2.59547961
 -2.53883371
 -2.47574950
 -2.40596898
 -2.32926284
 -2.24514867
 -2.15512647
 -2.07610733
 -2.00921639
 -1.95020414
 -1.89636933
 -1.84549094
 -1.79569894
 -1.74522321
 -1.69215753
 -1.63418173
 -1.56825956
 -1.50136984
 -1.43991722
 -1.38382634
 -1.33283627
 -1.28675218
 -1.24540960
 -1.20866106
 -1.17637318
 -1.14842959
 -1.12472196
 -1.10515136
 -1.08962659
 -1.07806352
 -1.07038434
 -1.06651735
 -1.06639807
 -1.07017075
 -1.07776184
 -1.08909971
 -1.10858905
 -1.12130115
 -1.12752560
 -1.12752347
 -1.12752049
 -1.14480246
 -1.17877711
 -1.22893030
 -1.31851871
 -1.37290397
 -1.39799633
 -1.39799613
 -1.39798605
 -1.39798427
 -1.44368446
 -1.52493346
 -1.64773714
 -1.80655553
 -2.00025253
 -2.21120989
 -2.33806452
 -2.44252668
 -2.53815365
 -2.63116272
 -2.74814770
 -2.82399470
 -2.86942460
 -2.89291236
 -2.90152659
 -2.90152583
 -2.89937775
 -2.89823477
 -2.90098325
 -2.91036694
 -2.92905570
 -2.95969155
 -3.00268825
 -3.04480556
 -3.08341113
 -3.11619226
 -3.14035222
 -3.15075668
 -3.15075435
 -3.14606728
 -3.13844911
 -3.13240781
 -3.13048038
 -3.13048200
