  0.00000000
 -0.46356441
 -0.45426542
 -0.44272279
 -0.42175720
 -0.36676470
 -0.02918257
  0.37298097
  0.43554511
  0.45830475
  0.47018530
  0.47816453
  0.15499376
 -0.14602960
 -0.47204798
 -0.45934067
 -0.44026425
 -0.40591087
 -0.33478030
 -0.17908315
  0.01956659
  0.08726844
  0.03619867
 -0.10349293
 -0.23717644
 -0.30758040
 -0.32490286
 -0.24513109
  0.31389826
  0.44831443
  0.47632887
  0.48587867
  0.48911830
  0.49219354
  0.49489643
  0.03368854
  0.00392640
  0.00491764
  0.01114952
  0.25625745
  0.46405696
  0.48029618
  0.48557026
  0.48778700
  0.48846066
  0.48769734
  0.48409344
  0.46679450
  0.22091206
 -0.41092907
 -0.45483012
 -0.47339244
 -0.48473897
 -0.49015532
 -0.49219507
 -0.49322889
 -0.49381963
 -0.49419225
 -0.49448587
  0.37591597
  0.19175787
 -0.00384831
 -0.08072364
 -0.09653087
 -0.11839131
 -0.25022552
 -0.49646772
 -0.49620613
 -0.49591204
 -0.49554019
 -0.49503911
 -0.49431701
 -0.49317853
 -0.49111553
 -0.48626176
 -0.46800980
 -0.01670053
 -0.00076567
 -0.00051347
  0.00691893
 -0.00092504
 -0.00226021
 -0.00081172
 -0.00028022
  0.00003991
  0.00034274
  0.00795478
  0.44363168
  0.48417791
  0.49017329
  0.49254048
  0.49378664
  0.49453976
  0.49503096
  0.49536623
  0.49560518
  0.49580759
  0.49416452
  0.49397048
  0.49373697
  0.49339648
  0.49289412
  0.49214526
  0.49099023
  0.48908070
  0.48548828
  0.47667953
  0.42815771
  0.01548295
 -0.07561878
 -0.47004167
 -0.48587901
 -0.49062331
 -0.49288657
 -0.49420879
 -0.49507513
 -0.49568634
 -0.49614070
 -0.49649301
 -0.49678017
 -0.49707773
 -0.49717977
 -0.49726905
 -0.49733887
 -0.49738904
 -0.49742129
 -0.49743692
 -0.49743648
 -0.49741978
 -0.49746085
 -0.22388307
  0.00080936
  0.49637630
  0.49877106
  0.49913386
  0.49925305
  0.49928191
  0.49924997
  0.49912721
  0.49883533
  0.49788893
  0.37999351
 -0.49789706
 -0.49872673
 -0.49897111
 -0.49905898
  0.00000000
