  0.00000000
  0.00000000
  0.05262937
  0.10637722
  0.14034717
  0.08532833
  0.03230542
  0.00073202
  0.00078977
  0.00075864
  0.00073977
  0.00076805
  0.00090082
  0.00135954
 -0.00239691
 -0.00127380
 -0.00129213
 -0.00501759
  0.00011254
  0.00005688
  0.00003314
  0.00002149
  0.00001493
  0.00001089
  0.00000826
  0.00000647
  0.00000519
  0.00000425
  0.00000350
  0.00000003
  0.01682280
  0.06724291
  0.11499022
  0.16121822
  0.20677962
  0.25335394
  0.21451875
  0.18741392
  0.20914479
  0.25412657
  0.30246113
  0.35312414
  0.30440202
  0.25782715
  0.21288333
  0.17325363
  0.17583448
  0.18181093
  0.13848797
  0.09541041
  0.05200433
  0.00760915
  0.00000004
  0.00000004
  0.00000004
 -0.00000004
 -0.03131110
 -0.07695148
 -0.12187421
 -0.16678975
 -0.21232765
 -0.17883057
 -0.13554134
 -0.13568294
 -0.12424504
 -0.13314107
 -0.16591337
 -0.20314321
 -0.24745306
 -0.20281085
 -0.15918224
 -0.11605502
 -0.07288279
 -0.08859486
 -0.13345062
 -0.13124997
 -0.08815917
 -0.04463592
 -0.00000003
 -0.06139569
 -0.10647940
 -0.15186510
 -0.19893213
 -0.24736697
 -0.30018064
 -0.26808948
 -0.22376428
 -0.17994997
 -0.12889631
 -0.07478083
 -0.01744231
  0.04401913
  0.10685460
  0.17308884
  0.24518758
  0.32637827
  0.42114417
  0.42114418
  0.42114418
  0.42114418
  0.42114418
  0.42114418
  0.42114418
  0.42114418
  0.42114416
  0.32402288
  0.24183981
  0.17050420
  0.10590012
  0.04530483
 -0.01330951
 -0.07163743
 -0.13126730
 -0.19385939
 -0.26132360
 -0.33603648
 -0.42114416
 -0.42114418
 -0.42114418
 -0.42114418
 -0.42114416
 -0.32402296
 -0.24395393
 -0.17505678
 -0.11309397
 -0.05537887
