task_id 2

[x]
1 2.897310510000
2 2.897310510000
3 2.897310510000
4 2.897336860000
5 2.897504800000
6 2.898455480000
7 2.901566640000
8 2.907323200000
9 2.915291470000
10 2.924621430000
11 2.935332640000
12 2.947442520000
13 2.960970780000
14 2.975944300000
15 2.992409140000
16 3.010478070000
17 3.029459710000
18 3.049504550000
19 3.070546460000
20 3.091410280000
21 3.113539070000
22 3.136918520000
23 3.161542250000
24 3.187407040000
25 3.214511040000
26 3.242853070000
27 3.272432350000
28 3.303248340000
29 3.335300670000
30 3.368589020000
31 3.403113640000
32 3.437178710000
33 3.483051720000
34 3.575663350000
35 3.740225110000
36 3.993751770000
37 4.344622440000
38 4.825974800000
39 5.408464770000
40 6.028314720000
41 6.700955100000
42 7.390096820000
43 8.070329310000
44 8.761318940000
45 9.428977780000
46 9.988930320000
47 10.530854870000
48 11.021235580000
49 11.419113060000
50 11.728233500000
51 11.958997180000
52 12.129620360000
53 12.265801830000
54 12.411993850000
55 12.558185830000
56 12.704377770000
57 12.850569670000
58 12.977448270000
59 13.123095850000
60 13.316808160000
61 13.579964600000
62 13.926163080000
63 14.391522570000
64 14.959208670000
65 15.591736780000
66 16.211573700000
67 16.824880440000
68 17.430274580000
69 18.137341170000
70 18.872890160000
71 19.643193310000
72 20.427729170000
73 21.215070420000
74 22.003137650000
75 22.755738260000
76 23.446644580000
77 24.086401620000
78 24.690243870000
79 25.269899180000
80 26.027858060000
81 26.571573340000
82 27.056832540000
83 27.461799490000
84 27.759056970000
85 27.944657050000
86 27.993703540000
87 27.905047320000
88 27.711397700000
89 27.377387640000
90 26.919518710000
91 26.364791890000
92 25.749316270000
93 25.155229690000
94 24.614609820000
95 24.154570650000
96 23.800365600000
97 23.574959780000
98 23.491837300000
99 23.571325420000
100 23.773406780000
101 24.056553020000
102 24.382853770000
103 24.718740460000
104 25.040572690000
105 25.333270140000
106 25.592306770000
107 25.805537570000
108 25.968504720000
109 26.084754910000
110 26.156942220000
111 26.187007570000
112 26.176455490000
113 26.126611460000
114 26.038839190000
115 25.914748440000
116 25.756465650000
117 25.567083380000
118 25.333318550000
119 25.069777280000
120 24.780443990000
121 24.549084970000
122 24.357402670000
123 24.221568500000
124 24.126241420000
125 24.060875340000
126 24.019785070000
127 24.000000000000

[y]
1 27.707823960000
2 27.707823960000
3 27.707823960000
4 27.674735450000
5 27.608559780000
6 27.509300120000
7 27.376984260000
8 27.211643160000
9 27.013271750000
10 26.781839490000
11 26.517347160000
12 26.219795460000
13 25.889185190000
14 25.525517450000
15 25.128794120000
16 24.699019840000
17 24.236166200000
18 23.740239560000
19 23.211237370000
20 22.649116460000
21 22.053931020000
22 21.425680480000
23 20.764364580000
24 20.069983200000
25 19.342536290000
26 18.582023800000
27 17.788445720000
28 16.961802070000
29 16.102092900000
30 15.209318440000
31 14.283466090000
32 13.369938000000
33 12.499479060000
34 11.670561110000
35 10.887645380000
36 10.162070330000
37 9.512231280000
38 8.919641740000
39 8.403756250000
40 7.998528970000
41 7.694812960000
42 7.528671070000
43 7.513594380000
44 7.666738850000
45 7.975812820000
46 8.378311810000
47 8.903844400000
48 9.522858200000
49 10.200208450000
50 10.955916630000
51 11.773146560000
52 12.640729940000
53 13.552868940000
54 14.581430640000
55 15.609992390000
56 16.638554170000
57 17.667116050000
58 18.559795110000
59 19.411245840000
60 20.217153430000
61 20.968468710000
62 21.650542120000
63 22.285995870000
64 22.867998850000
65 23.387556260000
66 23.790638940000
67 24.113626020000
68 24.364203380000
69 24.570382820000
70 24.669625430000
71 24.631425780000
72 24.467512330000
73 24.194702970000
74 23.833037380000
75 23.428268510000
76 22.986240110000
77 22.470357470000
78 21.865205580000
79 21.189382100000
80 20.231109530000
81 19.543700880000
82 18.857319840000
83 18.159594790000
84 17.463080520000
85 16.744390880000
86 16.035870180000
87 15.424806050000
88 14.819466940000
89 14.131232400000
90 13.446641020000
91 12.782202660000
92 12.135131830000
93 11.529717800000
94 10.935993690000
95 10.334364800000
96 9.718199810000
97 9.095804900000
98 8.466945810000
99 7.884894600000
100 7.383508080000
101 6.979068780000
102 6.673814390000
103 6.461397210000
104 6.326640180000
105 6.252027510000
106 6.220165200000
107 6.217505130000
108 6.226742630000
109 6.237948540000
110 6.246360820000
111 6.250099210000
112 6.248772430000
113 6.242498070000
114 6.231128260000
115 6.213585700000
116 6.187272780000
117 6.147567360000
118 6.082446230000
119 5.979048770000
120 5.823564070000
121 5.654365610000
122 5.475022840000
123 5.316378760000
124 5.188457070000
125 5.093219030000
126 5.030676840000
127 5.000000000000

[theta]
1 -1.570000000000
2 -1.570000000000
3 -1.570000000000
4 -1.568258570000
5 -1.561218970000
6 -1.547287520000
7 -1.535994110000
8 -1.530649460000
9 -1.530504130000
10 -1.530321200000
11 -1.530120380000
12 -1.529900080000
13 -1.529645940000
14 -1.529318060000
15 -1.528778230000
16 -1.529809280000
17 -1.530399360000
18 -1.531040680000
19 -1.533697100000
20 -1.533633790000
21 -1.533599910000
22 -1.533579080000
23 -1.533564850000
24 -1.533554480000
25 -1.533546550000
26 -1.533540260000
27 -1.533535130000
28 -1.533530840000
29 -1.533527180000
30 -1.533524050000
31 -1.533524020000
32 -1.518145240000
33 -1.459531820000
34 -1.363621300000
35 -1.234642940000
36 -1.075713610000
37 -0.888608500000
38 -0.724833240000
39 -0.579007340000
40 -0.424123930000
41 -0.236570860000
42 -0.022160390000
43 0.218105120000
44 0.433547760000
45 0.623238310000
46 0.770043290000
47 0.900831620000
48 1.039690910000
49 1.182514920000
50 1.295588490000
51 1.376609660000
52 1.422591990000
53 1.429609520000
54 1.429609560000
55 1.429609610000
56 1.429609660000
57 1.429609610000
58 1.401377930000
59 1.334905860000
60 1.233889010000
61 1.101112850000
62 0.938702670000
63 0.797850350000
64 0.687653080000
65 0.576589180000
66 0.484725670000
67 0.392438080000
68 0.283731130000
69 0.134113280000
70 -0.049549810000
71 -0.205967630000
72 -0.333548410000
73 -0.430253040000
74 -0.493449270000
75 -0.569157480000
76 -0.678614700000
77 -0.786481410000
78 -0.861847670000
79 -0.901589630000
80 -0.901589670000
81 -0.955399650000
82 -1.044905410000
83 -1.167420040000
84 -1.318070140000
85 -1.501682790000
86 -1.714875960000
87 -1.880411030000
88 -2.022626490000
89 -2.160288750000
90 -2.266447160000
91 -2.331174720000
92 -2.346751300000
93 -2.309413710000
94 -2.223611520000
95 -2.092521050000
96 -1.918261750000
97 -1.702214320000
98 -1.435070420000
99 -1.187667670000
100 -0.960006100000
101 -0.752085830000
102 -0.563908150000
103 -0.396537950000
104 -0.249598190000
105 -0.122388360000
106 -0.012474420000
107 0.056622610000
108 0.096097820000
109 0.116010840000
110 0.123707220000
111 0.125079820000
112 0.125221360000
113 0.128820240000
114 0.140438140000
115 0.164733490000
116 0.206664170000
117 0.271687150000
118 0.373884500000
119 0.493109990000
120 0.631441100000
121 0.752152460000
122 0.862702540000
123 0.930375160000
124 0.969294190000
125 0.989515340000
126 0.997978470000
127 1.000000000000

[v]
1 0.000000000000
2 0.000000000000
3 0.157533190000
4 0.315064370000
5 0.472593800000
6 0.630124770000
7 0.787655970000
8 0.945187840000
9 1.102721010000
10 1.260254170000
11 1.417787320000
12 1.575320470000
13 1.732853610000
14 1.890386750000
15 2.047919890000
16 2.205453010000
17 2.362986160000
18 2.520519310000
19 2.678052450000
20 2.835585170000
21 2.993117880000
22 3.150650600000
23 3.308183330000
24 3.465716050000
25 3.623248780000
26 3.780781490000
27 3.938314200000
28 4.095846900000
29 4.253379570000
30 4.410912160000
31 4.568446830000
32 4.718524480000
33 4.857074020000
34 4.985866550000
35 4.999999660000
36 4.999999640000
37 4.999999670000
38 4.999999680000
39 4.999999640000
40 4.999999630000
41 4.999999600000
42 4.999999560000
43 4.999999590000
44 4.999999620000
45 4.999999570000
46 4.999999660000
47 4.999999690000
48 4.999999680000
49 4.999999710000
50 4.999999740000
51 4.999999760000
52 4.999999790000
53 4.999999840000
54 4.999999840000
55 4.999999840000
56 4.999999840000
57 4.999999770000
58 4.999999750000
59 4.999999720000
60 4.999999690000
61 4.999999670000
62 4.999999680000
63 4.999999710000
64 4.999999720000
65 4.999999640000
66 4.999999580000
67 4.999999520000
68 4.999999640000
69 4.999999640000
70 4.999999670000
71 4.999999700000
72 4.999999730000
73 4.999999750000
74 4.999999740000
75 4.999999720000
76 4.999999710000
77 4.999999730000
78 4.999999740000
79 4.999999830000
80 4.999999590000
81 4.941685490000
82 4.814109170000
83 4.688426740000
84 4.567283800000
85 4.445394990000
86 4.325571700000
87 4.218511590000
88 4.105516940000
89 3.965765480000
90 3.810008320000
91 3.639622210000
92 3.455598750000
93 3.271503440000
94 3.087418190000
95 2.903439370000
96 2.719850670000
97 2.537316560000
98 2.349816650000
99 2.162316780000
100 1.974816970000
101 1.787317330000
102 1.599819230000
103 1.413508590000
104 1.228380920000
105 1.043956650000
106 0.856456870000
107 0.669715960000
108 0.486919730000
109 0.307030170000
110 0.129500830000
111 -0.045962620000
112 -0.219503140000
113 -0.391154610000
114 -0.560855310000
115 -0.728444780000
116 -0.893647760000
117 -1.056043770000
118 -1.228384570000
119 -1.401232870000
120 -1.225425120000
121 -1.050000040000
122 -0.862500500000
123 -0.680890800000
124 -0.505164000000
125 -0.333667310000
126 -0.165462230000
127 0.000000000000

[a]
1 0.000000000000
2 0.749999980000
3 0.749999980000
4 0.749999980000
5 0.749999980000
6 0.749999980000
7 0.749999970000
8 0.749999970000
9 0.749999970000
10 0.749999970000
11 0.749999970000
12 0.749999960000
13 0.749999960000
14 0.749999960000
15 0.749999960000
16 0.749999950000
17 0.749999950000
18 0.749999950000
19 0.749999940000
20 0.749999940000
21 0.749999930000
22 0.749999920000
23 0.749999910000
24 0.749999900000
25 0.749999890000
26 0.749999870000
27 0.749999850000
28 0.749999820000
29 0.749999770000
30 0.749999680000
31 0.749999500000
32 0.749999110000
33 0.749997930000
34 0.088079670000
35 -0.000000140000
36 0.000000180000
37 0.000000090000
38 -0.000000280000
39 -0.000000030000
40 -0.000000190000
41 -0.000000300000
42 0.000000220000
43 0.000000160000
44 -0.000000310000
45 0.000000630000
46 0.000000220000
47 -0.000000050000
48 0.000000170000
49 0.000000170000
50 0.000000150000
51 0.000000140000
52 0.000000300000
53 0.000000000000
54 0.000000000000
55 0.000000000000
56 -0.000000330000
57 -0.000000150000
58 -0.000000160000
59 -0.000000160000
60 -0.000000150000
61 0.000000050000
62 0.000000230000
63 0.000000030000
64 -0.000000460000
65 -0.000000380000
66 -0.000000460000
67 0.000000880000
68 0.000000020000
69 0.000000200000
70 0.000000200000
71 0.000000180000
72 0.000000160000
73 -0.000000050000
74 -0.000000150000
75 -0.000000020000
76 0.000000100000
77 0.000000060000
78 0.000000490000
79 -0.000000990000
80 -0.332673740000
81 -0.749997430000
82 -0.749998780000
83 -0.749999150000
84 -0.749999390000
85 -0.749999520000
86 -0.749999540000
87 -0.749999620000
88 -0.749999740000
89 -0.749999800000
90 -0.749999840000
91 -0.749999880000
92 -0.749999890000
93 -0.749999900000
94 -0.749999920000
95 -0.749999930000
96 -0.749999940000
97 -0.749999950000
98 -0.749999960000
99 -0.749999960000
100 -0.749999970000
101 -0.749999970000
102 -0.749999970000
103 -0.749999980000
104 -0.749999980000
105 -0.749999980000
106 -0.749999980000
107 -0.749999980000
108 -0.749999980000
109 -0.749999980000
110 -0.749999980000
111 -0.749999980000
112 -0.749999970000
113 -0.749999970000
114 -0.749999960000
115 -0.749999950000
116 -0.749999940000
117 -0.749999910000
118 -0.749999800000
119 0.749996520000
120 0.749999820000
121 0.749999920000
122 0.749999950000
123 0.749999960000
124 0.749999960000
125 0.749999960000
126 0.749999960000
127 0.000000000000

[phy]
1 0.000000000000
2 0.000000000000
3 0.104872590000
4 0.209629080000
5 0.273662890000
6 0.169033710000
7 0.064522520000
8 0.001464090000
9 0.001579550000
10 0.001517290000
11 0.001479550000
12 0.001536100000
13 0.001801640000
14 0.002719110000
15 -0.004793860000
16 -0.002547600000
17 -0.002584270000
18 -0.010034840000
19 0.000225080000
20 0.000113760000
21 0.000066290000
22 0.000042980000
23 0.000029850000
24 0.000021790000
25 0.000016520000
26 0.000012930000
27 0.000010380000
28 0.000008500000
29 0.000007000000
30 0.000000060000
31 0.033632920000
32 0.133683720000
33 0.226049800000
34 0.311911500000
35 0.392140450000
36 0.468999510000
37 0.405285460000
38 0.358619720000
39 0.396173150000
40 0.470228300000
41 0.544030940000
42 0.614907140000
43 0.546867930000
44 0.476092480000
45 0.402519840000
46 0.333559860000
47 0.338160860000
48 0.348758190000
49 0.270202300000
50 0.188554050000
51 0.103636030000
52 0.015217120000
53 0.000000090000
54 0.000000090000
55 0.000000090000
56 -0.000000090000
57 -0.062540530000
58 -0.152704810000
59 -0.239086230000
60 -0.321972090000
61 -0.401578640000
62 -0.343483520000
63 -0.264720670000
64 -0.264984460000
65 -0.243557060000
66 -0.260243360000
67 -0.320394020000
68 -0.385913930000
69 -0.459564210000
70 -0.385343260000
71 -0.308218640000
72 -0.228071500000
73 -0.144746150000
74 -0.175369520000
75 -0.260821370000
76 -0.256708280000
77 -0.174524550000
78 -0.089035830000
79 -0.000000060000
80 -0.122179760000
81 -0.209824320000
82 -0.294875480000
83 -0.378663870000
84 -0.459425900000
85 -0.540685100000
86 -0.492170160000
87 -0.420796780000
88 -0.345467000000
89 -0.252299350000
90 -0.148461230000
91 -0.034870470000
92 0.087811850000
93 0.210542070000
94 0.333265580000
95 0.455918130000
96 0.578310590000
97 0.699999970000
98 0.699999990000
99 0.699999990000
100 0.699999990000
101 0.699999990000
102 0.699999990000
103 0.699999990000
104 0.699999980000
105 0.699999960000
106 0.575000190000
107 0.450506270000
108 0.328642140000
109 0.208715770000
110 0.090362890000
111 -0.026612730000
112 -0.142306400000
113 -0.256740710000
114 -0.369874500000
115 -0.481600790000
116 -0.591736090000
117 -0.699999970000
118 -0.699999980000
119 -0.699999990000
120 -0.699999990000
121 -0.699999960000
122 -0.575000310000
123 -0.453927180000
124 -0.336775990000
125 -0.222444860000
126 -0.110308150000
127 0.000000000000

[w]
1 0.000000000000
2 0.499288050000
3 0.498741700000
4 0.304865990000
5 -0.498136210000
6 -0.497573810000
7 -0.300217590000
8 0.000549720000
9 -0.000296440000
10 -0.000179660000
11 0.000269230000
12 0.001264220000
13 0.004367980000
14 -0.035768470000
15 0.010694230000
16 -0.000174570000
17 -0.035471480000
18 0.048846470000
19 -0.000529990000
20 -0.000225990000
21 -0.000110970000
22 -0.000062490000
23 -0.000038400000
24 -0.000025060000
25 -0.000017110000
26 -0.000012130000
27 -0.000008960000
28 -0.000007150000
29 -0.000033020000
30 0.160121180000
31 0.499994810000
32 0.499997960000
33 0.499998680000
34 0.499998840000
35 0.499998490000
36 -0.431367230000
37 -0.305622350000
38 0.241316380000
39 0.499996920000
40 0.499997480000
41 0.499912450000
42 -0.499994530000
43 -0.499998190000
44 -0.499999170000
45 -0.499997650000
46 0.030474440000
47 0.067095800000
48 -0.499997090000
49 -0.499997500000
50 -0.499996620000
51 -0.499992680000
52 -0.082499580000
53 -0.000000000000
54 -0.000000000000
55 -0.000000840000
56 -0.300993790000
57 -0.499995570000
58 -0.499997720000
59 -0.499998180000
60 -0.499997760000
61 0.379754520000
62 0.499999050000
63 -0.001622300000
64 0.130885600000
65 -0.112840810000
66 -0.433889440000
67 -0.499996910000
68 -0.499992280000
69 0.499997010000
70 0.499997720000
71 0.499996950000
72 0.499992850000
73 -0.176586250000
74 -0.499985010000
75 0.025073450000
76 0.499997260000
77 0.499999230000
78 0.499999680000
79 -0.499999960000
80 -0.499999930000
81 -0.499999900000
82 -0.499999820000
83 -0.499999820000
84 -0.499999620000
85 0.303665330000
86 0.499999540000
87 0.499999790000
88 0.499999910000
89 0.499999950000
90 0.499999970000
91 0.499999970000
92 0.499999970000
93 0.499999970000
94 0.499999960000
95 0.499999940000
96 0.499999840000
97 0.000000080000
98 0.000000000000
99 -0.000000000000
100 -0.000000000000
101 -0.000000010000
102 -0.000000010000
103 -0.000000010000
104 -0.000000080000
105 -0.499999660000
106 -0.499999890000
107 -0.499999930000
108 -0.499999940000
109 -0.499999940000
110 -0.499999950000
111 -0.499999940000
112 -0.499999940000
113 -0.499999930000
114 -0.499999910000
115 -0.499999850000
116 -0.499999390000
117 -0.000000060000
118 -0.000000020000
119 0.000000010000
120 0.000000110000
121 0.499999800000
122 0.499999920000
123 0.499999940000
124 0.499999950000
125 0.499999960000
126 0.499999960000
127 0.000000000000

[dt]
1 0.001001780000
2 0.210044260000
3 0.210041570000
4 0.210039250000
5 0.210041300000
6 0.210041600000
7 0.210042500000
8 0.210044230000
9 0.210044220000
10 0.210044210000
11 0.210044210000
12 0.210044200000
13 0.210044200000
14 0.210044190000
15 0.210044180000
16 0.210044210000
17 0.210044220000
18 0.210044200000
19 0.210043630000
20 0.210043640000
21 0.210043650000
22 0.210043650000
23 0.210043660000
24 0.210043660000
25 0.210043660000
26 0.210043650000
27 0.210043640000
28 0.210043610000
29 0.210043530000
30 0.210046310000
31 0.200103670000
32 0.184732930000
33 0.171723850000
34 0.160458270000
35 0.153718570000
36 0.147702550000
37 0.152690870000
38 0.155619080000
39 0.148111200000
40 0.147606040000
41 0.141777220000
42 0.136079920000
43 0.141551400000
44 0.147145520000
45 0.137920610000
46 0.150979040000
47 0.157943200000
48 0.157112690000
49 0.163297320000
50 0.169837180000
51 0.176840410000
52 0.184449780000
53 0.207779820000
54 0.207779830000
55 0.207779830000
56 0.207779850000
57 0.180330160000
58 0.172763610000
59 0.165772320000
60 0.159213820000
61 0.152980730000
62 0.157526000000
63 0.162603200000
64 0.163710940000
65 0.147874750000
66 0.138631290000
67 0.131040630000
68 0.147302840000
69 0.148442780000
70 0.154249960000
71 0.160295250000
72 0.166653090000
73 0.173418800000
74 0.170908820000
75 0.164041550000
76 0.164368370000
77 0.170977700000
78 0.178071640000
79 0.244359410000
80 0.175289140000
81 0.170102350000
82 0.167576840000
83 0.161524110000
84 0.162518540000
85 0.159764490000
86 0.142746910000
87 0.150659610000
88 0.186335350000
89 0.207676260000
90 0.227181530000
91 0.245364660000
92 0.245460450000
93 0.245447030000
94 0.245305110000
95 0.244784960000
96 0.243378830000
97 0.249999890000
98 0.249999850000
99 0.249999760000
100 0.249999520000
101 0.249997480000
102 0.248414200000
103 0.246836890000
104 0.245899040000
105 0.249999710000
106 0.248987890000
107 0.243728310000
108 0.239852750000
109 0.236705780000
110 0.233951280000
111 0.231387370000
112 0.228868640000
113 0.226267610000
114 0.223452630000
115 0.220270660000
116 0.216528020000
117 0.229787760000
118 0.230464460000
119 0.234411420000
120 0.233900170000
121 0.249999410000
122 0.242146290000
123 0.234302410000
124 0.228662270000
125 0.224273450000
126 0.220616310000

[s]
1 0.000000000000
2 0.000000000000
3 0.033088520000
4 0.066175880000
5 0.099264220000
6 0.132352420000
7 0.165441230000
8 0.198531250000
9 0.231620170000
10 0.264709100000
11 0.297798010000
12 0.330886930000
13 0.363975850000
14 0.397064760000
15 0.430153640000
16 0.463242640000
17 0.496331580000
18 0.529420460000
19 0.562507870000
20 0.595596630000
21 0.628685400000
22 0.661774160000
23 0.694862920000
24 0.727951670000
25 0.761040420000
26 0.794129140000
27 0.827217840000
28 0.860306460000
29 0.893394840000
30 0.926495830000
31 0.914162990000
32 0.871666850000
33 0.834075460000
34 0.800023510000
35 0.768592820000
36 0.738512710000
37 0.763454290000
38 0.778095370000
39 0.740555940000
40 0.738030140000
41 0.708886050000
42 0.680399550000
43 0.707756950000
44 0.735727570000
45 0.689602990000
46 0.754895170000
47 0.789715980000
48 0.785563400000
49 0.816486560000
50 0.849185860000
51 0.884202010000
52 0.922248850000
53 1.038899070000
54 1.038899110000
55 1.038899140000
56 1.038899220000
57 0.901650760000
58 0.863818010000
59 0.828861580000
60 0.796069060000
61 0.764903610000
62 0.787629940000
63 0.813015970000
64 0.818554660000
65 0.739373690000
66 0.693156410000
67 0.655203080000
68 0.736514170000
69 0.742213860000
70 0.771249730000
71 0.801476230000
72 0.833265380000
73 0.867093970000
74 0.854544040000
75 0.820207690000
76 0.821841820000
77 0.854888460000
78 0.890358160000
79 1.221797030000
80 0.876445640000
81 0.840592300000
82 0.806733220000
83 0.757293950000
84 0.742268280000
85 0.710216260000
86 0.617461990000
87 0.635559290000
88 0.765002940000
89 0.823595350000
90 0.865563500000
91 0.893034650000
92 0.848212830000
93 0.802980800000
94 0.757359470000
95 0.710718300000
96 0.661954090000
97 0.634328860000
98 0.587453810000
99 0.540578680000
100 0.493703300000
101 0.446824830000
102 0.397417820000
103 0.348906060000
104 0.302057690000
105 0.260988860000
106 0.213247390000
107 0.163228740000
108 0.116789040000
109 0.072675820000
110 0.030296890000
111 -0.010635170000
112 -0.050237380000
113 -0.088505620000
114 -0.125324600000
115 -0.160455010000
116 -0.193499780000
117 -0.242665940000
118 -0.283098990000
119 -0.328464980000
120 -0.286627140000
121 -0.262499390000
122 -0.208851300000
123 -0.159534360000
124 -0.115511940000
125 -0.074832720000
126 -0.036503670000

[splus]
1 0.011552450000
2 0.011552450000
3 0.035233360000
4 0.066487340000
5 0.099307340000
6 0.132358350000
7 0.165442040000
8 0.198531370000
9 0.231620190000
10 0.264709100000
11 0.297798010000
12 0.330886930000
13 0.363975850000
14 0.397064760000
15 0.430153640000
16 0.463242640000
17 0.496331580000
18 0.529420460000
19 0.562507870000
20 0.595596630000
21 0.628685400000
22 0.661774160000
23 0.694862920000
24 0.727951670000
25 0.761040420000
26 0.794129140000
27 0.827217840000
28 0.860306460000
29 0.893394840000
30 0.926495830000
31 0.914162990000
32 0.871666850000
33 0.834075460000
34 0.800023510000
35 0.768592820000
36 0.738512710000
37 0.763454290000
38 0.778095370000
39 0.740555940000
40 0.738030140000
41 0.708886050000
42 0.680399550000
43 0.707756950000
44 0.735727570000
45 0.689602990000
46 0.754895170000
47 0.789715980000
48 0.785563400000
49 0.816486560000
50 0.849185860000
51 0.884202010000
52 0.922248850000
53 1.038899070000
54 1.038899110000
55 1.038899140000
56 1.038899220000
57 0.901650760000
58 0.863818010000
59 0.828861580000
60 0.796069060000
61 0.764903610000
62 0.787629940000
63 0.813015970000
64 0.818554660000
65 0.739373690000
66 0.693156410000
67 0.655203080000
68 0.736514170000
69 0.742213860000
70 0.771249730000
71 0.801476230000
72 0.833265380000
73 0.867093970000
74 0.854544040000
75 0.820207690000
76 0.821841820000
77 0.854888460000
78 0.890358160000
79 1.221797030000
80 0.876445640000
81 0.840592300000
82 0.806733220000
83 0.757293950000
84 0.742268280000
85 0.710216260000
86 0.617461990000
87 0.635559290000
88 0.765002940000
89 0.823595350000
90 0.865563500000
91 0.893034650000
92 0.848212830000
93 0.802980800000
94 0.757359470000
95 0.710718300000
96 0.661954090000
97 0.634328860000
98 0.587453810000
99 0.540578680000
100 0.493703300000
101 0.446824830000
102 0.397417820000
103 0.348906060000
104 0.302057690000
105 0.260988860000
106 0.213247440000
107 0.163229670000
108 0.116804120000
109 0.072887320000
110 0.032804720000
111 0.007069160000
112 0.000798610000
113 0.000082130000
114 0.000009040000
115 0.000001100000
116 0.000000150000
117 0.000000010000
118 0.000000000000
119 0.000000000000
120 0.000000000000
121 0.000000000000
122 0.000000060000
123 0.000001160000
124 0.000016280000
125 0.000185980000
126 0.001767720000

[sminus]
1 0.011552450000
2 0.011552450000
3 0.002144840000
4 0.000311450000
5 0.000043120000
6 0.000005930000
7 0.000000810000
8 0.000000110000
9 0.000000020000
10 0.000000000000
11 0.000000000000
12 0.000000000000
13 0.000000000000
14 0.000000000000
15 0.000000000000
16 0.000000000000
17 0.000000000000
18 0.000000000000
19 0.000000000000
20 0.000000000000
21 -0.000000000000
22 -0.000000000000
23 -0.000000000000
24 -0.000000000000
25 -0.000000000000
26 -0.000000000000
27 -0.000000000000
28 -0.000000000000
29 -0.000000000000
30 -0.000000000000
31 0.000000000000
32 0.000000000000
33 0.000000000000
34 0.000000000000
35 0.000000000000
36 0.000000000000
37 -0.000000000000
38 0.000000000000
39 -0.000000000000
40 -0.000000000000
41 -0.000000000000
42 0.000000000000
43 0.000000000000
44 0.000000000000
45 0.000000000000
46 0.000000000000
47 0.000000000000
48 -0.000000000000
49 -0.000000000000
50 -0.000000000000
51 -0.000000000000
52 -0.000000000000
53 0.000000000000
54 0.000000000000
55 0.000000000000
56 0.000000000000
57 -0.000000000000
58 -0.000000000000
59 -0.000000000000
60 -0.000000000000
61 -0.000000000000
62 0.000000000000
63 -0.000000000000
64 -0.000000000000
65 0.000000000000
66 0.000000000000
67 0.000000000000
68 -0.000000000000
69 -0.000000000000
70 -0.000000000000
71 -0.000000000000
72 -0.000000000000
73 -0.000000000000
74 0.000000000000
75 0.000000000000
76 -0.000000000000
77 -0.000000000000
78 -0.000000000000
79 -0.000000000000
80 -0.000000000000
81 -0.000000000000
82 -0.000000000000
83 -0.000000000000
84 -0.000000000000
85 -0.000000000000
86 0.000000000000
87 0.000000000000
88 0.000000000000
89 -0.000000000000
90 -0.000000000000
91 -0.000000000000
92 -0.000000000000
93 -0.000000000000
94 -0.000000000000
95 -0.000000000000
96 -0.000000000000
97 -0.000000000000
98 0.000000000000
99 0.000000000000
100 0.000000000000
101 0.000000000000
102 0.000000000000
103 0.000000000000
104 0.000000000000
105 0.000000000000
106 0.000000050000
107 0.000000930000
108 0.000015080000
109 0.000211510000
110 0.002507830000
111 0.017704330000
112 0.051035990000
113 0.088587750000
114 0.125333630000
115 0.160456110000
116 0.193499930000
117 0.242665940000
118 0.283098990000
119 0.328464980000
120 0.286627140000
121 0.262499390000
122 0.208851360000
123 0.159535520000
124 0.115528220000
125 0.075018690000
126 0.038271390000

[k]
1 0.000000000000
2 0.000000000000
3 0.052629370000
4 0.106377220000
5 0.140347170000
6 0.085328330000
7 0.032305420000
8 0.000732020000
9 0.000789770000
10 0.000758640000
11 0.000739770000
12 0.000768050000
13 0.000900820000
14 0.001359540000
15 -0.002396910000
16 -0.001273800000
17 -0.001292130000
18 -0.005017590000
19 0.000112540000
20 0.000056880000
21 0.000033140000
22 0.000021490000
23 0.000014930000
24 0.000010890000
25 0.000008260000
26 0.000006470000
27 0.000005190000
28 0.000004250000
29 0.000003500000
30 0.000000030000
31 0.016822800000
32 0.067242910000
33 0.114990220000
34 0.161218220000
35 0.206779620000
36 0.253353940000
37 0.214518750000
38 0.187413920000
39 0.209144790000
40 0.254126570000
41 0.302461130000
42 0.353124140000
43 0.304402020000
44 0.257827150000
45 0.212883330000
46 0.173253630000
47 0.175834480000
48 0.181810930000
49 0.138487970000
50 0.095410410000
51 0.052004330000
52 0.007609150000
53 0.000000040000
54 0.000000040000
55 0.000000040000
56 -0.000000040000
57 -0.031311100000
58 -0.076951480000
59 -0.121874210000
60 -0.166789750000
61 -0.212327650000
62 -0.178830570000
63 -0.135541340000
64 -0.135682940000
65 -0.124245040000
66 -0.133141070000
67 -0.165913370000
68 -0.203143210000
69 -0.247453060000
70 -0.202810850000
71 -0.159182240000
72 -0.116055020000
73 -0.072882790000
74 -0.088594860000
75 -0.133450620000
76 -0.131249970000
77 -0.088159170000
78 -0.044635920000
79 -0.000000030000
80 -0.061395690000
81 -0.106479400000
82 -0.151865100000
83 -0.198932130000
84 -0.247366970000
85 -0.300180640000
86 -0.268089480000
87 -0.223764280000
88 -0.179949970000
89 -0.128896310000
90 -0.074780830000
91 -0.017442310000
92 0.044019130000
93 0.106854600000
94 0.173088840000
95 0.245187580000
96 0.326378270000
97 0.421144170000
98 0.421144180000
99 0.421144180000
100 0.421144180000
101 0.421144180000
102 0.421144180000
103 0.421144180000
104 0.421144180000
105 0.421144160000
106 0.324022880000
107 0.241839810000
108 0.170504200000
109 0.105900120000
110 0.045304830000
111 -0.013309510000
112 -0.071637430000
113 -0.131267300000
114 -0.193859390000
115 -0.261323600000
116 -0.336036480000
117 -0.421144160000
118 -0.421144180000
119 -0.421144180000
120 -0.421144180000
121 -0.421144160000
122 -0.324022960000
123 -0.243953930000
124 -0.175056780000
125 -0.113093970000
126 -0.055378870000

[up]
1 0.011552450000
2 0.011552450000
3 0.037013500000
4 0.073277170000
5 0.112687340000
6 0.143200500000
7 0.170572930000
8 0.198670880000
9 0.231795800000
10 0.264901880000
11 0.298009510000
12 0.331130900000
13 0.364290610000
14 0.397582990000
15 0.431143450000
16 0.463809120000
17 0.496947250000
18 0.531970620000
19 0.562568640000
20 0.595629150000
21 0.628705400000
22 0.661787820000
23 0.694872880000
24 0.727959290000
25 0.761046450000
26 0.794134070000
27 0.827221960000
28 0.860309970000
29 0.893397840000
30 0.926495850000
31 0.928926630000
32 0.927935730000
33 0.926149560000
34 0.923842740000
35 0.921164970000
36 0.918133610000
37 0.920678540000
38 0.918088230000
39 0.889244020000
40 0.918081090000
41 0.914720110000
42 0.911054430000
43 0.914581880000
44 0.917830490000
45 0.830535780000
46 0.880451960000
47 0.923020900000
48 0.922674450000
49 0.925037190000
50 0.926966180000
51 0.928345050000
52 0.928985680000
53 1.038899120000
54 1.038899150000
55 1.038899190000
56 1.038899270000
57 0.928753170000
58 0.927631200000
59 0.925837750000
60 0.923534180000
61 0.920817390000
62 0.922848160000
63 0.918805350000
64 0.925176000000
65 0.827562660000
66 0.781752490000
67 0.759561760000
68 0.880147310000
69 0.918530430000
70 0.921410830000
71 0.923953770000
72 0.926101830000
73 0.927762340000
74 0.927223920000
75 0.925286620000
76 0.925393870000
77 0.927240060000
78 0.928510440000
79 1.221797070000
80 0.928103220000
81 0.926517830000
82 0.924347260000
83 0.901918050000
84 0.918536430000
85 0.914881700000
86 0.776375650000
87 0.772086140000
88 0.897158710000
89 0.925507420000
90 0.927701960000
91 0.907988170000
92 0.884056920000
93 0.885350910000
94 0.883206320000
95 0.878007230000
96 0.869359620000
97 0.890787000000
98 0.824960450000
99 0.759133780000
100 0.693306760000
101 0.627475400000
102 0.558093210000
103 0.489968230000
104 0.424179130000
105 0.366506240000
106 0.279580610000
107 0.201126080000
108 0.135923090000
109 0.080297350000
110 0.034231480000
111 0.007159480000
112 0.000853530000
113 0.000092490000
114 0.000010720000
115 0.000001370000
116 0.000000200000
117 0.000000010000
118 0.000000000000
119 0.000000000000
120 0.000000000000
121 0.000000000000
122 0.000000080000
123 0.000001430000
124 0.000019020000
125 0.000206170000
126 0.001861700000

[down]
1 0.011552450000
2 0.011552450000
3 0.002253210000
4 0.000343260000
5 0.000048930000
6 0.000006410000
7 0.000000840000
8 0.000000110000
9 0.000000020000
10 0.000000000000
11 0.000000000000
12 0.000000000000
13 0.000000000000
14 0.000000000000
15 0.000000000000
16 0.000000000000
17 0.000000000000
18 0.000000000000
19 0.000000000000
20 0.000000000000
21 -0.000000000000
22 -0.000000000000
23 -0.000000000000
24 -0.000000000000
25 -0.000000000000
26 -0.000000000000
27 -0.000000000000
28 -0.000000000000
29 -0.000000000000
30 -0.000000000000
31 0.000000000000
32 0.000000000000
33 0.000000000000
34 0.000000000000
35 0.000000000000
36 0.000000000000
37 -0.000000000000
38 0.000000000000
39 -0.000000000000
40 -0.000000000000
41 -0.000000000000
42 0.000000000000
43 0.000000000000
44 0.000000000000
45 0.000000000000
46 0.000000000000
47 0.000000000000
48 -0.000000000000
49 -0.000000000000
50 -0.000000000000
51 -0.000000000000
52 -0.000000000000
53 0.000000000000
54 0.000000000000
55 0.000000000000
56 0.000000000000
57 -0.000000000000
58 -0.000000000000
59 -0.000000000000
60 -0.000000000000
61 -0.000000000000
62 0.000000000000
63 -0.000000000000
64 -0.000000000000
65 0.000000000000
66 0.000000000000
67 0.000000000000
68 -0.000000000000
69 -0.000000000000
70 -0.000000000000
71 -0.000000000000
72 -0.000000000000
73 -0.000000000000
74 0.000000000000
75 0.000000000000
76 -0.000000000000
77 -0.000000000000
78 -0.000000000000
79 -0.000000000000
80 -0.000000000000
81 -0.000000000000
82 -0.000000000000
83 -0.000000000000
84 -0.000000000000
85 -0.000000000000
86 0.000000000000
87 0.000000000000
88 0.000000000000
89 -0.000000000000
90 -0.000000000000
91 -0.000000000000
92 -0.000000000000
93 -0.000000000000
94 -0.000000000000
95 -0.000000000000
96 -0.000000000000
97 -0.000000000000
98 0.000000000000
99 0.000000000000
100 0.000000000000
101 0.000000000000
102 0.000000000000
103 0.000000000000
104 0.000000000000
105 0.000000000000
106 0.000000060000
107 0.000001150000
108 0.000017550000
109 0.000233010000
110 0.002616910000
111 0.017930540000
112 0.054545840000
113 0.099751280000
114 0.148658850000
115 0.200709840000
116 0.255922050000
117 0.340775400000
118 0.397555460000
119 0.461262850000
120 0.402510040000
121 0.368627480000
122 0.273817090000
123 0.196898060000
124 0.134943260000
125 0.083163490000
126 0.040306030000

[left]
1 0.023104910000
2 0.023104910000
3 0.025281680000
4 0.035578590000
5 0.054098900000
6 0.046829920000
7 0.031913760000
8 0.023247580000
9 0.023293910000
10 0.023317650000
11 0.023342210000
12 0.023382190000
13 0.023466740000
14 0.023709630000
15 0.022016220000
16 0.022456550000
17 0.022402780000
18 0.020948490000
19 0.023168590000
20 0.023141820000
21 0.023128360000
22 0.023121230000
23 0.023117000000
24 0.023114270000
25 0.023112420000
26 0.023111100000
27 0.023110140000
28 0.023109400000
29 0.023108780000
30 0.023104930000
31 0.064402450000
32 0.210593860000
33 0.335445890000
34 0.444921280000
35 0.543059240000
36 0.634473320000
37 0.558844680000
38 0.499930350000
39 0.527357280000
40 0.635919440000
41 0.722203750000
42 0.804476620000
43 0.725503200000
44 0.642816750000
45 0.496713780000
46 0.448051640000
47 0.477405670000
48 0.490410180000
49 0.392411740000
50 0.285776130000
51 0.167989110000
52 0.038036140000
53 0.023104960000
54 0.023104960000
55 0.023104960000
56 0.023104850000
57 0.037790370000
58 0.073305010000
59 0.105397110000
60 0.134901510000
61 0.162431510000
62 0.142404250000
63 0.113925720000
64 0.114730810000
65 0.096893660000
66 0.097287620000
67 0.112541210000
68 0.150547440000
69 0.182175470000
70 0.156864600000
71 0.130075000000
72 0.101391060000
73 0.070261750000
74 0.081885380000
75 0.113238210000
76 0.111760630000
77 0.081567710000
78 0.048473270000
79 0.023104850000
80 0.061541940000
81 0.094703300000
82 0.125368540000
83 0.151506400000
84 0.182128610000
85 0.209608910000
86 0.165334530000
87 0.143670620000
88 0.139440690000
89 0.110173610000
90 0.071684350000
91 0.026310410000
92 0.137907880000
93 0.299975710000
94 0.449221550000
95 0.589284610000
96 0.722559580000
97 0.887026930000
98 0.816533450000
99 0.746965180000
100 0.678321920000
101 0.610599610000
102 0.540226200000
103 0.472128220000
104 0.407305930000
105 0.351240860000
106 0.223447090000
107 0.131622660000
108 0.071811490000
109 0.037166100000
110 0.024763910000
111 0.023254770000
112 0.028204490000
113 0.047000870000
114 0.083522490000
115 0.135668600000
116 0.204020590000
117 0.314056590000
118 0.364459910000
119 0.421012560000
120 0.368858050000
121 0.338780710000
122 0.211863440000
123 0.126754910000
124 0.071550680000
125 0.038762140000
126 0.025647890000

[right]
1 0.023104910000
2 0.023104910000
3 0.021712050000
4 0.021046020000
5 0.025112070000
6 0.023145590000
7 0.020616670000
8 0.022937990000
9 0.022901200000
10 0.022883210000
11 0.022861970000
12 0.022823990000
13 0.022741160000
14 0.022506060000
15 0.024332020000
16 0.023791670000
17 0.023864470000
18 0.027046850000
19 0.023022220000
20 0.023062920000
21 0.023079480000
22 0.023087640000
23 0.023092330000
24 0.023095280000
25 0.023097250000
26 0.023098630000
27 0.023099640000
28 0.023100400000
29 0.023101030000
30 0.023104860000
31 0.026138780000
32 0.066004320000
33 0.100653320000
34 0.131373360000
35 0.159197800000
36 0.185373100000
37 0.163699670000
38 0.147024710000
39 0.155439150000
40 0.185789250000
41 0.210739780000
42 0.234759110000
43 0.211698670000
44 0.187774970000
45 0.147934280000
46 0.133054810000
47 0.140552740000
48 0.144235960000
49 0.116597800000
50 0.086821120000
51 0.054270150000
52 0.020547590000
53 0.023104850000
54 0.023104850000
55 0.023104850000
56 0.023104960000
57 0.107856470000
58 0.237019670000
59 0.352426830000
60 0.457419380000
61 0.554400670000
62 0.483945040000
63 0.382532450000
64 0.385757530000
65 0.317429180000
66 0.316708580000
67 0.368937600000
68 0.509519120000
69 0.623353860000
70 0.534867790000
71 0.440318040000
72 0.338088480000
73 0.226011810000
74 0.267996750000
75 0.380434650000
76 0.375162630000
77 0.266851450000
78 0.146881480000
79 0.023104960000
80 0.194410780000
81 0.314108430000
82 0.423614050000
83 0.514519950000
84 0.623190840000
85 0.718310860000
86 0.552642050000
87 0.477703420000
88 0.471688760000
89 0.369497120000
90 0.231158930000
91 0.064901670000
92 0.046240130000
93 0.091262690000
94 0.133335500000
95 0.173439340000
96 0.212260520000
97 0.259729130000
98 0.241389610000
99 0.223050050000
100 0.204710390000
101 0.186369520000
102 0.167039370000
103 0.148059490000
104 0.129730390000
105 0.113662500000
106 0.075743630000
107 0.048226730000
108 0.030205040000
109 0.021253450000
110 0.021951640000
111 0.022969700000
112 0.020988490000
113 0.023920010000
114 0.035701250000
115 0.053871420000
116 0.078249890000
117 0.118893700000
118 0.139189240000
119 0.162780520000
120 0.140992870000
121 0.128763150000
122 0.081487110000
123 0.050814870000
124 0.031649750000
125 0.021891760000
126 0.021582800000
