 -1.57000000
 -1.57000000
 -1.57000000
 -1.56825857
 -1.56121897
 -1.54728752
 -1.53599411
 -1.53064946
 -1.53050413
 -1.53032120
 -1.53012038
 -1.52990008
 -1.52964594
 -1.52931806
 -1.52877823
 -1.52980928
 -1.53039936
 -1.53104068
 -1.53369710
 -1.53363379
 -1.53359991
 -1.53357908
 -1.53356485
 -1.53355448
 -1.53354655
 -1.53354026
 -1.53353513
 -1.53353084
 -1.53352718
 -1.53352405
 -1.53352402
 -1.51814524
 -1.45953182
 -1.36362130
 -1.23464294
 -1.07571361
 -0.88860850
 -0.72483324
 -0.57900734
 -0.42412393
 -0.23657086
 -0.02216039
  0.21810512
  0.43354776
  0.62323831
  0.77004329
  0.90083162
  1.03969091
  1.18251492
  1.29558849
  1.37660966
  1.42259199
  1.42960952
  1.42960956
  1.42960961
  1.42960966
  1.42960961
  1.40137793
  1.33490586
  1.23388901
  1.10111285
  0.93870267
  0.79785035
  0.68765308
  0.57658918
  0.48472567
  0.39243808
  0.28373113
  0.13411328
 -0.04954981
 -0.20596763
 -0.33354841
 -0.43025304
 -0.49344927
 -0.56915748
 -0.67861470
 -0.78648141
 -0.86184767
 -0.90158963
 -0.90158967
 -0.95539965
 -1.04490541
 -1.16742004
 -1.31807014
 -1.50168279
 -1.71487596
 -1.88041103
 -2.02262649
 -2.16028875
 -2.26644716
 -2.33117472
 -2.34675130
 -2.30941371
 -2.22361152
 -2.09252105
 -1.91826175
 -1.70221432
 -1.43507042
 -1.18766767
 -0.96000610
 -0.75208583
 -0.56390815
 -0.39653795
 -0.24959819
 -0.12238836
 -0.01247442
  0.05662261
  0.09609782
  0.11601084
  0.12370722
  0.12507982
  0.12522136
  0.12882024
  0.14043814
  0.16473349
  0.20666417
  0.27168715
  0.37388450
  0.49310999
  0.63144110
  0.75215246
  0.86270254
  0.93037516
  0.96929419
  0.98951534
  0.99797847
  1.00000000
