  0.01155245
  0.01155245
  0.03701350
  0.07327717
  0.11268734
  0.14320050
  0.17057293
  0.19867088
  0.23179580
  0.26490188
  0.29800951
  0.33113090
  0.36429061
  0.39758299
  0.43114345
  0.46380912
  0.49694725
  0.53197062
  0.56256864
  0.59562915
  0.62870540
  0.66178782
  0.69487288
  0.72795929
  0.76104645
  0.79413407
  0.82722196
  0.86030997
  0.89339784
  0.92649585
  0.92892663
  0.92793573
  0.92614956
  0.92384274
  0.92116497
  0.91813361
  0.92067854
  0.91808823
  0.88924402
  0.91808109
  0.91472011
  0.91105443
  0.91458188
  0.91783049
  0.83053578
  0.88045196
  0.92302090
  0.92267445
  0.92503719
  0.92696618
  0.92834505
  0.92898568
  1.03889912
  1.03889915
  1.03889919
  1.03889927
  0.92875317
  0.92763120
  0.92583775
  0.92353418
  0.92081739
  0.92284816
  0.91880535
  0.92517600
  0.82756266
  0.78175249
  0.75956176
  0.88014731
  0.91853043
  0.92141083
  0.92395377
  0.92610183
  0.92776234
  0.92722392
  0.92528662
  0.92539387
  0.92724006
  0.92851044
  1.22179707
  0.92810322
  0.92651783
  0.92434726
  0.90191805
  0.91853643
  0.91488170
  0.77637565
  0.77208614
  0.89715871
  0.92550742
  0.92770196
  0.90798817
  0.88405692
  0.88535091
  0.88320632
  0.87800723
  0.86935962
  0.89078700
  0.82496045
  0.75913378
  0.69330676
  0.62747540
  0.55809321
  0.48996823
  0.42417913
  0.36650624
  0.27958061
  0.20112608
  0.13592309
  0.08029735
  0.03423148
  0.00715948
  0.00085353
  0.00009249
  0.00001072
  0.00000137
  0.00000020
  0.00000001
  0.00000000
  0.00000000
  0.00000000
  0.00000000
  0.00000008
  0.00000143
  0.00001902
  0.00020617
  0.00186170
