 27.70782396
 27.70782396
 27.70782396
 27.67473545
 27.60855978
 27.50930012
 27.37698426
 27.21164316
 27.01327175
 26.78183949
 26.51734716
 26.21979546
 25.88918519
 25.52551745
 25.12879412
 24.69901984
 24.23616620
 23.74023956
 23.21123737
 22.64911646
 22.05393102
 21.42568048
 20.76436458
 20.06998320
 19.34253629
 18.58202380
 17.78844572
 16.96180207
 16.10209290
 15.20931844
 14.28346609
 13.36993800
 12.49947906
 11.67056111
 10.88764538
 10.16207033
  9.51223128
  8.91964174
  8.40375625
  7.99852897
  7.69481296
  7.52867107
  7.51359438
  7.66673885
  7.97581282
  8.37831181
  8.90384440
  9.52285820
 10.20020845
 10.95591663
 11.77314656
 12.64072994
 13.55286894
 14.58143064
 15.60999239
 16.63855417
 17.66711605
 18.55979511
 19.41124584
 20.21715343
 20.96846871
 21.65054212
 22.28599587
 22.86799885
 23.38755626
 23.79063894
 24.11362602
 24.36420338
 24.57038282
 24.66962543
 24.63142578
 24.46751233
 24.19470297
 23.83303738
 23.42826851
 22.98624011
 22.47035747
 21.86520558
 21.18938210
 20.23110953
 19.54370088
 18.85731984
 18.15959479
 17.46308052
 16.74439088
 16.03587018
 15.42480605
 14.81946694
 14.13123240
 13.44664102
 12.78220266
 12.13513183
 11.52971780
 10.93599369
 10.33436480
  9.71819981
  9.09580490
  8.46694581
  7.88489460
  7.38350808
  6.97906878
  6.67381439
  6.46139721
  6.32664018
  6.25202751
  6.22016520
  6.21750513
  6.22674263
  6.23794854
  6.24636082
  6.25009921
  6.24877243
  6.24249807
  6.23112826
  6.21358570
  6.18727278
  6.14756736
  6.08244623
  5.97904877
  5.82356407
  5.65436561
  5.47502284
  5.31637876
  5.18845707
  5.09321903
  5.03067684
  5.00000000
