  0.01022436
  0.14623029
  0.14619731
  0.14618552
  0.14618259
  0.14618321
  0.14618562
  0.14619024
  0.14620451
  0.14639640
  0.14634591
  0.14631405
  0.14634068
  0.14638826
  0.14644131
  0.14610782
  0.14608726
  0.14608900
  0.14609155
  0.14609382
  0.14609587
  0.14609775
  0.14609952
  0.14610071
  0.14610185
  0.14610277
  0.14610369
  0.14610463
  0.14610487
  0.14610492
  0.14610504
  0.14610510
  0.14610511
  0.14610467
  0.14610432
  0.14610410
  0.14610404
  0.14610381
  0.14610375
  0.14610377
  0.14764247
  0.14769125
  0.14780048
  0.14805684
  0.14857417
  0.14945358
  0.14958541
  0.14301923
  0.13719873
  0.10398581
  0.08811371
  0.08289662
  0.08763435
  0.09835848
  0.11869211
  0.13989792
  0.14229363
  0.14425193
  0.14569298
  0.14665487
  0.14721950
  0.14749653
  0.14802162
  0.14804129
  0.14802914
  0.14797133
  0.14836821
  0.14838825
  0.14851605
  0.14886154
  0.14951756
  0.15016658
  0.14658135
  0.14087357
  0.10273905
  0.09098190
  0.09045340
  0.09812233
  0.11686608
  0.14126925
  0.14308877
  0.14648728
  0.14752387
  0.14808618
  0.14835044
  0.14892504
  0.14895057
  0.14892701
  0.14890875
  0.14889480
  0.14888318
  0.14887384
  0.14886579
  0.14885918
  0.14885764
  0.14889102
  0.14888641
  0.14890632
  0.13817292
  0.16525803
  0.16536776
  0.16554454
  0.16572732
  0.16584993
  0.17179021
  0.17160728
  0.17111597
  0.17044043
  0.16966392
  0.18243290
  0.17919068
  0.17671038
  0.17477281
  0.17321563
  0.17192487
  0.17082704
  0.16987554
  0.09433404
  0.10001207
  0.10024153
  0.10048897
  0.10075538
  0.10213637
  0.10184707
  0.10158099
  0.09790087
  0.09812610
  0.09807171
  0.09810282
  0.09811916
  0.09813041
  0.09813882
  0.09814532
  0.09815043
  0.09815449
  0.09815769
  0.09816023
  0.09816225
  0.09816385
  0.09816512
  0.09816616
  0.09816703
  0.15877210
  0.15815558
  0.15751726
  0.15684019
  0.15611700
  0.15534912
  0.15454394
  0.15371998
  0.15291033
  0.16047325
  0.16106322
  0.17125267
  0.17258764
  0.18767712
  0.19181562
  0.22748846
  0.22439156
  0.22169324
  0.09192882
  0.09187375
  0.19099181
  0.19226474
  0.19346757
  0.19462828
  0.19578624
  0.19699129
  0.20262717
  0.19823951
  0.19481981
  0.19207136
  0.18976155
  0.18774174
