  0.00000000
  0.00000000
 -0.02777341
 -0.04532099
 -0.05028790
 -0.04716405
 -0.04079907
 -0.03318814
 -0.02334269
 -0.00506977
  0.02887242
  0.06113717
  0.08738325
  0.06390359
  0.03130393
 -0.00315892
 -0.00787326
 -0.00670791
 -0.00560594
 -0.00474306
 -0.00405907
 -0.00350779
 -0.00305873
 -0.00268726
 -0.00237615
 -0.00211358
 -0.00188970
 -0.00169741
 -0.00153194
 -0.00138786
 -0.00126176
 -0.00115082
 -0.00105278
 -0.00096600
 -0.00088866
 -0.00081946
 -0.00075735
 -0.00070155
 -0.00065114
 -0.00060647
 -0.00419019
 -0.04087157
 -0.07818768
 -0.11645836
 -0.15616552
 -0.19791606
 -0.24247481
 -0.29042608
 -0.34029721
 -0.39268944
 -0.42070336
 -0.42052120
 -0.38806534
 -0.35443609
 -0.31889173
 -0.27874014
 -0.23462553
 -0.19262474
 -0.15233968
 -0.11343077
 -0.07558819
 -0.03855480
 -0.00247883
 -0.00174277
 -0.00521881
  0.00446693
  0.01762841
  0.05407331
  0.09164726
  0.13043419
  0.17090689
  0.21370964
  0.25954006
  0.30777916
  0.35394429
  0.35045600
  0.32785769
  0.30064765
  0.27017571
  0.23409071
  0.19252367
  0.15262922
  0.11355968
  0.07555453
  0.03838473
  0.00226618
  0.00121641
  0.00135626
  0.00152911
  0.00174502
  0.00202198
  0.00238897
  0.00289999
  0.00366469
  0.00520576
  0.01998063
  0.05258833
  0.08695246
  0.11911435
  0.15614256
  0.20268908
  0.25250947
  0.30672431
  0.36674052
  0.42100069
  0.42103218
  0.42104919
  0.42105921
  0.42106502
  0.42043865
  0.34800892
  0.28528549
  0.22941744
  0.17845421
  0.13099438
  0.08597602
  0.04254757
 -0.00001553
 -0.00013930
  0.02478538
  0.04983011
  0.07499944
  0.07581174
  0.05028919
  0.02491647
 -0.00031790
  0.01894808
  0.00585974
  0.00224403
  0.00142220
  0.00104832
  0.00083328
  0.00069403
  0.00059694
  0.00052573
  0.00047157
  0.00042929
  0.00039561
  0.00036840
  0.00034620
  0.00032800
  0.00031301
  0.00001695
 -0.03975019
 -0.07986424
 -0.12083607
 -0.16321117
 -0.20760107
 -0.25472158
 -0.30544104
 -0.36083702
 -0.42104237
 -0.42104724
 -0.41956900
 -0.35142877
 -0.29054871
 -0.23088799
 -0.17502737
 -0.11338448
 -0.05563560
  0.00001016
  0.00014378
  0.00001005
 -0.04787753
 -0.09698046
 -0.14827999
 -0.20295316
 -0.26249775
 -0.32891489
 -0.26099297
 -0.20089092
 -0.14631467
 -0.09547800
 -0.04705731
