  0.02310491
  0.02310491
  0.02269225
  0.02189279
  0.02130711
  0.02102939
  0.02093125
  0.02094547
  0.02116022
  0.02247259
  0.02945753
  0.04291346
  0.05898983
  0.05003533
  0.03474343
  0.02240564
  0.02149757
  0.02160383
  0.02173214
  0.02184455
  0.02194252
  0.02202846
  0.02210385
  0.02217070
  0.02223048
  0.02228406
  0.02233244
  0.02237632
  0.02241595
  0.02245220
  0.02248545
  0.02251606
  0.02254431
  0.02257033
  0.02259447
  0.02261692
  0.02263785
  0.02265732
  0.02267554
  0.02269198
  0.02091286
  0.03616240
  0.05981473
  0.08533582
  0.11322795
  0.14422788
  0.17800029
  0.20446648
  0.22839284
  0.20118670
  0.18369047
  0.17342176
  0.16947035
  0.17344531
  0.18733507
  0.19266230
  0.16661034
  0.14060564
  0.11463577
  0.08881436
  0.06323673
  0.03797606
  0.02135633
  0.02178171
  0.02042020
  0.02851520
  0.05568640
  0.14517324
  0.23823800
  0.33500996
  0.43745367
  0.54669117
  0.64422902
  0.72950807
  0.59630061
  0.51956379
  0.48384767
  0.48421734
  0.52488299
  0.55931107
  0.46847651
  0.38325613
  0.28354314
  0.18874376
  0.09945897
  0.02524243
  0.02414266
  0.02423681
  0.02435448
  0.02450301
  0.02469639
  0.02495797
  0.02533340
  0.02592104
  0.02722634
  0.04573267
  0.09519854
  0.14485250
  0.17383793
  0.26009627
  0.32010486
  0.37862810
  0.43647504
  0.49442724
  0.55667256
  0.52484331
  0.49238850
  0.45990073
  0.42773338
  0.42799984
  0.32201555
  0.24048365
  0.17651815
  0.12580386
  0.08558876
  0.05445546
  0.03314325
  0.02310386
  0.02309599
  0.02471724
  0.02618436
  0.02725074
  0.02643500
  0.02461285
  0.02357390
  0.02310201
  0.02315015
  0.02307373
  0.02307638
  0.02307647
  0.02307635
  0.02307619
  0.02307600
  0.02307577
  0.02307550
  0.02307518
  0.02307481
  0.02307439
  0.02307390
  0.02307335
  0.02307273
  0.02307203
  0.02310188
  0.03762216
  0.06383721
  0.09659574
  0.13473721
  0.17864361
  0.22907886
  0.28710472
  0.35418705
  0.45405435
  0.47983067
  0.53337584
  0.47505474
  0.44313463
  0.34365366
  0.29318333
  0.17866810
  0.08645676
  0.02310320
  0.02308162
  0.02310178
  0.05570381
  0.09262717
  0.12383182
  0.14897740
  0.16791832
  0.18394515
  0.12211564
  0.07805151
  0.04806992
  0.03116851
  0.02457995
