task_id 1

[x]
1 1.943765280000
2 1.943765280000
3 1.943765280000
4 1.959797220000
5 1.991854770000
6 2.039936540000
7 2.104042120000
8 2.184170950000
9 2.280322950000
10 2.392504490000
11 2.520874480000
12 2.665260760000
13 2.825682250000
14 3.002209430000
15 3.194859240000
16 3.403619360000
17 3.627912110000
18 3.868178070000
19 4.124457320000
20 4.396751330000
21 4.685059570000
22 4.989381610000
23 5.309717180000
24 5.646066100000
25 5.998427100000
26 6.366799960000
27 6.751184090000
28 7.151579360000
29 7.567985750000
30 8.000401120000
31 8.448824530000
32 8.913255820000
33 9.393694390000
34 9.890139630000
35 10.402589460000
36 10.931043510000
37 11.475501570000
38 12.035963430000
39 12.612427580000
40 13.204893680000
41 13.813360860000
42 14.444404080000
43 15.092003450000
44 15.756255300000
45 16.436291950000
46 17.128730200000
47 17.825251090000
48 18.503747140000
49 19.099315850000
50 19.580119360000
51 19.848868390000
52 19.995425580000
53 20.058952980000
54 20.050055860000
55 19.957054840000
56 19.745496950000
57 19.377675780000
58 18.893429670000
59 18.321570670000
60 17.688109080000
61 17.014308670000
62 16.316143930000
63 15.604766080000
64 14.885603720000
65 14.166026850000
66 13.446286240000
67 12.726167070000
68 12.004681660000
69 11.285413660000
70 10.573399090000
71 9.875732000000
72 9.203512510000
73 8.575711650000
74 8.034973480000
75 7.614531480000
76 7.403724790000
77 7.295099680000
78 7.258155750000
79 7.290718830000
80 7.414736770000
81 7.671283290000
82 8.037281890000
83 8.494712990000
84 9.005329560000
85 9.545543800000
86 10.097321750000
87 10.648760870000
88 11.187383110000
89 11.712700420000
90 12.224745200000
91 12.723548760000
92 13.209139210000
93 13.681550410000
94 14.140822390000
95 14.587011330000
96 15.020212900000
97 15.440706700000
98 15.850423480000
99 16.253349980000
100 16.623618890000
101 17.063958140000
102 17.502116360000
103 17.937062850000
104 18.365154110000
105 18.780136650000
106 19.187402580000
107 19.560165740000
108 19.890369260000
109 20.174108440000
110 20.410801460000
111 20.617760320000
112 20.774372750000
113 20.893424400000
114 20.984885240000
115 21.056226190000
116 21.112883480000
117 21.158686920000
118 21.196214890000
119 21.213441450000
120 21.229837510000
121 21.244287250000
122 21.256716790000
123 21.267094380000
124 21.275510520000
125 21.281834860000
126 21.286143130000
127 21.288398290000
128 21.288832590000
129 21.287437590000
130 21.284213180000
131 21.279158000000
132 21.272271120000
133 21.263551760000
134 21.252999270000
135 21.240613050000
136 21.226392560000
137 21.210337290000
138 21.192446760000
139 21.172720500000
140 21.151158020000
141 21.127758860000
142 21.102522510000
143 21.075448450000
144 21.028687020000
145 20.977325600000
146 20.923142180000
147 20.868691960000
148 20.817440390000
149 20.773915050000
150 20.743875000000
151 20.734482200000
152 20.754444820000
153 20.817319970000
154 20.938191430000
155 21.134347180000
156 21.408245440000
157 21.774673490000
158 22.173970330000
159 22.652532440000
160 23.111344050000
161 23.539571260000
162 23.704169620000
163 23.862654700000
164 24.179622840000
165 24.472544100000
166 24.742070240000
167 24.988256300000
168 25.210606810000
169 25.408198550000
170 25.583584410000
171 25.726241030000
172 25.837820500000
173 25.919846500000
174 25.973567060000
175 26.000000000000

[y]
1 26.644254280000
2 26.644254280000
3 26.644254280000
4 26.644174120000
5 26.643999560000
6 26.643667880000
7 26.643070650000
8 26.642081830000
9 26.640580850000
10 26.638471520000
11 26.635721450000
12 26.632534230000
13 26.629662230000
14 26.628233810000
15 26.629646810000
16 26.633748590000
17 26.639622380000
18 26.645744060000
19 26.651788500000
20 26.657742180000
21 26.663605610000
22 26.669378330000
23 26.675058900000
24 26.680645330000
25 26.686135050000
26 26.691525300000
27 26.696813280000
28 26.701996150000
29 26.707071130000
30 26.712035510000
31 26.716886570000
32 26.721621720000
33 26.726238490000
34 26.730734550000
35 26.735107700000
36 26.739355800000
37 26.743476840000
38 26.747468940000
39 26.751330310000
40 26.755059250000
41 26.758654150000
42 26.762149560000
43 26.764024230000
44 26.748362450000
45 26.696905180000
46 26.588747120000
47 26.400177370000
48 26.107531060000
49 25.711882080000
50 25.222700900000
51 24.777745440000
52 24.362405930000
53 23.952961060000
54 23.515014450000
55 23.032219930000
56 22.477857960000
57 21.882987660000
58 21.361863830000
59 20.922465010000
60 20.562926750000
61 20.273848450000
62 20.040848380000
63 19.846665680000
64 19.672164310000
65 19.498959450000
66 19.326697050000
67 19.157281960000
68 18.985027340000
69 18.803329110000
70 18.592750380000
71 18.333643900000
72 18.006704560000
73 17.595004270000
74 17.100396280000
75 16.535375890000
76 16.067050340000
77 15.625429970000
78 15.174801810000
79 14.685389540000
80 14.114473000000
81 13.456452220000
82 12.841808610000
83 12.270091280000
84 11.760655540000
85 11.303482040000
86 10.885008320000
87 10.489430140000
88 10.104299510000
89 9.729321350000
90 9.364493480000
91 9.009822360000
92 8.665326570000
93 8.331034840000
94 8.006992790000
95 7.693269670000
96 7.389970380000
97 7.097289950000
98 6.818292940000
99 6.559028580000
100 6.342033320000
101 6.113360150000
102 5.927333110000
103 5.790392220000
104 5.708116330000
105 5.684783050000
106 5.724109440000
107 5.826681020000
108 5.978638590000
109 6.166303020000
110 6.377096100000
111 6.617996810000
112 6.859016780000
113 7.089831760000
114 7.304892470000
115 7.501250680000
116 7.677389840000
117 7.832593370000
118 7.966595520000
119 8.029539620000
120 8.089448940000
121 8.142244800000
122 8.187902570000
123 8.226380590000
124 8.257961090000
125 8.281930900000
126 8.298342570000
127 8.306948020000
128 8.308605280000
129 8.303281460000
130 8.290977550000
131 8.271689950000
132 8.245416670000
133 8.212156400000
134 8.171908280000
135 8.124671710000
136 8.070446340000
137 8.009231990000
138 7.941028580000
139 7.865836130000
140 7.783654710000
141 7.694484460000
142 7.598325510000
143 7.495177990000
144 7.317049120000
145 7.121400010000
146 6.908030020000
147 6.676629470000
148 6.426849420000
149 6.158441240000
150 5.871503630000
151 5.566869500000
152 5.246695620000
153 4.897250450000
154 4.541488260000
155 4.169912550000
156 3.818460290000
157 3.475590840000
158 3.198654010000
159 2.940809970000
160 2.747341290000
161 2.594611670000
162 2.540558830000
163 2.488513240000
164 2.384414290000
165 2.288211760000
166 2.204079500000
167 2.134570010000
168 2.080804630000
169 2.042635090000
170 2.018277540000
171 2.006875570000
172 2.002141180000
173 2.000502910000
174 2.000074980000
175 2.000000000000

[theta]
1 -0.004999960000
2 -0.004999960000
3 -0.004999960000
4 -0.005445230000
5 -0.006898130000
6 -0.009316120000
7 -0.012339730000
8 -0.015609160000
9 -0.018800650000
10 -0.021419730000
11 -0.022070690000
12 -0.017900890000
13 -0.008091600000
14 0.007334420000
15 0.019645770000
16 0.026182040000
17 0.025473270000
18 0.023580980000
19 0.021861410000
20 0.020334580000
21 0.018966830000
22 0.017731350000
23 0.016607500000
24 0.015578560000
25 0.014631550000
26 0.013756150000
27 0.012943650000
28 0.012186960000
29 0.011480090000
30 0.010817610000
31 0.010195230000
32 0.009609200000
33 0.009056270000
34 0.008533600000
35 0.008038560000
36 0.007568930000
37 0.007122750000
38 0.006698270000
39 0.006293840000
40 0.005908060000
41 0.005539030000
42 0.002894800000
43 -0.023573710000
44 -0.075524460000
45 -0.154946810000
46 -0.264392980000
47 -0.407208300000
48 -0.586377130000
49 -0.794034860000
50 -1.027447550000
51 -1.231574830000
52 -1.416868720000
53 -1.591109090000
54 -1.761096070000
55 -1.935361780000
56 -2.124578810000
57 -2.319530200000
58 -2.486438580000
59 -2.625354820000
60 -2.736316410000
61 -2.819483160000
62 -2.875117460000
63 -2.903547940000
64 -2.905382360000
65 -2.906672230000
66 -2.910534500000
67 -2.907229960000
68 -2.894153870000
69 -2.854038900000
70 -2.785990720000
71 -2.688917950000
72 -2.561163710000
73 -2.400720450000
74 -2.210522620000
75 -1.993757960000
76 -1.811978020000
77 -1.652596500000
78 -1.504358940000
79 -1.356892970000
80 -1.199047860000
81 -1.033718280000
82 -0.895994340000
83 -0.784240580000
84 -0.702331540000
85 -0.648861620000
86 -0.622279570000
87 -0.620741630000
88 -0.619936190000
89 -0.619060830000
90 -0.618099450000
91 -0.617031420000
92 -0.615827580000
93 -0.614445020000
94 -0.612815000000
95 -0.610816120000
96 -0.608063190000
97 -0.597826610000
98 -0.571759170000
99 -0.530097430000
100 -0.478977220000
101 -0.401503090000
102 -0.305020370000
103 -0.189877340000
104 -0.056168240000
105 0.096263070000
106 0.268519760000
107 0.431298260000
108 0.584345690000
109 0.727583720000
110 0.861040280000
111 0.994568520000
112 1.094597970000
113 1.168689230000
114 1.222304330000
115 1.259586350000
116 1.283823860000
117 1.297736600000
118 1.303657430000
119 1.303656420000
120 1.303647770000
121 1.305004460000
122 1.307362390000
123 1.310351330000
124 1.312829060000
125 1.314075740000
126 1.314498510000
127 1.314495690000
128 1.314528150000
129 1.314495900000
130 1.314467350000
131 1.314439000000
132 1.314410520000
133 1.314381870000
134 1.314352990000
135 1.314323840000
136 1.314294370000
137 1.314264530000
138 1.314234260000
139 1.314203510000
140 1.314172210000
141 1.314140290000
142 1.314107680000
143 1.314074300000
144 1.314071180000
145 1.322111790000
146 1.339693280000
147 1.368418490000
148 1.410034710000
149 1.466484420000
150 1.539973070000
151 1.633065050000
152 1.748819980000
153 1.898313870000
154 2.056515970000
155 2.232807650000
156 2.389396260000
157 2.535201050000
158 2.647397400000
159 2.742542970000
160 2.799000950000
161 2.824295570000
162 2.824293810000
163 2.824269830000
164 2.824266480000
165 2.839027810000
166 2.866410420000
167 2.904342040000
168 2.950769300000
169 3.003595570000
170 3.061836260000
171 3.099187370000
172 3.121622840000
173 3.133626840000
174 3.138756130000
175 3.140000000000

[v]
1 0.000000000000
2 0.000000000000
3 0.109660940000
4 0.219296880000
5 0.328923690000
6 0.438548010000
7 0.548172490000
8 0.657798450000
9 0.767427530000
10 0.877066960000
11 0.986849920000
12 1.096594610000
13 1.206314980000
14 1.316054880000
15 1.425829980000
16 1.535644360000
17 1.645208080000
18 1.754755800000
19 1.864304220000
20 1.973853880000
21 2.083404550000
22 2.192955980000
23 2.302508010000
24 2.412060460000
25 2.521612840000
26 2.631165010000
27 2.740716710000
28 2.850267810000
29 2.959818200000
30 3.069367200000
31 3.178914470000
32 3.288459850000
33 3.398003010000
34 3.507543600000
35 3.617080880000
36 3.726614400000
37 3.836143630000
38 3.945667830000
39 4.055185750000
40 4.164695970000
41 4.274196290000
42 4.384837180000
43 4.495495920000
44 4.606208720000
45 4.717067880000
46 4.828224110000
47 4.939768420000
48 4.999402060000
49 4.999377950000
50 4.998938140000
51 4.998521800000
52 4.998320500000
53 4.998462230000
54 4.998758920000
55 4.999137760000
56 4.999373520000
57 4.999394340000
58 4.999416280000
59 4.999435690000
60 4.999451200000
61 4.999462560000
62 4.999470150000
63 4.999476150000
64 4.999476290000
65 4.999476200000
66 4.999475780000
67 4.999476300000
68 4.999472440000
69 4.999468270000
70 4.999465550000
71 4.999466610000
72 4.999471520000
73 4.999451800000
74 4.999420950000
75 4.998912590000
76 4.998612950000
77 4.998595090000
78 4.998803840000
79 4.999150480000
80 4.999409700000
81 4.999422170000
82 4.998325340000
83 4.889285390000
84 4.778972500000
85 4.668112420000
86 4.556997280000
87 4.445418760000
88 4.333800330000
89 4.222185150000
90 4.110573070000
91 3.998963320000
92 3.887355860000
93 3.775750210000
94 3.664146290000
95 3.552543710000
96 3.440939200000
97 3.329307000000
98 3.217675940000
99 3.106027910000
100 3.002428490000
101 2.878513240000
102 2.754513930000
103 2.630380480000
104 2.506108520000
105 2.381743270000
106 2.252921510000
107 2.124235790000
108 1.995917530000
109 1.868105010000
110 1.740874050000
111 1.604065570000
112 1.469688200000
113 1.337170690000
114 1.206106160000
115 1.076209420000
116 0.947280800000
117 0.819175700000
118 0.691784510000
119 0.621049650000
120 0.546056520000
121 0.470891500000
122 0.395541070000
123 0.319990950000
124 0.243405210000
125 0.167036630000
126 0.090867840000
127 0.017459420000
128 -0.056117670000
129 -0.129653680000
130 -0.203212710000
131 -0.276783680000
132 -0.350362750000
133 -0.423947790000
134 -0.497537340000
135 -0.571130360000
136 -0.644726030000
137 -0.718323710000
138 -0.791922870000
139 -0.865523100000
140 -0.939124090000
141 -1.012725550000
142 -1.086327300000
143 -1.159929180000
144 -1.278983980000
145 -1.397575200000
146 -1.515686170000
147 -1.633287350000
148 -1.750343580000
149 -1.866820510000
150 -1.982688940000
151 -2.097932840000
152 -2.212559530000
153 -2.332840400000
154 -2.453528310000
155 -2.581743920000
156 -2.673877560000
157 -2.533339700000
158 -2.389589080000
159 -2.219040470000
160 -2.050798180000
161 -1.884571560000
162 -1.815666330000
163 -1.746800650000
164 -1.603593220000
165 -1.459427390000
166 -1.314355610000
167 -1.168409590000
168 -1.021591650000
169 -0.873866850000
170 -0.721912380000
171 -0.573246960000
172 -0.427145200000
173 -0.283104030000
174 -0.140794740000
175 0.000000000000

[a]
1 0.000000000000
2 0.749919470000
3 0.749917610000
4 0.749915670000
5 0.749913660000
6 0.749911540000
7 0.749909320000
8 0.749906980000
9 0.749904530000
10 0.749902060000
11 0.749899280000
12 0.749896350000
13 0.749893280000
14 0.749890040000
15 0.749886610000
16 0.749882660000
17 0.749878710000
18 0.749874500000
19 0.749869990000
20 0.749865140000
21 0.749859920000
22 0.749854280000
23 0.749848160000
24 0.749841510000
25 0.749834240000
26 0.749826280000
27 0.749817510000
28 0.749807820000
29 0.749797030000
30 0.749784960000
31 0.749771360000
32 0.749755920000
33 0.749738260000
34 0.749717830000
35 0.749693950000
36 0.749665660000
37 0.749631600000
38 0.749589820000
39 0.749537350000
40 0.749469500000
41 0.749383870000
42 0.749257240000
43 0.749069350000
44 0.748760750000
45 0.748153170000
46 0.746347510000
47 0.398659480000
48 -0.000168590000
49 -0.003205660000
50 -0.004003750000
51 -0.002284620000
52 0.001709740000
53 0.003385500000
54 0.003851700000
55 0.001986320000
56 0.000148780000
57 0.000154180000
58 0.000134600000
59 0.000106470000
60 0.000077440000
61 0.000051520000
62 0.000040730000
63 0.000000940000
64 -0.000000630000
65 -0.000002820000
66 0.000003460000
67 -0.000025960000
68 -0.000028130000
69 -0.000018290000
70 0.000007110000
71 0.000032790000
72 -0.000131280000
73 -0.000210460000
74 -0.003608610000
75 -0.002916560000
76 -0.000196330000
77 0.002307810000
78 0.003532810000
79 0.002218030000
80 0.000088290000
81 -0.007665250000
82 -0.744364800000
83 -0.747762970000
84 -0.748618690000
85 -0.749004430000
86 -0.749226050000
87 -0.749365580000
88 -0.749462320000
89 -0.749533450000
90 -0.749587960000
91 -0.749631050000
92 -0.749665990000
93 -0.749694870000
94 -0.749719160000
95 -0.749739870000
96 -0.749757790000
97 -0.749773340000
98 -0.749787060000
99 -0.749780890000
100 -0.749828980000
101 -0.749839680000
102 -0.749849280000
103 -0.749858030000
104 -0.749866150000
105 -0.749878360000
106 -0.749884960000
107 -0.749890630000
108 -0.749895560000
109 -0.749899890000
110 -0.749911270000
111 -0.749912710000
112 -0.749913520000
113 -0.749913760000
114 -0.749913450000
115 -0.749912590000
116 -0.749911130000
117 -0.749909030000
118 -0.749833810000
119 -0.749840810000
120 -0.749839110000
121 -0.749837850000
122 -0.749837070000
123 -0.749838050000
124 -0.749835850000
125 -0.749833120000
126 -0.749823950000
127 -0.749821790000
128 -0.749818740000
129 -0.749815680000
130 -0.749812450000
131 -0.749809090000
132 -0.749805600000
133 -0.749801970000
134 -0.749798190000
135 -0.749794260000
136 -0.749790180000
137 -0.749785920000
138 -0.749781490000
139 -0.749776870000
140 -0.749772050000
141 -0.749767010000
142 -0.749761740000
143 -0.749847080000
144 -0.749839040000
145 -0.749828700000
146 -0.749815380000
147 -0.749798100000
148 -0.749775270000
149 -0.749744230000
150 -0.749700170000
151 -0.749633380000
152 -0.749538500000
153 -0.749320110000
154 -0.748692590000
155 -0.533836950000
156 0.748827920000
157 0.749420820000
158 0.749702250000
159 0.749771000000
160 0.749804660000
161 0.749549830000
162 0.749568620000
163 0.749809260000
164 0.749829760000
165 0.749850650000
166 0.749870620000
167 0.749888910000
168 0.749905230000
169 0.749921520000
170 0.749928340000
171 0.749932770000
172 0.749935670000
173 0.749937470000
174 0.749938400000
175 0.000000000000

[phy]
1 0.000000000000
2 0.000000000000
3 -0.055489790000
4 -0.090394950000
5 -0.100238720000
6 -0.094049810000
7 -0.081417770000
8 -0.066279050000
9 -0.046651500000
10 -0.010139190000
11 0.057680790000
12 0.121670370000
13 0.173019100000
14 0.127118030000
15 0.062526240000
16 -0.006317750000
17 -0.015745220000
18 -0.013415010000
19 -0.011211420000
20 -0.009485840000
21 -0.008117960000
22 -0.007015460000
23 -0.006117390000
24 -0.005374480000
25 -0.004752270000
26 -0.004227130000
27 -0.003779380000
28 -0.003394810000
29 -0.003063870000
30 -0.002775720000
31 -0.002523510000
32 -0.002301640000
33 -0.002105560000
34 -0.001932010000
35 -0.001777310000
36 -0.001638920000
37 -0.001514700000
38 -0.001403110000
39 -0.001302280000
40 -0.001212940000
41 -0.008380180000
42 -0.081561800000
43 -0.155119120000
44 -0.228836790000
45 -0.302730930000
46 -0.376908220000
47 -0.451534970000
48 -0.526221200000
49 -0.597583020000
50 -0.665761820000
51 -0.699484020000
52 -0.699270680000
53 -0.660016090000
54 -0.616655660000
55 -0.567739150000
56 -0.508568080000
57 -0.438747280000
58 -0.367726100000
59 -0.295744240000
60 -0.223085570000
61 -0.150040250000
62 -0.076957320000
63 -0.004957610000
64 -0.003485520000
65 -0.010437240000
66 0.008933630000
67 0.035242220000
68 0.107727940000
69 0.181282240000
70 0.255181290000
71 0.329363470000
72 0.403918050000
73 0.478794980000
74 0.551781020000
75 0.616000720000
76 0.611337850000
77 0.580382610000
78 0.541371390000
79 0.495405330000
80 0.437870320000
81 0.367550080000
82 0.296274050000
83 0.223330780000
84 0.149974440000
85 0.076619170000
86 0.004532320000
87 0.002432810000
88 0.002712510000
89 0.003058210000
90 0.003490020000
91 0.004043940000
92 0.004777900000
93 0.005799920000
94 0.007329250000
95 0.010411140000
96 0.039940000000
97 0.104791400000
98 0.172182950000
99 0.233869510000
100 0.302689130000
101 0.385134160000
102 0.467654750000
103 0.550249620000
104 0.632844960000
105 0.699832090000
106 0.699868940000
107 0.699888840000
108 0.699900570000
109 0.699907370000
110 0.699173970000
111 0.608048370000
112 0.518499380000
113 0.430176670000
114 0.342816010000
115 0.256229980000
116 0.170286740000
117 0.084890620000
118 -0.000031060000
119 -0.000278600000
120 0.049530210000
121 0.099332230000
122 0.148888850000
123 0.150477320000
124 0.100241280000
125 0.049791750000
126 -0.000635800000
127 0.037878040000
128 0.011718930000
129 0.004488040000
130 0.002844390000
131 0.002096630000
132 0.001666550000
133 0.001388070000
134 0.001193870000
135 0.001051450000
136 0.000943150000
137 0.000858570000
138 0.000791210000
139 0.000736790000
140 0.000692400000
141 0.000656000000
142 0.000626010000
143 0.000033910000
144 -0.079333510000
145 -0.158390500000
146 -0.237125440000
147 -0.315517820000
148 -0.393542600000
149 -0.471173560000
150 -0.548382630000
151 -0.625124690000
152 -0.699880870000
153 -0.699886560000
154 -0.698154220000
155 -0.612641200000
156 -0.526404570000
157 -0.432603570000
158 -0.336723590000
159 -0.222997530000
160 -0.110815360000
161 0.000020320000
162 0.000287560000
163 0.000020100000
164 -0.095463990000
165 -0.191582070000
166 -0.288297820000
167 -0.385587630000
168 -0.483443480000
169 -0.581859780000
170 -0.481081250000
171 -0.382041500000
172 -0.284681070000
173 -0.188684480000
174 -0.093838210000
175 0.000000000000

[w]
1 0.000000000000
2 -0.379468530000
3 -0.238753780000
4 -0.067337520000
5 0.042336880000
6 0.086412410000
7 0.103558170000
8 0.134260320000
9 0.249734510000
10 0.463262620000
11 0.437248860000
12 0.350948720000
13 -0.313658970000
14 -0.441236100000
15 -0.470113210000
16 -0.064524020000
17 0.015950810000
18 0.015083870000
19 0.011811640000
20 0.009363000000
21 0.007546410000
22 0.006147050000
23 0.005084990000
24 0.004258790000
25 0.003594310000
26 0.003064590000
27 0.002632210000
28 0.002265060000
29 0.001972250000
30 0.001726180000
31 0.001518600000
32 0.001342070000
33 0.001187840000
34 0.001058790000
35 0.000947190000
36 0.000850220000
37 0.000763810000
38 0.000690110000
39 0.000611480000
40 -0.049055850000
41 -0.495667750000
42 -0.498047940000
43 -0.498764760000
44 -0.499093030000
45 -0.499261070000
46 -0.499330620000
47 -0.499288200000
48 -0.498966550000
49 -0.496934650000
50 -0.324296160000
51 0.002421250000
52 0.473536700000
53 0.494787990000
54 0.497328880000
55 0.498525730000
56 0.499083910000
57 0.499117100000
58 0.499001020000
59 0.498710810000
60 0.498076370000
61 0.496421540000
62 0.488145000000
63 0.009945090000
64 -0.046957970000
65 0.130858430000
66 0.177795570000
67 0.488552890000
68 0.495688120000
69 0.497582980000
70 0.498330050000
71 0.498634280000
72 0.498625790000
73 0.497921770000
74 0.455867970000
75 -0.045383210000
76 -0.340235310000
77 -0.431285140000
78 -0.468456690000
79 -0.492315710000
80 -0.497774560000
81 -0.498124600000
82 -0.497949540000
83 -0.497250610000
84 -0.495355260000
85 -0.485922710000
86 -0.014097650000
87 0.001877850000
88 0.002321230000
89 0.002899870000
90 0.003720160000
91 0.004929800000
92 0.006864980000
93 0.010273220000
94 0.020703420000
95 0.198370090000
96 0.435562920000
97 0.452637370000
98 0.414264120000
99 0.498068800000
100 0.498886670000
101 0.499012560000
102 0.498928390000
103 0.498381000000
104 0.403902270000
105 0.000214520000
106 0.000115950000
107 0.000068580000
108 0.000039880000
109 -0.004322630000
110 -0.499502000000
111 -0.499741340000
112 -0.499816180000
113 -0.499852690000
114 -0.499874230000
115 -0.499888330000
116 -0.499898160000
117 -0.499905320000
118 -0.002624050000
119 0.498027990000
120 0.496820200000
121 0.493154800000
122 0.015765710000
123 -0.491852660000
124 -0.495345870000
125 -0.496427110000
126 0.393396430000
127 -0.266586720000
128 -0.073730720000
129 -0.016754350000
130 -0.007620930000
131 -0.004382730000
132 -0.002837670000
133 -0.001978630000
134 -0.001451050000
135 -0.001103400000
136 -0.000861640000
137 -0.000686210000
138 -0.000554360000
139 -0.000452210000
140 -0.000370890000
141 -0.000305450000
142 -0.006031600000
143 -0.499882670000
144 -0.499868490000
145 -0.499849610000
146 -0.499823260000
147 -0.499783990000
148 -0.499719360000
149 -0.499592960000
150 -0.499232830000
151 -0.488888990000
152 -0.000035500000
153 0.010755590000
154 0.499338290000
155 0.499668610000
156 0.499799880000
157 0.499854940000
158 0.499920140000
159 0.499939340000
160 0.499950640000
161 0.002907040000
162 -0.002911190000
163 -0.499938120000
164 -0.499925650000
165 -0.499906820000
166 -0.499875010000
167 -0.499809590000
168 -0.499597220000
169 0.497359390000
170 0.499596430000
171 0.499746050000
172 0.499796490000
173 0.499818140000
174 0.499826070000
175 0.000000000000

[dt]
1 0.010224360000
2 0.146230290000
3 0.146197310000
4 0.146185520000
5 0.146182590000
6 0.146183210000
7 0.146185620000
8 0.146190240000
9 0.146204510000
10 0.146396400000
11 0.146345910000
12 0.146314050000
13 0.146340680000
14 0.146388260000
15 0.146441310000
16 0.146107820000
17 0.146087260000
18 0.146089000000
19 0.146091550000
20 0.146093820000
21 0.146095870000
22 0.146097750000
23 0.146099520000
24 0.146100710000
25 0.146101850000
26 0.146102770000
27 0.146103690000
28 0.146104630000
29 0.146104870000
30 0.146104920000
31 0.146105040000
32 0.146105100000
33 0.146105110000
34 0.146104670000
35 0.146104320000
36 0.146104100000
37 0.146104040000
38 0.146103810000
39 0.146103750000
40 0.146103770000
41 0.147642470000
42 0.147691250000
43 0.147800480000
44 0.148056840000
45 0.148574170000
46 0.149453580000
47 0.149585410000
48 0.143019230000
49 0.137198730000
50 0.103985810000
51 0.088113710000
52 0.082896620000
53 0.087634350000
54 0.098358480000
55 0.118692110000
56 0.139897920000
57 0.142293630000
58 0.144251930000
59 0.145692980000
60 0.146654870000
61 0.147219500000
62 0.147496530000
63 0.148021620000
64 0.148041290000
65 0.148029140000
66 0.147971330000
67 0.148368210000
68 0.148388250000
69 0.148516050000
70 0.148861540000
71 0.149517560000
72 0.150166580000
73 0.146581350000
74 0.140873570000
75 0.102739050000
76 0.090981900000
77 0.090453400000
78 0.098122330000
79 0.116866080000
80 0.141269250000
81 0.143088770000
82 0.146487280000
83 0.147523870000
84 0.148086180000
85 0.148350440000
86 0.148925040000
87 0.148950570000
88 0.148927010000
89 0.148908750000
90 0.148894800000
91 0.148883180000
92 0.148873840000
93 0.148865790000
94 0.148859180000
95 0.148857640000
96 0.148891020000
97 0.148886410000
98 0.148906320000
99 0.138172920000
100 0.165258030000
101 0.165367760000
102 0.165544540000
103 0.165727320000
104 0.165849930000
105 0.171790210000
106 0.171607280000
107 0.171115970000
108 0.170440430000
109 0.169663920000
110 0.182432900000
111 0.179190680000
112 0.176710380000
113 0.174772810000
114 0.173215630000
115 0.171924870000
116 0.170827040000
117 0.169875540000
118 0.094334040000
119 0.100012070000
120 0.100241530000
121 0.100488970000
122 0.100755380000
123 0.102136370000
124 0.101847070000
125 0.101580990000
126 0.097900870000
127 0.098126100000
128 0.098071710000
129 0.098102820000
130 0.098119160000
131 0.098130410000
132 0.098138820000
133 0.098145320000
134 0.098150430000
135 0.098154490000
136 0.098157690000
137 0.098160230000
138 0.098162250000
139 0.098163850000
140 0.098165120000
141 0.098166160000
142 0.098167030000
143 0.158772100000
144 0.158155580000
145 0.157517260000
146 0.156840190000
147 0.156117000000
148 0.155349120000
149 0.154543940000
150 0.153719980000
151 0.152910330000
152 0.160473250000
153 0.161063220000
154 0.171252670000
155 0.172587640000
156 0.187677120000
157 0.191815620000
158 0.227488460000
159 0.224391560000
160 0.221693240000
161 0.091928820000
162 0.091873750000
163 0.190991810000
164 0.192264740000
165 0.193467570000
166 0.194628280000
167 0.195786240000
168 0.196991290000
169 0.202627170000
170 0.198239510000
171 0.194819810000
172 0.192071360000
173 0.189761550000
174 0.187741740000

[s]
1 0.000000000000
2 0.000000000000
3 0.016032130000
4 0.032058030000
5 0.048082920000
6 0.064108360000
7 0.080134940000
8 0.096163710000
9 0.112201370000
10 0.128399440000
11 0.144421450000
12 0.160447200000
13 0.176532960000
14 0.192654990000
15 0.208800420000
16 0.224369650000
17 0.240343930000
18 0.256350520000
19 0.272359090000
20 0.288367860000
21 0.304376790000
22 0.320385930000
23 0.336395320000
24 0.352403760000
25 0.368412300000
26 0.384420500000
27 0.400428820000
28 0.416437310000
29 0.432443870000
30 0.448449650000
31 0.464455430000
32 0.480460750000
33 0.496465600000
34 0.512468480000
35 0.528471130000
36 0.544473650000
37 0.560476080000
38 0.576477090000
39 0.592477830000
40 0.608477790000
41 0.631052900000
42 0.647602090000
43 0.664436460000
44 0.681980720000
45 0.700834430000
46 0.721595390000
47 0.738917290000
48 0.715010630000
49 0.685908330000
50 0.519818630000
51 0.440438330000
52 0.414343850000
53 0.438036980000
54 0.491670340000
55 0.593358180000
56 0.699401930000
57 0.711381980000
58 0.721175450000
59 0.728382680000
60 0.733193870000
61 0.736018360000
62 0.737404490000
63 0.740030550000
64 0.740128900000
65 0.740068160000
66 0.739779080000
67 0.741763340000
68 0.741862990000
69 0.742501270000
70 0.744228120000
71 0.747508040000
72 0.750753540000
73 0.732826410000
74 0.704286290000
75 0.513583530000
76 0.454783300000
77 0.452139910000
78 0.490494290000
79 0.584231130000
80 0.706262870000
81 0.715361150000
82 0.732191100000
83 0.721286330000
84 0.707699780000
85 0.692516530000
86 0.678651010000
87 0.662147650000
88 0.645419930000
89 0.628720310000
90 0.612042970000
91 0.595378400000
92 0.578725590000
93 0.562080060000
94 0.545441810000
95 0.528823280000
96 0.512324960000
97 0.495688580000
98 0.479132300000
99 0.429168940000
100 0.496175400000
101 0.476013260000
102 0.455994730000
103 0.435925890000
104 0.415637910000
105 0.409160130000
106 0.386617700000
107 0.363490630000
108 0.340185010000
109 0.316949990000
110 0.317592690000
111 0.287433600000
112 0.259709160000
113 0.233701080000
114 0.208916440000
115 0.185027160000
116 0.161821170000
117 0.139157910000
118 0.065258830000
119 0.062112450000
120 0.054737540000
121 0.047319400000
122 0.039852880000
123 0.032682710000
124 0.024790100000
125 0.016967740000
126 0.008896040000
127 0.001713220000
128 -0.005503560000
129 -0.012719390000
130 -0.019939060000
131 -0.027160900000
132 -0.034384190000
133 -0.041608490000
134 -0.048833510000
135 -0.056059010000
136 -0.063284820000
137 -0.070510820000
138 -0.077736930000
139 -0.084963080000
140 -0.092189230000
141 -0.099415380000
142 -0.106641530000
143 -0.184164390000
144 -0.202278450000
145 -0.220142210000
146 -0.237720510000
147 -0.254983920000
148 -0.271914340000
149 -0.288505800000
150 -0.304778900000
151 -0.320795610000
152 -0.355056620000
153 -0.375734800000
154 -0.420173280000
155 -0.445577090000
156 -0.501825640000
157 -0.485934120000
158 -0.543603940000
159 -0.497933960000
160 -0.454648080000
161 -0.173246440000
162 -0.166812070000
163 -0.333624620000
164 -0.308314430000
165 -0.282351870000
166 -0.255810770000
167 -0.228758520000
168 -0.201244660000
169 -0.177069160000
170 -0.143111550000
171 -0.111679870000
172 -0.082042360000
173 -0.053722260000
174 -0.026433050000

[splus]
1 0.011552450000
2 0.011552450000
3 0.021426200000
4 0.034330740000
5 0.048988780000
6 0.064460520000
7 0.080270440000
8 0.096215640000
9 0.112221220000
10 0.128406960000
11 0.144424320000
12 0.160448300000
13 0.176533380000
14 0.192655150000
15 0.208800480000
16 0.224369670000
17 0.240343940000
18 0.256350530000
19 0.272359090000
20 0.288367860000
21 0.304376790000
22 0.320385930000
23 0.336395320000
24 0.352403760000
25 0.368412300000
26 0.384420500000
27 0.400428820000
28 0.416437310000
29 0.432443870000
30 0.448449650000
31 0.464455430000
32 0.480460750000
33 0.496465600000
34 0.512468480000
35 0.528471130000
36 0.544473650000
37 0.560476080000
38 0.576477090000
39 0.592477830000
40 0.608477790000
41 0.631052900000
42 0.647602090000
43 0.664436460000
44 0.681980720000
45 0.700834430000
46 0.721595390000
47 0.738917290000
48 0.715010630000
49 0.685908330000
50 0.519818630000
51 0.440438330000
52 0.414343850000
53 0.438036980000
54 0.491670340000
55 0.593358180000
56 0.699401930000
57 0.711381980000
58 0.721175450000
59 0.728382680000
60 0.733193870000
61 0.736018360000
62 0.737404490000
63 0.740030550000
64 0.740128900000
65 0.740068160000
66 0.739779080000
67 0.741763340000
68 0.741862990000
69 0.742501270000
70 0.744228120000
71 0.747508040000
72 0.750753540000
73 0.732826410000
74 0.704286290000
75 0.513583530000
76 0.454783300000
77 0.452139910000
78 0.490494290000
79 0.584231130000
80 0.706262870000
81 0.715361150000
82 0.732191100000
83 0.721286330000
84 0.707699780000
85 0.692516530000
86 0.678651010000
87 0.662147650000
88 0.645419930000
89 0.628720310000
90 0.612042970000
91 0.595378400000
92 0.578725590000
93 0.562080060000
94 0.545441810000
95 0.528823280000
96 0.512324960000
97 0.495688580000
98 0.479132300000
99 0.429168940000
100 0.496175400000
101 0.476013260000
102 0.455994730000
103 0.435925890000
104 0.415637910000
105 0.409160130000
106 0.386617700000
107 0.363490630000
108 0.340185010000
109 0.316949990000
110 0.317592690000
111 0.287433600000
112 0.259709160000
113 0.233701090000
114 0.208916500000
115 0.185027410000
116 0.161822180000
117 0.139161850000
118 0.065587720000
119 0.062508880000
120 0.055350600000
121 0.048266540000
122 0.041312430000
123 0.034877070000
124 0.028185470000
125 0.022108320000
126 0.016587090000
127 0.012431060000
128 0.009026810000
129 0.006377770000
130 0.004402160000
131 0.002983000000
132 0.001993620000
133 0.001319250000
134 0.000866990000
135 0.000567120000
136 0.000369800000
137 0.000240640000
138 0.000156370000
139 0.000101530000
140 0.000065880000
141 0.000042730000
142 0.000027710000
143 0.000000260000
144 0.000000090000
145 0.000000030000
146 0.000000010000
147 0.000000000000
148 0.000000000000
149 0.000000000000
150 0.000000000000
151 0.000000000000
152 0.000000000000
153 0.000000000000
154 0.000000000000
155 0.000000000000
156 0.000000000000
157 0.000000000000
158 0.000000000000
159 0.000000000000
160 0.000000000000
161 0.000000510000
162 0.000000750000
163 0.000000000000
164 0.000000000000
165 0.000000000000
166 0.000000000000
167 0.000000020000
168 0.000000100000
169 0.000000410000
170 0.000003110000
171 0.000020490000
172 0.000120900000
173 0.000650830000
174 0.003104490000

[sminus]
1 0.011552450000
2 0.011552450000
3 0.005394070000
4 0.002272710000
5 0.000905870000
6 0.000352160000
7 0.000135500000
8 0.000051920000
9 0.000019860000
10 0.000007520000
11 0.000002870000
12 0.000001100000
13 0.000000420000
14 0.000000160000
15 0.000000060000
16 0.000000020000
17 0.000000010000
18 0.000000000000
19 0.000000000000
20 0.000000000000
21 0.000000000000
22 0.000000000000
23 0.000000000000
24 0.000000000000
25 0.000000000000
26 0.000000000000
27 0.000000000000
28 0.000000000000
29 0.000000000000
30 0.000000000000
31 0.000000000000
32 0.000000000000
33 0.000000000000
34 0.000000000000
35 0.000000000000
36 0.000000000000
37 0.000000000000
38 0.000000000000
39 0.000000000000
40 0.000000000000
41 -0.000000000000
42 -0.000000000000
43 -0.000000000000
44 -0.000000000000
45 -0.000000000000
46 -0.000000000000
47 -0.000000000000
48 0.000000000000
49 0.000000000000
50 0.000000000000
51 0.000000000000
52 0.000000000000
53 0.000000000000
54 0.000000000000
55 0.000000000000
56 -0.000000000000
57 -0.000000000000
58 -0.000000000000
59 -0.000000000000
60 -0.000000000000
61 -0.000000000000
62 -0.000000000000
63 -0.000000000000
64 -0.000000000000
65 -0.000000000000
66 -0.000000000000
67 -0.000000000000
68 -0.000000000000
69 -0.000000000000
70 -0.000000000000
71 -0.000000000000
72 -0.000000000000
73 0.000000000000
74 0.000000000000
75 0.000000000000
76 0.000000000000
77 0.000000000000
78 0.000000000000
79 0.000000000000
80 -0.000000000000
81 0.000000000000
82 -0.000000000000
83 0.000000000000
84 0.000000000000
85 0.000000000000
86 -0.000000000000
87 0.000000000000
88 0.000000000000
89 0.000000000000
90 0.000000000000
91 0.000000000000
92 0.000000000000
93 0.000000000000
94 0.000000000000
95 0.000000000000
96 0.000000000000
97 0.000000000000
98 0.000000000000
99 0.000000000000
100 0.000000000000
101 0.000000000000
102 0.000000000000
103 0.000000000000
104 0.000000000000
105 0.000000000000
106 0.000000000000
107 0.000000000000
108 0.000000000000
109 0.000000000000
110 0.000000000000
111 0.000000000000
112 0.000000000000
113 0.000000010000
114 0.000000060000
115 0.000000250000
116 0.000001010000
117 0.000003940000
118 0.000328900000
119 0.000396430000
120 0.000613060000
121 0.000947140000
122 0.001459550000
123 0.002194360000
124 0.003395370000
125 0.005140580000
126 0.007691060000
127 0.010717840000
128 0.014530370000
129 0.019097170000
130 0.024341230000
131 0.030143900000
132 0.036377810000
133 0.042927740000
134 0.049700500000
135 0.056626130000
136 0.063654620000
137 0.070751460000
138 0.077893310000
139 0.085064610000
140 0.092255110000
141 0.099458110000
142 0.106669240000
143 0.184164660000
144 0.202278540000
145 0.220142240000
146 0.237720520000
147 0.254983920000
148 0.271914340000
149 0.288505800000
150 0.304778900000
151 0.320795610000
152 0.355056620000
153 0.375734800000
154 0.420173280000
155 0.445577090000
156 0.501825640000
157 0.485934120000
158 0.543603940000
159 0.497933960000
160 0.454648080000
161 0.173246950000
162 0.166812820000
163 0.333624620000
164 0.308314430000
165 0.282351870000
166 0.255810770000
167 0.228758540000
168 0.201244750000
169 0.177069570000
170 0.143114660000
171 0.111700350000
172 0.082163260000
173 0.054373090000
174 0.029537530000

[k]
1 0.000000000000
2 0.000000000000
3 -0.027773410000
4 -0.045320990000
5 -0.050287900000
6 -0.047164050000
7 -0.040799070000
8 -0.033188140000
9 -0.023342690000
10 -0.005069770000
11 0.028872420000
12 0.061137170000
13 0.087383250000
14 0.063903590000
15 0.031303930000
16 -0.003158920000
17 -0.007873260000
18 -0.006707910000
19 -0.005605940000
20 -0.004743060000
21 -0.004059070000
22 -0.003507790000
23 -0.003058730000
24 -0.002687260000
25 -0.002376150000
26 -0.002113580000
27 -0.001889700000
28 -0.001697410000
29 -0.001531940000
30 -0.001387860000
31 -0.001261760000
32 -0.001150820000
33 -0.001052780000
34 -0.000966000000
35 -0.000888660000
36 -0.000819460000
37 -0.000757350000
38 -0.000701550000
39 -0.000651140000
40 -0.000606470000
41 -0.004190190000
42 -0.040871570000
43 -0.078187680000
44 -0.116458360000
45 -0.156165520000
46 -0.197916060000
47 -0.242474810000
48 -0.290426080000
49 -0.340297210000
50 -0.392689440000
51 -0.420703360000
52 -0.420521200000
53 -0.388065340000
54 -0.354436090000
55 -0.318891730000
56 -0.278740140000
57 -0.234625530000
58 -0.192624740000
59 -0.152339680000
60 -0.113430770000
61 -0.075588190000
62 -0.038554800000
63 -0.002478830000
64 -0.001742770000
65 -0.005218810000
66 0.004466930000
67 0.017628410000
68 0.054073310000
69 0.091647260000
70 0.130434190000
71 0.170906890000
72 0.213709640000
73 0.259540060000
74 0.307779160000
75 0.353944290000
76 0.350456000000
77 0.327857690000
78 0.300647650000
79 0.270175710000
80 0.234090710000
81 0.192523670000
82 0.152629220000
83 0.113559680000
84 0.075554530000
85 0.038384730000
86 0.002266180000
87 0.001216410000
88 0.001356260000
89 0.001529110000
90 0.001745020000
91 0.002021980000
92 0.002388970000
93 0.002899990000
94 0.003664690000
95 0.005205760000
96 0.019980630000
97 0.052588330000
98 0.086952460000
99 0.119114350000
100 0.156142560000
101 0.202689080000
102 0.252509470000
103 0.306724310000
104 0.366740520000
105 0.421000690000
106 0.421032180000
107 0.421049190000
108 0.421059210000
109 0.421065020000
110 0.420438650000
111 0.348008920000
112 0.285285490000
113 0.229417440000
114 0.178454210000
115 0.130994380000
116 0.085976020000
117 0.042547570000
118 -0.000015530000
119 -0.000139300000
120 0.024785380000
121 0.049830110000
122 0.074999440000
123 0.075811740000
124 0.050289190000
125 0.024916470000
126 -0.000317900000
127 0.018948080000
128 0.005859740000
129 0.002244030000
130 0.001422200000
131 0.001048320000
132 0.000833280000
133 0.000694030000
134 0.000596940000
135 0.000525730000
136 0.000471570000
137 0.000429290000
138 0.000395610000
139 0.000368400000
140 0.000346200000
141 0.000328000000
142 0.000313010000
143 0.000016950000
144 -0.039750190000
145 -0.079864240000
146 -0.120836070000
147 -0.163211170000
148 -0.207601070000
149 -0.254721580000
150 -0.305441040000
151 -0.360837020000
152 -0.421042370000
153 -0.421047240000
154 -0.419569000000
155 -0.351428770000
156 -0.290548710000
157 -0.230887990000
158 -0.175027370000
159 -0.113384480000
160 -0.055635600000
161 0.000010160000
162 0.000143780000
163 0.000010050000
164 -0.047877530000
165 -0.096980460000
166 -0.148279990000
167 -0.202953160000
168 -0.262497750000
169 -0.328914890000
170 -0.260992970000
171 -0.200890920000
172 -0.146314670000
173 -0.095478000000
174 -0.047057310000

[up]
1 0.011552450000
2 0.011552450000
3 0.021997480000
4 0.035824410000
5 0.051353790000
6 0.067379130000
7 0.083414400000
8 0.099281130000
9 0.114735990000
10 0.129031910000
11 0.148427410000
12 0.169865280000
13 0.191342400000
14 0.204474050000
15 0.215075300000
16 0.225050080000
17 0.242160540000
18 0.258001320000
19 0.273824850000
20 0.289680890000
21 0.305562860000
22 0.321464820000
23 0.337383100000
24 0.353312880000
25 0.369252680000
26 0.385200500000
27 0.401155240000
28 0.417115900000
29 0.433079850000
30 0.449047140000
31 0.465018020000
32 0.480991560000
33 0.496967360000
34 0.512943730000
35 0.528921970000
36 0.544901980000
37 0.560883580000
38 0.576865340000
39 0.592848190000
40 0.608832060000
41 0.633591360000
42 0.673011860000
43 0.714309170000
44 0.758226180000
45 0.805902750000
46 0.858698090000
47 0.910919360000
48 0.914362050000
49 0.909984510000
50 0.715780820000
51 0.618320450000
52 0.581614610000
53 0.601224470000
54 0.658965430000
55 0.775006530000
56 0.886555270000
57 0.871614030000
58 0.854535040000
59 0.834905810000
60 0.813033950000
61 0.789427290000
62 0.764697760000
63 0.741791590000
64 0.741367180000
65 0.743775950000
66 0.742951440000
67 0.754316390000
68 0.780373360000
69 0.807827520000
70 0.837417970000
71 0.870152120000
72 0.904779060000
73 0.915416320000
74 0.912380370000
75 0.688092260000
76 0.607789560000
77 0.594447970000
78 0.632061620000
79 0.735762440000
80 0.864979270000
81 0.847576130000
82 0.839474700000
83 0.799919000000
84 0.759030910000
85 0.718035300000
86 0.680127430000
87 0.662920880000
88 0.646260280000
89 0.629643230000
90 0.613068270000
91 0.596534090000
92 0.580052840000
93 0.563644890000
94 0.547360730000
95 0.531466090000
96 0.522152070000
97 0.520713320000
98 0.519127570000
99 0.478244340000
100 0.570550570000
101 0.568636680000
102 0.566532030000
103 0.564286630000
104 0.561971970000
105 0.574526570000
106 0.542885060000
107 0.510416160000
108 0.477693520000
109 0.445068290000
110 0.445779800000
111 0.383461880000
112 0.330836770000
113 0.285171590000
114 0.244707240000
115 0.208295460000
116 0.175178500000
117 0.144846010000
118 0.065588700000
119 0.062517240000
120 0.056667610000
121 0.050575460000
122 0.044286910000
123 0.037415400000
124 0.029546200000
125 0.022637150000
126 0.016592160000
127 0.012657180000
128 0.009077590000
129 0.006391510000
130 0.004408170000
131 0.002986010000
132 0.001995220000
133 0.001320130000
134 0.000867490000
135 0.000567400000
136 0.000369970000
137 0.000240740000
138 0.000156430000
139 0.000101560000
140 0.000065900000
141 0.000042750000
142 0.000027720000
143 0.000000260000
144 0.000000090000
145 0.000000030000
146 0.000000010000
147 0.000000000000
148 0.000000000000
149 0.000000000000
150 0.000000000000
151 0.000000000000
152 0.000000000000
153 0.000000000000
154 0.000000000000
155 0.000000000000
156 0.000000000000
157 0.000000000000
158 0.000000000000
159 0.000000000000
160 0.000000000000
161 0.000000510000
162 0.000000750000
163 0.000000000000
164 0.000000000000
165 0.000000000000
166 0.000000000000
167 0.000000020000
168 0.000000120000
169 0.000000530000
170 0.000003890000
171 0.000024440000
172 0.000137890000
173 0.000710480000
174 0.003244730000

[down]
1 0.011552450000
2 0.011552450000
3 0.005537890000
4 0.002371590000
5 0.000949600000
6 0.000368100000
7 0.000140810000
8 0.000053580000
9 0.000020300000
10 0.000007550000
11 0.000002950000
12 0.000001160000
13 0.000000450000
14 0.000000170000
15 0.000000060000
16 0.000000020000
17 0.000000010000
18 0.000000000000
19 0.000000000000
20 0.000000000000
21 0.000000000000
22 0.000000000000
23 0.000000000000
24 0.000000000000
25 0.000000000000
26 0.000000000000
27 0.000000000000
28 0.000000000000
29 0.000000000000
30 0.000000000000
31 0.000000000000
32 0.000000000000
33 0.000000000000
34 0.000000000000
35 0.000000000000
36 0.000000000000
37 0.000000000000
38 0.000000000000
39 0.000000000000
40 0.000000000000
41 -0.000000000000
42 -0.000000000000
43 -0.000000000000
44 -0.000000000000
45 -0.000000000000
46 -0.000000000000
47 -0.000000000000
48 0.000000000000
49 0.000000000000
50 0.000000000000
51 0.000000000000
52 0.000000000000
53 0.000000000000
54 0.000000000000
55 0.000000000000
56 -0.000000000000
57 -0.000000000000
58 -0.000000000000
59 -0.000000000000
60 -0.000000000000
61 -0.000000000000
62 -0.000000000000
63 -0.000000000000
64 -0.000000000000
65 -0.000000000000
66 -0.000000000000
67 -0.000000000000
68 -0.000000000000
69 -0.000000000000
70 -0.000000000000
71 -0.000000000000
72 -0.000000000000
73 0.000000000000
74 0.000000000000
75 0.000000000000
76 0.000000000000
77 0.000000000000
78 0.000000000000
79 0.000000000000
80 -0.000000000000
81 0.000000000000
82 -0.000000000000
83 0.000000000000
84 0.000000000000
85 0.000000000000
86 -0.000000000000
87 0.000000000000
88 0.000000000000
89 0.000000000000
90 0.000000000000
91 0.000000000000
92 0.000000000000
93 0.000000000000
94 0.000000000000
95 0.000000000000
96 0.000000000000
97 0.000000000000
98 0.000000000000
99 0.000000000000
100 0.000000000000
101 0.000000000000
102 0.000000000000
103 0.000000000000
104 0.000000000000
105 0.000000000000
106 0.000000000000
107 0.000000000000
108 0.000000000000
109 0.000000000000
110 0.000000000000
111 0.000000000000
112 0.000000000000
113 0.000000020000
114 0.000000070000
115 0.000000280000
116 0.000001100000
117 0.000004100000
118 0.000328900000
119 0.000396480000
120 0.000627650000
121 0.000992450000
122 0.001564640000
123 0.002354070000
124 0.003559290000
125 0.005263540000
126 0.007693400000
127 0.010912800000
128 0.014612110000
129 0.019138310000
130 0.024374460000
131 0.030174240000
132 0.036406910000
133 0.042956340000
134 0.049728980000
135 0.056654710000
136 0.063683440000
137 0.070780620000
138 0.077922890000
139 0.085094690000
140 0.092285780000
141 0.099489430000
142 0.106701290000
143 0.184167650000
144 0.209997520000
145 0.237020480000
146 0.265296720000
147 0.294935500000
148 0.326106060000
149 0.359054900000
150 0.394147200000
151 0.431920340000
152 0.498570750000
153 0.527608820000
154 0.589413300000
155 0.595902160000
156 0.641798240000
157 0.593642620000
158 0.634943680000
159 0.552133620000
160 0.478930920000
161 0.173248640000
162 0.166835850000
163 0.333627840000
164 0.322485310000
165 0.308639180000
166 0.292225120000
167 0.273328720000
168 0.251958000000
169 0.232980760000
170 0.178972510000
171 0.133242360000
172 0.093704080000
173 0.059356860000
174 0.030871890000

[left]
1 0.023104910000
2 0.023104910000
3 0.022692250000
4 0.021892790000
5 0.021307110000
6 0.021029390000
7 0.020931250000
8 0.020945470000
9 0.021160220000
10 0.022472590000
11 0.029457530000
12 0.042913460000
13 0.058989830000
14 0.050035330000
15 0.034743430000
16 0.022405640000
17 0.021497570000
18 0.021603830000
19 0.021732140000
20 0.021844550000
21 0.021942520000
22 0.022028460000
23 0.022103850000
24 0.022170700000
25 0.022230480000
26 0.022284060000
27 0.022332440000
28 0.022376320000
29 0.022415950000
30 0.022452200000
31 0.022485450000
32 0.022516060000
33 0.022544310000
34 0.022570330000
35 0.022594470000
36 0.022616920000
37 0.022637850000
38 0.022657320000
39 0.022675540000
40 0.022691980000
41 0.020912860000
42 0.036162400000
43 0.059814730000
44 0.085335820000
45 0.113227950000
46 0.144227880000
47 0.178000290000
48 0.204466480000
49 0.228392840000
50 0.201186700000
51 0.183690470000
52 0.173421760000
53 0.169470350000
54 0.173445310000
55 0.187335070000
56 0.192662300000
57 0.166610340000
58 0.140605640000
59 0.114635770000
60 0.088814360000
61 0.063236730000
62 0.037976060000
63 0.021356330000
64 0.021781710000
65 0.020420200000
66 0.028515200000
67 0.055686400000
68 0.145173240000
69 0.238238000000
70 0.335009960000
71 0.437453670000
72 0.546691170000
73 0.644229020000
74 0.729508070000
75 0.596300610000
76 0.519563790000
77 0.483847670000
78 0.484217340000
79 0.524882990000
80 0.559311070000
81 0.468476510000
82 0.383256130000
83 0.283543140000
84 0.188743760000
85 0.099458970000
86 0.025242430000
87 0.024142660000
88 0.024236810000
89 0.024354480000
90 0.024503010000
91 0.024696390000
92 0.024957970000
93 0.025333400000
94 0.025921040000
95 0.027226340000
96 0.045732670000
97 0.095198540000
98 0.144852500000
99 0.173837930000
100 0.260096270000
101 0.320104860000
102 0.378628100000
103 0.436475040000
104 0.494427240000
105 0.556672560000
106 0.524843310000
107 0.492388500000
108 0.459900730000
109 0.427733380000
110 0.427999840000
111 0.322015550000
112 0.240483650000
113 0.176518150000
114 0.125803860000
115 0.085588760000
116 0.054455460000
117 0.033143250000
118 0.023103860000
119 0.023095990000
120 0.024717240000
121 0.026184360000
122 0.027250740000
123 0.026435000000
124 0.024612850000
125 0.023573900000
126 0.023102010000
127 0.023150150000
128 0.023073730000
129 0.023076380000
130 0.023076470000
131 0.023076350000
132 0.023076190000
133 0.023076000000
134 0.023075770000
135 0.023075500000
136 0.023075180000
137 0.023074810000
138 0.023074390000
139 0.023073900000
140 0.023073350000
141 0.023072730000
142 0.023072030000
143 0.023101880000
144 0.037622160000
145 0.063837210000
146 0.096595740000
147 0.134737210000
148 0.178643610000
149 0.229078860000
150 0.287104720000
151 0.354187050000
152 0.454054350000
153 0.479830670000
154 0.533375840000
155 0.475054740000
156 0.443134630000
157 0.343653660000
158 0.293183330000
159 0.178668100000
160 0.086456760000
161 0.023103200000
162 0.023081620000
163 0.023101780000
164 0.055703810000
165 0.092627170000
166 0.123831820000
167 0.148977400000
168 0.167918320000
169 0.183945150000
170 0.122115640000
171 0.078051510000
172 0.048069920000
173 0.031168510000
174 0.024579950000

[right]
1 0.023104910000
2 0.023104910000
3 0.023603370000
4 0.024870450000
5 0.026278410000
6 0.027268330000
7 0.027702910000
8 0.027581020000
9 0.026626560000
10 0.023836470000
11 0.020687560000
12 0.022203850000
13 0.026297970000
14 0.023845060000
15 0.020785870000
16 0.023924660000
17 0.025568210000
18 0.025316690000
19 0.025041050000
20 0.024819650000
21 0.024639820000
22 0.024491020000
23 0.024366700000
24 0.024260930000
25 0.024169680000
26 0.024090420000
27 0.024020780000
28 0.023959150000
29 0.023904690000
30 0.023855820000
31 0.023811780000
32 0.023771880000
33 0.023735590000
34 0.023702610000
35 0.023672380000
36 0.023644570000
37 0.023618920000
38 0.023595290000
39 0.023573360000
40 0.023553740000
41 0.027117620000
42 0.098490480000
43 0.182585680000
44 0.273724880000
45 0.373864940000
46 0.485813230000
47 0.608087660000
48 0.700458080000
49 0.782503870000
50 0.668823800000
51 0.600827610000
52 0.563401680000
53 0.551944180000
54 0.570219620000
55 0.627771580000
56 0.656783270000
57 0.564969060000
58 0.472836000000
59 0.380410000000
60 0.288214700000
61 0.196703930000
62 0.106200760000
63 0.025760780000
64 0.024878770000
65 0.029693650000
66 0.020581350000
67 0.024279190000
68 0.048819840000
69 0.074769220000
70 0.101733050000
71 0.130236150000
72 0.160604240000
73 0.188246230000
74 0.212926830000
75 0.180426010000
76 0.159617890000
77 0.149265140000
78 0.148548340000
79 0.158190560000
80 0.165143630000
81 0.139498000000
82 0.115371690000
83 0.087645950000
84 0.061226030000
85 0.036266580000
86 0.021597000000
87 0.022240150000
88 0.022176470000
89 0.022099690000
90 0.022007010000
91 0.021893020000
92 0.021749930000
93 0.021564710000
94 0.021316190000
95 0.020907240000
96 0.022319950000
97 0.035794900000
98 0.050256760000
99 0.059043180000
100 0.083525920000
101 0.101184910000
102 0.118520320000
103 0.135768210000
104 0.153161140000
105 0.171578930000
106 0.162773670000
107 0.153733520000
108 0.144620580000
109 0.135533590000
110 0.135600190000
111 0.104479820000
112 0.080383230000
113 0.061360930000
114 0.046189670000
115 0.034120050000
116 0.025072990000
117 0.020706050000
118 0.023105950000
119 0.023113840000
120 0.021923830000
121 0.021337340000
122 0.021116110000
123 0.021356430000
124 0.022060590000
125 0.022708820000
126 0.023107810000
127 0.023081670000
128 0.023138370000
129 0.023133900000
130 0.023133630000
131 0.023133700000
132 0.023133830000
133 0.023134010000
134 0.023134240000
135 0.023134520000
136 0.023134840000
137 0.023135210000
138 0.023135650000
139 0.023136140000
140 0.023136700000
141 0.023137330000
142 0.023138040000
143 0.023107930000
144 0.022104910000
145 0.030064410000
146 0.041669120000
147 0.055520390000
148 0.071668990000
149 0.090424360000
150 0.112221140000
151 0.137655620000
152 0.176971670000
153 0.188243220000
154 0.212363960000
155 0.191909420000
156 0.183589390000
157 0.143042880000
158 0.125803440000
159 0.078058110000
160 0.040833460000
161 0.023106620000
162 0.023128330000
163 0.023108030000
164 0.027999110000
165 0.040878850000
166 0.051644370000
167 0.059993950000
168 0.065943670000
169 0.070814660000
170 0.048928340000
171 0.033738330000
172 0.024183670000
173 0.020892070000
174 0.022074410000
