  0.02310491
  0.02310491
  0.02360337
  0.02487045
  0.02627841
  0.02726833
  0.02770291
  0.02758102
  0.02662656
  0.02383647
  0.02068756
  0.02220385
  0.02629797
  0.02384506
  0.02078587
  0.02392466
  0.02556821
  0.02531669
  0.02504105
  0.02481965
  0.02463982
  0.02449102
  0.02436670
  0.02426093
  0.02416968
  0.02409042
  0.02402078
  0.02395915
  0.02390469
  0.02385582
  0.02381178
  0.02377188
  0.02373559
  0.02370261
  0.02367238
  0.02364457
  0.02361892
  0.02359529
  0.02357336
  0.02355374
  0.02711762
  0.09849048
  0.18258568
  0.27372488
  0.37386494
  0.48581323
  0.60808766
  0.70045808
  0.78250387
  0.66882380
  0.60082761
  0.56340168
  0.55194418
  0.57021962
  0.62777158
  0.65678327
  0.56496906
  0.47283600
  0.38041000
  0.28821470
  0.19670393
  0.10620076
  0.02576078
  0.02487877
  0.02969365
  0.02058135
  0.02427919
  0.04881984
  0.07476922
  0.10173305
  0.13023615
  0.16060424
  0.18824623
  0.21292683
  0.18042601
  0.15961789
  0.14926514
  0.14854834
  0.15819056
  0.16514363
  0.13949800
  0.11537169
  0.08764595
  0.06122603
  0.03626658
  0.02159700
  0.02224015
  0.02217647
  0.02209969
  0.02200701
  0.02189302
  0.02174993
  0.02156471
  0.02131619
  0.02090724
  0.02231995
  0.03579490
  0.05025676
  0.05904318
  0.08352592
  0.10118491
  0.11852032
  0.13576821
  0.15316114
  0.17157893
  0.16277367
  0.15373352
  0.14462058
  0.13553359
  0.13560019
  0.10447982
  0.08038323
  0.06136093
  0.04618967
  0.03412005
  0.02507299
  0.02070605
  0.02310595
  0.02311384
  0.02192383
  0.02133734
  0.02111611
  0.02135643
  0.02206059
  0.02270882
  0.02310781
  0.02308167
  0.02313837
  0.02313390
  0.02313363
  0.02313370
  0.02313383
  0.02313401
  0.02313424
  0.02313452
  0.02313484
  0.02313521
  0.02313565
  0.02313614
  0.02313670
  0.02313733
  0.02313804
  0.02310793
  0.02210491
  0.03006441
  0.04166912
  0.05552039
  0.07166899
  0.09042436
  0.11222114
  0.13765562
  0.17697167
  0.18824322
  0.21236396
  0.19190942
  0.18358939
  0.14304288
  0.12580344
  0.07805811
  0.04083346
  0.02310662
  0.02312833
  0.02310803
  0.02799911
  0.04087885
  0.05164437
  0.05999395
  0.06594367
  0.07081466
  0.04892834
  0.03373833
  0.02418367
  0.02089207
  0.02207441
