  0.01155245
  0.01155245
  0.02142620
  0.03433074
  0.04898878
  0.06446052
  0.08027044
  0.09621564
  0.11222122
  0.12840696
  0.14442432
  0.16044830
  0.17653338
  0.19265515
  0.20880048
  0.22436967
  0.24034394
  0.25635053
  0.27235909
  0.28836786
  0.30437679
  0.32038593
  0.33639532
  0.35240376
  0.36841230
  0.38442050
  0.40042882
  0.41643731
  0.43244387
  0.44844965
  0.46445543
  0.48046075
  0.49646560
  0.51246848
  0.52847113
  0.54447365
  0.56047608
  0.57647709
  0.59247783
  0.60847779
  0.63105290
  0.64760209
  0.66443646
  0.68198072
  0.70083443
  0.72159539
  0.73891729
  0.71501063
  0.68590833
  0.51981863
  0.44043833
  0.41434385
  0.43803698
  0.49167034
  0.59335818
  0.69940193
  0.71138198
  0.72117545
  0.72838268
  0.73319387
  0.73601836
  0.73740449
  0.74003055
  0.74012890
  0.74006816
  0.73977908
  0.74176334
  0.74186299
  0.74250127
  0.74422812
  0.74750804
  0.75075354
  0.73282641
  0.70428629
  0.51358353
  0.45478330
  0.45213991
  0.49049429
  0.58423113
  0.70626287
  0.71536115
  0.73219110
  0.72128633
  0.70769978
  0.69251653
  0.67865101
  0.66214765
  0.64541993
  0.62872031
  0.61204297
  0.59537840
  0.57872559
  0.56208006
  0.54544181
  0.52882328
  0.51232496
  0.49568858
  0.47913230
  0.42916894
  0.49617540
  0.47601326
  0.45599473
  0.43592589
  0.41563791
  0.40916013
  0.38661770
  0.36349063
  0.34018501
  0.31694999
  0.31759269
  0.28743360
  0.25970916
  0.23370109
  0.20891650
  0.18502741
  0.16182218
  0.13916185
  0.06558772
  0.06250888
  0.05535060
  0.04826654
  0.04131243
  0.03487707
  0.02818547
  0.02210832
  0.01658709
  0.01243106
  0.00902681
  0.00637777
  0.00440216
  0.00298300
  0.00199362
  0.00131925
  0.00086699
  0.00056712
  0.00036980
  0.00024064
  0.00015637
  0.00010153
  0.00006588
  0.00004273
  0.00002771
  0.00000026
  0.00000009
  0.00000003
  0.00000001
  0.00000000
  0.00000000
  0.00000000
  0.00000000
  0.00000000
  0.00000000
  0.00000000
  0.00000000
  0.00000000
  0.00000000
  0.00000000
  0.00000000
  0.00000000
  0.00000000
  0.00000051
  0.00000075
  0.00000000
  0.00000000
  0.00000000
  0.00000000
  0.00000002
  0.00000010
  0.00000041
  0.00000311
  0.00002049
  0.00012090
  0.00065083
  0.00310449
