 -0.00499996
 -0.00499996
 -0.00499996
 -0.00544523
 -0.00689813
 -0.00931612
 -0.01233973
 -0.01560916
 -0.01880065
 -0.02141973
 -0.02207069
 -0.01790089
 -0.00809160
  0.00733442
  0.01964577
  0.02618204
  0.02547327
  0.02358098
  0.02186141
  0.02033458
  0.01896683
  0.01773135
  0.01660750
  0.01557856
  0.01463155
  0.01375615
  0.01294365
  0.01218696
  0.01148009
  0.01081761
  0.01019523
  0.00960920
  0.00905627
  0.00853360
  0.00803856
  0.00756893
  0.00712275
  0.00669827
  0.00629384
  0.00590806
  0.00553903
  0.00289480
 -0.02357371
 -0.07552446
 -0.15494681
 -0.26439298
 -0.40720830
 -0.58637713
 -0.79403486
 -1.02744755
 -1.23157483
 -1.41686872
 -1.59110909
 -1.76109607
 -1.93536178
 -2.12457881
 -2.31953020
 -2.48643858
 -2.62535482
 -2.73631641
 -2.81948316
 -2.87511746
 -2.90354794
 -2.90538236
 -2.90667223
 -2.91053450
 -2.90722996
 -2.89415387
 -2.85403890
 -2.78599072
 -2.68891795
 -2.56116371
 -2.40072045
 -2.21052262
 -1.99375796
 -1.81197802
 -1.65259650
 -1.50435894
 -1.35689297
 -1.19904786
 -1.03371828
 -0.89599434
 -0.78424058
 -0.70233154
 -0.64886162
 -0.62227957
 -0.62074163
 -0.61993619
 -0.61906083
 -0.61809945
 -0.61703142
 -0.61582758
 -0.61444502
 -0.61281500
 -0.61081612
 -0.60806319
 -0.59782661
 -0.57175917
 -0.53009743
 -0.47897722
 -0.40150309
 -0.30502037
 -0.18987734
 -0.05616824
  0.09626307
  0.26851976
  0.43129826
  0.58434569
  0.72758372
  0.86104028
  0.99456852
  1.09459797
  1.16868923
  1.22230433
  1.25958635
  1.28382386
  1.29773660
  1.30365743
  1.30365642
  1.30364777
  1.30500446
  1.30736239
  1.31035133
  1.31282906
  1.31407574
  1.31449851
  1.31449569
  1.31452815
  1.31449590
  1.31446735
  1.31443900
  1.31441052
  1.31438187
  1.31435299
  1.31432384
  1.31429437
  1.31426453
  1.31423426
  1.31420351
  1.31417221
  1.31414029
  1.31410768
  1.31407430
  1.31407118
  1.32211179
  1.33969328
  1.36841849
  1.41003471
  1.46648442
  1.53997307
  1.63306505
  1.74881998
  1.89831387
  2.05651597
  2.23280765
  2.38939626
  2.53520105
  2.64739740
  2.74254297
  2.79900095
  2.82429557
  2.82429381
  2.82426983
  2.82426648
  2.83902781
  2.86641042
  2.90434204
  2.95076930
  3.00359557
  3.06183626
  3.09918737
  3.12162284
  3.13362684
  3.13875613
  3.14000000
