  0.01155245
  0.01155245
  0.02199748
  0.03582441
  0.05135379
  0.06737913
  0.08341440
  0.09928113
  0.11473599
  0.12903191
  0.14842741
  0.16986528
  0.19134240
  0.20447405
  0.21507530
  0.22505008
  0.24216054
  0.25800132
  0.27382485
  0.28968089
  0.30556286
  0.32146482
  0.33738310
  0.35331288
  0.36925268
  0.38520050
  0.40115524
  0.41711590
  0.43307985
  0.44904714
  0.46501802
  0.48099156
  0.49696736
  0.51294373
  0.52892197
  0.54490198
  0.56088358
  0.57686534
  0.59284819
  0.60883206
  0.63359136
  0.67301186
  0.71430917
  0.75822618
  0.80590275
  0.85869809
  0.91091936
  0.91436205
  0.90998451
  0.71578082
  0.61832045
  0.58161461
  0.60122447
  0.65896543
  0.77500653
  0.88655527
  0.87161403
  0.85453504
  0.83490581
  0.81303395
  0.78942729
  0.76469776
  0.74179159
  0.74136718
  0.74377595
  0.74295144
  0.75431639
  0.78037336
  0.80782752
  0.83741797
  0.87015212
  0.90477906
  0.91541632
  0.91238037
  0.68809226
  0.60778956
  0.59444797
  0.63206162
  0.73576244
  0.86497927
  0.84757613
  0.83947470
  0.79991900
  0.75903091
  0.71803530
  0.68012743
  0.66292088
  0.64626028
  0.62964323
  0.61306827
  0.59653409
  0.58005284
  0.56364489
  0.54736073
  0.53146609
  0.52215207
  0.52071332
  0.51912757
  0.47824434
  0.57055057
  0.56863668
  0.56653203
  0.56428663
  0.56197197
  0.57452657
  0.54288506
  0.51041616
  0.47769352
  0.44506829
  0.44577980
  0.38346188
  0.33083677
  0.28517159
  0.24470724
  0.20829546
  0.17517850
  0.14484601
  0.06558870
  0.06251724
  0.05666761
  0.05057546
  0.04428691
  0.03741540
  0.02954620
  0.02263715
  0.01659216
  0.01265718
  0.00907759
  0.00639151
  0.00440817
  0.00298601
  0.00199522
  0.00132013
  0.00086749
  0.00056740
  0.00036997
  0.00024074
  0.00015643
  0.00010156
  0.00006590
  0.00004275
  0.00002772
  0.00000026
  0.00000009
  0.00000003
  0.00000001
  0.00000000
  0.00000000
  0.00000000
  0.00000000
  0.00000000
  0.00000000
  0.00000000
  0.00000000
  0.00000000
  0.00000000
  0.00000000
  0.00000000
  0.00000000
  0.00000000
  0.00000051
  0.00000075
  0.00000000
  0.00000000
  0.00000000
  0.00000000
  0.00000002
  0.00000012
  0.00000053
  0.00000389
  0.00002444
  0.00013789
  0.00071048
  0.00324473
