  0.00000000
 -0.37946853
 -0.23875378
 -0.06733752
  0.04233688
  0.08641241
  0.10355817
  0.13426032
  0.24973451
  0.46326262
  0.43724886
  0.35094872
 -0.31365897
 -0.44123610
 -0.47011321
 -0.06452402
  0.01595081
  0.01508387
  0.01181164
  0.00936300
  0.00754641
  0.00614705
  0.00508499
  0.00425879
  0.00359431
  0.00306459
  0.00263221
  0.00226506
  0.00197225
  0.00172618
  0.00151860
  0.00134207
  0.00118784
  0.00105879
  0.00094719
  0.00085022
  0.00076381
  0.00069011
  0.00061148
 -0.04905585
 -0.49566775
 -0.49804794
 -0.49876476
 -0.49909303
 -0.49926107
 -0.49933062
 -0.49928820
 -0.49896655
 -0.49693465
 -0.32429616
  0.00242125
  0.47353670
  0.49478799
  0.49732888
  0.49852573
  0.49908391
  0.49911710
  0.49900102
  0.49871081
  0.49807637
  0.49642154
  0.48814500
  0.00994509
 -0.04695797
  0.13085843
  0.17779557
  0.48855289
  0.49568812
  0.49758298
  0.49833005
  0.49863428
  0.49862579
  0.49792177
  0.45586797
 -0.04538321
 -0.34023531
 -0.43128514
 -0.46845669
 -0.49231571
 -0.49777456
 -0.49812460
 -0.49794954
 -0.49725061
 -0.49535526
 -0.48592271
 -0.01409765
  0.00187785
  0.00232123
  0.00289987
  0.00372016
  0.00492980
  0.00686498
  0.01027322
  0.02070342
  0.19837009
  0.43556292
  0.45263737
  0.41426412
  0.49806880
  0.49888667
  0.49901256
  0.49892839
  0.49838100
  0.40390227
  0.00021452
  0.00011595
  0.00006858
  0.00003988
 -0.00432263
 -0.49950200
 -0.49974134
 -0.49981618
 -0.49985269
 -0.49987423
 -0.49988833
 -0.49989816
 -0.49990532
 -0.00262405
  0.49802799
  0.49682020
  0.49315480
  0.01576571
 -0.49185266
 -0.49534587
 -0.49642711
  0.39339643
 -0.26658672
 -0.07373072
 -0.01675435
 -0.00762093
 -0.00438273
 -0.00283767
 -0.00197863
 -0.00145105
 -0.00110340
 -0.00086164
 -0.00068621
 -0.00055436
 -0.00045221
 -0.00037089
 -0.00030545
 -0.00603160
 -0.49988267
 -0.49986849
 -0.49984961
 -0.49982326
 -0.49978399
 -0.49971936
 -0.49959296
 -0.49923283
 -0.48888899
 -0.00003550
  0.01075559
  0.49933829
  0.49966861
  0.49979988
  0.49985494
  0.49992014
  0.49993934
  0.49995064
  0.00290704
 -0.00291119
 -0.49993812
 -0.49992565
 -0.49990682
 -0.49987501
 -0.49980959
 -0.49959722
  0.49735939
  0.49959643
  0.49974605
  0.49979649
  0.49981814
  0.49982607
  0.00000000
