 26.64425428
 26.64425428
 26.64425428
 26.64417412
 26.64399956
 26.64366788
 26.64307065
 26.64208183
 26.64058085
 26.63847152
 26.63572145
 26.63253423
 26.62966223
 26.62823381
 26.62964681
 26.63374859
 26.63962238
 26.64574406
 26.65178850
 26.65774218
 26.66360561
 26.66937833
 26.67505890
 26.68064533
 26.68613505
 26.69152530
 26.69681328
 26.70199615
 26.70707113
 26.71203551
 26.71688657
 26.72162172
 26.72623849
 26.73073455
 26.73510770
 26.73935580
 26.74347684
 26.74746894
 26.75133031
 26.75505925
 26.75865415
 26.76214956
 26.76402423
 26.74836245
 26.69690518
 26.58874712
 26.40017737
 26.10753106
 25.71188208
 25.22270090
 24.77774544
 24.36240593
 23.95296106
 23.51501445
 23.03221993
 22.47785796
 21.88298766
 21.36186383
 20.92246501
 20.56292675
 20.27384845
 20.04084838
 19.84666568
 19.67216431
 19.49895945
 19.32669705
 19.15728196
 18.98502734
 18.80332911
 18.59275038
 18.33364390
 18.00670456
 17.59500427
 17.10039628
 16.53537589
 16.06705034
 15.62542997
 15.17480181
 14.68538954
 14.11447300
 13.45645222
 12.84180861
 12.27009128
 11.76065554
 11.30348204
 10.88500832
 10.48943014
 10.10429951
  9.72932135
  9.36449348
  9.00982236
  8.66532657
  8.33103484
  8.00699279
  7.69326967
  7.38997038
  7.09728995
  6.81829294
  6.55902858
  6.34203332
  6.11336015
  5.92733311
  5.79039222
  5.70811633
  5.68478305
  5.72410944
  5.82668102
  5.97863859
  6.16630302
  6.37709610
  6.61799681
  6.85901678
  7.08983176
  7.30489247
  7.50125068
  7.67738984
  7.83259337
  7.96659552
  8.02953962
  8.08944894
  8.14224480
  8.18790257
  8.22638059
  8.25796109
  8.28193090
  8.29834257
  8.30694802
  8.30860528
  8.30328146
  8.29097755
  8.27168995
  8.24541667
  8.21215640
  8.17190828
  8.12467171
  8.07044634
  8.00923199
  7.94102858
  7.86583613
  7.78365471
  7.69448446
  7.59832551
  7.49517799
  7.31704912
  7.12140001
  6.90803002
  6.67662947
  6.42684942
  6.15844124
  5.87150363
  5.56686950
  5.24669562
  4.89725045
  4.54148826
  4.16991255
  3.81846029
  3.47559084
  3.19865401
  2.94080997
  2.74734129
  2.59461167
  2.54055883
  2.48851324
  2.38441429
  2.28821176
  2.20407950
  2.13457001
  2.08080463
  2.04263509
  2.01827754
  2.00687557
  2.00214118
  2.00050291
  2.00007498
  2.00000000
