task_id 4

[x]
1 21.894865530000
2 21.894865530000
3 21.894865530000
4 21.862137370000
5 21.796661300000
6 21.698305360000
7 21.566728770000
8 21.401472590000
9 21.202434240000
10 20.969665690000
11 20.703348570000
12 20.403758100000
13 20.071039050000
14 19.705100720000
15 19.305905580000
16 18.873544800000
17 18.407964950000
18 17.907989950000
19 17.372206510000
20 16.802026830000
21 16.198269580000
22 15.562071530000
23 14.897096260000
24 14.213555330000
25 13.535407730000
26 12.868800760000
27 12.476673280000
28 12.221713750000
29 12.102031630000
30 12.102833600000
31 12.199332110000
32 12.359384380000
33 12.544989290000
34 12.715089100000
35 12.851120280000
36 12.997642510000
37 13.212594940000
38 13.555002020000
39 14.084112010000
40 14.857630850000
41 15.713795020000
42 16.663289350000
43 17.652677580000
44 18.650197150000
45 19.643622150000
46 20.656888740000
47 21.669142240000
48 22.671805160000
49 23.648686290000
50 24.565030540000
51 25.342291540000
52 25.826104920000
53 26.114944440000
54 26.237700950000
55 26.240912870000
56 26.178220500000
57 26.104394570000
58 26.074072180000
59 26.063653870000
60 26.076032230000
61 26.166652480000
62 26.282519310000
63 26.368304400000
64 26.367461720000
65 26.219337770000
66 25.857658590000
67 25.224120050000
68 24.469597130000
69 23.598420930000
70 22.665860140000
71 21.709873230000
72 20.750506140000
73 19.793624490000
74 18.836757710000
75 17.875327390000
76 16.925733330000
77 16.004377290000
78 15.111290380000
79 14.246463760000
80 13.409898000000
81 12.601593220000
82 11.821549110000
83 11.069765020000
84 10.346239900000
85 9.650971190000
86 8.983943870000
87 8.345176580000
88 7.734648990000
89 7.152455270000
90 6.598838800000
91 6.073820890000
92 5.580860950000
93 5.115396890000
94 4.677719780000
95 4.269422410000
96 3.885014300000
97 3.539591080000
98 3.217748670000
99 2.949833580000
100 2.732857660000
101 2.555784390000
102 2.419930490000
103 2.321084330000
104 2.248668410000
105 2.195910220000
106 2.158652550000
107 2.134503550000
108 2.122221350000
109 2.121246970000
110 2.131328600000
111 2.152200390000
112 2.183290200000
113 2.223436690000
114 2.270597330000
115 2.321529270000
116 2.371425020000
117 2.414287410000
118 2.442432650000
119 2.451367570000
120 2.439021950000
121 2.404507910000
122 2.348958500000
123 2.273912960000
124 2.182517770000
125 2.077656390000
126 1.967438440000
127 1.861126940000
128 1.768396540000
129 1.714355050000
130 1.682615260000
131 1.660399180000
132 1.638481630000
133 1.615495680000
134 1.593994670000
135 1.574573890000
136 1.557011450000
137 1.540925030000
138 1.526539520000
139 1.514991330000
140 1.506965780000
141 1.502385710000
142 1.500537360000
143 1.500065900000
144 1.500000000000

[y]
1 19.602689490000
2 19.602689490000
3 19.602689490000
4 19.595416560000
5 19.580986610000
6 19.560037660000
7 19.534211170000
8 19.506219110000
9 19.477243880000
10 19.447486690000
11 19.415875490000
12 19.380177970000
13 19.339184640000
14 19.293678230000
15 19.243957080000
16 19.189216260000
17 19.129872210000
18 19.075205970000
19 19.040767480000
20 19.017094850000
21 18.988379250000
22 18.933477030000
23 18.824959860000
24 18.628086670000
25 18.300517870000
26 17.759602010000
27 17.129119330000
28 16.391752340000
29 15.582729190000
30 14.728772020000
31 13.846168190000
32 12.940672780000
33 12.009323930000
34 11.026626110000
35 9.984670140000
36 8.943920320000
37 7.912517300000
38 6.907662340000
39 5.968320260000
40 5.166251370000
41 4.738862900000
42 4.507115250000
43 4.442015780000
44 4.499538250000
45 4.629782710000
46 4.785808050000
47 4.949501240000
48 5.174450930000
49 5.515024840000
50 6.025564790000
51 6.744292930000
52 7.601638480000
53 8.566075720000
54 9.579957660000
55 10.608410990000
56 11.637103460000
57 12.665121580000
58 13.696263930000
59 14.728337490000
60 15.760905410000
61 16.792785270000
62 17.822481170000
63 18.855794370000
64 19.896775680000
65 20.938105950000
66 21.948009560000
67 22.838603950000
68 23.348533320000
69 23.678938540000
70 23.845278960000
71 23.880553560000
72 23.826691880000
73 23.728262660000
74 23.629706700000
75 23.575372360000
76 23.550009600000
77 23.526099690000
78 23.502578440000
79 23.479776980000
80 23.457674920000
81 23.436266940000
82 23.415555890000
83 23.395546790000
84 23.376232190000
85 23.357574710000
86 23.339768860000
87 23.322805010000
88 23.307047040000
89 23.289161950000
90 23.257738350000
91 23.217913990000
92 23.184215540000
93 23.166913700000
94 23.173619960000
95 23.209374980000
96 23.278310060000
97 23.380179690000
98 23.520951810000
99 23.689018580000
100 23.869360310000
101 24.056216980000
102 24.234884030000
103 24.394104480000
104 24.529166600000
105 24.638084890000
106 24.720158740000
107 24.775321660000
108 24.803830370000
109 24.806101220000
110 24.782606600000
111 24.733791960000
112 24.659999210000
113 24.561398550000
114 24.437944780000
115 24.289388010000
116 24.115385850000
117 23.911984440000
118 23.678857490000
119 23.418854780000
120 23.133722390000
121 22.825068540000
122 22.498517270000
123 22.150820320000
124 21.782024560000
125 21.384295750000
126 20.961749440000
127 20.512021900000
128 20.019062760000
129 19.548646110000
130 19.105432730000
131 18.691239540000
132 18.306697920000
133 17.951895310000
134 17.626686780000
135 17.331032860000
136 17.064948620000
137 16.828458090000
138 16.621548380000
139 16.444141790000
140 16.296203890000
141 16.177765430000
142 16.088886040000
143 16.029627570000
144 16.000000000000

[theta]
1 -2.922923710000
2 -2.922923710000
3 -2.922923710000
4 -2.924675060000
5 -2.931737250000
6 -2.947771870000
7 -2.973799390000
8 -2.997032130000
9 -3.014442240000
10 -3.023447970000
11 -3.022997340000
12 -3.019003220000
13 -3.017872260000
14 -3.017677420000
15 -3.015653680000
16 -3.014813370000
17 -3.032687200000
18 -3.077404080000
19 -3.100098640000
20 -3.094066980000
21 -3.055508550000
22 -2.979828760000
23 -2.861162940000
24 -2.691609160000
25 -2.459911170000
26 -2.127197990000
27 -1.903697980000
28 -1.717665230000
29 -1.569857200000
30 -1.461895000000
31 -1.395846790000
32 -1.374087290000
33 -1.399399910000
34 -1.440976890000
35 -1.430930310000
36 -1.365329570000
37 -1.242383240000
38 -1.057816650000
39 -0.803516440000
40 -0.462999290000
41 -0.239394280000
42 -0.065703000000
43 0.057601710000
44 0.130362930000
45 0.152782520000
46 0.160323740000
47 0.220697830000
48 0.335457320000
49 0.508315040000
50 0.746291550000
51 1.057028760000
52 1.279807350000
53 1.450307170000
54 1.567673400000
55 1.631664890000
56 1.642487140000
57 1.600194480000
58 1.580890600000
59 1.558808930000
60 1.483200720000
61 1.458742590000
62 1.487966990000
63 1.571605950000
64 1.712093410000
65 1.914697580000
66 2.189109810000
67 2.547272890000
68 2.779089760000
69 2.965079970000
70 3.104711440000
71 3.197677500000
72 3.244097500000
73 3.244230090000
74 3.198047230000
75 3.168295300000
76 3.167537870000
77 3.167923660000
78 3.167951910000
79 3.168006480000
80 3.168071450000
81 3.168137490000
82 3.168201820000
83 3.168281450000
84 3.168421260000
85 3.168280910000
86 3.168143890000
87 3.167398170000
88 3.172304510000
89 3.198292500000
90 3.217300610000
91 3.209845570000
92 3.178746500000
93 3.126271200000
94 3.054243970000
95 2.964150540000
96 2.854809530000
97 2.729270870000
98 2.581331560000
99 2.448138460000
100 2.329318640000
101 2.220904390000
102 2.126379400000
103 2.062957760000
104 2.021872840000
105 1.996932980000
106 1.983438850000
107 1.977589510000
108 1.976131880000
109 1.976136720000
110 1.974842980000
111 1.969539000000
112 1.957461570000
113 1.935698630000
114 1.901082480000
115 1.850056220000
116 1.778485390000
117 1.690943980000
118 1.605147500000
119 1.527525480000
120 1.459437840000
121 1.402300930000
122 1.358222600000
123 1.327872000000
124 1.313014480000
125 1.315642620000
126 1.338670550000
127 1.384857090000
128 1.456417770000
129 1.499308280000
130 1.517215070000
131 1.513863950000
132 1.506101510000
133 1.504779090000
134 1.505205910000
135 1.504892800000
136 1.502882590000
137 1.501381140000
138 1.505788920000
139 1.516593930000
140 1.532139400000
141 1.550000030000
142 1.562839500000
143 1.568571930000
144 1.570000000000

[v]
1 0.000000000000
2 0.000000000000
3 0.158575860000
4 0.317142440000
5 0.475700020000
6 0.634248300000
7 0.792806220000
8 0.951364680000
9 1.109926250000
10 1.268490650000
11 1.427056020000
12 1.585621150000
13 1.744186090000
14 1.902750840000
15 2.061315180000
16 2.219882730000
17 2.378452830000
18 2.537048170000
19 2.695762020000
20 2.854530040000
21 3.013339750000
22 3.172272660000
23 3.331566990000
24 3.491699340000
25 3.653463810000
26 3.829690910000
27 3.975094430000
28 4.122296570000
29 4.271087440000
30 4.421038580000
31 4.571654500000
32 4.722501390000
33 4.873308740000
34 4.999987780000
35 4.999987500000
36 4.999987370000
37 4.999987510000
38 4.999988140000
39 4.999989220000
40 4.999984920000
41 4.999985560000
42 4.999986140000
43 4.999986570000
44 4.999986870000
45 4.999987240000
46 4.999987000000
47 4.999986850000
48 4.999986940000
49 4.999987510000
50 4.999988140000
51 4.999986030000
52 4.999986690000
53 4.999987180000
54 4.999987470000
55 4.999987580000
56 4.999987590000
57 4.999987620000
58 4.999987630000
59 4.999987630000
60 4.999987640000
61 4.999987490000
62 4.999987290000
63 4.999987160000
64 4.999987300000
65 4.999987970000
66 4.999988900000
67 4.999983550000
68 4.999984290000
69 4.999984950000
70 4.999985410000
71 4.999985670000
72 4.999985770000
73 4.999985790000
74 4.999985890000
75 4.892682080000
76 4.747080910000
77 4.601472340000
78 4.455861190000
79 4.310248570000
80 4.164634910000
81 4.019020400000
82 3.873405070000
83 3.727788850000
84 3.582171510000
85 3.436552190000
86 3.290928350000
87 3.145303750000
88 2.999676540000
89 2.854047330000
90 2.708332170000
91 2.562525660000
92 2.417910150000
93 2.273431080000
94 2.129026110000
95 1.984643930000
96 1.837058910000
97 1.690031900000
98 1.534140930000
99 1.379527080000
100 1.226139380000
101 1.068675990000
102 0.911156220000
103 0.756895670000
104 0.605041450000
105 0.455023420000
106 0.306458000000
107 0.159087690000
108 0.012744890000
109 -0.132669550000
110 -0.277199140000
111 -0.420839630000
112 -0.563544230000
113 -0.705227920000
114 -0.845772350000
115 -0.985033570000
116 -1.122856620000
117 -1.261699330000
118 -1.401283800000
119 -1.540524450000
120 -1.679469230000
121 -1.818162380000
122 -1.954799720000
123 -2.091270900000
124 -2.227531810000
125 -2.366017470000
126 -2.504433440000
127 -2.533406860000
128 -2.384917420000
129 -2.236013120000
130 -2.086973160000
131 -1.937912280000
132 -1.788849250000
133 -1.639782590000
134 -1.490715750000
135 -1.341648750000
136 -1.192581880000
137 -1.043513310000
138 -0.894443620000
139 -0.745373030000
140 -0.596299960000
141 -0.447223760000
142 -0.298140490000
143 -0.149066030000
144 0.000000000000

[a]
1 0.000000000000
2 0.749998230000
3 0.749998170000
4 0.749998100000
5 0.749998030000
6 0.749997960000
7 0.749997880000
8 0.749997790000
9 0.749997690000
10 0.749997580000
11 0.749997470000
12 0.749997340000
13 0.749997190000
14 0.749997040000
15 0.749996860000
16 0.749996660000
17 0.749996430000
18 0.749996180000
19 0.749995880000
20 0.749995530000
21 0.749995130000
22 0.749994650000
23 0.749994080000
24 0.749993370000
25 0.749992800000
26 0.749990120000
27 0.749988790000
28 0.749986870000
29 0.749983890000
30 0.749978810000
31 0.749968500000
32 0.749937490000
33 0.619010680000
34 -0.000001340000
35 -0.000000600000
36 0.000000640000
37 0.000002960000
38 0.000005020000
39 -0.000019280000
40 0.000003310000
41 0.000002960000
42 0.000002190000
43 0.000001510000
44 0.000001830000
45 -0.000001150000
46 -0.000000760000
47 0.000000460000
48 0.000002750000
49 0.000003000000
50 -0.000009960000
51 0.000003340000
52 0.000002450000
53 0.000001390000
54 0.000000550000
55 0.000000080000
56 0.000000110000
57 0.000000040000
58 0.000000030000
59 0.000000010000
60 -0.000000680000
61 -0.000000970000
62 -0.000000640000
63 0.000000650000
64 0.000003190000
65 0.000004340000
66 -0.000024460000
67 0.000004060000
68 0.000003530000
69 0.000002430000
70 0.000001350000
71 0.000000530000
72 0.000000090000
73 0.000000530000
74 -0.557153500000
75 -0.749927160000
76 -0.749963670000
77 -0.749975800000
78 -0.749981850000
79 -0.749985490000
80 -0.749987910000
81 -0.749989640000
82 -0.749990930000
83 -0.749991940000
84 -0.749992750000
85 -0.749993400000
86 -0.749993950000
87 -0.749994420000
88 -0.749994820000
89 -0.749995170000
90 -0.749995440000
91 -0.749995640000
92 -0.749995860000
93 -0.749996040000
94 -0.749996210000
95 -0.749996480000
96 -0.749996650000
97 -0.749997030000
98 -0.749997160000
99 -0.749997280000
100 -0.749997490000
101 -0.749997610000
102 -0.749997640000
103 -0.749997650000
104 -0.749997650000
105 -0.749997630000
106 -0.749997600000
107 -0.749997550000
108 -0.749997480000
109 -0.749997390000
110 -0.749997280000
111 -0.749997130000
112 -0.749996940000
113 -0.749996700000
114 -0.749996400000
115 -0.749996000000
116 -0.749995580000
117 -0.749995090000
118 -0.749994450000
119 -0.749993650000
120 -0.749992600000
121 -0.749991040000
122 -0.749988930000
123 -0.749985420000
124 -0.749978570000
125 -0.749957210000
126 -0.156997780000
127 0.749963420000
128 0.749981850000
129 0.749987950000
130 0.749990980000
131 0.749992790000
132 0.749994000000
133 0.749994860000
134 0.749995500000
135 0.749996010000
136 0.749996410000
137 0.749996730000
138 0.749997010000
139 0.749997240000
140 0.749997440000
141 0.749997610000
142 0.749997760000
143 0.749997890000
144 0.000000000000

[phy]
1 0.000000000000
2 0.000000000000
3 -0.104099870000
4 -0.207647970000
5 -0.308826750000
6 -0.370739380000
7 -0.270458300000
8 -0.171424160000
9 -0.076631800000
10 0.003348590000
11 0.026474040000
12 0.006748390000
13 0.001057280000
14 0.010061000000
15 0.003855230000
16 -0.076019150000
17 -0.176002650000
18 -0.084340680000
19 0.021135710000
20 0.126898470000
21 0.232736490000
22 0.338672110000
23 0.444854620000
24 0.551596490000
25 0.659397000000
26 0.541917190000
27 0.444984230000
28 0.346851830000
29 0.247660530000
30 0.147696680000
31 0.047292050000
32 -0.053258230000
33 -0.083185760000
34 0.019119460000
35 0.124190870000
36 0.229286940000
37 0.334639380000
38 0.440794870000
39 0.548600560000
40 0.437186280000
41 0.341501280000
42 0.243770410000
43 0.144625490000
44 0.044723110000
45 0.014710520000
46 0.117216930000
47 0.219750270000
48 0.322504170000
49 0.425954610000
50 0.530845650000
51 0.425014780000
52 0.326581520000
53 0.225916500000
54 0.123805160000
55 0.020998720000
56 -0.081885280000
57 -0.037408060000
58 -0.042762620000
59 -0.145405660000
60 -0.047188310000
61 0.056347460000
62 0.159951870000
63 0.263631260000
64 0.367724680000
65 0.472902050000
66 0.580168600000
67 0.470908300000
68 0.379849210000
69 0.286684510000
70 0.191967070000
71 0.096321230000
72 0.000275650000
73 -0.095728390000
74 -0.061715950000
75 -0.001593970000
76 0.000836770000
77 0.000063100000
78 0.000126090000
79 0.000155180000
80 0.000163270000
81 0.000164830000
82 0.000211720000
83 0.000386340000
84 -0.000403710000
85 -0.000410700000
86 -0.002332170000
87 0.016068890000
88 0.089024110000
89 0.068451140000
90 -0.028309640000
91 -0.125219290000
92 -0.221617880000
93 -0.317931320000
94 -0.414197140000
95 -0.510448560000
96 -0.608832760000
97 -0.699996030000
98 -0.699996440000
99 -0.699996610000
100 -0.699995400000
101 -0.699993900000
102 -0.595005750000
103 -0.492169880000
104 -0.390936340000
105 -0.290926240000
106 -0.191884220000
107 -0.093638770000
108 0.003921740000
109 0.100863370000
110 0.197215050000
111 0.292973870000
112 0.388108520000
113 0.482562100000
114 0.576255200000
115 0.669089680000
116 0.699993270000
117 0.631064470000
118 0.538016020000
119 0.445193250000
120 0.352566700000
121 0.260107630000
122 0.169019850000
123 0.078044640000
124 -0.012782360000
125 -0.105083020000
126 -0.197293130000
127 -0.277977810000
128 -0.179237550000
129 -0.080433230000
130 0.016166130000
131 0.040302360000
132 0.007431940000
133 -0.002629400000
134 0.002105150000
135 0.015084710000
136 0.012699540000
137 -0.042480830000
138 -0.120964220000
139 -0.206860130000
140 -0.292996890000
141 -0.281582170000
142 -0.191189770000
143 -0.096120760000
144 0.000000000000

[w]
1 0.000000000000
2 -0.492348170000
3 -0.489767050000
4 -0.478587170000
5 -0.292870300000
6 0.474341690000
7 0.468442160000
8 0.448370260000
9 0.378303260000
10 0.109377420000
11 -0.093306130000
12 -0.026918680000
13 0.042590250000
14 -0.029347610000
15 -0.377795800000
16 -0.472900910000
17 0.433468540000
18 0.498424420000
19 0.499607000000
20 0.499831090000
21 0.499903970000
22 0.499931890000
23 0.499934990000
24 0.499798530000
25 -0.499974300000
26 -0.499979300000
27 -0.499980500000
28 -0.499978030000
29 -0.499971410000
30 -0.499956050000
31 -0.499907780000
32 -0.148824040000
33 0.499909240000
34 0.499958780000
35 0.499973730000
36 0.499980050000
37 0.499981620000
38 0.499974230000
39 -0.499932150000
40 -0.499966780000
41 -0.499968640000
42 -0.499959130000
43 -0.499922160000
44 -0.149773870000
45 0.499928190000
46 0.499964470000
47 0.499975280000
48 0.499978130000
49 0.499970390000
50 -0.499845390000
51 -0.499945520000
52 -0.499943820000
53 -0.499914280000
54 -0.499807480000
55 -0.499144940000
56 0.215769470000
57 -0.025953290000
58 -0.497241520000
59 0.475561050000
60 0.499761030000
61 0.499926670000
62 0.499963300000
63 0.499976110000
64 0.499980360000
65 0.499975780000
66 -0.499842340000
67 -0.499951160000
68 -0.499955700000
69 -0.499943410000
70 -0.499905680000
71 -0.499780040000
72 -0.499018420000
73 0.176787400000
74 0.312183040000
75 0.012511290000
76 -0.003983160000
77 0.000324920000
78 0.000149620000
79 0.000041550000
80 0.000007850000
81 0.000240950000
82 0.000899860000
83 -0.004066000000
84 -0.000037600000
85 -0.009900070000
86 0.094768680000
87 0.375743810000
88 -0.105964490000
89 -0.498028300000
90 -0.498478700000
91 -0.499935690000
92 -0.499966160000
93 -0.499975590000
94 -0.499979840000
95 -0.499968020000
96 -0.465030240000
97 -0.000002010000
98 -0.000000820000
99 0.000005950000
100 0.000007090000
101 0.499879230000
102 0.499976540000
103 0.499985570000
104 0.499988820000
105 0.499990360000
106 0.499991140000
107 0.499991460000
108 0.499991440000
109 0.499991080000
110 0.499990310000
111 0.499988890000
112 0.499986280000
113 0.499980730000
114 0.499963520000
115 0.168168970000
116 -0.372339340000
117 -0.499954560000
118 -0.499973000000
119 -0.499977940000
120 -0.499978640000
121 -0.499973190000
122 -0.499961700000
123 -0.499914830000
124 -0.499859810000
125 -0.499605400000
126 -0.437186590000
127 0.498701250000
128 0.497652140000
129 0.486136860000
130 0.121451690000
131 -0.165433970000
132 -0.050629610000
133 0.023825100000
134 0.065346480000
135 -0.011930240000
136 -0.277637210000
137 -0.394903030000
138 -0.432203960000
139 -0.433445060000
140 0.057406040000
141 0.454797380000
142 0.478328080000
143 0.483639890000
144 0.000000000000

[dt]
1 0.001202830000
2 0.211434980000
3 0.211422620000
4 0.211410640000
5 0.211398260000
6 0.211411130000
7 0.211411880000
8 0.211416060000
9 0.211419850000
10 0.211421170000
11 0.211420900000
12 0.211420660000
13 0.211420470000
14 0.211419950000
15 0.211424290000
16 0.211427740000
17 0.211461460000
18 0.211619540000
19 0.211691860000
20 0.211747550000
21 0.211911920000
22 0.212393950000
23 0.213511480000
24 0.215687860000
25 0.234971730000
26 0.193873920000
27 0.196272450000
28 0.198391300000
29 0.199939140000
30 0.200826890000
31 0.201137630000
32 0.201093220000
33 0.204647580000
34 0.210160140000
35 0.210203180000
36 0.210713300000
37 0.212318790000
38 0.215622490000
39 0.222858810000
40 0.191382710000
41 0.195473990000
42 0.198306070000
43 0.199835880000
44 0.200385840000
45 0.205042280000
46 0.205081260000
47 0.205517960000
48 0.206909920000
49 0.209794490000
50 0.211727180000
51 0.196887970000
52 0.201352660000
53 0.204257730000
54 0.205692110000
55 0.206120650000
56 0.206133570000
57 0.206318120000
58 0.206425690000
59 0.206528880000
60 0.207170510000
61 0.207239180000
62 0.207373990000
63 0.208196790000
64 0.210363000000
65 0.214543480000
66 0.218589540000
67 0.182135970000
68 0.186345930000
69 0.189456350000
70 0.191327830000
71 0.192175840000
72 0.192386380000
73 0.192386020000
74 0.192593240000
75 0.194153770000
76 0.194154180000
77 0.194154490000
78 0.194154860000
79 0.194155300000
80 0.194155820000
81 0.194156460000
82 0.194157300000
83 0.194158550000
84 0.194160980000
85 0.194166820000
86 0.194167710000
87 0.194171060000
88 0.194173620000
89 0.194288120000
90 0.194409860000
91 0.192821790000
92 0.192639820000
93 0.192540970000
94 0.192510540000
95 0.196780950000
96 0.196036890000
97 0.207855440000
98 0.206152590000
99 0.204517670000
100 0.209951890000
101 0.210027030000
102 0.205681380000
103 0.202472930000
104 0.200024670000
105 0.198087850000
106 0.196494380000
107 0.195124370000
108 0.193886570000
109 0.192706800000
110 0.191521350000
111 0.190273530000
112 0.188912350000
113 0.187393400000
114 0.185682510000
115 0.183765040000
116 0.185124710000
117 0.186113840000
118 0.185655580000
119 0.185261270000
120 0.184926020000
121 0.182185280000
122 0.181964250000
123 0.181684720000
124 0.184652790000
125 0.184565110000
126 0.184521390000
127 0.197995580000
128 0.198543890000
129 0.198723150000
130 0.198750230000
131 0.198752620000
132 0.198757140000
133 0.198757150000
134 0.198757190000
135 0.198756890000
136 0.198759050000
137 0.198760450000
138 0.198761580000
139 0.198764820000
140 0.198768960000
141 0.198778330000
142 0.198766530000
143 0.198755270000
