 21.89486553
 21.89486553
 21.89486553
 21.86213737
 21.79666130
 21.69830536
 21.56672877
 21.40147259
 21.20243424
 20.96966569
 20.70334857
 20.40375810
 20.07103905
 19.70510072
 19.30590558
 18.87354480
 18.40796495
 17.90798995
 17.37220651
 16.80202683
 16.19826958
 15.56207153
 14.89709626
 14.21355533
 13.53540773
 12.86880076
 12.47667328
 12.22171375
 12.10203163
 12.10283360
 12.19933211
 12.35938438
 12.54498929
 12.71508910
 12.85112028
 12.99764251
 13.21259494
 13.55500202
 14.08411201
 14.85763085
 15.71379502
 16.66328935
 17.65267758
 18.65019715
 19.64362215
 20.65688874
 21.66914224
 22.67180516
 23.64868629
 24.56503054
 25.34229154
 25.82610492
 26.11494444
 26.23770095
 26.24091287
 26.17822050
 26.10439457
 26.07407218
 26.06365387
 26.07603223
 26.16665248
 26.28251931
 26.36830440
 26.36746172
 26.21933777
 25.85765859
 25.22412005
 24.46959713
 23.59842093
 22.66586014
 21.70987323
 20.75050614
 19.79362449
 18.83675771
 17.87532739
 16.92573333
 16.00437729
 15.11129038
 14.24646376
 13.40989800
 12.60159322
 11.82154911
 11.06976502
 10.34623990
  9.65097119
  8.98394387
  8.34517658
  7.73464899
  7.15245527
  6.59883880
  6.07382089
  5.58086095
  5.11539689
  4.67771978
  4.26942241
  3.88501430
  3.53959108
  3.21774867
  2.94983358
  2.73285766
  2.55578439
  2.41993049
  2.32108433
  2.24866841
  2.19591022
  2.15865255
  2.13450355
  2.12222135
  2.12124697
  2.13132860
  2.15220039
  2.18329020
  2.22343669
  2.27059733
  2.32152927
  2.37142502
  2.41428741
  2.44243265
  2.45136757
  2.43902195
  2.40450791
  2.34895850
  2.27391296
  2.18251777
  2.07765639
  1.96743844
  1.86112694
  1.76839654
  1.71435505
  1.68261526
  1.66039918
  1.63848163
  1.61549568
  1.59399467
  1.57457389
  1.55701145
  1.54092503
  1.52653952
  1.51499133
  1.50696578
  1.50238571
  1.50053736
  1.50006590
  1.50000000
