  0.00000000
  0.00000000
  0.00000000
 -0.00000000
  0.00000000
  0.00000000
  0.00000000
  0.00000000
  0.00000000
 -0.00000000
 -0.00000000
 -0.00000000
 -0.00000000
  0.00000000
 -0.00000000
  0.00000000
 -0.00000000
  0.00000000
 -0.00000000
 -0.00000000
 -0.00000000
  0.00000000
 -0.00000000
  0.00000000
  0.00000000
 -0.00000000
 -0.00000000
 -0.00000000
 -0.00000000
  0.00000000
  0.00000000
  0.00000000
  0.00000000
  0.00000000
 -0.00000000
 -0.00000000
  0.00000000
 -0.00000000
  0.00000000
  0.00000000
  0.00000000
  0.00000000
 -0.00000000
 -0.00000000
 -0.00000000
  0.00000000
 -0.00000000
 -0.00000000
 -0.00000000
  0.00000000
  0.00000000
 -0.00000000
  0.00000000
 -0.00000000
  0.00000000
 -0.00000000
  0.00000000
  0.00000000
 -0.00000000
  0.00000000
  0.00000000
  0.00000000
  0.00000000
 -0.00000000
  0.00000000
  0.00000000
  0.00000000
  0.00000000
 -0.00000000
  0.00000000
  0.00000000
 -0.00000000
  0.00000000
  0.00000000
 -0.00000000
 -0.00000000
 -0.00000000
  0.00000000
 -0.00000000
 -0.00000000
 -0.00000000
  0.00000000
 -0.00000000
  0.00000000
  0.00000000
  0.00000000
  0.00000000
 -0.00000000
 -0.00000000
 -0.00000000
  0.00000000
 -0.00000000
  0.00000000
  0.00000000
  0.00068142
  0.00802914
  0.01538140
  0.02273410
  0.03008715
  0.03744047
  0.04479404
  0.05214783
  0.05950184
  0.13490339
  0.17132995
  0.20971035
  0.25005965
  0.29243915
  0.33696467
  0.38383366
  0.43340033
  0.48184094
  0.51660955
  0.55135813
  0.59867706
  0.60455625
  0.61133915
  0.60414762
  0.55520947
  0.61567984
  0.61853826
  0.50139575
  0.51936495
  0.53728013
  0.55519001
  0.60958180
  0.58930764
  0.56905585
  0.54884391
  0.52877546
  0.52724404
  0.49611996
  0.46987404
  0.44871445
  0.42807609
  0.40757618
  0.38712474
  0.36670638
  0.34630984
  0.32592816
  0.30829269
  0.29879452
  0.28802733
  0.27598357
  0.26270245
  0.24820344
  0.23247551
  0.21546256
  0.18702050
  0.15367748
  0.12298737
  0.09461318
  0.06828988
  0.04382476
  0.02108730
