  0.00128892
  0.23473080
  0.23472183
  0.23472696
  0.23473607
  0.23469981
  0.23469890
  0.23469914
  0.23469920
  0.23470083
  0.23469715
  0.23469976
  0.23470120
  0.23470214
  0.23470275
  0.23470310
  0.23470319
  0.23470295
  0.23470223
  0.23470075
  0.23470038
  0.23489282
  0.23432709
  0.23268219
  0.21077622
  0.19282659
  0.17771779
  0.16467976
  0.15320221
  0.14293246
  0.13362004
  0.13090487
  0.12901313
  0.12416018
  0.13052633
  0.14693618
  0.15639894
  0.16692177
  0.17878142
  0.19236235
  0.20821603
  0.10907095
  0.10906986
  0.11027278
  0.11024252
  0.11022109
  0.11021278
  0.11021520
  0.10962577
  0.09488305
  0.09083329
  0.09255784
  0.09451831
  0.09857921
  0.10557710
  0.10565296
  0.10882647
  0.10885785
  0.10945856
  0.10932226
  0.10092060
  0.10091473
  0.10091262
  0.11538812
  0.11561414
  0.11582268
  0.12604725
  0.12547426
  0.09853867
  0.09853252
  0.09853120
  0.09852993
  0.09852871
  0.09852753
  0.09852640
  0.09852531
  0.09852426
  0.09852323
  0.09852224
  0.09852126
  0.09852030
  0.09851935
  0.09851840
  0.09851745
  0.09851648
  0.09851547
  0.09851442
  0.09851328
  0.09851203
  0.09851059
  0.09850886
  0.09850661
  0.09892240
  0.09939571
  0.09899134
  0.09900846
  0.09901144
  0.09901357
  0.09901524
  0.09901665
  0.09901790
  0.09901904
  0.09902010
  0.19981455
  0.19813926
  0.19638833
  0.19450007
  0.19241352
  0.19006622
  0.18739659
  0.18435710
  0.18724864
  0.18646952
  0.18583866
  0.19349371
  0.19335782
  0.19349380
  0.18938966
  0.17267700
  0.19044718
  0.19066880
  0.15452760
  0.15452482
  0.15452502
  0.15452377
  0.16451464
  0.16451137
  0.16451027
  0.16450989
  0.16455360
  0.16455930
  0.16459798
  0.16461963
  0.16462657
  0.16463435
  0.16464129
  0.16464327
  0.16464419
  0.16464468
  0.16464509
  0.16471628
  0.16470881
  0.16470808
  0.16471803
  0.16473749
  0.16476210
  0.16478590
  0.16480561
  0.16498486
  0.16488943
  0.16478519
  0.16468702
  0.16460041
  0.16452614
  0.16446343
