  0.00000000
  0.00000000
  0.00204155
  0.00761016
  0.00587193
  0.00216782
  0.00529623
  0.00616820
  0.00819361
  0.01261274
  0.00418574
  0.00240694
  0.00167011
  0.00135500
  0.00119974
  0.00113259
  0.00113396
  0.00121449
  0.00143492
  0.00206801
  0.00831142
  0.04499303
  0.00047810
  0.09661398
  0.26139905
  0.39884991
  0.51780867
  0.62366196
  0.71986775
  0.80874796
  0.89189481
  0.89190422
  0.89171799
  0.77510278
  0.71401617
  0.68824411
  0.60206757
  0.50853939
  0.40550924
  0.28989320
  0.15710395
  0.00000045
  0.00002058
  0.00477596
  0.01554165
  0.02593132
  0.03600561
  0.04582422
  0.05513983
  0.03799276
  0.02865235
  0.02396050
  0.02214569
  0.02240956
  0.01598111
  0.00777974
  0.00001412
  0.02612779
  0.05116445
  0.02479481
  0.00000485
  0.00000806
  0.00000701
  0.00000188
  0.02349820
  0.04541662
  0.05182577
  0.02442996
  0.00000111
  0.00000370
  0.00000353
  0.00000337
  0.00000324
  0.00000312
  0.00000302
  0.00000292
  0.00000284
  0.00000276
  0.00000270
  0.00000264
  0.00000259
  0.00000254
  0.00000250
  0.00000246
  0.00000243
  0.00000240
  0.00000237
  0.00000235
  0.00000233
  0.00000232
  0.00000231
  0.00000230
  0.00000156
  0.00048761
  0.00000504
  0.00000227
  0.00000232
  0.00000234
  0.00000236
  0.00000238
  0.00000241
  0.00000244
  0.00000248
  0.00000019
  0.02425009
  0.05706026
  0.09880847
  0.15014712
  0.21203246
  0.28579550
  0.37329556
  0.42772246
  0.45858566
  0.48943082
  0.50231198
  0.43486671
  0.36825954
  0.29351580
  0.20548021
  0.16086133
  0.08368579
  0.00000243
  0.00009137
  0.00010406
  0.00012111
  0.00014948
  0.00018541
  0.00024258
  0.00034670
  0.00045199
  0.05895823
  0.02525708
  0.00679068
  0.00415562
  0.00312916
  0.00254514
  0.00215456
  0.00187575
  0.00166813
  0.00150747
  0.00941051
  0.04290440
  0.07244372
  0.09799730
  0.11970727
  0.13766483
  0.15186413
  0.16214098
  0.13677534
  0.09713106
  0.06557418
  0.04102969
  0.02268342
  0.00995828
  0.00247090
