  0.00000000
  0.00000000
  0.04132210
  0.08264442
  0.12397155
  0.16527152
  0.20658345
  0.24789610
  0.28920863
  0.33052340
  0.37183060
  0.41314689
  0.45446230
  0.49577737
  0.53709216
  0.57840659
  0.61972047
  0.66103342
  0.70234477
  0.74365325
  0.78496457
  0.82695439
  0.86624295
  0.90105378
  0.85300503
  0.81084415
  0.77301049
  0.73824707
  0.70571304
  0.67482556
  0.64517715
  0.64517422
  0.64505375
  0.62078640
  0.64925173
  0.71651029
  0.74542833
  0.77600979
  0.80876886
  0.84441833
  0.88397676
  0.44602760
  0.43710272
  0.43290454
  0.42366964
  0.41447532
  0.40533447
  0.39623414
  0.38505438
  0.32547056
  0.30511640
  0.30460424
  0.30449548
  0.31058927
  0.32483294
  0.31670112
  0.31759157
  0.30879886
  0.30156670
  0.29221705
  0.26148546
  0.25383247
  0.24618997
  0.27277239
  0.26330185
  0.25373424
  0.26518457
  0.25211781
  0.18872287
  0.18142952
  0.17414604
  0.16686294
  0.15958020
  0.15229779
  0.14501570
  0.13773391
  0.13045240
  0.12317116
  0.11589018
  0.10860943
  0.10132891
  0.09404860
  0.08676851
  0.07948861
  0.07220891
  0.06492940
  0.05765007
  0.05037094
  0.04309200
  0.03581327
  0.02853477
  0.02125653
  0.01403805
  0.00673116
 -0.00067621
 -0.00802680
 -0.01537902
 -0.02273172
 -0.03008475
 -0.03743806
 -0.04479160
 -0.05214538
 -0.05949936
 -0.13490320
 -0.16346506
 -0.19120432
 -0.21801366
 -0.24374279
 -0.26819738
 -0.29114323
 -0.31233150
 -0.34312014
 -0.36787907
 -0.39262381
 -0.43576506
 -0.46351840
 -0.49190362
 -0.50895331
 -0.48856724
 -0.56350859
 -0.59139692
 -0.50139378
 -0.51929115
 -0.53719670
 -0.55509363
 -0.60946549
 -0.58916217
 -0.56886395
 -0.54856732
 -0.52841184
 -0.50812245
 -0.48792847
 -0.46767165
 -0.44736669
 -0.42706123
 -0.40675073
 -0.38642596
 -0.36609803
 -0.34576883
 -0.32543925
 -0.30524063
 -0.28487958
 -0.26453207
 -0.24420067
 -0.22387847
 -0.20355539
 -0.18322228
 -0.16287630
 -0.14266093
 -0.12217552
 -0.10172006
 -0.08130625
 -0.06093309
 -0.04059505
 -0.02028593
