  0.00000000
  0.00000000
  0.00000000
  0.00000000
  0.00000000
  0.00000000
  0.00000000
  0.00000000
  0.00000000
  0.00000000
  0.00000000
  0.00000000
  0.00000000
  0.00000000
  0.00000000
  0.00000000
  0.00000000
  0.00000000
  0.00000000
  0.00000000
  0.00000000
  0.00000000
  0.00000000
  0.00000000
  0.00000000
  0.00000000
  0.00000000
  0.00000000
  0.00000000
  0.00000000
  0.00000000
  0.00000000
  0.00000000
  0.00000000
  0.00000000
  0.00000000
  0.00000000
  0.00000000
  0.00000000
  0.00000000
  0.00000000
  0.00000000
  0.00000000
  0.00000000
  0.00000000
  0.00000000
  0.00000000
  0.00000000
  0.00000000
  0.00000000
  0.00000000
  0.00000000
  0.00000000
  0.00000000
  0.00000000
  0.00000000
  0.00000000
  0.00000000
  0.00000000
  0.00000000
  0.00000000
  0.00000000
  0.00000000
  0.00000000
  0.00000000
  0.00000000
  0.00000000
  0.00000000
  0.00000000
  0.00000000
  0.00000000
  0.00000000
  0.00000000
  0.00000000
  0.00000000
  0.00000000
  0.00000000
  0.00000000
  0.00000000
  0.00000000
  0.00000000
  0.00000000
  0.00000000
  0.00000000
  0.00000000
  0.00000000
  0.00000000
  0.00000000
  0.00000000
  0.00000000
  0.00000000
  0.00000000
  0.00000000
  0.00000000
  0.00067621
  0.00802680
  0.01537902
  0.02273172
  0.03008475
  0.03743806
  0.04479160
  0.05214538
  0.05949936
  0.13490320
  0.16346506
  0.19120432
  0.21801366
  0.24374279
  0.26819738
  0.29114323
  0.31233150
  0.34312014
  0.36787907
  0.39262381
  0.43576506
  0.46351840
  0.49190362
  0.50895331
  0.48856724
  0.56350859
  0.59139692
  0.50139378
  0.51929115
  0.53719670
  0.55509363
  0.60946549
  0.58916217
  0.56886395
  0.54856732
  0.52841184
  0.50812245
  0.48792847
  0.46767165
  0.44736669
  0.42706123
  0.40675073
  0.38642596
  0.36609803
  0.34576883
  0.32543925
  0.30524063
  0.28487958
  0.26453207
  0.24420067
  0.22387847
  0.20355539
  0.18322228
  0.16287630
  0.14266093
  0.12217552
  0.10172006
  0.08130625
  0.06093309
  0.04059505
  0.02028593
