  0.00000000
  0.00000000
  0.04343178
  0.09050853
  0.13003941
  0.16595550
  0.20824323
  0.24981620
  0.29174225
  0.33439772
  0.37615601
  0.41563415
  0.45618814
  0.49717759
  0.53833193
  0.57957697
  0.62089226
  0.66228843
  0.70382757
  0.74579026
  0.79355333
  0.87344880
  0.86637822
  0.92824881
  0.92710599
  0.92461767
  0.92155242
  0.91808884
  0.91431641
  0.91028229
  0.90601368
  0.90601362
  0.90584347
  0.84831216
  0.85793778
  0.91562528
  0.91885600
  0.92182733
  0.92447766
  0.92670109
  0.92830960
  0.44602806
  0.43712399
  0.43783987
  0.43972990
  0.44127194
  0.44254156
  0.44358748
  0.44203418
  0.36473111
  0.33472486
  0.32936429
  0.32738015
  0.33374661
  0.34134733
  0.32474046
  0.31760616
  0.31685264
  0.31735625
  0.29988034
  0.26149047
  0.25384080
  0.24619722
  0.27277433
  0.27059836
  0.26785858
  0.28127228
  0.25971739
  0.18872402
  0.18143334
  0.17414968
  0.16686642
  0.15958354
  0.15230102
  0.14501882
  0.13773693
  0.13045534
  0.12317402
  0.11589296
  0.10861215
  0.10133158
  0.09405122
  0.08677108
  0.07949115
  0.07221141
  0.06493187
  0.05765252
  0.05037337
  0.04309441
  0.03581566
  0.02853715
  0.02125891
  0.01403967
  0.00688912
  0.00000000
  0.00000000
  0.00000000
  0.00000000
  0.00000000
  0.00000000
  0.00000000
  0.00000000
  0.00000000
  0.00000000
  0.00000000
  0.00000000
  0.00000000
  0.00000000
  0.00000000
  0.00000000
  0.00000000
  0.00000000
  0.00000000
  0.00000000
  0.00000000
  0.00000000
  0.00000000
  0.00000000
  0.00000000
  0.00000000
  0.00000000
  0.00000000
  0.00000000
  0.00000000
  0.00000000
  0.00000000
  0.00000000
  0.00000000
  0.00000000
  0.00000000
  0.00000000
  0.00000000
  0.00000000
  0.00000000
  0.00000000
  0.00000000
  0.00000000
  0.00000000
  0.00000000
  0.00000000
  0.00000000
  0.00000000
  0.00000000
  0.00000000
  0.00000000
  0.00000000
  0.00000000
  0.00000000
  0.00000000
  0.00000000
  0.00000000
  0.00000000
  0.00000000
  0.00000000
  0.00000000
