  0.00000000
  0.00000000
  0.17604712
  0.35208748
  0.52813164
  0.70418259
  0.88020629
  1.05622925
  1.23225233
  1.40827538
  1.58429958
  1.76032094
  1.93634415
  2.11236834
  2.28839310
  2.46441817
  2.64044334
  2.81646836
  2.99249296
  3.16851671
  3.34453896
  3.52056043
  3.69672554
  3.87246536
  4.04697001
  4.20504327
  4.34965181
  4.48292537
  4.60641556
  4.72128976
  4.82844601
  4.92857309
  4.99990787
  4.99988339
  4.97410508
  4.87633651
  4.76619797
  4.64894294
  4.52378590
  4.38972772
  4.24547895
  4.08933580
  4.00754891
  3.92576088
  3.84306913
  3.76039886
  3.67774366
  3.59509383
  3.51244146
  3.43023053
  3.35907624
  3.29095893
  3.22154790
  3.15066620
  3.07673853
  2.99756210
  2.91832848
  2.83671445
  2.75507662
  2.67298800
  2.59100139
  2.51531585
  2.43963456
  2.36395470
  2.27741805
  2.19071172
  2.10384880
  2.00931727
  1.91521533
  1.84131501
  1.76741921
  1.69352434
  1.61963034
  1.54573719
  1.47184484
  1.39795328
  1.32406248
  1.25017241
  1.17628304
  1.10239437
  1.02850638
  0.95461906
  0.88073239
  0.80684639
  0.73296106
  0.65907642
  0.58519248
  0.51130929
  0.43742691
  0.36354543
  0.28966499
  0.21578581
  0.14190828
  0.06771887
 -0.00682556
 -0.08106675
 -0.15532081
 -0.22957713
 -0.30383509
 -0.37809433
 -0.45235465
 -0.52661594
 -0.60087811
 -0.67514111
 -0.82499999
 -0.97360243
 -1.12089166
 -1.26676466
 -1.41107268
 -1.55362012
 -1.69416519
 -1.83243044
 -1.97286409
 -2.11271309
 -2.25208855
 -2.39720482
 -2.54221860
 -2.68733366
 -2.82936975
 -2.95887042
 -3.10169702
 -3.24468711
 -3.36056747
 -3.47643811
 -3.59228607
 -3.70462780
 -3.58128541
 -3.45792360
 -3.33455536
 -3.21118379
 -3.08777726
 -2.96436500
 -2.84092271
 -2.71746340
 -2.59399828
 -2.47052684
 -2.34704981
 -2.22357096
 -2.10009115
 -1.97661073
 -1.85312980
 -1.72959530
 -1.60606624
 -1.48253758
 -1.35900133
 -1.23545037
 -1.11188086
 -0.98829340
 -0.86469107
 -0.74095423
 -0.61728888
 -0.49370165
 -0.37018799
 -0.24673923
 -0.12334612
  0.00000000
