 26.64425428
 26.64425428
 26.64425428
 26.64425428
 26.64443590
 26.64572388
 26.64848548
 26.65179022
 26.65532733
 26.65887555
 26.66205842
 26.66413857
 26.66831121
 26.67407841
 26.68126103
 26.68982544
 26.69979546
 26.71123296
 26.72423961
 26.73897705
 26.75572959
 26.77515955
 26.80302471
 26.87409259
 26.94789015
 26.99364455
 26.97457228
 26.86514441
 26.64925741
 26.32080755
 25.88535119
 25.36180794
 24.75628711
 24.11333357
 23.50382903
 22.91312640
 22.34070366
 21.85026843
 21.45302241
 21.14889834
 20.92775225
 20.77012874
 20.71094224
 20.65293983
 20.59548498
 20.53709778
 20.47311830
 20.39939721
 20.31228846
 20.20921976
 20.10364921
 19.99296569
 19.87376605
 19.74742212
 19.61185050
 19.46305372
 19.31316078
 19.16050856
 19.01207848
 18.86934846
 18.73529594
 18.61719979
 18.50255883
 18.39136761
 18.26816864
 18.14924661
 18.03636975
 17.92190598
 17.81690858
 17.73967349
 17.66542301
 17.59415269
 17.52586244
 17.46055220
 17.39822190
 17.33887148
 17.28250086
 17.22910999
 17.17869880
 17.13126726
 17.08681530
 17.04534288
 17.00684995
 16.97133646
 16.93880238
 16.90924766
 16.88267226
 16.85907615
 16.83845927
 16.82082159
 16.80616306
 16.79448361
 16.78578316
 16.78003730
 16.77728225
 16.77755906
 16.78084350
 16.78713628
 16.79643761
 16.80874769
 16.82406664
 16.84239461
 16.86373171
 16.88807808
 16.94327908
 17.01016730
 17.08697417
 17.17068563
 17.25671289
 17.33852601
 17.40726660
 17.45140808
 17.45679156
 17.40953583
 17.29962229
 17.11043803
 16.84157552
 16.50066542
 16.10513601
 15.69687590
 15.20565668
 14.67514686
 14.21928982
 13.74716130
 13.25877062
 12.75412907
 12.20008301
 11.66452378
 11.14745192
 10.64887446
 10.16867913
  9.70700180
  9.25969846
  8.82938856
  8.41736174
  8.02380352
  7.64879572
  7.29239781
  6.95464501
  6.63556258
  6.33516971
  6.05336083
  5.79000364
  5.54402060
  5.31481310
  5.10223867
  4.90653720
  4.72823148
  4.56801237
  4.42648423
  4.30469845
  4.20309110
  4.12181011
  4.06088074
  4.02028593
  4.00000000
