  0.12845660
  0.24999999
  0.24999999
  0.24999999
  0.24999999
  0.24999999
  0.24999999
  0.24999999
  0.24999999
  0.24999999
  0.24999999
  0.24999999
  0.24999999
  0.24999999
  0.24999999
  0.24999999
  0.24999999
  0.24999998
  0.24999890
  0.23995147
  0.23228977
  0.21932305
  0.21521120
  0.21751792
  0.24999999
  0.24999999
  0.24999999
  0.24999999
  0.24999999
  0.24999999
  0.25000000
  0.18869407
  0.18608090
  0.18356957
  0.18103524
  0.17287971
  0.17410725
  0.16993062
  0.17265071
  0.17520598
  0.17769638
  0.18022161
  0.18288525
  0.25000000
  0.25000000
  0.25000000
  0.25000000
  0.25000000
  0.25000000
  0.18187456
  0.17923760
  0.17670206
  0.17416038
  0.17190701
  0.17780738
  0.18030526
  0.17769623
  0.18022152
  0.18288519
  0.25000000
  0.18153999
  0.18067296
  0.18333667
  0.25000000
  0.25000000
  0.25000000
  0.19778629
  0.19521617
  0.19277007
  0.19029761
  0.18764521
  0.18464750
  0.19266583
  0.21204356
  0.23513399
  0.25000000
  0.25000000
  0.25000000
  0.25000000
  0.25000000
  0.25000000
  0.25000000
  0.25000000
  0.25000000
  0.25000000
  0.25000000
  0.25000000
  0.25000000
  0.25000000
  0.25000000
  0.25000000
  0.25000000
  0.25000000
  0.25000000
  0.25000000
