  0.02310491
  0.02310491
  0.02310471
  0.02310470
  0.02310469
  0.02310466
  0.02310463
  0.02310457
  0.02310472
  0.08575973
  0.18233977
  0.21162625
  0.12519985
  0.18072469
  0.32852583
  0.51092395
  0.73900308
  0.59984701
  0.45488772
  0.41371816
  0.36242171
  0.38788402
  0.32273704
  0.17533113
  0.02310505
  0.02310488
  0.02310496
  0.02310495
  0.02310494
  0.02310494
  0.02998912
  0.20706747
  0.33474567
  0.45318124
  0.56489609
  0.67185425
  0.65595836
  0.70505037
  0.60534686
  0.50170840
  0.39266558
  0.27635728
  0.15038021
  0.02310495
  0.02310494
  0.02310494
  0.02310494
  0.02310494
  0.02310494
  0.19839228
  0.32217379
  0.43699303
  0.54518341
  0.64345249
  0.54130110
  0.43226763
  0.39266527
  0.27635713
  0.15038014
  0.02310495
  0.19839248
  0.27696580
  0.15070783
  0.02310495
  0.02310495
  0.02310506
  0.19839283
  0.33262321
  0.45683606
  0.57391280
  0.68608675
  0.79513955
  0.78652552
  0.67447553
  0.54899541
  0.38174909
  0.19890243
  0.04579717
  0.03960854
  0.07230584
  0.11069750
  0.16271992
  0.20333244
  0.23162662
  0.21328711
  0.19494760
  0.17660808
  0.15826857
  0.13992905
  0.12158954
  0.09009845
  0.05913218
  0.03728888
  0.02364383
  0.02109552
