  0.01155245
  0.01155245
  0.04784700
  0.09380999
  0.14062859
  0.18750020
  0.23437499
  0.28124997
  0.32812496
  0.37499995
  0.42187495
  0.46874994
  0.51562493
  0.56249992
  0.60937491
  0.65624989
  0.70312487
  0.74999981
  0.79687134
  0.80983584
  0.82578132
  0.81789496
  0.83796171
  0.88205251
  1.05455450
  1.10142948
  1.14830445
  1.19517940
  1.24205431
  1.24999983
  1.20312510
  0.87271022
  0.83429010
  0.79741172
  0.76147905
  0.72598184
  0.73132708
  0.71473877
  0.74818300
  0.78194312
  0.81640774
  0.85202810
  0.88934077
  1.24999962
  1.24999995
  1.24999995
  1.24999995
  1.24999995
  1.24999995
  0.87527202
  0.83813363
  0.80252493
  0.76790286
  0.73551517
  0.76916374
  0.80401304
  0.81640783
  0.85202813
  0.88934076
  1.24999989
  0.87527195
  0.85184469
  0.88924536
  1.24696024
  1.20008531
  1.15321036
  0.87527187
  0.83493994
  0.79625409
  0.75852865
  0.72117486
  0.68366766
  0.68667456
  0.72509803
  0.76666348
  0.77104733
  0.72417238
  0.67729742
  0.63042246
  0.58354752
  0.59302309
  0.63989802
  0.60937500
  0.56250001
  0.51562502
  0.46875002
  0.42187502
  0.37500002
  0.32812502
  0.28125002
  0.23437503
  0.18750023
  0.14062862
  0.09381001
  0.04784701
