 17.10880196
 17.10880196
 17.10880196
 17.15560244
 17.24920341
 17.38960486
 17.57680679
 17.81080921
 18.09161212
 18.41921552
 18.79361941
 19.21414676
 19.67870642
 20.18441431
 20.73187491
 21.31684745
 21.92602859
 22.53165021
 23.07909231
 23.55613579
 23.95133971
 24.26551016
 24.49645552
 24.64198271
 24.71463341
 24.75080098
 24.78857608
 24.82795884
 24.86894920
 24.91154715
 24.95441758
 24.99568033
 25.02237486
 24.99987405
 24.90229800
 24.71083655
 24.41494493
 23.99090948
 23.47211554
 22.83406589
 22.10542899
 21.30961852
 20.46292438
 19.57409002
 18.32412126
 17.07415217
 15.82418308
 14.57421400
 13.32424491
 12.07427582
 11.19902542
 10.36250312
  9.56946878
  8.83158099
  8.16615255
  7.54463974
  6.97781095
  6.47901089
  6.03793511
  5.63839635
  5.12282098
  4.76180604
  4.45363723
  4.19784373
  3.88825081
  3.59029594
  3.30397913
  3.08666844
  2.92413902
  2.84397417
  2.86805377
  3.01144143
  3.27974817
  3.69016559
  4.24681108
  4.92106596
  5.64917356
  6.35514887
  7.02288173
  7.64542585
  8.21864201
  8.79266071
  9.39141068
  9.91923881
 10.33850162
 10.63141967
 10.80834140
 10.88785523
 10.89233302
 10.59465497
 10.32563678
 10.09494669
  9.90825712
  9.76775492
  9.67401426
  9.62713936
