Ipopt 3.13.4: option_file_name=../public/solver/ipopt.opt

Using option file "../public/solver/ipopt.opt".


******************************************************************************
This program contains Ipopt, a library for large-scale nonlinear optimization.
 Ipopt is released as open source code under the Eclipse Public License (EPL).
         For more information visit https://github.com/coin-or/Ipopt
******************************************************************************

This is Ipopt version 3.13.4, running with linear solver ma27.

Number of nonzeros in equality constraint Jacobian...:    23377
Number of nonzeros in inequality constraint Jacobian.:    10631
Number of nonzeros in Lagrangian Hessian.............:    11591

Total number of variables............................:     9084
                     variables with only lower bounds:     4544
                variables with lower and upper bounds:     1846
                     variables with only upper bounds:        0
Total number of equality constraints.................:     5254
Total number of inequality constraints...............:     1841
        inequality constraints with only lower bounds:      568
   inequality constraints with lower and upper bounds:        0
        inequality constraints with only upper bounds:     1273

iter    objective    inf_pr   inf_du lg(mu)  ||d||  lg(rg) alpha_du alpha_pr  ls
   0  6.4770993e+00 1.15e+00 1.24e+00   0.0 0.00e+00    -  0.00e+00 0.00e+00   0
   1  6.4653205e+00 1.12e+00 1.56e+01  -0.7 3.53e+00    -  2.56e-02 3.07e-02f  1
   2  6.5056371e+00 1.01e+00 1.40e+01  -0.7 2.33e+00    -  8.64e-02 9.67e-02f  1
   3  6.5482074e+00 9.00e-01 1.25e+01  -1.0 1.96e+00    -  1.56e-01 1.09e-01f  1
   4  6.6259594e+00 8.06e-01 8.35e+01  -0.6 2.86e+00    -  2.60e-01 1.06e-01f  1
   5  6.7212380e+00 7.21e-01 4.71e+02  -0.1 3.10e+00   0.0 5.02e-01 1.06e-01f  1
   6  6.8142328e+00 6.46e-01 6.38e+02   0.1 5.26e+00    -  2.77e-01 1.04e-01f  1
   7  6.9976771e+00 5.06e-01 9.64e+02   0.1 4.02e+00    -  4.87e-01 2.21e-01f  1
   8  7.0046599e+00 4.86e-01 9.07e+02   0.1 3.37e+00   0.4 2.91e-02 3.93e-02f  1
   9  7.0215820e+00 4.63e-01 7.77e+02   0.1 5.49e+00    -  7.10e-02 4.79e-02f  1
iter    objective    inf_pr   inf_du lg(mu)  ||d||  lg(rg) alpha_du alpha_pr  ls
  10  7.1145617e+00 3.77e-01 1.69e+03   0.1 2.79e+00    -  3.38e-01 1.86e-01f  1
  11  7.2319085e+00 2.87e-01 2.01e+03   0.1 3.15e+00    -  2.76e-01 2.36e-01f  1
  12  7.2443980e+00 2.58e-01 1.10e+05   0.6 1.20e+00   1.8 1.00e+00 1.02e-01h  1
  13  7.2483158e+00 2.45e-01 1.05e+05  -5.4 8.84e-01   2.2 5.71e-02 5.03e-02h  1
  14  7.2586660e+00 2.14e-01 8.47e+05   1.3 8.35e-01   2.6 1.00e+00 1.24e-01h  1
  15  7.2853450e+00 1.96e-01 1.55e+06   2.1 2.44e+00   2.1 3.96e-01 8.60e-02f  1
  16  7.3317038e+00 1.41e-01 1.10e+06   1.8 2.87e+00    -  3.07e-01 2.80e-01h  1
  17  7.3552276e+00 1.23e-01 8.72e+05  -4.2 1.83e+00    -  2.08e-01 1.29e-01h  1
  18  7.3605164e+00 1.19e-01 8.19e+05   0.5 1.50e+00    -  6.10e-02 2.64e-02h  1
  19  7.4272667e+00 8.12e-02 5.15e+05   1.1 1.63e+00    -  3.85e-01 3.19e-01h  1
iter    objective    inf_pr   inf_du lg(mu)  ||d||  lg(rg) alpha_du alpha_pr  ls
  20  7.4521681e+00 7.02e-02 1.45e+06  -4.4 1.03e+00    -  2.75e-01 1.35e-01h  1
  21  7.4678638e+00 6.78e-02 9.81e+05  -4.6 1.11e+01    -  1.23e-02 3.35e-02h  1
  22  7.5114375e+00 6.00e-02 8.10e+05   2.0 6.53e+00    -  1.26e-01 1.15e-01f  1
  23  7.5136532e+00 5.84e-02 1.29e+06  -4.5 1.31e+00   3.5 9.87e-02 2.56e-02h  1
  24  7.5202010e+00 5.16e-02 1.44e+06   0.9 6.61e-01   3.0 2.39e-01 1.16e-01h  1
  25  7.5246425e+00 4.63e-02 4.69e+07   2.3 4.28e-01   3.4 9.95e-01 1.03e-01h  1
  26  7.5287780e+00 3.43e-02 3.73e+07   2.4 1.49e-01   4.7 3.39e-01 2.59e-01h  1
  27  7.5286507e+00 2.93e-02 3.18e+07  -3.7 1.68e-01   5.2 1.50e-01 1.47e-01h  1
  28  7.5274645e+00 2.72e-02 8.23e+07   3.0 5.69e-01   4.7 2.47e-01 7.02e-02f  1
  29  7.5273488e+00 2.57e-02 7.98e+07  -3.4 4.15e-01   4.2 1.91e-01 5.69e-02h  1
iter    objective    inf_pr   inf_du lg(mu)  ||d||  lg(rg) alpha_du alpha_pr  ls
  30  7.5234278e+00 2.21e-02 6.87e+07   1.8 4.88e-01   3.7 1.43e-01 1.40e-01h  1
  31  7.4288513e+00 1.49e-02 3.86e+07   2.0 1.18e+00    -  9.06e-02 3.26e-01f  1
  32  7.4273494e+00 1.46e-02 3.80e+07  -3.6 7.00e-01   3.3 5.36e-02 2.02e-02h  1
  33  7.4305943e+00 1.25e-02 7.95e+07   2.1 7.79e-01   3.7 6.49e-01 1.40e-01f  1
  34  7.4425345e+00 3.01e-03 8.01e+06   1.0 2.72e-01    -  4.77e-01 8.63e-01h  1
  35  7.4431605e+00 6.67e-04 1.17e+06   0.7 5.98e-02    -  7.53e-01 7.91e-01h  1
  36  7.4433303e+00 1.76e-05 1.13e+06  -0.7 1.03e-02    -  9.00e-01 9.78e-01h  1
  37  7.4425701e+00 9.09e-08 2.52e+06  -5.5 2.18e-03    -  9.85e-01 1.00e+00h  1
  38  7.3970423e+00 3.61e-04 6.40e+06  -2.7 1.27e-01    -  8.64e-01 1.00e+00f  1
  39  7.2025826e+00 1.72e-02 3.34e+06  -2.8 5.20e-01    -  4.88e-01 1.00e+00f  1
iter    objective    inf_pr   inf_du lg(mu)  ||d||  lg(rg) alpha_du alpha_pr  ls
  40  7.0909802e+00 2.88e-02 1.36e+06  -2.8 6.05e-01    -  5.68e-01 1.00e+00h  1
  41  7.0134712e+00 2.29e-03 9.84e+04  -2.8 3.91e-01    -  9.36e-01 1.00e+00h  1
  42  7.0459506e+00 1.88e-03 1.62e+05  -2.6 9.48e-01    -  7.31e-01 2.62e-01h  1
  43  7.0466417e+00 1.29e-06 6.18e+00  -2.7 3.87e-03   3.2 1.00e+00 1.00e+00h  1
  44  7.0463935e+00 2.08e-09 2.88e+01  -4.1 3.19e-04   2.7 1.00e+00 1.00e+00h  1
  45  7.0454300e+00 4.27e-08 2.12e-01  -5.1 1.20e-03   2.2 1.00e+00 1.00e+00f  1
  46  7.0424862e+00 3.97e-07 2.19e-01  -6.0 3.70e-03   1.8 1.00e+00 1.00e+00f  1
  47  7.0404157e+00 4.05e-07 3.43e+01  -6.1 1.06e-02   1.3 1.00e+00 2.59e-01f  1
  48  7.0375611e+00 3.64e-07 5.32e+01  -6.2 2.60e-02   0.8 1.00e+00 1.62e-01f  1
  49  7.0339708e+00 4.33e-07 1.11e+02  -5.8 6.38e-02   0.3 1.00e+00 9.66e-02f  1
iter    objective    inf_pr   inf_du lg(mu)  ||d||  lg(rg) alpha_du alpha_pr  ls
  50  7.0281960e+00 7.98e-07 9.29e+02  -5.2 1.49e-01  -0.1 1.00e+00 7.76e-02f  1
  51  7.0152486e+00 4.96e-06 3.09e+03  -4.7 3.04e-01  -0.6 1.00e+00 9.62e-02f  1
  52  6.9893453e+00 2.75e-05 6.99e+03  -4.4 5.58e-01  -1.1 1.00e+00 1.14e-01f  1
  53  6.9539401e+00 1.39e-04 5.98e+03  -4.4 8.34e-01  -1.6 5.57e-01 1.09e-01f  1
  54  6.9487139e+00 1.09e-04 5.85e+03 -10.4 6.52e-02  -0.2 7.67e-02 2.28e-01h  1
  55  6.9401088e+00 9.92e-05 1.72e+03  -4.8 1.32e-01  -0.7 9.45e-01 1.82e-01h  1
  56  6.9382696e+00 5.45e-05 9.31e+02  -6.2 1.10e-02   0.6 8.29e-01 4.52e-01h  1
  57  6.9377831e+00 8.41e-09 7.18e-02  -6.4 8.20e-04   1.9 1.00e+00 1.00e+00h  1
  58  6.9370894e+00 2.22e-08 2.20e+01  -7.5 2.12e-03   1.5 1.00e+00 6.66e-01h  1
  59  6.9365596e+00 3.46e-08 2.05e+01  -8.6 4.97e-03   1.0 1.00e+00 2.75e-01h  1
iter    objective    inf_pr   inf_du lg(mu)  ||d||  lg(rg) alpha_du alpha_pr  ls
  60  6.9360331e+00 3.72e-08 1.84e+01  -9.2 1.31e-02   0.5 1.00e+00 1.13e-01h  1
  61  6.9350836e+00 7.76e-08 1.69e+01  -9.2 3.41e-02   0.0 1.00e+00 7.81e-02f  1
  62  6.9343202e+00 1.18e-07 1.58e+01  -9.1 8.58e-02  -0.4 1.00e+00 2.38e-02f  1
  63  6.9328624e+00 2.91e-07 1.53e+01 -10.2 2.16e-01  -0.9 2.82e-01 1.74e-02f  1
  64  6.9310290e+00 5.76e-07 5.94e+00  -7.3 5.51e-01  -1.4 1.00e+00 8.40e-03f  1
  65  6.9240593e+00 4.71e-06 6.23e+00 -11.0 1.19e+00  -1.9 6.03e-02 1.49e-02f  1
  66  6.9217119e+00 5.09e-06 6.20e+00  -7.4 2.30e+00  -2.4 1.27e-02 2.56e-03f  1
  67  6.9145810e+00 1.08e-05 3.32e+01  -6.6 1.20e+00  -1.9 1.00e+00 1.52e-02f  1
  68  6.8987275e+00 4.56e-05 9.43e+02  -4.6 2.08e+00  -2.4 1.94e-01 1.93e-02f  1
  69  6.8587241e+00 1.67e-04 1.27e+03  -4.4 3.02e+00  -2.9 1.01e-01 3.30e-02f  1
iter    objective    inf_pr   inf_du lg(mu)  ||d||  lg(rg) alpha_du alpha_pr  ls
  70  6.8307631e+00 2.54e-04 3.10e+03  -4.6 1.63e+00  -2.5 5.80e-01 4.44e-02f  1
  71  6.7484535e+00 1.90e-03 2.85e+03  -4.5 1.92e+00  -2.9 1.46e-01 1.14e-01f  1
  72  6.7238662e+00 2.01e-03 4.01e+03  -4.1 2.96e+00  -3.4 1.54e-01 3.59e-02h  1
  73  6.7099029e+00 1.87e-03 2.30e+03  -4.8 5.18e-01  -2.1 5.70e-01 1.11e-01h  1
  74  6.6780611e+00 2.57e-03 9.42e+03  -4.2 1.03e+00  -2.6 1.00e+00 2.09e-01h  1
  75  6.7054004e+00 2.19e-03 7.42e+04  -3.3 2.18e+00    -  1.00e+00 1.53e-01f  1
  76  6.7226152e+00 5.92e-04 1.78e+04  -3.4 2.62e-01    -  1.00e+00 7.31e-01h  1
  77  6.7228098e+00 3.51e-04 1.22e+04  -3.4 1.18e-01    -  1.00e+00 4.10e-01h  1
  78  6.7184637e+00 5.80e-04 6.31e+03  -3.4 1.38e-01    -  8.42e-01 1.00e+00h  1
  79  6.6773490e+00 7.31e-04 1.03e+03  -3.6 1.63e-01    -  1.00e+00 1.00e+00h  1
iter    objective    inf_pr   inf_du lg(mu)  ||d||  lg(rg) alpha_du alpha_pr  ls
  80  6.6645019e+00 8.64e-06 7.97e+01  -4.0 3.11e-02  -0.3 1.00e+00 1.00e+00h  1
  81  6.6472002e+00 4.47e-05 1.73e+03  -4.1 4.98e-02  -0.8 1.00e+00 9.04e-01h  1
  82  6.6399070e+00 1.05e-05 1.02e+03  -4.5 2.05e-02  -0.4 1.00e+00 8.83e-01h  1
  83  6.6439572e+00 9.83e-06 2.47e+04  -3.6 1.02e-01  -0.9 4.84e-01 9.22e-02f  1
  84  6.6462231e+00 3.83e-06 2.85e+04  -3.9 9.21e-03   0.5 1.00e+00 6.45e-01h  1
  85  6.6407122e+00 6.65e-04 1.78e+04  -3.7 3.44e-01    -  1.00e+00 4.65e-01f  1
  86  6.6429026e+00 2.66e-06 7.06e+01  -3.8 1.08e-02  -0.0 1.00e+00 1.00e+00h  1
  87  6.6305095e+00 1.23e-05 5.70e+03  -4.4 2.97e-02  -0.5 7.81e-01 1.00e+00h  1
  88  6.6247461e+00 3.11e-06 7.37e+02  -4.6 1.46e-02  -0.1 1.00e+00 9.08e-01h  1
  89  6.6261580e+00 1.22e-05 2.54e+03  -3.6 5.63e-01    -  9.40e-02 2.80e-02f  1
iter    objective    inf_pr   inf_du lg(mu)  ||d||  lg(rg) alpha_du alpha_pr  ls
  90  6.6218631e+00 5.80e-06 4.48e+03  -4.5 2.29e-02  -0.5 7.40e-02 6.22e-01h  1
  91  6.6215515e+00 3.00e-09 1.37e-01  -5.6 3.40e-04   2.6 1.00e+00 1.00e+00h  1
  92  6.6207742e+00 1.37e-08 6.28e+01  -6.7 1.02e-03   2.1 1.00e+00 8.48e-01f  1
  93  6.6202771e+00 1.41e-08 6.29e+01  -7.5 1.80e-03   1.7 1.00e+00 3.36e-01h  1
  94  6.6198583e+00 1.89e-08 5.60e+01  -7.8 3.63e-03   1.2 1.00e+00 1.61e-01h  1
  95  6.6195065e+00 2.56e-08 5.17e+01  -7.7 8.41e-03   0.7 1.00e+00 6.85e-02f  1
  96  6.6191060e+00 3.85e-08 4.30e+01  -7.3 1.73e-02   0.2 1.00e+00 4.54e-02f  1
  97  6.6185546e+00 6.17e-08 1.72e+01  -6.6 3.36e-02  -0.3 1.00e+00 3.72e-02f  1
  98  6.6173404e+00 1.84e-07 2.23e+02  -5.9 6.17e-02  -0.7 1.00e+00 4.70e-02f  1
  99  6.6129947e+00 1.26e-04 6.72e+02  -4.9 1.19e-01  -1.2 3.37e-01 1.29e-01f  1
iter    objective    inf_pr   inf_du lg(mu)  ||d||  lg(rg) alpha_du alpha_pr  ls
 100  6.6071336e+00 1.26e-04 9.52e+02  -4.8 2.83e-01  -1.7 2.95e-01 1.06e-01h  1
 101  6.5959169e+00 7.06e-04 9.02e+02  -5.5 4.97e-01  -2.2 5.86e-02 9.70e-02h  1
 102  6.5826606e+00 4.18e-03 9.10e+02  -6.3 1.38e+00  -2.6 2.63e-02 6.09e-02h  1
 103  6.5763982e+00 4.50e-03 4.45e+03  -4.6 8.51e-01  -2.2 1.00e+00 9.48e-02h  1
 104  6.5940320e+00 4.39e-03 2.77e+04  -3.5 1.21e+00  -2.7 3.65e-01 9.87e-02f  1
 105  6.5965608e+00 2.97e-03 9.54e+03  -4.0 1.83e-02  -0.5 1.00e+00 3.25e-01h  1
 106  6.5843446e+00 2.64e-03 7.95e+03  -4.0 1.01e+00    -  2.51e-01 1.67e-01f  1
 107  6.5884176e+00 3.54e-04 1.43e+03  -4.0 6.27e-02  -0.9 1.00e+00 8.55e-01h  1
 108  6.5849233e+00 2.11e-04 5.26e+02  -4.0 3.52e-02  -1.4 9.67e-01 7.42e-01f  1
 109  6.5840022e+00 1.72e-04 6.87e+04  -4.3 3.31e-02  -0.1 9.70e-01 1.82e-01h  1
iter    objective    inf_pr   inf_du lg(mu)  ||d||  lg(rg) alpha_du alpha_pr  ls
 110  6.5826099e+00 1.53e-04 2.33e+05  -4.7 3.07e-02  -0.6 1.00e+00 1.13e-01h  1
 111  6.5826083e+00 1.53e-04 4.89e+04  -4.4 6.39e-01  -0.1 2.89e-02 3.92e-04h  1
 112  6.5722330e+00 2.84e-05 1.24e+06  -4.8 3.20e-02  -0.6 6.92e-03 7.95e-01h  1
 113  6.5705785e+00 8.07e-06 3.52e+05  -5.4 4.01e-03   0.7 9.57e-01 7.16e-01h  1
 114  6.5702377e+00 2.64e-06 1.15e+05  -6.9 6.08e-04   2.0 9.07e-01 6.73e-01h  1
 115  6.5699798e+00 1.62e-09 2.99e+00  -8.1 2.98e-04   2.5 9.74e-01 1.00e+00h  1
 116  6.5697740e+00 2.55e-09 5.37e-01  -8.5 5.35e-04   2.0 1.00e+00 5.00e-01h  1
 117  6.5696307e+00 3.83e-09 7.17e-01  -9.1 1.08e-03   1.5 1.00e+00 1.98e-01h  1
 118  6.5695121e+00 5.16e-09 7.22e-01  -9.4 2.59e-03   1.0 1.00e+00 7.70e-02h  1
 119  6.5693740e+00 5.99e-09 7.10e-01  -9.4 6.13e-03   0.6 1.00e+00 4.42e-02f  1
iter    objective    inf_pr   inf_du lg(mu)  ||d||  lg(rg) alpha_du alpha_pr  ls
 120  6.5692056e+00 6.33e-09 6.86e-01  -9.4 1.52e-02   0.1 1.00e+00 2.44e-02f  1
 121  6.5688931e+00 1.95e-08 4.21e-01  -8.8 3.72e-02  -0.4 1.00e+00 1.96e-02f  1
 122  6.5684257e+00 3.59e-08 4.57e+00  -7.5 8.22e-02  -0.9 1.00e+00 1.35e-02f  1
 123  6.5676004e+00 2.45e-07 5.38e+01  -6.5 1.67e-01  -1.3 1.00e+00 1.30e-02f  1
 124  6.5649240e+00 6.69e-06 3.01e+02  -5.8 3.95e-01  -1.8 1.00e+00 2.94e-02f  1
 125  6.5593095e+00 5.39e-05 1.71e+03  -5.0 6.42e-01  -2.3 1.00e+00 5.24e-02f  1
 126  6.5499067e+00 2.70e-04 2.99e+03  -4.7 8.21e-01  -2.8 7.04e-01 9.27e-02h  1
 127  6.5380945e+00 2.78e-03 2.49e+03  -5.3 1.19e+00  -3.3 1.74e-01 1.15e-01h  1
 128  6.5371679e+00 1.37e-03 6.52e+02  -5.7 6.88e-03  -0.1 7.22e-01 5.06e-01h  1
 129  6.5369613e+00 1.10e-03 8.71e+01  -6.1 3.16e-03   0.3 7.09e-01 1.96e-01h  1
iter    objective    inf_pr   inf_du lg(mu)  ||d||  lg(rg) alpha_du alpha_pr  ls
 130  6.5356616e+00 4.37e-04 7.44e+01  -5.9 8.37e-03  -0.2 3.10e-01 6.04e-01h  1
 131  6.5336057e+00 2.28e-04 1.92e+01  -6.1 2.36e-02  -0.6 5.84e-01 4.79e-01h  1
 132  6.5330595e+00 2.09e-04 1.56e+02  -5.3 5.06e-02  -1.1 2.91e-01 8.62e-02h  1
 133  6.5325509e+00 2.03e-04 1.03e+02  -7.2 1.35e-01  -1.6 1.42e-01 2.73e-02h  1
 134  6.5316321e+00 7.71e-05 3.46e+01  -6.0 8.89e-03  -0.3 1.00e+00 6.21e-01h  1
 135  6.5306512e+00 5.59e-05 1.30e+02  -6.6 2.34e-02  -0.8 1.00e+00 2.75e-01h  1
 136  6.5300469e+00 5.15e-05 1.30e+02 -11.0 5.44e-02  -1.2 3.02e-01 7.83e-02h  1
 137  6.5299008e+00 5.04e-05 2.33e+03  -4.8 1.33e-01  -1.7 7.70e-01 2.35e-02h  1
 138  6.5297436e+00 4.92e-05 3.83e+02  -6.2 5.60e-02  -1.3 7.92e-01 2.34e-02h  1
 139  6.5271107e+00 1.80e-04 2.96e+02  -5.5 1.14e-01  -1.8 6.75e-01 2.50e-01h  1
iter    objective    inf_pr   inf_du lg(mu)  ||d||  lg(rg) alpha_du alpha_pr  ls
 140  6.5264490e+00 1.62e-04 2.06e+02  -5.7 4.71e-02  -1.3 1.00e+00 1.36e-01h  1
 141  6.5243243e+00 1.78e-04 4.32e+02  -5.7 1.17e-01  -1.8 8.39e-01 2.32e-01h  1
 142  6.5216666e+00 6.43e-04 2.40e+02  -6.3 2.47e-01  -2.3 6.70e-01 1.80e-01h  1
 143  6.5195799e+00 8.74e-04 1.70e+02  -7.0 5.16e-01  -2.8 5.38e-01 1.00e-01h  1
 144  6.5176237e+00 8.19e-04 1.62e+02  -7.4 1.06e+00  -3.2 1.47e-01 6.88e-02h  1
 145  6.5168447e+00 1.01e-05 5.30e-01  -5.6 1.47e-02  -1.0 1.00e+00 1.00e+00h  1
 146  6.5160266e+00 2.15e-04 1.33e+02  -4.6 3.03e+00    -  7.66e-02 4.73e-02f  1
 147  6.5156902e+00 2.13e-04 3.08e+02  -5.7 2.01e+00    -  1.02e-01 1.26e-02h  1
 148  6.5154543e+00 2.31e-06 2.59e-01  -5.4 3.62e-03  -0.6 1.00e+00 1.00e+00h  1
 149  6.5153251e+00 2.20e-06 3.09e+03  -5.9 1.66e-02  -1.1 1.00e+00 8.65e-02h  1
iter    objective    inf_pr   inf_du lg(mu)  ||d||  lg(rg) alpha_du alpha_pr  ls
 150  6.5150692e+00 6.89e-06 3.44e+03  -5.6 4.29e+00    -  5.99e-02 5.29e-03h  1
 151  6.5162645e+00 2.43e-05 9.19e+02  -4.9 7.03e-02  -1.5 7.99e-01 3.01e-01h  1
 152  6.5168628e+00 3.23e-04 9.74e+02  -5.1 1.91e-02  -1.1 6.00e-01 1.00e+00h  1
 153  6.5155255e+00 2.97e-04 1.60e+03  -5.1 1.22e+00    -  3.44e-01 8.18e-02h  1
 154  6.5137948e+00 2.52e-04 1.38e+03  -5.1 4.36e-01    -  7.04e-02 1.58e-01h  1
 155  6.5134451e+00 2.05e-04 1.20e+03  -5.2 1.75e-02  -1.6 1.00e+00 1.88e-01h  1
 156  6.5122779e+00 6.26e-04 1.25e+03  -4.9 6.65e-01    -  5.84e-02 1.92e-01h  1
 157  6.5100829e+00 6.52e-05 1.42e+02  -5.4 1.59e-02  -1.2 1.00e+00 8.96e-01h  1
 158  6.5106583e+00 1.04e-03 5.36e+01  -4.7 1.36e+00    -  2.35e-01 1.94e-01h  1
 159  6.5089161e+00 1.61e-03 2.12e+01  -5.2 6.88e-01    -  3.46e-01 2.43e-01h  1
iter    objective    inf_pr   inf_du lg(mu)  ||d||  lg(rg) alpha_du alpha_pr  ls
 160  6.5111464e+00 6.68e-04 1.96e+02  -4.8 2.11e-01    -  7.71e-01 6.70e-01f  1
 161  6.5094875e+00 9.63e-05 1.56e+02  -4.9 8.31e-02    -  7.80e-01 1.00e+00h  1
 162  6.5069408e+00 2.66e-04 1.18e+01  -5.2 3.29e-02    -  1.00e+00 9.88e-01h  1
 163  6.5049387e+00 3.13e-04 5.02e+00  -5.5 5.29e-02    -  1.00e+00 1.00e+00h  1
 164  6.5042555e+00 3.75e-04 4.99e+00  -5.8 4.42e-02    -  1.00e+00 9.81e-01h  1
 165  6.5039460e+00 1.94e-04 1.82e+00  -5.9 2.69e-02    -  1.00e+00 9.85e-01h  1
 166  6.5044237e+00 2.87e-04 2.44e-01  -5.7 3.09e-02    -  1.00e+00 1.00e+00h  1
 167  6.5042037e+00 6.35e-05 5.50e-02  -5.8 1.60e-02    -  1.00e+00 1.00e+00h  1
 168  6.5041986e+00 6.28e-05 1.69e+04  -5.9 4.47e-02  -1.6 1.00e+00 1.09e-02h  1
 169  6.5039349e+00 2.88e-04 4.35e+04  -6.0 9.85e-02    -  2.68e-01 9.21e-01h  1
iter    objective    inf_pr   inf_du lg(mu)  ||d||  lg(rg) alpha_du alpha_pr  ls
 170  6.5038801e+00 1.48e-04 2.25e+04  -6.6 3.18e-04   1.5 9.66e-01 4.85e-01h  1
 171  6.5037920e+00 6.28e-09 9.75e-01  -6.3 2.70e-04   1.0 1.00e+00 1.00e+00h  1
 172  6.5036598e+00 1.54e-08 6.91e-03  -6.5 7.95e-04   0.5 1.00e+00 1.00e+00h  1
 173  6.5035326e+00 1.50e-07 1.42e+01  -7.2 1.97e-03   0.1 1.00e+00 7.12e-01h  1
 174  6.5035179e+00 1.34e-07 2.14e+01  -7.8 3.84e-03  -0.4 1.00e+00 1.16e-01h  1
 175  6.5034978e+00 1.38e-07 1.99e+01  -8.3 5.96e-03  -0.9 1.00e+00 1.37e-01h  1
 176  6.5034604e+00 2.58e-06 1.72e+01  -8.5 8.16e-03  -1.4 1.00e+00 2.16e-01h  1
 177  6.5034462e+00 6.58e-06 1.76e+02  -8.4 2.87e-02  -1.8 1.00e+00 5.91e-02h  1
 178  6.5034431e+00 7.76e-06 1.32e+03  -8.4 5.14e-02  -1.4 1.00e+00 2.07e-02h  1
 179  6.5034363e+00 7.56e-06 5.30e+03  -8.2 1.78e-02  -1.9 1.00e+00 2.49e-02h  1
iter    objective    inf_pr   inf_du lg(mu)  ||d||  lg(rg) alpha_du alpha_pr  ls
 180  6.5033349e+00 6.08e-06 4.98e+03  -8.2 5.25e-02  -2.4 1.73e-01 1.96e-01h  1
 181  6.5032896e+00 5.69e-06 4.66e+03 -11.0 9.34e-02  -2.8 1.18e-03 6.42e-02h  1
 182  6.5032896e+00 5.57e-06 4.58e+03  -7.1 9.57e-05   2.1 1.00e+00 2.13e-02h  1
 183  6.5032890e+00 1.36e-10 5.46e+00  -7.2 2.75e-05   1.6 7.86e-01 1.00e+00h  1
 184  6.5032807e+00 3.17e-10 2.30e-01  -7.4 7.77e-05   1.1 1.00e+00 9.69e-01h  1
 185  6.5032665e+00 1.11e-09 1.66e+00  -8.1 2.33e-04   0.7 1.00e+00 7.23e-01h  1
 186  6.5032599e+00 4.26e-09 7.48e+00  -8.5 4.07e-04   0.2 1.00e+00 4.32e-01h  1
 187  6.5032540e+00 1.87e-08 5.40e+00  -8.5 1.23e-03  -0.3 4.64e-01 3.24e-01h  1
 188  6.5032468e+00 5.71e-08 4.30e+00  -7.9 3.50e-03  -0.8 3.38e-02 2.04e-01f  1
 189  6.5032394e+00 7.25e-08 4.02e+00  -8.5 9.10e-03  -1.2 2.21e-02 6.38e-02h  1
iter    objective    inf_pr   inf_du lg(mu)  ||d||  lg(rg) alpha_du alpha_pr  ls
 190  6.5032145e+00 1.21e-07 3.85e+00  -8.2 1.99e-02  -1.7 6.70e-03 4.21e-02f  1
 191  6.5026158e+00 1.82e-06 3.76e+00  -6.4 1.10e+00  -2.2 1.06e-03 2.25e-02f  1
 192  6.5025349e+00 1.82e-06 3.75e+00  -8.4 4.64e-01  -1.8 3.89e-03 3.41e-03h  1
 193  6.5021414e+00 1.99e-06 3.73e+00  -6.3 1.28e+00  -2.3 1.81e-03 5.95e-03f  1
 194  6.5016332e+00 2.42e-06 3.72e+00  -6.3 3.38e+00  -2.7 3.98e-03 2.85e-03f  1
 195  6.4975478e+00 5.04e-05 3.69e+00  -6.3 6.96e+00  -3.2 3.51e-03 8.26e-03f  1
 196  6.4889413e+00 2.33e-04 5.39e+00  -6.5 3.65e+00  -2.8 1.14e-03 3.74e-02h  1
 197  6.4778297e+00 5.97e-04 5.91e+00  -6.0 7.29e+00  -3.3 1.59e-02 1.89e-02f  1
 198  6.4757533e+00 6.01e-04 5.22e+00  -5.6 3.90e+00  -2.8 9.86e-03 8.66e-03h  1
 199  6.4679330e+00 7.52e-04 1.45e+01  -5.3 7.67e+00  -3.3 3.34e-03 1.20e-02h  1
iter    objective    inf_pr   inf_du lg(mu)  ||d||  lg(rg) alpha_du alpha_pr  ls
 200  6.4651232e+00 7.58e-04 5.63e+01  -5.1 4.20e+00  -2.9 5.89e-02 1.09e-02h  1
 201  6.4600321e+00 8.07e-04 4.19e+01  -4.4 7.67e+00  -3.4 6.58e-03 8.32e-03f  1
 202  6.4580464e+00 8.06e-04 2.92e+02  -4.9 4.16e+00  -2.9 1.01e-01 8.44e-03h  1
 203  6.4560565e+00 8.08e-04 4.99e+02  -4.7 4.36e+00  -3.4 6.16e-02 9.26e-03h  1
 204  6.4363857e+00 1.92e-02 7.81e+01  -4.7 1.75e+00  -3.0 7.84e-02 1.76e-01h  1
 205  6.4290120e+00 2.99e-02 6.05e+01 -11.0 1.68e+00  -2.6 1.01e-01 9.15e-02h  1
 206  6.4229132e+00 1.71e-02 3.07e+02  -4.6 5.09e-01  -2.1 9.29e-02 1.61e-01h  1
 207  6.4108468e+00 1.30e-03 1.40e+02  -4.6 1.80e+00  -2.6 1.26e-01 8.58e-02h  1
 208  6.4093915e+00 1.30e-03 2.26e+02  -4.6 1.05e+00  -3.1 9.02e-02 7.53e-03h  1
 209  6.4034456e+00 5.71e-02 4.57e+02  -3.6 1.36e+01    -  1.75e-02 1.22e-02f  1
iter    objective    inf_pr   inf_du lg(mu)  ||d||  lg(rg) alpha_du alpha_pr  ls
 210  6.3957799e+00 7.73e-02 4.39e+02  -4.0 2.38e+01    -  3.30e-03 4.21e-03h  1
 211  6.4035599e+00 4.71e-02 1.32e+02  -2.8 2.88e+01    -  1.22e-03 3.00e-03f  1
 212  6.3821398e+00 1.14e-01 8.98e+01  -4.9 2.08e+01    -  2.92e-04 3.16e-02h  1
 213  6.3874006e+00 1.66e-02 2.31e+02  -4.2 3.18e+00    -  1.54e-01 1.24e-01f  1
 214  6.3710110e+00 1.27e-01 4.46e+02  -4.7 4.67e+00    -  3.79e-03 1.01e-01h  1
 215  6.3721230e+00 1.23e-01 3.51e+03  -3.5 1.41e+01    -  6.63e-02 1.26e-02f  1
 216  6.3595822e+00 1.09e-01 3.45e+03  -4.5 5.94e+00    -  2.58e-02 4.42e-02h  1
 217  6.3572392e+00 9.90e-02 4.13e+03  -3.9 2.29e+00    -  6.83e-02 2.41e-02f  1
 218  6.3532486e+00 6.58e-02 4.17e+03  -4.1 9.68e-01    -  1.88e-01 1.06e-01h  1
 219  6.3482168e+00 2.28e-02 3.95e+03  -4.0 1.57e+00    -  1.76e-01 1.42e-01h  1
iter    objective    inf_pr   inf_du lg(mu)  ||d||  lg(rg) alpha_du alpha_pr  ls
 220  6.3403882e+00 1.96e-01 3.31e+03  -4.6 5.83e+00    -  1.49e-01 7.57e-02h  1
 221  6.3360906e+00 1.67e-01 3.70e+03  -3.9 3.42e+00    -  7.53e-02 5.42e-02h  1
 222  6.3333222e+00 1.21e-01 2.24e+03  -4.5 1.46e-01  -1.8 2.95e-01 2.23e-01h  1
 223  6.3276706e+00 1.02e-03 4.95e+03  -5.0 1.05e-01  -0.4 4.41e-01 8.96e-01h  1
 224  6.3270501e+00 5.44e-04 2.61e+03  -5.7 1.19e-02   0.9 4.77e-01 4.64e-01h  1
 225  6.3276545e+00 4.10e-04 9.63e+03  -4.1 6.35e-03   2.2 1.00e+00 2.46e-01h  1
 226  6.3275501e+00 3.40e-08 4.47e+02  -4.9 4.88e-03   1.8 9.62e-01 1.00e+00h  1
 227  6.3269217e+00 7.40e-08 1.44e-01  -5.1 9.06e-04   1.3 1.00e+00 1.00e+00h  1
 228  6.3258642e+00 1.28e-07 1.52e+02  -5.7 2.28e-03   0.8 1.00e+00 8.44e-01h  1
 229  6.3248096e+00 4.25e-07 1.86e+02  -6.1 4.39e-03   0.3 1.00e+00 5.82e-01h  1
iter    objective    inf_pr   inf_du lg(mu)  ||d||  lg(rg) alpha_du alpha_pr  ls
 230  6.3239191e+00 9.50e-07 1.76e+02  -6.4 7.70e-03  -0.2 1.00e+00 3.05e-01h  1
 231  6.3229806e+00 2.72e-06 6.99e+00  -5.9 1.33e-02  -0.6 1.00e+00 1.68e-01h  1
 232  6.3212973e+00 8.21e-06 4.49e+02  -5.4 2.86e-02  -1.1 1.00e+00 1.93e-01h  1
 233  6.3193513e+00 4.47e-05 8.60e+02  -5.0 8.34e-02  -1.6 6.57e-01 1.86e-01h  1
 234  6.3160845e+00 5.43e-04 5.91e+02  -4.6 2.01e-01  -2.1 2.52e-01 2.65e-01h  1
 235  6.3236532e+00 3.24e-03 9.29e+01  -3.8 2.98e+00    -  7.66e-02 9.76e-02f  1
 236  6.3150002e+00 3.23e-03 3.71e+02  -4.7 2.98e+00    -  1.61e-01 5.12e-02h  1
 237  6.3166119e+00 3.59e-03 6.89e+03  -3.9 1.69e+00    -  5.26e-01 1.54e-01f  1
 238  6.3101568e+00 2.70e-03 4.97e+03  -4.2 4.02e-01    -  2.78e-01 2.78e-01h  1
 239  6.3265676e+00 2.73e-03 9.03e+03  -3.9 6.93e-01    -  1.00e+00 4.45e-01f  1
iter    objective    inf_pr   inf_du lg(mu)  ||d||  lg(rg) alpha_du alpha_pr  ls
 240  6.3280833e+00 5.23e-04 5.22e+02  -4.0 1.29e-01    -  1.00e+00 8.52e-01h  1
 241  6.3281974e+00 1.48e-04 2.29e+00  -4.0 3.61e-02    -  1.00e+00 1.00e+00f  1
 242  6.3281925e+00 2.76e-06 1.81e-03  -4.0 6.29e-03    -  1.00e+00 1.00e+00h  1
 243  6.3281928e+00 3.92e-09 1.33e-06  -4.0 2.26e-04    -  1.00e+00 1.00e+00h  1

Number of Iterations....: 243

                                   (scaled)                 (unscaled)
Objective...............:   6.3281927902627153e+00    6.3281927902627153e+00
Dual infeasibility......:   1.3284698672112044e-06    1.3284698672112044e-06
Constraint violation....:   3.9234335780236052e-09    3.9234335780236052e-09
Complementarity.........:   9.4324701437514436e-05    9.4324701437514436e-05
Overall NLP error.......:   9.4324701437514436e-05    9.4324701437514436e-05


Number of objective function evaluations             = 244
Number of objective gradient evaluations             = 244
Number of equality constraint evaluations            = 244
Number of inequality constraint evaluations          = 244
Number of equality constraint Jacobian evaluations   = 244
Number of inequality constraint Jacobian evaluations = 244
Number of Lagrangian Hessian evaluations             = 243
Total CPU secs in IPOPT (w/o function evaluations)   =      1.398
Total CPU secs in NLP function evaluations           =      0.610

EXIT: Optimal Solution Found.
 
Ipopt 3.13.4: Optimal Solution Found

suffix ipopt_zU_out OUT;
suffix ipopt_zL_out OUT;
sum{i in 1 .. Nfe - 1} dt[i] = 29.5635

tf = 29.5635

