Ipopt 3.13.4: option_file_name=../public/solver/ipopt.opt

Using option file "../public/solver/ipopt.opt".


******************************************************************************
This program contains Ipopt, a library for large-scale nonlinear optimization.
 Ipopt is released as open source code under the Eclipse Public License (EPL).
         For more information visit https://github.com/coin-or/Ipopt
******************************************************************************

This is Ipopt version 3.13.4, running with linear solver ma27.

Number of nonzeros in equality constraint Jacobian...:    13701
Number of nonzeros in inequality constraint Jacobian.:    28271
Number of nonzeros in Lagrangian Hessian.............:     8043

Total number of variables............................:     3788
                     variables with only lower bounds:        0
                variables with lower and upper bounds:     2054
                     variables with only upper bounds:        0
Total number of equality constraints.................:     3318
Total number of inequality constraints...............:     4577
        inequality constraints with only lower bounds:     3792
   inequality constraints with lower and upper bounds:        0
        inequality constraints with only upper bounds:      785

iter    objective    inf_pr   inf_du lg(mu)  ||d||  lg(rg) alpha_du alpha_pr  ls
   0  5.1175461e+00 1.01e+00 1.00e+00   0.0 0.00e+00    -  0.00e+00 0.00e+00   0
   1  5.1035281e+00 9.87e-01 1.70e+01  -0.4 3.62e+01    -  1.86e-02 1.89e-02f  1
   2  5.0855029e+00 9.27e-01 2.53e+01  -0.2 3.60e+01    -  1.21e-02 6.03e-02f  1
   3  5.0932866e+00 8.75e-01 4.96e+01  -0.4 3.16e+01    -  1.14e-01 5.62e-02f  1
   4  5.1140939e+00 8.03e-01 4.55e+01  -0.4 3.14e+01    -  9.39e-02 8.26e-02f  1
   5  5.2593044e+00 7.98e-01 4.98e+01   1.5 5.45e+02    -  5.61e-03 6.20e-03f  1
   6  5.4370057e+00 7.92e-01 4.43e+01   1.5 2.87e+02    -  7.72e-03 8.20e-03f  1
   7  5.4307957e+00 7.71e-01 8.33e+04   1.5 1.48e+01   2.0 1.00e+00 2.64e-02h  1
   8  5.5820600e+00 5.82e-01 6.23e+04   1.5 4.16e+01    -  2.54e-01 2.45e-01f  1
   9  5.7961152e+00 4.33e-01 5.49e+04   1.5 5.55e+01    -  1.30e-01 2.58e-01f  1
iter    objective    inf_pr   inf_du lg(mu)  ||d||  lg(rg) alpha_du alpha_pr  ls
  10  5.9247711e+00 3.75e-01 3.67e+04   1.5 2.94e+01    -  3.06e-01 1.34e-01f  1
  11  6.2001210e+00 2.81e-01 2.07e+04   1.5 3.21e+01    -  4.19e-01 2.49e-01f  1
  12  6.4092525e+00 2.31e-01 1.54e+04   1.5 2.90e+01    -  2.57e-01 1.77e-01h  1
  13  6.5593579e+00 2.00e-01 1.93e+04   1.5 3.23e+01    -  2.15e-01 1.34e-01h  1
  14  6.7058467e+00 1.67e-01 1.76e+04   1.5 3.53e+01    -  2.64e-01 1.65e-01f  2
  15  6.8581669e+00 1.41e-01 2.07e+04   1.5 3.52e+01    -  2.07e-01 1.58e-01h  2
  16  6.9398745e+00 1.25e-01 8.44e+04   1.5 3.83e+01    -  5.06e-01 1.15e-01h  2
  17  7.0317744e+00 1.07e-01 9.71e+04   1.5 3.42e+01    -  2.81e-01 1.40e-01h  2
  18  7.1590672e+00 8.53e-02 1.38e+05   1.5 3.83e+01    -  5.25e-01 2.05e-01h  2
  19  7.2071487e+00 7.78e-02 1.93e+05   1.5 3.55e+01    -  4.63e-01 8.83e-02h  3
iter    objective    inf_pr   inf_du lg(mu)  ||d||  lg(rg) alpha_du alpha_pr  ls
  20  7.2378479e+00 7.31e-02 3.38e+05   1.5 3.13e+01    -  1.00e+00 6.00e-02h  4
  21  7.2434174e+00 7.22e-02 4.12e+05   1.5 2.88e+01    -  6.95e-01 1.19e-02h  7
  22  7.2461685e+00 7.18e-02 4.65e+05   1.5 2.59e+01    -  5.76e-01 6.21e-03h  8
  23  7.2475918e+00 7.15e-02 5.43e+05   1.5 2.72e+01    -  1.00e+00 3.24e-03h  9
  24  7.6567636e+00 7.74e-02 4.75e+04   1.5 2.54e+01    -  6.60e-01 8.89e-01w  1
  25  7.6953657e+00 4.59e-02 1.92e+05   1.5 3.35e+01    -  2.27e-01 5.94e-01w  1
  26  7.7139319e+00 3.21e-02 1.49e+05   1.5 2.74e+01    -  4.59e-01 6.86e-01w  1
  27  7.3449245e+00 5.56e-02 4.47e+05   1.5 1.81e+01    -  6.60e-01 2.22e-01h  2
  28  7.6557406e+00 1.67e-02 7.05e+04   1.5 2.52e+01    -  6.74e-01 8.81e-01H  1
  29  7.7307623e+00 1.10e-02 2.83e+05   1.5 2.76e+01    -  3.42e-01 8.40e-01F  1
iter    objective    inf_pr   inf_du lg(mu)  ||d||  lg(rg) alpha_du alpha_pr  ls
  30  7.7159594e+00 1.31e-02 1.37e+05   1.5 1.88e+01    -  5.33e-01 3.88e-01f  1
  31  7.7129416e+00 1.07e-02 2.29e+05   1.5 2.01e+01    -  7.44e-02 1.00e+00F  1
  32  7.6588631e+00 9.54e-03 1.23e+05   1.5 1.59e+01    -  4.87e-01 7.10e-01F  1
  33  7.6928775e+00 1.74e-02 7.08e+04   1.5 2.08e+01    -  4.45e-01 5.06e-01f  1
  34  7.6719081e+00 6.00e-03 9.30e+03   1.5 7.77e+00   1.5 9.27e-01 1.00e+00f  1
  35  7.6660389e+00 5.87e-04 2.77e+04  -0.6 2.29e-01    -  8.61e-01 1.00e+00f  1
  36  7.6632152e+00 5.94e-05 3.88e+02  -1.4 1.51e-01    -  9.86e-01 1.00e+00h  1
  37  7.5358412e+00 2.86e-03 1.53e+00  -1.5 4.80e+00    -  1.00e+00 1.00e+00f  1
  38  7.0866299e+00 4.45e-02 3.30e+01  -2.0 1.40e+01    -  6.22e-01 1.00e+00h  1
  39  6.8876110e+00 2.19e-02 8.03e+00  -1.9 1.33e+01    -  7.16e-01 1.00e+00h  1
iter    objective    inf_pr   inf_du lg(mu)  ||d||  lg(rg) alpha_du alpha_pr  ls
  40  6.8643611e+00 1.41e-02 1.11e+01  -1.9 1.43e+01    -  5.57e-01 1.00e+00h  1
  41  6.8757500e+00 2.01e-02 1.81e+01  -1.9 1.44e+01    -  3.07e-01 1.00e+00h  1
  42  6.8922551e+00 1.16e-02 5.72e+00  -1.9 9.04e+00    -  7.51e-01 1.00e+00h  1
  43  6.8811840e+00 1.61e-02 3.06e+00  -1.9 1.30e+01    -  6.56e-01 1.00e+00h  1
  44  6.8979218e+00 6.86e-03 6.89e-01  -1.9 7.72e+00    -  8.76e-01 1.00e+00h  1
  45  6.6789627e+00 2.04e-02 7.05e-01  -2.0 5.91e+00    -  9.86e-01 1.00e+00h  1
  46  6.3170914e+00 6.49e-03 3.19e+00  -2.3 5.11e+00    -  8.52e-01 1.00e+00h  1
  47  6.2090481e+00 1.14e-02 9.34e-02  -2.3 8.41e+00    -  9.83e-01 1.00e+00h  1
  48  5.6760578e+00 1.36e-02 1.36e+01  -3.0 8.25e+00    -  3.90e-01 1.00e+00h  1
  49  5.7884941e+00 9.37e-04 2.00e+00  -2.5 5.73e+00    -  4.51e-01 1.00e+00h  1
iter    objective    inf_pr   inf_du lg(mu)  ||d||  lg(rg) alpha_du alpha_pr  ls
  50  6.3398980e+00 9.62e-03 1.63e+00  -2.2 1.32e+01    -  1.00e+00 8.98e-01h  1
  51  6.0945290e+00 2.03e-03 5.98e+00  -2.3 3.53e+00    -  6.66e-02 1.00e+00h  1
  52  6.0994160e+00 5.76e-04 2.30e-02  -2.3 2.93e+00    -  1.00e+00 1.00e+00h  1
  53  6.0908789e+00 1.04e-03 2.03e-02  -2.3 5.52e+00    -  1.00e+00 1.00e+00h  1
  54  6.0791704e+00 1.21e-03 1.81e-02  -2.3 5.68e+00    -  1.00e+00 1.00e+00h  1
  55  6.0783343e+00 1.36e-03 8.82e-03  -2.3 5.63e+00    -  1.00e+00 1.00e+00h  1
  56  6.0804826e+00 4.12e-04 3.17e-03  -2.3 3.34e+00    -  1.00e+00 1.00e+00h  1
  57  6.0806997e+00 1.23e-05 3.17e-03  -2.3 1.06e+00    -  1.00e+00 1.00e+00h  1
  58  5.5431377e+00 1.37e-02 8.23e+00  -3.2 7.05e+00    -  6.00e-01 9.75e-01f  1
  59  5.5104317e+00 1.00e-03 5.14e+00  -2.7 3.51e+00    -  6.14e-01 1.00e+00h  1
iter    objective    inf_pr   inf_du lg(mu)  ||d||  lg(rg) alpha_du alpha_pr  ls
  60  5.3522364e+00 2.46e-03 3.73e-02  -2.9 7.26e+00    -  1.00e+00 1.00e+00h  1
  61  5.3402482e+00 6.71e-03 9.52e-01  -2.9 5.90e+00    -  6.39e-01 4.87e-01h  1
  62  5.2306542e+00 8.66e-04 3.18e-01  -3.1 2.77e+00    -  1.00e+00 1.00e+00h  1
  63  5.1248950e+00 1.59e-03 9.33e-01  -3.3 3.88e+00    -  1.00e+00 1.00e+00h  1
  64  5.0615188e+00 3.61e-03 1.78e-01  -3.5 5.86e+00    -  1.00e+00 1.00e+00h  1
  65  5.0566695e+00 1.21e-03 3.74e+00  -3.5 4.31e+00    -  7.48e-01 1.00e+00h  1
  66  5.0185147e+00 1.69e-03 4.46e-02  -3.6 4.33e+00    -  1.00e+00 1.00e+00h  1
  67  4.9888355e+00 8.27e-04 1.92e-01  -3.8 2.35e+00    -  9.87e-01 1.00e+00h  1
  68  4.9773163e+00 7.55e-03 1.12e-01  -3.9 5.31e+00    -  1.00e+00 1.00e+00h  1
  69  4.9586100e+00 1.05e-03 9.08e-02  -4.1 2.32e+00    -  1.00e+00 1.00e+00h  1
iter    objective    inf_pr   inf_du lg(mu)  ||d||  lg(rg) alpha_du alpha_pr  ls
  70  4.9527305e+00 5.90e-04 8.18e-02  -4.2 1.28e+00    -  1.00e+00 1.00e+00h  1
  71  4.9422383e+00 3.30e-04 5.80e-02  -4.4 1.17e+00    -  1.00e+00 1.00e+00h  1
  72  4.9389054e+00 9.84e-05 8.14e-02  -4.6 3.97e-01    -  1.00e+00 1.00e+00h  1
  73  4.9330430e+00 2.10e-04 2.80e+01  -5.1 1.17e+00    -  1.00e+00 7.97e-01h  1
  74  4.9310328e+00 7.43e-05 2.50e-01  -5.2 5.42e-01    -  1.00e+00 1.00e+00h  1
  75  4.9332560e+00 5.17e-05 1.44e-02  -4.9 4.59e-01    -  1.00e+00 1.00e+00h  1
  76  4.9322465e+00 1.24e-05 1.80e-01  -5.0 2.28e-01    -  1.00e+00 1.00e+00h  1
  77  4.9308952e+00 1.67e-05 1.06e+01  -5.2 2.71e-01    -  1.00e+00 9.80e-01h  1
  78  4.9308827e+00 1.45e-05 7.03e+03  -5.2 5.05e-01    -  1.00e+00 1.31e-01h  1
  79  4.9368797e+00 4.56e-04 1.47e+04  -4.5 2.52e+00    -  2.31e-01 5.45e-01h  1
iter    objective    inf_pr   inf_du lg(mu)  ||d||  lg(rg) alpha_du alpha_pr  ls
  80  4.9361884e+00 2.18e-06 2.08e+00  -5.0 1.87e-01   1.0 1.00e+00 1.00e+00h  1
  81  4.9347640e+00 8.07e-08 1.56e-02  -5.3 4.20e-03   0.6 1.00e+00 1.00e+00h  1
  82  4.9336957e+00 8.59e-08 2.90e+02  -6.1 6.99e-03   0.1 1.00e+00 5.85e-01h  1
  83  4.9333128e+00 2.40e-07 2.04e+02  -6.4 6.97e-03  -0.4 1.00e+00 3.37e-01h  1
  84  4.9330845e+00 5.58e-07 1.95e+02  -7.1 1.51e-02  -0.9 1.00e+00 1.97e-01h  1
  85  4.9327812e+00 1.00e-06 1.37e+02  -6.7 3.91e-02  -1.3 1.00e+00 2.03e-01h  1
  86  4.9326364e+00 9.39e-07 1.08e+02  -6.4 6.51e-02  -1.8 1.00e+00 6.51e-02h  1
  87  4.9324416e+00 8.84e-07 5.80e+01  -6.1 1.15e-01  -2.3 1.00e+00 5.98e-02h  1
  88  4.9321280e+00 5.47e-06 6.25e+02  -5.1 1.40e-01  -2.8 1.00e+00 2.89e-01f  1
  89  4.9320384e+00 2.51e-05 1.33e+03  -4.9 1.13e+00    -  8.05e-01 2.29e-01h  1
iter    objective    inf_pr   inf_du lg(mu)  ||d||  lg(rg) alpha_du alpha_pr  ls
  90  4.9314369e+00 1.94e-04 4.90e+00  -5.1 7.19e-01    -  1.00e+00 1.00e+00h  1
  91  4.9308905e+00 1.23e-04 2.82e+00  -5.2 7.82e-01    -  1.00e+00 1.00e+00h  1
  92  4.9308693e+00 2.37e-05 1.15e+02  -5.2 4.02e-02    -  1.00e+00 8.08e-01h  1
  93  4.9308600e+00 2.07e-05 1.56e+04  -5.2 1.49e-01    -  1.00e+00 1.24e-01f  1
  94  4.9363355e+00 6.07e-04 5.20e+04  -4.5 3.22e+00    -  1.49e-01 5.02e-01h  1
  95  4.9355946e+00 3.79e-04 3.26e+04  -5.0 2.55e-01  -0.5 1.00e+00 3.76e-01h  1
  96  4.9339166e+00 1.59e-06 1.72e+00  -5.0 1.58e-01  -1.0 1.00e+00 1.00e+00h  1
  97  4.9336635e+00 4.00e-06 2.03e-02  -5.0 1.01e-02  -1.5 1.00e+00 1.00e+00h  1
  98  4.9334167e+00 1.29e-05 1.34e+02  -5.0 1.19e+01    -  3.38e-01 2.94e-02h  1
  99  4.9322730e+00 8.88e-05 5.48e+02  -5.0 2.29e+00    -  8.23e-01 3.21e-01h  1
iter    objective    inf_pr   inf_du lg(mu)  ||d||  lg(rg) alpha_du alpha_pr  ls
 100  4.9315786e+00 6.19e-04 1.35e+02  -5.0 6.68e-01    -  7.89e-01 6.66e-01h  1
 101  4.9313467e+00 2.13e-04 1.32e+01  -5.0 1.50e+00    -  1.00e+00 1.00e+00h  1
 102  4.9313170e+00 2.95e-05 7.08e-01  -5.0 5.61e-01    -  1.00e+00 1.00e+00h  1
 103  4.9313150e+00 3.70e-06 8.12e-02  -5.0 3.73e-01    -  1.00e+00 1.00e+00h  1
 104  4.9313150e+00 2.16e-07 1.08e-03  -5.0 5.11e-02    -  1.00e+00 1.00e+00h  1
 105  4.9289618e+00 4.31e-05 4.43e+00  -5.5 3.75e-01    -  9.96e-01 1.00e+00h  1
 106  4.9281252e+00 3.51e-05 5.07e-01  -6.0 3.91e-01    -  1.00e+00 1.00e+00h  1
 107  4.9278397e+00 2.88e-05 1.02e-01  -6.6 3.06e-01    -  1.00e+00 1.00e+00h  1
 108  4.9277641e+00 2.44e-05 9.74e+00  -7.3 2.79e-01    -  1.00e+00 1.00e+00h  1
 109  4.9277478e+00 1.14e-05 7.07e+00 -11.0 1.90e-01    -  4.32e-01 7.26e-01h  1
iter    objective    inf_pr   inf_du lg(mu)  ||d||  lg(rg) alpha_du alpha_pr  ls
 110  4.9277477e+00 1.12e-05 4.90e+00 -11.0 1.14e-01    -  3.87e-01 9.88e-03h  1
 111  4.9277424e+00 3.78e-06 9.60e+00  -8.7 1.23e-01    -  1.80e-01 9.50e-01h  1
 112  4.9277369e+00 3.52e-06 7.10e+00 -11.0 1.64e-01    -  4.63e-03 7.15e-02h  1
 113  4.9277246e+00 3.23e-06 6.53e+00  -8.1 6.53e-02  -2.0 4.14e-02 8.13e-02h  1
 114  4.9274999e+00 2.53e-05 2.34e+01  -6.3 3.77e-01  -2.4 3.89e-02 1.57e-01h  1
 115  4.9273502e+00 3.48e-05 2.31e+01  -6.0 1.02e+00  -2.9 7.50e-02 3.76e-02h  1
 116  4.9251357e+00 1.97e-03 2.55e+01  -7.6 3.23e+00  -3.4 2.88e-02 1.62e-01h  1
 117  4.9250513e+00 1.97e-03 7.80e+01  -5.0 9.24e+00  -3.9 3.92e-02 1.31e-03h  1
 118  4.9246497e+00 1.94e-03 7.69e+01 -11.0 2.32e+00  -3.5 1.99e-02 4.19e-02h  1
 119  4.9244641e+00 1.93e-03 9.26e+01  -5.5 3.29e+00  -3.9 3.28e-02 4.65e-03h  1
iter    objective    inf_pr   inf_du lg(mu)  ||d||  lg(rg) alpha_du alpha_pr  ls
 120  4.9156377e+00 1.71e-03 1.39e+02  -4.9 6.98e+00  -4.4 9.26e-03 1.15e-01f  1
 121  4.9152785e+00 1.67e-03 1.06e+03  -4.1 3.97e+00  -4.0 7.24e-02 1.94e-02h  1
 122  4.9129048e+00 1.64e-03 9.63e+02  -4.4 7.45e+00  -4.5 5.37e-02 2.11e-02h  1
 123  4.9128603e+00 1.43e-03 2.65e+03  -4.2 3.35e+00  -4.0 2.44e-01 1.30e-01h  1
 124  4.9074364e+00 1.35e-03 4.90e+03  -4.4 5.48e+00  -4.5 7.46e-03 5.58e-02h  1
 125  4.8956873e+00 1.31e-03 5.11e+03 -10.7 3.27e+01  -5.0 2.52e-03 2.59e-02h  1
 126  4.8899117e+00 1.29e-03 4.03e+03  -4.7 2.18e+01  -4.6 5.19e-02 1.69e-02h  1
 127  4.8868652e+00 1.25e-03 6.03e+03  -3.5 9.86e+00  -4.1 1.06e-01 3.46e-02f  1
 128  4.8689064e+00 1.31e-03 4.45e+03  -3.8 4.00e+00  -3.7 4.26e-02 1.34e-01h  1
 129  4.8649935e+00 1.30e-03 4.30e+03 -10.2 5.64e+00  -4.2 2.43e-02 1.39e-02h  1
iter    objective    inf_pr   inf_du lg(mu)  ||d||  lg(rg) alpha_du alpha_pr  ls
 130  4.8544594e+00 1.70e-03 4.98e+03  -3.6 6.95e+00  -3.8 8.77e-02 3.35e-02f  1
 131  4.8463915e+00 1.84e-03 4.64e+03 -10.1 5.96e+00  -4.2 4.33e-02 3.09e-02h  1
 132  4.8354627e+00 2.09e-03 4.59e+03  -3.8 3.77e+00  -3.8 5.64e-02 4.71e-02h  1
 133  4.8195023e+00 1.95e-03 4.30e+03  -4.1 5.22e+00  -4.3 7.97e-02 6.12e-02h  1
 134  4.8036034e+00 1.76e-03 3.45e+03  -4.5 2.13e+00  -3.9 1.49e-01 1.07e-01h  1
 135  4.7815706e+00 1.59e-03 5.22e+03  -3.6 6.35e+00  -4.3 2.29e-01 1.63e-01h  1
 136  4.7598848e+00 2.71e-03 4.17e+03  -3.7 3.88e+01  -4.8 5.77e-02 9.24e-02h  1
 137  4.7466704e+00 3.96e-03 1.52e+03  -3.2 1.80e+01  -5.3 1.91e-01 2.26e-01h  1
 138  4.7310001e+00 4.78e-03 1.93e+03  -3.4 1.76e+01  -4.9 9.18e-02 1.50e-01h  1
 139  4.7129994e+00 4.38e-03 2.97e+03  -9.6 1.86e+01  -5.3 1.07e-01 8.40e-02h  1
iter    objective    inf_pr   inf_du lg(mu)  ||d||  lg(rg) alpha_du alpha_pr  ls
 140  4.7283081e+00 2.76e-03 6.37e+03  -3.2 8.19e+00  -4.9 4.86e-01 3.92e-01h  1
 141  4.6969129e+00 2.30e-03 4.04e+05  -3.5 7.97e+00  -4.5 6.05e-02 6.17e-01h  1
 142  4.6922585e+00 1.92e-03 4.63e+05  -3.7 2.81e+00  -2.3 8.62e-01 1.67e-01h  1
 143  4.6623919e+00 8.04e-04 1.77e+05  -4.1 2.97e+00  -2.7 9.86e-01 5.81e-01h  1
 144  4.6449730e+00 5.82e-04 2.08e+04  -4.0 1.41e+00  -3.2 9.35e-01 3.39e-01h  1
 145  4.6295178e+00 7.41e-04 1.20e+04  -4.0 1.42e+00  -3.7 4.07e-01 4.26e-01h  1
 146  4.6093803e+00 2.31e-03 6.77e+03  -4.3 2.74e+00  -4.2 4.93e-01 4.19e-01h  1
 147  4.6010732e+00 2.26e-03 6.02e+03 -10.1 4.37e+00  -4.6 1.22e-01 1.11e-01h  1
 148  4.5920787e+00 1.03e-03 2.74e+03  -5.2 5.37e-02  -1.5 5.99e-02 5.42e-01h  1
 149  4.5907759e+00 8.77e-04 2.32e+03 -10.2 2.79e-02  -1.1 5.16e-01 1.53e-01h  1
iter    objective    inf_pr   inf_du lg(mu)  ||d||  lg(rg) alpha_du alpha_pr  ls
 150  4.5863293e+00 2.73e-04 7.22e+02  -5.9 2.10e-02  -0.7 8.35e-01 6.89e-01h  1
 151  4.5838989e+00 1.02e-04 2.71e+02  -6.3 3.00e-02  -1.1 9.48e-01 6.25e-01h  1
 152  4.5832638e+00 7.57e-05 2.00e+02  -7.3 5.67e-02  -1.6 7.89e-01 2.61e-01h  1
 153  4.5832769e+00 5.05e-06 1.31e+01  -5.3 1.69e-02  -1.2 1.00e+00 9.35e-01h  1
 154  4.5819288e+00 4.94e-06 3.43e+00  -6.0 4.74e-02  -1.7 1.00e+00 7.27e-01h  1
 155  4.5814496e+00 5.39e-06 2.80e+00  -6.9 1.21e-01  -2.1 1.00e+00 1.79e-01h  1
 156  4.5803951e+00 9.82e-06 2.27e+00  -6.5 2.72e-01  -2.6 1.00e+00 1.92e-01h  1
 157  4.5792704e+00 1.31e-05 2.00e+00  -6.2 5.75e-01  -3.1 1.00e+00 1.19e-01h  1
 158  4.5778270e+00 7.51e-05 1.81e+00  -5.9 1.31e+00  -3.6 1.00e+00 9.09e-02h  1
 159  4.5760488e+00 1.72e-04 1.70e+00  -5.9 2.84e+00  -4.1 1.13e-01 5.96e-02h  1
iter    objective    inf_pr   inf_du lg(mu)  ||d||  lg(rg) alpha_du alpha_pr  ls
 160  4.5743995e+00 1.40e-04 1.34e+00  -4.8 1.06e+00  -3.6 1.00e+00 2.75e-01h  1
 161  4.5683434e+00 1.06e-03 6.25e-01  -4.5 2.66e+00  -4.1 7.45e-01 5.05e-01h  1
 162  4.5642262e+00 8.56e-04 5.24e-01  -4.5 4.62e+00  -4.6 4.76e-01 1.37e-01h  1
 163  4.5518695e+00 1.06e-03 4.71e-02  -4.6 2.31e+00  -4.2 1.00e+00 9.99e-01h  1
 164  4.5548176e+00 3.46e-03 4.04e-01  -4.0 3.52e+00  -4.6 3.02e-01 9.78e-01h  1
 165  4.5297872e+00 2.21e-03 3.38e-01  -4.4 5.32e+00  -5.1 3.76e-01 5.89e-01h  1
 166  4.5442671e+00 1.24e-03 7.68e-01  -3.9 2.23e+00  -4.7 4.23e-01 9.47e-01f  1
 167  4.5761060e+00 1.46e-03 4.81e-01  -3.3 6.42e+00  -5.2 3.73e-01 3.50e-01h  1
 168  4.5666182e+00 3.08e-03 4.44e-01  -3.7 2.77e+01  -5.6 1.54e-01 2.25e-01h  1
 169  4.5451747e+00 2.65e-03 4.06e-01  -3.7 6.84e+00  -5.2 3.95e-01 7.99e-01h  1
iter    objective    inf_pr   inf_du lg(mu)  ||d||  lg(rg) alpha_du alpha_pr  ls
 170  4.5392466e+00 2.63e-03 2.45e-01  -3.7 1.28e+01  -5.7 3.50e-01 3.28e-01h  1
 171  4.5300949e+00 1.09e-02 2.84e-01  -3.7 2.25e+03    -  3.52e-03 3.97e-03h  1
 172  4.5200417e+00 1.40e-02 7.56e-01  -3.7 2.67e+01    -  1.11e-01 2.43e-01h  1
 173  4.6014238e+00 1.69e-02 2.84e+00  -2.7 4.50e+01    -  6.65e-02 1.51e-01f  1
 174  4.5796286e+00 2.05e-02 6.09e-01  -3.6 5.01e+01    -  2.47e-01 1.85e-01h  1
 175  4.5686577e+00 1.84e-02 1.45e+01  -3.6 2.31e+01    -  2.75e-01 1.42e-01h  1
 176  4.5168907e+00 7.80e-03 8.11e+01  -3.6 7.20e+00    -  2.85e-01 1.00e+00h  1
 177  4.5184027e+00 4.96e-03 6.27e+01  -3.6 3.74e+00  -4.4 1.00e+00 3.65e-01h  1
 178  4.5081614e+00 3.87e-03 4.60e+02  -3.7 1.03e+01    -  7.49e-01 3.64e-01h  1
 179  4.4991752e+00 4.03e-03 2.44e+02  -3.7 1.69e+01    -  5.34e-01 5.96e-01H  1
iter    objective    inf_pr   inf_du lg(mu)  ||d||  lg(rg) alpha_du alpha_pr  ls
 180  4.4760590e+00 1.19e-02 9.84e+00  -3.8 1.13e+01    -  8.36e-01 1.00e+00h  1
 181  4.4686789e+00 1.69e-03 4.66e-03  -3.8 3.87e+00    -  1.00e+00 1.00e+00h  1
 182  4.4465506e+00 4.23e-04 1.06e+02  -4.1 1.66e+00    -  6.18e-01 1.00e+00h  1
 183  4.4546153e+00 2.31e-03 4.47e+01  -4.0 4.68e+00    -  6.56e-01 1.00e+00h  1
 184  4.4463347e+00 7.59e-04 1.71e-01  -4.1 2.66e+00    -  1.00e+00 1.00e+00h  1
 185  4.4717923e+00 6.82e-04 1.06e+00  -3.8 1.59e+00    -  1.00e+00 1.00e+00h  1
 186  4.4600503e+00 1.23e-04 2.06e-01  -3.9 7.60e-01    -  1.00e+00 1.00e+00h  1
 187  4.4402283e+00 2.94e-04 5.25e-01  -4.2 1.19e+00    -  1.00e+00 1.00e+00h  1
 188  4.4246353e+00 4.57e-04 2.02e-01  -4.6 1.40e+00    -  1.00e+00 1.00e+00h  1
 189  4.4323461e+00 9.30e-05 9.16e-01  -4.3 6.15e-01    -  1.00e+00 1.00e+00h  1
iter    objective    inf_pr   inf_du lg(mu)  ||d||  lg(rg) alpha_du alpha_pr  ls
 190  4.4322438e+00 6.92e-05 1.17e+04  -4.3 6.83e-02  -3.0 1.00e+00 2.56e-01h  1
 191  4.4435675e+00 1.45e-04 5.39e+01  -4.1 2.58e-01  -3.5 1.00e+00 1.00e+00h  1
 192  4.4407147e+00 1.24e-04 1.25e+04  -4.5 2.12e+00    -  1.00e+00 1.54e-01h  1
 193  4.4307275e+00 3.90e-04 1.42e+04  -4.9 3.83e+00    -  1.00e+00 4.33e-01h  1
 194  4.4321560e+00 6.96e-04 2.58e+04  -3.5 7.45e+01    -  5.09e-02 2.74e-02h  1
 195  4.4249008e+00 3.40e-04 4.65e+05  -4.6 1.80e+00  -4.0 4.01e-02 5.13e-01h  1
 196  4.4221026e+00 2.56e-04 3.63e+05  -6.6 3.50e-01  -2.7 5.09e-01 2.47e-01h  1
 197  4.4144312e+00 1.20e-04 2.74e+03  -5.1 2.48e-01  -3.1 1.00e+00 1.00e+00h  1
 198  4.4222377e+00 3.24e-04 1.07e+04  -4.3 6.92e-01  -3.6 9.02e-01 6.11e-01h  1
 199  4.4211786e+00 8.39e-04 1.05e+04  -4.4 4.24e+02    -  4.72e-03 6.73e-03h  1
iter    objective    inf_pr   inf_du lg(mu)  ||d||  lg(rg) alpha_du alpha_pr  ls
 200  4.4190890e+00 8.18e-04 8.71e+03  -4.4 1.89e+01    -  1.68e-01 6.86e-02h  1
 201  4.4173233e+00 1.93e-04 1.66e+02  -4.4 1.29e+00  -4.1 1.00e+00 1.00e+00f  1
 202  4.4169189e+00 1.91e-04 2.41e+02  -4.4 1.13e+01    -  2.82e-01 5.08e-02h  1
 203  4.4162459e+00 7.48e-04 3.84e+02  -4.4 4.02e-01  -4.6 4.38e-01 9.63e-01h  1
 204  4.4157320e+00 2.57e-03 1.02e+01  -4.4 8.49e-01  -5.0 1.00e+00 8.87e-01f  1
 205  4.4155993e+00 8.20e-04 4.08e+00  -4.4 4.65e+00    -  6.88e-01 7.26e-01H  1
 206  4.4156395e+00 2.15e-04 1.22e-02  -4.4 3.46e-01  -5.5 1.00e+00 1.00e+00h  1
 207  4.4156328e+00 2.18e-04 2.38e+00  -4.4 1.16e+02    -  2.93e-02 2.93e-03h  5
 208  4.4156747e+00 1.70e-04 2.87e-04  -4.4 8.60e-01  -6.0 1.00e+00 1.00e+00h  1
 209  4.4153685e+00 7.26e-04 1.28e+00  -4.4 3.97e+00  -6.5 6.67e-01 1.00e+00H  1
iter    objective    inf_pr   inf_du lg(mu)  ||d||  lg(rg) alpha_du alpha_pr  ls
 210  4.4152705e+00 6.04e-04 5.40e+00  -4.4 2.22e+00  -6.0 1.00e+00 3.71e-01h  2
 211  4.4152223e+00 7.61e-04 9.63e+00  -4.4 4.07e+01    -  6.11e-02 2.15e-02h  2
 212  4.4151647e+00 7.84e-04 2.04e+01  -4.4 5.46e+00    -  1.00e+00 1.54e-01h  2
 213  4.4150254e+00 2.76e-04 3.23e-02  -4.4 1.07e+00    -  1.00e+00 1.00e+00h  1
 214  4.4149052e+00 7.61e-06 1.46e-03  -4.4 3.67e-01    -  1.00e+00 1.00e+00h  1
 215  4.4080523e+00 8.45e-05 2.86e+02  -4.8 4.31e-01    -  1.00e+00 9.21e-01h  1
 216  4.4052312e+00 1.25e-04 4.08e+00  -5.0 2.65e-01    -  1.00e+00 1.00e+00h  1
 217  4.4021004e+00 1.52e-04 9.93e+00  -5.5 3.01e-01    -  1.00e+00 1.00e+00h  1
 218  4.4013603e+00 8.72e-05 6.52e-01  -5.9 2.93e-01    -  1.00e+00 1.00e+00h  1
 219  4.4009393e+00 3.79e-05 1.86e-02  -6.6 2.70e-01    -  1.00e+00 1.00e+00h  1
iter    objective    inf_pr   inf_du lg(mu)  ||d||  lg(rg) alpha_du alpha_pr  ls
 220  4.4008548e+00 1.14e-05 1.26e-03  -7.4 1.59e-01    -  1.00e+00 1.00e+00h  1
 221  4.4008421e+00 1.57e-06 3.82e+00  -8.2 6.55e-02    -  1.00e+00 1.00e+00h  1
 222  4.4008406e+00 6.84e-07 2.53e+00 -11.0 2.90e-02    -  4.73e-01 6.29e-01h  1
 223  4.4008406e+00 6.77e-07 2.51e+00 -11.0 1.83e-02    -  3.96e-01 9.42e-03h  1
 224  4.4008398e+00 1.02e-07 3.82e+00  -8.8 1.85e-02    -  5.66e-02 1.00e+00h  1
 225  4.4008354e+00 6.75e-09 2.53e+00  -8.8 4.67e-03    -  1.17e-01 1.00e+00h  1
 226  4.4003969e+00 5.69e-06 1.98e+00  -8.9 3.28e-01    -  6.28e-03 5.93e-01h  1
 227  4.3792050e+00 5.74e-03 2.66e+00  -6.7 1.50e+01  -4.7 1.39e-03 2.01e-01h  1
 228  4.3790662e+00 5.73e-03 2.67e+00 -11.0 3.14e+01  -5.2 3.93e-03 7.46e-04h  1
 229  4.3745315e+00 5.45e-03 4.12e+00  -6.4 9.67e+00  -4.8 4.01e-03 3.94e-02h  1
iter    objective    inf_pr   inf_du lg(mu)  ||d||  lg(rg) alpha_du alpha_pr  ls
 230  4.3741592e+00 5.43e-03 2.12e+00  -6.2 4.13e+00  -4.3 5.45e-02 4.59e-03h  1
 231  4.3658602e+00 5.04e-03 2.68e+01  -5.4 1.11e+01  -4.8 2.78e-02 7.13e-02h  1
 232  4.3641307e+00 5.00e-03 2.38e+01  -4.8 3.95e+01  -5.3 2.05e-02 8.28e-03h  1
 233  4.3563270e+00 4.70e-03 6.78e+00  -4.3 1.27e+01  -4.9 6.28e-02 6.54e-02h  1
 234  4.3508294e+00 4.52e-03 9.00e+01  -4.8 2.97e+01  -5.3 7.68e-02 3.53e-02h  1
 235  4.3483379e+00 4.38e-03 8.73e+01  -7.5 1.24e+01  -4.9 3.17e-02 3.19e-02h  1
 236  4.3475309e+00 4.36e-03 8.91e+01  -7.3 4.52e+01  -5.4 7.32e-04 3.38e-03h  1
 237  4.3466334e+00 4.32e-03 8.17e+01 -11.0 1.23e+01  -5.0 1.89e-02 1.08e-02h  1
 238  4.3441292e+00 4.22e-03 7.96e+01  -4.9 2.09e+01  -4.5 2.24e-02 2.25e-02h  1
 239  4.3420479e+00 4.08e-03 7.45e+01  -5.1 6.40e+00  -4.1 2.92e-02 3.33e-02h  1
iter    objective    inf_pr   inf_du lg(mu)  ||d||  lg(rg) alpha_du alpha_pr  ls
 240  4.3409674e+00 4.07e-03 7.28e+01  -4.8 1.46e+02  -4.6 1.16e-03 1.82e-03h  1
 241  4.3379574e+00 4.04e-03 6.90e+02  -4.0 7.63e+01  -4.2 4.20e-02 8.71e-03f  1
 242  4.3370382e+00 3.96e-03 1.70e+03  -4.0 1.60e+01  -4.6 7.58e-02 2.04e-02h  1
 243  4.3351218e+00 3.90e-03 1.87e+03  -4.2 1.33e+01  -5.1 4.69e-02 2.27e-02h  1
 244  4.3281712e+00 3.51e-03 1.79e+03  -5.3 6.62e+00  -4.7 6.73e-02 1.40e-01h  1
 245  4.3183919e+00 3.77e-03 1.79e+03  -5.4 1.19e+01  -5.2 3.35e-02 1.17e-01h  1
 246  4.3160723e+00 3.68e-03 4.10e+03  -3.7 3.09e+01  -5.7 1.01e-01 2.15e-02h  1
 247  4.3084610e+00 3.04e-03 2.72e+03  -3.9 1.19e+01  -5.2 9.37e-02 1.38e-01h  1
 248  4.3064635e+00 2.92e-03 2.54e+03  -5.9 5.29e+00  -4.8 4.64e-02 3.58e-02h  1
 249  4.2916149e+00 3.20e-03 3.54e+03  -5.7 2.37e+00  -4.4 8.33e-02 3.44e-01h  1
iter    objective    inf_pr   inf_du lg(mu)  ||d||  lg(rg) alpha_du alpha_pr  ls
 250  4.2788345e+00 4.64e-03 2.95e+03  -4.7 4.81e+00  -4.9 1.60e-01 2.11e-01h  1
 251  4.2718299e+00 4.53e-03 2.72e+03  -5.1 3.19e+01  -5.3 6.86e-02 5.79e-02h  1
 252  4.2697980e+00 3.78e-03 3.15e+03  -4.0 6.12e+00  -4.9 2.07e-01 1.40e-01h  1
 253  4.2661579e+00 3.75e-03 1.15e+04  -3.5 1.44e+01  -5.4 2.23e-01 3.97e-02h  1
 254  4.2616666e+00 3.67e-03 1.11e+04 -10.0 1.33e+02    -  2.95e-02 2.02e-02h  1
 255  4.2517305e+00 4.01e-03 1.01e+04  -4.0 4.83e+01    -  1.19e-01 9.08e-02h  1
 256  4.2464983e+00 1.31e-02 9.34e+03  -3.4 5.41e+01    -  1.25e-01 1.16e-01h  1
 257  4.2363690e+00 1.42e-02 8.73e+03  -5.8 3.79e+01    -  8.04e-02 8.80e-02h  1
 258  4.2187964e+00 1.48e-02 9.15e+03  -4.9 1.65e+01  -5.9 1.39e-01 2.89e-01h  1
 259  4.2119920e+00 1.54e-02 8.17e+03  -4.8 5.15e+01  -6.3 8.65e-02 6.87e-02h  1
iter    objective    inf_pr   inf_du lg(mu)  ||d||  lg(rg) alpha_du alpha_pr  ls
 260  4.2085748e+00 2.11e-02 6.70e+03  -3.8 3.41e+01  -6.8 2.55e-01 2.26e-01h  1
 261  4.1965886e+00 2.88e-02 1.02e+04  -9.9 8.15e+01  -7.3 1.66e-02 1.36e-01h  1
 262  4.1974138e+00 2.79e-02 9.89e+03  -4.2 5.68e+01  -7.8 1.07e-01 8.45e-02h  1
 263  4.1949947e+00 2.91e-02 1.16e+04 -10.0 1.25e+03  -7.3 3.62e-04 1.81e-03h  1
 264  4.2106002e+00 2.64e-02 2.39e+04  -3.2 3.42e+01  -6.9 2.47e-01 1.01e-01h  1
 265  4.2057789e+00 2.76e-02 2.71e+04  -3.7 3.43e+01    -  5.37e-02 1.40e-01h  1
 266  4.2207731e+00 2.48e-02 4.51e+04  -3.2 1.35e+01    -  4.68e-01 1.05e-01h  1
 267  4.2519909e+00 9.68e-03 1.03e+04  -3.5 9.39e+00    -  7.85e-01 9.04e-01h  1
 268  4.2557323e+00 2.16e-03 7.25e+04  -3.5 4.65e+00    -  2.87e-01 1.00e+00h  1
 269  4.2148140e+00 4.95e-04 1.66e+04  -4.2 1.14e+00  -2.0 7.87e-01 7.71e-01h  1
iter    objective    inf_pr   inf_du lg(mu)  ||d||  lg(rg) alpha_du alpha_pr  ls
 270  4.1973038e+00 1.36e-04 4.47e+03  -4.7 2.64e-01  -2.4 7.90e-01 7.26e-01h  1
 271  4.1896352e+00 1.19e-04 1.34e+03  -4.7 2.09e-01  -2.9 8.09e-01 7.05e-01h  1
 272  4.1867161e+00 7.82e-05 7.96e+02  -4.6 2.83e-01  -3.4 1.00e+00 3.35e-01h  1
 273  4.1809770e+00 7.99e-05 4.17e+02  -4.6 5.25e-01  -3.9 1.00e+00 5.25e-01h  1
 274  4.1785798e+00 3.09e-04 1.89e+02  -4.3 7.45e-01  -4.4 1.00e+00 4.10e-01h  1
 275  4.1735108e+00 2.09e-04 1.43e+02  -4.4 1.35e+00  -4.8 1.00e+00 4.38e-01h  1
 276  4.1680719e+00 3.90e-04 4.39e+01  -4.4 2.81e+00  -5.3 1.00e+00 4.87e-01h  1
 277  4.1625810e+00 1.67e-03 2.29e+01  -4.4 4.14e+00  -5.8 1.00e+00 5.76e-01h  1
 278  4.1599383e+00 2.21e-03 1.77e+01  -6.0 2.07e+01  -6.3 2.94e-01 1.31e-01h  1
 279  4.1619388e+00 2.06e-03 3.79e+00  -3.9 9.84e+00    -  6.75e-01 8.70e-02h  1
iter    objective    inf_pr   inf_du lg(mu)  ||d||  lg(rg) alpha_du alpha_pr  ls
 280  4.1668630e+00 3.67e-03 1.06e+01  -4.2 4.19e+00    -  6.01e-01 8.59e-01h  1
 281  4.1677428e+00 9.07e-05 4.53e-02  -4.2 7.17e-01    -  1.00e+00 1.00e+00h  1
 282  4.1565049e+00 2.68e-04 9.03e-04  -4.5 1.24e+00    -  1.00e+00 1.00e+00h  1
 283  4.1496241e+00 3.68e-04 3.20e-04  -4.9 1.79e+00    -  9.99e-01 1.00e+00h  1
 284  4.1463974e+00 2.07e-04 1.20e-03  -5.4 1.06e+00    -  1.00e+00 1.00e+00h  1
 285  4.1455942e+00 1.03e-04 2.39e-03  -5.7 6.99e-01    -  9.73e-01 1.00e+00h  1
 286  4.1451740e+00 9.01e-05 3.12e-05  -6.1 6.73e-01    -  1.00e+00 1.00e+00h  1

Number of Iterations....: 286

                                   (scaled)                 (unscaled)
Objective...............:   4.1451740309050518e+00    4.1451740309050518e+00
Dual infeasibility......:   3.1222941950871232e-05    3.1222941950871232e-05
Constraint violation....:   9.0146843067628879e-05    9.0146843067628879e-05
Complementarity.........:   3.7007507796099726e-06    3.7007507796099726e-06
Overall NLP error.......:   9.0146843067628879e-05    9.0146843067628879e-05


Number of objective function evaluations             = 372
Number of objective gradient evaluations             = 287
Number of equality constraint evaluations            = 372
Number of inequality constraint evaluations          = 372
Number of equality constraint Jacobian evaluations   = 287
Number of inequality constraint Jacobian evaluations = 287
Number of Lagrangian Hessian evaluations             = 286
Total CPU secs in IPOPT (w/o function evaluations)   =      1.597
Total CPU secs in NLP function evaluations           =      3.300

EXIT: Optimal Solution Found.
 
Ipopt 3.13.4: Optimal Solution Found

suffix ipopt_zU_out OUT;
suffix ipopt_zL_out OUT;

"option abs_boundtol 4.045436064248342e-06;"
or "option rel_boundtol 5.779194377497632e-06;"
will change deduced dual values.

sum{i in 1 .. Nfe - 1} dt[i] = 25.3366

tf = 25.3366

