  0.01155245
  0.01155245
  0.00196990
  0.00025926
  0.00003276
  0.00000413
  0.00000052
  0.00000006
  0.00000001
  0.00000000
  0.00000000
  0.00000000
  0.00000000
  0.00000000
  0.00000000
  0.00000000
  0.00000000
  0.00000000
  0.00000000
 -0.00000000
 -0.00000000
 -0.00000000
 -0.00000000
 -0.00000000
 -0.00000000
 -0.00000000
 -0.00000000
 -0.00000000
  0.00000000
  0.00000000
 -0.00000000
  0.00000000
  0.00000000
  0.00000000
  0.00000000
  0.00000000
  0.00000000
 -0.00000000
  0.00000000
  0.00000000
  0.00000000
  0.00000000
  0.00000000
  0.00000000
  0.00000000
  0.00000000
  0.00000000
  0.00000003
  0.00000028
  0.00000195
  0.00002570
  0.00027497
  0.00246538
  0.01489078
  0.04307527
  0.08411091
  0.13493854
  0.18974303
  0.24857642
  0.31181744
  0.38029966
  0.46072801
  0.49250906
  0.50460799
  0.55008463
  0.56928292
  0.49049022
  0.44589962
  0.40130886
  0.35671813
  0.31212745
  0.26753688
  0.22294661
  0.17835757
  0.13973957
  0.09858375
  0.04837101
