  0.00100320
  0.21759822
  0.21751132
  0.21742453
  0.21733159
  0.21723170
  0.21713719
  0.21719052
  0.21721908
  0.21725943
  0.21729551
  0.21731437
  0.21734041
  0.21734042
  0.21734042
  0.21734750
  0.21734752
  0.21734753
  0.21734753
  0.21734751
  0.21734746
  0.21734750
  0.21734751
  0.21734752
  0.21734750
  0.21730446
  0.21730441
  0.21812892
  0.21022205
  0.20776091
  0.21324350
  0.21594284
  0.21508925
  0.21146922
  0.22560336
  0.22899430
  0.21127315
  0.23218168
  0.23442438
  0.23415332
  0.23389308
  0.23081274
  0.20952817
  0.23875453
  0.23576585
  0.23272430
  0.22996060
  0.22761581
  0.22572039
  0.23455412
  0.22888396
  0.22494930
  0.22200640
  0.21965449
  0.21764842
  0.24390005
  0.24165229
  0.23932715
  0.23680321
  0.23400365
  0.23092068
  0.24341890
  0.24528883
  0.23893149
  0.24999988
  0.24999988
  0.24383282
  0.24383281
  0.24383281
  0.24383280
  0.24383279
  0.24383278
  0.24383276
  0.24383277
  0.24383259
  0.24382590
  0.24379156
