  0.00000000
  0.00000000
  0.03549756
  0.07095261
  0.10636219
  0.14172179
  0.17703694
  0.21245053
  0.24786190
  0.28330261
  0.31875678
  0.35420051
  0.38966635
  0.42509400
  0.46052166
  0.49596544
  0.53139545
  0.56682543
  0.60225537
  0.63768527
  0.67311508
  0.70854513
  0.74397510
  0.77940509
  0.81483494
  0.85009651
  0.88551222
  0.92442229
  0.88192442
  0.83884259
  0.82775101
  0.80369281
  0.76568071
  0.71868048
  0.73093438
  0.70317434
  0.61247263
  0.63629531
  0.60161967
  0.55975560
  0.51805836
  0.47074650
  0.39106493
  0.40809386
  0.36076781
  0.31496232
  0.27108395
  0.22906285
  0.18862223
  0.15629637
  0.11225377
  0.07170859
  0.03331533
 -0.00361114
 -0.03943374
 -0.08400338
 -0.12743347
 -0.16958279
 -0.21029944
 -0.24937283
 -0.28661458
 -0.34428498
 -0.39171071
 -0.42551384
 -0.49002519
 -0.53690013
 -0.49049020
 -0.44589937
 -0.40130855
 -0.35671772
 -0.31212689
 -0.26753605
 -0.22294522
 -0.17835443
 -0.13376351
 -0.08917032
 -0.04457574
