  0.01155245
  0.01155245
  0.03736932
  0.07118700
  0.10639037
  0.14172517
  0.17703734
  0.21245058
  0.24786190
  0.28330261
  0.31875678
  0.35420051
  0.38966635
  0.42509400
  0.46052166
  0.49596544
  0.53139545
  0.56682543
  0.60225537
  0.63768527
  0.67311508
  0.70854513
  0.74397510
  0.77940509
  0.81483494
  0.85009651
  0.88551222
  0.92442229
  0.88192442
  0.83884259
  0.82775101
  0.80369281
  0.76568071
  0.71868048
  0.73093438
  0.70317434
  0.61247263
  0.63629531
  0.60161967
  0.55975560
  0.51805836
  0.47074650
  0.39106493
  0.40809386
  0.36076781
  0.31496232
  0.27108395
  0.22906286
  0.18862243
  0.15629778
  0.11227356
  0.07193265
  0.03543294
  0.00984450
  0.00149511
  0.00010753
  0.00000796
  0.00000064
  0.00000006
  0.00000001
  0.00000000
  0.00000000
  0.00000000
  0.00000000
  0.00000000
  0.00000000
  0.00000000
  0.00000000
  0.00000000
  0.00000000
  0.00000000
  0.00000000
  0.00000003
  0.00000038
  0.00000545
  0.00007893
  0.00111110
