  0.00000000
  0.49999257
  0.49999179
  0.49998980
  0.49998495
  0.49996846
 -0.26148165
 -0.49994518
 -0.49995688
 -0.49994654
 -0.49989450
 -0.24052136
  0.00021537
 -0.20651884
  0.19318734
  0.00484694
  0.00119746
 -0.00047411
 -0.00431223
  0.02356179
 -0.00544931
 -0.00086391
  0.00153083
  0.22549681
 -0.23276704
  0.00003833
  0.00003242
  0.49999170
  0.49998920
  0.13329200
 -0.24780023
  0.00692968
  0.20575977
  0.49999724
 -0.16000832
 -0.49999771
 -0.49996856
  0.49999941
  0.49999956
  0.49999954
  0.49999927
  0.18901557
  0.49999142
  0.00000025
  0.00000007
  0.00000002
 -0.00000001
 -0.00000004
 -0.11585955
 -0.49999953
 -0.49999971
 -0.49999976
 -0.49999977
 -0.49999977
 -0.49999975
 -0.49999989
 -0.49999987
 -0.49999983
 -0.49999976
 -0.49999953
 -0.06918501
  0.49999954
  0.49999975
  0.49999970
  0.49999978
  0.49999982
  0.00000442
  0.00000194
  0.00000318
  0.00000561
  0.00001103
  0.00002557
  0.00008041
  0.38012929
  0.49960647
 -0.38038422
 -0.49957879
  0.00000000
