  0.00000000
  0.74999894
  0.74999892
  0.74999889
  0.74999885
  0.74999882
  0.74999879
  0.74999875
  0.74999871
  0.74999867
  0.74999862
  0.74999857
  0.74999852
  0.74999847
  0.74999841
  0.74999834
  0.74999827
  0.74999820
  0.74999811
  0.74999802
  0.74999792
  0.74999781
  0.74999769
  0.74999755
  0.74999739
  0.74999722
  0.74999702
  0.74999678
  0.74999651
  0.74999618
  0.74999579
  0.74999532
  0.74999472
  0.74999395
  0.74999291
  0.74999145
  0.74998926
  0.74998565
  0.74997854
  0.74995766
  0.58631601
  0.00000365
  0.00000625
 -0.00001132
  0.00000232
  0.00000285
  0.00000242
  0.00000172
  0.00000109
  0.00000062
 -0.45396980
 -0.74997444
 -0.74998728
 -0.74999151
 -0.74999364
 -0.74999494
 -0.74999593
 -0.74999639
 -0.74999684
 -0.74999718
 -0.74999747
 -0.74999770
 -0.74999801
 -0.74999817
 -0.74999823
 -0.74999834
 -0.74999844
 -0.74999852
 -0.74999860
 -0.74999867
 -0.74999874
 -0.74999886
 -0.74999897
 -0.74999902
 -0.74999907
 -0.74999911
 -0.74999915
 -0.74999916
 -0.74999917
 -0.74999917
 -0.74999917
 -0.74999916
 -0.74999915
 -0.74999913
 -0.74999910
 -0.74999907
 -0.74999902
 -0.74999897
 -0.74999890
 -0.74999881
 -0.74999873
 -0.74999860
 -0.74999845
 -0.74999826
 -0.74999803
 -0.74999772
 -0.74999731
 -0.74999668
 -0.74999580
 -0.74999425
 -0.74999074
 -0.74997526
  0.74996953
  0.74999086
  0.74999463
  0.74999620
  0.74999707
  0.74999761
  0.74999798
  0.74999825
  0.74999846
  0.74999863
  0.74999877
  0.74999888
  0.74999897
  0.74999904
  0.74999910
  0.74999915
  0.74999919
  0.74999923
  0.00000000
