task_id 16

[x]
1 2.106537530000
2 2.106537530000
3 2.106537530000
4 2.126993400000
5 2.167911070000
6 2.229323070000
7 2.311300810000
8 2.413921840000
9 2.537216530000
10 2.681175560000
11 2.845758220000
12 3.030913650000
13 3.236610290000
14 3.462850560000
15 3.709651380000
16 3.977023150000
17 4.264967240000
18 4.573481260000
19 4.902563200000
20 5.252212950000
21 5.622430670000
22 6.013216380000
23 6.424570350000
24 6.856492820000
25 7.308983500000
26 7.782042760000
27 8.275670630000
28 8.789867560000
29 9.324634280000
30 9.879965590000
31 10.455857130000
32 11.052479140000
33 11.670157520000
34 12.306278510000
35 12.957774360000
36 13.620081140000
37 14.296905840000
38 14.994707140000
39 15.721392260000
40 16.484494530000
41 17.288461980000
42 18.130256600000
43 19.004354900000
44 19.824408360000
45 20.571687930000
46 20.877804190000
47 20.924609080000
48 20.736243550000
49 20.355867330000
50 19.834970040000
51 19.223746220000
52 18.566083300000
53 17.903673510000
54 17.284501190000
55 16.690349260000
56 16.089409610000
57 15.456494550000
58 14.760964900000
59 14.056747640000
60 13.351061240000
61 12.662332120000
62 12.002474500000
63 11.380959440000
64 10.781738750000
65 10.249674720000
66 9.784868580000
67 9.355322640000
68 8.949415450000
69 8.558224480000
70 8.176003350000
71 7.800282440000
72 7.431757080000
73 7.061319760000
74 6.695994320000
75 6.360068700000
76 6.061705270000
77 5.804475200000
78 5.588599700000
79 5.414830280000
80 5.277340840000
81 5.171726600000
82 5.094995740000
83 5.045258520000
84 5.021395110000
85 5.022751860000
86 5.048874800000
87 5.099274090000
88 5.173204950000
89 5.269442300000
90 5.386016520000
91 5.519865540000
92 5.671190780000
93 5.830187800000
94 5.989889030000
95 6.141826450000
96 6.275982370000
97 6.380812810000
98 6.443359970000
99 6.449372410000
100 6.386668730000
101 6.254111360000
102 6.054636960000
103 5.793437200000
104 5.463002220000
105 5.122069030000
106 4.787903580000
107 4.472519590000
108 4.183466100000
109 3.919859520000
110 3.687003370000
111 3.488433670000
112 3.326175650000
113 3.200781550000
114 3.111257810000
115 3.054936160000
116 3.024209000000
117 3.009228910000
118 3.002844290000
119 3.000624610000
120 3.000074130000
121 3.000000000000

[y]
1 23.444309930000
2 23.444309930000
3 23.444309930000
4 23.449012430000
5 23.458390100000
6 23.472299490000
7 23.490422170000
8 23.512393560000
9 23.538051390000
10 23.567422820000
11 23.600699170000
12 23.638132330000
13 23.679880340000
14 23.725930730000
15 23.776199330000
16 23.830635360000
17 23.889232390000
18 23.952002280000
19 24.018954860000
20 24.090090580000
21 24.165408760000
22 24.244909360000
23 24.328591080000
24 24.416453010000
25 24.508496610000
26 24.604720190000
27 24.705123580000
28 24.809704320000
29 24.918458810000
30 25.031412520000
31 25.148590570000
32 25.269214240000
33 25.391688170000
34 25.528966570000
35 25.699948100000
36 25.912772680000
37 26.150198530000
38 26.392725220000
39 26.617824340000
40 26.798656220000
41 26.902313650000
42 26.887735160000
43 26.701229950000
44 26.291369320000
45 25.551451350000
46 24.714048780000
47 23.797313080000
48 22.873364260000
49 21.989347710000
50 21.165466640000
51 20.398364910000
52 19.668166500000
53 18.950240820000
54 18.228546390000
55 17.524888690000
56 16.866305500000
57 16.278370230000
58 15.778718310000
59 15.398878110000
60 15.085054050000
61 14.806596850000
62 14.536475980000
63 14.252491790000
64 13.923456770000
65 13.549590480000
66 13.173011180000
67 12.802552880000
68 12.452324080000
69 12.132891900000
70 11.852506530000
71 11.617734970000
72 11.433625210000
73 11.298913880000
74 11.220545260000
75 11.202400890000
76 11.228640100000
77 11.284504730000
78 11.357174430000
79 11.434908520000
80 11.507350860000
81 11.568710910000
82 11.615876640000
83 11.647357950000
84 11.662644780000
85 11.661773410000
86 11.644995580000
87 11.612495740000
88 11.564130330000
89 11.499181170000
90 11.416130270000
91 11.312480820000
92 11.180447360000
93 11.016082130000
94 10.815531960000
95 10.575605920000
96 10.294243740000
97 9.971048030000
98 9.607888060000
99 9.216571910000
100 8.800152080000
101 8.368927160000
102 7.930636300000
103 7.490258880000
104 7.029106380000
105 6.613960800000
106 6.234107600000
107 5.879818930000
108 5.543645360000
109 5.227414920000
110 4.926909230000
111 4.640220260000
112 4.367510890000
113 4.110652960000
114 3.872769020000
115 3.657523420000
116 3.469778070000
117 3.312737690000
118 3.187271480000
119 3.093446660000
120 3.031090240000
121 3.000000000000

[theta]
1 0.225959220000
2 0.225959220000
3 0.225959220000
4 0.225293220000
5 0.222735020000
6 0.217569000000
7 0.210917700000
8 0.205173190000
9 0.201263920000
10 0.199496750000
11 0.199482700000
12 0.200239280000
13 0.200803260000
14 0.200932340000
15 0.200851590000
16 0.200760030000
17 0.200719110000
18 0.200713140000
19 0.200709230000
20 0.200703890000
21 0.200698970000
22 0.200691420000
23 0.200682420000
24 0.200677500000
25 0.200669410000
26 0.200661620000
27 0.200649740000
28 0.200632010000
29 0.200661460000
30 0.200732190000
31 0.199488660000
32 0.195742190000
33 0.212545910000
34 0.256656410000
35 0.310916490000
36 0.337381710000
37 0.334497990000
38 0.300388090000
39 0.232677450000
40 0.128224960000
41 -0.017316640000
42 -0.210216410000
43 -0.463485560000
44 -0.780448220000
45 -1.220332270000
46 -1.519784590000
47 -1.771910340000
48 -1.977132180000
49 -2.134590830000
50 -2.243580740000
51 -2.303977780000
52 -2.315997020000
53 -2.279883380000
54 -2.272016510000
55 -2.310460220000
56 -2.393020840000
57 -2.518639860000
58 -2.646940070000
59 -2.723148640000
60 -2.757379870000
61 -2.753041430000
62 -2.712996950000
63 -2.639436930000
64 -2.529075910000
65 -2.460671680000
66 -2.429919810000
67 -2.429697290000
68 -2.456833500000
69 -2.508691000000
70 -2.583096810000
71 -2.678277150000
72 -2.792805150000
73 -2.930277530000
74 -3.087631620000
75 -3.229310380000
76 -3.355448910000
77 -3.466304810000
78 -3.562232120000
79 -3.626522780000
80 -3.667911300000
81 -3.692743820000
82 -3.705890340000
83 -3.711329290000
84 -3.712496230000
85 -3.712510550000
86 -3.714336970000
87 -3.720913230000
88 -3.735263420000
89 -3.760611900000
90 -3.800512660000
91 -3.859013170000
92 -3.943590510000
93 -4.039898690000
94 -4.147866380000
95 -4.267465980000
96 -4.398739770000
97 -4.541831930000
98 -4.697025520000
99 -4.861844220000
100 -5.010618370000
101 -5.139491540000
102 -5.247739520000
103 -5.334130660000
104 -5.399946220000
105 -5.433887460000
106 -5.439757280000
107 -5.422564590000
108 -5.407278770000
109 -5.371624700000
110 -5.318152230000
111 -5.249112900000
112 -5.166539700000
113 -5.072328400000
114 -4.968313410000
115 -4.874614760000
116 -4.807491320000
117 -4.763232290000
118 -4.736042240000
119 -4.721216750000
120 -4.714773260000
121 -4.713185310000

[v]
1 0.000000000000
2 0.000000000000
3 0.125467650000
4 0.250934640000
5 0.376400960000
6 0.501866960000
7 0.627333350000
8 0.752799580000
9 0.878265700000
10 1.003731740000
11 1.129197720000
12 1.254663660000
13 1.380129530000
14 1.505595340000
15 1.631061120000
16 1.756526870000
17 1.881992600000
18 2.007458330000
19 2.132924040000
20 2.258389730000
21 2.383855400000
22 2.509321070000
23 2.634786720000
24 2.760252380000
25 2.885718030000
26 3.011183690000
27 3.136649330000
28 3.262114960000
29 3.387580560000
30 3.513046110000
31 3.638511780000
32 3.763979880000
33 3.889451950000
34 4.014937490000
35 4.140758880000
36 4.266760170000
37 4.392836920000
38 4.518963080000
39 4.645220300000
40 4.771836410000
41 4.899236500000
42 4.999993360000
43 4.999994010000
44 4.999995160000
45 4.999992780000
46 4.999993190000
47 4.999993710000
48 4.999994170000
49 4.999994500000
50 4.999994710000
51 4.999994840000
52 4.910771010000
53 4.761588680000
54 4.611814000000
55 4.462045300000
56 4.312191070000
57 4.161945270000
58 4.007620020000
59 3.857882500000
60 3.707738510000
61 3.557467470000
62 3.407149130000
63 3.256733230000
64 3.099302500000
65 2.941940920000
66 2.789437060000
67 2.636925640000
68 2.484442590000
69 2.331981580000
70 2.179525260000
71 2.027070560000
72 1.874650600000
73 1.716953020000
74 1.553741230000
75 1.391351860000
76 1.229900310000
77 1.069383580000
78 0.909633790000
79 0.752677450000
80 0.597823680000
81 0.444586580000
82 0.292645630000
83 0.141789760000
84 -0.008114760000
85 -0.157142730000
86 -0.305320410000
87 -0.452631130000
88 -0.599018040000
89 -0.744385100000
90 -0.888597340000
91 -1.031481580000
92 -1.177505770000
93 -1.323162840000
94 -1.468478320000
95 -1.613520230000
96 -1.758409100000
97 -1.903328780000
98 -2.048537090000
99 -2.191820050000
100 -2.335916700000
101 -2.480764180000
102 -2.626347100000
103 -2.772556740000
104 -2.619098870000
105 -2.465269890000
106 -2.311356830000
107 -2.157445270000
108 -2.003320530000
109 -1.849192520000
110 -1.695004580000
111 -1.540695050000
112 -1.386221460000
113 -1.231575710000
114 -1.076791490000
115 -0.921822830000
116 -0.767040160000
117 -0.612791680000
118 -0.459034210000
119 -0.305694380000
120 -0.152701400000
121 0.000000000000

[a]
1 0.000000000000
2 0.749998940000
3 0.749998920000
4 0.749998890000
5 0.749998850000
6 0.749998820000
7 0.749998790000
8 0.749998750000
9 0.749998710000
10 0.749998670000
11 0.749998620000
12 0.749998570000
13 0.749998520000
14 0.749998470000
15 0.749998410000
16 0.749998340000
17 0.749998270000
18 0.749998200000
19 0.749998110000
20 0.749998020000
21 0.749997920000
22 0.749997810000
23 0.749997690000
24 0.749997550000
25 0.749997390000
26 0.749997220000
27 0.749997020000
28 0.749996780000
29 0.749996510000
30 0.749996180000
31 0.749995790000
32 0.749995320000
33 0.749994720000
34 0.749993950000
35 0.749992910000
36 0.749991450000
37 0.749989260000
38 0.749985650000
39 0.749978540000
40 0.749957660000
41 0.586316010000
42 0.000003650000
43 0.000006250000
44 -0.000011320000
45 0.000002320000
46 0.000002850000
47 0.000002420000
48 0.000001720000
49 0.000001090000
50 0.000000620000
51 -0.453969800000
52 -0.749974440000
53 -0.749987280000
54 -0.749991510000
55 -0.749993640000
56 -0.749994940000
57 -0.749995930000
58 -0.749996390000
59 -0.749996840000
60 -0.749997180000
61 -0.749997470000
62 -0.749997700000
63 -0.749998010000
64 -0.749998170000
65 -0.749998230000
66 -0.749998340000
67 -0.749998440000
68 -0.749998520000
69 -0.749998600000
70 -0.749998670000
71 -0.749998740000
72 -0.749998860000
73 -0.749998970000
74 -0.749999020000
75 -0.749999070000
76 -0.749999110000
77 -0.749999150000
78 -0.749999160000
79 -0.749999170000
80 -0.749999170000
81 -0.749999170000
82 -0.749999160000
83 -0.749999150000
84 -0.749999130000
85 -0.749999100000
86 -0.749999070000
87 -0.749999020000
88 -0.749998970000
89 -0.749998900000
90 -0.749998810000
91 -0.749998730000
92 -0.749998600000
93 -0.749998450000
94 -0.749998260000
95 -0.749998030000
96 -0.749997720000
97 -0.749997310000
98 -0.749996680000
99 -0.749995800000
100 -0.749994250000
101 -0.749990740000
102 -0.749975260000
103 0.749969530000
104 0.749990860000
105 0.749994630000
106 0.749996200000
107 0.749997070000
108 0.749997610000
109 0.749997980000
110 0.749998250000
111 0.749998460000
112 0.749998630000
113 0.749998770000
114 0.749998880000
115 0.749998970000
116 0.749999040000
117 0.749999100000
118 0.749999150000
119 0.749999190000
120 0.749999230000
121 0.000000000000

[phy]
1 0.000000000000
2 0.000000000000
3 -0.063393580000
4 -0.121422460000
5 -0.162998670000
6 -0.157356480000
7 -0.109045940000
8 -0.062017410000
9 -0.024070920000
10 -0.000174690000
11 0.008010290000
12 0.005374090000
13 0.001118130000
14 -0.000641350000
15 -0.000671190000
16 -0.000278530000
17 -0.000037860000
18 -0.000023300000
19 -0.000029940000
20 -0.000026040000
21 -0.000037840000
22 -0.000042890000
23 -0.000022340000
24 -0.000035040000
25 -0.000032250000
26 -0.000047170000
27 -0.000067620000
28 0.000107930000
29 0.000249640000
30 -0.004231850000
31 -0.012309890000
32 0.053319740000
33 0.134747690000
34 0.159741870000
35 0.075940220000
36 -0.008040760000
37 -0.092084210000
38 -0.176164910000
39 -0.260335140000
40 -0.344746290000
41 -0.429682930000
42 -0.515605210000
43 -0.604981140000
44 -0.696653280000
45 -0.591492300000
46 -0.502332990000
47 -0.410540660000
48 -0.316246000000
49 -0.220009270000
50 -0.122537160000
51 -0.024456660000
52 0.073805910000
53 0.016544580000
54 -0.083293830000
55 -0.183131950000
56 -0.283025480000
57 -0.291115820000
58 -0.188236370000
59 -0.088414060000
60 0.011679340000
61 0.111856940000
62 0.212064230000
63 0.312308470000
64 0.207358850000
65 0.102452710000
66 0.000784500000
67 -0.100888910000
68 -0.202543440000
69 -0.304183210000
70 -0.405819650000
71 -0.507454510000
72 -0.609063960000
73 -0.699997680000
74 -0.699998100000
75 -0.699998290000
76 -0.699998340000
77 -0.699998280000
78 -0.594059980000
79 -0.489424480000
80 -0.386189760000
81 -0.284032510000
82 -0.182739220000
83 -0.082169250000
84 0.017766510000
85 0.117117910000
86 0.215902420000
87 0.314108890000
88 0.411699360000
89 0.508609650000
90 0.604749340000
91 0.699997120000
92 0.699997980000
93 0.699997940000
94 0.699997830000
95 0.699997630000
96 0.699997360000
97 0.699997020000
98 0.699996190000
99 0.615124350000
100 0.519066980000
101 0.422507060000
102 0.325456980000
103 0.227989640000
104 0.125697870000
105 0.023200380000
106 -0.072367020000
107 -0.068846070000
108 -0.171506020000
109 -0.274224630000
110 -0.376996670000
111 -0.479854270000
112 -0.582821620000
113 -0.685897630000
114 -0.699986000000
115 -0.614514020000
116 -0.511338480000
117 -0.408512790000
118 -0.306012470000
119 -0.203789710000
120 -0.101797750000
121 0.000000000000

[w]
1 0.000000000000
2 -0.378944510000
3 -0.346878260000
4 -0.248530960000
5 0.033728490000
6 0.288788770000
7 0.281123730000
8 0.226833350000
9 0.142844520000
10 0.048926690000
11 -0.015759560000
12 -0.025441520000
13 -0.010517680000
14 -0.000178130000
15 0.002347370000
16 0.001438700000
17 0.000087090000
18 -0.000039740000
19 0.000023310000
20 -0.000070560000
21 -0.000030170000
22 0.000122840000
23 -0.000075900000
24 0.000016680000
25 -0.000089210000
26 -0.000122330000
27 0.001049370000
28 0.000847360000
29 -0.026788790000
30 -0.048289610000
31 0.392306460000
32 0.486726450000
33 0.149383710000
34 -0.499523430000
35 -0.499876930000
36 -0.499948430000
37 -0.499972560000
38 -0.499982990000
39 -0.499988160000
40 -0.499990830000
41 -0.499991910000
42 -0.499991070000
43 -0.499971080000
44 0.499994480000
45 0.499995550000
46 0.499995790000
47 0.499995250000
48 0.499993840000
49 0.499990820000
50 0.499983590000
51 0.499958860000
52 -0.287866090000
53 -0.499934560000
54 -0.499955890000
55 -0.499949240000
56 -0.040385260000
57 0.499977610000
58 0.499984050000
59 0.499984910000
60 0.499982670000
61 0.499973720000
62 0.499833770000
63 -0.499978660000
64 -0.499991260000
65 -0.499993740000
66 -0.499994630000
67 -0.499994830000
68 -0.499994560000
69 -0.499993640000
70 -0.499991190000
71 -0.499980210000
72 -0.432474000000
73 -0.000001940000
74 -0.000000850000
75 -0.000000250000
76 0.000000290000
77 0.497362510000
78 0.499989570000
79 0.499994020000
80 0.499995440000
81 0.499996090000
82 0.499996400000
83 0.499996520000
84 0.499996490000
85 0.499996310000
86 0.499995930000
87 0.499995220000
88 0.499993760000
89 0.499989870000
90 0.499955170000
91 0.000004390000
92 -0.000000190000
93 -0.000000580000
94 -0.000000990000
95 -0.000001420000
96 -0.000001740000
97 -0.000004330000
98 -0.444250930000
99 -0.499960430000
100 -0.499969940000
101 -0.499967070000
102 -0.499953970000
103 -0.499913810000
104 -0.499724930000
105 -0.465683920000
106 0.017155690000
107 -0.499560690000
108 -0.499835880000
109 -0.499901750000
110 -0.499923920000
111 -0.499925910000
112 -0.499896440000
113 -0.068264470000
114 0.413657120000
115 0.499936730000
116 0.499967140000
117 0.499976650000
118 0.499980910000
119 0.499982990000
120 0.499983860000
121 0.000000000000

[dt]
1 0.010003970000
2 0.167290430000
3 0.167289560000
4 0.167288690000
5 0.167288250000
6 0.167288780000
7 0.167288580000
8 0.167288440000
9 0.167288340000
10 0.167288270000
11 0.167288230000
12 0.167288150000
13 0.167288080000
14 0.167288040000
15 0.167288020000
16 0.167288020000
17 0.167288020000
18 0.167288010000
19 0.167288010000
20 0.167288010000
21 0.167288010000
22 0.167288030000
23 0.167288060000
24 0.167288080000
25 0.167288120000
26 0.167288150000
27 0.167288170000
28 0.167288180000
29 0.167288190000
30 0.167288410000
31 0.167291740000
32 0.167297140000
33 0.167315230000
34 0.167763210000
35 0.168003310000
36 0.168104250000
37 0.168170620000
38 0.168346180000
39 0.168826310000
40 0.169876380000
41 0.171847350000
42 0.178755040000
43 0.183354890000
44 0.210324270000
45 0.178320220000
46 0.183586200000
47 0.188591120000
48 0.192475820000
49 0.194947800000
50 0.196167440000
51 0.196541320000
52 0.198916560000
53 0.199702960000
54 0.199693860000
55 0.199807330000
56 0.200329070000
57 0.205768120000
58 0.199650990000
59 0.200192830000
60 0.200362150000
61 0.200425130000
62 0.200555150000
63 0.209908200000
64 0.209815950000
65 0.203338970000
66 0.203349010000
67 0.203311160000
68 0.203281740000
69 0.203275480000
70 0.203273290000
71 0.203226950000
72 0.210263760000
73 0.217616020000
74 0.216519440000
75 0.215269000000
76 0.214022550000
77 0.212999960000
78 0.209275360000
79 0.206471920000
80 0.204316360000
81 0.202588160000
82 0.201141380000
83 0.199872920000
84 0.198704190000
85 0.197570470000
86 0.196414540000
87 0.195182800000
88 0.193823000000
89 0.192283280000
90 0.190512620000
91 0.194699250000
92 0.194209780000
93 0.193754370000
94 0.193389670000
95 0.193185660000
96 0.193226830000
97 0.193611770000
98 0.191044790000
99 0.192129940000
100 0.193131450000
101 0.194112950000
102 0.194952620000
103 0.204618820000
104 0.205107800000
105 0.205218880000
106 0.205216460000
107 0.205500450000
108 0.205504670000
109 0.205584470000
110 0.205746510000
111 0.205965210000
112 0.206194720000
113 0.206379300000
114 0.206625180000
115 0.206377180000
116 0.205664900000
117 0.205010210000
118 0.204453330000
119 0.203990860000
120 0.203602080000
