  0.22595922
  0.22595922
  0.22595922
  0.22529322
  0.22273502
  0.21756900
  0.21091770
  0.20517319
  0.20126392
  0.19949675
  0.19948270
  0.20023928
  0.20080326
  0.20093234
  0.20085159
  0.20076003
  0.20071911
  0.20071314
  0.20070923
  0.20070389
  0.20069897
  0.20069142
  0.20068242
  0.20067750
  0.20066941
  0.20066162
  0.20064974
  0.20063201
  0.20066146
  0.20073219
  0.19948866
  0.19574219
  0.21254591
  0.25665641
  0.31091649
  0.33738171
  0.33449799
  0.30038809
  0.23267745
  0.12822496
 -0.01731664
 -0.21021641
 -0.46348556
 -0.78044822
 -1.22033227
 -1.51978459
 -1.77191034
 -1.97713218
 -2.13459083
 -2.24358074
 -2.30397778
 -2.31599702
 -2.27988338
 -2.27201651
 -2.31046022
 -2.39302084
 -2.51863986
 -2.64694007
 -2.72314864
 -2.75737987
 -2.75304143
 -2.71299695
 -2.63943693
 -2.52907591
 -2.46067168
 -2.42991981
 -2.42969729
 -2.45683350
 -2.50869100
 -2.58309681
 -2.67827715
 -2.79280515
 -2.93027753
 -3.08763162
 -3.22931038
 -3.35544891
 -3.46630481
 -3.56223212
 -3.62652278
 -3.66791130
 -3.69274382
 -3.70589034
 -3.71132929
 -3.71249623
 -3.71251055
 -3.71433697
 -3.72091323
 -3.73526342
 -3.76061190
 -3.80051266
 -3.85901317
 -3.94359051
 -4.03989869
 -4.14786638
 -4.26746598
 -4.39873977
 -4.54183193
 -4.69702552
 -4.86184422
 -5.01061837
 -5.13949154
 -5.24773952
 -5.33413066
 -5.39994622
 -5.43388746
 -5.43975728
 -5.42256459
 -5.40727877
 -5.37162470
 -5.31815223
 -5.24911290
 -5.16653970
 -5.07232840
 -4.96831341
 -4.87461476
 -4.80749132
 -4.76323229
 -4.73604224
 -4.72121675
 -4.71477326
 -4.71318531
