  0.00000000
 -0.37894451
 -0.34687826
 -0.24853096
  0.03372849
  0.28878877
  0.28112373
  0.22683335
  0.14284452
  0.04892669
 -0.01575956
 -0.02544152
 -0.01051768
 -0.00017813
  0.00234737
  0.00143870
  0.00008709
 -0.00003974
  0.00002331
 -0.00007056
 -0.00003017
  0.00012284
 -0.00007590
  0.00001668
 -0.00008921
 -0.00012233
  0.00104937
  0.00084736
 -0.02678879
 -0.04828961
  0.39230646
  0.48672645
  0.14938371
 -0.49952343
 -0.49987693
 -0.49994843
 -0.49997256
 -0.49998299
 -0.49998816
 -0.49999083
 -0.49999191
 -0.49999107
 -0.49997108
  0.49999448
  0.49999555
  0.49999579
  0.49999525
  0.49999384
  0.49999082
  0.49998359
  0.49995886
 -0.28786609
 -0.49993456
 -0.49995589
 -0.49994924
 -0.04038526
  0.49997761
  0.49998405
  0.49998491
  0.49998267
  0.49997372
  0.49983377
 -0.49997866
 -0.49999126
 -0.49999374
 -0.49999463
 -0.49999483
 -0.49999456
 -0.49999364
 -0.49999119
 -0.49998021
 -0.43247400
 -0.00000194
 -0.00000085
 -0.00000025
  0.00000029
  0.49736251
  0.49998957
  0.49999402
  0.49999544
  0.49999609
  0.49999640
  0.49999652
  0.49999649
  0.49999631
  0.49999593
  0.49999522
  0.49999376
  0.49998987
  0.49995517
  0.00000439
 -0.00000019
 -0.00000058
 -0.00000099
 -0.00000142
 -0.00000174
 -0.00000433
 -0.44425093
 -0.49996043
 -0.49996994
 -0.49996707
 -0.49995397
 -0.49991381
 -0.49972493
 -0.46568392
  0.01715569
 -0.49956069
 -0.49983588
 -0.49990175
 -0.49992392
 -0.49992591
 -0.49989644
 -0.06826447
  0.41365712
  0.49993673
  0.49996714
  0.49997665
  0.49998091
  0.49998299
  0.49998386
  0.00000000
