  2.10653753
  2.10653753
  2.10653753
  2.12699340
  2.16791107
  2.22932307
  2.31130081
  2.41392184
  2.53721653
  2.68117556
  2.84575822
  3.03091365
  3.23661029
  3.46285056
  3.70965138
  3.97702315
  4.26496724
  4.57348126
  4.90256320
  5.25221295
  5.62243067
  6.01321638
  6.42457035
  6.85649282
  7.30898350
  7.78204276
  8.27567063
  8.78986756
  9.32463428
  9.87996559
 10.45585713
 11.05247914
 11.67015752
 12.30627851
 12.95777436
 13.62008114
 14.29690584
 14.99470714
 15.72139226
 16.48449453
 17.28846198
 18.13025660
 19.00435490
 19.82440836
 20.57168793
 20.87780419
 20.92460908
 20.73624355
 20.35586733
 19.83497004
 19.22374622
 18.56608330
 17.90367351
 17.28450119
 16.69034926
 16.08940961
 15.45649455
 14.76096490
 14.05674764
 13.35106124
 12.66233212
 12.00247450
 11.38095944
 10.78173875
 10.24967472
  9.78486858
  9.35532264
  8.94941545
  8.55822448
  8.17600335
  7.80028244
  7.43175708
  7.06131976
  6.69599432
  6.36006870
  6.06170527
  5.80447520
  5.58859970
  5.41483028
  5.27734084
  5.17172660
  5.09499574
  5.04525852
  5.02139511
  5.02275186
  5.04887480
  5.09927409
  5.17320495
  5.26944230
  5.38601652
  5.51986554
  5.67119078
  5.83018780
  5.98988903
  6.14182645
  6.27598237
  6.38081281
  6.44335997
  6.44937241
  6.38666873
  6.25411136
  6.05463696
  5.79343720
  5.46300222
  5.12206903
  4.78790358
  4.47251959
  4.18346610
  3.91985952
  3.68700337
  3.48843367
  3.32617565
  3.20078155
  3.11125781
  3.05493616
  3.02420900
  3.00922891
  3.00284429
  3.00062461
  3.00007413
  3.00000000
