  0.00000000
  0.74981619
  0.74980866
  0.74980057
  0.74979181
  0.74978226
  0.74977180
  0.74976028
  0.74974754
  0.74973337
  0.74971768
  0.74969947
  0.74967900
  0.74965563
  0.74962856
  0.74959687
  0.74955966
  0.74951335
  0.74945771
  0.74938785
  0.74929938
  0.74918015
  0.74901486
  0.74875581
  0.74831684
  0.74772048
  0.74687636
  0.74574772
  0.74385240
  0.73976099
  0.73098158
  0.70207099
  0.63045201
  0.58280378
  0.55578133
  0.29612619
  0.06680105
  0.02940887
  0.00963449
  0.00478232
  0.00246484
 -0.01547273
 -0.00067542
  0.02212529
  0.00083059
 -0.00046657
  0.00076200
  0.00130617
  0.00145679
  0.00140644
  0.00125720
  0.00107346
  0.00086287
 -0.00019309
 -0.00071488
 -0.00034907
  0.00060343
 -0.30151660
 -0.73974467
 -0.74512308
 -0.74673807
 -0.74762099
 -0.74826106
 -0.74866418
 -0.74889268
 -0.74905200
 -0.74917459
 -0.74926669
 -0.74934056
 -0.74940181
 -0.74945392
 -0.74949782
 -0.74949328
 -0.74953739
 -0.74958789
 -0.74961488
 -0.74963454
 -0.74965085
 -0.74966507
 -0.74968134
 -0.74973416
 -0.74975201
 -0.74978003
 -0.74979834
 -0.74980637
 -0.74980877
 -0.74980812
 -0.74980515
 -0.74979987
 -0.74979140
 -0.74978007
 -0.74976465
 -0.74974369
 -0.74971490
 -0.74967434
 -0.74961585
 -0.74954028
 -0.74942783
 -0.74924711
 -0.74893230
 -0.74816434
 -0.74348025
  0.74667931
  0.74871933
  0.74921341
  0.74943463
  0.74956062
  0.74964233
  0.74969989
  0.74974299
  0.74977562
  0.74979825
  0.74981586
  0.74983000
  0.00000000
