  0.01226873
  0.24968391
  0.24968315
  0.24968302
  0.24968314
  0.24968339
  0.24968373
  0.24968413
  0.24968433
  0.24968451
  0.24968468
  0.24968449
  0.24968595
  0.24968460
  0.24968456
  0.24968514
  0.24968681
  0.24968509
  0.24968276
  0.24627588
  0.22017827
  0.19901568
  0.18131786
  0.16614744
  0.15647489
  0.15221845
  0.14839663
  0.14838920
  0.15902121
  0.15039736
  0.15624443
  0.17985239
  0.19267707
  0.19532455
  0.19804088
  0.16214391
  0.16116107
  0.16025529
  0.15427678
  0.10865695
  0.09524213
  0.09506034
  0.10410576
  0.13817797
  0.13887340
  0.14370076
  0.14841902
  0.15258191
  0.15588615
  0.15819816
  0.15971227
  0.16086659
  0.16165749
  0.16177688
  0.16152427
  0.16080707
  0.15932314
  0.15788352
  0.15568580
  0.16166485
  0.16468975
  0.16605302
  0.16695156
  0.14629944
  0.14589372
  0.14591147
  0.14597080
  0.14606814
  0.21484149
  0.21523043
  0.21593550
  0.21632089
  0.20250468
  0.16533761
  0.16928391
  0.21125124
  0.22223780
  0.22965581
  0.22939039
  0.22951818
  0.23347520
  0.23869567
  0.23787618
  0.23838324
  0.23738258
  0.24377665
  0.23858164
  0.23408420
  0.23062741
  0.22790883
  0.22572001
  0.24066153
  0.23847744
  0.23620273
  0.23369901
  0.23086823
  0.22765710
  0.23157013
  0.23042440
  0.23464289
  0.23498656
  0.23552812
  0.23632012
  0.24393974
  0.24470995
  0.24373558
  0.24387287
  0.24401432
  0.24417290
  0.24441100
  0.24576806
  0.24534099
  0.24493484
  0.24461679
