  0.00000000
  0.00000000
  0.04337291
  0.07648290
  0.09347469
  0.09303330
  0.08326905
  0.07121928
  0.06000198
  0.04750288
  0.02324748
 -0.02069891
 -0.03648781
 -0.03680751
 -0.03963312
 -0.04799617
 -0.03797015
  0.00700497
  0.00628337
  0.00464640
  0.03551227
  0.08916067
  0.14587699
  0.20665236
  0.27169035
  0.33775364
  0.40579652
  0.42079498
  0.42092449
  0.42098513
  0.37451984
  0.31935615
  0.26964709
  0.22885679
  0.19097735
  0.15046350
  0.10757962
  0.06421983
  0.02017123
 -0.02535922
 -0.07107073
 -0.11596594
 -0.16068830
 -0.19671223
 -0.23335710
 -0.28059380
 -0.32964688
 -0.28528109
 -0.24001538
 -0.19602469
 -0.15298065
 -0.11050083
 -0.06833491
 -0.02740307
 -0.03702904
 -0.07474459
 -0.09054728
 -0.05482134
 -0.04420765
 -0.04620617
 -0.08622649
 -0.10030990
 -0.06878289
 -0.03532019
  0.00862667
  0.01908885
  0.00838685
 -0.03911393
 -0.08818964
 -0.13991026
 -0.19461113
 -0.24567289
 -0.18661264
 -0.13698908
 -0.08591890
 -0.03304964
  0.01970876
  0.07294729
  0.12781770
  0.18574412
  0.24909836
  0.32854729
  0.42071392
  0.42064033
  0.32453816
  0.24329513
  0.17235326
  0.10806581
  0.04776694
 -0.01057857
 -0.06850296
 -0.12768635
 -0.18977692
 -0.25666266
 -0.33069327
 -0.41494253
 -0.42080533
 -0.42077999
 -0.42071631
 -0.35934727
 -0.28401273
 -0.21690906
 -0.15558339
 -0.09305351
 -0.03286514
  0.02659498
  0.08685125
  0.14965486
  0.21703683
  0.29135406
  0.25693660
  0.18593294
  0.12083212
  0.05949148
