task_id 22

[x]
1 2.179591840000
2 2.179591840000
3 2.179591840000
4 2.177068990000
5 2.172216920000
6 2.165747130000
7 2.158605420000
8 2.151674320000
9 2.145727240000
10 2.141534510000
11 2.139943270000
12 2.142004200000
13 2.149260760000
14 2.163853290000
15 2.185407190000
16 2.198543090000
17 2.197082660000
18 2.180157460000
19 2.151462010000
20 2.138775110000
21 2.171307400000
22 2.279342680000
23 2.486529750000
24 2.803464170000
25 3.226739560000
26 3.749390010000
27 4.354176830000
28 4.996881480000
29 5.634886140000
30 6.245482640000
31 6.726263680000
32 7.130019660000
33 7.500500950000
34 7.803151450000
35 8.022780160000
36 8.180181220000
37 8.280797360000
38 8.383412690000
39 8.511777090000
40 8.685712500000
41 8.857713150000
42 9.047793230000
43 9.276761920000
44 9.574050340000
45 10.039218650000
46 10.597256880000
47 11.252980800000
48 11.975375320000
49 12.736024140000
50 13.511978770000
51 14.287684990000
52 15.056174690000
53 15.818432910000
54 16.578635370000
55 17.336631530000
56 18.088361860000
57 18.824977430000
58 19.533881900000
59 20.195679810000
60 20.802432990000
61 21.376004070000
62 21.884225770000
63 22.330972400000
64 22.732381150000
65 23.058997210000
66 23.376455340000
67 23.686100360000
68 23.987897700000
69 24.281822710000
70 24.702146030000
71 25.104740890000
72 25.465367570000
73 25.761999980000
74 25.961612220000
75 26.053383350000
76 26.100084720000
77 26.116270100000
78 26.099105240000
79 26.066320290000
80 26.035542410000
81 26.019053500000
82 26.024485530000
83 26.056701510000
84 26.115679310000
85 26.197840320000
86 26.295868680000
87 26.399088450000
88 26.491057670000
89 26.562755360000
90 26.610557920000
91 26.633338970000
92 26.631187510000
93 26.602686700000
94 26.546757460000
95 26.463680250000
96 26.352713150000
97 26.211644420000
98 26.036520340000
99 25.814549420000
100 25.539805160000
101 25.201609820000
102 24.803259910000
103 24.351528190000
104 23.852655060000
105 23.362538630000
106 22.917793300000
107 22.520438220000
108 22.166719880000
109 21.855852480000
110 21.587932820000
111 21.363624350000
112 21.183044810000
113 21.048282410000
114 20.958858720000
115 20.914285710000

[y]
1 25.897959180000
2 25.897959180000
3 25.897959180000
4 25.851286470000
5 25.757931800000
6 25.617861460000
7 25.431040110000
8 25.197447890000
9 24.917079770000
10 24.589940820000
11 24.216045410000
12 23.795420610000
13 23.328119040000
14 22.814239780000
15 22.253848270000
16 21.646466980000
17 20.992231950000
18 20.291490630000
19 19.544406840000
20 18.750203840000
21 17.921364060000
22 17.146738600000
23 16.436681300000
24 15.811660990000
25 15.299363170000
26 14.921259200000
27 14.697101780000
28 14.643304800000
29 14.764659920000
30 15.063779560000
31 15.465267930000
32 15.955380920000
33 16.585497690000
34 17.333594840000
35 18.149942840000
36 19.021416310000
37 19.763433930000
38 20.519937910000
39 21.287133380000
40 22.033216290000
41 22.546743020000
42 22.981428370000
43 23.396000710000
44 23.821483210000
45 24.330914820000
46 24.742353140000
47 25.033537810000
48 25.198963090000
49 25.243381560000
50 25.180484880000
51 25.030429980000
52 24.816627440000
53 24.562634770000
54 24.290569320000
55 24.010689430000
56 23.717858600000
57 23.397753180000
58 23.036680900000
59 22.635098100000
60 22.201642040000
61 21.709331520000
62 21.157296010000
63 20.572036200000
64 19.974729170000
65 19.456641320000
66 18.953573120000
67 18.464244400000
68 17.988463060000
69 17.526078130000
70 16.866116680000
71 16.234177350000
72 15.614495870000
73 14.998933280000
74 14.425821660000
75 13.964426040000
76 13.506079700000
77 12.958144780000
78 12.416888650000
79 11.896541470000
80 11.416210620000
81 10.974374080000
82 10.564788380000
83 10.189140650000
84 9.861215180000
85 9.581633150000
86 9.354076290000
87 9.169958330000
88 9.035397700000
89 8.941607800000
90 8.882719380000
91 8.855418020000
92 8.857974910000
93 8.891859680000
94 8.958358530000
95 9.056103560000
96 9.182625940000
97 9.333681490000
98 9.502422680000
99 9.684141460000
100 9.858528790000
101 10.013130920000
102 10.124650080000
103 10.186838390000
104 10.197933180000
105 10.164331130000
106 10.107873460000
107 10.047410400000
108 9.994436040000
109 9.955429420000
110 9.932788540000
111 9.925682740000
112 9.930815030000
113 9.941011140000
114 9.950081870000
115 9.955102040000

[theta]
1 -1.624797830000
2 -1.624797830000
3 -1.624797830000
4 -1.622724150000
5 -1.616953140000
6 -1.609005180000
7 -1.600459430000
8 -1.592004810000
9 -1.583612000000
10 -1.575052160000
11 -1.565896670000
12 -1.555268930000
13 -1.542407160000
14 -1.532353060000
15 -1.549172610000
16 -1.573028590000
17 -1.594944920000
18 -1.609187400000
19 -1.586769340000
20 -1.531566040000
21 -1.432222410000
22 -1.286889250000
23 -1.101501880000
24 -0.880265350000
25 -0.626282050000
26 -0.354941620000
27 -0.083509380000
28 0.187965000000
29 0.455519710000
30 0.695765480000
31 0.881709690000
32 1.039279500000
33 1.186364770000
34 1.307981260000
35 1.392107890000
36 1.436020230000
37 1.435974970000
38 1.405015370000
39 1.341756470000
40 1.247600390000
41 1.158568670000
42 1.066187630000
43 0.960936080000
44 0.830786800000
45 0.635319720000
46 0.417908320000
47 0.225114480000
48 0.058329420000
49 -0.080880170000
50 -0.191082690000
51 -0.271349180000
52 -0.321640060000
53 -0.343682120000
54 -0.353708010000
55 -0.371458750000
56 -0.409942310000
57 -0.471090570000
58 -0.545408800000
59 -0.620315990000
60 -0.709307620000
61 -0.826698510000
62 -0.918818280000
63 -0.979088690000
64 -1.008304290000
65 -1.007862230000
66 -1.006610510000
67 -1.005523090000
68 -1.004559410000
69 -1.003691970000
70 -1.003558510000
71 -1.043750880000
72 -1.121742730000
73 -1.235640630000
74 -1.374459610000
75 -1.469255740000
76 -1.541266050000
77 -1.602498720000
78 -1.633719060000
79 -1.634785280000
80 -1.608098040000
81 -1.557534850000
82 -1.485244500000
83 -1.392847510000
84 -1.284972040000
85 -1.164034940000
86 -1.059837930000
87 -0.971245320000
88 -0.918111130000
89 -0.888932840000
90 -0.875411720000
91 -0.871295010000
92 -0.871486210000
93 -0.871517810000
94 -0.866338310000
95 -0.850803540000
96 -0.819571720000
97 -0.766838130000
98 -0.686016080000
99 -0.565562750000
100 -0.428774460000
101 -0.272964920000
102 -0.136806530000
103 -0.022236040000
104 0.068452200000
105 0.126268460000
106 0.151005470000
107 0.148659350000
108 0.124824360000
109 0.084305930000
110 0.031668110000
111 -0.028413560000
112 -0.075516020000
113 -0.101089640000
114 -0.112155490000
115 -0.114876610000

[v]
1 0.000000000000
2 0.000000000000
3 0.187200640000
4 0.374397430000
5 0.561590480000
6 0.748779530000
7 0.935964160000
8 1.123143810000
9 1.310317770000
10 1.497484960000
11 1.684644180000
12 1.871793940000
13 2.058932010000
14 2.246057040000
15 2.433163320000
16 2.620246660000
17 2.807299670000
18 2.994310490000
19 3.181254110000
20 3.368084390000
21 3.552225540000
22 3.716628660000
23 3.864945850000
24 3.999690140000
25 4.122567810000
26 4.237273400000
27 4.346138030000
28 4.376617470000
29 4.275693010000
30 4.164779110000
31 4.064157390000
32 4.064224630000
33 4.188343520000
34 4.328054760000
35 4.471668160000
36 4.618172360000
37 4.737075620000
38 4.853882540000
39 4.965658830000
40 4.984183750000
41 4.981281670000
42 4.982097820000
43 4.985821070000
44 4.992520300000
45 4.992437190000
46 4.992801570000
47 4.993250360000
48 4.993675800000
49 4.994026320000
50 4.994283430000
51 4.994460410000
52 4.994580800000
53 4.994634970000
54 4.994636000000
55 4.994616190000
56 4.994571840000
57 4.993384810000
58 4.903039620000
59 4.789624380000
60 4.675593300000
61 4.556171690000
62 4.434018290000
63 4.310568720000
64 4.186267460000
65 4.077345990000
66 3.968643570000
67 3.859858900000
68 3.750972790000
69 3.641965840000
70 3.481321310000
71 3.320331690000
72 3.158764370000
73 2.996863640000
74 2.845291480000
75 2.721578430000
76 2.594890880000
77 2.436706280000
78 2.270262560000
79 2.098239230000
80 1.926401220000
81 1.754454920000
82 1.579528580000
83 1.400673600000
84 1.222420010000
85 1.043772640000
86 0.865864640000
87 0.683151590000
88 0.504329260000
89 0.328877110000
90 0.156016600000
91 -0.014804300000
92 -0.183981370000
93 -0.364360480000
94 -0.543095340000
95 -0.720115400000
96 -0.895245440000
97 -1.068235270000
98 -1.238792030000
99 -1.412244780000
100 -1.584780080000
101 -1.760379620000
102 -1.936041660000
103 -2.111527730000
104 -2.013886530000
105 -1.832023920000
106 -1.649036630000
107 -1.466596820000
108 -1.283961740000
109 -1.101164820000
110 -0.918211520000
111 -0.735052610000
112 -0.550856050000
113 -0.366965170000
114 -0.183367730000
115 0.000000000000

[a]
1 0.000000000000
2 0.749750540000
3 0.749737380000
4 0.749722760000
5 0.749706400000
6 0.749687960000
7 0.749667010000
8 0.749643010000
9 0.749615270000
10 0.749582840000
11 0.749544410000
12 0.749498220000
13 0.749441580000
14 0.749370520000
15 0.749278760000
16 0.749155580000
17 0.748981590000
18 0.748717570000
19 0.748270640000
20 0.747702750000
21 0.746681860000
22 0.745253760000
23 0.743138570000
24 0.739570060000
25 0.733060650000
26 0.715186830000
27 0.205392210000
28 -0.680134150000
29 -0.697478840000
30 -0.669038460000
31 0.000546890000
32 0.690115020000
33 0.725105290000
34 0.735254990000
35 0.739767340000
36 0.733319400000
37 0.724783850000
38 0.697493850000
39 0.120227360000
40 -0.026710400000
41 0.008568890000
42 0.039166040000
43 0.064349210000
44 -0.000602640000
45 0.002623840000
46 0.003123050000
47 0.002866500000
48 0.002297270000
49 0.001649400000
50 0.001118700000
51 0.000753820000
52 0.000336740000
53 0.000006320000
54 -0.000122470000
55 -0.000274530000
56 -0.007380960000
57 -0.567057860000
58 -0.718347460000
59 -0.732443640000
60 -0.738698670000
61 -0.741718280000
62 -0.743434650000
63 -0.744534900000
64 -0.744510540000
65 -0.745079520000
66 -0.745552590000
67 -0.745944460000
68 -0.746274680000
69 -0.747735110000
70 -0.747987290000
71 -0.748220270000
72 -0.748428520000
73 -0.748487240000
74 -0.748245020000
75 -0.748373290000
76 -0.748798430000
77 -0.748944240000
78 -0.749048500000
79 -0.749107280000
80 -0.749161970000
81 -0.749228780000
82 -0.749301340000
83 -0.749354520000
84 -0.749412450000
85 -0.749456860000
86 -0.749510070000
87 -0.749522570000
88 -0.749525790000
89 -0.749522840000
90 -0.749514200000
91 -0.749499670000
92 -0.749513710000
93 -0.749483320000
94 -0.749441200000
95 -0.749382920000
96 -0.749301100000
97 -0.749182720000
98 -0.749029020000
99 -0.748771840000
100 -0.748369330000
101 -0.747540830000
102 -0.745074830000
103 0.413173480000
104 0.745522670000
105 0.747772180000
106 0.748515310000
107 0.748894630000
108 0.749123720000
109 0.749277690000
110 0.749388970000
111 0.749473150000
112 0.749531790000
113 0.749576670000
114 0.749612200000
115 0.000000000000

[phy]
1 0.000000000000
2 0.000000000000
3 0.088499180000
4 0.122847870000
5 0.112882480000
6 0.091165620000
7 0.072230060000
8 0.059785200000
9 0.052279480000
10 0.048934030000
11 0.050489550000
12 0.054984870000
13 0.039094490000
14 -0.059911720000
15 -0.078374300000
16 -0.066898210000
17 -0.040615540000
18 0.059898900000
19 0.138112970000
20 0.235103260000
21 0.355819610000
22 0.464664900000
23 0.563186540000
24 0.652647460000
25 0.699400120000
26 0.699633380000
27 0.699739610000
28 0.689175300000
29 0.615195880000
30 0.535786870000
31 0.460667140000
32 0.382611060000
33 0.292744790000
34 0.196460460000
35 0.098849400000
36 -0.000120890000
37 -0.080929280000
38 -0.161236710000
39 -0.241030630000
40 -0.317658970000
41 -0.371371320000
42 -0.418249350000
43 -0.464837310000
44 -0.515565530000
45 -0.560153450000
46 -0.493139310000
47 -0.422941590000
48 -0.350333110000
49 -0.275894970000
50 -0.200455080000
51 -0.125431110000
52 -0.054812370000
53 -0.024829230000
54 -0.043908690000
55 -0.095116540000
56 -0.151108710000
57 -0.184702580000
58 -0.191167980000
59 -0.234303070000
60 -0.301159860000
61 -0.240773360000
62 -0.162275880000
63 -0.081015710000
64 0.001443570000
65 0.004208430000
66 0.003755750000
67 0.003420770000
68 0.003166420000
69 0.000341140000
70 -0.106873000000
71 -0.214219200000
72 -0.321785990000
73 -0.429061000000
74 -0.383103640000
75 -0.302975410000
76 -0.219796740000
77 -0.114797610000
78 -0.004090000000
79 0.110441590000
80 0.224850600000
81 0.339310710000
82 0.455724580000
83 0.574642040000
84 0.692785110000
85 0.699284960000
86 0.698326560000
87 0.577782420000
88 0.459089010000
89 0.342481970000
90 0.227541630000
91 0.113937590000
92 0.001427580000
93 -0.118657230000
94 -0.237623930000
95 -0.355405270000
96 -0.471840090000
97 -0.586625000000
98 -0.698533480000
99 -0.699069460000
100 -0.697490180000
101 -0.582189170000
102 -0.465654150000
103 -0.348635060000
104 -0.231168390000
105 -0.109910880000
106 0.011673740000
107 0.132500910000
108 0.253104620000
109 0.373193630000
110 0.491593820000
111 0.480676100000
112 0.361795940000
113 0.241426560000
114 0.120739650000
115 0.000000000000

[w]
1 0.000000000000
2 0.354444850000
3 0.137569120000
4 -0.039912180000
5 -0.086977660000
6 -0.075838280000
7 -0.049842490000
8 -0.030060840000
9 -0.013398730000
10 0.006229930000
11 0.018004010000
12 -0.063641850000
13 -0.396522940000
14 -0.073943610000
15 0.045962380000
16 0.105263230000
17 0.402562070000
18 0.313250880000
19 0.388454050000
20 0.490167170000
21 0.494350760000
22 0.495044590000
23 0.493392790000
24 0.281392680000
25 0.001490700000
26 0.000697890000
27 -0.071189750000
28 -0.498549870000
29 -0.499361120000
30 -0.499475090000
31 -0.499576720000
32 -0.499666840000
33 -0.499718650000
34 -0.499737800000
35 -0.499746730000
36 -0.498374490000
37 -0.498305410000
38 -0.497917520000
39 -0.496694000000
40 -0.494329620000
41 -0.492198500000
42 -0.490088180000
43 -0.487275770000
44 -0.322687150000
45 0.482555660000
46 0.488499310000
47 0.489212780000
48 0.487856940000
49 0.483942320000
50 0.474240620000
51 0.442162120000
52 0.186382360000
53 -0.118027120000
54 -0.316535520000
55 -0.346648580000
56 -0.208902090000
57 -0.040580490000
58 -0.273208860000
59 -0.429434230000
60 0.373528850000
61 0.476638500000
62 0.489362780000
63 0.493911470000
64 0.018898590000
65 -0.003102810000
66 -0.002295720000
67 -0.001742520000
68 -0.019342190000
69 -0.499038310000
70 -0.498750080000
71 -0.498143140000
72 -0.495906870000
73 0.226944660000
74 0.484633980000
75 0.491356080000
76 0.497034380000
77 0.498149330000
78 0.498709750000
79 0.498752390000
80 0.498697340000
81 0.498613420000
82 0.498197010000
83 0.496657840000
84 0.027266380000
85 -0.004037350000
86 -0.494486020000
87 -0.497495970000
88 -0.498141460000
89 -0.498381080000
90 -0.498462640000
91 -0.498449460000
92 -0.498978010000
93 -0.498859320000
94 -0.498645140000
95 -0.498225570000
96 -0.497187980000
97 -0.491565960000
98 -0.002314540000
99 0.006853790000
100 0.491389320000
101 0.495922060000
102 0.496837050000
103 0.497065910000
104 0.497079750000
105 0.496851990000
106 0.495730510000
107 0.494535160000
108 0.492139220000
109 0.484903050000
110 -0.044669500000
111 -0.483708730000
112 -0.490620760000
113 -0.492730690000
114 -0.493586910000
115 0.000000000000

[dt]
1 0.012268730000
2 0.249683910000
3 0.249683150000
4 0.249683020000
5 0.249683140000
6 0.249683390000
7 0.249683730000
8 0.249684130000
9 0.249684330000
10 0.249684510000
11 0.249684680000
12 0.249684490000
13 0.249685950000
14 0.249684600000
15 0.249684560000
16 0.249685140000
17 0.249686810000
18 0.249685090000
19 0.249682760000
20 0.246275880000
21 0.220178270000
22 0.199015680000
23 0.181317860000
24 0.166147440000
25 0.156474890000
26 0.152218450000
27 0.148396630000
28 0.148389200000
29 0.159021210000
30 0.150397360000
31 0.156244430000
32 0.179852390000
33 0.192677070000
34 0.195324550000
35 0.198040880000
36 0.162143910000
37 0.161161070000
38 0.160255290000
39 0.154276780000
40 0.108656950000
41 0.095242130000
42 0.095060340000
43 0.104105760000
44 0.138177970000
45 0.138873400000
46 0.143700760000
47 0.148419020000
48 0.152581910000
49 0.155886150000
50 0.158198160000
51 0.159712270000
52 0.160866590000
53 0.161657490000
54 0.161776880000
55 0.161524270000
56 0.160807070000
57 0.159323140000
58 0.157883520000
59 0.155685800000
60 0.161664850000
61 0.164689750000
62 0.166053020000
63 0.166951560000
64 0.146299440000
65 0.145893720000
66 0.145911470000
67 0.145970800000
68 0.146068140000
69 0.214841490000
70 0.215230430000
71 0.215935500000
72 0.216320890000
73 0.202504680000
74 0.165337610000
75 0.169283910000
76 0.211251240000
77 0.222237800000
78 0.229655810000
79 0.229390390000
80 0.229518180000
81 0.233475200000
82 0.238695670000
83 0.237876180000
84 0.238383240000
85 0.237382580000
86 0.243776650000
87 0.238581640000
88 0.234084200000
89 0.230627410000
90 0.227908830000
91 0.225720010000
92 0.240661530000
93 0.238477440000
94 0.236202730000
95 0.233699010000
96 0.230868230000
97 0.227657100000
98 0.231570130000
99 0.230424400000
100 0.234642890000
101 0.234986560000
102 0.235528120000
103 0.236320120000
104 0.243939740000
105 0.244709950000
106 0.243735580000
107 0.243872870000
108 0.244014320000
109 0.244172900000
110 0.244411000000
111 0.245768060000
112 0.245340990000
113 0.244934840000
114 0.244616790000

[s]
1 0.000000000000
2 0.000000000000
3 0.046740850000
4 0.093480680000
5 0.140219670000
6 0.186957810000
7 0.233695020000
8 0.280431180000
9 0.327165810000
10 0.373898800000
11 0.420629840000
12 0.467357910000
13 0.514086390000
14 0.560805850000
15 0.607523310000
16 0.654236650000
17 0.700945690000
18 0.747634690000
19 0.794304310000
20 0.829477950000
21 0.782122880000
22 0.739667380000
23 0.700783710000
24 0.664538270000
25 0.645078370000
26 0.644991200000
27 0.644952240000
28 0.649443620000
29 0.679926930000
30 0.626373150000
31 0.635003640000
32 0.730960680000
33 0.806998550000
34 0.845376140000
35 0.885573880000
36 0.748808220000
37 0.763431840000
38 0.777860080000
39 0.766089550000
40 0.541566170000
41 0.474427860000
42 0.473599900000
43 0.519052680000
44 0.689856290000
45 0.693316720000
46 0.717469370000
47 0.741093320000
48 0.761944610000
49 0.778499560000
50 0.790086450000
51 0.797676590000
52 0.803461170000
53 0.807420170000
54 0.808016640000
55 0.806751740000
56 0.803162460000
57 0.795561730000
58 0.774109210000
59 0.745676540000
60 0.755879210000
61 0.750354870000
62 0.736282230000
63 0.719655900000
64 0.612448400000
65 0.594859020000
66 0.579070470000
67 0.563426560000
68 0.547897540000
69 0.782445370000
70 0.749286260000
71 0.716977480000
72 0.683306710000
73 0.606878880000
74 0.470433690000
75 0.460719430000
76 0.548173910000
77 0.541528230000
78 0.521378980000
79 0.481315910000
80 0.442144110000
81 0.409621720000
82 0.377026630000
83 0.333186880000
84 0.291404440000
85 0.247773450000
86 0.211077580000
87 0.162987430000
88 0.118055510000
89 0.075848080000
90 0.035557560000
91 -0.003341630000
92 -0.044277240000
93 -0.086891750000
94 -0.128280600000
95 -0.168290260000
96 -0.206683740000
97 -0.243191350000
98 -0.286867230000
99 -0.325415650000
100 -0.371857370000
101 -0.413665540000
102 -0.455992250000
103 -0.498996480000
104 -0.491266950000
105 -0.448314480000
106 -0.401928900000
107 -0.357663170000
108 -0.313305050000
109 -0.268874610000
110 -0.224421000000
111 -0.180652450000
112 -0.135147570000
113 -0.089882550000
114 -0.044854830000

[splus]
1 0.000000000000
2 0.000000000000
3 0.046740850000
4 0.093480680000
5 0.140219670000
6 0.186957810000
7 0.233695020000
8 0.280431180000
9 0.327165810000
10 0.373898800000
11 0.420629840000
12 0.467357910000
13 0.514086390000
14 0.560805850000
15 0.607523310000
16 0.654236650000
17 0.700945690000
18 0.747634690000
19 0.794304310000
20 0.829477950000
21 0.782122880000
22 0.739667380000
23 0.700783710000
24 0.664538270000
25 0.645078370000
26 0.644991200000
27 0.644952240000
28 0.649443620000
29 0.679926930000
30 0.626373150000
31 0.635003640000
32 0.730960680000
33 0.806998550000
34 0.845376140000
35 0.885573880000
36 0.748808220000
37 0.763431840000
38 0.777860080000
39 0.766089550000
40 0.541566170000
41 0.474427860000
42 0.473599900000
43 0.519052680000
44 0.689856290000
45 0.693316720000
46 0.717469370000
47 0.741093320000
48 0.761944610000
49 0.778499560000
50 0.790086450000
51 0.797676590000
52 0.803461170000
53 0.807420170000
54 0.808016640000
55 0.806751740000
56 0.803162460000
57 0.795561730000
58 0.774109210000
59 0.745676540000
60 0.755879210000
61 0.750354870000
62 0.736282230000
63 0.719655900000
64 0.612448400000
65 0.594859020000
66 0.579070470000
67 0.563426560000
68 0.547897540000
69 0.782445370000
70 0.749286260000
71 0.716977480000
72 0.683306710000
73 0.606878880000
74 0.470433690000
75 0.460719430000
76 0.548173910000
77 0.541528230000
78 0.521378980000
79 0.481315910000
80 0.442144110000
81 0.409621720000
82 0.377026630000
83 0.333186880000
84 0.291404440000
85 0.247773450000
86 0.211077580000
87 0.162987430000
88 0.118055510000
89 0.075848080000
90 0.035557560000
91 0.000000000000
92 0.000000000000
93 0.000000000000
94 0.000000000000
95 0.000000000000
96 0.000000000000
97 0.000000000000
98 0.000000000000
99 0.000000000000
100 0.000000000000
101 0.000000000000
102 0.000000000000
103 0.000000000000
104 0.000000000000
105 0.000000000000
106 0.000000000000
107 0.000000000000
108 0.000000000000
109 0.000000000000
110 0.000000000000
111 0.000000000000
112 0.000000000000
113 0.000000000000
114 0.000000000000

[sminus]
1 0.000000000000
2 0.000000000000
3 0.000000000000
4 0.000000000000
5 0.000000000000
6 0.000000000000
7 0.000000000000
8 0.000000000000
9 0.000000000000
10 0.000000000000
11 0.000000000000
12 0.000000000000
13 0.000000000000
14 0.000000000000
15 0.000000000000
16 0.000000000000
17 0.000000000000
18 0.000000000000
19 0.000000000000
20 0.000000000000
21 0.000000000000
22 0.000000000000
23 0.000000000000
24 0.000000000000
25 0.000000000000
26 0.000000000000
27 0.000000000000
28 0.000000000000
29 0.000000000000
30 0.000000000000
31 0.000000000000
32 0.000000000000
33 0.000000000000
34 0.000000000000
35 0.000000000000
36 0.000000000000
37 0.000000000000
38 0.000000000000
39 0.000000000000
40 0.000000000000
41 0.000000000000
42 0.000000000000
43 0.000000000000
44 0.000000000000
45 0.000000000000
46 0.000000000000
47 0.000000000000
48 0.000000000000
49 0.000000000000
50 0.000000000000
51 0.000000000000
52 0.000000000000
53 0.000000000000
54 0.000000000000
55 0.000000000000
56 0.000000000000
57 0.000000000000
58 0.000000000000
59 0.000000000000
60 0.000000000000
61 0.000000000000
62 0.000000000000
63 0.000000000000
64 0.000000000000
65 0.000000000000
66 0.000000000000
67 0.000000000000
68 0.000000000000
69 0.000000000000
70 0.000000000000
71 0.000000000000
72 0.000000000000
73 0.000000000000
74 0.000000000000
75 0.000000000000
76 0.000000000000
77 0.000000000000
78 0.000000000000
79 0.000000000000
80 0.000000000000
81 0.000000000000
82 0.000000000000
83 0.000000000000
84 0.000000000000
85 0.000000000000
86 0.000000000000
87 0.000000000000
88 0.000000000000
89 0.000000000000
90 0.000000000000
91 0.003341630000
92 0.044277240000
93 0.086891750000
94 0.128280600000
95 0.168290260000
96 0.206683740000
97 0.243191350000
98 0.286867230000
99 0.325415650000
100 0.371857370000
101 0.413665540000
102 0.455992250000
103 0.498996480000
104 0.491266950000
105 0.448314480000
106 0.401928900000
107 0.357663170000
108 0.313305050000
109 0.268874610000
110 0.224421000000
111 0.180652450000
112 0.135147570000
113 0.089882550000
114 0.044854830000

[k]
1 0.000000000000
2 0.000000000000
3 0.044365470000
4 0.061734800000
5 0.056682190000
6 0.045709510000
7 0.036177970000
8 0.029928260000
9 0.026163580000
10 0.024486560000
11 0.025266250000
12 0.027520180000
13 0.019557210000
14 -0.029991750000
15 -0.039267580000
16 -0.033499090000
17 -0.020318940000
18 0.029985310000
19 0.069498940000
20 0.119766440000
21 0.185818820000
22 0.250636120000
23 0.315698730000
24 0.382195130000
25 0.420631720000
26 0.420830930000
27 0.420921680000
28 0.411975270000
29 0.353340560000
30 0.296858520000
31 0.248139970000
32 0.201221730000
33 0.150702220000
34 0.099513840000
35 0.049586310000
36 -0.000060440000
37 -0.040553210000
38 -0.081324310000
39 -0.122904660000
40 -0.164396640000
41 -0.194720810000
42 -0.222237200000
43 -0.250744000000
44 -0.283344230000
45 -0.313581660000
46 -0.268713690000
47 -0.225052710000
48 -0.182703020000
49 -0.141557540000
50 -0.101591930000
51 -0.063046530000
52 -0.027433660000
53 -0.012417170000
54 -0.021968460000
55 -0.047702180000
56 -0.076134660000
57 -0.093415990000
58 -0.096765630000
59 -0.119343470000
60 -0.155303780000
61 -0.122768270000
62 -0.081857740000
63 -0.040596710000
64 0.000721790000
65 0.002104230000
66 0.001877880000
67 0.001710390000
68 0.001583210000
69 0.000170570000
70 -0.053640880000
71 -0.108778660000
72 -0.166686350000
73 -0.228742500000
74 -0.201507980000
75 -0.156299700000
76 -0.111703000000
77 -0.057652280000
78 -0.002045010000
79 0.055446410000
80 0.114359070000
81 0.176480760000
82 0.245067540000
83 0.323768660000
84 0.415014590000
85 0.420533400000
86 0.419715880000
87 0.326001790000
88 0.247157340000
89 0.178265940000
90 0.115775850000
91 0.057216600000
92 0.000713790000
93 -0.059608630000
94 -0.121099900000
95 -0.185583080000
96 -0.255141480000
97 -0.332339310000
98 -0.419892270000
99 -0.420349460000
100 -0.419003500000
101 -0.329150910000
102 -0.251255350000
103 -0.181741230000
104 -0.117688070000
105 -0.055177810000
106 0.005837140000
107 0.066640900000
108 0.129325800000
109 0.195770900000
110 0.267718580000
111 0.260735250000
112 0.189227320000
113 0.123114610000
114 0.060664900000

[up]
1 0.000000000000
2 0.000000000000
3 0.048731580000
4 0.099020850000
5 0.147849720000
6 0.195161730000
7 0.241811450000
8 0.288488290000
9 0.335383250000
10 0.382688080000
11 0.430832470000
12 0.479705210000
13 0.523738320000
14 0.576952620000
15 0.630425040000
16 0.675276330000
17 0.714618470000
18 0.769156020000
19 0.847299480000
20 0.924847830000
21 0.921642710000
22 0.917639260000
23 0.913170780000
24 0.908362240000
25 0.905565170000
26 0.905566150000
27 0.905567640000
28 0.906296150000
29 0.910562870000
30 0.804879590000
31 0.786270660000
32 0.872162540000
33 0.923750370000
34 0.926137710000
35 0.927729730000
36 0.748851670000
37 0.793153050000
38 0.838588620000
39 0.856479390000
40 0.627036630000
41 0.563113650000
42 0.574641390000
43 0.643995980000
44 0.877504720000
45 0.902031670000
46 0.902551460000
47 0.901206980000
48 0.895585820000
49 0.884293980000
50 0.867142280000
51 0.845955840000
52 0.824621550000
53 0.817045030000
54 0.825057360000
55 0.843695960000
56 0.861864780000
57 0.866907240000
58 0.846020110000
59 0.831108510000
60 0.868574470000
61 0.838789850000
62 0.794141820000
63 0.747702880000
64 0.612872770000
65 0.596060670000
66 0.580114400000
67 0.564351700000
68 0.548730280000
69 0.782573490000
70 0.787870940000
71 0.791849650000
72 0.792648690000
73 0.740145100000
74 0.561437980000
75 0.529849320000
76 0.606957280000
77 0.571499760000
78 0.522402550000
79 0.506935660000
80 0.490684770000
81 0.479020460000
82 0.465727740000
83 0.436747330000
84 0.407504050000
85 0.347802570000
86 0.296126490000
87 0.213996250000
88 0.146066670000
89 0.088828360000
90 0.039509600000
91 -0.000000000000
92 0.000000000000
93 0.000000000000
94 0.000000000000
95 0.000000000000
96 0.000000000000
97 0.000000000000
98 0.000000000000
99 0.000000000000
100 0.000000000000
101 0.000000000000
102 0.000000000000
103 0.000000000000
104 0.000000000000
105 0.000000000000
106 0.000000000000
107 0.000000000000
108 0.000000000000
109 0.000000000000
110 0.000000000000
111 0.000000000000
112 0.000000000000
113 0.000000000000
114 0.000000000000

[down]
1 0.000000000000
2 0.000000000000
3 -0.000000000000
4 0.000000000000
5 0.000000000000
6 0.000000000000
7 -0.000000000000
8 0.000000000000
9 0.000000000000
10 0.000000000000
11 -0.000000000000
12 0.000000000000
13 0.000000000000
14 0.000000000000
15 -0.000000000000
16 0.000000000000
17 0.000000000000
18 0.000000000000
19 -0.000000000000
20 0.000000000000
21 -0.000000000000
22 0.000000000000
23 0.000000000000
24 0.000000000000
25 0.000000000000
26 0.000000000000
27 -0.000000000000
28 0.000000000000
29 -0.000000000000
30 0.000000000000
31 0.000000000000
32 0.000000000000
33 0.000000000000
34 0.000000000000
35 0.000000000000
36 0.000000000000
37 -0.000000000000
38 0.000000000000
39 -0.000000000000
40 0.000000000000
41 0.000000000000
42 0.000000000000
43 -0.000000000000
44 0.000000000000
45 -0.000000000000
46 0.000000000000
47 -0.000000000000
48 0.000000000000
49 0.000000000000
50 0.000000000000
51 -0.000000000000
52 0.000000000000
53 0.000000000000
54 0.000000000000
55 0.000000000000
56 0.000000000000
57 -0.000000000000
58 0.000000000000
59 0.000000000000
60 0.000000000000
61 0.000000000000
62 0.000000000000
63 -0.000000000000
64 0.000000000000
65 0.000000000000
66 0.000000000000
67 0.000000000000
68 0.000000000000
69 0.000000000000
70 0.000000000000
71 -0.000000000000
72 0.000000000000
73 -0.000000000000
74 0.000000000000
75 0.000000000000
76 0.000000000000
77 -0.000000000000
78 0.000000000000
79 0.000000000000
80 0.000000000000
81 0.000000000000
82 0.000000000000
83 0.000000000000
84 0.000000000000
85 -0.000000000000
86 0.000000000000
87 -0.000000000000
88 0.000000000000
89 0.000000000000
90 0.000000000000
91 0.003525170000
92 0.044307580000
93 0.091864070000
94 0.143193980000
95 0.198272810000
96 0.257307980000
97 0.320780510000
98 0.402502420000
99 0.456732420000
100 0.521434530000
101 0.544377600000
102 0.565979920000
103 0.586057190000
104 0.546770560000
105 0.472062020000
106 0.404181170000
107 0.380544770000
108 0.352202740000
109 0.319406920000
110 0.282099400000
111 0.225870820000
112 0.159698240000
113 0.100505780000
114 0.047467100000

[left]
1 0.000000000000
2 0.000000000000
3 0.006186550000
4 0.017351930000
5 0.024083190000
6 0.026094270000
7 0.026013550000
8 0.026019550000
9 0.026737340000
10 0.028811890000
11 0.033693280000
12 0.041076370000
13 0.032344460000
14 0.015625360000
15 0.022162200000
16 0.020360270000
17 0.013231260000
18 0.074737710000
19 0.185325880000
20 0.335258810000
21 0.487020340000
22 0.617309120000
23 0.732379630000
24 0.836181380000
25 0.890685570000
26 0.890975150000
27 0.891108160000
28 0.878842820000
29 0.792802250000
30 0.608630090000
31 0.516435330000
32 0.489129180000
33 0.409056960000
34 0.284574150000
35 0.149424350000
36 0.000042050000
37 0.028761460000
38 0.058767520000
39 0.087471000000
40 0.082710470000
41 0.085821980000
42 0.097778680000
43 0.120908680000
44 0.181588950000
45 0.201975190000
46 0.179105480000
47 0.154943320000
48 0.129325710000
49 0.102378140000
50 0.074567570000
51 0.046720230000
52 0.020477070000
53 0.009314050000
54 0.016490440000
55 0.035751230000
56 0.056806730000
57 0.069041640000
58 0.069588770000
59 0.082673220000
60 0.109056140000
61 0.085579270000
62 0.055991210000
63 0.027141290000
64 0.001443860000
65 0.004077390000
66 0.003533630000
67 0.003123980000
68 0.002805250000
69 0.000447250000
70 0.037338720000
71 0.072454420000
72 0.105811150000
73 0.128962830000
74 0.088065610000
75 0.066897570000
76 0.056885150000
77 0.029003690000
78 0.000990520000
79 0.085416730000
80 0.160845150000
81 0.228785300000
82 0.290913150000
83 0.337282740000
84 0.375594600000
85 0.321331770000
86 0.271584090000
87 0.161607310000
88 0.088090060000
89 0.040535320000
90 0.012258640000
91 0.000177940000
92 0.000030060000
93 0.015331320000
94 0.045982910000
95 0.092446200000
96 0.156091440000
97 0.239233250000
98 0.356541860000
99 0.404893350000
100 0.461196240000
101 0.403028830000
102 0.339128660000
103 0.268437170000
104 0.171136130000
105 0.073221550000
106 0.002651030000
107 0.026405160000
108 0.043988930000
109 0.055977030000
110 0.062557660000
111 0.048012770000
112 0.025485990000
113 0.010777490000
114 0.002588940000

[right]
1 0.000000000000
2 0.000000000000
3 0.001926450000
4 0.005361270000
5 0.007383650000
6 0.007939000000
7 0.007854330000
8 0.007796930000
9 0.007952080000
10 0.008505460000
11 0.009873170000
12 0.011948590000
13 0.009340250000
14 0.054502120000
15 0.077860210000
16 0.072041580000
17 0.047149340000
18 0.020826370000
19 0.051283870000
20 0.092290230000
21 0.135014500000
22 0.172224870000
23 0.205528740000
24 0.235950490000
25 0.252075250000
26 0.252160560000
27 0.252199700000
28 0.248558330000
29 0.223188320000
30 0.172742170000
31 0.146382350000
32 0.136642220000
33 0.112981710000
34 0.078153640000
35 0.040794570000
36 0.000150920000
37 0.103458140000
38 0.211849560000
39 0.314767820000
40 0.287642180000
41 0.295361870000
42 0.336467970000
43 0.419018800000
44 0.646004220000
45 0.718905230000
46 0.639831600000
47 0.555485430000
48 0.465095380000
49 0.369095750000
50 0.269297530000
51 0.168918970000
52 0.074099520000
53 0.033724190000
54 0.059713600000
55 0.129434560000
56 0.205554710000
57 0.249544370000
58 0.250718440000
59 0.296594700000
60 0.391843720000
61 0.307235780000
62 0.200588410000
63 0.096990720000
64 0.000410670000
65 0.001162850000
66 0.001010220000
67 0.000895260000
68 0.000805850000
69 0.000123980000
70 0.134027220000
71 0.258815050000
72 0.376051370000
73 0.453027310000
74 0.302894210000
75 0.229738770000
76 0.198031780000
77 0.100865550000
78 0.003433980000
79 0.024792450000
80 0.046973200000
81 0.067157740000
82 0.085836800000
83 0.100216310000
84 0.112350560000
85 0.096799020000
86 0.082302540000
87 0.049361660000
88 0.027106630000
89 0.012561130000
90 0.003824420000
91 0.000565940000
92 0.000093550000
93 0.005036780000
94 0.015428200000
95 0.031642370000
96 0.054439100000
97 0.084911290000
98 0.129178200000
99 0.149332850000
100 0.173716530000
101 0.154653160000
102 0.132557620000
103 0.106875920000
104 0.067912910000
105 0.028525660000
106 0.006944500000
107 0.070551590000
108 0.119934540000
109 0.155807960000
110 0.177841740000
111 0.139423290000
112 0.075697890000
113 0.032754930000
114 0.008054500000
