  0.00000000
  0.00000000
  0.03536095
  0.07068484
  0.10600046
  0.14132171
  0.17665454
  0.21200362
  0.24737406
  0.28279226
  0.31846760
  0.35360510
  0.38892206
  0.42431475
  0.45971121
  0.49511319
  0.53107232
  0.56520843
  0.60049633
  0.63598183
  0.67313438
  0.70889445
  0.74510259
  0.76323566
  0.72586714
  0.68804575
  0.65227663
  0.64487531
  0.64484538
  0.64483648
  0.66854958
  0.67802161
  0.61361363
  0.61531054
  0.70397510
  0.79288089
  0.83845314
  0.87260595
  0.90926491
  0.90492384
  0.86715605
  0.83097970
  0.63916756
  0.61899109
  0.74910891
  0.72076108
  0.69250127
  0.71810718
  0.74593455
  0.77474058
  0.80470807
  0.83609302
  0.86907852
  0.90285150
  0.89479267
  0.86401322
  0.85147196
  0.87968419
  0.88848387
  0.88647734
  0.85395834
  0.84281522
  0.86532009
  0.87299237
  0.84542979
  0.81404318
  0.78513963
  0.75283947
  0.72092893
  0.68975090
  0.65914504
  0.62825036
  0.55441225
  0.54121797
  0.53779631
  0.50893415
  0.47505847
  0.44088983
  0.40728605
  0.37764920
  0.38442773
  0.34021611
  0.30829512
  0.26540182
  0.21699506
  0.16872605
  0.12285848
  0.07921835
  0.03725612
  0.00000000
  0.00000000
  0.00000000
  0.00000000
  0.00000000
  0.00000000
  0.00000000
  0.00000000
  0.00000000
  0.00000000
  0.00000000
  0.00000000
  0.00000000
  0.00000000
  0.00000000
  0.00000000
  0.00000000
  0.00000000
  0.00000000
  0.00000000
  0.00000000
  0.00000000
  0.00000000
  0.00000000
  0.00000000
