 -1.62479783
 -1.62479783
 -1.62479783
 -1.62326412
 -1.61785794
 -1.60794958
 -1.59480194
 -1.58009206
 -1.56499329
 -1.55015034
 -1.53671690
 -1.52931333
 -1.53663257
 -1.55082348
 -1.56644143
 -1.58466122
 -1.60842486
 -1.62858973
 -1.62463046
 -1.62085732
 -1.61790229
 -1.59399776
 -1.53079227
 -1.42209896
 -1.26437450
 -1.06716340
 -0.83477344
 -0.57008184
 -0.29872155
 -0.02729034
  0.24417623
  0.49456132
  0.71109160
  0.87655072
  1.01736875
  1.15181212
  1.27111199
  1.36131250
  1.41735115
  1.43569219
  1.41274398
  1.35111452
  1.25474903
  1.15204223
  1.03027912
  0.85546924
  0.65322811
  0.42494720
  0.22008479
  0.04104903
 -0.11081926
 -0.23392403
 -0.32631301
 -0.38570142
 -0.41044232
 -0.44357567
 -0.50815629
 -0.58525943
 -0.63348700
 -0.67276596
 -0.71372844
 -0.78738597
 -0.87193294
 -0.93145242
 -0.96228674
 -0.95499346
 -0.93945431
 -0.93286946
 -0.96231597
 -1.02589442
 -1.12239762
 -1.25067453
 -1.40501848
 -1.50847877
 -1.58261972
 -1.62882653
 -1.64564657
 -1.63628373
 -1.60412198
 -1.55206360
 -1.48191748
 -1.38615716
 -1.27438008
 -1.14467603
 -1.03303732
 -0.96261414
 -0.92156392
 -0.90038886
 -0.89182806
 -0.89004845
 -0.89001229
 -0.88708431
 -0.87675377
 -0.85439128
 -0.81503099
 -0.75312186
 -0.66193667
 -0.55503078
 -0.43410601
 -0.29936399
 -0.17101496
 -0.05935684
  0.03371601
  0.11255717
  0.15610368
  0.17014908
  0.15990277
  0.13011938
  0.08515272
  0.02917611
 -0.03356207
 -0.07802558
 -0.10200857
 -0.11234359
 -0.11487661
