  0.00000000
  0.00000000
  0.03683331
  0.07587478
  0.11551249
  0.15394345
  0.19077604
  0.22649846
  0.26162331
  0.29568839
  0.32557509
  0.36063165
  0.40254538
  0.43930804
  0.47720227
  0.51792633
  0.55043067
  0.56900971
  0.60411900
  0.63881931
  0.69608281
  0.76957177
  0.84944820
  0.91465115
  0.91518981
  0.91114013
  0.90638056
  0.90538120
  0.90541936
  0.90544440
  0.90891928
  0.88589069
  0.77245440
  0.75049585
  0.83304075
  0.90740879
  0.92504567
  0.92640313
  0.92687253
  0.92695430
  0.92632039
  0.92349060
  0.73776611
  0.73588369
  0.91692641
  0.91491257
  0.91165096
  0.91477511
  0.91780890
  0.92053415
  0.92288867
  0.92478647
  0.92609145
  0.92660292
  0.92660081
  0.92601067
  0.92549102
  0.92598274
  0.92619177
  0.92580142
  0.92466935
  0.92398035
  0.92245885
  0.90259344
  0.85243180
  0.82896097
  0.79146153
  0.78110821
  0.78196428
  0.78239399
  0.78229089
  0.77642057
  0.65373415
  0.61239330
  0.58215488
  0.52508147
  0.48404692
  0.47176513
  0.45726211
  0.44498949
  0.47635764
  0.44752211
  0.43281100
  0.37257498
  0.28460132
  0.20813427
  0.14318654
  0.08743672
  0.03896455
  0.00000000
  0.00000000
  0.00000000
  0.00000000
  0.00000000
  0.00000000
  0.00000000
  0.00000000
  0.00000000
  0.00000000
  0.00000000
  0.00000000
  0.00000000
  0.00000000
  0.00000000
  0.00000000
  0.00000000
  0.00000000
  0.00000000
  0.00000000
  0.00000000
  0.00000000
  0.00000000
  0.00000000
  0.00000000
