  0.00000000
  0.00000000
  0.16287714
  0.32566207
  0.48840603
  0.65113596
  0.81386773
  0.97660989
  1.13936874
  1.30215019
  1.46497226
  1.62795200
  1.79079314
  1.95360742
  2.11642925
  2.27925665
  2.44208837
  2.60509246
  2.76770906
  2.93031524
  3.09295885
  3.25603220
  3.41914166
  3.58236768
  3.74189266
  3.88705412
  4.01940780
  4.14061222
  4.25675792
  4.36944222
  4.47861516
  4.58773314
  4.69149213
  4.77395116
  4.84906930
  4.92975811
  4.97738210
  4.98863482
  4.99377896
  4.99553321
  4.99639951
  4.99682730
  4.99425415
  4.99416772
  4.99690999
  4.99703451
  4.99696721
  4.99707281
  4.99726051
  4.99747797
  4.99769600
  4.99789843
  4.99807801
  4.99822805
  4.99819317
  4.99806519
  4.99800484
  4.99810765
  4.94504156
  4.81213047
  4.67486604
  4.53845909
  4.39962195
  4.25245354
  4.09875919
  3.94428899
  3.78969568
  3.63448357
  3.47928200
  3.32401395
  3.16850900
  3.01260007
  2.85629909
  2.71082123
  2.56117540
  2.40377672
  2.24506620
  2.08644270
  1.92803266
  1.76967012
  1.60968745
  1.43063492
  1.25233806
  1.06776049
  0.88139112
  0.69679171
  0.51522774
  0.33643246
  0.15987896
 -0.01484467
 -0.18747763
 -0.35841768
 -0.52766205
 -0.69509218
 -0.86049748
 -1.02359688
 -1.18453028
 -1.34528702
 -1.50538101
 -1.66478250
 -1.82546304
 -1.98659307
 -2.14717838
 -1.97095814
 -1.79318658
 -1.61462886
 -1.43580358
 -1.25678020
 -1.07755684
 -0.89811637
 -0.71835737
 -0.53773627
 -0.35788141
 -0.17867890
  0.00000000
