 25.89795918
 25.89795918
 25.89795918
 25.85128647
 25.75793180
 25.61786146
 25.43104011
 25.19744789
 24.91707977
 24.58994082
 24.21604541
 23.79542061
 23.32811904
 22.81423978
 22.25384827
 21.64646698
 20.99223195
 20.29149063
 19.54440684
 18.75020384
 17.92136406
 17.14673860
 16.43668130
 15.81166099
 15.29936317
 14.92125920
 14.69710178
 14.64330480
 14.76465992
 15.06377956
 15.46526793
 15.95538092
 16.58549769
 17.33359484
 18.14994284
 19.02141631
 19.76343393
 20.51993791
 21.28713338
 22.03321629
 22.54674302
 22.98142837
 23.39600071
 23.82148321
 24.33091482
 24.74235314
 25.03353781
 25.19896309
 25.24338156
 25.18048488
 25.03042998
 24.81662744
 24.56263477
 24.29056932
 24.01068943
 23.71785860
 23.39775318
 23.03668090
 22.63509810
 22.20164204
 21.70933152
 21.15729601
 20.57203620
 19.97472917
 19.45664132
 18.95357312
 18.46424440
 17.98846306
 17.52607813
 16.86611668
 16.23417735
 15.61449587
 14.99893328
 14.42582166
 13.96442604
 13.50607970
 12.95814478
 12.41688865
 11.89654147
 11.41621062
 10.97437408
 10.56478838
 10.18914065
  9.86121518
  9.58163315
  9.35407629
  9.16995833
  9.03539770
  8.94160780
  8.88271938
  8.85541802
  8.85797491
  8.89185968
  8.95835853
  9.05610356
  9.18262594
  9.33368149
  9.50242268
  9.68414146
  9.85852879
 10.01313092
 10.12465008
 10.18683839
 10.19793318
 10.16433113
 10.10787346
 10.04741040
  9.99443604
  9.95542942
  9.93278854
  9.92568274
  9.93081503
  9.94101114
  9.95008187
  9.95510204
