Ipopt 3.13.4: option_file_name=../public/solver/ipopt.opt

Using option file "../public/solver/ipopt.opt".


******************************************************************************
This program contains Ipopt, a library for large-scale nonlinear optimization.
 Ipopt is released as open source code under the Eclipse Public License (EPL).
         For more information visit https://github.com/coin-or/Ipopt
******************************************************************************

This is Ipopt version 3.13.4, running with linear solver ma27.

Number of nonzeros in equality constraint Jacobian...:    22317
Number of nonzeros in inequality constraint Jacobian.:    12068
Number of nonzeros in Lagrangian Hessian.............:    12025

Total number of variables............................:     9488
                     variables with only lower bounds:     5424
                variables with lower and upper bounds:     1469
                     variables with only upper bounds:        0
Total number of equality constraints.................:     5085
Total number of inequality constraints...............:     1916
        inequality constraints with only lower bounds:      678
   inequality constraints with lower and upper bounds:        0
        inequality constraints with only upper bounds:     1238

iter    objective    inf_pr   inf_du lg(mu)  ||d||  lg(rg) alpha_du alpha_pr  ls
   0  4.8340017e+00 9.91e-01 1.29e+00   0.0 0.00e+00    -  0.00e+00 0.00e+00   0
   1  4.8368127e+00 9.65e-01 1.57e+01  -0.6 3.97e+00    -  3.83e-02 2.54e-02f  1
   2  4.8810300e+00 9.34e-01 1.51e+01  -0.4 5.94e+00    -  8.28e-02 3.27e-02f  1
   3  4.9464138e+00 7.97e-01 3.30e+01  -0.9 2.21e+00    -  7.81e-02 1.47e-01f  1
   4  4.9969351e+00 7.15e-01 2.95e+01  -0.6 3.30e+00    -  2.01e-01 1.03e-01f  1
   5  5.0864928e+00 6.35e-01 7.97e+01  -0.2 5.99e+00    -  1.99e-01 1.12e-01f  1
   6  5.2988455e+00 5.57e-01 3.99e+02   0.1 1.01e+01    -  3.30e-01 1.26e-01f  1
   7  5.4637679e+00 4.93e-01 5.25e+02   0.1 8.70e+00    -  1.69e-01 1.16e-01f  1
   8  5.6611062e+00 4.17e-01 1.82e+03   0.1 6.50e+00    -  3.93e-01 1.50e-01f  1
   9  5.7287225e+00 3.71e-01 1.66e+03   0.1 6.00e+00    -  2.91e-02 1.10e-01f  1
iter    objective    inf_pr   inf_du lg(mu)  ||d||  lg(rg) alpha_du alpha_pr  ls
  10  5.7556102e+00 3.64e-01 1.74e+03   0.1 7.09e+00    -  3.83e-02 1.80e-02f  1
  11  5.7614899e+00 3.48e-01 5.79e+03   0.1 5.09e-01   2.0 1.59e-01 4.52e-02h  1
  12  5.7924518e+00 3.02e-01 2.53e+04   0.1 9.97e-01   1.5 5.10e-01 1.32e-01h  1
  13  6.0459268e+00 2.65e-01 2.29e+04   0.1 5.37e+00    -  1.49e-01 1.22e-01f  1
  14  6.1294468e+00 2.45e-01 2.59e+04   0.1 4.02e+00    -  3.56e-01 7.76e-02f  1
  15  6.1894980e+00 2.29e-01 3.19e+04   0.1 6.97e+00    -  1.31e-01 6.50e-02h  1
  16  6.2729411e+00 2.02e-01 3.58e+04   0.1 4.98e+00    -  1.47e-01 1.15e-01h  1
  17  6.3760260e+00 1.81e-01 7.83e+03   0.1 7.65e+00    -  5.22e-02 1.08e-01h  1
  18  6.3770681e+00 1.80e-01 1.21e+04   0.1 2.02e+01    -  1.62e-02 4.70e-03h  1
  19  6.3896017e+00 1.75e-01 2.96e+04   0.1 5.03e+00   1.0 5.49e-02 2.87e-02h  1
iter    objective    inf_pr   inf_du lg(mu)  ||d||  lg(rg) alpha_du alpha_pr  ls
  20  6.3773021e+00 1.71e-01 2.87e+04   0.1 3.26e+01   0.6 1.85e-02 2.20e-02h  1
  21  6.3749061e+00 1.64e-01 4.09e+04   0.1 7.21e+00    -  6.25e-02 4.17e-02h  1
  22  6.3876197e+00 1.59e-01 4.04e+04  -5.9 1.10e+01    -  2.90e-02 2.84e-02h  1
  23  6.3930079e+00 1.57e-01 2.97e+04  -5.9 4.14e+01    -  7.44e-03 1.41e-02h  1
  24  6.4022594e+00 1.53e-01 8.12e+05   0.9 8.59e+00   1.9 1.47e-01 2.28e-02h  1
  25  6.4054858e+00 1.52e-01 1.40e+07   2.2 4.49e+01   2.3 6.72e-01 6.40e-03f  1
  26  6.4092097e+00 1.51e-01 1.63e+07   2.4 1.18e+01    -  2.83e-02 7.63e-03h  1
  27  6.4276127e+00 1.50e-01 2.09e+07   3.4 5.95e+01    -  1.84e-02 7.44e-03f  1
  28  6.4275888e+00 1.49e-01 2.11e+07   0.7 4.40e+01    -  3.06e-02 8.68e-03h  1
  29  6.4320257e+00 1.48e-01 2.09e+07  -3.8 1.21e+02   1.8 1.51e-03 2.76e-03h  2
iter    objective    inf_pr   inf_du lg(mu)  ||d||  lg(rg) alpha_du alpha_pr  ls
  30  6.4357165e+00 1.46e-01 4.55e+07   2.2 1.41e+01    -  1.04e-01 1.14e-02h  1
  31  6.4413045e+00 1.44e-01 6.35e+07   1.7 1.96e+01    -  4.62e-02 1.82e-02h  1
  32  6.4592944e+00 1.41e-01 2.08e+08   3.2 2.65e+01    -  1.01e-01 2.13e-02f  1
  33  6.4558274e+00 1.37e-01 4.67e+08   3.5 2.72e+01    -  8.45e-02 2.92e-02f  1
  34  6.4490102e+00 1.33e-01 1.43e+09   3.5 6.68e+00    -  8.73e-02 2.46e-02h  1
  35  6.4564034e+00 1.31e-01 2.36e+09   3.5 5.49e+00    -  3.14e-02 1.38e-02h  1
  36  6.4679678e+00 1.30e-01 1.35e+09   3.5 2.76e+01    -  5.88e-03 1.20e-02h  1
  37  6.4716291e+00 1.29e-01 3.54e+09   3.5 2.09e+01   5.0 1.11e-02 5.49e-03h  1
  38  6.4733778e+00 1.29e-01 1.09e+10   3.5 2.15e+01   5.4 1.10e-02 4.17e-03h  1
  39  6.4656643e+00 1.57e-01 1.10e+10  -3.0 8.29e+02   4.9 6.77e-04 6.91e-04h  1
iter    objective    inf_pr   inf_du lg(mu)  ||d||  lg(rg) alpha_du alpha_pr  ls
  40  6.4655335e+00 1.59e-01 1.03e+10   3.5 1.61e+02    -  9.70e-04 1.34e-04h  1
  41  6.4656814e+00 1.58e-01 1.08e+10  -3.0 7.77e+01    -  2.85e-03 2.19e-04h  1
  42  6.4623267e+00 1.28e-01 9.87e+09   3.5 1.66e+02    -  1.01e-04 3.78e-03h  1
  43  6.4661940e+00 1.28e-01 1.00e+10   3.5 7.33e+02    -  3.35e-04 5.12e-04f  1
  44  6.4682736e+00 1.28e-01 9.58e+09   2.9 1.63e+02    -  2.88e-03 1.07e-03f  1
  45  6.4680272e+00 1.27e-01 1.01e+10  -3.0 5.11e+01    -  8.80e-03 4.61e-03h  1
  46  6.4680022e+00 1.27e-01 1.23e+10  -3.1 9.09e+01    -  4.24e-03 4.30e-05h  1
  47  6.4678920e+00 1.27e-01 1.33e+10   3.5 7.69e+02    -  1.79e-04 2.23e-03f  1
  48  6.4626384e+00 1.27e-01 1.37e+10   2.8 9.55e+01    -  4.00e-03 1.56e-03h  1
  49  6.4363726e+00 1.26e-01 1.35e+10   2.8 1.72e+02    -  4.38e-03 5.46e-03h  1
iter    objective    inf_pr   inf_du lg(mu)  ||d||  lg(rg) alpha_du alpha_pr  ls
  50  6.4374018e+00 1.26e-01 1.35e+10  -3.1 4.12e+02    -  6.47e-04 8.86e-04h  3
  51  6.4336463e+00 1.25e-01 1.49e+10   3.5 5.66e+01   4.5 8.56e-03 3.09e-03h  1
  52  6.4399317e+00 1.25e-01 1.58e+10  -3.0 1.77e+02    -  5.59e-04 1.46e-03h  2
  53  6.4360988e+00 1.24e-01 1.44e+10  -3.0 3.14e+01    -  4.33e-05 6.80e-03h  1
  54  6.4336775e+00 1.24e-01 1.44e+10   1.4 1.27e+02   4.0 2.91e-03 2.89e-03h  1
  55  6.4371347e+00 1.24e-01 1.51e+10  -3.0 2.00e+02   3.5 1.29e-03 2.80e-03h  2
  56  6.4369248e+00 1.23e-01 1.37e+10   1.1 1.32e+02   3.9 4.78e-03 2.77e-03f  1
  57  6.4636619e+00 1.23e-01 1.51e+10   3.5 1.53e+02   3.4 1.58e-04 6.38e-03f  1
  58  6.4639930e+00 1.21e-01 1.48e+10   3.5 9.00e+00   3.9 1.56e-02 1.40e-02h  1
  59  6.4728918e+00 1.21e-01 1.48e+10   3.5 5.77e+01    -  2.33e-03 2.87e-03h  1
iter    objective    inf_pr   inf_du lg(mu)  ||d||  lg(rg) alpha_du alpha_pr  ls
  60  6.4815617e+00 1.20e-01 1.46e+10   3.1 1.67e+01    -  1.78e-02 4.90e-03h  1
  61  6.5093573e+00 1.18e-01 1.44e+10   3.5 3.08e+01    -  2.14e-02 1.76e-02h  1
  62  6.5127039e+00 1.18e-01 1.63e+10   3.5 5.38e+01    -  1.31e-02 1.69e-03h  1
  63  6.5126065e+00 1.18e-01 1.78e+10   3.5 5.04e+01    -  3.98e-03 5.08e-04h  1
  64  6.5015884e+00 1.17e-01 1.62e+10   3.5 4.93e+01    -  4.32e-03 7.01e-03h  1
  65  6.4953072e+00 1.17e-01 1.92e+10   3.5 2.11e+02    -  1.67e-03 2.38e-04h  2
  66  6.4882731e+00 1.17e-01 1.99e+10   3.5 2.42e+02    -  4.83e-04 2.25e-04h  4
  67  6.4839843e+00 1.17e-01 2.65e+10   3.5 2.74e+02    -  2.31e-03 1.23e-04h  5
  68  6.4793976e+00 1.17e-01 2.84e+10   3.5 3.54e+02    -  5.99e-04 1.00e-04h  5
  69  6.4751241e+00 1.17e-01 3.63e+10   3.5 3.63e+02    -  2.03e-03 9.14e-05h  5
iter    objective    inf_pr   inf_du lg(mu)  ||d||  lg(rg) alpha_du alpha_pr  ls
  70  6.4713672e+00 1.17e-01 4.01e+10   3.5 3.62e+02    -  8.44e-04 7.75e-05h  5
  71  6.4677760e+00 1.17e-01 5.10e+10   3.5 3.56e+02    -  2.06e-03 7.39e-05h  5
  72  6.4641841e+00 1.17e-01 5.79e+10   3.5 3.36e+02    -  1.12e-03 7.27e-05h  5
  73  6.4097777e+00 1.16e-01 5.18e+10  -3.0 3.13e+02    -  4.22e-04 1.25e-03h  1
  74  6.3972695e+00 1.16e-01 4.66e+10   3.5 1.23e+02    -  4.46e-05 7.13e-04h  2
  75  6.3879807e+00 1.16e-01 8.09e+10   2.4 1.68e+02    -  3.48e-03 4.23e-04h  2
  76  6.3871654e+00 1.16e-01 8.18e+10   3.5 1.82e+03    -  6.94e-05 2.99e-05h  6
  77  6.3747191e+00 1.16e-01 8.18e+10   3.5 2.88e+03    -  5.69e-04 5.69e-04s 12
  78  6.3744182e+00 1.16e-01 8.44e+10   3.1 9.98e+01    -  1.43e-03 9.67e-05h  1
  79  6.3707999e+00 1.16e-01 8.40e+10   3.5 3.12e+02    -  1.04e-04 7.24e-04h  1
iter    objective    inf_pr   inf_du lg(mu)  ||d||  lg(rg) alpha_du alpha_pr  ls
  80  6.3578871e+00 1.16e-01 8.47e+10   3.5 3.60e+02    -  1.16e-03 3.02e-03h  1
  81  6.3577068e+00 1.16e-01 8.62e+10  -3.0 3.27e+02    -  2.30e-03 3.33e-05h  1
  82  6.3675712e+00 1.15e-01 8.51e+10   3.5 6.29e+01    -  5.67e-05 3.02e-03h  1
  83  6.3696356e+00 1.15e-01 8.93e+10   3.5 4.72e+01    -  6.06e-03 1.15e-03h  1
  84  6.3665681e+00 1.15e-01 1.21e+11   3.5 3.95e+02    -  1.11e-03 6.76e-05h  2
  85  6.3626529e+00 1.15e-01 1.66e+11   3.5 5.01e+02    -  9.76e-04 6.84e-05h  2
  86  6.3591275e+00 1.15e-01 2.75e+11   3.5 4.69e+02    -  1.68e-03 6.37e-05h  4
  87  6.3481100e+00 1.15e-01 3.50e+11   3.5 3.70e+02    -  9.71e-04 2.45e-04h  3
  88  6.3275916e+00 1.15e-01 4.52e+11   3.5 2.69e+02    -  1.17e-03 5.56e-04h  2
  89  6.3045284e+00 1.15e-01 3.77e+11   3.5 1.62e+02    -  7.91e-04 9.92e-04h  1
iter    objective    inf_pr   inf_du lg(mu)  ||d||  lg(rg) alpha_du alpha_pr  ls
  90  6.3038879e+00 1.15e-01 7.31e+11   3.5 2.28e+02    -  3.88e-04 1.67e-04h  1
  91r 6.3038879e+00 1.15e-01 1.00e+03   3.5 0.00e+00    -  0.00e+00 4.45e-07R  9
  92r 6.3078177e+00 9.68e-02 1.08e+02  -2.7 3.96e+00    -  8.94e-01 8.81e-01f  1
  93  6.3079131e+00 9.67e-02 1.01e+01  -5.5 8.85e-01    -  1.36e-02 1.34e-03h  1
  94  6.3079430e+00 9.67e-02 1.21e+02  -5.5 7.82e-01    -  5.56e-03 5.04e-04h  1
  95  6.3078838e+00 9.66e-02 1.41e+03  -5.5 1.11e+00    -  6.42e-03 5.65e-04h  1
  96  6.3083033e+00 9.66e-02 2.13e+03  -1.6 1.24e+01    -  4.80e-04 1.79e-04f  1
  97  6.3080629e+00 9.66e-02 1.34e+04  -1.4 8.53e+00    -  3.74e-03 3.33e-04f  1
  98  6.3079856e+00 9.65e-02 4.23e+04  -1.6 2.57e+01    -  1.86e-03 1.09e-04h  1
  99  6.3071310e+00 9.65e-02 8.33e+04  -1.0 9.64e+01    -  8.69e-04 4.11e-04h  1
iter    objective    inf_pr   inf_du lg(mu)  ||d||  lg(rg) alpha_du alpha_pr  ls
 100  6.3105879e+00 9.65e-02 9.06e+04   0.5 2.88e+02    -  4.16e-04 1.94e-04f  1
 101  6.3158824e+00 9.64e-02 3.64e+04  -5.5 8.44e+01    -  4.46e-04 8.97e-04h  1
 102  6.3279473e+00 9.63e-02 1.73e+04  -1.6 2.27e+02    -  9.35e-04 1.06e-03h  1
 103  6.3499011e+00 9.62e-02 1.40e+04  -0.5 3.38e+02    -  1.65e-03 1.48e-03f  1
 104  6.3762584e+00 9.60e-02 3.84e+04   0.4 2.54e+02    -  8.75e-04 1.54e-03f  1
 105  6.3904227e+00 9.59e-02 9.56e+04   0.4 1.53e+02    -  3.69e-04 9.16e-04f  1
 106  6.3916097e+00 9.59e-02 1.98e+06   1.3 2.80e+02    -  5.12e-03 4.55e-05f  1
 107  6.3943622e+00 9.58e-02 3.51e+06   0.2 2.18e+02    -  2.20e-03 1.02e-03h  1
 108  6.3955832e+00 9.58e-02 1.14e+07   0.2 2.38e+02    -  1.40e-03 2.65e-04h  1
 109  6.3997374e+00 9.58e-02 2.36e+07   1.0 4.08e+02    -  6.95e-04 2.28e-04h  2
iter    objective    inf_pr   inf_du lg(mu)  ||d||  lg(rg) alpha_du alpha_pr  ls
 110  6.4017561e+00 9.58e-02 4.89e+07   1.5 9.27e+02    -  3.21e-04 3.45e-05h  4
 111  6.4180161e+00 9.57e-02 3.38e+07   1.2 1.25e+03    -  1.88e-04 2.82e-04h  1
 112  6.4148704e+00 9.57e-02 1.59e+08   2.5 4.72e+03    -  1.30e-04 1.37e-05h  1
 113r 6.4148704e+00 9.57e-02 1.00e+03   2.5 0.00e+00    -  0.00e+00 3.27e-07R  8
 114r 6.4370054e+00 2.33e-02 7.55e+02  -3.7 1.56e+00    -  2.56e-01 4.68e-01f  1
 115  6.4370051e+00 2.33e-02 4.27e+00  -5.5 7.91e-01    -  3.95e-04 9.19e-05h  1
 116  6.4370111e+00 2.33e-02 1.07e+02  -1.6 2.33e+01    -  4.76e-05 6.23e-06f  1
 117  6.4371890e+00 2.33e-02 7.36e+01  -1.6 2.69e+01    -  7.48e-05 1.34e-04f  1
 118  6.4372720e+00 2.33e-02 9.00e+01  -5.5 2.35e+00    -  2.95e-04 5.59e-04h  1
 119  6.4374145e+00 2.33e-02 7.68e+01  -5.5 2.74e+00    -  5.54e-04 4.86e-04h  1
iter    objective    inf_pr   inf_du lg(mu)  ||d||  lg(rg) alpha_du alpha_pr  ls
 120  6.4376824e+00 2.32e-02 1.15e+02  -5.5 5.18e+00    -  8.00e-04 6.10e-04h  1
 121  6.4386052e+00 2.32e-02 1.01e+02  -5.5 5.52e+00    -  1.60e-03 1.97e-03h  1
 122  6.4398709e+00 2.31e-02 2.02e+02  -1.6 8.81e+00    -  2.90e-03 3.39e-03f  1
 123  6.4437016e+00 2.29e-02 3.58e+02  -5.5 4.75e+00    -  6.99e-03 8.36e-03h  1
 124  6.4449628e+00 2.28e-02 3.86e+02  -1.3 8.04e+00    -  5.05e-03 5.24e-03f  1
 125  6.4509160e+00 2.24e-02 1.19e+03  -1.6 6.77e+00    -  1.50e-02 1.85e-02f  1
 126  6.4493657e+00 2.23e-02 1.61e+03  -0.6 1.10e+01    -  9.46e-03 2.97e-03f  1
 127  6.4526961e+00 2.20e-02 7.34e+03  -1.6 6.52e+00    -  3.93e-02 1.63e-02h  1
 128  6.4530283e+00 2.17e-02 1.04e+04  -1.0 7.31e+00    -  1.81e-02 9.51e-03f  1
 129  6.4527748e+00 2.15e-02 1.44e+04  -1.0 7.12e+00    -  1.87e-02 1.35e-02f  1
iter    objective    inf_pr   inf_du lg(mu)  ||d||  lg(rg) alpha_du alpha_pr  ls
 130  6.4535924e+00 2.14e-02 3.05e+04  -5.5 5.86e+00    -  5.06e-03 1.25e-03h  1
 131  6.4539970e+00 2.13e-02 7.63e+04  -0.1 3.60e+01    -  1.05e-02 5.39e-03f  1
 132  6.4409777e+00 2.11e-02 1.89e+04   0.5 5.64e+01    -  4.29e-03 7.73e-03f  1
 133  6.4829030e+00 2.10e-02 7.64e+04   0.4 4.54e+01    -  2.30e-03 6.99e-03f  1
 134  6.4830122e+00 2.10e-02 3.32e+05   0.4 7.60e-01   3.4 4.49e-03 2.00e-03h  1
 135  6.4833138e+00 2.09e-02 2.61e+06   0.4 2.16e+00   2.9 1.15e-02 2.95e-03h  1
 136  6.4847131e+00 2.08e-02 8.39e+06   0.4 4.40e+00   2.4 1.38e-02 2.32e-03h  1
 137  6.4849310e+00 2.08e-02 8.30e+06   0.4 1.01e+03    -  3.37e-04 6.42e-05f  4
 138  6.4868002e+00 2.08e-02 1.25e+07   0.4 2.48e+01   2.0 7.05e-03 1.41e-03h  1
 139  6.4861999e+00 2.08e-02 1.26e+07   0.4 4.88e+01   1.5 1.27e-03 1.11e-03h  1
iter    objective    inf_pr   inf_du lg(mu)  ||d||  lg(rg) alpha_du alpha_pr  ls
 140  6.4800827e+00 2.08e-02 1.42e+07   0.4 5.31e+01   1.0 4.64e-03 1.74e-03h  1
 141  6.4769549e+00 2.07e-02 1.42e+07   0.4 7.78e+02    -  1.28e-04 1.28e-04s 10
 142  6.4940200e+00 2.07e-02 1.41e+07   0.4 5.04e+02    -  1.38e-03 1.38e-03s 10
 143  6.4926282e+00 2.07e-02 1.41e+07   0.4 6.74e+02    -  9.99e-04 9.99e-04s 10
 144  6.4918692e+00 2.07e-02 1.41e+07   0.4 3.85e+02    -  3.80e-04 3.80e-04s 10
 145  6.4917864e+00 2.07e-02 1.41e+07   0.4 2.70e+02    -  5.33e-04 5.33e-04s 10
 146  6.4804131e+00 2.18e-02 1.41e+07   0.4 4.82e+02    -  2.49e-03 2.49e-03s 10
 147  6.4788006e+00 2.18e-02 1.41e+07   0.4 9.01e+01    -  3.84e-04 3.84e-04s 10
 148  6.4816419e+00 2.18e-02 1.41e+07   0.4 5.68e+01    -  3.70e-04 3.70e-04s 10
 149  6.4854792e+00 2.18e-02 1.41e+07   0.4 6.08e+01    -  4.33e-04 4.33e-04s 10
iter    objective    inf_pr   inf_du lg(mu)  ||d||  lg(rg) alpha_du alpha_pr  ls
 150  6.4887622e+00 2.17e-02 1.41e+07   0.4 6.15e+01   0.5 3.48e-04 3.48e-04s 10
 151  6.5093393e+00 2.17e-02 1.40e+07   0.4 7.23e+01    -  1.76e-03 1.76e-03s 10
 152r 6.5093393e+00 2.17e-02 1.00e+03   0.4 0.00e+00    -  0.00e+00 0.00e+00R  1
 153r 6.5136507e+00 1.77e-02 2.61e+03  -5.6 6.97e+00    -  1.74e-01 1.86e-02f  1
 154  6.5136750e+00 1.77e-02 1.58e+04   0.4 2.14e+03    -  3.94e-05 7.70e-08f  2
 155  6.5139823e+00 1.77e-02 8.84e+04   0.4 1.36e+02    -  9.57e-04 3.77e-04f  1
 156  6.5167252e+00 1.77e-02 2.01e+05   0.4 6.13e+01    -  3.14e-03 1.51e-03f  1
 157  6.5251224e+00 1.77e-02 1.30e+05   0.4 4.85e+01    -  2.04e-03 3.11e-03f  1
 158  6.5277971e+00 1.77e-02 2.30e+05   0.4 2.10e+02    -  1.96e-03 5.42e-04f  2
 159  6.5292853e+00 1.76e-02 6.48e+05   0.4 8.62e+01    -  5.85e-05 1.85e-03f  1
iter    objective    inf_pr   inf_du lg(mu)  ||d||  lg(rg) alpha_du alpha_pr  ls
 160  6.5178929e+00 1.75e-02 6.75e+05   0.4 1.61e+01    -  2.46e-03 3.13e-03f  1
 161  6.5177605e+00 1.75e-02 7.16e+05   0.4 3.27e+01    -  2.04e-03 8.77e-04h  1
 162  6.5188933e+00 1.75e-02 9.84e+05   0.4 6.68e+01    -  2.43e-05 4.85e-04f  1
 163  6.5191729e+00 1.75e-02 9.10e+05   0.4 4.59e+01   1.9 9.30e-04 5.38e-04f  1
 164  6.5193349e+00 1.75e-02 8.94e+05   0.4 5.55e+00   2.3 3.51e-03 3.63e-03h  1
 165  6.5194180e+00 1.74e-02 9.48e+05   0.4 3.83e+01   1.8 1.07e-03 1.74e-03f  1
 166  6.5195283e+00 1.74e-02 3.09e+06   0.4 7.29e+00   2.2 1.03e-02 2.91e-03h  1
 167  6.5185084e+00 1.73e-02 3.27e+06   0.4 4.17e+01   1.8 1.53e-03 3.06e-03f  2
 168  6.5186424e+00 1.73e-02 3.52e+06   0.4 1.81e+01   2.2 9.07e-04 2.81e-04h  1
 169  6.5176869e+00 1.73e-02 4.16e+06   0.4 5.09e+01   1.7 6.09e-05 2.96e-03f  1
iter    objective    inf_pr   inf_du lg(mu)  ||d||  lg(rg) alpha_du alpha_pr  ls
 170  6.5178474e+00 1.73e-02 4.16e+06   0.4 1.32e+03   2.1 5.19e-07 6.80e-06f  1
 171  6.5179482e+00 1.72e-02 9.40e+06   0.4 8.59e+00   2.6 6.85e-03 2.19e-03h  1
 172  6.5178344e+00 1.71e-02 1.40e+07   0.4 1.31e+01   2.1 1.79e-02 4.74e-03f  1
 173  6.5116865e+00 2.04e-02 1.43e+07   0.4 4.37e+01   1.6 9.33e-03 1.17e-02f  1
 174  6.5119887e+00 1.69e-02 1.41e+07   0.4 1.91e+01   2.0 1.14e-03 1.71e-03f  1
 175  6.5116546e+00 2.84e-01 1.48e+07   0.4 5.37e+01   1.6 2.53e-04 5.18e-03f  1
 176  6.5120214e+00 2.72e-01 1.48e+07   0.4 7.38e+01   2.0 4.13e-04 1.66e-04h  1
 177  6.5115584e+00 3.14e-01 1.50e+07   0.4 3.84e+02   1.5 1.98e-06 1.10e-04f  1
 178  6.5117981e+00 3.11e-01 1.77e+07   0.4 1.03e+01   2.8 2.11e-03 4.15e-04h  1
 179  6.5096220e+00 3.07e-01 1.24e+07   0.4 3.42e+00   2.4 1.32e-04 2.30e-02f  1
iter    objective    inf_pr   inf_du lg(mu)  ||d||  lg(rg) alpha_du alpha_pr  ls
 180  6.5105486e+00 2.97e-01 1.23e+07   0.4 2.20e+00   1.9 1.84e-02 1.96e-02f  1
 181  6.4977689e+00 1.52e-02 1.38e+07   0.4 5.53e+00   1.4 1.75e-02 5.63e-02f  1
 182  6.4974135e+00 1.51e-02 1.28e+07   0.4 5.00e+00   1.8 3.32e-02 1.50e-03h  1
 183  6.4971704e+00 1.51e-02 1.28e+07   0.4 6.92e+00   2.3 2.36e-03 2.22e-03h  1
 184  6.4947964e+00 4.20e-02 1.31e+07   0.4 3.68e+01   1.8 4.51e-04 1.16e-02f  1
 185  6.4947963e+00 4.20e-02 1.30e+07   0.4 7.25e+00   2.2 3.80e-03 5.10e-04h  1
 186  6.4935422e+00 3.93e-02 1.27e+07   0.4 1.58e+01   1.7 1.11e-02 4.04e-03h  1
 187  6.4930353e+00 4.31e-02 1.25e+07   0.4 7.39e+00   2.2 3.17e-03 7.04e-04h  3
 188  6.4929642e+00 4.33e-02 1.25e+07   0.4 7.71e+00   2.6 1.48e-03 1.93e-04h  5
 189  6.4919987e+00 4.70e-02 1.25e+07   0.4 1.38e+01   2.1 1.65e-03 1.68e-03h  2
iter    objective    inf_pr   inf_du lg(mu)  ||d||  lg(rg) alpha_du alpha_pr  ls
 190  6.4919924e+00 4.71e-02 1.41e+07   0.4 1.31e+01   2.5 4.37e-03 1.91e-05h  8
 191  6.4894666e+00 4.44e-02 1.28e+07   0.4 7.64e+00   2.1 2.62e-04 3.12e-03f  2
 192  6.4863158e+00 3.71e-02 1.88e+07   0.4 7.85e+00   2.5 1.21e-02 4.51e-03h  1
 193  6.4755801e+00 2.38e-02 1.68e+07   0.4 8.05e+00   2.0 8.68e-03 1.29e-02h  1
 194  6.4697205e+00 2.49e-02 1.28e+07   0.4 8.16e+00   2.4 5.63e-03 9.49e-03h  1
 195  6.4684141e+00 2.63e-02 7.01e+07   0.4 8.03e+00   2.9 2.52e-02 3.18e-03h  1
 196  6.4668920e+00 3.68e-02 7.78e+07   0.4 8.09e+00   2.4 1.23e-02 4.23e-03h  1
 197  6.4667927e+00 4.01e-02 1.06e+08   0.4 8.02e+00   2.8 1.48e-02 3.56e-03h  1
 198  6.4665626e+00 4.17e-02 8.48e+07   0.4 7.99e+00   3.2 3.50e-03 6.52e-03h  1
 199  6.4658774e+00 4.17e-02 1.06e+08   0.4 8.80e+00   3.7 4.50e-03 3.31e-03h  1
iter    objective    inf_pr   inf_du lg(mu)  ||d||  lg(rg) alpha_du alpha_pr  ls
 200  6.4656833e+00 4.16e-02 9.47e+08   0.4 9.29e+00   4.1 1.69e-02 8.96e-04h  1
 201  6.4616271e+00 4.17e-02 7.89e+08   0.4 1.33e+01   3.6 5.78e-05 4.33e-03h  1
 202  6.4599141e+00 4.14e-02 9.60e+08   2.5 1.69e+01   4.0 2.81e-03 1.41e-03f  1
 203  6.4593482e+00 4.12e-02 1.10e+10   2.4 1.51e+01   4.5 4.11e-02 1.14e-03h  1
 204  6.4586326e+00 4.11e-02 1.23e+10   2.8 1.47e+01   4.0 1.18e-02 1.98e-03f  1
 205  6.4586033e+00 4.07e-02 1.42e+10   2.3 1.72e+01   4.4 7.92e-03 2.36e-03h  1
 206  6.4588852e+00 3.98e-02 2.01e+10   3.1 2.79e+01   4.8 9.74e-03 2.57e-03f  1
 207  6.4588822e+00 3.97e-02 2.09e+10   3.2 2.44e+01   5.3 1.92e-03 9.28e-04h  1
 208  6.4591880e+00 3.95e-02 2.22e+10  -4.4 2.02e+01   4.8 1.28e-03 6.68e-04h  1
 209  6.4591842e+00 3.95e-02 2.22e+10  -4.4 2.63e+01   4.3 1.21e-04 7.52e-05h  1
iter    objective    inf_pr   inf_du lg(mu)  ||d||  lg(rg) alpha_du alpha_pr  ls
 210  6.4587942e+00 3.88e-02 1.98e+10   2.0 3.49e+01   4.7 8.37e-04 2.43e-03f  1
 211  6.4598899e+00 3.83e-02 1.79e+10   3.5 1.37e+01   5.2 1.41e-04 1.62e-03f  1
 212  6.4610287e+00 3.77e-02 1.91e+10   3.5 1.38e+01   4.7 4.61e-03 1.53e-03f  1
 213  6.4611866e+00 3.77e-02 2.26e+10   3.3 1.56e+01   4.2 1.46e-02 2.11e-04h  1
 214  6.4654217e+00 3.78e-02 2.28e+10   2.9 2.09e+01   3.7 9.12e-03 5.41e-03f  1
 215  6.4665357e+00 3.89e-02 2.27e+10   1.9 1.99e+01   3.2 2.67e-03 1.42e-03f  3
 216  6.4677940e+00 3.81e-02 2.08e+10   1.9 1.69e+01   4.6 2.50e-05 3.02e-03h  1
 217  6.4676357e+00 3.80e-02 2.06e+10   1.9 5.55e+00   5.9 7.57e-04 5.48e-04h  1
 218  6.4663995e+00 3.78e-02 1.81e+10   1.9 1.18e+01   5.4 3.06e-03 1.67e-03h  1
 219  6.4648977e+00 3.79e-02 1.89e+10   3.5 1.74e+02   4.9 3.23e-05 1.08e-04f  2
iter    objective    inf_pr   inf_du lg(mu)  ||d||  lg(rg) alpha_du alpha_pr  ls
 220  6.4642236e+00 3.75e-02 1.83e+10   3.5 5.74e+00   5.4 3.15e-03 1.95e-03f  1
 221  6.4635724e+00 3.74e-02 1.86e+10   3.5 3.93e+01   4.9 3.19e-04 4.98e-04f  1
 222  6.4631424e+00 3.74e-02 1.35e+10   3.5 2.80e+01   4.4 6.10e-03 1.46e-04h  1
 223  6.4613608e+00 3.67e-02 8.43e+09   3.5 6.02e+00   4.8 1.93e-02 3.41e-03f  1
 224  6.4607932e+00 3.64e-02 7.77e+09   3.0 9.89e+00   4.4 4.14e-03 1.66e-03f  1
 225  6.4607331e+00 3.64e-02 7.85e+09   3.5 9.04e+01   3.9 6.63e-05 2.35e-04f  1
 226  6.4607744e+00 3.64e-02 6.92e+09   1.5 2.13e+01   4.3 4.02e-03 1.31e-04h  1
 227  6.4626363e+00 3.40e-02 8.42e+09   2.8 7.92e+00   4.7 2.98e-03 1.19e-02f  1
 228  6.4617086e+00 3.26e-02 7.41e+09   3.5 7.68e+00   4.3 2.07e-02 4.49e-03f  1
 229  6.4618354e+00 3.06e-02 6.19e+09   2.6 4.03e+00   3.8 2.67e-02 8.15e-03h  1
iter    objective    inf_pr   inf_du lg(mu)  ||d||  lg(rg) alpha_du alpha_pr  ls
 230  6.4572432e+00 2.73e-02 6.05e+09   2.2 3.94e+01   3.3 8.00e-03 6.01e-03h  1
 231  6.4509482e+00 1.81e-02 2.81e+09   3.2 6.06e+00   3.7 1.00e-01 2.86e-02f  1
 232  6.4511125e+00 1.74e-02 2.43e+09  -3.4 7.76e-01   5.1 3.72e-02 4.60e-03h  1
 233  6.4498109e+00 1.24e-02 1.93e+09   3.2 1.47e+00   4.6 8.42e-02 5.88e-02f  1
 234  6.4501351e+00 1.23e-02 1.06e+09   2.4 5.25e-01   5.0 1.39e-01 7.74e-03h  1
 235  6.4491502e+00 1.32e-02 6.33e+08   2.7 3.31e+00    -  1.04e-01 7.24e-02f  1
 236  6.4525247e+00 1.24e-02 8.57e+08  -3.3 2.46e+00   4.5 1.66e-03 6.80e-02h  1
 237  6.4517131e+00 1.21e-02 4.79e+08   3.5 5.69e-01   5.0 2.00e-01 2.24e-02f  1
 238  6.4477677e+00 1.02e-02 2.62e+08   2.9 1.10e+00    -  2.44e-01 1.81e-01f  1
 239  6.4488099e+00 9.52e-03 2.58e+09   3.5 7.60e-02   7.2 1.00e+00 6.80e-02h  1
iter    objective    inf_pr   inf_du lg(mu)  ||d||  lg(rg) alpha_du alpha_pr  ls
 240  6.4903750e+00 1.11e-02 1.61e+09  -2.5 9.27e-01    -  4.01e-01 5.89e-01h  1
 241  6.5002819e+00 8.21e-03 2.13e+08   2.4 1.09e-01    -  8.14e-01 2.60e-01f  1
 242  6.5056524e+00 2.02e-03 5.68e+07   2.8 3.45e-02   6.7 1.00e+00 7.50e-01f  1
 243  6.5076187e+00 1.38e-04 3.54e+06   1.7 8.17e-03   6.2 9.04e-01 9.30e-01h  1
 244  6.5078270e+00 3.11e-05 7.46e+06   1.4 2.89e-03   5.8 9.89e-01 7.74e-01f  1
 245  6.5079618e+00 1.72e-06 6.78e+05   0.4 2.17e-03   5.3 9.67e-01 9.45e-01f  1
 246  6.5068754e+00 2.64e-08 8.27e+05  -1.6 5.27e-03    -  9.76e-01 1.00e+00H  1
 247  6.5068745e+00 3.86e-11 3.90e+00  -2.5 1.72e-05   4.8 1.00e+00 1.00e+00h  1
 248  6.5068708e+00 9.66e-10 9.26e-01  -2.6 4.31e-05   4.3 1.00e+00 1.00e+00f  1
 249  6.5068605e+00 2.00e-09 8.90e-01  -2.6 1.24e-04   3.9 1.00e+00 1.00e+00f  1
iter    objective    inf_pr   inf_du lg(mu)  ||d||  lg(rg) alpha_du alpha_pr  ls
 250  6.5068085e+00 1.56e-10 2.60e-01  -4.2 1.09e-04   3.4 1.00e+00 1.00e+00h  1
 251  6.5066425e+00 1.40e-09 2.72e-01  -5.5 3.41e-04   2.9 1.00e+00 1.00e+00f  1
 252  6.5061272e+00 1.19e-08 2.78e-01  -6.4 1.05e-03   2.4 1.00e+00 1.00e+00f  1
 253  6.5050021e+00 6.43e-08 1.56e+01  -7.1 3.09e-03   1.9 1.00e+00 7.45e-01f  1
 254  6.5037158e+00 1.32e-07 1.95e+01  -7.8 9.10e-03   1.5 1.00e+00 2.92e-01f  1
 255  6.5019058e+00 2.85e-07 1.70e+01  -7.8 2.70e-02   1.0 1.00e+00 1.39e-01f  1
 256  6.4989813e+00 6.78e-07 9.63e+00  -7.3 7.97e-02   0.5 1.00e+00 7.62e-02f  1
 257  6.4963849e+00 9.38e-07 1.07e+01  -6.8 2.27e-01   0.0 1.00e+00 2.38e-02f  1
 258  6.4888783e+00 1.51e-06 2.78e+02  -5.8 5.52e-01  -0.4 1.00e+00 2.87e-02f  1
 259  6.4751242e+00 3.61e-06 2.93e+03  -4.8 1.03e+00  -0.9 1.00e+00 2.88e-02f  1
iter    objective    inf_pr   inf_du lg(mu)  ||d||  lg(rg) alpha_du alpha_pr  ls
 260  6.4216809e+00 1.34e-04 1.11e+04  -3.5 1.60e+00  -1.4 2.32e-01 7.32e-02f  1
 261  6.3208926e+00 3.43e-03 1.53e+04  -3.2 2.21e+00  -1.9 1.47e-01 1.04e-01f  1
 262  6.0467336e+00 2.71e-02 1.20e+04  -3.1 4.93e+00    -  1.15e-01 1.30e-01f  1
 263  5.8980879e+00 1.92e-02 2.07e+03  -3.3 2.34e+00  -2.3 2.95e-01 1.58e-01h  1
 264  5.8741090e+00 1.62e-02 1.87e+04  -3.6 2.58e+00  -1.9 2.73e-01 4.27e-02h  1
 265  5.8733595e+00 1.51e-02 1.74e+04  -5.1 7.15e-02   0.3 9.05e-02 7.83e-02h  1
 266  5.8733805e+00 1.50e-02 1.82e+04  -4.6 1.33e-01   1.6 2.02e-01 4.19e-03h  1
 267  5.8738687e+00 1.37e-02 1.70e+04  -3.9 1.77e-01   1.2 2.88e-02 9.70e-02h  1
 268  5.8738806e+00 1.36e-02 1.78e+04  -4.0 1.92e-01   2.5 3.91e-01 2.38e-03h  1
 269  5.8748549e+00 1.15e-02 1.46e+04  -3.9 1.98e-01   2.0 1.86e-01 1.78e-01h  1
iter    objective    inf_pr   inf_du lg(mu)  ||d||  lg(rg) alpha_du alpha_pr  ls
 270  5.8750681e+00 1.09e-02 5.50e+04  -4.2 2.44e-01   2.4 1.00e+00 5.74e-02h  1
 271  5.8750692e+00 1.08e-02 6.58e+04  -4.0 2.33e-01   2.0 5.92e-02 6.00e-04h  1
 272  5.8750851e+00 1.08e-02 6.81e+04  -2.2 8.95e+00   1.5 2.57e-04 2.14e-04h  1
 273  5.8750894e+00 1.08e-02 2.52e+05  -2.2 8.46e+00   1.9 1.40e-03 1.01e-04h  1
 274  5.8750900e+00 1.08e-02 3.67e+05  -2.1 9.28e+00   2.3 3.22e-04 4.64e-05h  1
 275  5.8751454e+00 1.08e-02 8.04e+05  -2.1 1.03e+01   1.9 3.12e-03 3.91e-04h  1
 276  5.8751517e+00 1.08e-02 3.01e+06  -2.0 8.87e+00   3.2 8.85e-04 1.24e-04h  1
 277  5.8752404e+00 1.08e-02 9.24e+06  -1.9 1.13e+01   2.7 4.92e-03 3.15e-04h  1
 278  5.8755643e+00 1.08e-02 9.56e+06  -1.7 1.16e+01   2.2 1.41e-03 7.35e-04h  1
 279  5.8756197e+00 1.08e-02 1.82e+07  -1.6 1.17e+01   2.7 6.49e-03 1.38e-04h  1
iter    objective    inf_pr   inf_du lg(mu)  ||d||  lg(rg) alpha_du alpha_pr  ls
 280  5.8758156e+00 1.08e-02 2.02e+07  -1.4 1.12e+01   2.2 4.46e-03 3.35e-04h  1
 281  5.8760969e+00 1.08e-02 2.96e+07  -1.7 9.74e+00   2.6 6.83e-03 4.37e-04h  1
 282  5.8773131e+00 1.08e-02 3.19e+07  -1.6 1.12e+01   2.1 4.43e-03 1.33e-03h  1
 283  5.8780809e+00 1.08e-02 7.38e+07  -1.2 1.17e+01   2.6 2.02e-02 8.63e-04h  1
 284  5.8792080e+00 1.08e-02 7.29e+07  -8.6 1.21e+01   2.1 9.50e-05 1.31e-03h  1
 285  5.8792516e+00 1.08e-02 7.29e+07  -0.6 1.24e+01   2.5 9.43e-07 4.76e-05h  1
 286  5.8796491e+00 1.08e-02 7.14e+07  -0.6 6.81e+00   2.9 1.71e-03 8.56e-04f  1
 287  5.8800184e+00 1.08e-02 7.10e+07  -0.5 7.67e+00   2.5 1.20e-03 8.59e-04h  1
 288  5.8807823e+00 1.07e-02 6.85e+07  -0.5 1.03e+01   2.0 3.99e-03 1.03e-03f  1
 289  5.8843530e+00 1.07e-02 1.08e+06  -0.3 3.10e+00   2.4 2.38e-01 5.78e-03f  1
iter    objective    inf_pr   inf_du lg(mu)  ||d||  lg(rg) alpha_du alpha_pr  ls
 290  5.9191332e+00 1.02e-02 3.60e+05   0.5 2.14e+00   1.9 1.20e-02 2.77e-02f  1
 291  5.9308720e+00 8.99e-03 3.06e+05   0.4 2.11e-01   3.3 6.82e-02 1.29e-01f  1
 292  5.9336930e+00 6.98e-03 3.81e+05   0.0 7.56e-02   3.7 1.00e+00 2.22e-01f  1
 293  5.9457562e+00 5.00e-03 2.48e+05   0.4 1.06e-01   3.2 5.85e-01 3.08e-01f  1
 294  6.0537975e+00 3.07e-03 5.01e+05   0.2 7.11e-01    -  6.90e-01 3.60e-01f  1
 295  6.0726787e+00 5.77e-04 1.89e+05   0.1 2.55e-01   2.7 3.81e-01 5.75e-01f  1
 296  6.0813322e+00 4.11e-04 2.85e+06   0.2 1.32e-01   2.3 9.04e-01 2.93e-01f  1
 297  6.0832007e+00 2.89e-05 1.62e+05  -0.4 1.96e-02   3.6 1.00e+00 9.61e-01f  1
 298  6.0825058e+00 7.66e-06 2.70e+04  -2.1 1.67e-02    -  9.84e-01 1.00e+00h  1
 299  6.1236628e+00 1.92e-02 4.32e+05  -2.0 4.74e-01    -  1.00e+00 8.63e-01f  1
iter    objective    inf_pr   inf_du lg(mu)  ||d||  lg(rg) alpha_du alpha_pr  ls
 300  6.1358353e+00 2.43e-01 3.79e+05  -2.1 1.42e+01    -  1.00e+00 4.84e-01H  1
 301  6.1358805e+00 2.30e-01 3.96e+05  -2.1 3.81e-01   3.1 6.38e-01 7.42e-02h  1
 302  6.1360483e+00 1.71e-01 3.56e+05  -2.1 3.49e-01   2.6 1.00e+00 2.54e-01h  1
 303  6.1365832e+00 7.67e-02 1.59e+05  -2.1 2.41e-01   2.2 6.47e-01 5.60e-01h  1
 304  6.1368439e+00 9.92e-05 1.73e+02  -2.1 7.56e-02   1.7 1.00e+00 1.00e+00h  1
 305  6.1367525e+00 8.73e-06 3.26e+00  -2.1 1.19e-02   1.2 1.00e+00 1.00e+00f  1
 306  6.0385477e+00 1.59e-03 1.13e+04  -2.4 2.53e-01    -  9.88e-01 1.00e+00f  1
 307  6.0352725e+00 2.03e-06 3.21e+01  -3.0 1.74e-02   0.7 1.00e+00 1.00e+00h  1
 308  5.9529454e+00 7.30e-04 1.91e+05  -2.7 1.07e+00    -  1.00e+00 1.93e-01f  1
 309  5.7294592e+00 8.60e-03 2.04e+01  -2.8 5.91e-01    -  1.00e+00 1.00e+00h  1
iter    objective    inf_pr   inf_du lg(mu)  ||d||  lg(rg) alpha_du alpha_pr  ls
 310  5.7280834e+00 2.05e-05 3.20e+01  -3.3 3.52e-02   0.2 1.00e+00 1.00e+00h  1
 311  5.6940570e+00 1.19e-03 1.06e+05  -2.9 1.09e+00    -  1.00e+00 2.14e-01f  1
 312  5.7282739e+00 5.19e-04 2.22e+05  -2.7 5.96e-01    -  1.00e+00 2.87e-01h  1
 313  5.7294158e+00 4.22e-06 7.02e+04  -2.8 2.66e-02   0.7 6.93e-01 1.00e+00h  1
 314  5.6762647e+00 1.31e-03 3.93e+04  -2.9 1.88e-01    -  8.77e-01 1.00e+00h  1
 315  5.6655676e+00 9.69e-06 3.06e+02  -3.4 2.39e-02   0.2 1.00e+00 1.00e+00h  1
 316  5.5317698e+00 7.47e-03 6.37e+03  -3.2 1.33e+00    -  3.01e-01 3.68e-01f  1
 317  5.5050086e+00 5.33e-05 4.80e+02  -3.9 6.26e-02  -0.3 7.65e-01 1.00e+00h  1
 318  5.4013431e+00 5.90e-03 1.62e+02  -3.4 1.29e+00    -  3.23e-01 4.02e-01f  1
 319  5.4108399e+00 4.60e-03 1.60e+02  -3.3 6.98e-01    -  2.41e-01 2.21e-01h  1
iter    objective    inf_pr   inf_du lg(mu)  ||d||  lg(rg) alpha_du alpha_pr  ls
 320  5.4067976e+00 3.33e-03 1.78e+02  -3.6 3.95e-02  -0.8 8.61e-01 2.75e-01h  1
 321  5.4071709e+00 3.06e-03 2.56e+03  -3.3 4.76e-01    -  1.00e+00 8.36e-02h  1
 322  5.3690774e+00 3.08e-03 1.15e+03  -3.5 2.69e-01    -  1.00e+00 7.86e-01h  1
 323  5.3603989e+00 2.12e-03 4.40e+03  -3.5 1.92e-01    -  1.00e+00 3.78e-01h  1
 324  5.3250528e+00 3.62e-03 6.66e+01  -3.6 2.10e-01    -  1.00e+00 1.00e+00h  1
 325  5.3098176e+00 5.68e-05 1.39e+02  -3.9 4.07e-02  -1.2 1.00e+00 9.84e-01h  1
 326  5.2904699e+00 2.33e-04 1.60e+01  -4.0 1.10e-01  -1.7 1.00e+00 1.00e+00h  1
 327  5.2763138e+00 1.44e-03 5.98e+00  -4.0 2.08e-01  -2.2 1.00e+00 1.00e+00h  1
 328  5.2592031e+00 1.26e-04 5.92e+00  -4.4 1.14e-01  -1.8 1.00e+00 1.00e+00h  1
 329  5.2579112e+00 1.23e-04 1.32e+03  -4.5 3.03e-01  -2.2 1.00e+00 8.21e-02h  1
iter    objective    inf_pr   inf_du lg(mu)  ||d||  lg(rg) alpha_du alpha_pr  ls
 330  5.2661697e+00 8.98e-04 1.91e+04  -3.7 9.50e-01    -  9.14e-01 2.27e-01h  1
 331  5.2805491e+00 2.82e-04 5.12e+02  -3.9 1.63e-01    -  1.00e+00 9.55e-01h  1
 332  5.2806378e+00 3.58e-05 1.73e+00  -3.9 9.03e-02    -  1.00e+00 1.00e+00f  1
 333  5.2592626e+00 4.79e-04 1.31e+03  -4.2 1.32e-01    -  1.00e+00 8.99e-01h  1
 334  5.2528319e+00 1.83e-04 8.96e+02  -4.3 1.12e-01    -  1.00e+00 7.72e-01h  1
 335  5.2433458e+00 2.16e-04 6.35e+00  -4.5 1.29e-01    -  1.00e+00 1.00e+00h  1
 336  5.2366989e+00 3.36e-04 3.02e+02  -4.9 1.60e-01    -  1.00e+00 9.18e-01h  1
 337  5.2324300e+00 3.76e-04 1.26e+00  -5.4 1.54e-01    -  1.00e+00 1.00e+00h  1
 338  5.2312467e+00 3.03e-04 1.09e-01  -5.9 1.67e-01    -  1.00e+00 1.00e+00h  1
 339  5.2308238e+00 7.87e-05 1.11e+00  -6.5 5.61e-02    -  1.00e+00 9.95e-01h  1
iter    objective    inf_pr   inf_du lg(mu)  ||d||  lg(rg) alpha_du alpha_pr  ls
 340  5.2307163e+00 4.46e-05 1.35e-02  -7.0 6.07e-02    -  1.00e+00 1.00e+00h  1
 341  5.2306814e+00 9.89e-06 1.61e+01  -7.7 2.26e-02    -  1.00e+00 1.00e+00h  1
 342  5.2306736e+00 1.87e-06 4.41e+00 -11.0 6.19e-03    -  4.08e-01 8.63e-01h  1
 343  5.2306736e+00 1.85e-06 2.65e+00 -11.0 1.07e-03    -  1.51e-01 1.37e-02h  1
 344  5.2306496e+00 1.10e-08 9.85e+00  -8.1 7.86e-04    -  1.84e-03 1.00e+00h  1
 345  5.2281753e+00 2.43e-04 1.06e+02 -11.0 4.03e-01    -  3.36e-03 2.89e-01f  1
 346  5.2277597e+00 2.17e-04 9.35e+01  -6.4 1.09e-01  -0.9 5.68e-02 1.19e-01h  1
 347  5.2271709e+00 2.12e-04 8.85e+01  -6.5 3.71e-01  -1.4 1.49e-01 5.36e-02h  1
 348  5.2254878e+00 2.51e-04 8.36e+01  -5.3 9.80e-01  -1.9 1.90e-02 5.54e-02h  1
 349  5.2248619e+00 2.59e-04 1.76e+02  -4.7 4.57e+00  -2.3 6.60e-02 8.26e-03h  1
iter    objective    inf_pr   inf_du lg(mu)  ||d||  lg(rg) alpha_du alpha_pr  ls
 350  5.2193098e+00 8.30e-04 1.82e+02 -11.0 4.47e+00  -2.8 7.42e-04 4.14e-02h  1
 351  5.2180325e+00 8.17e-04 1.78e+02  -5.9 1.16e+00  -1.5 2.29e-02 1.57e-02h  1
 352  5.2075458e+00 7.72e-04 1.53e+03  -4.2 1.10e+00  -1.1 4.39e-02 1.82e-01f  1
 353  5.2056487e+00 7.83e-04 1.53e+03 -11.0 3.33e+01  -1.5 1.02e-03 4.51e-04h  1
 354  5.2046014e+00 7.45e-04 1.16e+03  -4.5 8.05e-01  -2.0 1.02e-01 4.96e-02h  1
 355  5.2035321e+00 7.17e-04 1.08e+03 -11.0 2.84e-01  -1.6 1.35e-02 3.81e-02h  1
 356  5.1788842e+00 1.64e-03 1.10e+03  -4.8 1.36e+00  -2.1 3.46e-02 1.33e-01f  1
 357  5.1759592e+00 1.60e-03 2.01e+04  -3.3 1.15e+00  -1.6 2.34e-01 3.97e-02f  1
 358  5.1620864e+00 1.85e-03 1.88e+04  -4.7 1.29e+00  -2.1 9.10e-02 7.11e-02h  1
 359  5.1396889e+00 8.25e-03 1.32e+04  -3.7 1.04e+00  -1.7 1.19e-01 2.04e-01f  1
iter    objective    inf_pr   inf_du lg(mu)  ||d||  lg(rg) alpha_du alpha_pr  ls
 360  5.1015297e+00 7.38e-03 1.24e+04  -3.9 4.97e+00    -  1.15e-01 9.17e-02h  1
 361  5.0858711e+00 6.92e-03 1.27e+04  -9.9 4.33e+00    -  2.43e-02 5.63e-02h  1
 362  5.0809511e+00 6.80e-03 1.23e+04  -4.4 8.82e+00    -  4.03e-02 1.66e-02h  1
 363  5.0576713e+00 6.42e-03 1.28e+04  -3.7 4.61e+00    -  9.32e-02 4.84e-02h  1
 364  5.0454788e+00 6.19e-03 2.93e+04  -2.8 1.00e+01    -  8.12e-02 3.33e-02f  1
 365  5.0213313e+00 5.99e-03 3.07e+04  -3.4 4.10e+00    -  1.71e-01 1.08e-01h  1
 366  5.0343462e+00 4.84e-03 2.45e+04  -3.3 1.55e+00    -  3.21e-01 2.48e-01h  1
 367  5.0145239e+00 1.03e-02 2.38e+04  -3.6 1.27e+00    -  1.48e-01 3.97e-01h  1
 368  5.0489192e+00 6.92e-03 1.80e+04  -3.2 8.61e-01    -  3.86e-01 3.34e-01f  1
 369  5.0294650e+00 7.86e-03 8.19e+03  -3.5 8.62e-01    -  5.51e-01 5.56e-01h  1
iter    objective    inf_pr   inf_du lg(mu)  ||d||  lg(rg) alpha_du alpha_pr  ls
 370  5.0202982e+00 2.57e-03 9.58e+03  -3.5 3.66e-01    -  3.76e-01 8.83e-01h  1
 371  4.9720870e+00 4.83e-03 4.21e+03  -3.7 4.15e-01    -  1.00e+00 8.76e-01h  1
 372  5.0422080e+00 9.72e-03 4.42e+03  -3.3 8.50e-01    -  7.55e-01 6.13e-01h  1
 373  5.0179468e+00 2.04e-03 5.30e+03  -3.5 2.43e-01    -  4.23e-01 1.00e+00h  1
 374  4.9602360e+00 8.38e-04 3.20e+02  -3.9 1.58e-01  -2.2 8.91e-01 1.00e+00h  1
 375  4.9399393e+00 1.95e-03 2.53e+02  -4.0 8.57e-01    -  4.39e-01 3.56e-01h  1
 376  4.9260358e+00 1.66e-03 1.47e+02  -4.1 5.45e-01    -  4.27e-01 4.32e-01h  1
 377  4.9151139e+00 7.71e-04 5.91e+01  -4.2 1.46e-01  -2.7 5.61e-01 5.82e-01h  1
 378  4.9059147e+00 1.47e-03 1.56e+01  -4.5 3.11e-01  -3.1 5.62e-01 3.88e-01h  1
 379  4.9031592e+00 1.40e-03 7.50e+00  -4.3 2.13e+00    -  2.30e-01 3.20e-01H  1
iter    objective    inf_pr   inf_du lg(mu)  ||d||  lg(rg) alpha_du alpha_pr  ls
 380  4.8973624e+00 2.85e-03 6.92e+00  -4.5 6.24e-01  -3.6 3.48e-01 4.68e-01h  1
 381  4.8966011e+00 2.76e-03 6.64e+00  -5.5 7.63e-01    -  1.62e-01 3.55e-02h  1
 382  4.8934666e+00 1.91e-03 4.67e+00  -4.4 1.09e-01  -1.4 5.23e-01 2.96e-01h  1
 383  4.8858863e+00 1.67e-03 2.96e+00 -10.4 2.74e-01  -1.9 3.32e-02 3.70e-01h  1
 384  4.8959170e+00 2.41e-03 5.17e-01  -4.1 8.65e-02  -1.4 5.15e-01 8.08e-01h  1
 385  4.8983349e+00 1.76e-03 1.13e-02  -4.0 1.73e-01  -1.9 1.00e+00 1.00e+00h  1
 386  4.8940746e+00 3.94e-03 4.17e-02  -4.1 4.10e+00    -  6.60e-02 5.77e-02h  1
 387  4.8880355e+00 1.97e-02 5.16e-02  -4.1 4.96e+01    -  1.03e-02 9.98e-03h  1
 388  4.8862960e+00 1.95e-02 1.71e-01  -4.1 2.74e+00    -  1.26e-01 2.13e-02h  1
 389  4.8769084e+00 1.67e-02 1.37e-01  -4.1 2.70e+00    -  1.38e-01 1.46e-01h  1
iter    objective    inf_pr   inf_du lg(mu)  ||d||  lg(rg) alpha_du alpha_pr  ls
 390  4.8793912e+00 1.60e-02 4.36e-01  -3.3 3.75e+00    -  1.61e-01 5.29e-02f  1
 391  4.8772347e+00 1.43e-02 3.79e-01  -3.9 2.41e+00    -  1.96e-01 1.22e-01h  1
 392  4.8604114e+00 9.44e-03 2.97e-01  -5.1 1.20e+00    -  3.00e-01 3.69e-01h  1
 393  4.8568849e+00 6.10e-03 1.30e+00  -4.3 1.56e+00    -  7.52e-01 3.54e-01h  1
 394  4.8455486e+00 1.42e-04 1.01e-03  -4.4 7.86e-02  -2.4 1.00e+00 1.00e+00h  1
 395  4.8381747e+00 2.41e-03 5.08e-02  -4.8 3.17e-01    -  6.54e-01 7.02e-01h  1
 396  4.8352124e+00 3.12e-04 2.85e-03  -4.8 2.62e-01    -  1.00e+00 1.00e+00h  1
 397  4.8326046e+00 6.00e-04 4.24e-03  -5.1 2.90e-01    -  1.00e+00 9.79e-01h  1
 398  4.8305164e+00 5.84e-04 5.80e-04  -5.5 3.54e-01    -  1.00e+00 1.00e+00h  1
 399  4.8298600e+00 2.62e-04 1.18e-04  -5.8 1.25e-01    -  1.00e+00 9.98e-01h  1
iter    objective    inf_pr   inf_du lg(mu)  ||d||  lg(rg) alpha_du alpha_pr  ls
 400  4.8296833e+00 4.70e-05 1.42e-02  -6.0 6.69e-02    -  6.11e-01 1.00e+00h  1
 401  4.8294120e+00 1.29e-04 1.12e-04  -6.5 1.09e-01    -  1.00e+00 9.98e-01h  1
 402  4.8293416e+00 3.05e-05 4.18e-03  -7.0 5.26e-02    -  9.84e-01 1.00e+00h  1
 403  4.8293048e+00 1.79e-06 1.51e+00  -7.8 2.14e-02    -  1.00e+00 9.98e-01h  1
 404  4.8293007e+00 6.72e-07 1.48e+00 -11.0 3.72e-03    -  3.83e-01 6.53e-01h  1
 405  4.8292991e+00 1.94e-08 8.21e+00  -8.6 8.13e-04    -  1.87e-01 1.00e+00h  1
 406  4.8291226e+00 1.22e-05 8.02e+00  -7.7 1.47e-02    -  2.36e-03 1.00e+00h  1
 407  4.8276669e+00 4.43e-04 1.26e+00  -7.0 2.88e-02  -1.1 2.84e-01 1.00e+00h  1
 408  4.8252530e+00 1.31e-03 3.33e+00  -7.2 8.01e-02  -1.5 1.23e-01 5.90e-01h  1
 409  4.8239773e+00 1.30e-03 2.81e+00 -11.0 1.41e-01  -2.0 1.72e-02 1.75e-01h  1
iter    objective    inf_pr   inf_du lg(mu)  ||d||  lg(rg) alpha_du alpha_pr  ls
 410  4.8222713e+00 9.49e-04 1.60e+00  -5.9 6.58e-02  -1.6 1.32e-01 4.16e-01h  1
 411  4.8218954e+00 9.12e-04 1.51e+00  -5.1 1.40e-01  -2.1 1.04e-01 4.80e-02h  1
 412  4.8178434e+00 3.32e-03 1.42e+00 -11.0 1.08e+00  -2.5 6.18e-04 9.21e-02h  1
 413  4.8173682e+00 3.19e-03 1.35e+00  -4.9 2.17e-01  -2.1 5.05e-01 5.37e-02h  1
 414  4.8143588e+00 7.14e-03 1.25e+00  -4.5 1.48e+00  -2.6 4.41e-02 7.39e-02h  1
 415  4.8141627e+00 7.10e-03 1.25e+00  -4.0 1.69e+00  -3.1 6.20e-02 3.07e-02h  1
 416  4.8121661e+00 5.14e-03 9.05e-01  -4.2 1.37e+00  -3.5 1.84e-01 2.33e-01h  1
 417  4.8089655e+00 4.92e-03 7.13e-01 -10.6 5.60e+00    -  3.59e-03 3.45e-02h  1
 418  4.8047514e+00 1.46e-02 6.96e-01  -4.9 8.09e+01  -4.0 2.14e-03 4.96e-03h  1
 419  4.8036295e+00 8.75e-03 3.51e-01  -4.3 3.04e-01  -2.7 6.68e-01 4.56e-01h  1
iter    objective    inf_pr   inf_du lg(mu)  ||d||  lg(rg) alpha_du alpha_pr  ls
 420  4.8011562e+00 8.69e-03 2.85e-01  -4.4 8.43e-01  -3.2 4.30e-01 1.39e-01h  1
 421  4.7997429e+00 1.02e-02 2.63e-01  -3.9 7.08e+00  -3.6 4.12e-02 1.99e-02h  1
 422  4.8032619e+00 9.64e-03 7.67e-01  -3.8 2.47e+00    -  2.79e-01 1.39e-01h  1
 423  4.8027639e+00 7.92e-03 2.95e-01  -4.2 7.57e-01    -  4.20e-01 2.12e-01h  1
 424  4.8027610e+00 8.17e-03 5.23e-01  -4.2 6.32e+00    -  5.73e-02 1.15e-02h  2
 425  4.8029019e+00 8.02e-03 9.16e-01  -4.2 1.53e+00    -  1.25e-01 4.71e-02h  1
 426  4.8037045e+00 9.47e-03 2.65e-01  -4.2 1.02e+00    -  9.47e-02 2.61e-01f  1
 427  4.8031659e+00 5.60e-03 1.77e+00  -4.2 9.38e-01    -  8.09e-01 4.23e-01h  1
 428  4.8031770e+00 2.78e-03 8.12e-01  -4.2 2.95e-01    -  1.00e+00 5.46e-01h  1
 429  4.7917390e+00 5.12e-04 2.15e-03  -4.5 1.20e-01    -  1.00e+00 1.00e+00h  1
iter    objective    inf_pr   inf_du lg(mu)  ||d||  lg(rg) alpha_du alpha_pr  ls
 430  4.7888596e+00 4.80e-04 4.50e-02  -4.6 2.13e-01    -  1.00e+00 8.99e-01h  1
 431  4.7852377e+00 2.06e-04 3.70e-02  -4.9 1.98e-01    -  1.00e+00 6.96e-01h  1
 432  4.7827598e+00 2.39e-04 5.12e-04  -5.0 1.44e-01    -  1.00e+00 1.00e+00h  1
 433  4.7805995e+00 2.31e-04 1.34e-02  -5.4 1.05e-01    -  1.00e+00 9.76e-01h  1
 434  4.7793481e+00 5.94e-04 1.12e-03  -6.1 1.67e-01    -  9.99e-01 1.00e+00h  1
 435  4.7790672e+00 3.42e-04 9.58e-05  -6.9 1.51e-01    -  1.00e+00 9.99e-01h  1
 436  4.7790246e+00 9.27e-06 4.69e-03  -7.6 2.27e-02    -  9.94e-01 1.00e+00h  1
 437  4.7790156e+00 2.95e-07 1.04e+00  -8.3 4.66e-03    -  1.00e+00 1.00e+00h  1
 438  4.7790143e+00 9.01e-08 9.19e-01 -11.0 9.64e-04    -  4.70e-01 7.05e-01h  1
 439  4.7790147e+00 2.46e-09 8.50e-01  -8.7 1.67e-04  -4.1 3.68e-01 1.00e+00h  1
iter    objective    inf_pr   inf_du lg(mu)  ||d||  lg(rg) alpha_du alpha_pr  ls
 440  4.7790142e+00 1.54e-09 5.02e-01  -9.2 1.14e-04  -4.6 2.05e-01 4.05e-01h  1
 441  4.7790010e+00 6.68e-08 1.04e+00  -8.8 5.39e-04  -5.1 4.60e-03 1.00e+00h  1
 442  4.7777131e+00 1.74e-04 9.84e-01 -11.0 7.84e-01  -5.6 3.15e-04 5.73e-02f  1
 443  4.7776946e+00 1.74e-04 9.84e-01  -6.7 6.68e+00  -6.0 1.11e-02 1.09e-04h  1
 444  4.7723004e+00 3.09e-03 9.52e-01  -6.4 4.89e+00  -6.5 2.42e-02 4.47e-02h  1
 445  4.7722466e+00 3.09e-03 9.51e-01  -6.6 4.13e+00    -  1.37e-02 5.44e-04h  1
 446  4.7707817e+00 3.19e-03 1.20e+00  -5.8 4.26e+00    -  4.09e-03 1.44e-02h  1
 447  4.7707632e+00 3.19e-03 9.38e-01  -5.6 2.59e+00    -  1.98e-02 2.36e-04h  1
 448  4.7693416e+00 2.90e-03 8.52e-01  -6.0 8.88e-01    -  3.39e-03 9.40e-02h  1
 449  4.7691510e+00 2.87e-03 8.44e-01  -5.6 1.42e+00    -  4.21e-02 9.23e-03h  1
iter    objective    inf_pr   inf_du lg(mu)  ||d||  lg(rg) alpha_du alpha_pr  ls
 450  4.7640185e+00 5.58e-03 7.99e-01  -4.8 4.37e+00    -  6.33e-04 5.90e-02h  1
 451  4.7635306e+00 5.59e-03 7.94e-01  -4.7 5.67e+00    -  1.79e-01 5.15e-03h  1
 452  4.7626522e+00 5.57e-03 9.95e-01  -5.9 2.71e+00    -  9.74e-02 1.59e-02h  1
 453  4.7624656e+00 5.43e-03 9.67e-01 -11.0 6.53e-01    -  1.96e-02 2.52e-02h  1
 454  4.7621471e+00 5.33e-03 9.39e-01  -5.6 1.25e+00  -3.4 6.57e-02 1.86e-02h  1
 455  4.7606729e+00 4.17e-03 7.13e-01  -5.0 9.26e-01  -2.9 8.03e-02 2.18e-01h  1
 456  4.7598243e+00 4.06e-03 6.91e-01  -5.0 1.36e+00  -3.4 9.97e-02 2.91e-02h  1
 457  4.7610649e+00 4.00e-03 6.67e-01  -3.5 1.48e+01    -  2.93e-02 1.29e-02f  1
 458  4.7606780e+00 3.97e-03 6.57e-01  -4.9 4.17e+00  -3.9 1.22e-03 7.78e-03h  1
 459  4.7607377e+00 3.84e-03 6.28e-01  -4.9 9.82e-01    -  2.42e-01 3.23e-02h  1
iter    objective    inf_pr   inf_du lg(mu)  ||d||  lg(rg) alpha_du alpha_pr  ls
 460  4.7591680e+00 3.56e-03 5.47e-01  -4.9 1.55e+00    -  7.40e-03 7.43e-02f  1
 461  4.7588703e+00 3.29e-03 5.08e-01  -4.5 2.74e+00    -  1.77e-01 7.69e-02f  1
 462  4.7560210e+00 2.52e-03 3.77e-01 -10.8 2.11e+00    -  6.18e-02 2.41e-01h  1
 463  4.7537894e+00 3.42e-03 2.96e-01  -5.6 1.35e+00    -  5.09e-02 2.12e-01h  1
 464  4.7571427e+00 3.97e-03 2.47e-01  -4.0 2.01e+00  -3.5 3.42e-01 1.10e-01h  1
 465  4.7587190e+00 2.53e-03 2.03e-01  -4.4 6.86e-01    -  5.33e-02 3.73e-01h  1
 466  4.7591502e+00 2.00e-03 1.92e-01  -4.4 6.75e-01    -  6.42e-01 2.12e-01h  1
 467  4.7553984e+00 2.01e-03 7.25e-02  -4.8 8.50e-01    -  7.26e-01 6.78e-01h  1
 468  4.7509011e+00 1.60e-04 4.61e-04  -5.2 7.09e-02  -3.0 1.00e+00 1.00e+00h  1
 469  4.7497984e+00 1.72e-03 2.11e-03  -5.4 1.78e-01  -3.5 8.32e-01 8.59e-01h  1
iter    objective    inf_pr   inf_du lg(mu)  ||d||  lg(rg) alpha_du alpha_pr  ls
 470  4.7519505e+00 2.74e-04 3.70e-04  -5.0 1.46e-01  -4.0 1.00e+00 1.00e+00h  1
 471  4.7517856e+00 2.53e-04 2.41e-01  -5.1 2.81e-01    -  1.00e+00 1.27e-01h  2
 472  4.7509754e+00 6.18e-05 2.58e-05  -5.1 7.43e-02    -  1.00e+00 1.00e+00h  1

Number of Iterations....: 472

                                   (scaled)                 (unscaled)
Objective...............:   4.7509754068881538e+00    4.7509754068881538e+00
Dual infeasibility......:   2.5836058366871328e-05    2.5836058366871328e-05
Constraint violation....:   6.1779334193635960e-05    6.1779334193635960e-05
Complementarity.........:   1.2913430980392240e-05    1.2913430980392240e-05
Overall NLP error.......:   6.1779334193635960e-05    6.1779334193635960e-05


Number of objective function evaluations             = 624
Number of objective gradient evaluations             = 472
Number of equality constraint evaluations            = 624
Number of inequality constraint evaluations          = 624
Number of equality constraint Jacobian evaluations   = 475
Number of inequality constraint Jacobian evaluations = 475
Number of Lagrangian Hessian evaluations             = 472
Total CPU secs in IPOPT (w/o function evaluations)   =      2.472
Total CPU secs in NLP function evaluations           =      1.279

EXIT: Optimal Solution Found.
 
Ipopt 3.13.4: Optimal Solution Found

suffix ipopt_zU_out OUT;
suffix ipopt_zL_out OUT;
sum{i in 1 .. Nfe - 1} dt[i] = 22.783

tf = 22.783

