  0.02310491
  0.02310491
  0.02319942
  0.02317260
  0.02284158
  0.02237425
  0.02188365
  0.02164419
  0.02183542
  0.02235825
  0.02333903
  0.02405117
  0.02410271
  0.02327802
  0.02179333
  0.02087312
  0.02069919
  0.02132569
  0.02265834
  0.02446874
  0.02633675
  0.02731437
  0.02698929
  0.02608035
  0.02490357
  0.02362777
  0.02240483
  0.02140422
  0.02078841
  0.02060890
  0.02071952
  0.02085106
  0.02081634
  0.02060059
  0.02140677
  0.02400547
  0.02792769
  0.03265789
  0.03794123
  0.04369486
  0.04991670
  0.05662401
  0.06386807
  0.07170459
  0.08019610
  0.08940681
  0.09930822
  0.10237396
  0.09317504
  0.08829488
  0.08726482
  0.08995380
  0.09655565
  0.10258448
  0.09616671
  0.08925681
  0.08176190
  0.06924607
  0.06118831
  0.05773462
  0.05510097
  0.04813391
  0.04089911
  0.03352668
  0.02630904
  0.02089582
  0.02265276
  0.02275936
  0.02280909
  0.02284683
  0.02307110
  0.05760723
  0.10464520
  0.15429527
  0.20745667
  0.16651831
  0.11451881
  0.06322155
  0.02308522
  0.02302033
  0.02308792
  0.07525915
  0.13909981
  0.20376579
  0.21368632
  0.20965465
  0.17152944
  0.09125669
  0.02309229
  0.02301365
  0.02306431
  0.04890438
  0.08592555
  0.04975954
  0.02289801
  0.02297218
  0.03231694
  0.04264033
  0.05318037
  0.06394990
  0.07499394
  0.08637502
  0.09614790
  0.08788289
  0.08537353
  0.08785664
  0.09523792
  0.10849839
  0.12976036
  0.15548610
  0.17055621
  0.16948841
  0.15883862
  0.14856617
  0.14116299
  0.13826161
  0.12736845
  0.10467761
  0.08592182
  0.07668548
  0.07397003
  0.07710762
  0.07357536
  0.06295743
  0.05264371
  0.04267580
  0.03312314
  0.02447702
  0.02058239
  0.02241218
  0.02252650
  0.02259951
  0.02265546
  0.02269973
  0.02273595
  0.02298506
  0.04161383
  0.06813499
  0.04130961
  0.02299578
  0.02292422
  0.02296645
  0.02298716
  0.02299337
  0.02299412
  0.02299095
  0.02298407
  0.02297269
  0.02295486
  0.02292617
  0.02287573
  0.02276911
  0.02244789
  0.02324655
  0.02328242
  0.02323414
  0.02320700
  0.02318965
  0.02317761
  0.02316879
  0.02311087
  0.03139482
  0.04877927
  0.06417357
  0.07764880
  0.08931662
  0.10277654
  0.07325586
  0.05175865
  0.03599764
  0.02510005
  0.02066478
  0.02310645
  0.02494580
  0.02568019
  0.02509671
  0.02357469
  0.02199393
  0.02180169
  0.02413104
  0.02902555
  0.03596553
  0.04466610
  0.05121127
  0.05687056
  0.06256134
  0.06826828
  0.07398150
  0.07969504
  0.08541155
  0.09113212
  0.09687163
  0.09912733
  0.09281777
  0.08619675
  0.07919285
  0.07172507
  0.06372715
  0.05513103
  0.04618116
  0.03347190
  0.02338830
  0.02309814
  0.06934846
  0.11817068
  0.15901686
  0.19208735
  0.21742838
  0.24111521
  0.15794284
  0.09922781
  0.05880171
  0.03471191
  0.02511342
