task_id 15

[x]
1 1.934693880000
2 1.934693880000
3 1.934693880000
4 1.939316000000
5 1.948580760000
6 1.962472650000
7 1.980991060000
8 2.004146820000
9 2.031980420000
10 2.064523640000
11 2.101804360000
12 2.143640470000
13 2.190086890000
14 2.241141770000
15 2.297118010000
16 2.357717880000
17 2.423046370000
18 2.493230120000
19 2.568428860000
20 2.648837580000
21 2.734685510000
22 2.826234720000
23 2.923763450000
24 3.027455230000
25 3.137372680000
26 3.253517390000
27 3.375851980000
28 3.504309560000
29 3.638800340000
30 3.779220210000
31 3.925459580000
32 4.077418470000
33 4.235019600000
34 4.398230330000
35 4.567086930000
36 4.741755870000
37 4.922602940000
38 5.110114670000
39 5.304847300000
40 5.507404280000
41 5.718406660000
42 5.938474520000
43 6.168103410000
44 6.407716190000
45 6.657534190000
46 6.917469370000
47 7.186996840000
48 7.464834950000
49 7.730430520000
50 7.981991750000
51 8.227211550000
52 8.469054590000
53 8.708450490000
54 8.950067130000
55 9.210940730000
56 9.460098970000
57 9.694835720000
58 9.912534250000
59 10.096837180000
60 10.260965090000
61 10.420466300000
62 10.580495240000
63 10.728597710000
64 10.866024760000
65 10.994673450000
66 11.116991360000
67 11.235634730000
68 11.354630320000
69 11.475343110000
70 11.597800840000
71 11.722020200000
72 11.874245660000
73 12.028997840000
74 12.193371480000
75 12.374966970000
76 12.582849770000
77 12.828753950000
78 13.098805570000
79 13.384625870000
80 13.593175940000
81 13.801674120000
82 14.126515450000
83 14.451143050000
84 14.785787040000
85 15.140190680000
86 15.447020360000
87 15.848225430000
88 16.340280800000
89 16.855738430000
90 17.178509750000
91 17.501014920000
92 17.863867690000
93 18.226375180000
94 18.599099390000
95 18.979668780000
96 19.350306270000
97 19.720682300000
98 20.087721420000
99 20.448124730000
100 20.798355800000
101 21.134447000000
102 21.451706330000
103 21.744747140000
104 22.001288840000
105 22.176401090000
106 22.306784650000
107 22.408642570000
108 22.487947050000
109 22.543709310000
110 22.567104200000
111 22.538592720000
112 22.442831540000
113 22.273356430000
114 22.033771210000
115 21.733441780000
116 21.382248760000
117 20.988613100000
118 20.561357450000
119 20.157709100000
120 19.788475290000
121 19.425159480000
122 19.039332060000
123 18.619244980000
124 18.166789590000
125 17.722817970000
126 17.288487940000
127 16.864157180000
128 16.449397540000
129 16.043287900000
130 15.644285630000
131 15.250627220000
132 14.863041410000
133 14.481533460000
134 14.106090640000
135 13.736702140000
136 13.373356960000
137 13.003886340000
138 12.641017040000
139 12.279144300000
140 11.921342680000
141 11.586459030000
142 11.257248700000
143 10.907909920000
144 10.565879890000
145 10.231061940000
146 9.903412100000
147 9.582904050000
148 9.269634990000
149 8.963549480000
150 8.664654130000
151 8.372929050000
152 8.088361940000
153 7.810945210000
154 7.540667120000
155 7.275802710000
156 7.018982460000
157 6.769313010000
158 6.526812110000
159 6.291475740000
160 6.063301220000
161 5.842302290000
162 5.411619520000
163 5.008365850000
164 4.635584500000
165 4.295843560000
166 3.991425470000
167 3.724279690000
168 3.486615820000
169 3.296516470000
170 3.143750430000
171 3.021143160000
172 2.923915800000
173 2.849029020000
174 2.809355760000
175 2.780106280000
176 2.761029540000
177 2.751950110000
178 2.752725590000
179 2.763358810000
180 2.783588400000
181 2.813025700000
182 2.851094230000
183 2.896972280000
184 2.949563760000
185 3.008314160000
186 3.071478870000
187 3.137455490000
188 3.204392120000
189 3.270185060000
190 3.332482910000
191 3.388701500000
192 3.436036690000
193 3.471496180000
194 3.492389980000
195 3.495389630000
196 3.479891610000
197 3.445699440000
198 3.393024480000
199 3.322481810000
200 3.235089630000
201 3.131467630000
202 3.023561810000
203 2.915390940000
204 2.756198430000
205 2.609640180000
206 2.481953460000
207 2.376870310000
208 2.295986850000
209 2.239015990000
210 2.202994350000
211 2.186894300000
212 2.180875140000
213 2.179348970000
214 2.179367470000
215 2.179591840000

[y]
1 24.036734690000
2 24.036734690000
3 24.036734690000
4 24.040680400000
5 24.048590720000
6 24.060453260000
7 24.076257800000
8 24.095987640000
9 24.119632360000
10 24.147175260000
11 24.178631750000
12 24.213874670000
13 24.253018960000
14 24.296120450000
15 24.343461040000
16 24.394729030000
17 24.449826550000
18 24.508605400000
19 24.570869850000
20 24.636373860000
21 24.704819890000
22 24.775868660000
23 24.849171390000
24 24.924442830000
25 25.001539840000
26 25.080406540000
27 25.161051860000
28 25.243541400000
29 25.327990740000
30 25.414555770000
31 25.503411850000
32 25.594720500000
33 25.688590250000
34 25.785063430000
35 25.884089430000
36 25.985353800000
37 26.088202620000
38 26.191752580000
39 26.294922900000
40 26.396434080000
41 26.494787080000
42 26.588241970000
43 26.674751160000
44 26.751974890000
45 26.817219180000
46 26.867401800000
47 26.899032660000
48 26.908209700000
49 26.891868410000
50 26.851475570000
51 26.789625830000
52 26.706875960000
53 26.602492390000
54 26.471885280000
55 26.298321700000
56 26.094744470000
57 25.864315210000
58 25.611558700000
59 25.361647750000
60 25.107455720000
61 24.828821570000
62 24.513934960000
63 24.185226580000
64 23.845053450000
65 23.495185580000
66 23.136633130000
67 22.770391150000
68 22.393767310000
69 22.011140970000
70 21.622548570000
71 21.227990130000
72 20.744075260000
73 20.252077090000
74 19.754233780000
75 19.253316510000
76 18.750494270000
77 18.244852880000
78 17.751063300000
79 17.265721120000
80 16.924084950000
81 16.582520200000
82 16.050268560000
83 15.518349720000
84 14.993247180000
85 14.482242640000
86 14.091067600000
87 13.641072040000
88 13.152433180000
89 12.687849030000
90 12.410729600000
91 12.133832350000
92 11.822241630000
93 11.510924780000
94 11.198128880000
95 10.893512620000
96 10.603861450000
97 10.314303330000
98 10.020668890000
99 9.718933500000
100 9.405199920000
101 9.075833300000
102 8.727748560000
103 8.358482250000
104 7.975550990000
105 7.654406510000
106 7.360109430000
107 7.069933400000
108 6.766266170000
109 6.432153390000
110 6.049244620000
111 5.619356990000
112 5.193442930000
113 4.783848570000
114 4.403667610000
115 4.061838990000
116 3.764560550000
117 3.516160070000
118 3.321999530000
119 3.196320090000
120 3.120851050000
121 3.076462740000
122 3.056587210000
123 3.063191030000
124 3.102334460000
125 3.170824910000
126 3.262670290000
127 3.372207280000
128 3.494227530000
129 3.623994330000
130 3.757336010000
131 3.890579420000
132 4.022056530000
133 4.151706610000
134 4.279495970000
135 4.405399150000
136 4.529396740000
137 4.655627210000
138 4.779646500000
139 4.899706230000
140 5.011349530000
141 5.112586210000
142 5.212143770000
143 5.317852190000
144 5.421396400000
145 5.522796710000
146 5.622062740000
147 5.719200680000
148 5.814180540000
149 5.907019710000
150 5.997717960000
151 6.086284840000
152 6.172730430000
153 6.257069190000
154 6.339332220000
155 6.420136370000
156 6.498450300000
157 6.574539730000
158 6.648413200000
159 6.720080030000
160 6.789546430000
161 6.856812060000
162 6.987871500000
163 7.110581780000
164 7.232737500000
165 7.359350750000
166 7.492883380000
167 7.633501490000
168 7.785243570000
169 7.934747680000
170 8.072245300000
171 8.192599020000
172 8.293190450000
173 8.372861350000
174 8.415525360000
175 8.446979690000
176 8.467432010000
177 8.477127510000
178 8.476301770000
179 8.464975610000
180 8.443305150000
181 8.411351640000
182 8.369063510000
183 8.316256680000
184 8.252562650000
185 8.176265100000
186 8.086968870000
187 7.983945720000
188 7.866520320000
189 7.734121730000
190 7.586338650000
191 7.422967430000
192 7.244082500000
193 7.050077520000
194 6.837020220000
195 6.610225360000
196 6.371148090000
197 6.121111340000
198 5.861269160000
199 5.592516910000
200 5.315455320000
201 5.028118970000
202 4.756475340000
203 4.499475910000
204 4.131209190000
205 3.792176710000
206 3.480256110000
207 3.194622830000
208 2.935635230000
209 2.704550920000
210 2.497393870000
211 2.327727660000
212 2.194512780000
213 2.096304890000
214 2.031816580000
215 2.000000000000

[theta]
1 0.706614200000
2 0.706614200000
3 0.706614200000
4 0.706699640000
5 0.706764530000
6 0.706493520000
7 0.705682520000
8 0.704205260000
9 0.702370200000
10 0.700868110000
11 0.700067850000
12 0.700289650000
13 0.701128090000
14 0.702007640000
15 0.702172040000
16 0.700645130000
17 0.697191690000
18 0.691581540000
19 0.683603010000
20 0.673088480000
21 0.659979150000
22 0.644525010000
23 0.627907490000
24 0.611670090000
25 0.596518330000
26 0.582828650000
27 0.570839360000
28 0.560695490000
29 0.552443740000
30 0.545994190000
31 0.541064510000
32 0.537189980000
33 0.533846800000
34 0.530397180000
35 0.525397160000
36 0.517091510000
37 0.504555250000
38 0.487206340000
39 0.464566120000
40 0.436180180000
41 0.401585650000
42 0.360290230000
43 0.311774180000
44 0.255460300000
45 0.190710960000
46 0.116821130000
47 0.033016650000
48 -0.061445960000
49 -0.159208610000
50 -0.247069300000
51 -0.329676860000
52 -0.411175640000
53 -0.495568910000
54 -0.587068580000
55 -0.685057850000
56 -0.776138860000
57 -0.859781880000
58 -0.935357180000
59 -0.997460100000
60 -1.050889390000
61 -1.100600990000
62 -1.147477560000
63 -1.186853610000
64 -1.218435140000
65 -1.242032940000
66 -1.257516200000
67 -1.264768420000
68 -1.265194600000
69 -1.265515880000
70 -1.265789010000
71 -1.266025980000
72 -1.266055670000
73 -1.251894080000
74 -1.223006350000
75 -1.178764420000
76 -1.118151440000
77 -1.070339210000
78 -1.038575070000
79 -1.022732480000
80 -1.022750160000
81 -1.022826640000
82 -1.022841160000
83 -1.003406240000
84 -0.964417130000
85 -0.905653130000
86 -0.842655150000
87 -0.781914420000
88 -0.733535230000
89 -0.709444330000
90 -0.709455590000
91 -0.709537690000
92 -0.709573610000
93 -0.698199700000
94 -0.674998480000
95 -0.663354810000
96 -0.663541320000
97 -0.674746220000
98 -0.697025430000
99 -0.730484690000
100 -0.775293790000
101 -0.831695770000
102 -0.899985850000
103 -0.980526830000
104 -1.071587590000
105 -1.153751670000
106 -1.233214620000
107 -1.315350450000
108 -1.405431690000
109 -1.509786850000
110 -1.637028950000
111 -1.791962910000
112 -1.963118740000
113 -2.133125160000
114 -2.291667860000
115 -2.439153020000
116 -2.578669210000
117 -2.715062280000
118 -2.839729670000
119 -2.939972000000
120 -3.020025130000
121 -3.090136040000
122 -3.157323980000
123 -3.227889290000
124 -3.294652370000
125 -3.349986020000
126 -3.394217400000
127 -3.427714750000
128 -3.450874550000
129 -3.464111810000
130 -3.467963310000
131 -3.468632440000
132 -3.469184060000
133 -3.469662550000
134 -3.470085900000
135 -3.470466170000
136 -3.470811510000
137 -3.470920520000
138 -3.461938610000
139 -3.444045370000
140 -3.435161890000
141 -3.435261950000
142 -3.435429130000
143 -3.435556040000
144 -3.435663910000
145 -3.435766210000
146 -3.435867980000
147 -3.435972880000
148 -3.436084390000
149 -3.436206770000
150 -3.436346160000
151 -3.436513000000
152 -3.436728490000
153 -3.437048620000
154 -3.437701110000
155 -3.437572390000
156 -3.437411330000
157 -3.437293310000
158 -3.437199670000
159 -3.437121670000
160 -3.437054550000
161 -3.436995410000
162 -3.436990130000
163 -3.458253220000
164 -3.498324180000
165 -3.554966910000
166 -3.626114760000
167 -3.709822150000
168 -3.808018160000
169 -3.874437330000
170 -3.917715740000
171 -3.943995000000
172 -3.957934550000
173 -3.963297980000
174 -3.963296480000
175 -3.961775710000
176 -3.959792860000
177 -3.958373420000
178 -3.958536180000
179 -3.961365430000
180 -3.967954690000
181 -3.979453500000
182 -3.997086970000
183 -4.022178970000
184 -4.056199720000
185 -4.096739490000
186 -4.142788040000
187 -4.194293770000
188 -4.251199700000
189 -4.313444770000
190 -4.380965950000
191 -4.453705360000
192 -4.531608260000
193 -4.614635000000
194 -4.699163460000
195 -4.777122720000
196 -4.848294580000
197 -4.912397640000
198 -4.969080610000
199 -5.017936500000
200 -5.058501830000
201 -5.090507760000
202 -5.110781130000
203 -5.120405480000
204 -5.120412870000
205 -5.100935180000
206 -5.064916390000
207 -5.015097360000
208 -4.954105850000
209 -4.884553170000
210 -4.806998200000
211 -4.757542140000
212 -4.727927890000
213 -4.712102200000
214 -4.705337100000
215 -4.703693550000

[v]
1 0.000000000000
2 0.000000000000
3 0.067511510000
4 0.135002440000
5 0.202658250000
6 0.270240250000
7 0.337783980000
8 0.405306490000
9 0.472862880000
10 0.540459980000
11 0.608125880000
12 0.675564830000
13 0.742973670000
14 0.810395410000
15 0.878216370000
16 0.945978130000
17 1.013706860000
18 1.081410490000
19 1.149092860000
20 1.216756360000
21 1.284403410000
22 1.352041860000
23 1.419689560000
24 1.487348700000
25 1.555018240000
26 1.622697800000
27 1.690387550000
28 1.758088120000
29 1.825800560000
30 1.893526830000
31 1.961268410000
32 2.029025150000
33 2.096792880000
34 2.164569010000
35 2.232355310000
36 2.300146760000
37 2.367942170000
38 2.435744280000
39 2.503556700000
40 2.571385800000
41 2.639240010000
42 2.707134640000
43 2.775067670000
44 2.843055270000
45 2.911115040000
46 2.979264830000
47 3.047524550000
48 3.115879200000
49 3.179868570000
50 3.239898760000
51 3.298377680000
52 3.356432790000
53 3.414721970000
54 3.474976630000
55 3.542529890000
56 3.610571610000
57 3.678818400000
58 3.746741150000
59 3.808810580000
60 3.868298910000
61 3.930450030000
62 3.997747810000
63 4.065276560000
64 4.132845980000
65 4.200368230000
66 4.267876770000
67 4.335381460000
68 4.403546620000
69 4.471698240000
70 4.539827070000
71 4.607927220000
72 4.690206830000
73 4.772306340000
74 4.854156150000
75 4.935447150000
76 4.998830450000
77 4.998804200000
78 4.998692540000
79 4.997949020000
80 4.997948950000
81 4.998682640000
82 4.998865320000
83 4.999014350000
84 4.999137890000
85 4.998619960000
86 4.998977820000
87 4.999135350000
88 4.999018200000
89 4.998183910000
90 4.998180780000
91 4.998383040000
92 4.998489360000
93 4.998597390000
94 4.998531400000
95 4.998411920000
96 4.998354610000
97 4.998308640000
98 4.998276320000
99 4.998261100000
100 4.998265710000
101 4.998290430000
102 4.998335910000
103 4.998312600000
104 4.997309210000
105 4.996531560000
106 4.996232270000
107 4.996429490000
108 4.996986530000
109 4.997699030000
110 4.998211990000
111 4.998274690000
112 4.998321970000
113 4.998368320000
114 4.998411140000
115 4.998446780000
116 4.998478490000
117 4.998492400000
118 4.998137050000
119 4.997665890000
120 4.997541940000
121 4.997797480000
122 4.998087620000
123 4.976853690000
124 4.910094610000
125 4.842308040000
126 4.774098810000
127 4.705661930000
128 4.637081280000
129 4.568395920000
130 4.499560810000
131 4.430488850000
132 4.361383500000
133 4.292252790000
134 4.223099260000
135 4.153924410000
136 4.084728770000
137 4.013152860000
138 3.941591320000
139 3.869141570000
140 3.796578320000
141 3.727552880000
142 3.658433540000
143 3.583687060000
144 3.508970890000
145 3.434266550000
146 3.359565560000
147 3.284862610000
148 3.210181220000
149 3.135509710000
150 3.060850630000
151 2.986199880000
152 2.911554650000
153 2.836912670000
154 2.762269050000
155 2.687127030000
156 2.612231270000
157 2.537335590000
158 2.462444440000
159 2.387556390000
160 2.312670530000
161 2.237791500000
162 2.086947280000
163 1.935499050000
164 1.783519840000
165 1.631081830000
166 1.478255160000
167 1.325109410000
168 1.165533440000
169 1.009927720000
170 0.857311120000
171 0.707025530000
172 0.558638380000
173 0.411857760000
174 0.305781340000
175 0.200446180000
176 0.095814810000
177 -0.008143080000
178 -0.112459960000
179 -0.216048830000
180 -0.318943250000
181 -0.421089880000
182 -0.522413500000
183 -0.622820640000
184 -0.722266570000
185 -0.822237440000
186 -0.921981770000
187 -1.021473200000
188 -1.120685940000
189 -1.219596640000
190 -1.318186360000
191 -1.416448390000
192 -1.514381450000
193 -1.612001970000
194 -1.711542330000
195 -1.810857430000
196 -1.909988800000
197 -2.008958730000
198 -2.107749260000
199 -2.206243810000
200 -2.218213200000
201 -2.115288650000
202 -2.011825880000
203 -1.907989440000
204 -1.750356140000
205 -1.592146110000
206 -1.433417650000
207 -1.274206000000
208 -1.114530090000
209 -0.954392030000
210 -0.789174670000
211 -0.627222000000
212 -0.467782080000
213 -0.310318400000
214 -0.154470730000
215 0.000000000000

[a]
1 0.000000000000
2 0.749756440000
3 0.749752980000
4 0.749750100000
5 0.749746230000
6 0.749742350000
7 0.749738420000
8 0.749734580000
9 0.749730660000
10 0.749726750000
11 0.749721540000
12 0.749716990000
13 0.749712480000
14 0.749709450000
15 0.749704300000
16 0.749699070000
17 0.749693680000
18 0.749688100000
19 0.749682330000
20 0.749676340000
21 0.749670160000
22 0.749663830000
23 0.749657250000
24 0.749650410000
25 0.749643280000
26 0.749635850000
27 0.749628090000
28 0.749619990000
29 0.749611530000
30 0.749602680000
31 0.749593400000
32 0.749583640000
33 0.749573370000
34 0.749562610000
35 0.749551270000
36 0.749539340000
37 0.749526820000
38 0.749513650000
39 0.749499810000
40 0.749485250000
41 0.749469930000
42 0.749453650000
43 0.749436430000
44 0.749418150000
45 0.749398620000
46 0.749377620000
47 0.749354560000
48 0.749287520000
49 0.749218540000
50 0.749175500000
51 0.749146160000
52 0.749124740000
53 0.749125430000
54 0.749184570000
55 0.749151970000
56 0.749112560000
57 0.749062870000
58 0.748930830000
59 0.748839360000
60 0.748836180000
61 0.748859900000
62 0.748790030000
63 0.748706390000
64 0.748607870000
65 0.748492820000
66 0.748355420000
67 0.748203890000
68 0.747997760000
69 0.747738070000
70 0.747401170000
71 0.747375620000
72 0.746591810000
73 0.745049200000
74 0.740588990000
75 0.574937350000
76 -0.000233420000
77 -0.000991690000
78 -0.006598590000
79 -0.000000820000
80 0.009163340000
81 0.001464470000
82 0.001195500000
83 0.000991830000
84 -0.004163540000
85 0.003598120000
86 0.001306170000
87 -0.000844470000
88 -0.006010230000
89 -0.000036770000
90 0.002378340000
91 0.001111120000
92 0.001130030000
93 -0.000677900000
94 -0.001225140000
95 -0.000609040000
96 -0.000488730000
97 -0.000343650000
98 -0.000161840000
99 0.000049020000
100 0.000262550000
101 0.000482700000
102 -0.000247360000
103 -0.010881430000
104 -0.010624140000
105 -0.004645750000
106 0.003204000000
107 0.008867820000
108 0.010510380000
109 0.006681980000
110 0.000727400000
111 0.000541390000
112 0.000522660000
113 0.000476210000
114 0.000391540000
115 0.000344460000
116 0.000149400000
117 -0.003784930000
118 -0.005570600000
119 -0.001643670000
120 0.003488970000
121 0.003754380000
122 -0.252784050000
123 -0.731596590000
124 -0.740921210000
125 -0.744006930000
126 -0.745536980000
127 -0.746450530000
128 -0.747058220000
129 -0.747494780000
130 -0.747824390000
131 -0.748073360000
132 -0.748271260000
133 -0.748432420000
134 -0.748566190000
135 -0.748679040000
136 -0.748818760000
137 -0.748902830000
138 -0.748990950000
139 -0.749056070000
140 -0.749062430000
141 -0.749112730000
142 -0.749227880000
143 -0.749270600000
144 -0.749308960000
145 -0.749343550000
146 -0.749374880000
147 -0.749403150000
148 -0.749429040000
149 -0.749452740000
150 -0.749474570000
151 -0.749494730000
152 -0.749513420000
153 -0.749530790000
154 -0.749550250000
155 -0.749563930000
156 -0.749578090000
157 -0.749591340000
158 -0.749603790000
159 -0.749615500000
160 -0.749626520000
161 -0.749824700000
162 -0.749837210000
163 -0.749850760000
164 -0.749864820000
165 -0.749878900000
166 -0.749892590000
167 -0.749909710000
168 -0.749915470000
169 -0.749919050000
170 -0.749921110000
171 -0.749921970000
172 -0.749921760000
173 -0.749891260000
174 -0.749889180000
175 -0.749886230000
176 -0.749882280000
177 -0.749879800000
178 -0.749876820000
179 -0.749872870000
180 -0.749867660000
181 -0.749860860000
182 -0.749852010000
183 -0.749840540000
184 -0.749829660000
185 -0.749815780000
186 -0.749799630000
187 -0.749780600000
188 -0.749757900000
189 -0.749730370000
190 -0.749696360000
191 -0.749653260000
192 -0.749596940000
193 -0.749531680000
194 -0.749431160000
195 -0.749284100000
196 -0.749043510000
197 -0.748568370000
198 -0.747155710000
199 -0.090897850000
200 0.747449980000
201 0.748752980000
202 0.749188290000
203 0.749654920000
204 0.749752100000
205 0.749810800000
206 0.749850150000
207 0.749878370000
208 0.749899630000
209 0.749918990000
210 0.749927620000
211 0.749933460000
212 0.749937600000
213 0.749940580000
214 0.749942700000
215 0.000000000000

[phy]
1 0.000000000000
2 0.000000000000
3 0.028110070000
4 0.010652680000
5 -0.029662640000
6 -0.066526430000
7 -0.096817170000
8 -0.100158390000
9 -0.070348040000
10 -0.032800330000
11 0.008108990000
12 0.027599060000
13 0.026320740000
14 0.004484860000
15 -0.038453180000
16 -0.080644260000
17 -0.121956100000
18 -0.162011060000
19 -0.200050700000
20 -0.234409200000
21 -0.260649680000
22 -0.265956610000
23 -0.248221770000
24 -0.221987560000
25 -0.192604690000
26 -0.162210690000
27 -0.132117700000
28 -0.103549510000
29 -0.078035990000
30 -0.057551750000
31 -0.043682040000
32 -0.036434090000
33 -0.036373890000
34 -0.051041220000
35 -0.082090570000
36 -0.119936120000
37 -0.160591110000
38 -0.202650930000
39 -0.245517350000
40 -0.288892020000
41 -0.332607300000
42 -0.376561690000
43 -0.420674860000
44 -0.464888040000
45 -0.509132280000
46 -0.553279720000
47 -0.596914470000
48 -0.633695220000
49 -0.603773640000
50 -0.578680940000
51 -0.567669760000
52 -0.573761330000
53 -0.587733710000
54 -0.558929570000
55 -0.515165280000
56 -0.470478160000
57 -0.425437210000
58 -0.380502280000
59 -0.339491730000
60 -0.300308100000
61 -0.259444140000
62 -0.215055420000
63 -0.170489890000
64 -0.125937890000
65 -0.081558850000
66 -0.037658350000
67 -0.002158030000
68 -0.001601530000
69 -0.001340730000
70 -0.001145720000
71 -0.000117070000
72 0.054860140000
73 0.109757320000
74 0.164565870000
75 0.219220130000
76 0.168458230000
77 0.112401050000
78 0.056195010000
79 -0.000088360000
80 -0.000382220000
81 -0.000046580000
82 0.062295300000
83 0.124583240000
84 0.186786950000
85 0.248208440000
86 0.198840030000
87 0.138634860000
88 0.069322260000
89 -0.000052950000
90 -0.000386320000
91 -0.000150180000
92 0.047569760000
93 0.095076110000
94 0.047735930000
95 -0.000793020000
96 -0.047631320000
97 -0.094514580000
98 -0.141418590000
99 -0.188336430000
100 -0.235276750000
101 -0.282253610000
102 -0.329262440000
103 -0.376294110000
104 -0.422229410000
105 -0.458622490000
106 -0.490600330000
107 -0.521112330000
108 -0.552212110000
109 -0.585723170000
110 -0.623521750000
111 -0.664998720000
112 -0.654330840000
113 -0.614487470000
114 -0.575152420000
115 -0.545140810000
116 -0.530109550000
117 -0.488366180000
118 -0.442832010000
119 -0.401736260000
120 -0.365852770000
121 -0.334723520000
122 -0.324068460000
123 -0.285960710000
124 -0.241544680000
125 -0.196694880000
126 -0.151698920000
127 -0.106732070000
128 -0.062018960000
129 -0.018309160000
130 -0.003220100000
131 -0.002695590000
132 -0.002375040000
133 -0.002134930000
134 -0.001948800000
135 -0.001799050000
136 -0.000558390000
137 0.046810300000
138 0.093587310000
139 0.047366550000
140 -0.000572050000
141 -0.000972160000
142 -0.000695280000
143 -0.000603600000
144 -0.000584760000
145 -0.000594510000
146 -0.000626440000
147 -0.000681280000
148 -0.000765190000
149 -0.000892490000
150 -0.001094520000
151 -0.001449160000
152 -0.002208250000
153 -0.004619540000
154 0.000929700000
155 0.001199690000
156 0.000904300000
157 0.000738780000
158 0.000634120000
159 0.000562840000
160 0.000511940000
161 0.000023460000
162 -0.100549670000
163 -0.201521770000
164 -0.302842860000
165 -0.404462430000
166 -0.506327660000
167 -0.608364970000
168 -0.502282120000
169 -0.398594270000
170 -0.296875890000
171 -0.196703060000
172 -0.097791570000
173 0.000051440000
174 0.070693650000
175 0.140854770000
176 0.210553560000
177 0.279806480000
178 0.349299110000
179 0.418303680000
180 0.486838930000
181 0.554862720000
182 0.622309110000
183 0.689052970000
184 0.699820780000
185 0.699834590000
186 0.699843460000
187 0.699848510000
188 0.699850180000
189 0.699848520000
190 0.699843220000
191 0.699833420000
192 0.699816850000
193 0.668424430000
194 0.602237710000
195 0.536100160000
196 0.470043860000
197 0.404062590000
198 0.338155710000
199 0.272324610000
200 0.206576260000
201 0.137840860000
202 0.068922900000
203 0.000036880000
204 -0.105080490000
205 -0.210565560000
206 -0.316382990000
207 -0.422508260000
208 -0.528920480000
209 -0.635573440000
210 -0.525863200000
211 -0.417983120000
212 -0.311743250000
213 -0.206808780000
214 -0.102946400000
215 0.000000000000

[w]
1 0.000000000000
2 0.312177000000
3 -0.193932000000
4 -0.446767930000
5 -0.408963110000
6 -0.336231850000
7 -0.037099930000
8 0.330834970000
9 0.416448960000
10 0.453269010000
11 0.216667980000
12 -0.014217280000
13 -0.242804800000
14 -0.474647800000
15 -0.466794850000
16 -0.457286890000
17 -0.443535440000
18 -0.421348810000
19 -0.380677830000
20 -0.290802850000
21 -0.058822120000
22 0.196540370000
23 0.290674760000
24 0.325507910000
25 0.336656230000
26 0.333268920000
27 0.316328830000
28 0.282453780000
29 0.226729030000
30 0.153466210000
31 0.080181360000
32 0.000666370000
33 -0.162215940000
34 -0.343337090000
35 -0.418448170000
36 -0.449477660000
37 -0.464955600000
38 -0.473791840000
39 -0.479282690000
40 -0.482858150000
41 -0.485200300000
42 -0.486667210000
43 -0.487367760000
44 -0.487181230000
45 -0.485460540000
46 -0.479036750000
47 -0.403210790000
48 0.350359430000
49 0.313172480000
50 0.141064010000
51 -0.078605380000
52 -0.179571240000
53 0.358098170000
54 0.485358110000
55 0.492013560000
56 0.494393070000
57 0.495549440000
58 0.494834130000
59 0.493243670000
60 0.492354960000
61 0.493938010000
62 0.494163350000
63 0.493660650000
64 0.492023090000
65 0.486741780000
66 0.393559740000
67 0.006108580000
68 0.002862440000
69 0.002140310000
70 0.011289500000
71 0.499378030000
72 0.499220800000
73 0.498902340000
74 0.497919230000
75 -0.460453060000
76 -0.498377600000
77 -0.499213900000
78 -0.499500040000
79 -0.003669370000
80 0.004191920000
81 0.499763700000
82 0.499666390000
83 0.499392490000
84 0.493756570000
85 -0.496372940000
86 -0.499212850000
87 -0.499672970000
88 -0.499775650000
89 -0.003916760000
90 0.002776650000
91 0.498709960000
92 0.496945800000
93 -0.486316890000
94 -0.497620280000
95 -0.497704880000
96 -0.498455940000
97 -0.498766120000
98 -0.498914560000
99 -0.498976310000
100 -0.498971380000
101 -0.498889150000
102 -0.498671010000
103 -0.498128980000
104 -0.497198950000
105 -0.496381760000
106 -0.495701660000
107 -0.495099810000
108 -0.494354160000
109 -0.492427350000
110 -0.481189030000
111 0.122178350000
112 0.449277420000
113 0.437523530000
114 0.329675990000
115 0.163321200000
116 0.448279750000
117 0.484983870000
118 0.485862180000
119 0.475855860000
120 0.425024150000
121 0.137787010000
122 0.453372860000
123 0.486744340000
124 0.490217550000
125 0.490803100000
126 0.489859410000
127 0.486669660000
128 0.475410920000
129 0.163855910000
130 0.005678670000
131 0.003470050000
132 0.002598930000
133 0.002014440000
134 0.001620550000
135 0.013423660000
136 0.495565650000
137 0.489528800000
138 -0.477833580000
139 -0.494860580000
140 -0.004342090000
141 0.003001100000
142 0.000918900000
143 0.000188510000
144 -0.000097910000
145 -0.000320420000
146 -0.000550130000
147 -0.000842130000
148 -0.001277690000
149 -0.002028150000
150 -0.003560600000
151 -0.007622340000
152 -0.024216430000
153 0.055726520000
154 0.002693160000
155 -0.002956180000
156 -0.001656480000
157 -0.001047540000
158 -0.000713500000
159 -0.000509480000
160 -0.004890290000
161 -0.499934420000
162 -0.499924230000
163 -0.499908480000
164 -0.499881450000
165 -0.499824980000
166 -0.499635320000
167 0.498524680000
168 0.499706070000
169 0.499818190000
170 0.499859800000
171 0.499880860000
172 0.499892950000
173 0.499394520000
174 0.499482450000
175 0.499526680000
176 0.499543940000
177 0.499546360000
178 0.499522130000
179 0.499470470000
180 0.499368810000
181 0.499147280000
182 0.498450720000
183 0.081191280000
184 0.000103540000
185 0.000066710000
186 0.000038080000
187 0.000012630000
188 -0.000012600000
189 -0.000040340000
190 -0.000074750000
191 -0.000126840000
192 -0.241052360000
193 -0.498381190000
194 -0.499073590000
195 -0.499286330000
196 -0.499372300000
197 -0.499398100000
198 -0.499378760000
199 -0.499304910000
200 -0.499164410000
201 -0.498754570000
202 -0.497018170000
203 -0.499905480000
204 -0.499890280000
205 -0.499866580000
206 -0.499825520000
207 -0.499738650000
208 -0.499437890000
209 0.497973070000
210 0.499542550000
211 0.499704420000
212 0.499761670000
213 0.499786810000
214 0.499796320000
215 0.000000000000

[dt]
1 0.010256420000
2 0.090044580000
3 0.090017560000
4 0.090237810000
5 0.090139840000
6 0.090089250000
7 0.090061430000
8 0.090107080000
9 0.090161840000
10 0.090254080000
11 0.089952010000
12 0.089912380000
13 0.089930130000
14 0.090462990000
15 0.090384650000
16 0.090341210000
17 0.090308400000
18 0.090280710000
19 0.090256220000
20 0.090235020000
21 0.090224280000
22 0.090237370000
23 0.090253440000
24 0.090268130000
25 0.090282360000
26 0.090296830000
27 0.090312210000
28 0.090329020000
29 0.090348500000
30 0.090369980000
31 0.090391320000
32 0.090407170000
33 0.090419620000
34 0.090434470000
35 0.090442710000
36 0.090449440000
37 0.090459880000
38 0.090475230000
39 0.090499160000
40 0.090534410000
41 0.090590200000
42 0.090643410000
43 0.090718300000
44 0.090816810000
45 0.090939310000
46 0.091088550000
47 0.091218040000
48 0.085400290000
49 0.080123740000
50 0.078057710000
51 0.077495040000
52 0.077809700000
53 0.080433340000
54 0.090169050000
55 0.090824990000
56 0.091103510000
57 0.090676970000
58 0.082877380000
59 0.079440720000
60 0.082996950000
61 0.089866980000
62 0.090183820000
63 0.090248230000
64 0.090197080000
65 0.090192640000
66 0.090204040000
67 0.091105070000
68 0.091112060000
69 0.091113230000
70 0.091115930000
71 0.110091370000
72 0.109965730000
73 0.109858260000
74 0.109765330000
75 0.110243430000
76 0.112479330000
77 0.112589090000
78 0.112679410000
79 0.080084930000
80 0.080067330000
81 0.124742720000
82 0.124659060000
83 0.124558770000
84 0.124396290000
85 0.099458300000
86 0.120600190000
87 0.138715940000
88 0.138812700000
89 0.085113580000
90 0.085044280000
91 0.095686770000
92 0.095596630000
93 0.097344230000
94 0.097522050000
95 0.094108570000
96 0.094056970000
97 0.094040090000
98 0.094039820000
99 0.094073250000
100 0.094147400000
101 0.094227000000
102 0.094314030000
103 0.092215680000
104 0.073196210000
105 0.064421880000
106 0.061553150000
107 0.062815170000
108 0.067787570000
109 0.076759670000
110 0.086196780000
111 0.087338810000
112 0.088683070000
113 0.089903520000
114 0.091032210000
115 0.092051670000
116 0.093118960000
117 0.093888040000
118 0.084583110000
119 0.075408360000
120 0.073239240000
121 0.077301650000
122 0.084059730000
123 0.091251240000
124 0.091489590000
125 0.091678230000
126 0.091795410000
127 0.091875690000
128 0.091941110000
129 0.092087740000
130 0.092363890000
131 0.092377770000
132 0.092387230000
133 0.092397830000
134 0.092409790000
135 0.092423640000
136 0.095585090000
137 0.095555170000
138 0.096729810000
139 0.096872930000
140 0.092149120000
141 0.092268270000
142 0.099764680000
143 0.099718540000
144 0.099697660000
145 0.099688570000
146 0.099687020000
147 0.099654490000
148 0.099637870000
149 0.099618120000
150 0.099604120000
151 0.099594070000
152 0.099587250000
153 0.099587120000
154 0.100249490000
155 0.099919100000
156 0.099917120000
157 0.099909310000
158 0.099903500000
159 0.099899030000
160 0.099888460000
161 0.201172650000
162 0.201974810000
163 0.202679280000
164 0.203287330000
165 0.203801800000
166 0.204223580000
167 0.212793570000
168 0.207497680000
169 0.203510760000
170 0.200401870000
171 0.197870120000
172 0.195727920000
173 0.141455730000
174 0.140467630000
175 0.139529660000
176 0.138632290000
177 0.139111470000
178 0.138141170000
179 0.137215820000
180 0.136219540000
181 0.135123230000
182 0.133902610000
183 0.132622760000
184 0.133324780000
185 0.133025110000
186 0.132690690000
187 0.132322360000
188 0.131923530000
189 0.131500230000
190 0.131069110000
191 0.130637810000
192 0.130230680000
193 0.132803400000
194 0.132520640000
195 0.132301450000
196 0.132128410000
197 0.131972610000
198 0.131826000000
199 0.131679770000
200 0.137700920000
201 0.138180120000
202 0.138598590000
203 0.210274480000
204 0.211016460000
205 0.211691350000
206 0.212324620000
207 0.212935740000
208 0.213546000000
209 0.220313600000
210 0.215957740000
211 0.212605420000
212 0.209969040000
213 0.207813360000
214 0.205976700000

[s]
1 0.000000000000
2 0.000000000000
3 0.006077220000
4 0.012182320000
5 0.018267580000
6 0.024345740000
7 0.030421300000
8 0.036520980000
9 0.042634180000
10 0.048778710000
11 0.054702140000
12 0.060741630000
13 0.066815710000
14 0.073310780000
15 0.079377270000
16 0.085460800000
17 0.091546230000
18 0.097630490000
19 0.103712760000
20 0.109794020000
21 0.115884360000
22 0.122004680000
23 0.128131850000
24 0.134260160000
25 0.140390690000
26 0.146524450000
27 0.152662610000
28 0.158806350000
29 0.164958310000
30 0.171117960000
31 0.177281610000
32 0.183438390000
33 0.189591180000
34 0.195751620000
35 0.201900240000
36 0.208046960000
37 0.214203740000
38 0.220374490000
39 0.226569740000
40 0.232798870000
41 0.239089250000
42 0.245383870000
43 0.251749380000
44 0.258197170000
45 0.264734750000
46 0.271376860000
47 0.277989160000
48 0.266097200000
49 0.254783030000
50 0.252899060000
51 0.255607920000
52 0.261163040000
53 0.274657230000
54 0.313335330000
55 0.321750240000
56 0.328935760000
57 0.333584010000
58 0.310520350000
59 0.302574730000
60 0.321056930000
61 0.353217730000
62 0.360532240000
63 0.366884080000
64 0.372770710000
65 0.378842350000
66 0.384979790000
67 0.394975270000
68 0.401216270000
69 0.407430900000
70 0.413650590000
71 0.507293000000
72 0.515761990000
73 0.524277260000
74 0.532818000000
75 0.544100590000
76 0.562265110000
77 0.562810800000
78 0.563249720000
79 0.400260410000
80 0.400172400000
81 0.623549240000
82 0.623153830000
83 0.622671060000
84 0.621874220000
85 0.497154250000
86 0.602877690000
87 0.693459750000
88 0.693927220000
89 0.425413330000
90 0.425066660000
91 0.478279110000
92 0.477838740000
93 0.486584630000
94 0.487467050000
95 0.470393400000
96 0.470130100000
97 0.470041380000
98 0.470037010000
99 0.470202680000
100 0.470573730000
101 0.470973890000
102 0.471413210000
103 0.460922770000
104 0.365784070000
105 0.321885940000
106 0.307533830000
107 0.313851550000
108 0.338733560000
109 0.383621710000
110 0.430829780000
111 0.436543360000
112 0.443266520000
113 0.449370930000
114 0.455016400000
115 0.460115350000
116 0.465453130000
117 0.469298640000
118 0.422757980000
119 0.376865770000
120 0.366016160000
121 0.386338000000
122 0.420137910000
123 0.454144040000
124 0.449222500000
125 0.443934220000
126 0.438240360000
127 0.432335900000
128 0.426338350000
129 0.420693240000
130 0.415596860000
131 0.409278620000
132 0.402936060000
133 0.396594790000
134 0.390255650000
135 0.383920730000
136 0.390439070000
137 0.383477400000
138 0.381269220000
139 0.374814920000
140 0.349851290000
141 0.343934800000
142 0.364982000000
143 0.357359680000
144 0.349835790000
145 0.342356770000
146 0.334904750000
147 0.327351000000
148 0.319855360000
149 0.312353330000
150 0.304873110000
151 0.297407600000
152 0.289953560000
153 0.282519820000
154 0.276916000000
155 0.268495270000
156 0.261006590000
157 0.253503400000
158 0.246006790000
159 0.238514550000
160 0.231009070000
161 0.450182440000
162 0.421510770000
163 0.392285550000
164 0.362566980000
165 0.332417410000
166 0.301894560000
167 0.281974770000
168 0.241845490000
169 0.205531170000
170 0.171806750000
171 0.139899230000
172 0.109341130000
173 0.058259640000
174 0.042952380000
175 0.027968190000
176 0.013283030000
177 -0.001132800000
178 -0.015535350000
179 -0.029645320000
180 -0.043446310000
181 -0.056899030000
182 -0.069952530000
183 -0.082600200000
184 -0.096296030000
185 -0.109378230000
186 -0.122338400000
187 -0.135163740000
188 -0.147844840000
189 -0.160377240000
190 -0.172773510000
191 -0.185041720000
192 -0.197218930000
193 -0.214079350000
194 -0.226814690000
195 -0.239579060000
196 -0.252363790000
197 -0.265127530000
198 -0.277856160000
199 -0.290517670000
200 -0.305449990000
201 -0.292290830000
202 -0.278836230000
203 -0.401201490000
204 -0.369353950000
205 -0.337043560000
206 -0.304349860000
207 -0.271323990000
208 -0.238003440000
209 -0.210265550000
210 -0.170428380000
211 -0.133350800000
212 -0.098219750000
213 -0.064488310000
214 -0.031817370000

[splus]
1 0.011552450000
2 0.011552450000
3 0.014866540000
4 0.018732750000
5 0.023072950000
6 0.027823910000
7 0.032911810000
8 0.038286950000
9 0.043877550000
10 0.049648490000
11 0.055316480000
12 0.061171610000
13 0.067115540000
14 0.073514430000
15 0.079519050000
16 0.085559350000
17 0.091614700000
18 0.097678040000
19 0.103745790000
20 0.109816950000
21 0.115900280000
22 0.122015710000
23 0.128139480000
24 0.134265450000
25 0.140394350000
26 0.146526980000
27 0.152664360000
28 0.158807570000
29 0.164959150000
30 0.171118540000
31 0.177282010000
32 0.183438670000
33 0.189591370000
34 0.195751750000
35 0.201900330000
36 0.208047020000
37 0.214203790000
38 0.220374520000
39 0.226569760000
40 0.232798880000
41 0.239089260000
42 0.245383880000
43 0.251749380000
44 0.258197170000
45 0.264734750000
46 0.271376860000
47 0.277989160000
48 0.266097200000
49 0.254783030000
50 0.252899070000
51 0.255607920000
52 0.261163040000
53 0.274657230000
54 0.313335330000
55 0.321750240000
56 0.328935760000
57 0.333584010000
58 0.310520350000
59 0.302574730000
60 0.321056930000
61 0.353217730000
62 0.360532240000
63 0.366884080000
64 0.372770710000
65 0.378842350000
66 0.384979790000
67 0.394975270000
68 0.401216270000
69 0.407430900000
70 0.413650590000
71 0.507293000000
72 0.515761990000
73 0.524277260000
74 0.532818000000
75 0.544100590000
76 0.562265110000
77 0.562810800000
78 0.563249720000
79 0.400260410000
80 0.400172400000
81 0.623549240000
82 0.623153830000
83 0.622671060000
84 0.621874220000
85 0.497154250000
86 0.602877690000
87 0.693459750000
88 0.693927220000
89 0.425413330000
90 0.425066660000
91 0.478279110000
92 0.477838740000
93 0.486584630000
94 0.487467050000
95 0.470393400000
96 0.470130100000
97 0.470041380000
98 0.470037010000
99 0.470202680000
100 0.470573730000
101 0.470973890000
102 0.471413210000
103 0.460922770000
104 0.365784070000
105 0.321885940000
106 0.307533830000
107 0.313851550000
108 0.338733560000
109 0.383621710000
110 0.430829780000
111 0.436543360000
112 0.443266520000
113 0.449370930000
114 0.455016400000
115 0.460115350000
116 0.465453130000
117 0.469298640000
118 0.422757980000
119 0.376865770000
120 0.366016160000
121 0.386338000000
122 0.420137910000
123 0.454144040000
124 0.449222500000
125 0.443934220000
126 0.438240360000
127 0.432335900000
128 0.426338350000
129 0.420693240000
130 0.415596860000
131 0.409278620000
132 0.402936060000
133 0.396594790000
134 0.390255650000
135 0.383920730000
136 0.390439070000
137 0.383477400000
138 0.381269220000
139 0.374814920000
140 0.349851290000
141 0.343934800000
142 0.364982000000
143 0.357359680000
144 0.349835790000
145 0.342356770000
146 0.334904750000
147 0.327351000000
148 0.319855360000
149 0.312353330000
150 0.304873110000
151 0.297407600000
152 0.289953560000
153 0.282519820000
154 0.276916000000
155 0.268495270000
156 0.261006590000
157 0.253503410000
158 0.246006790000
159 0.238514560000
160 0.231009090000
161 0.450182440000
162 0.421510770000
163 0.392285550000
164 0.362566980000
165 0.332417410000
166 0.301894560000
167 0.281974770000
168 0.241845500000
169 0.205531240000
170 0.171807310000
171 0.139903000000
172 0.109364700000
173 0.058757650000
174 0.044173080000
175 0.030821540000
176 0.019483640000
177 0.010995670000
178 0.005532910000
179 0.002600400000
180 0.001186290000
181 0.000539690000
182 0.000248770000
183 0.000116940000
184 0.000051510000
185 0.000023520000
186 0.000010810000
187 0.000005010000
188 0.000002340000
189 0.000001100000
190 0.000000520000
191 0.000000250000
192 0.000000120000
193 0.000000040000
194 0.000000020000
195 0.000000010000
196 0.000000000000
197 0.000000000000
198 0.000000000000
199 0.000000000000
200 0.000000000000
201 0.000000000000
202 0.000000000000
203 0.000000000000
204 0.000000000000
205 0.000000000000
206 0.000000000000
207 0.000000000000
208 0.000000010000
209 0.000000060000
210 0.000000600000
211 0.000005580000
212 0.000045910000
213 0.000344300000
214 0.002303580000

[sminus]
1 0.011552450000
2 0.011552450000
3 0.008789320000
4 0.006550430000
5 0.004805370000
6 0.003478170000
7 0.002490510000
8 0.001765980000
9 0.001243370000
10 0.000869770000
11 0.000614340000
12 0.000429980000
13 0.000299830000
14 0.000203650000
15 0.000141780000
16 0.000098550000
17 0.000068470000
18 0.000047560000
19 0.000033030000
20 0.000022940000
21 0.000015920000
22 0.000011030000
23 0.000007640000
24 0.000005290000
25 0.000003660000
26 0.000002530000
27 0.000001750000
28 0.000001210000
29 0.000000840000
30 0.000000580000
31 0.000000400000
32 0.000000280000
33 0.000000190000
34 0.000000130000
35 0.000000090000
36 0.000000060000
37 0.000000040000
38 0.000000030000
39 0.000000020000
40 0.000000010000
41 0.000000010000
42 0.000000010000
43 0.000000000000
44 0.000000000000
45 0.000000000000
46 0.000000000000
47 0.000000000000
48 0.000000000000
49 0.000000000000
50 0.000000000000
51 0.000000000000
52 0.000000000000
53 0.000000000000
54 0.000000000000
55 0.000000000000
56 0.000000000000
57 0.000000000000
58 0.000000000000
59 0.000000000000
60 0.000000000000
61 0.000000000000
62 0.000000000000
63 0.000000000000
64 0.000000000000
65 0.000000000000
66 0.000000000000
67 0.000000000000
68 0.000000000000
69 0.000000000000
70 0.000000000000
71 0.000000000000
72 0.000000000000
73 0.000000000000
74 0.000000000000
75 0.000000000000
76 0.000000000000
77 0.000000000000
78 0.000000000000
79 0.000000000000
80 0.000000000000
81 0.000000000000
82 0.000000000000
83 0.000000000000
84 0.000000000000
85 0.000000000000
86 0.000000000000
87 0.000000000000
88 0.000000000000
89 0.000000000000
90 0.000000000000
91 0.000000000000
92 0.000000000000
93 0.000000000000
94 0.000000000000
95 0.000000000000
96 0.000000000000
97 0.000000000000
98 0.000000000000
99 0.000000000000
100 0.000000000000
101 0.000000000000
102 0.000000000000
103 0.000000000000
104 0.000000000000
105 0.000000000000
106 0.000000000000
107 0.000000000000
108 0.000000000000
109 0.000000000000
110 0.000000000000
111 0.000000000000
112 0.000000000000
113 0.000000000000
114 0.000000000000
115 0.000000000000
116 0.000000000000
117 0.000000000000
118 0.000000000000
119 0.000000000000
120 0.000000000000
121 0.000000000000
122 0.000000000000
123 0.000000000000
124 0.000000000000
125 0.000000000000
126 0.000000000000
127 0.000000000000
128 0.000000000000
129 0.000000000000
130 0.000000000000
131 0.000000000000
132 0.000000000000
133 0.000000000000
134 0.000000000000
135 0.000000000000
136 0.000000000000
137 0.000000000000
138 0.000000000000
139 0.000000000000
140 0.000000000000
141 0.000000000000
142 0.000000000000
143 0.000000000000
144 0.000000000000
145 0.000000000000
146 0.000000000000
147 0.000000000000
148 0.000000000000
149 0.000000000000
150 0.000000000000
151 0.000000000000
152 0.000000000000
153 0.000000000000
154 0.000000000000
155 0.000000000000
156 0.000000000000
157 0.000000000000
158 0.000000010000
159 0.000000010000
160 0.000000020000
161 0.000000000000
162 0.000000000000
163 0.000000000000
164 0.000000000000
165 0.000000000000
166 0.000000000000
167 0.000000000000
168 0.000000010000
169 0.000000070000
170 0.000000560000
171 0.000003770000
172 0.000023570000
173 0.000498000000
174 0.001220700000
175 0.002853360000
176 0.006200620000
177 0.012128470000
178 0.021068260000
179 0.032245720000
180 0.044632600000
181 0.057438710000
182 0.070201310000
183 0.082717130000
184 0.096347550000
185 0.109401750000
186 0.122349210000
187 0.135168750000
188 0.147847180000
189 0.160378340000
190 0.172774030000
191 0.185041970000
192 0.197219060000
193 0.214079390000
194 0.226814710000
195 0.239579070000
196 0.252363800000
197 0.265127540000
198 0.277856160000
199 0.290517670000
200 0.305449990000
201 0.292290830000
202 0.278836230000
203 0.401201490000
204 0.369353950000
205 0.337043560000
206 0.304349860000
207 0.271324000000
208 0.238003450000
209 0.210265600000
210 0.170428980000
211 0.133356380000
212 0.098265660000
213 0.064832610000
214 0.034120950000

[k]
1 0.000000000000
2 0.000000000000
3 0.014058730000
4 0.005326540000
5 -0.014835670000
6 -0.033312360000
7 -0.048560360000
8 -0.050247260000
9 -0.035232150000
10 -0.016406050000
11 0.004054580000
12 0.013803020000
13 0.013163400000
14 0.002242450000
15 -0.019236070000
16 -0.040409770000
17 -0.061282170000
18 -0.081721780000
19 -0.101381400000
20 -0.119399540000
21 -0.133358580000
22 -0.136204630000
23 -0.126724290000
24 -0.112853650000
25 -0.097511090000
26 -0.081824220000
27 -0.066445810000
28 -0.051960470000
29 -0.039097180000
30 -0.028807370000
31 -0.021854910000
32 -0.018225110000
33 -0.018194970000
34 -0.025542790000
35 -0.041137710000
36 -0.060257220000
37 -0.080992940000
38 -0.102735590000
39 -0.125286080000
40 -0.148603100000
41 -0.172720120000
42 -0.197715400000
43 -0.223690790000
44 -0.250775340000
45 -0.279109530000
46 -0.308812830000
47 -0.339807570000
48 -0.367394800000
49 -0.344845380000
50 -0.326642200000
51 -0.318842910000
52 -0.323144020000
53 -0.333138580000
54 -0.312729340000
55 -0.283079620000
56 -0.254283540000
57 -0.226554790000
58 -0.199997420000
59 -0.176582420000
60 -0.154836830000
61 -0.132713120000
62 -0.109216570000
63 -0.086080540000
64 -0.063303940000
65 -0.040870070000
66 -0.018838070000
67 -0.001079020000
68 -0.000800770000
69 -0.000670370000
70 -0.000572860000
71 -0.000058530000
72 0.027457620000
73 0.055100100000
74 0.083033860000
75 0.111400350000
76 0.085035020000
77 0.056438400000
78 0.028127120000
79 -0.000044180000
80 -0.000191110000
81 -0.000023290000
82 0.031188000000
83 0.062615910000
84 0.094495000000
85 0.126717210000
86 0.100751340000
87 0.069764960000
88 0.034716760000
89 -0.000026470000
90 -0.000193160000
91 -0.000075090000
92 0.023802840000
93 0.047681810000
94 0.023886110000
95 -0.000396510000
96 -0.023833690000
97 -0.047398510000
98 -0.071184470000
99 -0.095297630000
100 -0.119858150000
101 -0.144997910000
102 -0.170850440000
103 -0.197560910000
104 -0.224624570000
105 -0.246867090000
106 -0.267079690000
107 -0.287019770000
108 -0.308076330000
109 -0.331689290000
110 -0.359619040000
111 -0.392072230000
112 -0.383530140000
113 -0.352809540000
114 -0.324130810000
115 -0.303219570000
116 -0.293030520000
117 -0.265644190000
118 -0.237121070000
119 -0.212419700000
120 -0.191549030000
121 -0.173905080000
122 -0.167955290000
123 -0.147009200000
124 -0.123176970000
125 -0.099635470000
126 -0.076436520000
127 -0.053569490000
128 -0.031049230000
129 -0.009155580000
130 -0.001610060000
131 -0.001347800000
132 -0.001187520000
133 -0.001067470000
134 -0.000974400000
135 -0.000899530000
136 -0.000279190000
137 0.023422260000
138 0.046930750000
139 0.023701000000
140 -0.000286020000
141 -0.000486080000
142 -0.000347640000
143 -0.000301800000
144 -0.000292380000
145 -0.000297250000
146 -0.000313220000
147 -0.000340640000
148 -0.000382600000
149 -0.000446250000
150 -0.000547260000
151 -0.000724580000
152 -0.001104130000
153 -0.002309790000
154 0.000464850000
155 0.000599840000
156 0.000452150000
157 0.000369390000
158 0.000317060000
159 0.000281420000
160 0.000255970000
161 0.000011730000
162 -0.050444950000
163 -0.102147410000
164 -0.156226950000
165 -0.214031650000
166 -0.277273610000
167 -0.348243960000
168 -0.274634700000
169 -0.210568600000
170 -0.152958250000
171 -0.099639950000
172 -0.049052250000
173 0.000025720000
174 0.035405830000
175 0.070896870000
176 0.106860610000
177 0.143672410000
178 0.182117210000
179 0.222269740000
180 0.264667280000
181 0.309907940000
182 0.358700380000
183 0.411872610000
184 0.420991030000
185 0.421002830000
186 0.421010410000
187 0.421014730000
188 0.421016150000
189 0.421014730000
190 0.421010200000
191 0.421001830000
192 0.420987670000
193 0.394846430000
194 0.343713450000
195 0.297070420000
196 0.254010530000
197 0.213795140000
198 0.175831580000
199 0.139631210000
200 0.104782880000
201 0.069360270000
202 0.034516120000
203 0.000018440000
204 -0.052734480000
205 -0.106866890000
206 -0.163689990000
207 -0.224792200000
208 -0.292233900000
209 -0.368842990000
210 -0.290186730000
211 -0.222077810000
212 -0.161125350000
213 -0.104904250000
214 -0.051655810000

[up]
1 0.011552450000
2 0.011552450000
3 0.015067180000
4 0.018828540000
5 0.023401550000
6 0.028713710000
7 0.034446080000
8 0.040133800000
9 0.045361600000
10 0.050430430000
11 0.055531790000
12 0.061982210000
13 0.067963690000
14 0.073672690000
15 0.080987490000
16 0.088878480000
17 0.097004460000
18 0.105341160000
19 0.113842960000
20 0.122404540000
21 0.130738280000
22 0.137969980000
23 0.143728310000
24 0.148811710000
25 0.153536780000
26 0.158036910000
27 0.162402580000
28 0.166729310000
29 0.171150750000
30 0.175851050000
31 0.181001560000
32 0.186648130000
33 0.192903010000
34 0.200551770000
35 0.209873760000
36 0.220081830000
37 0.230858750000
38 0.242109130000
39 0.253820260000
40 0.266009640000
41 0.278732850000
42 0.291959290000
43 0.305810710000
44 0.320356540000
45 0.335668980000
46 0.351829160000
47 0.368673270000
48 0.359949340000
49 0.339129300000
50 0.332202320000
51 0.333846750000
52 0.342180590000
53 0.362496920000
54 0.407405020000
55 0.409188010000
56 0.409233060000
57 0.406136290000
58 0.370139150000
59 0.353866850000
60 0.368780070000
61 0.398219240000
62 0.398333240000
63 0.397202350000
64 0.395424600000
65 0.393706280000
66 0.391941930000
67 0.395384400000
68 0.401524700000
69 0.407693110000
70 0.413878070000
71 0.507321510000
72 0.529357120000
73 0.552009480000
74 0.575290250000
75 0.602289060000
76 0.608164840000
77 0.593304380000
78 0.578458610000
79 0.400277390000
80 0.400245820000
81 0.623563190000
82 0.641811360000
83 0.660100610000
84 0.678287660000
85 0.557632320000
86 0.661188790000
87 0.739903770000
88 0.717054480000
89 0.425424150000
90 0.425145480000
91 0.478313590000
92 0.488757690000
93 0.508857800000
94 0.498644980000
95 0.470572450000
96 0.480886800000
97 0.491429420000
98 0.502157900000
99 0.513219420000
100 0.524719630000
101 0.536532370000
102 0.548732550000
103 0.548341100000
104 0.444661590000
105 0.398170360000
106 0.386384230000
107 0.400329540000
108 0.438914510000
109 0.505774130000
110 0.579566380000
111 0.600852950000
112 0.606472680000
113 0.601571920000
114 0.596602150000
115 0.594050890000
116 0.596390470000
117 0.588979320000
118 0.518990640000
119 0.453716790000
120 0.433322620000
121 0.450838400000
122 0.487880600000
123 0.518236600000
124 0.502342800000
125 0.486396340000
126 0.470397810000
127 0.454569300000
128 0.439046110000
129 0.424390670000
130 0.416239230000
131 0.409808170000
132 0.403395410000
133 0.397001210000
134 0.390620700000
135 0.384252260000
136 0.390543720000
137 0.392100030000
138 0.398446730000
139 0.383343060000
140 0.349947360000
141 0.344095290000
142 0.365103830000
143 0.357463240000
144 0.349934000000
145 0.342454470000
146 0.335005460000
147 0.327458050000
148 0.319972840000
149 0.312487150000
150 0.305033280000
151 0.297614470000
152 0.290260890000
153 0.283146220000
154 0.277039580000
155 0.268649880000
156 0.261119890000
157 0.253593310000
158 0.246081670000
159 0.238579000000
160 0.231065860000
161 0.450187510000
162 0.441923340000
163 0.430753670000
164 0.416944010000
165 0.400719340000
166 0.382253660000
167 0.376242930000
168 0.305607900000
169 0.247078530000
170 0.197035480000
171 0.153285330000
172 0.114514700000
173 0.058759100000
174 0.045674500000
175 0.032919290000
176 0.021482400000
177 0.012512250000
178 0.006500240000
179 0.003155270000
180 0.001487700000
181 0.000700250000
182 0.000334440000
183 0.000163170000
184 0.000072330000
185 0.000033020000
186 0.000015180000
187 0.000007030000
188 0.000003290000
189 0.000001550000
190 0.000000740000
191 0.000000350000
192 0.000000170000
193 0.000000060000
194 0.000000030000
195 0.000000010000
196 0.000000010000
197 0.000000000000
198 0.000000000000
199 0.000000000000
200 0.000000000000
201 0.000000000000
202 0.000000000000
203 0.000000000000
204 0.000000000000
205 0.000000000000
206 0.000000000000
207 0.000000000000
208 0.000000010000
209 0.000000070000
210 0.000000770000
211 0.000006770000
212 0.000053010000
213 0.000378980000
214 0.002417820000

[down]
1 0.011552450000
2 0.011552450000
3 0.008907940000
4 0.006583920000
5 0.004873810000
6 0.003589400000
7 0.002606610000
8 0.001851160000
9 0.001285420000
10 0.000883470000
11 0.000616730000
12 0.000435680000
13 0.000303620000
14 0.000204090000
15 0.000144400000
16 0.000102370000
17 0.000072490000
18 0.000051290000
19 0.000036240000
20 0.000025570000
21 0.000017960000
22 0.000012470000
23 0.000008570000
24 0.000005860000
25 0.000004000000
26 0.000002730000
27 0.000001860000
28 0.000001270000
29 0.000000870000
30 0.000000600000
31 0.000000410000
32 0.000000280000
33 0.000000190000
34 0.000000140000
35 0.000000090000
36 0.000000070000
37 0.000000050000
38 0.000000030000
39 0.000000020000
40 0.000000020000
41 0.000000010000
42 0.000000010000
43 0.000000010000
44 0.000000000000
45 0.000000000000
46 0.000000000000
47 0.000000000000
48 0.000000000000
49 0.000000010000
50 0.000000010000
51 0.000000000000
52 0.000000000000
53 0.000000000000
54 0.000000000000
55 0.000000000000
56 0.000000000000
57 0.000000000000
58 0.000000000000
59 0.000000000000
60 0.000000000000
61 0.000000000000
62 0.000000000000
63 0.000000000000
64 0.000000000000
65 0.000000000000
66 0.000000000000
67 0.000000000000
68 0.000000000000
69 0.000000000000
70 0.000000000000
71 0.000000000000
72 0.000000000000
73 0.000000000000
74 0.000000000000
75 0.000000000000
76 0.000000000000
77 0.000000000000
78 0.000000000000
79 0.000000000000
80 0.000000000000
81 0.000000000000
82 0.000000000000
83 0.000000000000
84 0.000000000000
85 0.000000000000
86 0.000000000000
87 0.000000000000
88 0.000000000000
89 0.000000000000
90 0.000000000000
91 0.000000000000
92 0.000000000000
93 0.000000000000
94 0.000000000000
95 0.000000000000
96 0.000000000000
97 0.000000000000
98 0.000000000000
99 0.000000000000
100 0.000000000000
101 0.000000000000
102 0.000000000000
103 0.000000000000
104 0.000000000000
105 0.000000000000
106 0.000000000000
107 0.000000000000
108 0.000000000000
109 0.000000000000
110 0.000000000000
111 0.000000000000
112 0.000000000000
113 0.000000000000
114 0.000000000000
115 0.000000000000
116 0.000000000000
117 0.000000000000
118 0.000000000000
119 0.000000000000
120 0.000000000000
121 0.000000000000
122 0.000000000000
123 0.000000000000
124 0.000000000000
125 0.000000000000
126 0.000000000000
127 0.000000000000
128 0.000000000000
129 0.000000000000
130 0.000000000000
131 0.000000000000
132 0.000000000000
133 0.000000000000
134 0.000000000000
135 0.000000000000
136 0.000000000000
137 0.000000000000
138 0.000000000000
139 0.000000000000
140 0.000000000000
141 0.000000000000
142 0.000000000000
143 0.000000000000
144 0.000000000000
145 0.000000000000
146 0.000000000000
147 0.000000000000
148 0.000000000000
149 0.000000000000
150 0.000000000000
151 0.000000000000
152 0.000000000000
153 0.000000000000
154 0.000000000000
155 0.000000000000
156 0.000000000000
157 0.000000000000
158 0.000000010000
159 0.000000010000
160 0.000000020000
161 0.000000000000
162 0.000000000000
163 0.000000000000
164 0.000000000000
165 0.000000000000
166 0.000000000000
167 0.000000000000
168 0.000000010000
169 0.000000090000
170 0.000000640000
171 0.000004130000
172 0.000024680000
173 0.000498020000
174 0.001262190000
175 0.003047560000
176 0.006836720000
177 0.013801290000
178 0.024751680000
179 0.039126280000
180 0.055972870000
181 0.074527400000
182 0.094375290000
183 0.115423300000
184 0.135286540000
185 0.153617860000
186 0.171799090000
187 0.189800460000
188 0.207603400000
189 0.225199120000
190 0.242604080000
191 0.259828850000
192 0.276924770000
193 0.295226730000
194 0.301655610000
195 0.307904050000
196 0.313902740000
197 0.319543190000
198 0.324757810000
199 0.329460390000
200 0.336175680000
201 0.311753270000
202 0.288075600000
203 0.401208590000
204 0.388052530000
205 0.371621600000
206 0.352176130000
207 0.329875850000
208 0.304774030000
209 0.284718400000
210 0.217906960000
211 0.161787260000
212 0.113465420000
213 0.071361780000
214 0.035813000000

[left]
1 0.023104910000
2 0.023104910000
3 0.023199420000
4 0.023172600000
5 0.022841580000
6 0.022374250000
7 0.021883650000
8 0.021644190000
9 0.021835420000
10 0.022358250000
11 0.023339030000
12 0.024051170000
13 0.024102710000
14 0.023278020000
15 0.021793330000
16 0.020873120000
17 0.020699190000
18 0.021325690000
19 0.022658340000
20 0.024468740000
21 0.026336750000
22 0.027314370000
23 0.026989290000
24 0.026080350000
25 0.024903570000
26 0.023627770000
27 0.022404830000
28 0.021404220000
29 0.020788410000
30 0.020608900000
31 0.020719520000
32 0.020851060000
33 0.020816340000
34 0.020600590000
35 0.021406770000
36 0.024005470000
37 0.027927690000
38 0.032657890000
39 0.037941230000
40 0.043694860000
41 0.049916700000
42 0.056624010000
43 0.063868070000
44 0.071704590000
45 0.080196100000
46 0.089406810000
47 0.099308220000
48 0.102373960000
49 0.093175040000
50 0.088294880000
51 0.087264820000
52 0.089953800000
53 0.096555650000
54 0.102584480000
55 0.096166710000
56 0.089256810000
57 0.081761900000
58 0.069246070000
59 0.061188310000
60 0.057734620000
61 0.055100970000
62 0.048133910000
63 0.040899110000
64 0.033526680000
65 0.026309040000
66 0.020895820000
67 0.022652760000
68 0.022759360000
69 0.022809090000
70 0.022846830000
71 0.023071100000
72 0.057607230000
73 0.104645200000
74 0.154295270000
75 0.207456670000
76 0.166518310000
77 0.114518810000
78 0.063221550000
79 0.023085220000
80 0.023020330000
81 0.023087920000
82 0.075259150000
83 0.139099810000
84 0.203765790000
85 0.213686320000
86 0.209654650000
87 0.171529440000
88 0.091256690000
89 0.023092290000
90 0.023013650000
91 0.023064310000
92 0.048904380000
93 0.085925550000
94 0.049759540000
95 0.022898010000
96 0.022972180000
97 0.032316940000
98 0.042640330000
99 0.053180370000
100 0.063949900000
101 0.074993940000
102 0.086375020000
103 0.096147900000
104 0.087882890000
105 0.085373530000
106 0.087856640000
107 0.095237920000
108 0.108498390000
109 0.129760360000
110 0.155486100000
111 0.170556210000
112 0.169488410000
113 0.158838620000
114 0.148566170000
115 0.141162990000
116 0.138261610000
117 0.127368450000
118 0.104677610000
119 0.085921820000
120 0.076685480000
121 0.073970030000
122 0.077107620000
123 0.073575360000
124 0.062957430000
125 0.052643710000
126 0.042675800000
127 0.033123140000
128 0.024477020000
129 0.020582390000
130 0.022412180000
131 0.022526500000
132 0.022599510000
133 0.022655460000
134 0.022699730000
135 0.022735950000
136 0.022985060000
137 0.041613830000
138 0.068134990000
139 0.041309610000
140 0.022995780000
141 0.022924220000
142 0.022966450000
143 0.022987160000
144 0.022993370000
145 0.022994120000
146 0.022990950000
147 0.022984070000
148 0.022972690000
149 0.022954860000
150 0.022926170000
151 0.022875730000
152 0.022769110000
153 0.022447890000
154 0.023246550000
155 0.023282420000
156 0.023234140000
157 0.023207000000
158 0.023189650000
159 0.023177610000
160 0.023168790000
161 0.023110870000
162 0.031394820000
163 0.048779270000
164 0.064173570000
165 0.077648800000
166 0.089316620000
167 0.102776540000
168 0.073255860000
169 0.051758650000
170 0.035997640000
171 0.025100050000
172 0.020664780000
173 0.023106450000
174 0.024945800000
175 0.025680190000
176 0.025096710000
177 0.023574690000
178 0.021993930000
179 0.021801690000
180 0.024131040000
181 0.029025550000
182 0.035965530000
183 0.044666100000
184 0.051211270000
185 0.056870560000
186 0.062561340000
187 0.068268280000
188 0.073981500000
189 0.079695040000
190 0.085411550000
191 0.091132120000
192 0.096871630000
193 0.099127330000
194 0.092817770000
195 0.086196750000
196 0.079192850000
197 0.071725070000
198 0.063727150000
199 0.055131030000
200 0.046181160000
201 0.033471900000
202 0.023388300000
203 0.023098140000
204 0.069348460000
205 0.118170680000
206 0.159016860000
207 0.192087350000
208 0.217428380000
209 0.241115210000
210 0.157942840000
211 0.099227810000
212 0.058801710000
213 0.034711910000
214 0.025113420000

[right]
1 0.023104910000
2 0.023104910000
3 0.023023800000
4 0.023039760000
5 0.023396120000
6 0.024034500000
7 0.024910410000
8 0.025408110000
9 0.024920100000
10 0.024003800000
11 0.022882350000
12 0.022322470000
13 0.022286690000
14 0.022938070000
15 0.024955290000
16 0.028034980000
17 0.032350570000
18 0.037919930000
19 0.044558940000
20 0.051813760000
21 0.058619780000
22 0.062078440000
23 0.061007830000
24 0.057870790000
25 0.053668310000
26 0.048856420000
27 0.043781330000
28 0.038818770000
29 0.034419430000
30 0.031042880000
31 0.028932120000
32 0.027947710000
33 0.028149520000
34 0.031245010000
35 0.039114000000
36 0.050770670000
37 0.065021430000
38 0.081134820000
39 0.098808770000
40 0.117983120000
41 0.138724310000
42 0.161112620000
43 0.185330040000
44 0.211569520000
45 0.240046920000
46 0.270984960000
47 0.304291530000
48 0.313937030000
49 0.282812820000
50 0.266516520000
51 0.263204700000
52 0.272376740000
53 0.294956980000
54 0.316952450000
55 0.295804930000
56 0.272892380000
57 0.247860700000
58 0.205019110000
59 0.177786370000
60 0.166679020000
61 0.158586090000
62 0.135204820000
63 0.110834570000
64 0.085852100000
65 0.060688380000
66 0.037021050000
67 0.023602500000
68 0.023476340000
69 0.023419460000
70 0.023377110000
71 0.023138940000
72 0.025193020000
73 0.038401650000
74 0.052653470000
75 0.067861920000
76 0.055970120000
77 0.041067230000
78 0.026583580000
79 0.023124670000
80 0.023190950000
81 0.023121950000
82 0.029731360000
83 0.047774240000
84 0.066144210000
85 0.070077580000
86 0.067980600000
87 0.056496800000
88 0.033969400000
89 0.023117560000
90 0.023197860000
91 0.023145840000
92 0.023086540000
93 0.033159210000
94 0.023273300000
95 0.023320660000
96 0.048363210000
97 0.082802060000
98 0.118459600000
99 0.154722290000
100 0.191772910000
101 0.229772450000
102 0.268937720000
103 0.302078210000
104 0.269785300000
105 0.259551730000
106 0.267304200000
107 0.292328780000
108 0.338117580000
109 0.412594590000
110 0.503531790000
111 0.555531870000
112 0.552450480000
113 0.516461060000
114 0.481662600000
115 0.456617080000
116 0.447018350000
117 0.409821160000
118 0.329458020000
119 0.263594270000
120 0.231911670000
121 0.223407310000
122 0.235249090000
123 0.224331130000
124 0.187768550000
125 0.152295500000
126 0.118048830000
127 0.085167050000
128 0.054183610000
129 0.029214880000
130 0.023910230000
131 0.023759730000
132 0.023667730000
133 0.023599240000
134 0.023546250000
135 0.023503640000
136 0.023227730000
137 0.021649410000
138 0.028382750000
139 0.021602430000
140 0.023216510000
141 0.023292510000
142 0.023247350000
143 0.023225520000
144 0.023219030000
145 0.023218250000
146 0.023221580000
147 0.023228800000
148 0.023240810000
149 0.023259720000
150 0.023290460000
151 0.023345430000
152 0.023465700000
153 0.023865260000
154 0.022967290000
155 0.022933690000
156 0.022979050000
157 0.023004940000
158 0.023021630000
159 0.023033280000
160 0.023041860000
161 0.023098950000
162 0.079061470000
163 0.138023010000
164 0.189483350000
165 0.233975470000
166 0.271961750000
167 0.316057040000
168 0.216184780000
169 0.144104630000
170 0.091628310000
171 0.054386400000
172 0.031851250000
173 0.023103360000
174 0.021822560000
175 0.021619050000
176 0.022191510000
177 0.023885990000
178 0.027696940000
179 0.035068160000
180 0.047221340000
181 0.064327840000
182 0.086043490000
183 0.112353220000
184 0.131593540000
185 0.147875710000
186 0.164018380000
187 0.179998120000
188 0.195799780000
189 0.211416050000
190 0.226861540000
191 0.242145250000
192 0.257311700000
193 0.261756740000
194 0.242311880000
195 0.222221140000
196 0.201297520000
197 0.179334080000
198 0.156166000000
199 0.131626740000
200 0.106297100000
201 0.071684250000
202 0.041593540000
203 0.023111680000
204 0.033386350000
205 0.051086460000
206 0.065415630000
207 0.076487810000
208 0.084443780000
209 0.091754640000
210 0.061711980000
211 0.041055970000
212 0.027437660000
213 0.021192470000
214 0.021805570000
