  0.00000000
  0.00000000
  0.02811007
  0.01065268
 -0.02966264
 -0.06652643
 -0.09681717
 -0.10015839
 -0.07034804
 -0.03280033
  0.00810899
  0.02759906
  0.02632074
  0.00448486
 -0.03845318
 -0.08064426
 -0.12195610
 -0.16201106
 -0.20005070
 -0.23440920
 -0.26064968
 -0.26595661
 -0.24822177
 -0.22198756
 -0.19260469
 -0.16221069
 -0.13211770
 -0.10354951
 -0.07803599
 -0.05755175
 -0.04368204
 -0.03643409
 -0.03637389
 -0.05104122
 -0.08209057
 -0.11993612
 -0.16059111
 -0.20265093
 -0.24551735
 -0.28889202
 -0.33260730
 -0.37656169
 -0.42067486
 -0.46488804
 -0.50913228
 -0.55327972
 -0.59691447
 -0.63369522
 -0.60377364
 -0.57868094
 -0.56766976
 -0.57376133
 -0.58773371
 -0.55892957
 -0.51516528
 -0.47047816
 -0.42543721
 -0.38050228
 -0.33949173
 -0.30030810
 -0.25944414
 -0.21505542
 -0.17048989
 -0.12593789
 -0.08155885
 -0.03765835
 -0.00215803
 -0.00160153
 -0.00134073
 -0.00114572
 -0.00011707
  0.05486014
  0.10975732
  0.16456587
  0.21922013
  0.16845823
  0.11240105
  0.05619501
 -0.00008836
 -0.00038222
 -0.00004658
  0.06229530
  0.12458324
  0.18678695
  0.24820844
  0.19884003
  0.13863486
  0.06932226
 -0.00005295
 -0.00038632
 -0.00015018
  0.04756976
  0.09507611
  0.04773593
 -0.00079302
 -0.04763132
 -0.09451458
 -0.14141859
 -0.18833643
 -0.23527675
 -0.28225361
 -0.32926244
 -0.37629411
 -0.42222941
 -0.45862249
 -0.49060033
 -0.52111233
 -0.55221211
 -0.58572317
 -0.62352175
 -0.66499872
 -0.65433084
 -0.61448747
 -0.57515242
 -0.54514081
 -0.53010955
 -0.48836618
 -0.44283201
 -0.40173626
 -0.36585277
 -0.33472352
 -0.32406846
 -0.28596071
 -0.24154468
 -0.19669488
 -0.15169892
 -0.10673207
 -0.06201896
 -0.01830916
 -0.00322010
 -0.00269559
 -0.00237504
 -0.00213493
 -0.00194880
 -0.00179905
 -0.00055839
  0.04681030
  0.09358731
  0.04736655
 -0.00057205
 -0.00097216
 -0.00069528
 -0.00060360
 -0.00058476
 -0.00059451
 -0.00062644
 -0.00068128
 -0.00076519
 -0.00089249
 -0.00109452
 -0.00144916
 -0.00220825
 -0.00461954
  0.00092970
  0.00119969
  0.00090430
  0.00073878
  0.00063412
  0.00056284
  0.00051194
  0.00002346
 -0.10054967
 -0.20152177
 -0.30284286
 -0.40446243
 -0.50632766
 -0.60836497
 -0.50228212
 -0.39859427
 -0.29687589
 -0.19670306
 -0.09779157
  0.00005144
  0.07069365
  0.14085477
  0.21055356
  0.27980648
  0.34929911
  0.41830368
  0.48683893
  0.55486272
  0.62230911
  0.68905297
  0.69982078
  0.69983459
  0.69984346
  0.69984851
  0.69985018
  0.69984852
  0.69984322
  0.69983342
  0.69981685
  0.66842443
  0.60223771
  0.53610016
  0.47004386
  0.40406259
  0.33815571
  0.27232461
  0.20657626
  0.13784086
  0.06892290
  0.00003688
 -0.10508049
 -0.21056556
 -0.31638299
 -0.42250826
 -0.52892048
 -0.63557344
 -0.52586320
 -0.41798312
 -0.31174325
 -0.20680878
 -0.10294640
  0.00000000
