  0.01155245
  0.01155245
  0.00878932
  0.00655043
  0.00480537
  0.00347817
  0.00249051
  0.00176598
  0.00124337
  0.00086977
  0.00061434
  0.00042998
  0.00029983
  0.00020365
  0.00014178
  0.00009855
  0.00006847
  0.00004756
  0.00003303
  0.00002294
  0.00001592
  0.00001103
  0.00000764
  0.00000529
  0.00000366
  0.00000253
  0.00000175
  0.00000121
  0.00000084
  0.00000058
  0.00000040
  0.00000028
  0.00000019
  0.00000013
  0.00000009
  0.00000006
  0.00000004
  0.00000003
  0.00000002
  0.00000001
  0.00000001
  0.00000001
  0.00000000
  0.00000000
  0.00000000
  0.00000000
  0.00000000
  0.00000000
  0.00000000
  0.00000000
  0.00000000
  0.00000000
  0.00000000
  0.00000000
  0.00000000
  0.00000000
  0.00000000
  0.00000000
  0.00000000
  0.00000000
  0.00000000
  0.00000000
  0.00000000
  0.00000000
  0.00000000
  0.00000000
  0.00000000
  0.00000000
  0.00000000
  0.00000000
  0.00000000
  0.00000000
  0.00000000
  0.00000000
  0.00000000
  0.00000000
  0.00000000
  0.00000000
  0.00000000
  0.00000000
  0.00000000
  0.00000000
  0.00000000
  0.00000000
  0.00000000
  0.00000000
  0.00000000
  0.00000000
  0.00000000
  0.00000000
  0.00000000
  0.00000000
  0.00000000
  0.00000000
  0.00000000
  0.00000000
  0.00000000
  0.00000000
  0.00000000
  0.00000000
  0.00000000
  0.00000000
  0.00000000
  0.00000000
  0.00000000
  0.00000000
  0.00000000
  0.00000000
  0.00000000
  0.00000000
  0.00000000
  0.00000000
  0.00000000
  0.00000000
  0.00000000
  0.00000000
  0.00000000
  0.00000000
  0.00000000
  0.00000000
  0.00000000
  0.00000000
  0.00000000
  0.00000000
  0.00000000
  0.00000000
  0.00000000
  0.00000000
  0.00000000
  0.00000000
  0.00000000
  0.00000000
  0.00000000
  0.00000000
  0.00000000
  0.00000000
  0.00000000
  0.00000000
  0.00000000
  0.00000000
  0.00000000
  0.00000000
  0.00000000
  0.00000000
  0.00000000
  0.00000000
  0.00000000
  0.00000000
  0.00000000
  0.00000000
  0.00000000
  0.00000000
  0.00000000
  0.00000000
  0.00000000
  0.00000000
  0.00000000
  0.00000001
  0.00000001
  0.00000002
  0.00000000
  0.00000000
  0.00000000
  0.00000000
  0.00000000
  0.00000000
  0.00000000
  0.00000001
  0.00000007
  0.00000056
  0.00000377
  0.00002357
  0.00049800
  0.00122070
  0.00285336
  0.00620062
  0.01212847
  0.02106826
  0.03224572
  0.04463260
  0.05743871
  0.07020131
  0.08271713
  0.09634755
  0.10940175
  0.12234921
  0.13516875
  0.14784718
  0.16037834
  0.17277403
  0.18504197
  0.19721906
  0.21407939
  0.22681471
  0.23957907
  0.25236380
  0.26512754
  0.27785616
  0.29051767
  0.30544999
  0.29229083
  0.27883623
  0.40120149
  0.36935395
  0.33704356
  0.30434986
  0.27132400
  0.23800345
  0.21026560
  0.17042898
  0.13335638
  0.09826566
  0.06483261
  0.03412095
