  0.01155245
  0.01155245
  0.01506718
  0.01882854
  0.02340155
  0.02871371
  0.03444608
  0.04013380
  0.04536160
  0.05043043
  0.05553179
  0.06198221
  0.06796369
  0.07367269
  0.08098749
  0.08887848
  0.09700446
  0.10534116
  0.11384296
  0.12240454
  0.13073828
  0.13796998
  0.14372831
  0.14881171
  0.15353678
  0.15803691
  0.16240258
  0.16672931
  0.17115075
  0.17585105
  0.18100156
  0.18664813
  0.19290301
  0.20055177
  0.20987376
  0.22008183
  0.23085875
  0.24210913
  0.25382026
  0.26600964
  0.27873285
  0.29195929
  0.30581071
  0.32035654
  0.33566898
  0.35182916
  0.36867327
  0.35994934
  0.33912930
  0.33220232
  0.33384675
  0.34218059
  0.36249692
  0.40740502
  0.40918801
  0.40923306
  0.40613629
  0.37013915
  0.35386685
  0.36878007
  0.39821924
  0.39833324
  0.39720235
  0.39542460
  0.39370628
  0.39194193
  0.39538440
  0.40152470
  0.40769311
  0.41387807
  0.50732151
  0.52935712
  0.55200948
  0.57529025
  0.60228906
  0.60816484
  0.59330438
  0.57845861
  0.40027739
  0.40024582
  0.62356319
  0.64181136
  0.66010061
  0.67828766
  0.55763232
  0.66118879
  0.73990377
  0.71705448
  0.42542415
  0.42514548
  0.47831359
  0.48875769
  0.50885780
  0.49864498
  0.47057245
  0.48088680
  0.49142942
  0.50215790
  0.51321942
  0.52471963
  0.53653237
  0.54873255
  0.54834110
  0.44466159
  0.39817036
  0.38638423
  0.40032954
  0.43891451
  0.50577413
  0.57956638
  0.60085295
  0.60647268
  0.60157192
  0.59660215
  0.59405089
  0.59639047
  0.58897932
  0.51899064
  0.45371679
  0.43332262
  0.45083840
  0.48788060
  0.51823660
  0.50234280
  0.48639634
  0.47039781
  0.45456930
  0.43904611
  0.42439067
  0.41623923
  0.40980817
  0.40339541
  0.39700121
  0.39062070
  0.38425226
  0.39054372
  0.39210003
  0.39844673
  0.38334306
  0.34994736
  0.34409529
  0.36510383
  0.35746324
  0.34993400
  0.34245447
  0.33500546
  0.32745805
  0.31997284
  0.31248715
  0.30503328
  0.29761447
  0.29026089
  0.28314622
  0.27703958
  0.26864988
  0.26111989
  0.25359331
  0.24608167
  0.23857900
  0.23106586
  0.45018751
  0.44192334
  0.43075367
  0.41694401
  0.40071934
  0.38225366
  0.37624293
  0.30560790
  0.24707853
  0.19703548
  0.15328533
  0.11451470
  0.05875910
  0.04567450
  0.03291929
  0.02148240
  0.01251225
  0.00650024
  0.00315527
  0.00148770
  0.00070025
  0.00033444
  0.00016317
  0.00007233
  0.00003302
  0.00001518
  0.00000703
  0.00000329
  0.00000155
  0.00000074
  0.00000035
  0.00000017
  0.00000006
  0.00000003
  0.00000001
  0.00000001
  0.00000000
  0.00000000
  0.00000000
  0.00000000
  0.00000000
  0.00000000
  0.00000000
  0.00000000
  0.00000000
  0.00000000
  0.00000000
  0.00000001
  0.00000007
  0.00000077
  0.00000677
  0.00005301
  0.00037898
  0.00241782
