  0.00000000
  0.31217700
 -0.19393200
 -0.44676793
 -0.40896311
 -0.33623185
 -0.03709993
  0.33083497
  0.41644896
  0.45326901
  0.21666798
 -0.01421728
 -0.24280480
 -0.47464780
 -0.46679485
 -0.45728689
 -0.44353544
 -0.42134881
 -0.38067783
 -0.29080285
 -0.05882212
  0.19654037
  0.29067476
  0.32550791
  0.33665623
  0.33326892
  0.31632883
  0.28245378
  0.22672903
  0.15346621
  0.08018136
  0.00066637
 -0.16221594
 -0.34333709
 -0.41844817
 -0.44947766
 -0.46495560
 -0.47379184
 -0.47928269
 -0.48285815
 -0.48520030
 -0.48666721
 -0.48736776
 -0.48718123
 -0.48546054
 -0.47903675
 -0.40321079
  0.35035943
  0.31317248
  0.14106401
 -0.07860538
 -0.17957124
  0.35809817
  0.48535811
  0.49201356
  0.49439307
  0.49554944
  0.49483413
  0.49324367
  0.49235496
  0.49393801
  0.49416335
  0.49366065
  0.49202309
  0.48674178
  0.39355974
  0.00610858
  0.00286244
  0.00214031
  0.01128950
  0.49937803
  0.49922080
  0.49890234
  0.49791923
 -0.46045306
 -0.49837760
 -0.49921390
 -0.49950004
 -0.00366937
  0.00419192
  0.49976370
  0.49966639
  0.49939249
  0.49375657
 -0.49637294
 -0.49921285
 -0.49967297
 -0.49977565
 -0.00391676
  0.00277665
  0.49870996
  0.49694580
 -0.48631689
 -0.49762028
 -0.49770488
 -0.49845594
 -0.49876612
 -0.49891456
 -0.49897631
 -0.49897138
 -0.49888915
 -0.49867101
 -0.49812898
 -0.49719895
 -0.49638176
 -0.49570166
 -0.49509981
 -0.49435416
 -0.49242735
 -0.48118903
  0.12217835
  0.44927742
  0.43752353
  0.32967599
  0.16332120
  0.44827975
  0.48498387
  0.48586218
  0.47585586
  0.42502415
  0.13778701
  0.45337286
  0.48674434
  0.49021755
  0.49080310
  0.48985941
  0.48666966
  0.47541092
  0.16385591
  0.00567867
  0.00347005
  0.00259893
  0.00201444
  0.00162055
  0.01342366
  0.49556565
  0.48952880
 -0.47783358
 -0.49486058
 -0.00434209
  0.00300110
  0.00091890
  0.00018851
 -0.00009791
 -0.00032042
 -0.00055013
 -0.00084213
 -0.00127769
 -0.00202815
 -0.00356060
 -0.00762234
 -0.02421643
  0.05572652
  0.00269316
 -0.00295618
 -0.00165648
 -0.00104754
 -0.00071350
 -0.00050948
 -0.00489029
 -0.49993442
 -0.49992423
 -0.49990848
 -0.49988145
 -0.49982498
 -0.49963532
  0.49852468
  0.49970607
  0.49981819
  0.49985980
  0.49988086
  0.49989295
  0.49939452
  0.49948245
  0.49952668
  0.49954394
  0.49954636
  0.49952213
  0.49947047
  0.49936881
  0.49914728
  0.49845072
  0.08119128
  0.00010354
  0.00006671
  0.00003808
  0.00001263
 -0.00001260
 -0.00004034
 -0.00007475
 -0.00012684
 -0.24105236
 -0.49838119
 -0.49907359
 -0.49928633
 -0.49937230
 -0.49939810
 -0.49937876
 -0.49930491
 -0.49916441
 -0.49875457
 -0.49701817
 -0.49990548
 -0.49989028
 -0.49986658
 -0.49982552
 -0.49973865
 -0.49943789
  0.49797307
  0.49954255
  0.49970442
  0.49976167
  0.49978681
  0.49979632
  0.00000000
