 24.03673469
 24.03673469
 24.03673469
 24.04068040
 24.04859072
 24.06045326
 24.07625780
 24.09598764
 24.11963236
 24.14717526
 24.17863175
 24.21387467
 24.25301896
 24.29612045
 24.34346104
 24.39472903
 24.44982655
 24.50860540
 24.57086985
 24.63637386
 24.70481989
 24.77586866
 24.84917139
 24.92444283
 25.00153984
 25.08040654
 25.16105186
 25.24354140
 25.32799074
 25.41455577
 25.50341185
 25.59472050
 25.68859025
 25.78506343
 25.88408943
 25.98535380
 26.08820262
 26.19175258
 26.29492290
 26.39643408
 26.49478708
 26.58824197
 26.67475116
 26.75197489
 26.81721918
 26.86740180
 26.89903266
 26.90820970
 26.89186841
 26.85147557
 26.78962583
 26.70687596
 26.60249239
 26.47188528
 26.29832170
 26.09474447
 25.86431521
 25.61155870
 25.36164775
 25.10745572
 24.82882157
 24.51393496
 24.18522658
 23.84505345
 23.49518558
 23.13663313
 22.77039115
 22.39376731
 22.01114097
 21.62254857
 21.22799013
 20.74407526
 20.25207709
 19.75423378
 19.25331651
 18.75049427
 18.24485288
 17.75106330
 17.26572112
 16.92408495
 16.58252020
 16.05026856
 15.51834972
 14.99324718
 14.48224264
 14.09106760
 13.64107204
 13.15243318
 12.68784903
 12.41072960
 12.13383235
 11.82224163
 11.51092478
 11.19812888
 10.89351262
 10.60386145
 10.31430333
 10.02066889
  9.71893350
  9.40519992
  9.07583330
  8.72774856
  8.35848225
  7.97555099
  7.65440651
  7.36010943
  7.06993340
  6.76626617
  6.43215339
  6.04924462
  5.61935699
  5.19344293
  4.78384857
  4.40366761
  4.06183899
  3.76456055
  3.51616007
  3.32199953
  3.19632009
  3.12085105
  3.07646274
  3.05658721
  3.06319103
  3.10233446
  3.17082491
  3.26267029
  3.37220728
  3.49422753
  3.62399433
  3.75733601
  3.89057942
  4.02205653
  4.15170661
  4.27949597
  4.40539915
  4.52939674
  4.65562721
  4.77964650
  4.89970623
  5.01134953
  5.11258621
  5.21214377
  5.31785219
  5.42139640
  5.52279671
  5.62206274
  5.71920068
  5.81418054
  5.90701971
  5.99771796
  6.08628484
  6.17273043
  6.25706919
  6.33933222
  6.42013637
  6.49845030
  6.57453973
  6.64841320
  6.72008003
  6.78954643
  6.85681206
  6.98787150
  7.11058178
  7.23273750
  7.35935075
  7.49288338
  7.63350149
  7.78524357
  7.93474768
  8.07224530
  8.19259902
  8.29319045
  8.37286135
  8.41552536
  8.44697969
  8.46743201
  8.47712751
  8.47630177
  8.46497561
  8.44330515
  8.41135164
  8.36906351
  8.31625668
  8.25256265
  8.17626510
  8.08696887
  7.98394572
  7.86652032
  7.73412173
  7.58633865
  7.42296743
  7.24408250
  7.05007752
  6.83702022
  6.61022536
  6.37114809
  6.12111134
  5.86126916
  5.59251691
  5.31545532
  5.02811897
  4.75647534
  4.49947591
  4.13120919
  3.79217671
  3.48025611
  3.19462283
  2.93563523
  2.70455092
  2.49739387
  2.32772766
  2.19451278
  2.09630489
  2.03181658
  2.00000000
