Ipopt 3.13.4: option_file_name=../public/solver/ipopt.opt

Using option file "../public/solver/ipopt.opt".


******************************************************************************
This program contains Ipopt, a library for large-scale nonlinear optimization.
 Ipopt is released as open source code under the Eclipse Public License (EPL).
         For more information visit https://github.com/coin-or/Ipopt
******************************************************************************

This is Ipopt version 3.13.4, running with linear solver ma27.

Number of nonzeros in equality constraint Jacobian...:    20307
Number of nonzeros in inequality constraint Jacobian.:    11433
Number of nonzeros in Lagrangian Hessian.............:    11381

Total number of variables............................:     8732
                     variables with only lower bounds:     5170
                variables with lower and upper bounds:     1218
                     variables with only upper bounds:        0
Total number of equality constraints.................:     4600
Total number of inequality constraints...............:     1785
        inequality constraints with only lower bounds:      658
   inequality constraints with lower and upper bounds:        0
        inequality constraints with only upper bounds:     1127

iter    objective    inf_pr   inf_du lg(mu)  ||d||  lg(rg) alpha_du alpha_pr  ls
   0  4.5928596e+00 4.33e+00 1.26e+00   0.0 0.00e+00    -  0.00e+00 0.00e+00   0
   1  4.5933454e+00 4.31e+00 9.73e+02   0.3 1.92e+00   4.0 9.87e-01 3.95e-03h  1
   2  4.6029263e+00 4.16e+00 9.92e+02   1.9 1.99e+00   3.5 2.84e-02 3.45e-02f  1
   3  4.6039189e+00 4.00e+00 4.74e+03   1.7 1.61e+00   3.0 1.16e-01 3.64e-02f  1
   4  4.6201488e+00 3.68e+00 5.73e+03   1.5 2.73e+00   2.6 1.06e-01 7.82e-02f  1
   5  4.6579381e+00 3.07e+00 5.15e+03   0.9 3.87e+00   2.1 1.79e-01 1.64e-01f  1
   6  4.6237547e+00 3.00e+00 5.32e+03  -5.0 4.01e+01    -  5.26e-03 2.16e-02h  1
   7  4.6358362e+00 2.89e+00 1.78e+04   1.7 3.69e+00   2.5 1.88e-01 3.21e-02f  1
   8  4.6501605e+00 2.66e+00 1.74e+04   0.3 3.38e+00   2.0 1.30e-01 8.05e-02f  1
   9  4.6717122e+00 2.38e+00 1.55e+04   1.1 5.13e+00   1.6 2.16e-01 1.02e-01f  1
iter    objective    inf_pr   inf_du lg(mu)  ||d||  lg(rg) alpha_du alpha_pr  ls
  10  4.6957047e+00 2.12e+00 1.47e+04   1.4 1.35e+01   1.1 5.23e-02 1.04e-01f  1
  11  4.7408909e+00 1.80e+00 1.21e+04   1.1 7.32e+00   1.5 1.77e-01 1.45e-01f  1
  12  4.7368917e+00 1.77e+00 1.59e+04  -4.9 5.77e+01    -  4.65e-03 1.57e-02h  1
  13  4.7444047e+00 1.68e+00 1.72e+04  -4.9 3.30e+00   1.9 1.42e-01 4.46e-02h  1
  14  4.7533822e+00 1.58e+00 2.07e+04   0.3 1.74e+01   1.5 1.08e-02 5.61e-02f  1
  15  4.7915734e+00 1.35e+00 9.17e+04   1.1 4.74e+00   1.9 3.62e-01 1.36e-01f  1
  16  4.7952430e+00 1.33e+00 8.99e+04  -5.0 3.40e+01   1.4 9.50e-03 1.87e-02h  1
  17  4.8083429e+00 1.26e+00 8.58e+04  -1.1 4.00e+00   1.8 2.04e-01 4.66e-02h  1
  18  4.8449319e+00 1.11e+00 8.60e+04   0.9 2.91e+00   2.3 3.17e-01 1.07e-01f  1
  19  4.8762752e+00 1.03e+00 3.18e+05   1.9 1.27e+01   1.8 9.75e-02 4.25e-02f  1
iter    objective    inf_pr   inf_du lg(mu)  ||d||  lg(rg) alpha_du alpha_pr  ls
  20  4.8903926e+00 9.55e-01 1.87e+06   1.0 1.23e+00   3.1 2.50e-01 6.58e-02h  1
  21  4.8933944e+00 9.27e-01 1.11e+07   1.0 2.41e+00   2.6 1.14e-01 2.62e-02h  1
  22  4.9201069e+00 8.35e-01 1.24e+07   1.0 7.70e+00   2.2 1.18e-01 8.86e-02f  1
  23  4.9226267e+00 8.28e-01 2.81e+07  -4.9 5.11e+00   2.6 5.52e-02 8.23e-03h  1
  24  5.0107874e+00 6.92e-01 3.01e+07   2.7 9.48e+00   2.1 2.11e-02 4.18e-02f  1
  25  5.0360646e+00 5.81e-01 2.18e+07   1.3 1.21e+00   3.4 2.32e-01 1.29e-01h  1
  26  5.0700975e+00 4.82e-01 1.96e+07   1.3 2.56e+00   3.0 1.09e-01 1.41e-01h  1
  27  5.0981147e+00 4.15e-01 1.71e+07   1.3 2.10e+00   3.4 1.23e-01 1.07e-01h  1
  28  5.0981290e+00 4.14e-01 1.76e+07   1.3 5.21e-01   6.5 5.19e-03 1.22e-03h  1
  29  5.0982714e+00 4.13e-01 2.11e+07   1.3 5.13e-01   6.0 1.13e-01 2.24e-03h  1
iter    objective    inf_pr   inf_du lg(mu)  ||d||  lg(rg) alpha_du alpha_pr  ls
  30  5.0998139e+00 4.05e-01 2.08e+07   1.3 7.15e-01   5.6 1.64e-02 1.33e-02h  1
  31  5.1014994e+00 3.95e-01 2.05e+07   1.3 2.81e+00   5.1 1.25e-03 1.67e-02h  1
  32  5.1036548e+00 3.86e-01 2.15e+07   1.3 1.10e+00   5.5 8.55e-02 1.43e-02h  1
  33  5.1076045e+00 3.73e-01 2.09e+07   1.3 2.37e+00   5.0 2.41e-02 2.44e-02h  1
  34  5.1119663e+00 3.57e-01 2.21e+07   1.3 1.57e+00   5.5 1.13e-01 2.82e-02h  1
  35  5.1129390e+00 3.46e-01 2.17e+07   1.3 4.64e+00   5.0 1.47e-02 2.08e-02h  1
  36  5.1133930e+00 3.45e-01 1.81e+07   1.3 1.90e+00   4.5 1.39e-01 2.16e-03h  1
  37  5.1186509e+00 3.35e-01 1.70e+07   1.3 6.40e+00   4.0 3.39e-02 1.78e-02h  1
  38  5.1224164e+00 3.28e-01 3.92e+07   1.3 1.69e+00   4.5 4.03e-01 1.55e-02h  1
  39  5.1270739e+00 3.10e-01 3.96e+07   1.3 1.74e+00   4.0 4.69e-02 3.52e-02h  1
iter    objective    inf_pr   inf_du lg(mu)  ||d||  lg(rg) alpha_du alpha_pr  ls
  40  5.1279111e+00 3.08e-01 6.91e+09   1.3 1.47e+00   4.4 5.51e-01 4.13e-03h  1
  41  5.1392049e+00 2.69e-01 6.14e+09   1.3 1.66e+00   3.9 1.60e-01 8.48e-02h  1
  42  5.1695520e+00 1.93e-01 3.28e+09   1.3 1.27e+00   4.4 5.08e-01 1.75e-01h  1
  43  5.2049269e+00 1.21e-01 6.09e+09   1.3 1.01e+00   3.9 1.40e-01 2.10e-01h  1
  44  5.2134723e+00 9.88e-02 5.28e+09   2.5 7.54e-01   4.3 1.14e-01 1.01e-01f  1
  45  5.2167427e+00 9.22e-02 5.16e+09   2.4 5.25e-01   5.6 1.00e+00 2.55e-02h  1
  46  5.2328774e+00 7.09e-02 4.84e+09   3.3 6.48e-01   5.2 3.91e-01 1.60e-01f  1
  47  5.2407817e+00 6.52e-02 3.78e+10   2.3 4.77e-01   4.7 3.73e-01 7.97e-02h  1
  48  5.2616984e+00 5.16e-02 1.15e+11   0.9 4.29e-01   5.1 1.73e-01 2.06e-01h  1
  49  5.2687306e+00 4.07e-02 6.67e+10   3.4 8.04e-01   5.5 2.37e-01 1.99e-01f  1
iter    objective    inf_pr   inf_du lg(mu)  ||d||  lg(rg) alpha_du alpha_pr  ls
  50  5.2689710e+00 4.02e-02 4.75e+11   3.4 3.91e-01   5.1 5.79e-01 1.05e-02f  1
  51  5.2707984e+00 4.01e-02 4.94e+11   3.4 4.73e+00   4.6 3.07e-02 3.34e-03h  1
  52  5.2736831e+00 4.00e-02 4.95e+11   3.4 5.50e+01   4.1 3.44e-03 1.61e-03h  1
  53  5.2709271e+00 3.99e-02 4.97e+11   3.4 6.13e+01   4.5 4.03e-03 1.48e-03h  1
  54  5.2713908e+00 3.99e-02 4.95e+11   3.4 9.66e+01   5.0 1.50e-04 1.35e-03h  2
  55  5.2712554e+00 3.98e-02 4.97e+11   3.4 1.48e+02   4.5 2.09e-03 4.38e-04h  3
  56  5.2722474e+00 3.98e-02 4.96e+11   3.4 9.17e+01   4.9 4.30e-04 9.23e-04h  2
  57  5.2706425e+00 3.98e-02 4.99e+11   2.7 1.21e+02   4.4 2.77e-03 3.68e-04h  3
  58  5.2709748e+00 3.98e-02 5.04e+11   3.4 1.18e+02   4.9 3.16e-03 4.14e-04h  3
  59  5.2687188e+00 3.98e-02 5.06e+11   3.4 1.49e+02   4.4 1.68e-03 1.87e-04h  3
iter    objective    inf_pr   inf_du lg(mu)  ||d||  lg(rg) alpha_du alpha_pr  ls
  60  5.2690784e+00 4.12e-02 5.06e+11   3.4 1.38e+02   4.8 3.85e-04 3.55e-04h  4
  61  5.2679630e+00 4.22e-02 5.06e+11  -2.7 1.40e+02   4.3 3.73e-04 1.08e-04h  5
  62  5.2693741e+00 4.37e-02 5.06e+11   3.4 1.31e+02   4.7 1.27e-04 1.63e-04h  5
  63  5.2689424e+00 4.44e-02 5.06e+11   1.4 1.57e+02   4.3 2.49e-04 8.79e-05h  6
  64  5.2717633e+00 4.83e-02 5.10e+11   3.4 1.05e+02   5.6 2.61e-03 4.85e-04h  1
  65  5.2745385e+00 5.06e-02 5.10e+11   3.4 1.32e+02   5.1 2.49e-04 2.56e-04h  4
  66  5.2766243e+00 5.26e-02 7.86e+11   3.4 1.28e+02   5.5 1.75e-03 2.14e-04h  4
  67  5.2795924e+00 5.49e-02 8.47e+11   3.4 1.16e+02   5.1 8.83e-04 2.60e-04h  4
  68  5.2819830e+00 5.69e-02 1.57e+12   3.4 1.19e+02   5.5 3.64e-03 2.22e-04h  4
  69  5.2837727e+00 5.82e-02 1.60e+12   3.4 1.25e+02   5.0 3.38e-04 1.45e-04h  4
iter    objective    inf_pr   inf_du lg(mu)  ||d||  lg(rg) alpha_du alpha_pr  ls
  70  5.2856913e+00 5.97e-02 2.59e+12   3.4 1.07e+02   5.4 4.00e-03 1.64e-04h  4
  71  5.2867670e+00 6.05e-02 2.59e+12   3.4 1.49e+02   5.0 1.27e-04 8.15e-05h  4
  72  5.2879760e+00 6.13e-02 3.76e+12   3.4 1.27e+02   5.4 3.59e-03 8.79e-05h  4
  73  5.2884250e+00 6.17e-02 3.76e+12   3.4 2.90e+02   4.9 6.21e-05 4.74e-05h  5
  74  5.2898849e+00 6.25e-02 4.30e+12   3.4 1.86e+02   5.3 1.31e-03 8.96e-05h  4
  75  5.2886706e+00 6.33e-02 4.27e+12   3.4 6.69e+02   4.9 1.79e-05 1.44e-04f  2
  76  5.2899382e+00 6.37e-02 4.29e+12   3.3 2.11e+02   5.3 1.16e-04 5.66e-05h  6
  77  5.2915979e+00 6.43e-02 5.50e+12   3.3 1.60e+02   5.7 1.69e-03 8.86e-05h  5
  78  5.2927453e+00 6.46e-02 5.54e+12   3.3 2.57e+02   5.2 1.63e-04 4.94e-05h  6
  79  5.2946063e+00 6.52e-02 6.10e+12   3.3 1.83e+02   5.7 7.96e-04 8.58e-05h  5
iter    objective    inf_pr   inf_du lg(mu)  ||d||  lg(rg) alpha_du alpha_pr  ls
  80  5.2952231e+00 6.53e-02 6.18e+12   3.3 3.10e+02   5.2 2.71e-04 2.78e-05h  6
  81  5.2969811e+00 6.58e-02 6.17e+12   3.3 1.93e+02   5.6 6.19e-05 7.29e-05h  5
  82  5.2976577e+00 6.59e-02 6.34e+12   3.3 3.60e+02   5.1 5.97e-04 3.41e-05h  5
  83  5.2993823e+00 6.64e-02 6.37e+12   3.3 1.97e+02   5.6 1.08e-04 6.88e-05h  5
  84  5.2998878e+00 6.65e-02 6.51e+12   3.3 4.18e+02   5.1 5.29e-04 2.48e-05h  6
  85  5.3015979e+00 6.68e-02 6.58e+12   3.3 1.99e+02   5.5 1.70e-04 6.59e-05h  5
  86  5.3328368e+00 7.19e-02 6.58e+12   3.3 4.80e+02   5.0 1.26e-03 1.24e-03w  1
  87  5.3511108e+00 7.30e-02 6.55e+12   3.3 1.21e+03   4.6 7.06e-05 4.66e-04w  1
  88  5.3524269e+00 7.30e-02 6.56e+12   3.3 2.37e+03   4.1 4.76e-06 3.02e-05w  1
  89  5.3020467e+00 6.69e-02 6.92e+12   3.3 3.73e+03   3.6 1.26e-03 1.94e-05h  6
iter    objective    inf_pr   inf_du lg(mu)  ||d||  lg(rg) alpha_du alpha_pr  ls
  90  5.3026999e+00 6.70e-02 6.93e+12   3.3 6.31e+02   4.9 6.13e-05 2.40e-05f  7
  91  5.3026939e+00 6.70e-02 6.93e+12   3.3 2.11e+03   4.5 7.07e-07 7.10e-06f  2
  92r 5.3026939e+00 6.70e-02 1.00e+03   3.3 0.00e+00   4.9 0.00e+00 3.01e-07R  6
  93r 5.3032783e+00 2.58e-02 3.46e+01  -2.8 2.31e+00    -  9.67e-01 9.68e-01f  1
  94  5.3032345e+00 2.58e-02 1.23e+03   2.6 2.79e+04    -  2.99e-06 7.46e-09f  1
  95  5.2983909e+00 2.58e-02 2.01e+03   1.9 1.85e+03    -  1.31e-05 9.32e-06f  1
  96  5.2893960e+00 2.57e-02 3.15e+04   1.9 1.61e+03    -  1.29e-04 2.57e-05f  1
  97  5.2836905e+00 2.55e-02 2.21e+05   1.9 8.25e+02    -  3.15e-04 6.69e-05f  1
  98  5.2915994e+00 2.52e-02 2.52e+05   1.9 6.84e+02    -  3.09e-04 2.88e-04f  1
  99  5.3092828e+00 2.48e-02 1.66e+06   1.9 4.07e+02    -  1.45e-03 7.03e-04f  1
iter    objective    inf_pr   inf_du lg(mu)  ||d||  lg(rg) alpha_du alpha_pr  ls
 100  5.3489001e+00 3.00e-02 7.40e+06   1.9 3.32e+02    -  3.86e-03 1.46e-03f  1
 101  5.3693229e+00 3.05e-02 4.80e+07   1.9 2.14e+02    -  8.72e-03 1.41e-03f  1
 102  5.4200120e+00 3.10e-02 5.18e+07   1.9 2.16e+02    -  2.71e-03 2.45e-03f  1
 103  5.4207534e+00 3.10e-02 1.50e+08   1.9 2.01e+02    -  2.08e-03 2.22e-05h  5
 104  5.4216729e+00 3.10e-02 3.40e+08   1.9 2.42e+02    -  2.55e-03 2.44e-05h  7
 105r 5.4216729e+00 3.10e-02 1.00e+03   1.9 0.00e+00    -  0.00e+00 3.95e-07R 13
 106r 5.4278673e+00 9.69e-03 4.74e+02  -4.3 2.74e-01    -  6.88e-01 5.61e-01f  1
 107  5.4278669e+00 9.69e-03 6.40e+03  -5.5 4.34e-02    -  3.14e-01 4.88e-05h  1
 108  5.4279931e+00 9.69e-03 3.27e+05  -0.6 3.22e+01    -  6.10e-03 5.50e-05h  1
 109  5.4295460e+00 9.69e-03 5.91e+05  -1.4 8.42e+01    -  8.46e-04 1.94e-04h  1
iter    objective    inf_pr   inf_du lg(mu)  ||d||  lg(rg) alpha_du alpha_pr  ls
 110  5.4339825e+00 9.68e-03 5.18e+05  -0.4 1.52e+02    -  4.83e-04 6.21e-04h  2
 111  5.4287647e+00 1.67e-02 6.66e+05   1.3 3.89e+02    -  5.29e-04 4.36e-04f  1
 112  5.4290163e+00 1.67e-02 1.25e+06   0.2 1.85e+02    -  5.11e-04 8.95e-05h  3
 113  5.4289010e+00 1.67e-02 1.95e+06   0.2 2.04e+02    -  5.56e-04 9.11e-05h  4
 114  5.4285592e+00 1.67e-02 3.19e+06   0.2 2.24e+02    -  7.60e-04 8.61e-05h  4
 115  5.4281856e+00 1.67e-02 5.28e+06   0.2 2.28e+02    -  8.64e-04 8.42e-05h  4
 116  5.4278888e+00 1.67e-02 6.96e+06   0.2 2.26e+02    -  4.76e-04 9.15e-05h  4
 117  5.4277862e+00 1.67e-02 9.38e+06   0.2 2.23e+02    -  4.72e-04 8.62e-05h  4
 118  5.4235378e+00 1.65e-02 1.06e+08   1.6 2.70e+02    -  8.11e-03 3.39e-04f  2
 119  5.4299878e+00 1.63e-02 1.84e+08   2.4 8.06e+02    -  9.51e-04 4.64e-04f  1
iter    objective    inf_pr   inf_du lg(mu)  ||d||  lg(rg) alpha_du alpha_pr  ls
 120r 5.4299878e+00 1.63e-02 1.00e+03   0.3 0.00e+00    -  0.00e+00 3.03e-07R 11
 121r 5.4299990e+00 9.85e-03 7.07e+03  -0.7 5.55e-01    -  6.50e-01 6.09e-02f  1
 122  5.4298593e+00 9.71e-03 4.96e+00  -5.5 3.61e-02    -  7.59e-02 1.50e-02h  1
 123  5.4298275e+00 9.68e-03 3.12e+02  -5.5 3.67e-02    -  1.48e-01 2.82e-03h  1
 124  5.4298222e+00 9.68e-03 8.08e+03  -5.6 1.02e-01    -  1.27e-01 3.92e-04h  1
 125  5.4296997e+00 9.66e-03 2.35e+06  -1.8 2.55e-01    -  6.38e-01 2.00e-03h  1
 126  5.4263043e+00 9.66e-03 1.83e+07   1.4 2.49e+02    -  2.78e-03 3.16e-04f  1
 127r 5.4263043e+00 9.66e-03 1.00e+03   1.9 0.00e+00    -  0.00e+00 3.17e-07R 11
 128r 5.3194044e+00 1.51e-02 4.18e+02  -0.4 8.48e-01    -  6.05e-01 7.40e-01f  1
 129r 5.3720792e+00 8.78e-03 2.31e+02  -4.9 5.56e-01    -  4.55e-01 5.64e-01f  1
iter    objective    inf_pr   inf_du lg(mu)  ||d||  lg(rg) alpha_du alpha_pr  ls
 130r 5.3878269e+00 4.57e-03 1.76e+02  -1.3 6.56e-01    -  2.92e-01 5.48e-01f  1
 131r 5.3948380e+00 4.05e-03 1.86e+02  -1.7 5.92e-01    -  3.10e-01 3.35e-01f  1
 132r 5.3958619e+00 3.87e-03 1.63e+03  -1.3 3.05e-01   0.0 8.33e-01 5.26e-01f  1
 133r 5.3967237e+00 4.53e-03 1.05e+03  -1.5 1.92e-01  -0.5 8.49e-01 7.10e-01f  1
 134r 5.3916987e+00 9.05e-03 4.31e+02  -1.7 5.11e-01    -  4.72e-01 5.92e-01f  1
 135r 5.4108529e+00 9.25e-03 2.22e+02  -6.9 4.76e-01    -  4.43e-01 4.82e-01f  1
 136r 5.4148625e+00 9.44e-03 2.29e+02  -7.2 9.70e-01    -  9.17e-02 2.24e-01f  1
 137r 5.4197519e+00 9.78e-03 9.49e+01  -2.5 6.93e-01    -  6.99e-01 3.21e-01f  1
 138r 5.4089051e+00 1.49e-02 5.63e+00  -2.2 5.68e-01    -  1.00e+00 9.38e-01f  1
 139r 5.4335261e+00 9.94e-03 3.38e+00  -2.5 3.69e-01    -  1.00e+00 1.00e+00f  1
iter    objective    inf_pr   inf_du lg(mu)  ||d||  lg(rg) alpha_du alpha_pr  ls
 140r 5.4517771e+00 9.93e-03 4.68e+01  -2.9 3.08e-01    -  1.00e+00 7.30e-01f  1
 141r 5.4574217e+00 9.95e-03 3.13e+01  -3.0 2.40e-01    -  1.00e+00 4.83e-01f  1
 142r 5.4638860e+00 9.95e-03 1.33e+00  -3.0 1.47e-01    -  1.00e+00 1.00e+00f  1
 143r 5.4646510e+00 9.96e-03 3.76e+01  -3.5 2.06e-01    -  1.00e+00 3.02e-01f  1
 144r 5.4681191e+00 9.98e-03 2.85e+00  -3.3 7.22e-02    -  1.00e+00 1.00e+00f  1
 145r 5.4692377e+00 9.98e-03 2.88e+01  -3.5 1.44e-01    -  1.00e+00 1.00e+00f  1
 146r 5.4692186e+00 9.98e-03 2.72e+02  -3.5 8.53e-03   0.9 9.01e-01 1.93e-01h  1
 147r 5.4692378e+00 9.98e-03 1.69e+02  -9.0 1.54e-03   3.1 3.31e-01 3.18e-01f  1
 148r 5.4692402e+00 9.98e-03 1.63e+02  -5.1 3.35e-02   2.6 3.65e-02 2.41e-02f  1
 149r 5.4692610e+00 9.99e-03 1.27e+02  -5.7 2.10e-03   2.1 2.49e-01 2.22e-01f  1
iter    objective    inf_pr   inf_du lg(mu)  ||d||  lg(rg) alpha_du alpha_pr  ls
 150r 5.4692853e+00 9.99e-03 3.36e+02  -4.2 5.91e-03   1.7 1.00e+00 1.93e-01f  1
 151r 5.4693783e+00 9.98e-03 3.35e+02  -3.7 1.88e-03   1.2 1.00e+00 1.00e+00f  1
 152r 5.4693856e+00 9.99e-03 1.50e+02  -3.9 9.30e-03   2.5 1.00e+00 4.54e-01f  1
 153r 5.4700755e+00 9.99e-03 1.49e+02  -9.0 1.02e+00    -  6.50e-03 1.13e-02f  1
 154r 5.4700774e+00 9.99e-03 4.39e+02  -9.0 3.28e-03   2.0 5.47e-01 2.53e-02f  1
 155r 5.4701121e+00 9.99e-03 2.82e+02  -4.5 5.78e-03   1.6 3.21e-01 3.39e-01f  1
 156r 5.4701175e+00 9.99e-03 2.94e+02  -9.0 1.94e-03   2.0 3.33e-01 7.31e-02f  1
 157r 5.4701190e+00 9.99e-03 3.59e+02  -9.0 5.35e-03   2.4 4.62e-02 3.95e-02f  1
 158r 5.4701192e+00 9.99e-03 8.29e+02  -2.2 3.48e-03   5.5 3.96e-02 3.00e-03f  1
 159r 5.4701161e+00 9.99e-03 8.22e+02  -3.8 3.15e-01    -  7.78e-03 1.14e-04h  1
iter    objective    inf_pr   inf_du lg(mu)  ||d||  lg(rg) alpha_du alpha_pr  ls
 160r 5.4701161e+00 9.99e-03 9.20e+02  -3.8 1.29e-03   6.0 4.32e-03 1.17e-05h  1
 161r 5.4701162e+00 9.99e-03 1.29e+03  -3.8 1.16e-03   5.5 3.52e-03 2.02e-02h  1
 162r 5.4701162e+00 9.99e-03 1.78e+03  -3.5 4.75e-04   7.7 1.13e-02 5.19e-05h  1
 163r 5.4701162e+00 9.99e-03 2.86e+03  -3.8 6.98e-04   7.2 1.13e-03 3.33e-02f  1
 164r 5.4701164e+00 1.00e-02 3.19e+05  -2.3 1.25e-03   6.8 8.24e-04 2.64e-01f  1
 165r 5.4701164e+00 1.00e-02 3.13e+05  -3.1 4.87e-04   7.2 4.98e-02 1.86e-02f  1
 166r 5.4701164e+00 1.00e-02 3.08e+05  -3.1 1.62e-03   6.7 1.15e-02 1.56e-02f  1
 167r 5.4701164e+00 1.00e-02 2.74e+05  -3.1 8.88e-04   7.1 7.28e-02 1.01e-01f  1
 168r 5.4701163e+00 1.00e-02 1.85e+05  -3.1 4.60e-04   7.6 4.13e-02 2.50e-01f  1
 169r 5.4701163e+00 1.00e-02 1.80e+05  -3.1 2.84e-03   8.0 9.35e-03 9.78e-03h  1
iter    objective    inf_pr   inf_du lg(mu)  ||d||  lg(rg) alpha_du alpha_pr  ls
 170r 5.4701163e+00 1.00e-02 1.31e+05  -3.1 4.56e-04   8.4 1.24e-01 1.03e-01f  1
 171r 5.4701162e+00 1.00e-02 9.05e+04  -3.1 6.49e-04   8.8 9.62e-02 8.69e-02h  1
 172r 5.4701163e+00 1.00e-02 1.58e+05  -3.1 5.72e-04   9.3 3.03e-02 1.24e-01f  1
 173r 5.4701163e+00 1.00e-02 1.52e+05  -3.1 2.84e-04   8.8 1.65e-04 5.76e-02f  1
 174r 5.4701163e+00 1.00e-02 1.50e+05  -3.1 2.38e-04   8.3 2.18e-02 1.54e-02f  1
 175r 5.4701162e+00 1.00e-02 1.37e+05  -3.1 1.82e-04   7.8 7.03e-02 9.09e-02f  1
 176r 5.4701161e+00 1.00e-02 1.19e+05  -3.1 2.19e-04   7.4 7.52e-02 1.32e-01f  1
 177r 5.4701161e+00 1.00e-02 9.18e+04  -3.1 2.74e-04   6.9 8.91e-01 2.27e-01f  1
 178r 5.4701161e+00 1.00e-02 8.43e+04  -3.2 4.91e-04   6.4 1.00e+00 8.17e-02f  1
 179r 5.4701162e+00 1.00e-02 8.17e+04  -2.8 6.70e-04   5.9 1.00e+00 3.09e-02f  1
iter    objective    inf_pr   inf_du lg(mu)  ||d||  lg(rg) alpha_du alpha_pr  ls
 180r 5.4701153e+00 9.99e-03 5.99e+04  -2.0 4.52e-04   5.5 3.91e-01 2.68e-01f  1
 181r 5.4701120e+00 9.99e-03 4.50e+04  -2.1 6.84e-04   5.0 8.85e-01 2.49e-01f  1
 182r 5.4700923e+00 9.95e-03 1.40e+03  -2.2 3.33e-04   4.5 8.10e-01 9.79e-01f  1
 183r 5.4700853e+00 9.92e-03 3.90e+02  -2.7 2.42e-04   4.0 1.00e+00 8.07e-01f  1
 184r 5.4621003e+00 9.95e-03 1.61e+02  -3.4 8.00e-02    -  7.02e-01 5.94e-01f  1
 185r 5.4807831e+00 1.21e-02 1.36e+02  -3.1 2.03e+00    -  7.88e-03 1.59e-01f  1
 186r 5.4808150e+00 9.92e-03 1.60e+02  -3.1 1.20e-02   3.5 9.31e-01 2.76e-01f  1
 187r 5.4808377e+00 9.92e-03 6.83e+01  -3.1 8.79e-03   3.1 5.68e-01 4.60e-01f  1
 188r 5.4808154e+00 9.90e-03 2.77e+02  -3.1 5.45e-03   2.6 3.88e-02 1.00e+00f  1
 189r 5.4808188e+00 9.95e-03 4.69e+01  -4.0 4.08e-04   3.0 8.11e-01 7.27e-01f  1
iter    objective    inf_pr   inf_du lg(mu)  ||d||  lg(rg) alpha_du alpha_pr  ls
 190r 5.4808355e+00 1.00e-02 7.32e-01  -4.2 5.27e-04   2.5 1.00e+00 1.00e+00f  1
 191r 5.4809602e+00 9.99e-03 7.88e-01  -3.0 6.31e+00    -  2.03e-02 2.06e-02f  1
 192r 5.4809951e+00 9.99e-03 1.82e+00  -4.2 5.72e+00    -  1.82e-03 2.74e-03f  1
 193r 5.4810074e+00 9.99e-03 1.16e+01  -4.2 1.86e-02   2.1 3.60e-01 1.29e-01f  1
 194r 5.4810874e+00 9.99e-03 3.48e+00  -4.2 4.50e-03   1.6 2.06e-01 5.06e-01h  1
 195r 5.4811764e+00 9.99e-03 2.75e+01  -4.2 2.07e-02   1.1 3.53e-02 1.31e-01f  1
 196r 5.4812056e+00 9.99e-03 2.66e+01  -4.2 5.09e-02   1.5 4.39e-02 4.66e-02f  1
 197r 5.4812529e+00 9.99e-03 6.66e+00  -4.2 6.38e-03   2.0 1.00e+00 9.03e-01f  1
 198r 5.4812701e+00 9.99e-03 9.99e+00  -4.5 6.74e-03   1.5 1.00e+00 6.57e-01f  1
 199r 5.4812803e+00 9.99e-03 2.50e+01  -4.8 2.20e-02   1.0 1.00e+00 2.83e-01f  1
iter    objective    inf_pr   inf_du lg(mu)  ||d||  lg(rg) alpha_du alpha_pr  ls
 200r 5.4812967e+00 9.99e-03 4.27e+01  -4.0 4.91e-02   0.5 1.00e+00 1.67e-01f  1
 201r 5.4815456e+00 9.99e-03 1.77e+01  -4.3 1.39e-01   0.1 1.78e-01 3.28e-01f  1
 202r 5.4791032e+00 9.94e-03 1.97e+02  -3.0 4.15e-01  -0.4 1.00e+00 2.79e-01f  1
 203r 5.4760407e+00 9.94e-03 2.37e+02  -3.3 1.70e+00    -  7.97e-02 3.60e-02f  1
 204r 5.4713727e+00 9.95e-03 2.69e+02  -3.3 2.13e+00    -  1.31e-01 8.00e-02f  1
 205r 5.4718367e+00 9.96e-03 2.92e+02  -3.3 1.06e+00    -  2.54e-01 7.01e-02f  1
 206r 5.4592750e+00 9.96e-03 2.48e+02  -3.3 1.05e+00    -  1.53e-01 1.51e-01f  1
 207r 5.4593216e+00 9.97e-03 1.17e+02  -3.3 3.99e-03   1.8 1.00e+00 6.76e-01f  1
 208r 5.4343272e+00 9.97e-03 4.58e+01  -3.3 4.24e-01    -  2.11e-01 5.91e-01f  1
 209r 5.4117208e+00 9.96e-03 4.58e+01  -3.3 2.19e+00    -  4.71e-02 1.13e-01f  1
iter    objective    inf_pr   inf_du lg(mu)  ||d||  lg(rg) alpha_du alpha_pr  ls
 210r 5.3981000e+00 9.96e-03 5.12e+01  -3.3 4.79e-01    -  1.09e-01 1.97e-01f  1
 211r 5.3913007e+00 9.96e-03 3.08e+01  -3.3 8.75e-01    -  2.82e-01 8.50e-02h  1
 212r 5.3630456e+00 3.34e-02 2.42e+01  -3.3 1.66e+00    -  2.71e-01 4.55e-01f  1
 213r 5.3650965e+00 1.58e-02 8.22e+01  -3.3 4.37e-01    -  6.68e-01 5.26e-01h  1
 214r 5.3682568e+00 9.93e-03 7.13e+02  -3.3 1.68e-01    -  2.10e-01 1.00e+00h  1
 215r 5.3673606e+00 9.92e-03 2.41e+02  -3.3 2.33e-01    -  9.39e-01 7.32e-01h  1
 216r 5.3678297e+00 9.93e-03 8.42e+01  -3.3 3.73e-02    -  1.00e+00 1.00e+00f  1
 217r 5.3677916e+00 9.92e-03 6.09e+01  -3.3 1.05e-02    -  1.00e+00 1.00e+00h  1
 218r 5.3677921e+00 9.92e-03 2.34e+01  -3.3 2.26e-03    -  1.00e+00 5.00e-01h  2
 219r 5.3677923e+00 9.92e-03 1.97e+02  -3.3 2.08e-03   4.0 4.03e-01 4.01e-01h  2
iter    objective    inf_pr   inf_du lg(mu)  ||d||  lg(rg) alpha_du alpha_pr  ls
 220r 5.3677888e+00 9.92e-03 1.28e+02  -3.3 5.03e-04   3.6 2.72e-01 1.00e+00h  1
 221r 5.3666034e+00 9.94e-03 5.92e+01  -3.9 2.59e-01    -  5.26e-01 3.92e-01f  1
 222r 5.3666118e+00 9.95e-03 1.40e-01  -3.6 1.16e-04   3.1 1.00e+00 1.00e+00f  1
 223r 5.3710329e+00 9.96e-03 4.56e+00  -3.7 1.80e-01    -  5.16e-01 7.44e-01f  1
 224r 5.3709917e+00 9.96e-03 1.05e+02  -3.7 2.62e-01    -  9.93e-02 3.79e-01h  1
 225r 5.3724242e+00 9.96e-03 2.03e+02  -3.7 8.87e-01    -  1.02e-01 1.90e-01f  1
 226r 5.3724329e+00 9.96e-03 5.25e+01  -3.7 3.78e-03   2.6 1.00e+00 2.38e-01f  1
 227r 5.3724576e+00 9.97e-03 3.88e-01  -3.7 2.88e-03   2.1 1.00e+00 1.00e+00f  1
 228r 5.3724206e+00 9.95e-03 1.74e+02  -3.2 6.81e-03   1.7 1.00e+00 2.83e-01f  1
 229r 5.3772472e+00 9.95e-03 2.37e+02  -3.5 1.48e-01    -  4.95e-01 1.00e+00f  1
iter    objective    inf_pr   inf_du lg(mu)  ||d||  lg(rg) alpha_du alpha_pr  ls
 230r 5.3772804e+00 9.95e-03 2.15e+02  -3.5 3.39e-01    -  8.34e-02 8.98e-02h  1
 231r 5.3663232e+00 9.95e-03 1.08e+02  -3.5 1.93e-01    -  3.81e-01 4.73e-01h  1
 232r 5.3665096e+00 9.95e-03 8.65e+01  -3.5 7.17e-01    -  3.02e-01 2.27e-01h  1
 233r 5.3672438e+00 9.95e-03 6.65e-02  -3.5 6.04e-02    -  1.00e+00 1.00e+00f  1
 234r 5.3677738e+00 9.96e-03 1.00e-03  -3.5 4.76e-02    -  1.00e+00 1.00e+00h  1
 235r 5.3678876e+00 9.97e-03 2.03e+01  -5.0 3.19e-01    -  2.51e-01 4.91e-01f  1
 236r 5.3807031e+00 9.97e-03 2.21e+01  -5.0 1.98e+00    -  8.06e-02 9.31e-02f  1
 237r 5.3926123e+00 9.97e-03 2.48e+01  -5.0 2.76e+00    -  1.43e-01 8.98e-02f  1
 238r 5.4059052e+00 9.96e-03 5.84e+02  -3.4 1.73e+00    -  8.25e-01 1.36e-01f  1
 239r 5.4061224e+00 9.96e-03 1.17e+02  -3.7 2.49e-03   3.0 1.00e+00 6.48e-01h  1
iter    objective    inf_pr   inf_du lg(mu)  ||d||  lg(rg) alpha_du alpha_pr  ls
 240r 5.4062195e+00 9.95e-03 2.13e+00  -3.7 8.80e-04   2.5 1.00e+00 1.00e+00f  1
 241r 5.4014702e+00 9.95e-03 6.10e+02  -3.7 2.43e-01    -  5.34e-02 4.13e-01h  1
 242r 5.4014740e+00 9.95e-03 2.17e+01  -3.7 1.17e-03   2.0 8.23e-01 1.00e+00f  1
 243r 5.4015193e+00 9.99e-03 2.47e+01  -4.9 1.29e-03   1.5 1.00e+00 8.57e-01f  1
 244r 5.4016130e+00 1.00e-02 2.13e+01  -5.9 5.33e-03   1.1 1.00e+00 6.60e-01f  1
 245r 5.4016912e+00 1.00e-02 1.29e+01  -6.6 1.12e-02   0.6 1.00e+00 4.09e-01f  1
 246r 5.4017416e+00 1.00e-02 6.27e+00  -6.6 1.71e-02   0.1 1.00e+00 8.80e-02f  1
 247r 5.4018772e+00 1.00e-02 5.73e+01  -6.4 3.69e-02  -0.4 1.00e+00 8.43e-02f  1
 248r 5.4019813e+00 1.00e-02 2.28e+02  -5.5 7.42e-02  -0.8 1.00e+00 3.02e-02h  1
 249r 5.4022508e+00 1.00e-02 2.23e+02  -5.4 1.61e-01  -1.3 9.37e-02 5.33e-02f  1
iter    objective    inf_pr   inf_du lg(mu)  ||d||  lg(rg) alpha_du alpha_pr  ls
 250r 5.4022816e+00 1.00e-02 2.41e+02  -5.4 4.76e-01  -1.8 1.02e-01 3.59e-02f  1
 251r 5.3995510e+00 9.99e-03 2.96e+02  -3.8 1.34e+00  -2.3 3.22e-01 5.43e-02f  1
 252r 5.3981265e+00 9.95e-03 2.71e+02  -4.6 8.60e-01  -2.7 6.46e-03 3.28e-02h  1
 253r 5.3979591e+00 1.00e-02 2.17e+02  -4.6 6.06e-01  -1.4 7.26e-02 2.95e-03f  1
 254r 5.3966708e+00 9.98e-03 1.90e+02  -4.6 3.62e-01  -1.9 6.17e-04 4.20e-02f  1
 255r 5.3981673e+00 9.98e-03 1.90e+02  -4.6 1.44e+01  -2.4 1.50e-02 1.37e-03f  3
 256r 5.3977327e+00 9.97e-03 2.10e+02  -4.6 4.84e+00  -2.8 1.12e-02 2.79e-03h  1
 257r 5.3976803e+00 1.00e-02 1.31e+02  -4.6 1.58e-01  -1.5 2.08e-01 3.23e-03f  1
 258r 5.3966144e+00 9.99e-03 2.09e+02  -4.6 4.10e-01  -2.0 6.37e-04 4.66e-02f  1
 259r 5.3925773e+00 9.99e-03 1.96e+02  -4.6 1.03e+00  -2.5 5.90e-02 6.10e-02f  1
iter    objective    inf_pr   inf_du lg(mu)  ||d||  lg(rg) alpha_du alpha_pr  ls
 260r 5.3847647e+00 9.87e-03 1.96e+02  -4.6 2.07e+01  -2.9 8.33e-04 7.41e-03f  1
 261r 5.3848038e+00 1.00e-02 1.77e+02  -4.6 3.55e-02   1.1 1.00e+00 1.66e-01h  1
 262r 5.3849743e+00 9.88e-03 3.13e+02  -4.6 5.67e-03   0.6 1.88e-02 1.00e+00f  1
 263r 5.3850104e+00 9.90e-03 8.65e-01  -4.6 1.36e-03   1.0 1.00e+00 1.00e+00h  1
 264r 5.3850217e+00 9.90e-03 1.91e-01  -4.6 1.02e-03   1.5 1.00e+00 1.00e+00h  1
 265r 5.3850582e+00 9.89e-03 8.60e-01  -4.6 1.61e-03   1.0 1.00e+00 1.00e+00h  1
 266r 5.3851589e+00 9.88e-03 1.78e+00  -4.6 3.18e-03   0.5 1.00e+00 1.00e+00h  1
 267r 5.3851977e+00 9.87e-03 8.26e-01  -4.6 1.29e-03   0.9 1.00e+00 1.00e+00h  1
 268r 5.3852119e+00 9.86e-03 5.36e-02  -4.6 4.50e-04   1.4 1.00e+00 1.00e+00h  1
 269r 5.3852963e+00 9.91e-03 6.77e+01  -5.7 1.83e-03   0.9 1.00e+00 7.50e-01f  1
iter    objective    inf_pr   inf_du lg(mu)  ||d||  lg(rg) alpha_du alpha_pr  ls
 270r 5.3853155e+00 9.90e-03 3.85e-01  -4.9 8.37e-04   1.3 1.00e+00 1.00e+00f  1
 271r 5.3854063e+00 9.94e-03 1.09e+01  -5.9 1.57e-03   0.8 1.00e+00 9.00e-01f  1
 272r 5.3855249e+00 9.95e-03 1.55e+02  -7.2 4.87e-03   0.4 1.00e+00 5.06e-01f  1
 273r 5.3855646e+00 9.74e-03 3.53e+02  -4.4 1.91e-02  -0.1 8.28e-01 9.43e-02f  1
 274r 5.3855816e+00 9.70e-03 7.77e+02  -4.8 1.43e-03   1.2 5.61e-01 1.00e+00f  1
 275r 5.3855807e+00 9.70e-03 1.10e+03  -4.7 1.93e-03   1.6 7.71e-01 6.77e-02f  1
 276r 5.3855898e+00 9.70e-03 1.10e+03  -4.9 9.98e-03   1.2 8.19e-02 1.07e-01h  1
 277r 5.3855898e+00 9.70e-03 1.78e+03  -4.9 1.72e-04   2.5 3.18e-01 7.69e-02f  1
 278r 5.3855889e+00 9.70e-03 1.72e+03  -4.9 4.07e-03   2.0 7.72e-02 8.39e-02f  1
 279r 5.3855903e+00 9.70e-03 1.09e+04  -4.9 1.40e-03   2.4 8.39e-02 1.00e+00f  1
iter    objective    inf_pr   inf_du lg(mu)  ||d||  lg(rg) alpha_du alpha_pr  ls
 280r 5.3855904e+00 9.70e-03 2.52e-01  -4.9 3.23e-04   2.9 1.00e+00 1.00e+00h  1
 281r 5.3855966e+00 9.70e-03 5.60e-01  -6.0 1.78e-04   2.4 1.00e+00 9.91e-01f  1
 282r 5.3856059e+00 9.71e-03 4.82e+00  -7.6 5.29e-04   1.9 1.00e+00 6.38e-01f  1
 283r 5.3856115e+00 9.71e-03 2.99e+01  -8.5 6.98e-04   1.4 1.00e+00 2.33e-01f  1
 284r 5.3856256e+00 9.72e-03 2.51e+02  -9.0 1.32e-03   1.0 1.00e+00 1.82e-01f  1
 285r 5.3856471e+00 9.66e-03 3.09e+02  -8.5 4.25e-03   0.5 1.00e+00 8.76e-02f  1
 286r 5.3856624e+00 9.66e-03 3.08e+02  -9.0 1.49e-03   0.9 1.00e+00 1.77e-01f  1
 287r 5.3856792e+00 9.59e-03 2.73e+02  -8.5 5.58e-03   0.4 1.00e+00 6.27e-02h  1
 288r 5.3856982e+00 9.56e-03 2.50e+02  -8.5 1.70e-03   0.9 1.00e+00 2.42e-01h  1
 289r 5.3857463e+00 9.30e-03 2.16e+02  -7.7 8.71e-03   0.4 1.00e+00 1.79e-01h  1
iter    objective    inf_pr   inf_du lg(mu)  ||d||  lg(rg) alpha_du alpha_pr  ls
 290r 5.3858094e+00 9.30e-03 5.28e+01  -7.2 2.03e-03   0.8 1.00e+00 7.95e-01h  1
 291r 5.3858067e+00 9.30e-03 4.20e+02  -5.2 1.97e-02   0.3 4.24e-01 3.56e-02f  1
 292r 5.3858790e+00 9.30e-03 1.91e+02  -6.0 4.09e-03   0.7 5.48e-02 4.62e-01f  1
 293r 5.3859045e+00 9.30e-03 6.02e-01  -6.0 1.15e-03   1.2 1.00e+00 1.00e+00f  1
 294r 5.3860440e+00 9.30e-03 2.62e+01  -6.0 6.02e-03   0.7 3.07e-01 1.00e+00h  1
 295r 5.3861174e+00 9.30e-03 2.60e+00  -6.0 2.86e-03   1.1 9.43e-01 1.00e+00h  1
 296r 5.3867961e+00 9.30e-03 7.15e+01  -6.0 3.54e-02   0.6 7.56e-02 8.56e-01f  1
 297r 5.3869389e+00 9.99e-03 6.68e+01  -6.0 1.68e-02   1.1 1.77e-01 3.85e-01f  1
 298r 5.3875242e+00 9.30e-03 4.37e+01  -6.0 1.56e-02   0.6 7.46e-01 9.65e-01f  1
 299r 5.3881143e+00 9.56e-03 3.12e+02  -7.9 1.39e-01   0.1 3.70e-03 1.33e-01f  1
iter    objective    inf_pr   inf_du lg(mu)  ||d||  lg(rg) alpha_du alpha_pr  ls
 300r 5.3886080e+00 9.93e-03 1.03e+02  -4.0 5.14e-01  -0.4 1.82e-01 4.69e-02f  1
 301r 5.3889516e+00 9.92e-03 6.11e+01  -5.0 7.19e-03   1.0 6.45e-01 1.00e+00h  1
 302r 5.3891394e+00 9.91e-03 1.90e+01  -5.0 2.16e-02   0.5 6.66e-01 2.04e-01h  1
 303r 5.3903071e+00 9.86e-03 5.30e+00  -5.0 6.45e-02   0.0 5.49e-01 5.88e-01f  1
 304r 5.3908982e+00 9.84e-03 6.82e+01  -5.0 1.49e-01  -0.5 4.82e-01 1.18e-01f  1
 305r 5.3915029e+00 9.82e-03 1.11e+02  -5.0 2.64e-01  -0.9 2.51e-01 6.98e-02f  1
 306r 5.3915422e+00 9.80e-03 1.02e+02  -5.0 4.80e-01  -1.4 2.58e-02 3.84e-02f  1
 307r 5.3912568e+00 9.80e-03 1.05e+02  -5.0 2.64e+01  -1.9 3.00e-03 9.47e-04f  1
 308r 5.3890291e+00 9.76e-03 1.03e+02  -5.0 5.97e-01  -1.5 1.33e-01 1.04e-01f  1
 309r 5.3837647e+00 9.76e-03 1.02e+02  -5.0 3.93e+01  -1.9 2.65e-03 3.03e-03f  1
iter    objective    inf_pr   inf_du lg(mu)  ||d||  lg(rg) alpha_du alpha_pr  ls
 310r 5.3795223e+00 9.69e-03 3.09e+02  -3.5 9.14e-01  -1.5 7.94e-01 1.38e-01f  1
 311r 5.3710453e+00 9.66e-03 2.77e+02  -4.0 1.57e+00    -  1.32e-02 8.30e-02f  1
 312r 5.3710031e+00 9.66e-03 2.49e+02  -4.0 8.84e-01  -1.1 1.02e-01 8.64e-03f  1
 313r 5.3699753e+00 9.68e-03 1.83e+02  -4.0 2.36e+00    -  1.07e-01 3.56e-02f  1
 314r 5.3613607e+00 9.61e-03 1.43e+02  -4.0 4.52e-01    -  2.35e-01 2.25e-01f  1
 315r 5.3613837e+00 9.61e-03 1.39e+02  -4.0 6.24e+01  -1.6 8.10e-04 8.92e-05h  1
 316r 5.3613276e+00 9.61e-03 1.38e+02  -4.0 2.58e+00    -  5.01e-05 9.03e-04f  1
 317r 5.3613412e+00 9.61e-03 9.46e+01  -4.0 5.38e+01  -1.1 4.18e-03 4.24e-05h  1
 318r 5.3605094e+00 9.61e-03 9.22e+01  -4.0 5.47e-01  -1.6 1.44e-02 1.94e-02f  1
 319r 5.3604502e+00 9.61e-03 8.31e+01  -4.0 1.07e+00  -1.2 6.01e-02 9.84e-03f  1
iter    objective    inf_pr   inf_du lg(mu)  ||d||  lg(rg) alpha_du alpha_pr  ls
 320r 5.3604290e+00 9.61e-03 7.97e+01  -4.0 6.69e-01    -  1.94e-02 3.43e-04h  1
 321r 5.3586464e+00 9.60e-03 6.96e+01  -4.0 1.56e-01  -1.7 3.08e-01 7.51e-02f  1
 322r 5.3346055e+00 9.57e-03 3.59e+01  -4.0 3.68e-01    -  5.47e-02 4.19e-01f  1
 323r 5.3226327e+00 9.56e-03 2.53e+01  -4.0 2.95e-01  -2.1 5.46e-01 2.55e-01h  1
 324r 5.3249412e+00 9.56e-03 1.26e+01  -4.0 4.48e-01    -  1.00e+00 1.38e-01h  1
 325r 5.3271432e+00 9.55e-03 1.89e-01  -4.0 1.72e-01    -  1.00e+00 1.00e+00f  1
 326r 5.3241434e+00 9.55e-03 3.29e-02  -4.0 3.38e-02    -  1.00e+00 1.00e+00h  1
 327r 5.3249154e+00 9.55e-03 2.92e-03  -4.0 9.23e-03    -  1.00e+00 1.00e+00h  1
 328r 5.3275105e+00 9.55e-03 9.94e+00  -5.0 2.74e-01    -  5.88e-01 3.86e-01f  1
 329r 5.3340842e+00 9.55e-03 7.02e+00  -5.0 3.24e+00    -  6.40e-02 9.60e-02f  1
iter    objective    inf_pr   inf_du lg(mu)  ||d||  lg(rg) alpha_du alpha_pr  ls
 330r 5.3343128e+00 9.55e-03 2.33e+01  -5.0 5.21e-03   1.0 8.41e-01 1.00e+00f  1
 331r 5.3295496e+00 9.55e-03 1.15e+01  -3.9 1.40e+00    -  1.08e-01 3.58e-02f  1
 332r 5.3308201e+00 9.55e-03 1.74e+01  -4.8 3.46e-01    -  3.78e-02 5.04e-02h  3
 333r 5.3356899e+00 9.54e-03 4.03e+01  -4.8 3.76e+00    -  3.12e-02 1.99e-02h  1
 334r 5.3356443e+00 9.54e-03 4.07e+01  -4.8 8.29e-03   0.5 9.84e-01 2.32e-01h  1
 335r 5.3356897e+00 9.54e-03 3.79e+02  -4.8 2.46e-03   0.9 3.95e-03 1.00e+00h  1
 336r 5.3355817e+00 9.55e-03 1.24e+01  -4.3 3.28e-03   0.5 1.00e+00 1.00e+00f  1
 337r 5.3507304e+00 9.54e-03 1.04e+02  -4.4 3.54e-01    -  2.29e-01 5.11e-01f  1
 338r 5.3529144e+00 9.54e-03 7.06e+01  -4.4 4.93e-01    -  3.47e-01 1.70e-01h  1
 339r 5.3529463e+00 9.54e-03 3.28e+02  -4.4 2.88e-03   0.9 1.87e-01 2.57e-01h  1
iter    objective    inf_pr   inf_du lg(mu)  ||d||  lg(rg) alpha_du alpha_pr  ls
 340r 5.3527775e+00 9.54e-03 2.10e+02  -4.4 4.36e-03   0.4 4.25e-01 1.00e+00f  1
 341r 5.3527581e+00 9.54e-03 4.39e+02  -4.4 1.17e-02  -0.1 3.95e-01 9.99e-01h  1
 342r 5.3528417e+00 9.54e-03 7.45e+02  -4.4 5.10e-01    -  5.79e-02 1.68e-02f  1
 343r 5.3524797e+00 9.54e-03 6.30e+02  -4.4 1.73e-02   0.4 3.91e-03 2.03e-01f  1
 344r 5.3525979e+00 9.54e-03 5.11e+02  -4.4 1.08e-02   0.8 1.88e-01 1.89e-01f  1
 345r 5.3471441e+00 9.54e-03 5.02e+02  -4.4 3.56e+00    -  6.19e-03 1.19e-02f  1
 346r 5.3471284e+00 9.54e-03 3.46e+04  -4.4 4.31e-03   2.1 2.77e-02 1.00e+00h  1
 347r 5.3471284e+00 9.54e-03 6.05e+03  -4.4 2.09e-06   4.3 1.00e+00 8.25e-01h  1
 348r 5.3471284e+00 9.54e-03 5.77e+03  -4.4 5.83e-06   3.9 3.01e-01 1.34e-01f  2
 349r 5.3471287e+00 9.54e-03 2.85e-02  -4.4 1.16e-05   3.4 1.00e+00 1.00e+00h  1
iter    objective    inf_pr   inf_du lg(mu)  ||d||  lg(rg) alpha_du alpha_pr  ls
 350r 5.3353243e+00 9.54e-03 3.45e+01  -2.9 7.69e+00    -  3.36e-02 4.52e-02f  1
 351r 5.3353892e+00 9.54e-03 1.00e+00  -4.2 1.23e-03   2.9 1.00e+00 1.00e+00h  1
 352r 5.3353969e+00 9.54e-03 3.30e-02  -4.2 1.22e-04   2.4 1.00e+00 1.00e+00h  1
 353r 5.3354156e+00 9.54e-03 2.72e-02  -4.2 3.00e-04   2.0 1.00e+00 1.00e+00h  1
 354r 5.3354560e+00 9.54e-03 1.79e-02  -4.2 5.94e-04   1.5 1.00e+00 1.00e+00h  1
 355r 5.3355485e+00 9.54e-03 1.83e-02  -4.2 1.82e-03   1.0 1.00e+00 1.00e+00h  1
 356r 5.3357111e+00 9.54e-03 2.18e+00  -4.2 4.10e-03   0.5 1.00e+00 7.39e-01h  1
 357r 5.3361111e+00 9.54e-03 5.38e-02  -4.2 8.66e-03   0.0 1.00e+00 1.00e+00f  1
 358r 5.3368648e+00 9.53e-03 5.31e+00  -4.2 2.24e-02  -0.4 1.00e+00 7.81e-01h  1
 359r 5.3352649e+00 9.53e-03 3.76e+01  -4.2 4.45e-02  -0.9 1.00e+00 4.32e-01f  1
iter    objective    inf_pr   inf_du lg(mu)  ||d||  lg(rg) alpha_du alpha_pr  ls
 360r 5.3225464e+00 9.52e-03 2.88e+01  -4.2 1.28e-01  -1.4 5.36e-01 9.05e-01f  1
 361r 5.3100588e+00 9.52e-03 4.53e+01  -4.2 3.10e-01  -1.9 5.49e-01 2.65e-01f  1
 362r 5.2958414e+00 9.51e-03 6.22e+01  -4.2 8.77e-01  -2.3 1.59e-01 1.04e-01f  1
 363r 5.2679132e+00 9.49e-03 2.14e+01  -4.2 7.77e+01  -2.8 5.43e-04 3.26e-03f  1
 364r 5.2624644e+00 9.48e-03 4.75e+01  -4.2 1.15e+00  -2.4 8.20e-02 3.46e-02h  1
 365r 5.2620025e+00 9.48e-03 8.76e+00  -4.2 4.64e-01  -2.0 4.04e-01 6.47e-02h  1
 366r 5.2621679e+00 9.48e-03 1.07e+01  -4.2 1.24e+00    -  1.59e-02 1.24e-01h  1
 367r 5.2639700e+00 9.47e-03 1.79e+01  -4.2 5.58e-01  -2.4 2.45e-01 3.56e-01f  1
 368r 5.2624109e+00 9.47e-03 3.81e+01  -4.2 2.18e-01  -1.1 1.00e+00 3.36e-01f  1
 369r 5.2580969e+00 9.45e-03 1.94e+01  -4.2 2.93e-01  -1.6 5.95e-01 8.72e-01f  1
iter    objective    inf_pr   inf_du lg(mu)  ||d||  lg(rg) alpha_du alpha_pr  ls
 370r 5.2576853e+00 9.45e-03 5.03e+00  -4.2 5.64e-02  -0.3 7.89e-01 7.56e-01h  1
 371r 5.2567222e+00 9.43e-03 8.74e+01  -4.2 3.92e+00  -0.7 1.54e-02 8.84e-02f  1
 372r 5.2566587e+00 9.42e-03 2.56e+01  -4.2 3.30e-02   0.6 8.53e-01 1.00e+00f  1
 373r 5.2574136e+00 9.36e-03 6.78e+01  -4.2 1.87e-01   0.1 1.76e-01 9.12e-01f  1
 374r 5.2576998e+00 9.29e-03 4.98e+01  -4.2 1.07e-01   0.5 6.08e-01 1.00e+00f  1
 375r 5.2576166e+00 9.24e-03 1.37e+01  -4.2 4.23e-02   1.0 8.78e-01 1.00e+00f  1
 376r 5.2576754e+00 9.09e-03 1.58e+02  -4.2 2.76e-01   0.5 1.14e-01 5.98e-01f  1
 377r 5.2571986e+00 9.03e-03 2.32e+02  -6.2 8.57e-02   0.9 2.68e-02 3.47e-01f  1
 378r 5.2567261e+00 9.00e-03 5.26e+02  -3.0 1.77e-01   1.3 1.25e-01 2.68e-01f  1
 379r 5.2563687e+00 8.97e-03 1.74e+02  -3.7 6.10e-02   1.8 3.28e-01 6.58e-01f  1
iter    objective    inf_pr   inf_du lg(mu)  ||d||  lg(rg) alpha_du alpha_pr  ls
 380r 5.2559714e+00 8.93e-03 2.02e+02  -3.7 7.17e-01   1.3 3.55e-02 9.76e-02f  1
 381r 5.2558708e+00 8.92e-03 1.51e+02  -3.7 1.12e-01   1.7 2.25e-01 1.62e-01f  1
 382r 5.2556336e+00 8.90e-03 1.55e+02  -3.7 1.88e+00   1.2 2.13e-02 2.60e-02f  1
 383r 5.2552132e+00 8.88e-03 2.10e+02  -3.4 1.67e-01   1.7 1.00e+00 2.90e-01f  1
 384r 5.2550907e+00 8.87e-03 9.76e+01  -2.7 5.43e-02   2.1 1.00e+00 3.02e-01f  1
 385r 5.2546462e+00 8.86e-03 7.13e+01  -3.0 2.31e-01   1.6 2.78e-01 1.99e-01f  1
 386r 5.2545228e+00 8.86e-03 1.33e+02  -3.0 6.98e-02   2.0 1.00e+00 1.62e-01f  1
 387r 5.2545219e+00 8.86e-03 4.02e+03  -3.0 1.34e-02   1.6 9.55e-01 7.78e-02f  1
 388r 5.2525172e+00 8.76e-03 4.54e+02  -3.0 1.40e-01   1.1 9.53e-03 1.00e+00f  1
 389r 5.2523906e+00 8.76e-03 4.45e+02  -3.0 1.80e-01   0.6 5.65e-02 2.11e-02f  1
iter    objective    inf_pr   inf_du lg(mu)  ||d||  lg(rg) alpha_du alpha_pr  ls
 390r 5.2522865e+00 8.74e-03 3.82e+02  -3.0 4.26e-02   1.0 8.73e-01 1.49e-01f  1
 391r 5.2480515e+00 8.42e-03 3.45e+02  -3.0 1.84e-01   0.6 1.63e-01 1.00e+00f  1
 392r 5.2493867e+00 9.06e-03 6.20e+02  -3.0 3.17e-01   0.1 4.15e-01 9.33e-01f  1
 393r 5.2513029e+00 8.32e-03 1.44e+02  -3.0 6.20e-01  -0.4 3.47e-01 1.50e-01f  1
 394  5.2513000e+00 8.32e-03 3.90e+02  -5.5 1.79e-01    -  9.05e-02 2.31e-04h  1
 395  5.2512948e+00 8.30e-03 1.52e+03  -1.7 5.12e+00    -  6.55e-03 1.54e-03f  1
 396  5.2512852e+00 8.30e-03 1.54e+03   0.3 1.29e+02    -  7.24e-05 1.89e-06f  2
 397  5.2514236e+00 8.29e-03 4.12e+03  -5.6 8.18e+00    -  2.46e-03 1.05e-03h  1
 398  5.2513570e+00 8.29e-03 2.05e+03   0.3 1.47e+02    -  1.14e-04 1.36e-05f  1
 399  5.2506493e+00 8.30e-03 5.79e+03   0.3 1.23e+02    -  6.18e-05 2.58e-04f  1
iter    objective    inf_pr   inf_du lg(mu)  ||d||  lg(rg) alpha_du alpha_pr  ls
 400  5.2506331e+00 8.23e-03 3.34e+03  -1.0 7.61e+00    -  1.66e-02 7.80e-03f  1
 401  5.2507069e+00 8.23e-03 3.28e+03  -5.6 9.21e+00    -  1.33e-03 9.61e-04h  5
 402  5.2507079e+00 8.23e-03 6.15e+08   0.3 4.18e-01   4.4 1.00e+00 4.19e-05h  1
 403  5.2515390e+00 8.14e-03 6.04e+08   0.3 1.79e+01    -  1.78e-02 1.88e-02f  1
 404  5.2554761e+00 8.50e-03 5.98e+08   0.3 7.71e+00    -  9.86e-03 1.15e-02f  1
 405  5.2615014e+00 8.13e-03 5.78e+08   0.3 9.62e+00    -  3.25e-02 2.76e-02f  1
 406  5.2620371e+00 8.15e-03 5.72e+08   0.3 2.15e+01    -  1.18e-02 1.38e-02f  1
 407  5.2569775e+00 8.30e-03 5.63e+08   0.3 2.72e+01    -  1.60e-02 1.94e-02f  1
 408  5.2542276e+00 1.03e-02 5.25e+08   0.3 2.93e+01    -  6.62e-02 3.03e-02f  1
 409  5.2529269e+00 1.03e-02 5.16e+08   0.3 1.96e+01    -  1.74e-02 2.24e-03f  2
iter    objective    inf_pr   inf_du lg(mu)  ||d||  lg(rg) alpha_du alpha_pr  ls
 410  5.2473484e+00 1.03e-02 5.16e+08   0.3 5.90e+01    -  4.30e-04 1.85e-03f  2
 411  5.2460274e+00 1.03e-02 5.11e+08   0.1 7.28e+01    -  8.14e-03 3.69e-04f  4
 412  5.2223093e+00 3.93e-02 5.07e+08   1.6 1.59e+02    -  7.80e-03 1.16e-02f  1
 413  5.2490068e+00 4.32e-01 4.90e+08   1.8 1.12e+02    -  3.36e-02 1.65e-02f  1
 414  5.2490121e+00 4.31e-01 4.80e+08   0.6 3.06e-01   6.6 2.34e-02 3.54e-03h  1
 415  5.2490844e+00 4.26e-01 4.72e+08   0.6 6.74e-01   6.2 1.66e-02 2.83e-02h  1
 416  5.2491744e+00 4.22e-01 4.62e+08   0.6 5.77e-01   5.7 2.13e-02 2.37e-02h  1
 417  5.2491970e+00 4.21e-01 4.27e+08   0.6 4.51e-01   5.2 7.59e-02 6.29e-03h  1
 418  5.2493251e+00 4.05e-01 4.11e+08   0.6 3.78e-01   4.7 3.59e-02 3.72e-02h  1
 419  5.2493511e+00 4.00e-01 3.37e+08   0.6 4.23e-01   4.3 1.80e-01 1.25e-02h  1
iter    objective    inf_pr   inf_du lg(mu)  ||d||  lg(rg) alpha_du alpha_pr  ls
 420  5.2493554e+00 4.00e-01 1.10e+09   0.6 7.73e-01   6.5 9.36e-02 1.35e-03h  1
 421  5.2494659e+00 3.98e-01 1.54e+09   0.6 2.52e+00   6.0 6.74e-03 3.27e-03h  1
 422  5.2495312e+00 3.98e-01 1.65e+09   0.6 3.64e+00   5.5 2.23e-03 7.76e-04h  1
 423  5.2496637e+00 3.98e-01 2.01e+09   0.6 4.29e+00   5.1 1.20e-02 9.72e-04h  1
 424  5.2506224e+00 3.93e-01 1.88e+09   0.6 5.43e+00   4.6 2.06e-03 1.05e-02h  1
 425  5.2527439e+00 3.84e-01 1.81e+09   0.6 6.37e+00   4.1 1.90e-02 2.42e-02h  1
 426  5.2527798e+00 3.84e-01 7.08e+09   0.6 5.02e+00   6.3 7.56e-03 2.53e-04h  1
 427  5.2529803e+00 3.83e-01 7.82e+09   0.6 5.71e+00   5.9 5.92e-03 3.30e-03h  1
 428  5.2535622e+00 3.79e-01 8.27e+09   0.6 5.86e+00   5.4 1.42e-02 9.00e-03h  1
 429  5.2549236e+00 3.74e-01 8.96e+09   0.6 5.80e+00   4.9 3.63e-02 1.24e-02h  1
iter    objective    inf_pr   inf_du lg(mu)  ||d||  lg(rg) alpha_du alpha_pr  ls
 430  5.2555437e+00 3.71e-01 9.80e+09   0.6 6.12e+00   5.3 1.75e-02 8.46e-03h  1
 431  5.2559384e+00 3.70e-01 1.03e+10   0.6 6.68e+00   4.9 1.87e-02 2.86e-03h  1
 432  5.2568102e+00 3.67e-01 9.43e+09   0.6 6.23e+00   5.3 5.71e-04 8.81e-03h  1
 433  5.2571292e+00 3.67e-01 9.42e+09   0.6 1.07e+01   4.8 1.05e-03 9.28e-04h  1
 434  5.2573917e+00 3.66e-01 9.41e+09   0.6 8.01e+00   5.2 8.69e-04 8.40e-04h  1
 435  5.2574329e+00 3.66e-01 9.43e+09   0.6 3.79e+00   6.6 3.36e-04 5.38e-04h  1
 436  5.2574724e+00 3.66e-01 9.24e+09   0.6 7.40e+00   6.1 7.37e-04 2.70e-04h  1
 437  5.2575543e+00 3.66e-01 9.21e+09   0.6 3.45e+00   6.5 1.57e-03 1.27e-03h  1
 438  5.2577254e+00 3.65e-01 1.18e+10   0.6 2.00e+01   6.0 7.76e-06 1.60e-03h  1
 439  5.2574958e+00 3.64e-01 1.23e+10   0.6 2.93e+01   5.5 7.73e-04 1.57e-03f  1
iter    objective    inf_pr   inf_du lg(mu)  ||d||  lg(rg) alpha_du alpha_pr  ls
 440  5.2574725e+00 3.64e-01 1.16e+10   0.6 2.50e+01   5.1 4.60e-03 1.02e-03f  1
 441  5.2579485e+00 3.51e-01 1.26e+10   0.6 1.76e+00   5.5 3.55e-03 3.67e-02f  1
 442  5.2579766e+00 3.50e-01 1.06e+10   0.6 7.59e-01   5.0 1.44e-01 1.78e-03h  1
 443  5.2615052e+00 3.26e-01 1.04e+10   0.6 1.26e+00   4.5 2.99e-02 7.02e-02f  1
 444  5.2615978e+00 3.23e-01 6.39e+09   0.6 7.49e-01   5.0 3.74e-01 7.69e-03h  1
 445  5.2658996e+00 2.84e-01 6.37e+09   0.6 7.60e-01   4.5 9.03e-03 1.23e-01f  1
 446  5.2659576e+00 2.81e-01 1.87e+09   0.6 6.90e-01   4.9 6.97e-01 8.44e-03h  1
 447  5.2710701e+00 2.24e-01 1.66e+09   0.6 6.80e-01   4.4 1.19e-01 2.08e-01f  1
 448  5.2710721e+00 2.23e-01 1.98e+09   0.6 1.96e-01   8.5 1.06e-02 1.02e-03h  1
 449  5.2710858e+00 2.22e-01 2.40e+09   0.6 4.29e-01   8.0 4.55e-02 4.88e-03h  1
iter    objective    inf_pr   inf_du lg(mu)  ||d||  lg(rg) alpha_du alpha_pr  ls
 450  5.2711128e+00 2.20e-01 2.63e+09   0.6 5.59e-01   8.4 1.67e-02 8.90e-03h  1
 451  5.2711999e+00 2.14e-01 3.06e+09   0.6 5.58e-01   8.0 9.03e-02 3.08e-02h  1
 452  5.2712909e+00 2.06e-01 3.08e+09   0.6 5.44e-01   8.4 4.03e-02 3.54e-02h  1
 453  5.2713723e+00 2.00e-01 3.46e+09   0.6 5.23e-01   7.9 1.49e-01 3.01e-02h  1
 454  5.2714129e+00 1.97e-01 5.90e+09   0.6 5.12e-01   8.3 1.55e-01 1.55e-02h  1
 455  5.2715981e+00 1.83e-01 5.48e+09   0.6 5.01e-01   7.8 7.56e-02 6.96e-02h  1
 456  5.2716372e+00 1.80e-01 1.73e+10   0.6 4.65e-01   7.4 1.00e+00 1.62e-02h  1
 457  5.2720222e+00 1.48e-01 1.43e+10   0.6 4.61e-01   6.9 2.96e-02 1.78e-01f  1
 458  5.2720812e+00 1.43e-01 1.79e+10   0.6 3.86e-01   7.3 6.07e-01 3.44e-02h  1
 459  5.2720802e+00 1.35e-01 1.21e+10   0.6 3.75e-01   6.8 3.94e-01 6.00e-02h  1
iter    objective    inf_pr   inf_du lg(mu)  ||d||  lg(rg) alpha_du alpha_pr  ls
 460  5.2721370e+00 1.19e-01 1.04e+10   0.6 3.53e-01   7.3 9.00e-02 1.20e-01h  1
 461  5.2721324e+00 1.08e-01 9.04e+09   0.6 3.14e-01   6.8 3.60e-01 8.95e-02f  1
 462  5.2721317e+00 1.08e-01 9.04e+09   0.6 2.92e-01   6.3 7.02e-01 2.23e-03h  1
 463  5.2721263e+00 8.01e-02 7.31e+09   0.6 3.02e-01   5.8 1.75e-01 2.58e-01f  1
 464  5.2721174e+00 7.96e-02 7.28e+09   0.6 2.18e-01   6.3 8.51e-03 6.97e-03h  1
 465  5.2721169e+00 7.96e-02 1.04e+10   0.6 2.13e-01   6.7 6.59e-02 4.32e-04h  1
 466  5.2719959e+00 7.12e-02 8.77e+09   0.6 2.17e-01   6.2 7.63e-03 1.05e-01f  1
 467  5.2719718e+00 6.93e-02 8.49e+09   0.6 2.01e-01   5.7 3.20e-02 2.69e-02f  1
 468  5.2719707e+00 6.92e-02 3.53e+10   0.6 1.87e-01   7.1 2.28e-01 1.27e-03h  1
 469  5.2718349e+00 6.05e-02 3.22e+10   0.6 1.88e-01   6.6 2.52e-01 1.27e-01f  1
iter    objective    inf_pr   inf_du lg(mu)  ||d||  lg(rg) alpha_du alpha_pr  ls
 470  5.2717897e+00 5.81e-02 2.37e+10   0.6 1.67e-01   6.1 2.99e-01 3.87e-02h  1
 471  5.2717065e+00 5.21e-02 2.43e+10   0.6 1.66e-01   5.6 1.54e-03 1.04e-01f  1
 472  5.2717051e+00 5.20e-02 6.94e+10   0.6 1.42e-01   7.0 6.59e-01 1.92e-03h  1
 473  5.2716932e+00 5.12e-02 6.30e+10   0.6 1.40e-01   6.5 1.40e-01 1.57e-02h  1
 474  5.2713865e+00 3.87e-02 6.11e+10   0.6 1.43e-01   6.0 2.73e-02 2.44e-01f  1
 475  5.2713509e+00 3.68e-02 1.33e+10   0.6 1.06e-01   6.4 1.00e+00 4.97e-02h  1
 476  5.2712287e+00 3.07e-02 1.33e+10   0.6 1.02e-01   6.0 4.11e-02 1.65e-01f  1
 477  5.2712173e+00 3.01e-02 6.79e+09   0.6 8.48e-02   6.4 1.00e+00 1.98e-02h  1
 478  5.2709439e+00 1.85e-02 4.85e+09   0.6 8.42e-02   5.9 3.31e-01 3.88e-01f  1
 479  5.2708895e+00 1.61e-02 3.76e+09   0.6 5.13e-02   6.3 1.00e+00 1.29e-01f  1
iter    objective    inf_pr   inf_du lg(mu)  ||d||  lg(rg) alpha_du alpha_pr  ls
 480  5.2707963e+00 1.21e-02 5.14e+09   0.0 4.49e-02   5.9 1.00e+00 2.50e-01h  1
 481  5.2707618e+00 1.06e-02 3.67e+09  -0.9 3.35e-02   6.3 1.00e+00 1.20e-01h  1
 482  5.2705227e+00 1.03e-03 5.89e+08  -1.5 2.96e-02   5.8 1.00e+00 9.05e-01h  1
 483  5.2704890e+00 1.01e-04 8.57e+06  -1.4 4.20e-03   5.3 9.96e-01 1.00e+00f  1
 484  5.2703190e+00 1.64e-04 3.62e+07  -0.7 6.84e-03   4.8 1.00e+00 3.83e-01f  1
 485  5.2703117e+00 1.22e-04 2.48e+06  -2.2 1.85e-03   4.4 9.87e-01 1.00e+00f  1
 486  5.2702838e+00 1.64e-04 7.42e+06  -2.8 1.72e-03   3.9 1.00e+00 1.00e+00h  1
 487  5.2702175e+00 1.22e-04 3.80e+06  -3.4 1.67e-03   3.4 1.00e+00 1.00e+00h  1
 488  5.2700452e+00 1.64e-04 1.07e+07  -3.9 1.70e-03   2.9 1.00e+00 1.00e+00h  1
 489  5.2695421e+00 1.22e-04 5.13e+06  -4.4 1.68e-03   2.5 1.00e+00 1.00e+00h  1
iter    objective    inf_pr   inf_du lg(mu)  ||d||  lg(rg) alpha_du alpha_pr  ls
 490  5.2680491e+00 1.64e-04 1.39e+07  -5.0 2.47e-03   2.0 1.00e+00 1.00e+00h  1
 491  5.2635839e+00 1.22e-04 6.45e+06  -5.6 7.46e-03   1.5 1.00e+00 1.00e+00h  1
 492  5.2601328e+00 9.91e-05 2.17e+06  -5.6 2.16e-02   1.0 1.00e+00 2.79e-01h  1
 493  5.2597017e+00 1.04e-04 1.40e+08  -3.6 6.62e-02   0.6 8.93e-01 8.25e-02f  1
 494  5.2305901e+00 2.82e-04 3.85e+08  -3.4 7.79e-02   0.1 8.24e-01 1.00e+00f  1
 495  5.1132450e+00 1.67e-03 3.37e+08  -3.1 5.50e+00    -  1.55e-01 1.23e-01f  1
 496  4.9322511e+00 5.52e-03 2.67e+08  -4.2 5.27e+00    -  1.40e-01 2.01e-01h  1
 497  4.8724779e+00 5.60e-03 2.45e+08  -9.4 6.31e+00    -  8.97e-02 8.07e-02h  1
 498  4.8249861e+00 1.25e-02 2.18e+08  -3.1 4.38e+00    -  3.38e-01 1.07e-01h  1
 499  4.7195085e+00 9.97e-03 1.50e+08  -3.6 3.48e+00    -  2.42e-01 2.62e-01h  1
iter    objective    inf_pr   inf_du lg(mu)  ||d||  lg(rg) alpha_du alpha_pr  ls
 500  4.6740682e+00 8.88e-03 6.98e+07  -3.4 2.59e+00    -  1.84e-01 2.62e-01h  1
 501  4.7388000e+00 8.69e-03 4.54e+07  -2.1 3.75e+01    -  6.11e-02 3.74e-02f  1
 502  4.6771174e+00 5.55e-03 2.74e+10  -3.1 8.89e-01    -  6.88e-05 8.14e-01f  1
 503  4.6771353e+00 5.43e-03 2.69e+10  -1.7 6.84e-02   7.9 1.00e+00 2.15e-02h  1
 504  4.6772064e+00 4.93e-03 2.44e+10  -0.8 6.73e-02   7.4 1.00e+00 9.20e-02f  1
 505  4.6772393e+00 4.62e-03 2.28e+10   0.3 6.25e-02   7.0 1.00e+00 6.42e-02f  1
 506  4.6774051e+00 3.48e-03 1.72e+10   0.6 5.81e-02   7.4 1.00e+00 2.46e-01h  1
 507  4.6777962e+00 2.65e-03 1.31e+10   1.7 4.63e-02   6.9 1.00e+00 2.38e-01f  1
 508  4.6795225e+00 2.39e-03 1.18e+10   2.5 1.43e-01   6.4 1.00e+00 1.01e-01f  1
 509  4.6821676e+00 1.70e-03 8.40e+09   2.7 3.74e-02   6.9 1.00e+00 2.86e-01f  1
iter    objective    inf_pr   inf_du lg(mu)  ||d||  lg(rg) alpha_du alpha_pr  ls
 510  4.6914187e+00 1.41e-03 1.27e+10   3.3 1.33e-01   6.4 1.00e+00 1.73e-01f  1
 511  4.7027621e+00 8.83e-05 2.94e+08   3.3 5.04e-02   6.8 1.00e+00 9.76e-01f  1
 512  4.7028711e+00 1.33e-04 1.32e+10   3.4 1.33e-02   8.1 1.00e+00 1.14e-01h  1
 513  4.7030867e+00 9.04e-05 2.40e+09   3.4 1.77e-03   8.6 1.00e+00 6.90e-01h  1
 514  4.7031002e+00 8.88e-05 2.57e+09   2.7 4.40e-03   8.1 1.00e+00 7.14e-02f  2
 515  4.7031020e+00 9.22e-05 8.66e+09   2.7 1.45e-02   8.5 1.00e+00 2.08e-02h  2
 516  4.7031491e+00 3.46e-04 9.09e+09   2.0 3.60e-03   8.0 1.00e+00 1.00e+00f  1
 517  4.7031762e+00 9.23e-05 1.67e+08   1.3 3.50e-03   7.6 1.00e+00 1.00e+00h  1
 518  4.7031773e+00 8.96e-05 2.93e+09   0.6 3.87e-03   7.1 1.00e+00 7.23e-02h  1
 519  4.7031776e+00 8.96e-05 2.54e+11   0.8 2.12e-02   6.6 1.00e+00 3.31e-03h  3
iter    objective    inf_pr   inf_du lg(mu)  ||d||  lg(rg) alpha_du alpha_pr  ls
 520  4.7031780e+00 8.95e-05 7.75e+11   0.7 2.46e-02   6.1 7.29e-01 2.03e-03h  8
 521  4.7031784e+00 8.95e-05 4.88e+12   0.7 4.72e-02   5.7 5.03e-01 6.72e-04h  8
 522  4.7031791e+00 8.95e-05 2.26e+13   0.7 5.75e-02   5.2 5.70e-01 5.25e-04h  9
 523  4.7031814e+00 8.95e-05 6.46e+13   0.7 8.63e-02   4.7 5.30e-01 4.90e-04h  9
 524  4.7036102e+00 4.79e-04 9.33e+13   0.7 1.90e-01   4.2 1.17e-01 6.74e-02f  2
 525  4.7042870e+00 9.11e-05 6.47e+11   0.7 4.92e-03   5.6 1.00e+00 1.00e+00f  1
 526  4.7078215e+00 8.95e-05 1.83e+13   0.7 6.82e-01    -  6.29e-01 3.60e-02f  1
 527  4.7078217e+00 8.95e-05 2.42e+16   0.7 1.80e-01   5.1 2.62e-01 1.11e-04h  2
 528  4.7091104e+00 1.49e-03 3.55e+16   0.7 5.51e-02   4.6 3.59e-01 2.87e-01f  2
 529  4.7211006e+00 1.37e-03 3.25e+16   0.7 1.32e+00    -  4.78e-02 8.40e-02f  1
iter    objective    inf_pr   inf_du lg(mu)  ||d||  lg(rg) alpha_du alpha_pr  ls
 530  4.7235066e+00 1.04e-03 2.48e+16   0.7 1.17e-01   4.1 6.04e-01 2.38e-01f  1
 531  4.7988760e+00 2.72e-03 6.68e+15   0.7 9.27e-01    -  2.68e-01 7.23e-01f  1
 532  4.8056010e+00 3.88e-04 2.16e+14   0.7 2.81e-02   3.6 1.00e+00 1.00e+00f  1
 533  4.8148606e+00 3.49e-04 8.31e+14   0.7 1.14e+00    -  4.91e-01 1.00e-01f  1
 534  4.8148963e+00 3.48e-04 5.42e+17   0.7 1.10e-01   3.2 1.00e+00 2.34e-03h  1
In iteration 534, 1 Slack too small, adjusting variable bound
 535  4.8402062e+00 1.71e-03 1.61e+18   0.7 9.54e-02   2.7 6.15e-01 8.56e-01f  1
 536  4.8407937e+00 1.74e-03 1.60e+18   0.7 7.53e+00    -  1.70e-02 1.30e-03f  2
 537  4.9667076e+00 1.13e-02 2.96e+17   0.7 1.51e+00    -  4.96e-01 1.00e+00f  1
In iteration 537, 1 Slack too small, adjusting variable bound
 538  5.0662360e+00 6.42e-03 9.11e+17   0.7 2.50e+00    -  7.86e-01 5.69e-01f  1
 539  5.2181231e+00 2.09e-02 3.48e+17   0.7 1.79e+00    -  8.45e-01 6.13e-01f  1
iter    objective    inf_pr   inf_du lg(mu)  ||d||  lg(rg) alpha_du alpha_pr  ls
 540  5.2649604e+00 1.36e-03 7.87e+15   0.7 4.53e-01    -  1.00e+00 1.00e+00f  1
In iteration 540, 1 Slack too small, adjusting variable bound
 541  5.2645011e+00 1.23e-03 1.02e+17   0.7 6.71e-02    -  1.00e+00 9.48e-02h  1
In iteration 541, 1 Slack too small, adjusting variable bound
 542  5.2643738e+00 1.18e-03 3.10e+18   0.7 6.75e-02    -  1.00e+00 3.75e-02h  1
In iteration 542, 1 Slack too small, adjusting variable bound
 543  5.2600432e+00 2.45e-04 2.49e+18   0.7 6.61e-02    -  1.00e+00 1.00e+00h  1
In iteration 543, 1 Slack too small, adjusting variable bound
 544  5.2601596e+00 9.69e-05 1.53e+17   0.7 2.56e-03    -  1.00e+00 1.00e+00h  1
In iteration 544, 1 Slack too small, adjusting variable bound
 545  5.2601167e+00 9.03e-05 6.41e+17   0.7 2.58e-03    -  1.00e+00 1.59e-01h  1
In iteration 545, 1 Slack too small, adjusting variable bound
 546  5.2601249e+00 9.02e-05 5.32e+19   0.7 1.27e-02    -  1.00e+00 8.29e-03h  2
In iteration 546, 1 Slack too small, adjusting variable bound
 547  5.2598349e+00 3.48e-04 2.31e+20   0.7 1.77e-02    -  1.00e+00 1.87e-01h  1
In iteration 547, 1 Slack too small, adjusting variable bound
 548  5.2600131e+00 9.33e-05 2.99e+18   0.7 3.51e-03    -  1.00e+00 1.00e+00h  1
In iteration 548, 1 Slack too small, adjusting variable bound
 549  5.2599885e+00 9.01e-05 4.65e+19   0.7 3.51e-03    -  1.00e+00 7.15e-02h  1
In iteration 549, 1 Slack too small, adjusting variable bound
iter    objective    inf_pr   inf_du lg(mu)  ||d||  lg(rg) alpha_du alpha_pr  ls
 550  5.2599907e+00 9.01e-05 2.70e+22   0.7 5.29e-02    -  1.00e+00 4.95e-04h  3
In iteration 550, 1 Slack too small, adjusting variable bound
 551  5.2586911e+00 1.52e-03 9.45e+22   0.7 6.75e-02    -  1.00e+00 2.20e-01h  1
In iteration 551, 1 Slack too small, adjusting variable bound
 552  5.2594362e+00 3.53e-04 1.12e+21   0.7 1.48e-02    -  9.91e-01 1.00e+00h  1
In iteration 552, 1 Slack too small, adjusting variable bound
 553  5.2593822e+00 3.38e-04 2.54e+22   0.7 1.47e-02    -  1.00e+00 4.50e-02h  1
In iteration 553, 1 Slack too small, adjusting variable bound
 554  5.2595540e+00 1.58e-04 6.43e+21   0.7 2.18e-03    -  1.00e+00 1.00e+00h  1
In iteration 554, 1 Slack too small, adjusting variable bound
 555  5.2593309e+00 1.10e-04 2.19e+21   0.7 1.88e-03    -  1.00e+00 1.00e+00h  1
In iteration 555, 1 Slack too small, adjusting variable bound
 556  5.2593767e+00 9.52e-05 1.81e+21   0.7 1.88e-03    -  1.00e+00 4.83e-01h  1
In iteration 556, 1 Slack too small, adjusting variable bound
 557  5.2593323e+00 9.16e-05 1.36e+22   0.7 2.96e-03    -  1.00e+00 1.47e-01h  1
In iteration 557, 1 Slack too small, adjusting variable bound
 558  5.2593381e+00 9.04e-05 1.53e+23   0.5 5.54e-03    -  1.00e+00 2.74e-02h  3
In iteration 558, 1 Slack too small, adjusting variable bound
 559  5.2601096e+00 9.17e-05 8.88e+25   3.4 1.16e+00    -  1.00e+00 1.79e-03h  1
In iteration 559, 1 Slack too small, adjusting variable bound
iter    objective    inf_pr   inf_du lg(mu)  ||d||  lg(rg) alpha_du alpha_pr  ls
 560  5.2608851e+00 5.30e-04 1.64e+25   3.4 7.49e-03    -  1.00e+00 1.00e+00f  1
In iteration 560, 1 Slack too small, adjusting variable bound
 561  5.2602763e+00 9.15e-05 8.47e+22   3.4 5.47e-03    -  1.00e+00 1.00e+00f  1
In iteration 561, 1 Slack too small, adjusting variable bound
 562  5.2603026e+00 9.01e-05 5.30e+24   3.4 7.00e-03    -  1.00e+00 2.96e-02h  1
In iteration 562, 1 Slack too small, adjusting variable bound
 563  5.2602985e+00 9.03e-05 2.88e+28   3.4 2.60e-01    -  1.00e+00 1.93e-04h  1
In iteration 563, 1 Slack too small, adjusting variable bound
 564  5.2603006e+00 9.02e-05 2.03e+27   3.4 1.57e-02    -  1.00e+00 3.91e-03h  9
In iteration 564, 1 Slack too small, adjusting variable bound
 565  5.2601230e+00 2.65e-04 3.62e+28   3.4 4.63e-02    -  1.00e+00 5.28e-02h  1
In iteration 565, 1 Slack too small, adjusting variable bound
 566  5.2604386e+00 9.61e-05 2.70e+26   3.4 2.74e-03    -  9.97e-01 1.00e+00h  1
In iteration 566, 1 Slack too small, adjusting variable bound
 567  5.2604757e+00 9.24e-05 1.44e+27   3.4 4.08e-03    -  1.00e+00 1.86e-01h  1
In iteration 567, 1 Slack too small, adjusting variable bound
 568  5.2605383e+00 9.16e-05 1.09e+28   3.4 6.31e-03    -  1.00e+00 8.05e-02h  2
In iteration 568, 1 Slack too small, adjusting variable bound
 569  5.2605371e+00 9.17e-05 5.07e+28   3.4 5.38e-03    -  1.00e+00 5.59e-02h  3
In iteration 569, 1 Slack too small, adjusting variable bound
iter    objective    inf_pr   inf_du lg(mu)  ||d||  lg(rg) alpha_du alpha_pr  ls
 570  5.2605763e+00 9.07e-05 1.16e+29   3.4 6.59e-03    -  1.00e+00 4.61e-02h  4
In iteration 570, 1 Slack too small, adjusting variable bound
 571  5.2605674e+00 9.17e-05 8.45e+28   3.4 9.25e-03    -  1.00e+00 2.58e-02h  3
In iteration 571, 1 Slack too small, adjusting variable bound
 572  5.2606060e+00 9.07e-05 2.83e+28   3.4 6.54e-03    -  1.00e+00 4.57e-02h  2
In iteration 572, 1 Slack too small, adjusting variable bound
 573  5.2606020e+00 9.03e-05 1.01e+29   3.4 9.53e-03    -  1.00e+00 1.05e-02h  1
In iteration 573, 1 Slack too small, adjusting variable bound
 574  5.2606030e+00 9.03e-05 2.26e+29   3.4 4.15e-02    -  1.00e+00 2.48e-04h  1
In iteration 574, 1 Slack too small, adjusting variable bound
 575  5.2606033e+00 9.03e-05 3.52e+29   3.4 9.30e-02    -  1.00e+00 3.21e-05h  1
 576  5.2606034e+00 9.03e-05 4.77e+29   3.4 1.45e-01    -  9.82e-06 9.82e-06s  6
 577  5.2606035e+00 9.03e-05 6.03e+29   3.4 1.96e-01    -  4.23e-06 4.23e-06s  6
 578  5.2606035e+00 9.03e-05 7.29e+29   3.4 2.48e-01    -  2.20e-06 2.20e-06s  6
 579  5.2606035e+00 9.03e-05 8.54e+29   3.4 3.00e-01    -  1.29e-06 1.29e-06s  6
iter    objective    inf_pr   inf_du lg(mu)  ||d||  lg(rg) alpha_du alpha_pr  ls
 580  5.2606036e+00 9.03e-05 9.80e+29   3.4 3.51e-01    -  8.17e-07 8.17e-07s  6
 581r 5.2606036e+00 9.03e-05 1.00e+03   3.4 0.00e+00    -  0.00e+00 0.00e+00R  1
 582r 5.2605246e+00 4.03e-05 1.01e+01  -2.7 2.82e+00    -  9.90e-01 9.90e-01f  1
 583r 5.2605709e+00 1.38e-05 7.52e+00  -4.7 2.83e-02    -  6.54e-01 9.85e-01f  1
 584r 5.2579227e+00 7.19e-03 1.69e+03  -1.8 2.02e-01    -  4.52e-01 2.81e-01f  1
 585r 5.2581405e+00 6.68e-03 1.57e+03  -1.2 2.87e-01    -  6.16e-01 7.07e-02f  1
 586r 5.2640095e+00 8.01e-04 8.08e+00  -1.1 4.80e-02    -  1.00e+00 1.00e+00f  1
 587r 5.2651325e+00 4.99e-04 4.25e+01  -1.4 5.92e-02   0.0 9.25e-01 8.07e-01f  1
 588r 5.2647589e+00 2.24e-04 1.17e+00  -1.9 2.93e-02   1.3 1.00e+00 1.00e+00f  1
 589  5.2642489e+00 2.34e-04 5.30e+01   2.8 1.74e+04    -  3.59e-06 1.32e-06f  3
iter    objective    inf_pr   inf_du lg(mu)  ||d||  lg(rg) alpha_du alpha_pr  ls
 590  5.2582456e+00 2.00e-03 2.29e+03   2.1 3.17e+02    -  1.83e-03 1.40e-04f  2
 591  5.2601319e+00 3.06e-03 1.34e+06   2.1 8.61e+01    -  1.00e+00 1.71e-03f  2
 592  5.2527413e+00 1.19e-03 7.33e+04   2.1 1.13e-01    -  1.00e+00 9.40e-01H  1
 593  5.2528286e+00 7.65e-03 1.18e+06   2.1 7.07e-02   5.8 1.00e+00 1.00e+00f  1
 594  5.2528370e+00 4.74e-05 1.11e+04   2.1 8.14e-03   5.3 8.75e-01 1.00e+00f  1
 595  5.2528292e+00 1.23e-07 3.42e+03   0.2 5.10e-04    -  9.97e-01 1.00e+00f  1
 596  5.2510951e+00 6.24e-07 2.81e+00  -1.4 4.65e-03    -  1.00e+00 1.00e+00f  1
 597  5.1751922e+00 1.21e-03 3.13e+00  -2.1 2.04e-01    -  9.91e-01 1.00e+00f  1
 598  4.9420320e+00 1.16e-02 8.57e-02  -2.2 6.21e-01    -  1.00e+00 1.00e+00h  1
 599  4.9651379e+00 2.48e-04 2.87e-03  -2.2 8.34e-02    -  1.00e+00 1.00e+00h  1
iter    objective    inf_pr   inf_du lg(mu)  ||d||  lg(rg) alpha_du alpha_pr  ls
 600  4.8343628e+00 4.81e-03 1.53e+01  -3.3 3.70e-01    -  7.45e-01 1.00e+00f  1
 601  4.8362795e+00 4.99e-06 4.45e+02  -3.3 5.95e-03   4.9 1.00e+00 1.00e+00h  1
 602  4.8362764e+00 7.90e-12 2.85e-01  -5.0 1.15e-05   4.4 1.00e+00 1.00e+00h  1
 603  4.8362556e+00 2.11e-11 2.08e-01  -6.9 2.52e-05   3.9 1.00e+00 1.00e+00h  1
 604  4.8361931e+00 1.90e-10 2.08e-01  -8.8 7.55e-05   3.4 1.00e+00 1.00e+00f  1
 605  4.8360057e+00 1.71e-09 2.08e-01 -10.5 2.27e-04   3.0 1.00e+00 1.00e+00f  1
 606  4.8354445e+00 1.53e-08 2.09e-01 -11.0 6.81e-04   2.5 1.00e+00 1.00e+00f  1
 607  4.8337712e+00 1.36e-07 2.09e-01 -11.0 2.05e-03   2.0 1.00e+00 1.00e+00f  1
 608  4.8288366e+00 1.17e-06 2.11e-01 -11.0 6.21e-03   1.5 1.00e+00 1.00e+00f  1
 609  4.8282958e+00 1.14e-06 2.12e-01 -11.0 1.91e-02   1.1 1.00e+00 3.78e-02h  1
iter    objective    inf_pr   inf_du lg(mu)  ||d||  lg(rg) alpha_du alpha_pr  ls
 610  4.8282901e+00 1.14e-06 2.12e-01 -11.0 5.93e-02   0.6 1.00e+00 1.38e-04h  1
 611  4.8260300e+00 1.31e-06 2.12e-01 -11.0 1.81e-01   0.1 1.00e+00 2.05e-02f  1
 612  4.8258646e+00 1.31e-06 2.12e-01 -10.6 5.20e-01  -0.4 1.00e+00 5.89e-04f  1
 613  4.8216794e+00 1.34e-06 2.12e-01  -9.5 1.27e+00  -0.9 1.00e+00 6.56e-03f  1
 614  4.8165367e+00 1.40e-06 2.11e-01  -8.4 2.48e+00  -1.3 1.00e+00 4.30e-03f  1
 615  4.8086066e+00 1.43e-06 2.11e-01  -7.0 4.04e+00  -1.8 1.00e+00 4.21e-03f  1
 616  4.8001191e+00 3.54e-06 2.09e-01  -5.9 1.49e+00  -1.4 1.00e+00 1.24e-02f  1
 617  4.7842128e+00 1.46e-05 2.06e-01  -4.9 2.11e+00  -1.9 1.00e+00 1.75e-02f  1
 618  4.7496858e+00 1.08e-04 1.98e-01  -5.0 2.19e+00  -2.3 1.34e-01 3.92e-02f  1
 619  4.7100992e+00 2.56e-04 1.91e-01  -5.0 2.58e+00  -2.8 1.06e-01 3.83e-02f  1
iter    objective    inf_pr   inf_du lg(mu)  ||d||  lg(rg) alpha_du alpha_pr  ls
 620  4.6884396e+00 3.32e-04 2.08e-01  -5.0 1.37e+00  -2.4 4.29e-01 5.03e-02h  1
 621  4.6449716e+00 7.51e-04 7.19e-01  -4.1 2.27e+00  -2.9 1.00e+00 8.27e-02f  1
 622  4.6199662e+00 1.84e-03 2.51e+00  -3.5 8.37e-01  -3.3 1.00e+00 1.86e-01h  1
 623  4.5810529e+00 1.42e+00 1.45e+00  -4.2 4.07e+00    -  4.25e-01 4.99e-01h  1
 624  4.5653964e+00 9.19e-01 5.24e-01  -4.1 4.44e+00    -  6.46e-01 5.83e-01h  1
 625  4.5671012e+00 4.63e+00 6.84e-02  -3.9 2.29e+00  -3.8 7.74e-01 1.00e+00h  1
 626  4.5661046e+00 4.36e+00 2.07e-01  -4.0 5.79e+00  -3.4 1.90e-01 5.56e-02h  1
 627  4.5634645e+00 3.88e+00 2.18e-01  -4.0 3.59e+00    -  7.22e-02 9.78e-02h  1
 628  4.5603989e+00 2.49e+00 2.24e-01  -4.0 1.37e+00  -3.9 5.04e-02 3.73e-01h  1
 629  4.5528704e+00 1.32e+00 6.13e-02  -4.2 9.49e-01  -1.6 7.68e-01 7.32e-01h  1
iter    objective    inf_pr   inf_du lg(mu)  ||d||  lg(rg) alpha_du alpha_pr  ls
 630  4.5618922e+00 5.72e-01 1.19e+00  -3.7 3.25e+00    -  1.00e+00 4.52e-01h  1
 631  4.5622578e+00 1.95e-03 1.31e-01  -3.8 2.28e+00    -  8.59e-01 1.00e+00h  1
 632  4.5456140e+00 7.49e-04 3.45e-03  -4.1 2.27e-01    -  1.00e+00 1.00e+00h  1
 633  4.5328771e+00 1.30e-03 8.50e-03  -4.4 9.78e-02    -  9.94e-01 1.00e+00h  1
 634  4.5269737e+00 4.88e-04 3.96e-02  -4.6 7.50e-02    -  1.00e+00 9.59e-01h  1
 635  4.5252599e+00 1.12e-04 6.71e-01  -4.7 5.26e-02    -  1.00e+00 9.45e-01h  1
 636  4.5219172e+00 2.16e-04 6.25e-01  -5.2 9.03e-02    -  1.00e+00 7.48e-01h  1
 637  4.5223336e+00 1.76e-07 1.34e-01  -4.6 5.34e-04   2.4 1.00e+00 1.00e+00h  1
 638  4.5222181e+00 7.64e-09 8.33e-02  -5.3 1.24e-04   2.8 1.00e+00 1.00e+00h  1
 639  4.5217970e+00 3.77e-08 1.03e-01  -6.0 4.62e-04   2.3 1.00e+00 1.00e+00h  1
iter    objective    inf_pr   inf_du lg(mu)  ||d||  lg(rg) alpha_du alpha_pr  ls
 640  4.5214915e+00 8.30e-08 2.44e-01  -6.8 7.27e-04   1.9 1.00e+00 4.91e-01h  1
 641  4.5212977e+00 1.80e-07 2.21e-01  -7.4 9.90e-04   1.4 1.00e+00 2.68e-01h  1
 642  4.5211536e+00 3.04e-07 1.91e-01  -7.4 1.74e-03   0.9 1.00e+00 1.38e-01h  1
 643  4.5210204e+00 4.22e-07 1.44e-01  -7.0 4.12e-03   0.4 1.00e+00 7.59e-02h  1
 644  4.5207901e+00 7.56e-07 4.97e-02  -6.4 6.63e-03  -0.0 1.00e+00 8.90e-02h  1
 645  4.5209184e+00 3.06e-04 4.27e+00  -5.0 3.43e-02  -0.5 1.00e+00 9.96e-02h  1
 646  4.5208743e+00 2.81e-04 3.96e+00  -5.1 2.08e-02  -1.0 2.14e-01 8.12e-02h  1
 647  4.5202897e+00 1.81e-04 2.33e+00  -5.1 8.35e-02  -1.5 1.79e-01 3.60e-01f  1
 648  4.5189056e+00 1.66e-04 1.51e+00  -5.1 2.50e-01  -1.9 1.79e-01 2.72e-01f  1
 649  4.5188262e+00 1.65e-04 2.12e+00 -11.0 2.88e-01  -2.4 1.65e-01 1.03e-02h  1
iter    objective    inf_pr   inf_du lg(mu)  ||d||  lg(rg) alpha_du alpha_pr  ls
 650  4.5174808e+00 2.33e-04 1.87e+00  -5.7 3.66e-01  -2.9 1.73e-01 1.53e-01h  1
 651  4.5166846e+00 1.13e-03 1.71e+00  -5.6 1.34e+00  -3.4 1.13e-02 2.99e-02h  1
 652  4.5166384e+00 7.10e-03 2.36e+00  -3.5 5.77e+00  -2.9 4.96e-02 2.04e-02f  1
 653  4.5183486e+00 4.04e-03 1.98e+00  -4.4 1.22e-01  -1.6 3.84e-01 4.41e-01h  1
 654  4.5147956e+00 3.81e-03 1.72e+00  -4.7 1.34e+00    -  1.42e-01 1.27e-01h  1
 655  4.5123737e+00 7.27e-04 1.07e+01  -5.6 7.42e-03  -0.3 5.36e-01 8.09e-01h  1
 656  4.5128087e+00 5.95e-04 8.79e+00  -4.6 1.82e-02  -0.8 9.92e-01 1.81e-01h  1
 657  4.5127944e+00 1.35e-04 5.77e-01  -4.8 3.32e-02  -1.2 9.10e-01 9.49e-01h  1
 658  4.5114487e+00 3.55e-04 6.41e-01 -10.8 1.37e-01  -1.7 1.43e-02 1.66e-01h  1
 659  4.5110965e+00 7.18e-04 1.18e+00  -4.2 1.48e+00    -  4.96e-01 1.04e-01h  1
iter    objective    inf_pr   inf_du lg(mu)  ||d||  lg(rg) alpha_du alpha_pr  ls
 660  4.5117782e+00 5.66e-04 9.14e-01  -4.5 1.79e-01    -  6.94e-01 2.74e-01h  1
 661  4.5119943e+00 1.41e-03 1.09e+00  -4.5 1.51e-01    -  1.00e+00 4.61e-01h  1
 662  4.5119413e+00 1.44e-03 4.93e+00  -4.5 7.06e+00  -1.3 4.76e-06 6.35e-04h  2
 663  4.5125486e+00 2.11e-03 1.54e+01  -4.5 1.15e-01    -  8.20e-02 1.00e+00h  1
 664  4.5125502e+00 7.34e-04 5.37e+00  -4.5 1.08e-02  -0.9 1.00e+00 6.58e-01h  1
 665  4.5124556e+00 8.76e-04 4.11e+00  -4.5 8.74e-02    -  8.08e-02 4.83e-01f  2
 666  4.5124265e+00 1.42e-04 7.27e-01  -4.5 3.04e-03  -1.3 1.00e+00 8.44e-01h  1
 667  4.5125031e+00 7.49e-04 7.50e-02  -4.5 5.83e-02    -  9.39e-01 1.00e+00f  1
 668  4.5124768e+00 1.19e-05 2.32e-02  -4.5 2.07e-02    -  1.00e+00 1.00e+00h  1
 669  4.5077118e+00 3.28e-04 4.48e-01  -5.0 7.45e-02    -  1.00e+00 8.07e-01h  1
iter    objective    inf_pr   inf_du lg(mu)  ||d||  lg(rg) alpha_du alpha_pr  ls
 670  4.5055203e+00 1.45e-03 2.21e-01  -5.2 1.18e-01    -  1.00e+00 9.35e-01h  1
 671  4.5047152e+00 1.37e-04 2.50e-03  -5.3 4.91e-02    -  1.00e+00 1.00e+00h  1
 672  4.5038146e+00 1.71e-04 1.47e+00  -5.8 8.50e-02    -  1.00e+00 8.56e-01h  1
 673  4.5035674e+00 1.09e-04 5.66e-03  -5.8 1.81e-01    -  1.00e+00 1.00e+00h  1
 674  4.5032974e+00 2.01e-05 5.95e-01  -6.3 4.20e-03  -1.8 1.00e+00 9.80e-01h  1
 675  4.5031866e+00 4.86e-05 1.64e+00  -6.9 1.30e-03  -0.5 1.00e+00 9.08e-01h  1
 676  4.5031892e+00 2.39e-05 2.54e+00  -6.6 1.05e-03  -1.0 1.00e+00 5.13e-01h  1
 677  4.5031451e+00 1.02e-05 1.59e+00  -6.9 4.52e-03  -1.5 1.00e+00 8.70e-01h  1
 678  4.5031312e+00 6.32e-05 9.64e-02  -7.0 1.91e-03  -1.0 1.00e+00 9.88e-01h  1
 679  4.5031155e+00 4.25e-05 2.71e+00 -11.0 6.72e-03  -1.5 4.89e-01 3.96e-01h  1
iter    objective    inf_pr   inf_du lg(mu)  ||d||  lg(rg) alpha_du alpha_pr  ls
 680  4.5031066e+00 5.63e-05 2.32e+01 -11.0 6.73e-03  -2.0 8.68e-03 2.69e-01h  1
 681  4.5031044e+00 1.88e-05 1.30e-03  -7.4 9.43e-04  -0.6 1.00e+00 1.00e+00h  1
 682  4.5032267e+00 1.26e-04 4.96e-03  -6.4 6.26e-03  -1.1 1.00e+00 1.00e+00h  1
 683  4.5031953e+00 1.70e-05 7.98e+00  -6.5 8.17e-03  -1.6 6.25e-01 1.00e+00h  1
 684  4.5032839e+00 1.33e-04 1.37e+01  -6.2 2.56e-02  -2.1 7.53e-01 1.00e+00h  1
 685  4.5032602e+00 9.31e-05 2.62e+01  -6.3 6.89e-03  -0.8 1.00e+00 4.45e-01h  1
 686  4.5032269e+00 2.16e-05 5.91e+01  -6.3 3.24e-03  -1.2 1.67e-01 7.69e-01f  1
 687  4.5032213e+00 2.30e-05 1.93e-02  -6.3 1.03e-02  -1.7 1.00e+00 1.00e+00f  1
 688  4.5032214e+00 7.82e-11 8.23e-04  -6.3 3.07e-05   1.4 1.00e+00 1.00e+00h  1

Number of Iterations....: 688

                                   (scaled)                 (unscaled)
Objective...............:   4.5032213817309028e+00    4.5032213817309028e+00
Dual infeasibility......:   8.2281884253107931e-04    8.2281884253107931e-04
Constraint violation....:   7.8244966061902232e-11    7.8244966061902232e-11
Complementarity.........:   1.1246984240649863e-06    1.1246984240649863e-06
Overall NLP error.......:   8.2281884253107931e-04    8.2281884253107931e-04


Number of objective function evaluations             = 1050
Number of objective gradient evaluations             = 418
Number of equality constraint evaluations            = 1050
Number of inequality constraint evaluations          = 1050
Number of equality constraint Jacobian evaluations   = 694
Number of inequality constraint Jacobian evaluations = 694
Number of Lagrangian Hessian evaluations             = 688
Total CPU secs in IPOPT (w/o function evaluations)   =      4.021
Total CPU secs in NLP function evaluations           =      1.876

EXIT: Optimal Solution Found.
 
Ipopt 3.13.4: Optimal Solution Found

suffix ipopt_zU_out OUT;
suffix ipopt_zL_out OUT;

"option abs_boundtol 3.5851382164109324e-06;"
or "option rel_boundtol 4.78018428854791e-06;"
will change deduced dual values.

sum{i in 1 .. Nfe - 1} dt[i] = 20.312

tf = 20.312

