  0.00000000
  0.00000000
  0.00000000
  0.00000000
 -0.00000000
  0.00000000
  0.00000000
  0.00000000
  0.00000000
  0.00000000
  0.00000000
  0.00000000
 -0.00000000
  0.00000000
 -0.00000000
  0.00000000
  0.00000000
  0.00000000
  0.00000000
  0.00000000
  0.00000000
  0.00000000
  0.00000000
  0.00000000
  0.00000000
  0.00000000
 -0.00000000
  0.00000000
 -0.00000000
  0.00000000
 -0.00000000
  0.00000000
  0.00000000
  0.00000000
  0.00000000
  0.00000000
  0.00000000
  0.00000000
  0.00000000
  0.00000000
  0.00000000
  0.00000000
 -0.00000000
  0.00000000
  0.00000000
  0.00000000
 -0.00000000
  0.00000000
  0.00000000
  0.00000000
  0.00000000
  0.00000000
  0.00000000
  0.00000000
  0.00000000
  0.00000000
  0.00000000
  0.00000000
 -0.00000000
  0.00000000
 -0.00000000
  0.00000000
 -0.00000000
  0.00000000
  0.00000000
  0.00000000
 -0.00000000
  0.00000000
  0.00000000
  0.00000000
  0.00000000
  0.00000000
 -0.00000000
  0.00000000
 -0.00000000
  0.00000000
 -0.00000000
  0.00000000
 -0.00000000
  0.00000000
  0.00000000
  0.00000000
 -0.00000000
  0.00000000
  0.01160287
  0.06801987
  0.13137774
  0.20253636
  0.27758975
  0.34341489
  0.40923955
  0.47506333
  0.54088537
  0.60670420
  0.67252031
  0.70787540
  0.72283009
  0.73659435
  0.74809161
  0.75630444
  0.54037106
  0.53752829
  0.51288613
  0.48824407
  0.46360285
  0.44554965
  0.41336687
  0.46699654
  0.45474806
  0.43918636
  0.42071685
  0.39957105
  0.37586392
  0.34963213
  0.31835166
  0.24501651
  0.18268103
  0.12847033
  0.08060222
  0.03798800
