  0.00000000
  0.00000000
  0.00287633
  0.00000098
  0.00000131
  0.00000138
  0.00000147
  0.00000160
  0.00000178
  0.00000052
  0.02718785
  0.06112507
  0.10255748
  0.15252791
  0.19139197
  0.15806239
  0.12020479
  0.07735911
  0.02898223
  0.00015715
  0.00023267
  0.00038150
  0.00079474
  0.04504686
  0.00006230
  0.02225916
  0.04677729
  0.07403620
  0.10476010
  0.08160869
  0.05595692
  0.02884973
  0.00000095
  0.00000190
  0.00000154
  0.00000128
  0.00000003
  0.05108679
  0.08600337
  0.11691164
  0.14486971
  0.17118809
  0.19626622
  0.22038795
  0.22952981
  0.20667597
  0.18301500
  0.15832778
  0.13233392
  0.10401838
  0.07265270
  0.03788044
  0.00000001
  0.00000087
  0.00000100
  0.00000117
  0.00000036
  0.03383605
  0.06629929
  0.09802080
  0.12977042
  0.14146494
  0.10184547
  0.06572992
  0.02790315
  0.00877182
  0.03130848
  0.00000339
  0.00000185
  0.00000129
  0.00000100
  0.00000007
  0.03222792
  0.05993024
  0.08381588
  0.10443067
  0.12220909
  0.10649994
  0.06874613
  0.04096298
  0.02101265
  0.00760450
  0.00000003
  0.00683699
  0.00123273
  0.01078238
  0.02789160
  0.05449783
  0.08556543
  0.10826941
  0.13189854
  0.15645264
  0.18193136
  0.20833399
  0.23566062
  0.22606994
  0.19010550
  0.15104632
  0.10738977
  0.05761388
  0.00000012
  0.00000186
  0.00000255
  0.00000394
  0.00000810
  0.02032557
  0.00000325
  0.00000010
  0.06973006
  0.12977551
  0.18120127
  0.22475457
  0.26087534
  0.28970641
  0.27071279
  0.17359355
  0.10447835
  0.05609037
  0.02408703
  0.00587983
