task_id 16

[x]
1 2.106537530000
2 2.106537530000
3 2.106537530000
4 2.128360880000
5 2.171953640000
6 2.237320700000
7 2.324462110000
8 2.433377870000
9 2.564068000000
10 2.716532520000
11 2.892478660000
12 3.090556400000
13 3.310280330000
14 3.550844480000
15 3.810924550000
16 4.088718850000
17 4.381110840000
18 4.687529380000
19 5.008274760000
20 5.344659440000
21 5.699160560000
22 6.073459110000
23 6.467548540000
24 6.881416930000
25 7.315029940000
26 7.765486930000
27 8.235660950000
28 8.732508520000
29 9.263855110000
30 9.837325680000
31 10.459174490000
32 11.119424050000
33 11.811104420000
34 12.465031980000
35 13.138561480000
36 13.831693410000
37 14.544427680000
38 15.674531360000
39 16.546154110000
40 17.383071860000
41 18.185079840000
42 18.944076480000
43 19.643675890000
44 20.261031940000
45 20.768933310000
46 21.148849220000
47 21.390828550000
48 21.485519850000
49 21.435234350000
50 21.250732290000
51 20.947908780000
52 20.545888920000
53 20.066286470000
54 19.632869710000
55 19.203553740000
56 18.784202520000
57 18.374816260000
58 17.900662440000
59 17.439930750000
60 16.969567390000
61 16.470785770000
62 15.930207500000
63 15.325481180000
64 14.683402490000
65 14.034612030000
66 13.496061240000
67 12.799391600000
68 12.136077920000
69 11.513435160000
70 10.923199200000
71 10.365370140000
72 9.839948040000
73 9.253044400000
74 8.712066180000
75 8.213801700000
76 7.757790770000
77 7.346283320000
78 6.983449960000
79 6.674158750000
80 6.419338030000
81 6.214808270000
82 6.056416130000
83 5.941282150000
84 5.867893090000
85 5.835745550000
86 5.844850700000
87 5.895212410000
88 5.986274760000
89 6.115767230000
90 6.280208590000
91 6.471655210000
92 6.679948100000
93 6.890960760000
94 7.086030280000
95 7.241802100000
96 7.330795240000
97 7.323028430000
98 7.206764000000
99 6.988013340000
100 6.678623280000
101 6.294985830000
102 5.984232570000
103 5.675114410000
104 5.380167710000
105 5.099392600000
106 4.832789270000
107 4.580358210000
108 4.344972970000
109 4.079046330000
110 3.832972370000
111 3.614601090000
112 3.428999490000
113 3.278956190000
114 3.165193330000
115 3.086432930000
116 3.037184250000
117 3.013878440000
118 3.004188790000
119 3.000895280000
120 3.000100400000
121 3.000000000000

[y]
1 23.444309930000
2 23.444309930000
3 23.444309930000
4 23.449326790000
5 23.459392550000
6 23.474486030000
7 23.494607150000
8 23.519755840000
9 23.549932020000
10 23.585135600000
11 23.625760660000
12 23.671495680000
13 23.724288160000
14 23.787174160000
15 23.864485230000
16 23.962192660000
17 24.085747490000
18 24.233949340000
19 24.404574360000
20 24.594289190000
21 24.798538770000
22 25.014219610000
23 25.241342950000
24 25.479931400000
25 25.730045890000
26 25.998369360000
27 26.278449980000
28 26.558514840000
29 26.823715570000
30 27.054925170000
31 27.227344800000
32 27.349284280000
33 27.434368190000
34 27.494265240000
35 27.555957950000
36 27.619446560000
37 27.684731010000
38 27.788245770000
39 27.868084270000
40 27.898520880000
41 27.853380570000
42 27.713641330000
43 27.467730070000
44 27.112380420000
45 26.654592600000
46 26.099288160000
47 25.442390030000
48 24.720747700000
49 23.966044380000
50 23.202049120000
51 22.442570130000
52 21.691349970000
53 20.942412060000
54 20.322757320000
55 19.708965450000
56 19.109419840000
57 18.524120730000
58 17.846223010000
59 17.187514770000
60 16.564625100000
61 15.993798370000
62 15.493076780000
63 15.072711010000
64 14.758442370000
65 14.524884130000
66 14.373052800000
67 14.199048840000
68 14.040014450000
69 13.912751720000
70 13.792112010000
71 13.678095700000
72 13.570702920000
73 13.450743520000
74 13.340170970000
75 13.256216590000
76 13.209350150000
77 13.204332130000
78 13.240816900000
79 13.313812230000
80 13.405792760000
81 13.497229960000
82 13.576594960000
83 13.637580640000
84 13.677226990000
85 13.694593780000
86 13.689701950000
87 13.662558940000
88 13.612148540000
89 13.535575930000
90 13.425880570000
91 13.273726950000
92 13.069915140000
93 12.805500000000
94 12.473386580000
95 12.070412270000
96 11.599852260000
97 11.074120050000
98 10.513382130000
99 9.933747010000
100 9.343505290000
101 8.742176850000
102 8.300098500000
103 7.860346310000
104 7.440753900000
105 7.041321330000
106 6.662048560000
107 6.302935320000
108 5.963135820000
109 5.579249470000
110 5.224022120000
111 4.892359600000
112 4.581620090000
113 4.291438570000
114 4.023319380000
115 3.780079510000
116 3.554848030000
117 3.367576750000
118 3.219096430000
119 3.108866760000
120 3.036080890000
121 3.000000000000

[theta]
1 0.225959220000
2 0.225959220000
3 0.225959220000
4 0.226927290000
5 0.226926230000
6 0.226924820000
7 0.226923340000
8 0.226921760000
9 0.226920050000
10 0.226918140000
11 0.226917580000
12 0.235797720000
13 0.255688800000
14 0.288940010000
15 0.338211480000
16 0.399807000000
17 0.450488940000
18 0.488890710000
19 0.513514410000
20 0.522706080000
21 0.522755740000
22 0.522829000000
23 0.522948690000
24 0.523197130000
25 0.537229170000
26 0.537248500000
27 0.513288160000
28 0.462935850000
29 0.383241340000
30 0.270474820000
31 0.182629080000
32 0.122395580000
33 0.091340970000
34 0.091341260000
35 0.091341830000
36 0.091342300000
37 0.091342680000
38 0.091342650000
39 0.036351490000
40 -0.056224800000
41 -0.182071560000
42 -0.338013120000
43 -0.522284480000
44 -0.733550600000
45 -0.970781970000
46 -1.217853890000
47 -1.440325330000
48 -1.637327480000
49 -1.807755670000
50 -1.950203370000
51 -2.062171490000
52 -2.140376770000
53 -2.181152260000
54 -2.181152260000
55 -2.181152000000
56 -2.181151700000
57 -2.181151340000
58 -2.181151240000
59 -2.217573250000
60 -2.288939550000
61 -2.394451710000
62 -2.534139990000
63 -2.686416570000
64 -2.796045710000
65 -2.866799120000
66 -2.896834800000
67 -2.906277020000
68 -2.939978290000
69 -2.939977260000
70 -2.939976690000
71 -2.939976290000
72 -2.939975980000
73 -2.939975960000
74 -2.974666940000
75 -3.039177420000
76 -3.129399040000
77 -3.241810960000
78 -3.373360030000
79 -3.487999370000
80 -3.561999510000
81 -3.606093140000
82 -3.628711710000
83 -3.636897400000
84 -3.636897390000
85 -3.634601770000
86 -3.635921370000
87 -3.647181100000
88 -3.675611680000
89 -3.729880550000
90 -3.813128710000
91 -3.916117590000
92 -4.038847050000
93 -4.181316840000
94 -4.343526410000
95 -4.525474820000
96 -4.727161230000
97 -4.916833960000
98 -5.073256640000
99 -5.195189180000
100 -5.280270140000
101 -5.325083450000
102 -5.325083410000
103 -5.325082780000
104 -5.325081920000
105 -5.325080590000
106 -5.325077860000
107 -5.318211110000
108 -5.318213970000
109 -5.318214050000
110 -5.294656600000
111 -5.250813520000
112 -5.189596880000
113 -5.113666280000
114 -5.025532720000
115 -4.927658930000
116 -4.836201910000
117 -4.777555440000
118 -4.742258700000
119 -4.723309250000
120 -4.715171730000
121 -4.713185310000

[v]
1 0.000000000000
2 0.000000000000
3 0.129585600000
4 0.259186640000
5 0.388648630000
6 0.518110630000
7 0.647572640000
8 0.777034670000
9 0.906496690000
10 1.035958710000
11 1.166689210000
12 1.297372490000
13 1.428007850000
14 1.558599410000
15 1.689162480000
16 1.819912020000
17 1.950725400000
18 2.081590620000
19 2.212489790000
20 2.343403740000
21 2.474345170000
22 2.605286540000
23 2.736227830000
24 2.867169290000
25 2.998111000000
26 3.129272810000
27 3.260439000000
28 3.391635540000
29 3.522955210000
30 3.654589910000
31 3.787020940000
32 3.919990950000
33 4.053325120000
34 4.174829480000
35 4.296333620000
36 4.417837550000
37 4.539341040000
38 4.726834240000
39 4.865703300000
40 4.994775750000
41 4.999989910000
42 4.999993080000
43 4.999994990000
44 4.999996240000
45 4.999995140000
46 4.999994090000
47 4.999990450000
48 4.999963170000
49 4.886556180000
50 4.765962170000
51 4.727684250000
52 4.862834870000
53 4.999993120000
54 4.919525250000
55 4.805335230000
56 4.691143540000
57 4.576951190000
58 4.441392550000
59 4.305650690000
60 4.169690170000
61 4.033342100000
62 3.896325270000
63 3.754561390000
64 3.611762630000
65 3.468574550000
66 3.347586100000
67 3.186708190000
68 3.026171490000
69 2.868666830000
70 2.711162070000
71 2.553657250000
72 2.396152370000
73 2.208652610000
74 2.021152830000
75 1.833653040000
76 1.646153240000
77 1.458653430000
78 1.271153610000
79 1.083653750000
80 0.896153900000
81 0.708654050000
82 0.521154210000
83 0.333654360000
84 0.146154940000
85 -0.041344370000
86 -0.228843510000
87 -0.416342330000
88 -0.603840120000
89 -0.790692000000
90 -0.978190540000
91 -1.165688890000
92 -1.353186910000
93 -1.540684400000
94 -1.728180940000
95 -1.915675840000
96 -2.103168810000
97 -2.290667700000
98 -2.478166610000
99 -2.665665500000
100 -2.853164240000
101 -3.040660930000
102 -2.965440730000
103 -2.829494060000
104 -2.693546760000
105 -2.557599280000
106 -2.421651740000
107 -2.285704230000
108 -2.150068740000
109 -1.987168390000
110 -1.824072310000
111 -1.660798900000
112 -1.497346560000
113 -1.333718380000
114 -1.169934430000
115 -1.006032190000
116 -0.834154370000
117 -0.664477290000
118 -0.496530130000
119 -0.329955910000
120 -0.164501560000
121 0.000000000000

[a]
1 0.000000000000
2 0.749999650000
3 0.749999640000
4 0.749999630000
5 0.749999620000
6 0.749999610000
7 0.749999590000
8 0.749999580000
9 0.749999570000
10 0.749999550000
11 0.749999540000
12 0.749999520000
13 0.749999500000
14 0.749999480000
15 0.749999450000
16 0.749999430000
17 0.749999400000
18 0.749999370000
19 0.749999330000
20 0.749999290000
21 0.749999250000
22 0.749999200000
23 0.749999140000
24 0.749999070000
25 0.749998990000
26 0.749998900000
27 0.749998790000
28 0.749998660000
29 0.749998490000
30 0.749998280000
31 0.749998000000
32 0.749997610000
33 0.749996850000
34 0.749996040000
35 0.749994680000
36 0.749991900000
37 0.749973200000
38 0.749951220000
39 0.749910450000
40 0.032421650000
41 0.000020510000
42 0.000012920000
43 0.000008760000
44 -0.000008020000
45 -0.000007810000
46 -0.000026040000
47 -0.000187420000
48 -0.749667110000
49 -0.749772270000
50 -0.223123180000
51 0.749916000000
52 0.749969150000
53 -0.532060960000
54 -0.749979710000
55 -0.749989860000
56 -0.749993250000
57 -0.749995920000
58 -0.749996880000
59 -0.749997510000
60 -0.749997940000
61 -0.749998260000
62 -0.749998550000
63 -0.749998740000
64 -0.749998870000
65 -0.749998760000
66 -0.749999190000
67 -0.749999270000
68 -0.749999330000
69 -0.749999390000
70 -0.749999440000
71 -0.749999480000
72 -0.749999600000
73 -0.749999640000
74 -0.749999670000
75 -0.749999700000
76 -0.749999740000
77 -0.749999770000
78 -0.749999790000
79 -0.749999810000
80 -0.749999820000
81 -0.749999830000
82 -0.749999830000
83 -0.749999830000
84 -0.749999830000
85 -0.749999830000
86 -0.749999820000
87 -0.749999810000
88 -0.749999790000
89 -0.749999770000
90 -0.749999750000
91 -0.749999720000
92 -0.749999670000
93 -0.749999620000
94 -0.749999550000
95 -0.749999440000
96 -0.749999290000
97 -0.749999060000
98 -0.749998650000
99 -0.749997760000
100 -0.749994530000
101 0.423263570000
102 0.749992580000
103 0.749996300000
104 0.749997540000
105 0.749998150000
106 0.749998530000
107 0.749998770000
108 0.749999150000
109 0.749999270000
110 0.749999370000
111 0.749999450000
112 0.749999520000
113 0.749999570000
114 0.749999620000
115 0.749999670000
116 0.749999700000
117 0.749999710000
118 0.749999730000
119 0.749999740000
120 0.749999750000
121 0.000000000000

[phy]
1 0.000000000000
2 0.000000000000
3 0.086249060000
4 -0.000047060000
5 -0.000042030000
6 -0.000033110000
7 -0.000028250000
8 -0.000025600000
9 -0.000024420000
10 -0.000006170000
11 0.087143400000
12 0.174259550000
13 0.261339350000
14 0.348375080000
15 0.396215510000
16 0.309096350000
17 0.221926410000
18 0.134732680000
19 0.047565300000
20 0.000242680000
21 0.000339070000
22 0.000526130000
23 0.001039890000
24 0.056008340000
25 0.000073760000
26 -0.087339760000
27 -0.174766480000
28 -0.262218520000
29 -0.349752590000
30 -0.265816350000
31 -0.177533440000
32 -0.088888090000
33 0.000000880000
34 0.000001700000
35 0.000001340000
36 0.000001080000
37 -0.000000060000
38 -0.124999950000
39 -0.217585300000
40 -0.303643840000
41 -0.384055540000
42 -0.461230950000
43 -0.535386990000
44 -0.606619050000
45 -0.633459570000
46 -0.566176860000
47 -0.496171960000
48 -0.423389060000
49 -0.347750890000
50 -0.267330510000
51 -0.181553020000
52 -0.091442550000
53 0.000000010000
54 0.000000700000
55 0.000000820000
56 0.000000990000
57 0.000000260000
58 -0.090372410000
59 -0.180866950000
60 -0.271506890000
61 -0.362404210000
62 -0.392112000000
63 -0.297604530000
64 -0.202406220000
65 -0.106948040000
66 -0.026292770000
67 -0.098494700000
68 0.000003250000
69 0.000001880000
70 0.000001400000
71 0.000001150000
72 0.000000080000
73 -0.124999780000
74 -0.249999620000
75 -0.374999440000
76 -0.499999230000
77 -0.624998900000
78 -0.624998750000
79 -0.499999080000
80 -0.374999290000
81 -0.249999470000
82 -0.124999640000
83 0.000000210000
84 0.124999580000
85 0.249998900000
86 0.374998110000
87 0.499997050000
88 0.624995120000
89 0.699999660000
90 0.699999710000
91 0.699999740000
92 0.699999760000
93 0.699999760000
94 0.699999750000
95 0.699999740000
96 0.624995570000
97 0.499996510000
98 0.374997250000
99 0.249997890000
100 0.124998460000
101 -0.000000150000
102 -0.000002340000
103 -0.000003360000
104 -0.000005450000
105 -0.000011820000
106 -0.031275890000
107 0.000013850000
108 0.000000370000
109 -0.108599790000
110 -0.217330390000
111 -0.326179160000
112 -0.435147140000
113 -0.544232210000
114 -0.653420720000
115 -0.670685930000
116 -0.556101480000
117 -0.442983850000
118 -0.331019380000
119 -0.219970150000
120 -0.109667480000
121 0.000000000000

[w]
1 0.000000000000
2 0.499181890000
3 -0.499394690000
4 0.000029100000
5 0.000051700000
6 0.000028110000
7 0.000015400000
8 0.000006810000
9 0.000105710000
10 0.499976210000
11 0.499965000000
12 0.499939790000
13 0.499854300000
14 0.274812060000
15 -0.499728870000
16 -0.499776180000
17 -0.499714500000
18 -0.499433970000
19 -0.271108990000
20 0.000552040000
21 0.001071330000
22 0.002942340000
23 0.314847480000
24 -0.320379830000
25 -0.499841020000
26 -0.499899650000
27 -0.499928760000
28 -0.499928430000
29 0.478232510000
30 0.499973720000
31 0.499991150000
32 0.499995730000
33 0.000005080000
34 -0.000002240000
35 -0.000001580000
36 -0.000007020000
37 -0.499999860000
38 -0.499999780000
39 -0.499999740000
40 -0.499999680000
41 -0.499999590000
42 -0.499999410000
43 -0.499998860000
44 -0.196270210000
45 0.499998020000
46 0.499999080000
47 0.499999490000
48 0.499999640000
49 0.499999730000
50 0.499999780000
51 0.499999820000
52 0.499999840000
53 0.000004520000
54 0.000000840000
55 0.000001070000
56 -0.000004810000
57 -0.499998590000
58 -0.499997780000
59 -0.499996080000
60 -0.499990970000
61 -0.162613550000
62 0.499989620000
63 0.499994620000
64 0.499996440000
65 0.499976210000
66 -0.336599090000
67 0.460164990000
68 -0.000006520000
69 -0.000002320000
70 -0.000001150000
71 -0.000005130000
72 -0.499999760000
73 -0.499999710000
74 -0.499999640000
75 -0.499999480000
76 -0.499999010000
77 0.000000570000
78 0.499998950000
79 0.499999410000
80 0.499999560000
81 0.499999640000
82 0.499999670000
83 0.499998920000
84 0.499999020000
85 0.499998990000
86 0.499998800000
87 0.499998060000
88 0.301058630000
89 0.000000200000
90 0.000000110000
91 0.000000060000
92 0.000000020000
93 -0.000000020000
94 -0.000000050000
95 -0.300027700000
96 -0.499998730000
97 -0.499999300000
98 -0.499999490000
99 -0.499999600000
100 -0.499999640000
101 -0.000012300000
102 -0.000005650000
103 -0.000011540000
104 -0.000035130000
105 -0.172476610000
106 0.172618420000
107 -0.000074620000
108 -0.499999070000
109 -0.499998960000
110 -0.499998800000
111 -0.499998510000
112 -0.499997910000
113 -0.499996110000
114 -0.079003790000
115 0.499996450000
116 0.499997960000
117 0.499998450000
118 0.499998670000
119 0.499998780000
120 0.499998820000
121 0.000000000000

[dt]
1 0.010001420000
2 0.172780880000
3 0.172801460000
4 0.172616080000
5 0.172616080000
6 0.172616110000
7 0.172616120000
8 0.172616130000
9 0.172616130000
10 0.174307440000
11 0.174244490000
12 0.174180590000
13 0.174122190000
14 0.174084220000
15 0.174332850000
16 0.174417970000
17 0.174487100000
18 0.174532370000
19 0.174552080000
20 0.174588740000
21 0.174588670000
22 0.174588570000
23 0.174588820000
24 0.174589160000
25 0.174882640000
26 0.174888520000
27 0.174929000000
28 0.175093210000
29 0.175513290000
30 0.176575100000
31 0.177293830000
32 0.177779450000
33 0.162006490000
34 0.162006380000
35 0.162006400000
36 0.162006400000
37 0.249999860000
38 0.185170790000
39 0.172117160000
40 0.160823500000
41 0.154350950000
42 0.148312270000
43 0.142464440000
44 0.136752940000
45 0.134565970000
46 0.140010040000
47 0.145565950000
48 0.151276460000
49 0.160840850000
50 0.171555050000
51 0.180221000000
52 0.182885190000
53 0.151238050000
54 0.152257470000
55 0.152257660000
56 0.152257840000
57 0.180745840000
58 0.180989890000
59 0.181281300000
60 0.181797940000
61 0.182689530000
62 0.189018870000
63 0.190398670000
64 0.190917720000
65 0.161318200000
66 0.214504120000
67 0.214049140000
68 0.210006400000
69 0.210006520000
70 0.210006590000
71 0.210006650000
72 0.249999820000
73 0.249999830000
74 0.249999830000
75 0.249999830000
76 0.249999830000
77 0.249999830000
78 0.249999880000
79 0.249999870000
80 0.249999860000
81 0.249999850000
82 0.249999850000
83 0.249999280000
84 0.249999140000
85 0.249998920000
86 0.249998490000
87 0.249997110000
88 0.249135900000
89 0.249998140000
90 0.249997880000
91 0.249997460000
92 0.249996760000
93 0.249995510000
94 0.249993350000
95 0.249990810000
96 0.249998750000
97 0.249998860000
98 0.249998970000
99 0.249999070000
100 0.249997400000
101 0.177714990000
102 0.181264020000
103 0.181263960000
104 0.181263900000
105 0.181263820000
106 0.181263710000
107 0.180847610000
108 0.217200710000
109 0.217461650000
110 0.217698070000
111 0.217936610000
112 0.218171060000
113 0.218378720000
114 0.218536440000
115 0.229170530000
116 0.226236190000
117 0.223929640000
118 0.222099040000
119 0.220605880000
120 0.219335490000

[s]
1 0.000000000000
2 0.000000000000
3 0.022392580000
4 0.044739780000
5 0.067087000000
6 0.089434240000
7 0.111781480000
8 0.134128720000
9 0.156475950000
10 0.180575310000
11 0.203289160000
12 0.225977100000
13 0.248647860000
14 0.271327550000
15 0.294476510000
16 0.317425370000
17 0.340376410000
18 0.363304950000
19 0.386194700000
20 0.409131910000
21 0.431992620000
22 0.454853260000
23 0.477714790000
24 0.500576690000
25 0.524317560000
26 0.547273890000
27 0.570345330000
28 0.593852350000
29 0.618325460000
30 0.645309590000
31 0.671415450000
32 0.696893830000
33 0.656664990000
34 0.676349010000
35 0.696033520000
36 0.715717970000
37 1.134834620000
38 0.875271620000
39 0.837471020000
40 0.803277320000
41 0.771753170000
42 0.741560300000
43 0.712321470000
44 0.683764200000
45 0.672829190000
46 0.700049390000
47 0.727828340000
48 0.756376710000
49 0.785957870000
50 0.817624860000
51 0.852027990000
52 0.889340480000
53 0.756189190000
54 0.749034480000
55 0.731649080000
56 0.714263360000
57 0.827264870000
58 0.803847150000
59 0.780533940000
60 0.758041070000
61 0.736849360000
62 0.736478990000
63 0.714863500000
64 0.689549500000
65 0.559544200000
66 0.718070990000
67 0.682112140000
68 0.635515380000
69 0.602438730000
70 0.569361900000
71 0.536284990000
72 0.599037670000
73 0.552162770000
74 0.505287860000
75 0.458412950000
76 0.411538030000
77 0.364663110000
78 0.317788250000
79 0.270913300000
80 0.224038350000
81 0.177163410000
82 0.130288470000
83 0.083413350000
84 0.036538610000
85 -0.010336050000
86 -0.057210530000
87 -0.104084380000
88 -0.150438240000
89 -0.197671520000
90 -0.244545560000
91 -0.291419260000
92 -0.338292340000
93 -0.385164180000
94 -0.432033730000
95 -0.478901350000
96 -0.525789580000
97 -0.572664320000
98 -0.619539110000
99 -0.666413890000
100 -0.713283650000
101 -0.540371020000
102 -0.537527690000
103 -0.512885300000
104 -0.488242790000
105 -0.463600220000
106 -0.438957570000
107 -0.413364120000
108 -0.466996450000
109 -0.432132910000
110 -0.397097010000
111 -0.361948870000
112 -0.326677670000
113 -0.291255700000
114 -0.255673300000
115 -0.230552920000
116 -0.188715900000
117 -0.148796160000
118 -0.110278860000
119 -0.072790210000
120 -0.036081030000

[splus]
1 0.000000000000
2 0.000000000000
3 0.022392580000
4 0.044739780000
5 0.067087000000
6 0.089434240000
7 0.111781480000
8 0.134128720000
9 0.156475950000
10 0.180575310000
11 0.203289160000
12 0.225977100000
13 0.248647860000
14 0.271327550000
15 0.294476510000
16 0.317425370000
17 0.340376410000
18 0.363304950000
19 0.386194700000
20 0.409131910000
21 0.431992620000
22 0.454853260000
23 0.477714790000
24 0.500576690000
25 0.524317560000
26 0.547273890000
27 0.570345330000
28 0.593852350000
29 0.618325460000
30 0.645309590000
31 0.671415450000
32 0.696893830000
33 0.656664990000
34 0.676349010000
35 0.696033520000
36 0.715717970000
37 1.134834620000
38 0.875271620000
39 0.837471020000
40 0.803277320000
41 0.771753170000
42 0.741560300000
43 0.712321470000
44 0.683764200000
45 0.672829190000
46 0.700049390000
47 0.727828340000
48 0.756376710000
49 0.785957870000
50 0.817624860000
51 0.852027990000
52 0.889340480000
53 0.756189190000
54 0.749034480000
55 0.731649080000
56 0.714263360000
57 0.827264870000
58 0.803847150000
59 0.780533940000
60 0.758041070000
61 0.736849360000
62 0.736478990000
63 0.714863500000
64 0.689549500000
65 0.559544200000
66 0.718070990000
67 0.682112140000
68 0.635515380000
69 0.602438730000
70 0.569361900000
71 0.536284990000
72 0.599037670000
73 0.552162770000
74 0.505287860000
75 0.458412950000
76 0.411538030000
77 0.364663110000
78 0.317788250000
79 0.270913300000
80 0.224038350000
81 0.177163410000
82 0.130288470000
83 0.083413350000
84 0.036538610000
85 0.000000000000
86 0.000000000000
87 0.000000000000
88 0.000000000000
89 0.000000000000
90 0.000000000000
91 0.000000000000
92 0.000000000000
93 0.000000000000
94 0.000000000000
95 0.000000000000
96 0.000000000000
97 0.000000000000
98 0.000000000000
99 0.000000000000
100 0.000000000000
101 0.000000000000
102 0.000000000000
103 0.000000000000
104 0.000000000000
105 0.000000000000
106 0.000000000000
107 0.000000000000
108 0.000000000000
109 0.000000000000
110 0.000000000000
111 0.000000000000
112 0.000000000000
113 0.000000000000
114 0.000000000000
115 0.000000000000
116 0.000000000000
117 0.000000000000
118 0.000000000000
119 0.000000000000
120 -0.000000000000

[sminus]
1 0.000000000000
2 0.000000000000
3 0.000000000000
4 0.000000000000
5 0.000000000000
6 0.000000000000
7 0.000000000000
8 0.000000000000
9 0.000000000000
10 0.000000000000
11 0.000000000000
12 0.000000000000
13 0.000000000000
14 0.000000000000
15 0.000000000000
16 0.000000000000
17 0.000000000000
18 0.000000000000
19 0.000000000000
20 0.000000000000
21 0.000000000000
22 0.000000000000
23 0.000000000000
24 0.000000000000
25 0.000000000000
26 0.000000000000
27 0.000000000000
28 0.000000000000
29 0.000000000000
30 0.000000000000
31 0.000000000000
32 0.000000000000
33 0.000000000000
34 0.000000000000
35 0.000000000000
36 0.000000000000
37 0.000000000000
38 0.000000000000
39 0.000000000000
40 0.000000000000
41 0.000000000000
42 0.000000000000
43 -0.000000000000
44 0.000000000000
45 0.000000000000
46 0.000000000000
47 -0.000000000000
48 0.000000000000
49 0.000000000000
50 0.000000000000
51 0.000000000000
52 0.000000000000
53 0.000000000000
54 0.000000000000
55 0.000000000000
56 0.000000000000
57 0.000000000000
58 0.000000000000
59 0.000000000000
60 0.000000000000
61 0.000000000000
62 0.000000000000
63 0.000000000000
64 0.000000000000
65 0.000000000000
66 0.000000000000
67 0.000000000000
68 0.000000000000
69 0.000000000000
70 0.000000000000
71 0.000000000000
72 0.000000000000
73 0.000000000000
74 0.000000000000
75 0.000000000000
76 0.000000000000
77 0.000000000000
78 0.000000000000
79 0.000000000000
80 0.000000000000
81 0.000000000000
82 0.000000000000
83 0.000000000000
84 0.000000000000
85 0.010336050000
86 0.057210530000
87 0.104084380000
88 0.150438240000
89 0.197671520000
90 0.244545560000
91 0.291419260000
92 0.338292340000
93 0.385164180000
94 0.432033730000
95 0.478901350000
96 0.525789580000
97 0.572664320000
98 0.619539110000
99 0.666413890000
100 0.713283650000
101 0.540371020000
102 0.537527690000
103 0.512885300000
104 0.488242790000
105 0.463600220000
106 0.438957570000
107 0.413364120000
108 0.466996450000
109 0.432132910000
110 0.397097010000
111 0.361948870000
112 0.326677670000
113 0.291255700000
114 0.255673300000
115 0.230552920000
116 0.188715900000
117 0.148796160000
118 0.110278860000
119 0.072790210000
120 0.036081030000

[k]
1 0.000000000000
2 0.000000000000
3 0.043231770000
4 -0.000023530000
5 -0.000021020000
6 -0.000016550000
7 -0.000014130000
8 -0.000012800000
9 -0.000012210000
10 -0.000003090000
11 0.043682330000
12 0.088022560000
13 0.133728090000
14 0.181594070000
15 0.209169590000
16 0.159665680000
17 0.112821510000
18 0.067776950000
19 0.023800600000
20 0.000121340000
21 0.000169540000
22 0.000263060000
23 0.000519930000
24 0.028032040000
25 0.000036880000
26 -0.043781260000
27 -0.088283880000
28 -0.134199200000
29 -0.182374020000
30 -0.136129610000
31 -0.089711210000
32 -0.044561470000
33 0.000000440000
34 0.000000850000
35 0.000000670000
36 0.000000540000
37 -0.000000030000
38 -0.062827540000
39 -0.110542670000
40 -0.156666640000
41 -0.202061450000
42 -0.248491400000
43 -0.296588170000
44 -0.346949100000
45 -0.367213430000
46 -0.317793930000
47 -0.270671170000
48 -0.225321830000
49 -0.181240890000
50 -0.136943140000
51 -0.091787220000
52 -0.045849140000
53 0.000000010000
54 0.000000350000
55 0.000000410000
56 0.000000490000
57 0.000000130000
58 -0.045309620000
59 -0.091432660000
60 -0.139190560000
61 -0.189575090000
62 -0.206762960000
63 -0.153356750000
64 -0.102608180000
65 -0.053678830000
66 -0.013149420000
67 -0.049407220000
68 0.000001630000
69 0.000000940000
70 0.000000700000
71 0.000000580000
72 0.000000040000
73 -0.062827450000
74 -0.127670760000
75 -0.196812970000
76 -0.273150740000
77 -0.360741380000
78 -0.360741270000
79 -0.273150650000
80 -0.196812880000
81 -0.127670680000
82 -0.062827380000
83 0.000000100000
84 0.062827350000
85 0.127670380000
86 0.196812200000
87 0.273149330000
88 0.360738510000
89 0.421143900000
90 0.421143950000
91 0.421143970000
92 0.421143980000
93 0.421143980000
94 0.421143980000
95 0.421143970000
96 0.360738850000
97 0.273148980000
98 0.196811700000
99 0.127669840000
100 0.062826790000
101 -0.000000080000
102 -0.000001170000
103 -0.000001680000
104 -0.000002730000
105 -0.000005910000
106 -0.015642960000
107 0.000006930000
108 0.000000180000
109 -0.054514370000
110 -0.110408990000
111 -0.169130660000
112 -0.232432780000
113 -0.302598600000
114 -0.382808040000
115 -0.396685620000
116 -0.310765930000
117 -0.237215420000
118 -0.171832120000
119 -0.111794040000
120 -0.055054630000

[up]
1 0.000000000000
2 0.000000000000
3 0.023321930000
4 0.044740790000
5 0.067088360000
6 0.089435660000
7 0.111783000000
8 0.134130360000
9 0.156477780000
10 0.180575840000
11 0.211814100000
12 0.245072540000
13 0.280569020000
14 0.318628170000
15 0.353608220000
16 0.366080020000
17 0.377242120000
18 0.386943700000
19 0.395018710000
20 0.409179580000
21 0.432062950000
22 0.454968160000
23 0.477953290000
24 0.514047450000
25 0.524336120000
26 0.570275820000
27 0.618683550000
28 0.670359080000
29 0.726581320000
30 0.729641500000
31 0.729239600000
32 0.726706260000
33 0.656665270000
34 0.676349560000
35 0.696033970000
36 0.715718340000
37 1.134834650000
38 0.928063130000
39 0.926344250000
40 0.924090210000
41 0.921457070000
42 0.918460810000
43 0.915136940000
44 0.911506320000
45 0.910018220000
46 0.913621980000
47 0.916950410000
48 0.919987770000
49 0.922707670000
50 0.925114250000
51 0.927105060000
52 0.928484960000
53 0.756189200000
54 0.749034730000
55 0.731649370000
56 0.714263700000
57 0.827264970000
58 0.838812280000
59 0.849045580000
60 0.859332740000
61 0.870950110000
62 0.882664510000
63 0.820107470000
64 0.757472780000
65 0.588378450000
66 0.727135520000
67 0.714465370000
68 0.635516380000
69 0.602439270000
70 0.569362280000
71 0.536285290000
72 0.599037690000
73 0.585466110000
74 0.567217930000
75 0.545025700000
76 0.519453480000
77 0.490950230000
78 0.427842010000
79 0.341953430000
80 0.266368240000
81 0.198877240000
82 0.138146730000
83 0.083413360000
84 0.038742410000
85 0.000000000000
86 0.000000000000
87 -0.000000000000
88 0.000000000000
89 0.000000000000
90 0.000000000000
91 -0.000000000000
92 0.000000000000
93 -0.000000000000
94 0.000000000000
95 0.000000000000
96 0.000000000000
97 -0.000000000000
98 0.000000000000
99 0.000000000000
100 0.000000000000
101 0.000000000000
102 0.000000000000
103 0.000000000000
104 0.000000000000
105 0.000000000000
106 0.000000000000
107 0.000000000000
108 0.000000000000
109 0.000000000000
110 0.000000000000
111 0.000000000000
112 0.000000000000
113 0.000000000000
114 0.000000000000
115 0.000000000000
116 0.000000000000
117 0.000000000000
118 0.000000000000
119 0.000000000000
120 -0.000000000000

[down]
1 0.000000000000
2 0.000000000000
3 0.000000000000
4 0.000000000000
5 -0.000000000000
6 0.000000000000
7 0.000000000000
8 0.000000000000
9 0.000000000000
10 0.000000000000
11 0.000000000000
12 0.000000000000
13 -0.000000000000
14 0.000000000000
15 -0.000000000000
16 0.000000000000
17 0.000000000000
18 0.000000000000
19 0.000000000000
20 0.000000000000
21 0.000000000000
22 0.000000000000
23 0.000000000000
24 0.000000000000
25 0.000000000000
26 0.000000000000
27 -0.000000000000
28 0.000000000000
29 -0.000000000000
30 0.000000000000
31 -0.000000000000
32 0.000000000000
33 0.000000000000
34 0.000000000000
35 0.000000000000
36 0.000000000000
37 0.000000000000
38 0.000000000000
39 0.000000000000
40 0.000000000000
41 0.000000000000
42 0.000000000000
43 -0.000000000000
44 0.000000000000
45 0.000000000000
46 0.000000000000
47 -0.000000000000
48 0.000000000000
49 0.000000000000
50 0.000000000000
51 0.000000000000
52 0.000000000000
53 0.000000000000
54 0.000000000000
55 0.000000000000
56 0.000000000000
57 0.000000000000
58 0.000000000000
59 -0.000000000000
60 0.000000000000
61 -0.000000000000
62 0.000000000000
63 -0.000000000000
64 0.000000000000
65 0.000000000000
66 0.000000000000
67 -0.000000000000
68 0.000000000000
69 0.000000000000
70 0.000000000000
71 0.000000000000
72 0.000000000000
73 -0.000000000000
74 0.000000000000
75 -0.000000000000
76 0.000000000000
77 -0.000000000000
78 0.000000000000
79 -0.000000000000
80 0.000000000000
81 0.000000000000
82 0.000000000000
83 -0.000000000000
84 0.000000000000
85 0.011602870000
86 0.068019870000
87 0.131377740000
88 0.202536360000
89 0.277589750000
90 0.343414890000
91 0.409239550000
92 0.475063330000
93 0.540885370000
94 0.606704200000
95 0.672520310000
96 0.707875400000
97 0.722830090000
98 0.736594350000
99 0.748091610000
100 0.756304440000
101 0.540371060000
102 0.537528290000
103 0.512886130000
104 0.488244070000
105 0.463602850000
106 0.445549650000
107 0.413366870000
108 0.466996540000
109 0.454748060000
110 0.439186360000
111 0.420716850000
112 0.399571050000
113 0.375863920000
114 0.349632130000
115 0.318351660000
116 0.245016510000
117 0.182681030000
118 0.128470330000
119 0.080602220000
120 0.037988000000

[left]
1 0.000000000000
2 0.000000000000
3 0.002876330000
4 0.000000980000
5 0.000001310000
6 0.000001380000
7 0.000001470000
8 0.000001600000
9 0.000001780000
10 0.000000520000
11 0.027187850000
12 0.061125070000
13 0.102557480000
14 0.152527910000
15 0.191391970000
16 0.158062390000
17 0.120204790000
18 0.077359110000
19 0.028982230000
20 0.000157150000
21 0.000232670000
22 0.000381500000
23 0.000794740000
24 0.045046860000
25 0.000062300000
26 0.022259160000
27 0.046777290000
28 0.074036200000
29 0.104760100000
30 0.081608690000
31 0.055956920000
32 0.028849730000
33 0.000000950000
34 0.000001900000
35 0.000001540000
36 0.000001280000
37 0.000000030000
38 0.051086790000
39 0.086003370000
40 0.116911640000
41 0.144869710000
42 0.171188090000
43 0.196266220000
44 0.220387950000
45 0.229529810000
46 0.206675970000
47 0.183015000000
48 0.158327780000
49 0.132333920000
50 0.104018380000
51 0.072652700000
52 0.037880440000
53 0.000000010000
54 0.000000870000
55 0.000001000000
56 0.000001170000
57 0.000000360000
58 0.033836050000
59 0.066299290000
60 0.098020800000
61 0.129770420000
62 0.141464940000
63 0.101845470000
64 0.065729920000
65 0.027903150000
66 0.008771820000
67 0.031308480000
68 0.000003390000
69 0.000001850000
70 0.000001290000
71 0.000001000000
72 0.000000070000
73 0.032227920000
74 0.059930240000
75 0.083815880000
76 0.104430670000
77 0.122209090000
78 0.106499940000
79 0.068746130000
80 0.040962980000
81 0.021012650000
82 0.007604500000
83 0.000000030000
84 0.006836990000
85 0.001232730000
86 0.010782380000
87 0.027891600000
88 0.054497830000
89 0.085565430000
90 0.108269410000
91 0.131898540000
92 0.156452640000
93 0.181931360000
94 0.208333990000
95 0.235660620000
96 0.226069940000
97 0.190105500000
98 0.151046320000
99 0.107389770000
100 0.057613880000
101 0.000000120000
102 0.000001860000
103 0.000002550000
104 0.000003940000
105 0.000008100000
106 0.020325570000
107 0.000003250000
108 0.000000100000
109 0.069730060000
110 0.129775510000
111 0.181201270000
112 0.224754570000
113 0.260875340000
114 0.289706410000
115 0.270712790000
116 0.173593550000
117 0.104478350000
118 0.056090370000
119 0.024087030000
120 0.005879830000

[right]
1 0.000000000000
2 0.000000000000
3 0.000899340000
4 0.000003140000
5 0.000004220000
6 0.000004450000
7 0.000004760000
8 0.000005200000
9 0.000005810000
10 0.000001700000
11 0.008249650000
12 0.018478820000
13 0.030890370000
14 0.045773200000
15 0.057222240000
16 0.047083520000
17 0.035675250000
18 0.022875420000
19 0.008539060000
20 0.000046130000
21 0.000068060000
22 0.000111190000
23 0.000230800000
24 0.013035770000
25 0.000017960000
26 0.077479050000
27 0.163401930000
28 0.259559150000
29 0.368652110000
30 0.288367240000
31 0.198511990000
32 0.102742530000
33 0.000000270000
34 0.000000530000
35 0.000000430000
36 0.000000360000
37 0.000000120000
38 0.186839950000
39 0.312790770000
40 0.423051340000
41 0.521761220000
42 0.613767390000
43 0.700592400000
44 0.783310030000
45 0.814451460000
46 0.736385980000
47 0.654818230000
48 0.568921380000
49 0.477624160000
50 0.377199590000
51 0.264804160000
52 0.138827120000
53 0.000000000000
54 0.000000240000
55 0.000000280000
56 0.000000330000
57 0.000000100000
58 0.122448010000
59 0.239096150000
60 0.352307270000
61 0.464941930000
62 0.506812920000
63 0.363687190000
64 0.233824100000
65 0.097308750000
66 0.031339050000
67 0.111249800000
68 0.000000960000
69 0.000000530000
70 0.000000370000
71 0.000000290000
72 0.000000020000
73 0.112262840000
74 0.207249210000
75 0.287735350000
76 0.355870170000
77 0.413370810000
78 0.357547950000
79 0.229064230000
80 0.135456490000
81 0.068954570000
82 0.024762870000
83 0.000000010000
84 0.002132630000
85 0.003906040000
86 0.033328800000
87 0.084154510000
88 0.160635850000
89 0.246414540000
90 0.304847090000
91 0.363279220000
92 0.421710550000
93 0.480140350000
94 0.538567280000
95 0.596991790000
96 0.561431280000
97 0.463011110000
98 0.360920330000
99 0.251839620000
100 0.132647420000
101 0.000000050000
102 0.000000750000
103 0.000001020000
104 0.000001560000
105 0.000003180000
106 0.007886340000
107 0.000008460000
108 0.000000250000
109 0.026974850000
110 0.049435190000
111 0.067948910000
112 0.082941940000
113 0.094710780000
114 0.103436600000
115 0.095506420000
116 0.060016330000
117 0.035416680000
118 0.018648900000
119 0.007855910000
120 0.001881230000
