  0.00000000
  0.00000000
  0.00089934
  0.00000314
  0.00000422
  0.00000445
  0.00000476
  0.00000520
  0.00000581
  0.00000170
  0.00824965
  0.01847882
  0.03089037
  0.04577320
  0.05722224
  0.04708352
  0.03567525
  0.02287542
  0.00853906
  0.00004613
  0.00006806
  0.00011119
  0.00023080
  0.01303577
  0.00001796
  0.07747905
  0.16340193
  0.25955915
  0.36865211
  0.28836724
  0.19851199
  0.10274253
  0.00000027
  0.00000053
  0.00000043
  0.00000036
  0.00000012
  0.18683995
  0.31279077
  0.42305134
  0.52176122
  0.61376739
  0.70059240
  0.78331003
  0.81445146
  0.73638598
  0.65481823
  0.56892138
  0.47762416
  0.37719959
  0.26480416
  0.13882712
  0.00000000
  0.00000024
  0.00000028
  0.00000033
  0.00000010
  0.12244801
  0.23909615
  0.35230727
  0.46494193
  0.50681292
  0.36368719
  0.23382410
  0.09730875
  0.03133905
  0.11124980
  0.00000096
  0.00000053
  0.00000037
  0.00000029
  0.00000002
  0.11226284
  0.20724921
  0.28773535
  0.35587017
  0.41337081
  0.35754795
  0.22906423
  0.13545649
  0.06895457
  0.02476287
  0.00000001
  0.00213263
  0.00390604
  0.03332880
  0.08415451
  0.16063585
  0.24641454
  0.30484709
  0.36327922
  0.42171055
  0.48014035
  0.53856728
  0.59699179
  0.56143128
  0.46301111
  0.36092033
  0.25183962
  0.13264742
  0.00000005
  0.00000075
  0.00000102
  0.00000156
  0.00000318
  0.00788634
  0.00000846
  0.00000025
  0.02697485
  0.04943519
  0.06794891
  0.08294194
  0.09471078
  0.10343660
  0.09550642
  0.06001633
  0.03541668
  0.01864890
  0.00785591
  0.00188123
