  0.00000000
  0.00000000
  0.02239258
  0.04473978
  0.06708700
  0.08943424
  0.11178148
  0.13412872
  0.15647595
  0.18057531
  0.20328916
  0.22597710
  0.24864786
  0.27132755
  0.29447651
  0.31742537
  0.34037641
  0.36330495
  0.38619470
  0.40913191
  0.43199262
  0.45485326
  0.47771479
  0.50057669
  0.52431756
  0.54727389
  0.57034533
  0.59385235
  0.61832546
  0.64530959
  0.67141545
  0.69689383
  0.65666499
  0.67634901
  0.69603352
  0.71571797
  1.13483462
  0.87527162
  0.83747102
  0.80327732
  0.77175317
  0.74156030
  0.71232147
  0.68376420
  0.67282919
  0.70004939
  0.72782834
  0.75637671
  0.78595787
  0.81762486
  0.85202799
  0.88934048
  0.75618919
  0.74903448
  0.73164908
  0.71426336
  0.82726487
  0.80384715
  0.78053394
  0.75804107
  0.73684936
  0.73647899
  0.71486350
  0.68954950
  0.55954420
  0.71807099
  0.68211214
  0.63551538
  0.60243873
  0.56936190
  0.53628499
  0.59903767
  0.55216277
  0.50528786
  0.45841295
  0.41153803
  0.36466311
  0.31778825
  0.27091330
  0.22403835
  0.17716341
  0.13028847
  0.08341335
  0.03653861
  0.00000000
  0.00000000
  0.00000000
  0.00000000
  0.00000000
  0.00000000
  0.00000000
  0.00000000
  0.00000000
  0.00000000
  0.00000000
  0.00000000
  0.00000000
  0.00000000
  0.00000000
  0.00000000
  0.00000000
  0.00000000
  0.00000000
  0.00000000
  0.00000000
  0.00000000
  0.00000000
  0.00000000
  0.00000000
  0.00000000
  0.00000000
  0.00000000
  0.00000000
  0.00000000
  0.00000000
  0.00000000
  0.00000000
  0.00000000
  0.00000000
 -0.00000000
