 23.44430993
 23.44430993
 23.44430993
 23.44932679
 23.45939255
 23.47448603
 23.49460715
 23.51975584
 23.54993202
 23.58513560
 23.62576066
 23.67149568
 23.72428816
 23.78717416
 23.86448523
 23.96219266
 24.08574749
 24.23394934
 24.40457436
 24.59428919
 24.79853877
 25.01421961
 25.24134295
 25.47993140
 25.73004589
 25.99836936
 26.27844998
 26.55851484
 26.82371557
 27.05492517
 27.22734480
 27.34928428
 27.43436819
 27.49426524
 27.55595795
 27.61944656
 27.68473101
 27.78824577
 27.86808427
 27.89852088
 27.85338057
 27.71364133
 27.46773007
 27.11238042
 26.65459260
 26.09928816
 25.44239003
 24.72074770
 23.96604438
 23.20204912
 22.44257013
 21.69134997
 20.94241206
 20.32275732
 19.70896545
 19.10941984
 18.52412073
 17.84622301
 17.18751477
 16.56462510
 15.99379837
 15.49307678
 15.07271101
 14.75844237
 14.52488413
 14.37305280
 14.19904884
 14.04001445
 13.91275172
 13.79211201
 13.67809570
 13.57070292
 13.45074352
 13.34017097
 13.25621659
 13.20935015
 13.20433213
 13.24081690
 13.31381223
 13.40579276
 13.49722996
 13.57659496
 13.63758064
 13.67722699
 13.69459378
 13.68970195
 13.66255894
 13.61214854
 13.53557593
 13.42588057
 13.27372695
 13.06991514
 12.80550000
 12.47338658
 12.07041227
 11.59985226
 11.07412005
 10.51338213
  9.93374701
  9.34350529
  8.74217685
  8.30009850
  7.86034631
  7.44075390
  7.04132133
  6.66204856
  6.30293532
  5.96313582
  5.57924947
  5.22402212
  4.89235960
  4.58162009
  4.29143857
  4.02331938
  3.78007951
  3.55484803
  3.36757675
  3.21909643
  3.10886676
  3.03608089
  3.00000000
