  0.01137262
  0.14109457
  0.14103679
  0.14097652
  0.14091130
  0.14083842
  0.14075538
  0.14065846
  0.14054831
  0.14043168
  0.14031447
  0.14031616
  0.14044095
  0.14047985
  0.14042854
  0.14032587
  0.14018593
  0.14002851
  0.13986371
  0.13965874
  0.13946661
  0.13928331
  0.13898023
  0.13865923
  0.13847825
  0.13822492
  0.13813157
  0.13810999
  0.13817091
  0.13833611
  0.13857099
  0.13717695
  0.13742269
  0.13750743
  0.13721772
  0.13690694
  0.13665435
  0.13636947
  0.13688216
  0.13672721
  0.13701524
  0.13599832
  0.13640747
  0.13546713
  0.13226827
  0.13186740
  0.13262257
  0.13297586
  0.13416442
  0.13158512
  0.13330744
  0.13337736
  0.13344886
  0.13328524
  0.13328125
  0.13294389
  0.13271900
  0.13243222
  0.13224661
  0.13214677
  0.13217276
  0.13226610
  0.13242095
  0.13263302
  0.13286146
  0.13319732
  0.13331846
  0.13370111
  0.13428500
  0.13550984
  0.13812847
  0.12328650
  0.12467046
  0.12549266
  0.12591939
  0.12639044
  0.12672779
  0.12685093
  0.12695398
  0.12696549
  0.12695074
  0.12700413
  0.12714866
  0.12733620
  0.12752532
  0.12788040
  0.12810097
  0.12819552
  0.12924904
  0.13093863
  0.13174155
  0.13249594
  0.13374045
  0.13196387
  0.13339581
  0.13484568
  0.13548780
  0.13607214
  0.13643450
  0.13656868
  0.13660488
  0.13665553
  0.13681198
  0.13712744
  0.13736780
  0.13774994
  0.13822132
  0.13867834
  0.13914492
  0.13967715
  0.13973807
  0.13977268
  0.13979738
  0.14004889
  0.13996987
  0.13993656
  0.13991251
  0.13989792
  0.13989648
  0.13991392
  0.13993327
  0.13997546
  0.14746405
  0.13249568
  0.13175591
  0.13119549
  0.13277435
  0.13232688
  0.13189705
  0.13396563
  0.13303771
  0.13217582
  0.13142508
  0.13075351
  0.13015151
  0.12961379
  0.12913594
  0.12871174
  0.12833204
  0.12798597
  0.12766344
  0.12735468
  0.12705111
  0.12674639
  0.12643368
  0.12610412
  0.12574774
  0.12535568
  0.12477742
  0.12429264
  0.12380858
  0.12451765
  0.12464118
  0.12465375
  0.12470543
  0.12467254
  0.12529094
  0.12538645
  0.12553303
  0.12547709
  0.12548416
  0.12544813
  0.12540293
  0.12532485
  0.12524365
  0.12938271
  0.13006455
  0.13054071
  0.13093884
  0.13053101
  0.13029409
  0.13011758
  0.12999018
  0.12990621
  0.12986735
  0.12988748
  0.12999191
  0.12972868
  0.12981273
  0.12979742
  0.12973692
  0.12966036
  0.12959536
  0.12957322
  0.12957597
  0.12958864
  0.12960120
  0.12960911
  0.12961081
  0.12960655
