  0.00000000
  0.00000000
  0.10575170
  0.21145846
  0.31711838
  0.42272766
  0.52828051
  0.63376922
  0.73918333
  0.84451285
  0.94975285
  1.05490281
  1.16005180
  1.26529201
  1.37055884
  1.47578445
  1.58093010
  1.68596763
  1.79088368
  1.89567247
  2.00030364
  2.10478654
  2.20912746
  2.31323640
  2.41709957
  2.52082154
  2.62434762
  2.72779726
  2.83122368
  2.93468803
  3.03826767
  3.14201411
  3.24470488
  3.34756826
  3.45048209
  3.55316369
  3.65559508
  3.75781732
  3.85980303
  3.96214561
  4.06433786
  4.16670294
  4.26825307
  4.37004104
  4.47103403
  4.56950963
  4.66749945
  4.76573172
  4.86352865
  4.95976739
  4.99727230
  4.99651073
  4.99645919
  4.99645483
  4.99647004
  4.99645093
  4.99644099
  4.99642448
  4.99641825
  4.99641947
  4.99642893
  4.99644268
  4.99646562
  4.99649275
  4.99650744
  4.99650462
  4.99646938
  4.99646407
  4.99645369
  4.99652576
  4.99676215
  4.99556912
  4.99581377
  4.99593966
  4.99602140
  4.99608496
  4.99611581
  4.99610932
  4.99609992
  4.99608079
  4.99606415
  4.99605917
  4.99606590
  4.99607458
  4.99608244
  4.99611253
  4.99611965
  4.99609557
  4.99621952
  4.99734652
  4.98224084
  4.88985526
  4.79285935
  4.69397621
  4.59604622
  4.49680273
  4.39632225
  4.29525303
  4.19366860
  4.09175443
  3.98969470
  3.88757215
  3.78538257
  3.68305143
  3.58046314
  3.47767646
  3.37458730
  3.27113059
  3.16731857
  3.06314546
  2.95856343
  2.85392699
  2.74925650
  2.64455986
  2.53966779
  2.43482850
  2.33000827
  2.22520065
  2.12039899
  2.01559389
  1.91077168
  1.80593139
  1.70105650
  1.59056088
  1.49129013
  1.39257187
  1.29427171
  1.19478517
  1.09563226
  0.99679980
  0.89641383
  0.79672240
  0.69767628
  0.59919241
  0.50121170
  0.40368226
  0.30655616
  0.20978877
  0.11334013
  0.01717719
 -0.07872496
 -0.17438360
 -0.26980866
 -0.36500361
 -0.45996714
 -0.55469277
 -0.64916729
 -0.74336996
 -0.83727329
 -0.93073687
 -1.02382985
 -1.11655162
 -1.20979574
 -1.30312122
 -1.39644329
 -1.48978903
 -1.58309203
 -1.67683732
 -1.77062683
 -1.86449023
 -1.95826293
 -2.05197116
 -2.14554489
 -2.23889821
 -2.33179406
 -2.42322658
 -2.33183817
 -2.23576142
 -2.13868468
 -2.04105541
 -1.94359657
 -1.84623135
 -1.74894135
 -1.65170554
 -1.55450141
 -1.45730190
 -1.36006751
 -1.26273847
 -1.16559340
 -1.06837382
 -0.97115589
 -0.87397484
 -0.77684380
 -0.67975497
 -0.58267693
 -0.48559161
 -0.38849209
 -0.29137887
 -0.19425583
 -0.09712795
  0.00000000
