 22.00000000
 22.00000000
 22.00000000
 21.98508940
 21.95528758
 21.91061744
 21.85110914
 21.77680638
 21.68777897
 21.58414214
 21.46608777
 21.33394171
 21.18813085
 21.02935008
 20.85871238
 20.67736432
 20.48638599
 20.28674791
 20.07923089
 19.86437229
 19.64247551
 19.41342941
 19.17675426
 18.93179656
 18.67734101
 18.41148864
 18.13237216
 17.83738187
 17.52386486
 17.18909182
 16.83045960
 16.44603548
 16.04058317
 15.61200403
 15.16306383
 14.69695676
 14.21532933
 13.71905656
 13.20878590
 12.68148612
 12.13985355
 11.58345739
 11.02096571
 10.45307410
  9.89636318
  9.37641813
  8.89319822
  8.44696411
  8.03990162
  7.66680602
  7.33218716
  7.01955675
  6.72582497
  6.44127306
  6.15913261
  5.87528317
  5.58914531
  5.30020999
  5.00804677
  4.71117060
  4.40771373
  4.09622284
  3.77764597
  3.45700233
  3.14268506
  2.84534415
  2.57714825
  2.35261253
  2.18705714
  2.09792540
  2.10432473
  2.22804231
  2.45841689
  2.77921335
  3.17259225
  3.62148829
  4.11226354
  4.63309262
  5.17392808
  5.72732353
  6.28694282
  6.84776992
  7.40609652
  7.95945383
  8.50700992
  9.05000376
  9.59229319
 10.13775027
 10.69093044
 11.26106860
 11.85568590
 12.47193153
 13.09958637
 13.73529251
 14.35466503
 14.95850067
 15.53613944
 16.07978546
 16.58978178
 17.06872019
 17.52078442
 17.95114713
 18.36513727
 18.76780154
 19.16368695
 19.55599342
 19.94784043
 20.34138619
 20.73757202
 21.13635729
 21.53669570
 21.93467832
 22.32586892
 22.70673823
 23.07570826
 23.43067789
 23.77121123
 24.09710402
 24.40827638
 24.70464305
 24.98603485
 25.25211490
 25.50245121
 25.74889915
 25.95332020
 26.14079738
 26.31131788
 26.46718825
 26.60543745
 26.72687654
 26.83450046
 26.92653595
 27.00481122
 27.07087735
 27.12594761
 27.17094738
 27.20655796
 27.23326014
 27.25137581
 27.26110764
 27.26257670
 27.25585793
 27.24101306
 27.21812186
 27.18731221
 27.14879055
 27.10287488
 27.05003148
 26.99091609
 26.92649576
 26.85789442
 26.78662646
 26.71394778
 26.64270490
 26.57515046
 26.51365743
 26.46089223
 26.41946325
 26.39217646
 26.38011072
 26.38392957
 26.40386269
 26.43978740
 26.49122915
 26.55736082
 26.63702572
 26.73180172
 26.83030542
 26.92894384
 27.02503743
 27.11621415
 27.20137380
 27.27970877
 27.35069050
 27.41400751
 27.46952667
 27.51727682
 27.55744392
 27.59024873
 27.61631130
 27.63623559
 27.65078418
 27.66085429
 27.66742159
 27.67142737
 27.67368115
 27.67482321
 27.67532338
 27.67549880
 27.67554061
 27.67554479
