  0.00000000
  0.00000000
 -0.03853113
 -0.07743843
 -0.11713823
 -0.15789789
 -0.15904457
 -0.11791826
 -0.07788525
 -0.03866025
  0.00019054
  0.00074868
  0.00069739
  0.00037914
 -0.03711486
  0.00018515
 -0.03809848
 -0.07656748
 -0.03829046
  0.00022313
  0.00050379
  0.00049196
  0.00048253
  0.00047537
  0.00047038
  0.00046754
  0.00046684
  0.00046842
  0.00047241
  0.00047902
  0.00048851
  0.00050391
  0.01380416
  0.05158005
  0.09010401
  0.12977557
  0.17113448
  0.21484933
  0.26176303
  0.31296090
  0.27578375
  0.22542815
  0.17783817
  0.13720108
  0.10542580
  0.07524288
  0.03875158
 -0.00001094
 -0.00018856
 -0.00020197
 -0.00021738
 -0.00023554
 -0.00077304
 -0.01420667
 -0.02775874
 -0.04137689
 -0.05507031
 -0.06885550
 -0.08275005
 -0.09679765
 -0.11100179
 -0.12537508
 -0.13994156
 -0.15472747
 -0.16975895
 -0.18505961
 -0.20065075
 -0.21648785
 -0.23069643
 -0.24320056
 -0.25479633
 -0.26604645
 -0.27740665
 -0.28930825
 -0.30222093
 -0.31671188
 -0.33343455
 -0.35146809
 -0.37014995
 -0.38942395
 -0.40911587
 -0.42033708
 -0.42027977
 -0.42112621
 -0.40188627
 -0.38219397
 -0.36290262
 -0.34413953
 -0.32592622
 -0.30824330
 -0.29107464
 -0.27438474
 -0.25814337
 -0.24232233
 -0.22689523
 -0.21183896
 -0.19713379
 -0.18276523
 -0.16872318
 -0.15500549
 -0.14162094
 -0.12859691
 -0.11599088
 -0.10391814
 -0.09262221
 -0.08268454
 -0.07578201
 -0.07641331
 -0.08221437
 -0.08998548
 -0.09849758
 -0.10706641
 -0.11492800
 -0.12030321
 -0.11798717
 -0.10962718
 -0.09898574
 -0.08736396
 -0.07525597
 -0.06288250
 -0.05035257
 -0.03772133
 -0.02501441
 -0.01224168
  0.00061066
  0.00452347
  0.00476225
  0.00460227
  0.00443555
  0.00429144
  0.00416698
  0.00405711
  0.00396200
  0.00387996
  0.00380956
  0.00374933
  0.00369801
  0.00365326
  0.00361614
  0.00358607
  0.00356255
  0.00354516
  0.00353362
  0.00352822
  0.00352819
  0.00353333
  0.00354357
  0.00355879
  0.00357909
  0.00360446
  0.00363497
  0.00367075
  0.00371173
  0.00375829
  0.00381070
  0.00386926
  0.00393444
  0.00400652
  0.00408625
  0.00417396
  0.00427034
  0.00437617
  0.00449239
  0.00462007
  0.00476048
  0.00491516
  0.00508650
  0.00528256
  0.00550037
  0.00574601
  0.00601981
  0.00632693
  0.00665482
  0.00687259
  0.00623234
  0.00141126
 -0.01071040
 -0.02242543
 -0.03346475
 -0.04272485
 -0.04229511
 -0.03309109
 -0.02225007
 -0.01075265
  0.00118212
 -0.01019324
 -0.02049475
 -0.02901337
 -0.03364986
 -0.03136147
 -0.02470535
 -0.01604009
 -0.00607401
  0.00525977
  0.01351165
  0.01014662
  0.00000763
 -0.04684675
 -0.09455538
 -0.14401676
 -0.19626330
 -0.25321043
 -0.33027767
 -0.42112241
 -0.42113335
 -0.34774387
 -0.26204952
 -0.18696061
 -0.11898144
 -0.05759923
 -0.00004897
  0.06270109
  0.12671063
  0.19256392
  0.26213223
  0.33751443
  0.42112319
  0.36044966
  0.27292722
  0.19663742
  0.12753659
  0.06274077
  0.00001377
 -0.06280321
 -0.12763301
 -0.19675591
 -0.27306203
 -0.36057505
 -0.27302576
 -0.19671110
 -0.12758426
 -0.06275176
  0.00006784
  0.06288854
  0.12772598
  0.19686220
  0.27319189
  0.36076616
  0.42113395
  0.42113535
  0.42113420
  0.36066644
  0.27310239
  0.19678086
  0.12765074
  0.06281769
