  0.02310491
  0.02310491
  0.02457856
  0.03095042
  0.03122508
  0.02596396
  0.02362403
  0.02354768
  0.02358248
  0.02384550
  0.02230644
  0.02262097
  0.02263255
  0.02225110
  0.02356264
  0.02334324
  0.02327458
  0.02324306
  0.02322594
  0.02321629
  0.02321149
  0.02321058
  0.02321365
  0.02322191
  0.02323890
  0.02327551
  0.02338296
  0.02831139
  0.02309660
  0.05474502
  0.04483554
  0.02310519
  0.09542906
  0.23275347
  0.36421933
  0.47640876
  0.57679174
  0.66829641
  0.75299861
  0.83402262
  0.74014476
  0.68341125
  0.65875202
  0.67082098
  0.73257760
  0.65024981
  0.56240463
  0.46658554
  0.36040902
  0.23506511
  0.09498590
  0.02483494
  0.02310533
  0.02310557
  0.02310629
  0.02590316
  0.02272929
  0.04931430
  0.07520244
  0.09989480
  0.12413134
  0.09197487
  0.05979080
  0.03977998
  0.03168641
  0.02848249
  0.02310490
  0.08245069
  0.14205032
  0.19360334
  0.23454898
  0.26636193
  0.29049079
  0.19342262
  0.12419058
  0.07527668
  0.04328775
  0.02768622
  0.02326446
  0.02366465
  0.02926594
  0.04593372
  0.07645122
  0.11970545
  0.17645124
  0.25291277
  0.28941426
  0.32952670
  0.29918203
  0.26826089
  0.21892317
  0.26007728
  0.20261089
  0.12458252
  0.03689288
  0.02311048
  0.02239670
  0.02377702
  0.02293439
  0.02301509
  0.02303983
  0.02305164
  0.02305906
  0.02306137
  0.02306188
  0.02306099
  0.02305875
  0.02305494
  0.02304899
  0.02303964
  0.02302403
  0.02299400
  0.02291415
  0.02152277
  0.02333574
  0.04981089
  0.09684706
  0.12923291
  0.14630759
  0.09349810
  0.04795247
  0.02707681
