  0.01155245
  0.01155245
  0.04047193
  0.08144155
  0.12808523
  0.17970928
  0.23707744
  0.27166867
  0.30087786
  0.32694740
  0.34978655
  0.36916474
  0.41671580
  0.43978979
  0.47614080
  0.51267041
  0.54924906
  0.58586121
  0.62252785
  0.65945200
  0.69614452
  0.73235333
  0.76888232
  0.80548736
  0.84310512
  0.92627000
  0.92830697
  0.98485665
  0.92820680
  0.92626641
  0.91421676
  0.85848398
  0.83004304
  0.82200032
  0.84644135
  0.76154800
  0.63361925
  0.71700262
  0.70542449
  0.69073116
  0.67383375
  0.49236822
  0.53060822
  0.51392207
  0.45045157
  0.38991794
  0.33231570
  0.27725673
  0.22423887
  0.16818630
  0.11046456
  0.06259655
  0.02546760
  0.00596733
  0.00096033
  0.00007030
  0.00000657
  0.00000065
  0.00000007
  0.00000001
  0.00000000
  0.00000000
  0.00000000
  0.00000000
  0.00000000
  0.00000000
  0.00000000
  0.00000000
  0.00000000
  0.00000000
  0.00000000
  0.00000000
  0.00000001
  0.00000022
  0.00000361
  0.00006007
  0.00097381
