  0.00000000
 -0.49892112
 -0.49988032
  0.30968322
  0.46440566
  0.18519743
  0.01148720
  0.00228576
 -0.00860879
  0.06904491
 -0.01611854
 -0.00219766
  0.01111235
 -0.04029226
  0.00658608
  0.00210148
  0.00098938
  0.00056230
  0.00034774
  0.00021851
  0.00012679
  0.00004802
 -0.00003826
 -0.00016524
 -0.00042982
 -0.00135246
 -0.04725633
  0.22447203
  0.49988982
 -0.17222579
 -0.49999347
 -0.32844188
 -0.49999856
 -0.49999940
 -0.49999963
 -0.49999972
 -0.49999975
 -0.49999971
 -0.49999945
 -0.44503545
 -0.00000043
  0.37748299
  0.49999836
  0.49999920
  0.49999959
  0.49999971
  0.49999972
  0.49999966
  0.49999954
  0.49999924
  0.49999817
 -0.18273056
 -0.00000308
 -0.00000923
  0.23190301
 -0.05664096
  0.49998634
  0.49999482
  0.49999653
  0.49999594
 -0.49998848
 -0.49999875
 -0.49377642
 -0.18670345
 -0.06680610
 -0.47962015
 -0.49999995
 -0.49999995
 -0.49999995
 -0.49999993
 -0.49999990
 -0.49999981
  0.49999601
  0.49999979
  0.49999988
  0.49999991
  0.49999992
  0.49999993
  0.49999993
  0.49999993
  0.49999993
  0.49999991
  0.49999989
  0.49999983
  0.49999957
  0.00000032
 -0.00000022
 -0.49999930
 -0.49999974
 -0.49999983
 -0.14982820
 -0.45128011
 -0.49998594
 -0.49997467
 -0.11776141
 -0.07960564
  0.08898071
 -0.01187813
  0.00120132
  0.00036889
  0.00017809
  0.00012934
  0.00000784
 -0.00001375
 -0.00003312
 -0.00005466
 -0.00008275
 -0.00012424
 -0.00019310
 -0.00032427
 -0.00063164
 -0.00170758
 -0.04643887
 -0.14132349
  0.49977998
  0.49995513
  0.49997356
  0.49997037
 -0.30829589
 -0.49997993
 -0.49998935
 -0.49999155
  0.00000000
