  4.35918367
  4.35918367
  4.35918367
  4.39680288
  4.47195067
  4.58454612
  4.73446374
  4.92149386
  5.14485020
  5.40340011
  5.69609350
  6.02225847
  6.38205390
  6.77581711
  7.20607673
  7.67393467
  8.17940887
  8.72244397
  9.30302342
  9.92112845
 10.57727196
 11.27122897
 11.99896995
 12.75996068
 13.55271767
 14.37239742
 15.21161750
 16.07434972
 16.94504839
 17.77258152
 18.54446439
 19.27426205
 19.94444335
 20.53966087
 21.06762702
 21.50665508
 21.84237106
 22.14277223
 22.41199417
 22.63157057
 22.78933874
 22.87664650
 22.89256289
 22.85366025
 22.75942611
 22.63403456
 22.49715573
 22.36057222
 22.24212497
 22.14856353
 22.08262284
 22.04509996
 22.03581943
 22.05417576
 22.09942536
 22.17112196
 22.26938992
 22.39516245
 22.55032179
 22.74331510
 22.97680742
 23.25673062
 23.58024658
 23.86197223
 24.22719980
 24.65042875
 25.16412658
 25.63648127
 26.06595200
 26.45260905
 26.79612039
 27.09688559
 27.35483682
 27.56985937
 27.74189858
 27.87093273
 27.95696160
 28.00000000
