  0.00000000
  0.74966655
  0.74965549
  0.74964465
  0.74963170
  0.74961843
  0.74960435
  0.74958929
  0.74957318
  0.74955652
  0.74953661
  0.74951544
  0.74949250
  0.74946742
  0.74943982
  0.74940940
  0.74937610
  0.74933583
  0.74929224
  0.74924299
  0.74918632
  0.74912039
  0.74904280
  0.74895015
  0.74883762
  0.74869809
  0.74852059
  0.74828723
  0.74796686
  0.74749992
  0.74678300
  0.74545256
  0.74280126
  0.73716032
  0.71957353
  0.23353689
 -0.00006937
  0.00041028
 -0.00547064
 -0.01161361
 -0.00823110
  0.00516707
 -0.00414317
 -0.01081862
 -0.01242880
 -0.01320334
 -0.01544812
 -0.12672590
 -0.00522381
  0.02882287
  0.07196225
  0.05821454
  0.03818881
  0.02723464
  0.02041301
  0.01555510
  0.01080011
 -0.00098336
 -0.00419570
 -0.00508096
 -0.00866539
 -0.02752474
 -0.01051761
 -0.00291593
  0.00149936
  0.00461115
  0.00703654
  0.00413507
 -0.00013489
 -0.00774571
 -0.03018797
 -0.00554525
  0.01698504
  0.05707652
  0.14777566
  0.03877486
  0.01473598
  0.00880307
 -0.02998116
 -0.01186906
  0.03049435
  0.03507556
  0.00533065
  0.00370078
  0.00329204
  0.00323403
  0.00318730
  0.00423042
  0.00026922
 -0.00061722
 -0.00111516
 -0.00218064
 -0.00358953
 -0.00819545
 -0.13212312
 -0.61958329
 -0.68850165
 -0.70475234
 -0.71450176
 -0.72208987
 -0.67569208
 -0.67713727
 -0.71242879
 -0.71519820
 -0.71804029
 -0.72044500
 -0.72278773
 -0.72495776
 -0.72766791
 -0.72961918
 -0.73097175
 -0.73205314
 -0.73294637
 -0.73373850
 -0.72218648
 -0.72211647
 -0.72252611
 -0.72296722
 -0.72339144
 -0.72380621
 -0.72421189
 -0.72460908
 -0.72499845
 -0.72538065
 -0.72574910
 -0.72611276
 -0.72647895
 -0.72695196
 -0.73886142
 -0.73919993
 -0.73959197
 -0.74000447
 -0.74037472
 -0.74010696
 -0.73805525
 -0.73911716
 -0.73927096
 -0.73942839
 -0.73958886
 -0.73975261
 -0.73992080
 -0.74009486
 -0.74027559
 -0.74046443
 -0.74065710
 -0.74085980
 -0.74107193
 -0.74129801
 -0.74154920
 -0.74210994
 -0.74235138
 -0.74255346
 -0.74274242
 -0.74292140
 -0.74308911
 -0.74324185
 -0.74338249
 -0.74351697
 -0.74364630
 -0.74377153
 -0.74388776
 -0.74400089
 -0.74411056
 -0.74421548
 -0.74431714
 -0.74441661
 -0.74451374
 -0.74460887
 -0.74470070
 -0.74478817
 -0.74487070
 -0.74495195
 -0.74503080
 -0.74510798
 -0.74518364
 -0.74525590
 -0.74532688
 -0.74539569
 -0.74546261
 -0.74552843
 -0.74559289
 -0.74565599
 -0.74571725
 -0.74577689
 -0.74583491
 -0.74589160
 -0.74594696
 -0.74600099
 -0.74605369
 -0.74610504
 -0.74615491
 -0.74620498
 -0.74626273
 -0.74630086
 -0.74632954
 -0.74635136
 -0.74636715
 -0.74637738
 -0.74638237
 -0.74638234
 -0.74637745
 -0.74636781
 -0.74635348
 -0.74633447
 -0.74631077
 -0.74628231
 -0.74624899
 -0.74621067
 -0.74616720
 -0.74611838
 -0.74606402
 -0.74600395
 -0.74593814
 -0.74586686
 -0.74579139
 -0.74571547
 -0.74563865
 -0.74554670
 -0.74544353
 -0.74533342
 -0.74521718
 -0.74509461
 -0.74496527
 -0.74482866
 -0.74468418
 -0.74453118
 -0.74436891
 -0.74419655
 -0.74401315
 -0.74381765
 -0.74360884
 -0.74338534
 -0.74314556
 -0.74288768
 -0.74260960
 -0.74230871
 -0.74198229
 -0.74162681
 -0.74123841
 -0.74081230
 -0.74034271
 -0.73982265
 -0.73924350
 -0.73859459
 -0.73786249
 -0.73703010
 -0.73607416
 -0.73496665
 -0.73366660
 -0.73212177
 -0.73025645
 -0.72795943
 -0.72506128
 -0.72129069
 -0.71618335
 -0.70888041
 -0.69758380
 -0.67780706
 -0.63442773
 -0.46860748
  0.45287878
  0.63409842
  0.67857045
  0.69844919
  0.74287290
  0.74598960
  0.74749221
  0.74831454
  0.74880892
  0.74912720
  0.74938125
  0.74950657
  0.74958932
  0.74963901
  0.74966609
  0.74968070
  0.74968777
  0.74968941
  0.00000000
