  0.01155245
  0.01155245
  0.00103062
  0.00006735
  0.00000424
  0.00000024
  0.00000001
  0.00000000
  0.00000000
  0.00000000
  0.00000000
  0.00000000
  0.00000000
  0.00000000
  0.00000000
  0.00000000
  0.00000000
  0.00000000
  0.00000000
  0.00000000
 -0.00000000
  0.00000000
  0.00000000
  0.00000000
  0.00000000
  0.00000000
 -0.00000000
  0.00000000
  0.00000000
  0.00000000
  0.00000000
  0.00000000
  0.00000000
  0.00000000
  0.00000000
  0.00000000
  0.00000000
  0.00000000
 -0.00000000
 -0.00000000
 -0.00000000
 -0.00000000
 -0.00000000
 -0.00000000
  0.00000000
 -0.00000000
 -0.00000000
 -0.00000000
 -0.00000000
 -0.00000000
  0.00000000
  0.00000000
  0.00000000
  0.00000000
 -0.00000000
  0.00000042
 -0.00000000
 -0.00000000
  0.00000327
  0.00000000
 -0.00000000
 -0.00000000
 -0.00000000
 -0.00000000
 -0.00000000
 -0.00000000
 -0.00000000
 -0.00000000
 -0.00000000
 -0.00000000
 -0.00000000
 -0.00000000
 -0.00000000
 -0.00000000
 -0.00000000
 -0.00000000
 -0.00000000
 -0.00000000
 -0.00000000
 -0.00000000
 -0.00000000
 -0.00000000
 -0.00000000
  0.00000000
  0.00000000
  0.00000000
  0.00000000
  0.00000000
  0.00000000
  0.00000002
  0.00000027
  0.00000383
  0.00005393
  0.00074874
  0.00835963
  0.04165608
  0.09261940
  0.15080126
  0.21555820
  0.28771706
  0.36372147
  0.40554806
  0.39264617
  0.31063877
  0.23537768
  0.16840334
  0.10838336
  0.05506621
  0.01493170
  0.00155903
  0.00011059
  0.00000762
  0.00000054
  0.00000004
  0.00000003
  0.00000037
  0.00000548
  0.00008133
  0.00118066
  0.01254802
  0.04774918
  0.09833927
  0.15568473
  0.21944399
  0.29064806
  0.37099199
  0.45388297
  0.51845584
  0.58226813
  0.59882239
  0.53994287
  0.47624600
  0.39350629
  0.31161853
  0.23918786
  0.17440576
  0.11614677
  0.06293120
  0.02423351
  0.00379148
  0.00149078
