  0.02310491
  0.02310491
  0.02277587
  0.02216676
  0.02174317
  0.02154187
  0.02146729
  0.02149632
  0.02167453
  0.02271453
  0.02843688
  0.03923000
  0.05297415
  0.04460307
  0.03238936
  0.02263047
  0.02183264
  0.02187933
  0.02194870
  0.02201350
  0.02207349
  0.02212908
  0.02218061
  0.02222842
  0.02227244
  0.02231329
  0.02235121
  0.02238657
  0.02241957
  0.02245022
  0.02247883
  0.02250566
  0.02253082
  0.02255447
  0.02257671
  0.02259754
  0.02261718
  0.02263572
  0.02265324
  0.02266973
  0.02268536
  0.02270018
  0.02271073
  0.02174276
  0.03978984
  0.06066772
  0.08312190
  0.10756018
  0.13457523
  0.16499537
  0.19930446
  0.22451262
  0.19662091
  0.17815165
  0.16662139
  0.16154904
  0.16321528
  0.17324656
  0.19248521
  0.17054816
  0.14707496
  0.12390619
  0.10095170
  0.07824542
  0.05579646
  0.03360703
  0.02322175
  0.05749429
  0.02817224
  0.02509867
  0.02617209
  0.08628106
  0.15666830
  0.22902923
  0.30414652
  0.38335436
  0.46839829
  0.56126045
  0.66361267
  0.59104139
  0.50609491
  0.45848758
  0.44206373
  0.45656577
  0.50909575
  0.48484963
  0.41203999
  0.34037790
  0.27280489
  0.19630012
  0.12366405
  0.05567605
  0.02388398
  0.02388683
  0.02391256
  0.02394104
  0.02397250
  0.02400722
  0.02404575
  0.02408870
  0.02413678
  0.02419085
  0.02424780
  0.02431201
  0.02438380
  0.02445129
  0.02324996
  0.02540878
  0.06009099
  0.09971684
  0.13738287
  0.17310107
  0.20717581
  0.23991600
  0.27161419
  0.30256511
  0.34056935
  0.40117158
  0.39959246
  0.37528520
  0.35124654
  0.32758697
  0.30435500
  0.28156213
  0.25920994
  0.23725158
  0.21567641
  0.19444211
  0.17351189
  0.15285814
  0.13245746
  0.11250895
  0.08152064
  0.05731131
  0.04020525
  0.02980830
  0.02453961
  0.02222941
  0.02136966
  0.02120802
  0.02161197
  0.02310285
  0.03232999
  0.05349846
  0.08514880
  0.12575020
  0.17579310
  0.23659562
  0.31007303
  0.38659076
  0.41979114
  0.45373703
  0.48873326
  0.52513506
  0.62108821
  0.63292698
  0.44527016
  0.30580644
  0.20043336
  0.11985955
  0.05851600
  0.02310398
  0.02310097
  0.02770585
  0.03331315
  0.03867940
  0.04308898
  0.04617085
  0.04795042
  0.03809942
  0.03120636
  0.02696463
  0.02459971
  0.02344562
