  0.00000000
  0.00000000
 -0.03763057
 -0.02537781
 -0.01761652
 -0.01425055
 -0.01280178
 -0.01258797
 -0.01365466
 -0.00959490
  0.07829663
  0.12751652
  0.10268350
  0.11193697
  0.08314627
 -0.00555475
 -0.00425660
 -0.00278042
 -0.00198600
 -0.00149726
 -0.00117090
 -0.00094065
 -0.00077139
 -0.00064309
 -0.00054343
 -0.00046447
 -0.00040084
 -0.00034884
 -0.00030581
 -0.00026983
 -0.00024042
 -0.07667963
 -0.17456668
 -0.26864266
 -0.35588921
 -0.43720675
 -0.51329703
 -0.58537872
 -0.65457729
 -0.69997845
 -0.66655011
 -0.60064932
 -0.53939603
 -0.47853658
 -0.41184368
 -0.33575882
 -0.25669568
 -0.17451255
 -0.08902518
  0.00000489
  0.00047205
  0.00057688
  0.00034041
 -0.02265431
 -0.04506970
 -0.02976525
 -0.00867602
 -0.00159555
 -0.00094268
 -0.00068027
 -0.00053208
 -0.00043691
 -0.00001171
  0.05259006
  0.10517992
  0.15775050
  0.21029071
  0.26278347
  0.31517603
  0.24907178
  0.18319852
  0.11953310
  0.06544886
 -0.00000674
 -0.00033247
 -0.00033242
 -0.00000457
  0.06314733
  0.12589677
  0.18833818
  0.25062447
  0.31277846
  0.37478902
  0.43666553
  0.49838083
  0.55623301
  0.59222357
  0.52662387
  0.45985561
  0.39203632
  0.32332366
  0.25392576
  0.18406918
  0.11398511
  0.04402888
  0.07764637
  0.14734766
  0.14250073
  0.07131777
 -0.00014622
 -0.00024516
 -0.00020403
 -0.00017682
 -0.00007538
  0.07128388
 -0.00012018
 -0.00012328
 -0.00011647
 -0.00011108
 -0.00010681
 -0.00010343
 -0.00010079
 -0.00000465
  0.12498169
  0.24996808
  0.37495496
  0.49994057
  0.62492202
  0.69999182
  0.62494070
  0.49995501
  0.37496568
  0.24997550
  0.12498515
 -0.00000508
 -0.00009944
 -0.00011756
 -0.00006056
  0.07721990
  0.15507431
  0.15978874
  0.08063845
  0.00224955
  0.00025301
  0.00017269
  0.00013182
  0.00000575
 -0.12497526
 -0.24995302
 -0.37492545
 -0.49988697
 -0.62481264
 -0.69999126
 -0.69999173
 -0.69999219
 -0.69999194
 -0.69999119
 -0.69999042
 -0.69998955
 -0.69998846
 -0.69998699
 -0.62490556
 -0.49992992
 -0.37494821
 -0.24996524
 -0.12498230
  0.00000000
