  0.01155245
  0.01155245
  0.03197981
  0.05924110
  0.08808536
  0.11725126
  0.14647796
  0.17573049
  0.20505932
  0.23486339
  0.26381340
  0.29291128
  0.32207892
  0.35130034
  0.38056655
  0.40999446
  0.43995479
  0.46786633
  0.49683138
  0.52605983
  0.55528501
  0.58448347
  0.61365964
  0.64281380
  0.67191734
  0.70097479
  0.72997641
  0.75889486
  0.78768736
  0.81624400
  0.85280495
  0.86592113
  0.83682938
  0.80253630
  0.77008376
  0.73953356
  0.71050182
  0.68228899
  0.65460209
  0.65615998
  0.62296290
  0.62991661
  0.70327803
  0.75957260
  0.78902230
  0.81985343
  0.85238480
  0.88704988
  0.22323352
  0.21981552
  0.22037962
  0.29630420
  0.29387245
  0.29273200
  0.29191665
  0.29114549
  0.29104080
  0.30067312
  0.30298979
  0.30503412
  0.30743216
  0.31140338
  0.27859587
  0.27623456
  0.27539006
  0.27503300
  0.27523826
  0.27965029
  0.28398902
  0.28862222
  0.29540028
  0.26236360
  0.26054500
  0.25972843
  0.26057086
  0.51735044
  0.51627278
  0.51543545
  0.51216509
  0.45238104
  0.42967040
  0.45928390
  0.50732608
  0.50612109
  0.50581502
  0.50628626
  0.50798031
  0.51041443
  0.52159460
  0.52984331
  0.53625203
  0.54255409
  0.54723304
  0.55016515
  0.55227932
  0.55353466
  0.54402668
  0.50763235
  0.50096790
  0.51889317
  0.17728060
  0.17294288
  0.31711088
  0.31202511
  0.30819425
  0.30183832
  0.29668983
  0.29178316
  0.29574461
  0.29622324
  0.29329171
  0.29025509
  0.28748640
  0.28577515
  0.16045468
  0.15602166
  0.15448959
  0.15322933
  0.15195949
  0.15071829
  0.14950330
  0.14831398
  0.14715021
  0.14601219
  0.14485804
  0.14373808
  0.14269244
  0.14235292
  0.28555920
  0.27964914
  0.27451503
  0.26952422
  0.26336196
  0.24262765
  0.19397879
  0.20563809
  0.20125687
  0.19715950
  0.19326247
  0.18951104
  0.18587528
  0.18233694
  0.17887248
  0.17547552
  0.17204536
  0.16867556
  0.16533955
  0.16210910
  0.15918744
  0.16214564
  0.15901240
  0.15538248
  0.15178153
  0.14824728
  0.14473091
  0.14114202
  0.13752987
  0.13400051
  0.13055517
  0.12719715
  0.12381691
  0.12052185
  0.11729098
  0.11408873
  0.11093515
  0.10784088
  0.10479323
  0.10179002
  0.09880054
  0.09580242
  0.09278503
  0.08981099
  0.08685507
  0.08392571
  0.08102102
  0.07810796
  0.07521975
  0.07233999
  0.06947191
  0.06662587
  0.06379584
  0.06098101
  0.05817539
  0.05538328
  0.05260650
  0.04985067
  0.04711809
  0.04441197
  0.04173630
  0.03909585
  0.03649545
  0.03395591
  0.03154227
  0.02908844
  0.02669391
  0.02438527
  0.02217416
  0.02006903
  0.01807698
  0.01620402
  0.01445489
  0.01283283
  0.01133939
  0.00997430
  0.00873548
  0.00761913
  0.00661991
  0.00573123
  0.00494553
  0.00425462
  0.00364998
  0.00312301
  0.00266516
  0.00226805
  0.00192314
  0.00162110
  0.00135823
  0.00114071
  0.00095974
  0.00080738
  0.00067883
  0.00057044
  0.00047912
  0.00040227
  0.00033765
  0.00028333
  0.00023772
  0.00019942
  0.00016727
  0.00014030
  0.00011767
  0.00009869
  0.00008278
  0.00006943
  0.00005824
  0.00004886
  0.00004099
  0.00003440
  0.00002887
  0.00002423
  0.00002034
  0.00001708
  0.00001434
  0.00001205
  0.00001012
  0.00000850
  0.00000715
  0.00000601
  0.00000507
  0.00000427
  0.00000361
  0.00000304
  0.00000257
  0.00000218
  0.00000185
  0.00000157
  0.00000134
  0.00000115
  0.00000099
  0.00000087
  0.00000071
  0.00000074
  0.00000084
  0.00000098
  0.00000000
  0.00000000
  0.00000000
  0.00000000
  0.00000000
  0.00000000
  0.00000000
  0.00000000
  0.00000000
  0.00000002
  0.00000041
  0.00000674
  0.00010035
  0.00130131
