 -0.00499996
 -0.00499996
 -0.00499996
 -0.00535206
 -0.00642436
 -0.00806821
 -0.01001171
 -0.01206825
 -0.01406076
 -0.01575326
 -0.01614433
 -0.01249662
 -0.00405789
  0.00935912
  0.01977669
  0.02531531
  0.02484497
  0.02343096
  0.02208523
  0.02083539
  0.01967251
  0.01858808
  0.01757465
  0.01662563
  0.01573519
  0.01489779
  0.01410881
  0.01336411
  0.01266016
  0.01199374
  0.01136180
  0.01076169
  0.01019114
  0.00964804
  0.00913052
  0.00863684
  0.00816535
  0.00771461
  0.00728332
  0.00687029
  0.00647435
  0.00609451
  0.00572983
  0.00537621
 -0.00394514
 -0.03433202
 -0.08720096
 -0.16424019
 -0.26758543
 -0.40001038
 -0.56518037
 -0.76728156
 -0.99651748
 -1.19573003
 -1.37506179
 -1.54198206
 -1.70344233
 -1.86669619
 -2.04074797
 -2.23550874
 -2.40665590
 -2.55253589
 -2.67347640
 -2.76970810
 -2.84149816
 -2.88912347
 -2.91282006
 -2.91272197
 -2.89888600
 -2.89568427
 -2.89422304
 -2.89211154
 -2.86939605
 -2.82525490
 -2.75911046
 -2.67014053
 -2.55713280
 -2.41836579
 -2.25153773
 -2.05384573
 -1.87416322
 -1.71809639
 -1.57673612
 -1.44093639
 -1.30169788
 -1.14858334
 -1.00410482
 -0.88195644
 -0.78173980
 -0.70225742
 -0.64596056
 -0.61173730
 -0.59841509
 -0.59778975
 -0.59716060
 -0.59651015
 -0.59583628
 -0.59513667
 -0.59440880
 -0.59364975
 -0.59285614
 -0.59202405
 -0.59114895
 -0.59022844
 -0.58925720
 -0.58822957
 -0.58714860
 -0.58700701
 -0.58522560
 -0.56999424
 -0.54205513
 -0.50208521
 -0.45065771
 -0.38824811
 -0.31523615
 -0.23191015
 -0.13846536
 -0.03269929
  0.09239324
  0.21723473
  0.33459178
  0.44450638
  0.54705574
  0.64233359
  0.73043883
  0.81147247
  0.88552217
  0.95267351
  1.01299956
  1.06656213
  1.11341361
  1.15359588
  1.18720766
  1.21048221
  1.22546961
  1.23407616
  1.23789827
  1.23831315
  1.23654292
  1.23370067
  1.23082469
  1.22890483
  1.22890276
  1.23463339
  1.24860455
  1.27345313
  1.31203288
  1.36751957
  1.44354767
  1.54439922
  1.67110135
  1.80901982
  1.95840650
  2.11961624
  2.29312388
  2.49904812
  2.70897195
  2.85549820
  2.95490833
  3.01871944
  3.05530891
  3.07105139
  3.07105046
  3.07104646
  3.07440639
  3.08058204
  3.08902574
  3.09918257
  3.11048178
  3.12241158
  3.13055559
  3.13565333
  3.13846629
  3.13969647
  3.14000000
