  0.00000000
 -0.36656308
 -0.19115052
 -0.01226704
  0.06435602
  0.07742460
  0.08237085
  0.09400351
  0.20105967
  0.47116938
  0.45201242
  0.38175703
 -0.35762198
 -0.45491221
 -0.47601703
 -0.06330550
  0.01059142
  0.01104098
  0.00929906
  0.00785440
  0.00668039
  0.00571771
  0.00492232
  0.00424239
  0.00368856
  0.00322115
  0.00283093
  0.00249802
  0.00220498
  0.00195822
  0.00174811
  0.00156512
  0.00140576
  0.00126612
  0.00114018
  0.00103273
  0.00093765
  0.00085329
  0.00077621
  0.00070976
  0.00065015
  0.00051423
 -0.22092968
 -0.49578845
 -0.49797214
 -0.49868293
 -0.49901972
 -0.49919827
 -0.49928175
 -0.49927182
 -0.49906378
 -0.49729654
 -0.42859870
 -0.00018169
  0.29843202
  0.49355793
  0.49701738
  0.49834298
  0.49914626
  0.49928253
  0.49930505
  0.49927588
  0.49921260
  0.49912711
  0.49903517
  0.49896005
  0.32312366
 -0.25024317
 -0.04084939
  0.01510881
  0.47963867
  0.49389868
  0.49671295
  0.49781065
  0.49833581
  0.49858206
  0.49861579
  0.49828085
  0.49446372
  0.43551814
 -0.36539261
 -0.46768831
 -0.48365881
 -0.49157144
 -0.49692914
 -0.49809352
 -0.49822305
 -0.49804722
 -0.49756502
 -0.49638098
 -0.49267456
 -0.31026152
  0.00044107
  0.00091234
  0.00101105
  0.00112145
  0.00124551
  0.00139070
  0.00156017
  0.00175862
  0.00199224
  0.00217811
  0.00247414
  0.00280718
  0.00286872
 -0.03221364
  0.05924476
  0.49644111
  0.49825039
  0.49877214
  0.49899958
  0.49911318
  0.49916427
  0.49916822
  0.49912159
  0.49899663
  0.49861750
  0.13324182
  0.00011026
  0.00006646
  0.00003801
  0.00001703
 -0.00000006
 -0.00001532
 -0.00003060
 -0.00004697
 -0.00006625
 -0.00009061
 -0.00012343
 -0.00017089
 -0.00034114
 -0.47348728
 -0.49792962
 -0.49872561
 -0.49896939
 -0.49905636
 -0.49906289
 -0.49900259
 -0.49885510
 -0.49854003
 -0.49773657
 -0.49988524
 -0.49987447
 -0.49985875
 -0.49983455
 -0.49979365
 -0.49971131
 -0.49946415
 -0.28712794
 -0.00002491
 -0.00002723
 -0.00003178
 -0.00003654
 -0.00006767
  0.07456597
  0.49982423
  0.49990237
  0.49992858
  0.49994185
  0.49994991
  0.49995535
  0.00051768
 -0.49966932
 -0.49958814
 -0.49946381
 -0.49925084
 -0.49880793
 -0.49736594
  0.47817134
  0.49740656
  0.49845068
  0.49879888
  0.49895073
  0.49901227
  0.00000000
