  0.00000000
  0.74999489
  0.74999481
  0.74999475
  0.74999467
  0.74999459
  0.74999451
  0.74999442
  0.74999434
  0.74999425
  0.74999414
  0.74999405
  0.74999395
  0.74999388
  0.74999377
  0.74999366
  0.74999355
  0.74999343
  0.74999331
  0.74999318
  0.74999305
  0.74999291
  0.74999277
  0.74999262
  0.74999247
  0.74999230
  0.74999214
  0.74999196
  0.74999177
  0.74999158
  0.74999138
  0.74999116
  0.74999094
  0.74999070
  0.74999046
  0.74999020
  0.74998992
  0.74998964
  0.74998933
  0.74998902
  0.74998868
  0.74998832
  0.74998795
  0.74998755
  0.74998712
  0.74998666
  0.74998610
  0.74998391
  0.74998297
  0.74998218
  0.74998155
  0.74998108
  0.74998198
  0.74998240
  0.74998161
  0.74998074
  0.74997884
  0.74997605
  0.74997504
  0.74997606
  0.74997538
  0.74997379
  0.74997197
  0.74996985
  0.74996735
  0.74996435
  0.74996086
  0.74995642
  0.74995085
  0.74994364
  0.74994402
  0.74992723
  0.74989375
  0.74979357
  0.29539639
 -0.00001768
 -0.00002333
 -0.00015575
  0.00000000
  0.00021223
  0.00003464
  0.00002799
  0.00002315
 -0.00010734
  0.00010197
  0.00002621
 -0.00001915
 -0.00013703
  0.00000002
  0.00004956
  0.00002551
  0.00003027
 -0.00001596
 -0.00001434
 -0.00001221
 -0.00000937
 -0.00000583
 -0.00000163
  0.00000310
  0.00000811
  0.00001307
 -0.00005016
 -0.00024210
 -0.00020078
 -0.00005308
  0.00010978
  0.00020622
  0.00021673
  0.00008592
  0.00001206
  0.00001143
  0.00001144
  0.00000984
  0.00000740
  0.00000453
 -0.00002885
 -0.00011525
 -0.00004297
  0.00007610
  0.00002948
 -0.00020418
 -0.74910342
 -0.74975204
 -0.74985622
 -0.74989895
 -0.74992219
 -0.74993680
 -0.74994683
 -0.74995441
 -0.74995994
 -0.74996427
 -0.74996776
 -0.74997063
 -0.74997303
 -0.74997507
 -0.74997738
 -0.74997892
 -0.74998031
 -0.74998148
 -0.74998200
 -0.74998292
 -0.74998376
 -0.74998451
 -0.74998520
 -0.74998583
 -0.74998641
 -0.74998694
 -0.74998743
 -0.74998789
 -0.74998831
 -0.74998871
 -0.74998908
 -0.74998965
 -0.74999024
 -0.74999001
 -0.74999029
 -0.74999056
 -0.74999081
 -0.74999105
 -0.74999128
 -0.74999612
 -0.74999639
 -0.74999670
 -0.74999702
 -0.74999734
 -0.74999765
 -0.74999804
 -0.74999816
 -0.74999824
 -0.74999829
 -0.74999831
 -0.74999830
 -0.74999762
 -0.74999757
 -0.74999750
 -0.74999738
 -0.74999741
 -0.74999735
 -0.74999727
 -0.74999716
 -0.74999701
 -0.74999683
 -0.74999658
 -0.74999636
 -0.74999606
 -0.74999571
 -0.74999531
 -0.74999482
 -0.74999423
 -0.74999350
 -0.74999257
 -0.74999136
 -0.74998997
 -0.74998780
 -0.74998464
 -0.74997946
 -0.74996923
 -0.74993876
 -0.06171889
  0.74994506
  0.74997314
  0.74998252
  0.74999256
  0.74999466
  0.74999593
  0.74999678
  0.74999739
  0.74999785
  0.74999827
  0.74999845
  0.74999858
  0.74999867
  0.74999873
  0.74999877
  0.00000000
