  0.00000000
  0.00000000
 -0.00000000
  0.00000000
  0.00000000
  0.00000000
 -0.00000000
  0.00000000
 -0.00000000
  0.00000000
  0.00000000
  0.00000000
  0.00000000
  0.00000000
  0.00000000
  0.00000000
 -0.00000000
  0.00000000
  0.00000000
  0.00000000
  0.00000000
  0.00000000
 -0.00000000
  0.00000000
 -0.00000000
  0.00000000
  0.00000000
  0.00000000
 -0.00000000
  0.00000000
  0.00000000
  0.00000000
  0.00000000
  0.00000000
  0.00000000
  0.00000000
  0.00000000
  0.00000000
 -0.00000000
  0.00000000
  0.00000000
  0.00000000
  0.00000000
  0.00000000
  0.00000000
  0.00000000
 -0.00000000
  0.00000000
  0.00000000
  0.00000000
 -0.00000000
  0.00000000
 -0.00000000
  0.00000000
  0.00000000
  0.00000000
  0.00000000
  0.00000000
 -0.00000000
  0.00000000
 -0.00000000
  0.00000000
 -0.00000000
  0.00000000
  0.00000000
  0.00000000
 -0.00000000
  0.00000000
  0.00000000
  0.00000000
  0.00000000
  0.00000000
  0.00000000
  0.00000000
  0.00000000
  0.00000000
 -0.00000000
  0.00000000
  0.00000000
  0.00000000
  0.00000000
  0.00000000
  0.00000000
  0.00000000
  0.00000000
  0.00000000
  0.00000000
  0.00000000
  0.00000000
  0.00000000
  0.00000000
  0.00000000
 -0.00000000
  0.00000000
  0.00000000
  0.00000000
 -0.00000000
  0.00000000
 -0.00000000
  0.00000000
  0.00000000
  0.00000000
 -0.00000000
  0.00000000
 -0.00000000
  0.00000000
 -0.00000000
  0.00000000
 -0.00000000
  0.00000000
 -0.00000000
  0.00000000
 -0.00000000
  0.00000000
 -0.00000000
  0.00000000
 -0.00000000
  0.00000000
  0.00000000
  0.00000000
 -0.00000000
  0.00000000
 -0.00000000
  0.00000000
  0.00000000
  0.00000000
 -0.00000000
  0.00000000
  0.00000000
  0.00000000
  0.00000000
  0.00000000
  0.00000000
  0.00000000
 -0.00000000
  0.00000000
 -0.00000000
  0.00000000
 -0.00000000
  0.00000000
 -0.00000000
  0.00000000
 -0.00000000
  0.00000000
 -0.00000000
  0.00000000
  0.00000000
  0.00000000
  0.00000000
  0.00000000
  0.00000000
  0.00000000
  0.00000000
  0.00000000
  0.00000000
  0.00000000
  0.00000000
  0.00000000
 -0.00000000
  0.00000000
  0.00000000
  0.00000000
 -0.00000000
  0.00000000
 -0.00000000
  0.00000000
 -0.00000000
  0.00000000
 -0.00000000
  0.00000000
 -0.00000000
  0.00000000
 -0.00000000
  0.00000000
  0.00000000
  0.00000000
  0.00150845
  0.01832212
  0.03590293
  0.05427173
  0.07345802
  0.09350107
  0.11445317
  0.13502764
  0.15339314
  0.17158411
  0.18958455
  0.20738393
  0.22497921
  0.24237735
  0.25959692
  0.27667132
  0.29590833
  0.30228978
  0.30851924
  0.31450954
  0.32017380
  0.32542597
  0.33017875
  0.33578850
  0.31126044
  0.28749822
  0.39973562
  0.38665328
  0.37027089
  0.35087567
  0.32862845
  0.30358677
  0.28354821
  0.21683448
  0.16094896
  0.11281051
  0.07059445
  0.03320502
