  0.00000000
  0.00000000
  0.00619042
  0.01239618
  0.01859978
  0.02480131
  0.03100088
  0.03722388
  0.04343672
  0.04965145
  0.05571610
  0.06189413
  0.06807260
  0.07461654
  0.08084954
  0.08708152
  0.09331224
  0.09954178
  0.10577039
  0.11199855
  0.11822749
  0.12451462
  0.13075833
  0.13700181
  0.14324487
  0.14948722
  0.15572868
  0.16196955
  0.16822139
  0.17447709
  0.18072014
  0.18696317
  0.19321452
  0.19948911
  0.20574294
  0.21200137
  0.21826862
  0.22455034
  0.23085403
  0.23718948
  0.24356972
  0.25000840
  0.25652590
  0.26314459
  0.26988974
  0.27678680
  0.28310539
  0.25694158
  0.25400646
  0.25428704
  0.25704995
  0.26260458
  0.29090753
  0.31739794
  0.32436111
  0.33128520
  0.32133274
  0.30018986
  0.30458501
  0.33962390
  0.35604787
  0.36226061
  0.36841454
  0.37450892
  0.38055337
  0.38657154
  0.39416329
  0.40028164
  0.40640008
  0.41251863
  0.51412806
  0.52298680
  0.53179411
  0.54061379
  0.54972411
  0.55902284
  0.55920984
  0.55923241
  0.39071539
  0.39071312
  0.61085326
  0.61070055
  0.61035492
  0.60987269
  0.47860009
  0.59820254
  0.68227234
  0.68231803
  0.41670893
  0.41670145
  0.46377107
  0.46372307
  0.47896610
  0.47902126
  0.47893699
  0.47895550
  0.47902776
  0.47918903
  0.47947238
  0.47989972
  0.48047162
  0.48116606
  0.44552339
  0.35945611
  0.32284949
  0.31392943
  0.32556527
  0.35676261
  0.41022095
  0.44415561
  0.44891528
  0.45621208
  0.46320665
  0.46952205
  0.47495361
  0.47940576
  0.46066467
  0.40090882
  0.38458059
  0.40966619
  0.42282189
  0.45997449
  0.46350265
  0.45792847
  0.45197529
  0.44573905
  0.43930145
  0.43273490
  0.42816155
  0.42139304
  0.41462421
  0.40785543
  0.40108672
  0.39431808
  0.38754956
  0.38936730
  0.38235655
  0.37631979
  0.36916379
  0.35215264
  0.34541008
  0.33867516
  0.33194019
  0.32520570
  0.31847078
  0.31173444
  0.30499933
  0.29826416
  0.29152965
  0.28479579
  0.27806276
  0.27133115
  0.26919898
  0.27017497
  0.24865121
  0.24202150
  0.23539340
  0.22876547
  0.22213765
  0.21550819
  0.44451930
  0.41639255
  0.38762196
  0.35830323
  0.32851349
  0.29832269
  0.27844776
  0.23842095
  0.20236824
  0.16893111
  0.13732497
  0.10707639
  0.05648656
  0.04156961
  0.02695985
  0.01256673
 -0.00132790
 -0.01562442
 -0.02964761
 -0.04336746
 -0.05674292
 -0.06972086
 -0.08223544
 -0.09615331
 -0.10923138
 -0.12218517
 -0.13500329
 -0.14767823
 -0.16020784
 -0.17259709
 -0.18485918
 -0.19701791
 -0.21432837
 -0.22708622
 -0.23987866
 -0.25269366
 -0.26551132
 -0.27830645
 -0.29104865
 -0.30501630
 -0.29176384
 -0.27823375
 -0.39973548
 -0.36804605
 -0.33586434
 -0.30328801
 -0.27037188
 -0.23715784
 -0.20948445
 -0.16967475
 -0.13271991
 -0.09772927
 -0.06414947
 -0.03163986
