  0.01155245
  0.01155245
  0.01408299
  0.01685903
  0.02312461
  0.02617047
  0.02890059
  0.03299062
  0.04049260
  0.05352641
  0.04371370
  0.04364852
  0.05107083
  0.09661056
  0.10150096
  0.10744616
  0.11327113
  0.11880267
  0.12409855
  0.12958812
  0.13720158
  0.14770851
  0.15900094
  0.17082065
  0.18328886
  0.19655690
  0.21070029
  0.22584183
  0.24245670
  0.25990529
  0.27827904
  0.29613864
  0.31390021
  0.33435644
  0.35385636
  0.38136456
  0.41761023
  0.34743167
  0.24271902
  0.18439411
  0.14875526
  0.12563752
  0.11001515
  0.09931479
  0.09212920
  0.08769365
  0.08555346
  0.08537566
  0.08700220
  0.09045290
  0.09594840
  0.10393240
  0.11514030
  0.13075034
  0.15266133
  0.18400094
  0.22984744
  0.29668597
  0.29462014
  0.26254317
  0.24408886
  0.24017453
  0.25152188
  0.28226895
  0.34174400
  0.43856828
  0.44759569
  0.47281528
  0.49370960
  0.55522565
  0.49816828
  0.48659098
  0.49373751
  0.50712368
  0.52116119
  0.53552932
  0.55899708
  0.82013899
  0.69490264
  0.91371877
  0.87720139
  0.84210188
  0.53336830
  0.40763973
  0.41918423
  0.50354997
  0.73927866
  0.87932306
  0.09623677
  0.09169534
  0.49362404
  0.31894594
  0.70382776
  0.91032985
  0.87439575
  0.83913044
  0.80773379
  0.76248319
  0.43519750
  0.29745970
  0.22575769
  0.18388014
  0.15787600
  0.14138688
  0.13118477
  0.12555924
  0.12361067
  0.12495609
  0.12961563
  0.13811264
  0.15201721
  0.17476377
  0.20932083
  0.26084724
  0.34031759
  0.46935415
  0.69090294
  0.70904093
  0.43036509
  0.29843558
  0.23767880
  0.20372569
  0.18293343
  0.17123683
  0.16680801
  0.16906911
  0.17850558
  0.19689843
  0.22801052
  0.27935349
  0.36758560
  0.55464906
  0.80089027
  0.83951460
  0.87806488
  0.06213611
  0.05733500
  0.88287735
  0.05249935
  0.05236705
  0.05225698
  0.05216917
  0.05210396
  0.05206119
  0.05204231
  0.05204881
  0.05208240
  0.05214541
  0.05224099
  0.05237345
  0.05254867
  0.05277486
  0.86818709
  0.88175318
  0.04916804
  0.85174243
  0.82300167
  0.78939746
  0.57659477
  0.56548118
  0.58540790
  0.65392322
  0.68952226
  0.64278126
  0.59612714
  0.54956808
  0.50278720
  0.45600261
  0.40930571
  0.36248406
  0.30706695
  0.27016680
  0.22336309
  0.17656828
  0.12978823
  0.01344868
  0.08084010
  0.03622062
  0.00659237
  0.00052729
  0.00006498
  0.00002091
  0.00000423
  0.00000116
  0.00000040
  0.00000016
  0.00000000
  0.00000000
  0.00000000
  0.00000000
  0.00000000
  0.00000000
  0.00000000
  0.00000000
  0.00000000
  0.00000000
  0.00000000
  0.00000002
  0.00000026
  0.00000437
  0.00008360
  0.00116304
