  0.00000000
  0.07712049
 -0.07232592
 -0.49716459
 -0.49622093
 -0.49315784
 -0.00605265
  0.49415977
  0.49724282
  0.49824633
  0.00594464
 -0.00026355
 -0.00702228
 -0.49931404
 -0.49917557
 -0.49897111
 -0.49864899
 -0.49808642
 -0.49691114
 -0.49324600
 -0.07667157
  0.49124241
  0.49481627
  0.49578554
  0.49598964
  0.49566558
  0.49451047
  0.49032591
  0.08668789
  0.00290631
  0.00203224
  0.00200805
 -0.43351358
 -0.49679327
 -0.49853047
 -0.49909304
 -0.49936434
 -0.49951982
 -0.49961741
 -0.49968150
 -0.49972373
 -0.49974965
 -0.49976074
 -0.49975348
 -0.49971098
 -0.49953753
  0.16167641
  0.44547221
  0.23564112
  0.00367190
 -0.22122750
 -0.00141806
  0.49932443
  0.49978333
  0.49986497
  0.49990114
  0.49990615
  0.49988176
  0.49985181
  0.49987466
  0.49989130
  0.49989126
  0.49987893
  0.49984418
  0.49972791
  0.12411517
  0.00007701
  0.00005552
  0.00004185
  0.00022951
  0.49998785
  0.49998485
  0.49997882
  0.49996066
 -0.48666034
 -0.49996504
 -0.49998340
 -0.49998948
 -0.00007945
  0.00009035
  0.49999475
  0.49999251
  0.49998595
  0.49962055
 -0.49992792
 -0.49998360
 -0.49999291
 -0.49999508
 -0.00008909
  0.00006064
  0.49996790
  0.49991698
 -0.49981474
 -0.49995084
 -0.49996942
 -0.49997644
 -0.49997983
 -0.49998148
 -0.49998199
 -0.49998146
 -0.49997950
 -0.49997476
 -0.49996444
 -0.49994849
 -0.49993476
 -0.49992325
 -0.49991265
 -0.49989797
 -0.49985164
 -0.49960760
  0.25900743
  0.49865598
  0.49821501
  0.49656016
  0.49839080
  0.49954156
  0.49972083
  0.49948234
  0.49599683
 -0.04128214
 -0.18929807
  0.49941819
  0.49968387
  0.49972427
  0.49970480
  0.49961928
  0.49931957
  0.43633152
  0.00014607
  0.00010926
  0.00008303
  0.00006500
  0.00005205
  0.00004243
  0.00044411
  0.49986696
  0.49973793
 -0.49707153
 -0.49977006
 -0.00023446
  0.00001630
  0.00001533
  0.00001407
  0.00001272
  0.00001143
  0.00001029
  0.00000933
  0.00000854
  0.00000791
  0.00000768
  0.00001055
 -0.01476837
 -0.49998814
  0.49981904
  0.00003310
 -0.00001970
 -0.00001401
 -0.00001034
 -0.00000782
 -0.00010403
 -0.49999866
 -0.49999845
 -0.49999812
 -0.49999755
 -0.49999638
 -0.49999245
  0.49996785
  0.49999378
  0.49999616
  0.49999704
  0.49999748
  0.49999773
  0.49998698
  0.49998887
  0.49998982
  0.49999019
  0.49999034
  0.49998983
  0.49998874
  0.49998659
  0.49998191
  0.49996729
  0.11697903
  0.00000219
  0.00000143
  0.00000083
  0.00000029
 -0.00000023
 -0.00000081
 -0.00000152
 -0.00000248
 -0.22701014
 -0.49996652
 -0.49998088
 -0.49998530
 -0.49998710
 -0.49998767
 -0.49998734
 -0.49998593
 -0.49998330
 -0.49997586
 -0.49994836
 -0.49999799
 -0.49999767
 -0.49999717
 -0.49999629
 -0.49999445
 -0.49998807
  0.49995612
  0.49999021
  0.49999368
  0.49999491
  0.49999544
  0.49999564
  0.00000000
