  1.93469388
  1.93469388
  1.93469388
  1.93940209
  1.94883001
  1.96297605
  1.98184537
  2.00545391
  2.03385219
  2.06706133
  2.10508479
  2.14779274
  2.19523606
  2.24741429
  2.30460730
  2.36657764
  2.43342742
  2.50529726
  2.58237031
  2.66487550
  2.75308980
  2.84733946
  2.94804327
  3.05538468
  3.16930134
  3.28969636
  3.41643857
  3.54936111
  3.68825911
  3.83289510
  3.98297840
  4.13844207
  4.29928490
  4.46551323
  4.63714599
  4.81457842
  4.99834745
  5.18905067
  5.38733185
  5.59386107
  5.80930692
  6.03429864
  6.26937182
  6.51490111
  6.77100493
  7.03742021
  7.31333522
  7.59641749
  7.85160737
  8.10012123
  8.34364435
  8.58307593
  8.81912382
  9.06867448
  9.32416339
  9.56586355
  9.79254616
  9.99309196
 10.16397566
 10.32298292
 10.48547459
 10.64037978
 10.78387918
 10.91787439
 11.04457845
 11.16649797
 11.28642023
 11.40788565
 11.53123359
 11.65646448
 11.78357864
 11.94200058
 12.10315193
 12.27434402
 12.46344933
 12.67889568
 12.92939447
 13.20334879
 13.49248596
 13.69970550
 13.90692372
 14.23089446
 14.55478405
 14.88809672
 15.24004887
 15.53787375
 15.93736055
 16.42236880
 16.92934799
 17.24539019
 17.56142667
 17.91316135
 18.26485938
 18.63145573
 19.00486902
 19.38142011
 19.75777013
 20.13053200
 20.49616784
 20.85081900
 21.19013202
 21.50908724
 21.80184961
 22.04203081
 22.20758884
 22.33210409
 22.42921641
 22.50307426
 22.55048244
 22.55892538
 22.50598547
 22.37982630
 22.17400359
 21.89531934
 21.55543848
 21.16642512
 20.73990116
 20.30726969
 19.91839694
 19.53905210
 19.13130461
 18.70870841
 18.24900475
 17.78836845
 17.33760609
 16.89760999
 16.46832357
 16.04903201
 15.63860401
 15.23374478
 14.83528883
 14.44323592
 14.05758559
 13.67833746
 13.30549119
 12.93904645
 12.57088444
 12.20935179
 11.85240471
 11.50016115
 11.16321509
 10.83272084
 10.50867143
 10.19106686
  9.87990660
  9.57519099
  9.27692134
  8.98509641
  8.69971624
  8.42078012
  8.14828741
  7.88223727
  7.62262830
  7.36505976
  7.10657252
  6.86916883
  6.63809485
  6.41334904
  6.19493125
  5.98284139
  5.77708105
  5.35266808
  4.95510962
  4.58750929
  4.25245289
  3.95220866
  3.68868579
  3.45427854
  3.26689237
  3.11631858
  2.99551760
  2.89981665
  2.82624760
  2.78765229
  2.75924922
  2.74079989
  2.73218286
  2.73309468
  2.74382131
  2.76411462
  2.79359230
  2.83168633
  2.87758625
  2.93017522
  2.98914956
  3.05259763
  3.11892126
  3.18627392
  3.25255818
  3.31542914
  3.37230509
  3.42038560
  3.45667793
  3.47856423
  3.48249600
  3.46786717
  3.43447745
  3.38253170
  3.31263875
  3.22581167
  3.12303006
  3.01596082
  2.90862176
  2.75085710
  2.60559933
  2.47904877
  2.37491266
  2.29477508
  2.23834800
  2.20269267
  2.18678563
  2.18084663
  2.17934575
  2.17936830
  2.17959184
