  0.00000000
  0.00000000
  0.03963310
  0.08312076
  0.11898678
  0.15177391
  0.18886942
  0.22646142
  0.26417820
  0.30228961
  0.33993293
  0.37703636
  0.41458255
  0.45226415
  0.49024986
  0.52832447
  0.56562878
  0.62140958
  0.67509816
  0.67692265
  0.71448630
  0.84008798
  0.94045828
  1.04829049
  1.16600722
  1.29704593
  1.27688826
  1.14789671
  0.90599569
  0.93764384
  0.50284903
  0.48594790
  0.49262475
  0.49248009
  0.49124574
  0.45496482
  0.42240458
  0.40335885
  0.38431336
  0.36526788
  0.51059352
  0.49764251
  0.48018804
  0.45875686
  0.43369175
  0.40520923
  0.38856751
  0.31316247
  0.23346050
  0.16345723
  0.10114018
  0.04527341
  0.00000000
  0.00000000
  0.00000000
  0.00000000
 -0.00000000
  0.00000000
 -0.00000000
  0.00000000
  0.00000000
  0.00000000
  0.00000000
  0.00000000
  0.00000000
  0.00000000
  0.00000000
  0.00000000
  0.00000000
  0.00000000
  0.00000000
  0.00000000
  0.00000000
  0.00000000
  0.00000000
  0.00000000
  0.00000000
  0.00000000
  0.00000000
  0.00000000
  0.00000000
  0.00000000
  0.00000000
  0.00000000
  0.00000000
  0.00000000
  0.00000000
  0.00000000
 -0.00000000
  0.00000000
 -0.00000000
  0.00000000
  0.00000000
  0.00000000
  0.00000000
  0.00000000
  0.00000000
  0.00000000
  0.00000000
  0.00000000
 -0.00000000
  0.00000000
 -0.00000000
  0.00000000
 -0.00000000
  0.00000000
 -0.00000000
  0.00000000
  0.00000000
  0.00000000
  0.00000000
  0.00000000
  0.00000000
  0.00000000
 -0.00000000
  0.00000000
 -0.00000000
  0.00000000
  0.00000000
  0.00000000
 -0.00000000
  0.00000000
 -0.00000000
  0.00000000
  0.00000000
  0.00000000
 -0.00000000
  0.00000000
  0.00000000
  0.00000000
 -0.00000000
  0.00000000
 -0.00000000
  0.00000000
  0.00000000
  0.00000000
 -0.00000000
