task_id 12

[x]
1 22.000000000000
2 22.000000000000
3 22.000000000000
4 21.962354730000
5 21.887064490000
6 21.774134860000
7 21.623574160000
8 21.435377290000
9 21.209543760000
10 20.946074260000
11 20.644970170000
12 20.306235870000
13 19.929855660000
14 19.515832540000
15 19.064166610000
16 18.574856890000
17 18.047899440000
18 17.483315790000
19 16.881104500000
20 16.241105360000
21 15.566111850000
22 14.853660420000
23 14.015962330000
24 13.131523410000
25 12.205709120000
26 11.255580600000
27 10.327365990000
28 9.563868500000
29 9.032385980000
30 8.719331840000
31 8.459487400000
32 8.338649120000
33 8.221872320000
34 8.103490960000
35 7.989467730000
36 7.888113100000
37 7.806354070000
38 7.734779930000
39 7.666433350000
40 7.601314030000
41 7.539421930000
42 7.452905460000
43 7.373105190000
44 7.288375700000
45 7.192076170000
46 7.081971730000
47 6.959639680000
48 6.823703430000
49 6.688287400000
50 6.568080670000
51 6.473402060000
52 6.409536550000
53 6.378907380000
54 6.382131820000
55 6.418300440000
56 6.486612350000
57 6.586935040000
58 6.720265340000
59 6.888999640000
60 7.107200550000
61 7.377721440000
62 7.648378650000
63 8.015645410000
64 8.433427340000
65 8.896623860000
66 9.401191860000
67 9.945066900000
68 10.434431840000
69 10.953073820000
70 11.500992990000
71 12.078189330000
72 12.684662840000
73 13.320413510000
74 13.985441330000
75 14.679746300000
76 15.403328410000
77 16.156187630000
78 16.938323950000
79 17.749737320000
80 18.590427650000
81 19.460394840000
82 20.427367620000
83 21.297421310000
84 22.122073150000
85 22.895201870000
86 23.605040120000
87 24.256834660000
88 24.849337450000
89 25.387157050000
90 25.837687330000
91 26.180447510000
92 26.414158430000
93 26.541489400000
94 26.561070070000
95 26.459386650000
96 26.228137750000
97 25.845132620000
98 25.369746480000
99 24.819284830000
100 24.125425760000
101 23.358538070000
102 22.532473920000
103 21.717014640000
104 20.923160920000
105 20.120640330000
106 19.341049390000
107 18.574330370000
108 17.813927710000
109 17.059201390000
110 16.323094620000
111 15.611174400000
112 14.924644470000
113 14.263541190000
114 13.627874090000
115 13.017636860000
116 12.432828240000
117 11.873447750000
118 11.339495130000
119 10.830970250000
120 10.347873040000
121 9.890203540000
122 9.457961910000
123 9.051148680000
124 8.669766520000
125 8.313804940000
126 7.983267010000
127 7.678153620000
128 7.398465210000
129 7.144202070000
130 6.915364410000
131 6.711952400000
132 6.533966210000
133 6.381405970000
134 6.254271840000
135 6.152563960000
136 6.076282490000
137 6.025427600000
138 6.000000000000

[y]
1 26.632653060000
2 26.632653060000
3 26.632653060000
4 26.632653060000
5 26.632497160000
6 26.631342160000
7 26.628853060000
8 26.625507840000
9 26.621342340000
10 26.616320820000
11 26.610374650000
12 26.603287580000
13 26.595854080000
14 26.587928600000
15 26.579510130000
16 26.570655050000
17 26.561590910000
18 26.551121030000
19 26.539358420000
20 26.514123920000
21 26.463097430000
22 26.409241680000
23 26.345920210000
24 26.279065680000
25 26.156923900000
26 25.913917100000
27 25.473058830000
28 24.797868620000
29 23.983633150000
30 23.233653980000
31 22.388384540000
32 21.900270570000
33 21.428562600000
34 20.950373390000
35 20.489788590000
36 20.044786140000
37 19.614196050000
38 19.197900770000
39 18.800374910000
40 18.421618990000
41 18.061633080000
42 17.558422750000
43 17.094276150000
44 16.672092370000
45 16.294502600000
46 15.964103900000
47 15.683151500000
48 15.442146310000
49 15.256453830000
50 15.118538000000
51 15.020802810000
52 14.958531720000
53 14.929401530000
54 14.932449010000
55 14.966636010000
56 15.030878420000
57 15.123226900000
58 15.240056370000
59 15.375136510000
60 15.525622800000
61 15.670656130000
62 15.773417110000
63 15.864703550000
64 15.913776910000
65 15.918146940000
66 15.879548840000
67 15.804353700000
68 15.720318750000
69 15.631256290000
70 15.537166450000
71 15.438049240000
72 15.333904700000
73 15.224732830000
74 15.110533670000
75 14.991307230000
76 14.867053560000
77 14.737772670000
78 14.603464590000
79 14.464129370000
80 14.319767040000
81 14.170377640000
82 14.004330930000
83 13.854927040000
84 13.672707620000
85 13.430939270000
86 13.111907640000
87 12.692114170000
88 12.167411080000
89 11.559971290000
90 10.910668550000
91 10.233041990000
92 9.479362740000
93 8.696457360000
94 7.934555460000
95 7.209355150000
96 6.538991430000
97 5.909169930000
98 5.383014950000
99 4.931794160000
100 4.491358910000
101 4.113579250000
102 3.781380710000
103 3.490522850000
104 3.207371240000
105 2.921128100000
106 2.643063400000
107 2.401762070000
108 2.222888640000
109 2.130531320000
110 2.096245370000
111 2.090378480000
112 2.087563530000
113 2.084902290000
114 2.079398140000
115 2.073750650000
116 2.068117230000
117 2.062556340000
118 2.057098390000
119 2.051760750000
120 2.046552290000
121 2.041473700000
122 2.036513370000
123 2.031629130000
124 2.026610130000
125 2.022337690000
126 2.018562560000
127 2.015211240000
128 2.012246050000
129 2.009642320000
130 2.007381430000
131 2.005447950000
132 2.003828080000
133 2.002508630000
134 2.001476200000
135 2.000717010000
136 2.000227160000
137 2.000026420000
138 2.000000000000

[theta]
1 0.000000000000
2 0.000000000000
3 -0.000000000000
4 0.002070650000
5 0.010227270000
6 0.016530700000
7 0.017773210000
8 0.018442880000
9 0.019056930000
10 0.019745330000
11 0.020919170000
12 0.019747400000
13 0.019140280000
14 0.018636540000
15 0.018095110000
16 0.017199180000
17 0.018542320000
18 0.019529890000
19 0.039408540000
20 0.075452020000
21 0.075448680000
22 0.075446360000
23 0.075446290000
24 0.131171500000
25 0.250394350000
26 0.443409950000
27 0.724094640000
28 0.992498660000
29 1.175365950000
30 1.272555130000
31 1.328113930000
32 1.328113920000
33 1.328113780000
34 1.328113690000
35 1.346854580000
36 1.383153380000
37 1.400529830000
38 1.400531070000
39 1.400531460000
40 1.400531720000
41 1.400531910000
42 1.400531930000
43 1.372734140000
44 1.321082190000
45 1.249123300000
46 1.160133780000
47 1.057238800000
48 0.940708780000
49 0.853898150000
50 0.801282290000
51 0.772758370000
52 0.760319820000
53 0.757190780000
54 0.757239930000
55 0.754707190000
56 0.744034070000
57 0.719532400000
58 0.675075850000
59 0.603758360000
60 0.492129160000
61 0.362860420000
62 0.243619350000
63 0.116925860000
64 0.009434240000
65 -0.076348630000
66 -0.137387140000
67 -0.170063750000
68 -0.170063720000
69 -0.170063430000
70 -0.170063140000
71 -0.170062840000
72 -0.170062530000
73 -0.170062220000
74 -0.170061900000
75 -0.170061580000
76 -0.170061240000
77 -0.170060900000
78 -0.170060550000
79 -0.170060200000
80 -0.170059840000
81 -0.170059500000
82 -0.170059440000
83 -0.217470830000
84 -0.303080030000
85 -0.422390390000
86 -0.572186690000
87 -0.724785660000
88 -0.846113340000
89 -0.964197770000
90 -1.102499910000
91 -1.270105500000
92 -1.409568970000
93 -1.545102260000
94 -1.710102400000
95 -1.902974430000
96 -2.117162810000
97 -2.305547120000
98 -2.454946390000
99 -2.576004390000
100 -2.683871230000
101 -2.759237490000
102 -2.798979430000
103 -2.798979420000
104 -2.798979170000
105 -2.798979030000
106 -2.836687150000
107 -2.910557860000
108 -3.019826130000
109 -3.095048870000
110 -3.133351910000
111 -3.137492410000
112 -3.137567230000
113 -3.132934030000
114 -3.132338340000
115 -3.131960020000
116 -3.131651830000
117 -3.131371220000
118 -3.131096720000
119 -3.130811680000
120 -3.130496460000
121 -3.130117320000
122 -3.129587120000
123 -3.128433370000
124 -3.129590690000
125 -3.130171960000
126 -3.130609220000
127 -3.130991310000
128 -3.131352710000
129 -3.131713090000
130 -3.132087690000
131 -3.132491810000
132 -3.132944190000
133 -3.133472080000
134 -3.134128350000
135 -3.135171140000
136 -3.137645480000
137 -3.140553480000
138 -3.141500000000

[v]
1 0.000000000000
2 0.000000000000
3 -0.168030020000
4 -0.336059240000
5 -0.504088510000
6 -0.672117740000
7 -0.840147550000
8 -1.008177420000
9 -1.176207300000
10 -1.344237180000
11 -1.512267060000
12 -1.680296890000
13 -1.848326780000
14 -2.016356680000
15 -2.184386580000
16 -2.352416470000
17 -2.520446320000
18 -2.688476250000
19 -2.856506160000
20 -3.024673890000
21 -3.192523180000
22 -3.360372490000
23 -3.547871230000
24 -3.735369890000
25 -3.922868510000
26 -4.110367220000
27 -4.076883390000
28 -3.889383830000
29 -3.701884390000
30 -3.537233120000
31 -3.349733440000
32 -3.237146450000
33 -3.124559490000
34 -3.006313000000
35 -2.887939970000
36 -2.769412940000
37 -2.650719060000
38 -2.531203430000
39 -2.411687670000
40 -2.292171910000
41 -2.172656160000
42 -1.996399540000
43 -1.819472340000
44 -1.641974970000
45 -1.463983720000
46 -1.285568950000
47 -1.106797910000
48 -0.919298470000
49 -0.731798770000
50 -0.544299230000
51 -0.356799990000
52 -0.169301740000
53 0.017950600000
54 0.203320910000
55 0.386905050000
56 0.568682610000
57 0.748513650000
58 0.926139710000
59 1.101175310000
60 1.281706360000
61 1.461318420000
62 1.609904310000
63 1.786207450000
64 1.962833400000
65 2.139828950000
66 2.317194320000
67 2.494903350000
68 2.644165960000
69 2.793428510000
70 2.942691040000
71 3.091953550000
72 3.241216040000
73 3.390478500000
74 3.539740940000
75 3.689003360000
76 3.838265740000
77 3.987528090000
78 4.136790400000
79 4.286052660000
80 4.435314830000
81 4.584576880000
82 4.745080740000
83 4.884611870000
84 4.999998930000
85 4.999998870000
86 4.999998820000
87 4.999998910000
88 4.999998960000
89 4.999998900000
90 4.999998810000
91 4.999998900000
92 4.999998910000
93 4.999998810000
94 4.999998710000
95 4.999998590000
96 4.999998610000
97 4.999998500000
98 4.999998520000
99 4.999998790000
100 4.999998780000
101 4.999998790000
102 4.950782350000
103 4.819625490000
104 4.688468540000
105 4.552170400000
106 4.415802130000
107 4.279282320000
108 4.142374340000
109 4.004707710000
110 3.866700590000
111 3.728609240000
112 3.590514470000
113 3.452419720000
114 3.314323050000
115 3.176226320000
116 3.038129550000
117 2.900032770000
118 2.761935980000
119 2.623839170000
120 2.485742360000
121 2.347645550000
122 2.209548750000
123 2.071451950000
124 1.933355240000
125 1.795258450000
126 1.657161630000
127 1.519064800000
128 1.380967960000
129 1.242871120000
130 1.104774280000
131 0.966677440000
132 0.828580610000
133 0.690483800000
134 0.552386990000
135 0.414290210000
136 0.276193480000
137 0.138096740000
138 0.000000000000

[a]
1 0.000000000000
2 -0.749999920000
3 -0.749999920000
4 -0.749999920000
5 -0.749999910000
6 -0.749999910000
7 -0.749999900000
8 -0.749999900000
9 -0.749999890000
10 -0.749999880000
11 -0.749999880000
12 -0.749999870000
13 -0.749999860000
14 -0.749999840000
15 -0.749999830000
16 -0.749999810000
17 -0.749999790000
18 -0.749999770000
19 -0.749999740000
20 -0.749999700000
21 -0.749999650000
22 -0.749999610000
23 -0.749999490000
24 -0.749999250000
25 -0.749998550000
26 0.133935730000
27 0.749998560000
28 0.749999180000
29 0.749999260000
30 0.749999500000
31 0.749999240000
32 0.749999310000
33 0.749999400000
34 0.749999460000
35 0.749999500000
36 0.749999540000
37 0.749999580000
38 0.749999600000
39 0.749999630000
40 0.749999650000
41 0.749999790000
42 0.749999810000
43 0.749999820000
44 0.749999840000
45 0.749999860000
46 0.749999880000
47 0.749999900000
48 0.749999910000
49 0.749999920000
50 0.749999920000
51 0.749999920000
52 0.749999920000
53 0.749999920000
54 0.749999920000
55 0.749999920000
56 0.749999920000
57 0.749999910000
58 0.749999910000
59 0.749999900000
60 0.749999890000
61 0.749999860000
62 0.749999880000
63 0.749999870000
64 0.749999860000
65 0.749999840000
66 0.749999830000
67 0.749999790000
68 0.749999770000
69 0.749999750000
70 0.749999730000
71 0.749999710000
72 0.749999680000
73 0.749999640000
74 0.749999600000
75 0.749999550000
76 0.749999480000
77 0.749999380000
78 0.749999250000
79 0.749999040000
80 0.749998660000
81 0.749997870000
82 0.749994730000
83 0.667367250000
84 -0.000000360000
85 -0.000000300000
86 0.000000560000
87 0.000000350000
88 -0.000000400000
89 -0.000000580000
90 0.000000620000
91 0.000000040000
92 -0.000000620000
93 -0.000000610000
94 -0.000000870000
95 0.000000190000
96 -0.000000740000
97 0.000000120000
98 0.000001870000
99 -0.000000060000
100 0.000000090000
101 -0.276385560000
102 -0.749994570000
103 -0.749997290000
104 -0.749998290000
105 -0.749998730000
106 -0.749999000000
107 -0.749999180000
108 -0.749999310000
109 -0.749999400000
110 -0.749999470000
111 -0.749999530000
112 -0.749999570000
113 -0.749999610000
114 -0.749999640000
115 -0.749999670000
116 -0.749999690000
117 -0.749999710000
118 -0.749999730000
119 -0.749999750000
120 -0.749999760000
121 -0.749999770000
122 -0.749999780000
123 -0.749999800000
124 -0.749999800000
125 -0.749999810000
126 -0.749999820000
127 -0.749999830000
128 -0.749999840000
129 -0.749999840000
130 -0.749999850000
131 -0.749999850000
132 -0.749999860000
133 -0.749999860000
134 -0.749999870000
135 -0.749999870000
136 -0.749999880000
137 -0.749999880000
138 0.000000000000

[phy]
1 0.000000000000
2 0.000000000000
3 -0.109571050000
4 -0.213469710000
5 -0.111177170000
6 -0.016503520000
7 -0.007115860000
8 -0.005437230000
9 -0.005224830000
10 -0.007795600000
11 0.006917170000
12 0.003225490000
13 0.002432980000
14 0.002397110000
15 0.003661470000
16 -0.005097060000
17 -0.003497850000
18 -0.065910830000
19 -0.112076920000
20 0.000009850000
21 0.000006500000
22 0.000000160000
23 -0.124998970000
24 -0.249998070000
25 -0.374997160000
26 -0.499996370000
27 -0.484766950000
28 -0.359767110000
29 -0.234767390000
30 -0.124999810000
31 0.000000040000
32 0.000000560000
33 0.000000370000
34 -0.078830300000
35 -0.157744590000
36 -0.079127650000
37 -0.000005860000
38 -0.000001950000
39 -0.000001330000
40 -0.000001050000
41 -0.000000050000
42 0.117504350000
43 0.235455810000
44 0.353787360000
45 0.472448140000
46 0.591391180000
47 0.699999870000
48 0.646981390000
49 0.521981750000
50 0.396982130000
51 0.271982700000
52 0.146983920000
53 0.022149080000
54 -0.101431080000
55 -0.223820450000
56 -0.345005430000
57 -0.464892700000
58 -0.583309940000
59 -0.699999790000
60 -0.699999860000
61 -0.689054900000
62 -0.589998600000
63 -0.472463430000
64 -0.354712950000
65 -0.236716010000
66 -0.118472510000
67 0.000000120000
68 0.000001100000
69 0.000001060000
70 0.000001020000
71 0.000000990000
72 0.000000970000
73 0.000000940000
74 0.000000920000
75 0.000000910000
76 0.000000890000
77 0.000000880000
78 0.000000860000
79 0.000000830000
80 0.000000770000
81 0.000000130000
82 -0.107002560000
83 -0.200023720000
84 -0.286472820000
85 -0.367477160000
86 -0.375029270000
87 -0.297501610000
88 -0.283265980000
89 -0.336674630000
90 -0.415700790000
91 -0.339773470000
92 -0.329298570000
93 -0.408613700000
94 -0.484826460000
95 -0.543420580000
96 -0.472508440000
97 -0.398795150000
98 -0.327884810000
99 -0.256708640000
100 -0.174524560000
101 -0.089035770000
102 0.000000020000
103 0.000000600000
104 0.000000330000
105 -0.090864880000
106 -0.181776200000
107 -0.272785860000
108 -0.195338770000
109 -0.103584490000
110 -0.011630990000
111 -0.000217980000
112 0.014015590000
113 0.001874160000
114 0.001239880000
115 0.001053940000
116 0.001003240000
117 0.001028120000
118 0.001121020000
119 0.001304930000
120 0.001656750000
121 0.002453100000
122 0.005671870000
123 -0.006068700000
124 -0.003265730000
125 -0.002645640000
126 -0.002504470000
127 -0.002584160000
128 -0.002834560000
129 -0.003273880000
130 -0.003973250000
131 -0.005083250000
132 -0.006920330000
133 -0.010323970000
134 -0.020502730000
135 -0.064806900000
136 -0.114061890000
137 -0.074320980000
138 0.000000000000

[w]
1 0.000000000000
2 -0.489068900000
3 -0.463752270000
4 0.456583240000
5 0.422576330000
6 0.041901830000
7 0.007492570000
8 0.000948050000
9 -0.011474630000
10 0.065670510000
11 -0.016477820000
12 -0.003537370000
13 -0.000160120000
14 0.005643490000
15 -0.039093740000
16 0.007138090000
17 -0.278579590000
18 -0.206061900000
19 0.499888110000
20 -0.000014970000
21 -0.000028330000
22 -0.499999640000
23 -0.499999610000
24 -0.499999550000
25 -0.499999330000
26 0.060917870000
27 0.499999600000
28 0.499999810000
29 0.499999830000
30 0.499999900000
31 0.000003520000
32 -0.000001290000
33 -0.499997560000
34 -0.499992920000
35 0.497461790000
36 0.499952510000
37 0.000024540000
38 0.000003860000
39 0.000001760000
40 0.000006280000
41 0.499999840000
42 0.499999810000
43 0.499999760000
44 0.499999660000
45 0.499999340000
46 0.455647090000
47 -0.212074510000
48 -0.499999330000
49 -0.499999610000
50 -0.499999700000
51 -0.499999740000
52 -0.499999750000
53 -0.499999750000
54 -0.499999730000
55 -0.499999690000
56 -0.499999600000
57 -0.499999360000
58 -0.499997590000
59 -0.000000270000
60 0.045702510000
61 0.499995030000
62 0.499998820000
63 0.499999280000
64 0.499999470000
65 0.499999580000
66 0.499999650000
67 0.000004890000
68 -0.000000200000
69 -0.000000170000
70 -0.000000150000
71 -0.000000130000
72 -0.000000110000
73 -0.000000090000
74 -0.000000080000
75 -0.000000070000
76 -0.000000070000
77 -0.000000090000
78 -0.000000140000
79 -0.000000310000
80 -0.000003240000
81 -0.499999140000
82 -0.499998670000
83 -0.499997970000
84 -0.499996230000
85 -0.048520630000
86 0.499996160000
87 0.089935290000
88 -0.329148350000
89 -0.499976580000
90 0.499927660000
91 0.066373800000
92 -0.499974060000
93 -0.499982900000
94 -0.400072090000
95 0.499994680000
96 0.499998410000
97 0.499998190000
98 0.499998130000
99 0.499999350000
100 0.499999580000
101 0.499999690000
102 0.000003290000
103 -0.000001510000
104 -0.499997650000
105 -0.499994460000
106 -0.499979820000
107 0.424264900000
108 0.499871690000
109 0.499721110000
110 0.061986160000
111 0.077303160000
112 -0.065940600000
113 -0.003444800000
114 -0.001009840000
115 -0.000275310000
116 0.000135120000
117 0.000504520000
118 0.000998800000
119 0.001910760000
120 0.004324990000
121 0.017481090000
122 -0.063762950000
123 0.015222880000
124 0.003367730000
125 0.000766690000
126 -0.000432810000
127 -0.001359940000
128 -0.002385900000
129 -0.003798280000
130 -0.006028430000
131 -0.009977150000
132 -0.018485110000
133 -0.055280510000
134 -0.240613990000
135 -0.267502010000
136 0.215831180000
137 0.403635060000
138 0.000000000000

[dt]
1 0.010000560000
2 0.224040050000
3 0.224038980000
4 0.224039060000
5 0.224039000000
6 0.224039770000
7 0.224039860000
8 0.224039870000
9 0.224039880000
10 0.224039870000
11 0.224039810000
12 0.224039890000
13 0.224039910000
14 0.224039910000
15 0.224039910000
16 0.224039860000
17 0.224039970000
18 0.224039950000
19 0.224223720000
20 0.223799150000
21 0.223799180000
22 0.249998450000
23 0.249998390000
24 0.249998410000
25 0.249998760000
26 0.249999230000
27 0.249999890000
28 0.249999520000
29 0.219535240000
30 0.249999750000
31 0.150116130000
32 0.150116090000
33 0.157662120000
34 0.157830820000
35 0.158036140000
36 0.158258600000
37 0.159354270000
38 0.159354430000
39 0.159354430000
40 0.159354410000
41 0.235008890000
42 0.235903000000
43 0.236663210000
44 0.237321720000
45 0.237886400000
46 0.238361430000
47 0.249999290000
48 0.249999630000
49 0.249999420000
50 0.249999010000
51 0.249997690000
52 0.249669810000
53 0.247160430000
54 0.244778880000
55 0.242370110000
56 0.239774750000
57 0.236834770000
58 0.233380830000
59 0.240708100000
60 0.239482780000
61 0.198114560000
62 0.235070900000
63 0.235501300000
64 0.235994110000
65 0.236487210000
66 0.236945430000
67 0.199016870000
68 0.199016800000
69 0.199016770000
70 0.199016750000
71 0.199016730000
72 0.199016700000
73 0.199016680000
74 0.199016660000
75 0.199016630000
76 0.199016610000
77 0.199016580000
78 0.199016540000
79 0.199016490000
80 0.199016410000
81 0.214005750000
82 0.186042810000
83 0.172898900000
84 0.162009910000
85 0.155647270000
86 0.155056500000
87 0.158287480000
88 0.162263160000
89 0.158059720000
90 0.151876600000
91 0.157816790000
92 0.158638490000
93 0.152430730000
94 0.146458910000
95 0.141825790000
96 0.147427050000
97 0.141821200000
98 0.142352880000
99 0.164368360000
100 0.170977720000
101 0.178071700000
102 0.174877080000
103 0.174876570000
104 0.181731270000
105 0.181824660000
106 0.182026670000
107 0.182544170000
108 0.183555670000
109 0.184009640000
110 0.184121930000
111 0.184126480000
112 0.184126430000
113 0.184128990000
114 0.184129070000
115 0.184129100000
116 0.184129120000
117 0.184129130000
118 0.184129140000
119 0.184129140000
120 0.184129140000
121 0.184129130000
122 0.184129110000
123 0.184129010000
124 0.184129110000
125 0.184129140000
126 0.184129150000
127 0.184129160000
128 0.184129160000
129 0.184129160000
130 0.184129150000
131 0.184129140000
132 0.184129130000
133 0.184129100000
134 0.184129080000
135 0.184129010000
136 0.184129020000
137 0.184129010000

[s]
1 0.000000000000
2 0.000000000000
3 -0.037645270000
4 -0.075290400000
5 -0.112935480000
6 -0.150581110000
7 -0.188226540000
8 -0.225871940000
9 -0.263517340000
10 -0.301162730000
11 -0.338808030000
12 -0.376453520000
13 -0.414098960000
14 -0.451744380000
15 -0.489389770000
16 -0.527035050000
17 -0.564680710000
18 -0.602326070000
19 -0.640496430000
20 -0.676919450000
21 -0.714484070000
22 -0.840087910000
23 -0.886962080000
24 -0.933836550000
25 -0.980712250000
26 -1.027588620000
27 -1.019220400000
28 -0.972344110000
29 -0.812694070000
30 -0.884307390000
31 -0.502849020000
32 -0.485947770000
33 -0.492624670000
34 -0.474488840000
35 -0.456398880000
36 -0.438283430000
37 -0.422403390000
38 -0.403358480000
39 -0.384313120000
40 -0.365267700000
41 -0.510593510000
42 -0.470956640000
43 -0.430602170000
44 -0.389676330000
45 -0.348261810000
46 -0.306430050000
47 -0.276698690000
48 -0.229824270000
49 -0.182949270000
50 -0.136074270000
51 -0.089199170000
52 -0.042269530000
53 0.004436680000
54 0.049768660000
55 0.093774220000
56 0.136355730000
57 0.177274060000
58 0.216143260000
59 0.265061820000
60 0.306946600000
61 0.289508460000
62 0.378441650000
63 0.420654180000
64 0.463217130000
65 0.506042170000
66 0.549048600000
67 0.496527860000
68 0.526233440000
69 0.555939120000
70 0.585644800000
71 0.615350470000
72 0.645056130000
73 0.674761780000
74 0.704467410000
75 0.734173030000
76 0.763878630000
77 0.793584200000
78 0.823289710000
79 0.852995150000
80 0.882700460000
81 0.981125810000
82 0.882788170000
83 0.844544000000
84 0.810049360000
85 0.778236160000
86 0.775282330000
87 0.791437230000
88 0.811315610000
89 0.790298410000
90 0.759382830000
91 0.789083780000
92 0.793192290000
93 0.762153460000
94 0.732294350000
95 0.709128740000
96 0.737135030000
97 0.709105800000
98 0.711764170000
99 0.821841600000
100 0.854888410000
101 0.890358270000
102 0.865778340000
103 0.842839580000
104 0.852041340000
105 0.827696820000
106 0.803793740000
107 0.781158060000
108 0.760356290000
109 0.736904810000
110 0.711944390000
111 0.686535690000
112 0.661108620000
113 0.635690570000
114 0.610263210000
115 0.584835690000
116 0.559408110000
117 0.533980510000
118 0.508552890000
119 0.483125250000
120 0.457697600000
121 0.432269930000
122 0.406842250000
123 0.381414390000
124 0.355986970000
125 0.330559390000
126 0.305131760000
127 0.279704120000
128 0.254276470000
129 0.228848810000
130 0.203421150000
131 0.177993490000
132 0.152565820000
133 0.127138160000
134 0.101710510000
135 0.076282850000
136 0.050855230000
137 0.025427620000

[splus]
1 0.000000000000
2 0.000000000000
3 0.000000000000
4 0.000000000000
5 0.000000000000
6 0.000000000000
7 0.000000000000
8 0.000000000000
9 0.000000000000
10 0.000000000000
11 0.000000000000
12 0.000000000000
13 0.000000000000
14 0.000000000000
15 0.000000000000
16 0.000000000000
17 0.000000000000
18 0.000000000000
19 0.000000000000
20 0.000000000000
21 0.000000000000
22 0.000000000000
23 0.000000000000
24 0.000000000000
25 0.000000000000
26 0.000000000000
27 0.000000000000
28 0.000000000000
29 0.000000000000
30 0.000000000000
31 0.000000000000
32 0.000000000000
33 0.000000000000
34 0.000000000000
35 0.000000000000
36 0.000000000000
37 0.000000000000
38 0.000000000000
39 0.000000000000
40 0.000000000000
41 0.000000000000
42 0.000000000000
43 0.000000000000
44 0.000000000000
45 0.000000000000
46 0.000000000000
47 0.000000000000
48 0.000000000000
49 0.000000000000
50 0.000000000000
51 0.000000000000
52 0.000000000000
53 0.004436680000
54 0.049768660000
55 0.093774220000
56 0.136355730000
57 0.177274060000
58 0.216143260000
59 0.265061820000
60 0.306946600000
61 0.289508460000
62 0.378441650000
63 0.420654180000
64 0.463217130000
65 0.506042170000
66 0.549048600000
67 0.496527860000
68 0.526233440000
69 0.555939120000
70 0.585644800000
71 0.615350470000
72 0.645056130000
73 0.674761780000
74 0.704467410000
75 0.734173030000
76 0.763878630000
77 0.793584200000
78 0.823289710000
79 0.852995150000
80 0.882700460000
81 0.981125810000
82 0.882788170000
83 0.844544000000
84 0.810049360000
85 0.778236160000
86 0.775282330000
87 0.791437230000
88 0.811315610000
89 0.790298410000
90 0.759382830000
91 0.789083780000
92 0.793192290000
93 0.762153460000
94 0.732294350000
95 0.709128740000
96 0.737135030000
97 0.709105800000
98 0.711764170000
99 0.821841600000
100 0.854888410000
101 0.890358270000
102 0.865778340000
103 0.842839580000
104 0.852041340000
105 0.827696820000
106 0.803793740000
107 0.781158060000
108 0.760356290000
109 0.736904810000
110 0.711944390000
111 0.686535690000
112 0.661108620000
113 0.635690570000
114 0.610263210000
115 0.584835690000
116 0.559408110000
117 0.533980510000
118 0.508552890000
119 0.483125250000
120 0.457697600000
121 0.432269930000
122 0.406842250000
123 0.381414390000
124 0.355986970000
125 0.330559390000
126 0.305131760000
127 0.279704120000
128 0.254276470000
129 0.228848810000
130 0.203421150000
131 0.177993490000
132 0.152565820000
133 0.127138160000
134 0.101710510000
135 0.076282850000
136 0.050855230000
137 0.025427620000

[sminus]
1 0.000000000000
2 0.000000000000
3 0.037645270000
4 0.075290400000
5 0.112935480000
6 0.150581110000
7 0.188226540000
8 0.225871940000
9 0.263517340000
10 0.301162730000
11 0.338808030000
12 0.376453520000
13 0.414098960000
14 0.451744380000
15 0.489389770000
16 0.527035050000
17 0.564680710000
18 0.602326070000
19 0.640496430000
20 0.676919450000
21 0.714484070000
22 0.840087910000
23 0.886962080000
24 0.933836550000
25 0.980712250000
26 1.027588620000
27 1.019220400000
28 0.972344110000
29 0.812694070000
30 0.884307390000
31 0.502849020000
32 0.485947770000
33 0.492624670000
34 0.474488840000
35 0.456398880000
36 0.438283430000
37 0.422403390000
38 0.403358480000
39 0.384313120000
40 0.365267700000
41 0.510593510000
42 0.470956640000
43 0.430602170000
44 0.389676330000
45 0.348261810000
46 0.306430050000
47 0.276698690000
48 0.229824270000
49 0.182949270000
50 0.136074270000
51 0.089199170000
52 0.042269530000
53 0.000000000000
54 0.000000000000
55 0.000000000000
56 0.000000000000
57 0.000000000000
58 0.000000000000
59 0.000000000000
60 0.000000000000
61 0.000000000000
62 0.000000000000
63 0.000000000000
64 0.000000000000
65 0.000000000000
66 0.000000000000
67 0.000000000000
68 0.000000000000
69 0.000000000000
70 0.000000000000
71 0.000000000000
72 0.000000000000
73 0.000000000000
74 0.000000000000
75 0.000000000000
76 0.000000000000
77 0.000000000000
78 0.000000000000
79 0.000000000000
80 0.000000000000
81 0.000000000000
82 0.000000000000
83 0.000000000000
84 0.000000000000
85 0.000000000000
86 0.000000000000
87 0.000000000000
88 0.000000000000
89 0.000000000000
90 0.000000000000
91 0.000000000000
92 0.000000000000
93 0.000000000000
94 0.000000000000
95 0.000000000000
96 0.000000000000
97 0.000000000000
98 0.000000000000
99 0.000000000000
100 0.000000000000
101 0.000000000000
102 0.000000000000
103 0.000000000000
104 0.000000000000
105 0.000000000000
106 0.000000000000
107 0.000000000000
108 0.000000000000
109 0.000000000000
110 0.000000000000
111 0.000000000000
112 0.000000000000
113 0.000000000000
114 0.000000000000
115 0.000000000000
116 0.000000000000
117 0.000000000000
118 0.000000000000
119 0.000000000000
120 0.000000000000
121 0.000000000000
122 0.000000000000
123 0.000000000000
124 0.000000000000
125 0.000000000000
126 0.000000000000
127 0.000000000000
128 0.000000000000
129 0.000000000000
130 0.000000000000
131 0.000000000000
132 0.000000000000
133 0.000000000000
134 0.000000000000
135 0.000000000000
136 0.000000000000
137 -0.000000000000

[k]
1 0.000000000000
2 0.000000000000
3 -0.055004130000
4 -0.108335460000
5 -0.055814380000
6 -0.008251460000
7 -0.003557840000
8 -0.002718580000
9 -0.002612380000
10 -0.003897690000
11 0.003458510000
12 0.001612740000
13 0.001216490000
14 0.001198550000
15 0.001830720000
16 -0.002548500000
17 -0.001748910000
18 -0.033003140000
19 -0.056274280000
20 0.000004930000
21 0.000003250000
22 0.000000080000
23 -0.062827050000
24 -0.127669930000
25 -0.196811650000
26 -0.273148890000
27 -0.263342470000
28 -0.188068490000
29 -0.119588890000
30 -0.062827470000
31 0.000000020000
32 0.000000280000
33 0.000000190000
34 -0.039497000000
35 -0.079533080000
36 -0.039646600000
37 -0.000002930000
38 -0.000000970000
39 -0.000000670000
40 -0.000000530000
41 -0.000000030000
42 0.059024080000
43 0.119952850000
44 0.184663230000
45 0.255524780000
46 0.335786190000
47 0.421144080000
48 0.377726100000
49 0.287598120000
50 0.209620210000
51 0.139446940000
52 0.074025820000
53 0.011076350000
54 -0.050890180000
55 -0.113817180000
56 -0.179689330000
57 -0.250778670000
58 -0.329954730000
59 -0.421144010000
60 -0.421144070000
61 -0.411874230000
62 -0.334776810000
63 -0.255534430000
64 -0.185189330000
65 -0.120619420000
66 -0.059514960000
67 0.000000060000
68 0.000000550000
69 0.000000530000
70 0.000000510000
71 0.000000500000
72 0.000000480000
73 0.000000470000
74 0.000000460000
75 0.000000450000
76 0.000000450000
77 0.000000440000
78 0.000000430000
79 0.000000420000
80 0.000000390000
81 0.000000060000
82 -0.053706410000
83 -0.101367370000
84 -0.147287770000
85 -0.192481810000
86 -0.196830190000
87 -0.153300450000
88 -0.145546850000
89 -0.174999890000
90 -0.220712900000
91 -0.176741010000
92 -0.170870670000
93 -0.216492010000
94 -0.263380470000
95 -0.302044420000
96 -0.255562810000
97 -0.210686860000
98 -0.170081610000
99 -0.131250160000
100 -0.088159180000
101 -0.044635900000
102 0.000000010000
103 0.000000300000
104 0.000000170000
105 -0.045557890000
106 -0.091902570000
107 -0.139879850000
108 -0.098930910000
109 -0.051978280000
110 -0.005815760000
111 -0.000108990000
112 0.007008220000
113 0.000937080000
114 0.000619940000
115 0.000526970000
116 0.000501620000
117 0.000514060000
118 0.000560510000
119 0.000652460000
120 0.000828370000
121 0.001226550000
122 0.002835900000
123 -0.003034300000
124 -0.001632860000
125 -0.001322820000
126 -0.001252230000
127 -0.001292080000
128 -0.001417280000
129 -0.001636930000
130 -0.001986610000
131 -0.002541600000
132 -0.003460110000
133 -0.005161890000
134 -0.010252510000
135 -0.032436310000
136 -0.057181750000
137 -0.037224070000

[up]
1 0.000000000000
2 0.000000000000
3 0.000000000000
4 0.000000000000
5 0.000000000000
6 0.000000000000
7 0.000000000000
8 0.000000000000
9 0.000000000000
10 0.000000000000
11 0.000000000000
12 0.000000000000
13 0.000000000000
14 0.000000000000
15 0.000000000000
16 0.000000000000
17 0.000000000000
18 0.000000000000
19 0.000000000000
20 0.000000000000
21 0.000000000000
22 0.000000000000
23 0.000000000000
24 0.000000000000
25 0.000000000000
26 0.000000000000
27 0.000000000000
28 0.000000000000
29 0.000000000000
30 0.000000000000
31 0.000000000000
32 0.000000000000
33 0.000000000000
34 0.000000000000
35 0.000000000000
36 0.000000000000
37 0.000000000000
38 0.000000000000
39 0.000000000000
40 0.000000000000
41 0.000000000000
42 0.000000000000
43 -0.000000000000
44 0.000000000000
45 -0.000000000000
46 0.000000000000
47 -0.000000000000
48 0.000000000000
49 -0.000000000000
50 0.000000000000
51 -0.000000000000
52 0.000000000000
53 0.004483860000
54 0.052200090000
55 0.104020410000
56 0.159877330000
57 0.219952350000
58 0.284608050000
59 0.372225850000
60 0.431044590000
61 0.403979890000
62 0.500067400000
63 0.523846140000
64 0.545568680000
65 0.564639140000
66 0.580418150000
67 0.496527890000
68 0.526233710000
69 0.555939410000
70 0.585645090000
71 0.615350760000
72 0.645056430000
73 0.674762080000
74 0.704467730000
75 0.734173350000
76 0.763878960000
77 0.793584530000
78 0.823290060000
79 0.852995490000
80 0.882700780000
81 0.981125870000
82 0.928303100000
83 0.926728830000
84 0.924587300000
85 0.922040610000
86 0.921777330000
87 0.907911810000
88 0.924676670000
89 0.923068470000
90 0.920284200000
91 0.922968710000
92 0.923304260000
93 0.920553590000
94 0.917451500000
95 0.914749580000
96 0.917983960000
97 0.852529100000
98 0.827979850000
99 0.925393770000
100 0.927240030000
101 0.928510530000
102 0.865778350000
103 0.842839820000
104 0.852041470000
105 0.863896610000
106 0.874709620000
107 0.886055600000
108 0.832570120000
109 0.773675730000
110 0.715919270000
111 0.686607520000
112 0.665556490000
113 0.636262430000
114 0.610626400000
115 0.585131550000
116 0.559677500000
117 0.534244030000
118 0.508826530000
119 0.483427860000
120 0.458061580000
121 0.432778920000
122 0.407949850000
123 0.382525410000
124 0.356544990000
125 0.330979160000
126 0.305498570000
127 0.280051060000
128 0.254622430000
129 0.229208430000
130 0.203809100000
131 0.178427780000
132 0.153072600000
133 0.127768180000
134 0.102711580000
135 0.078658210000
136 0.053646910000
137 0.026336280000

[down]
1 0.000000000000
2 0.000000000000
3 0.039633100000
4 0.083120760000
5 0.118986780000
6 0.151773910000
7 0.188869420000
8 0.226461420000
9 0.264178200000
10 0.302289610000
11 0.339932930000
12 0.377036360000
13 0.414582550000
14 0.452264150000
15 0.490249860000
16 0.528324470000
17 0.565628780000
18 0.621409580000
19 0.675098160000
20 0.676922650000
21 0.714486300000
22 0.840087980000
23 0.940458280000
24 1.048290490000
25 1.166007220000
26 1.297045930000
27 1.276888260000
28 1.147896710000
29 0.905995690000
30 0.937643840000
31 0.502849030000
32 0.485947900000
33 0.492624750000
34 0.492480090000
35 0.491245740000
36 0.454964820000
37 0.422404580000
38 0.403358850000
39 0.384313360000
40 0.365267880000
41 0.510593520000
42 0.497642510000
43 0.480188040000
44 0.458756860000
45 0.433691750000
46 0.405209230000
47 0.388567510000
48 0.313162470000
49 0.233460500000
50 0.163457230000
51 0.101140180000
52 0.045273410000
53 0.000000000000
54 0.000000000000
55 0.000000000000
56 0.000000000000
57 -0.000000000000
58 0.000000000000
59 -0.000000000000
60 0.000000000000
61 0.000000000000
62 0.000000000000
63 0.000000000000
64 0.000000000000
65 0.000000000000
66 0.000000000000
67 0.000000000000
68 0.000000000000
69 0.000000000000
70 0.000000000000
71 0.000000000000
72 0.000000000000
73 0.000000000000
74 0.000000000000
75 0.000000000000
76 0.000000000000
77 0.000000000000
78 0.000000000000
79 0.000000000000
80 0.000000000000
81 0.000000000000
82 0.000000000000
83 0.000000000000
84 0.000000000000
85 0.000000000000
86 0.000000000000
87 0.000000000000
88 0.000000000000
89 -0.000000000000
90 0.000000000000
91 -0.000000000000
92 0.000000000000
93 0.000000000000
94 0.000000000000
95 0.000000000000
96 0.000000000000
97 0.000000000000
98 0.000000000000
99 0.000000000000
100 0.000000000000
101 -0.000000000000
102 0.000000000000
103 -0.000000000000
104 0.000000000000
105 -0.000000000000
106 0.000000000000
107 -0.000000000000
108 0.000000000000
109 0.000000000000
110 0.000000000000
111 0.000000000000
112 0.000000000000
113 0.000000000000
114 0.000000000000
115 -0.000000000000
116 0.000000000000
117 -0.000000000000
118 0.000000000000
119 0.000000000000
120 0.000000000000
121 -0.000000000000
122 0.000000000000
123 -0.000000000000
124 0.000000000000
125 0.000000000000
126 0.000000000000
127 -0.000000000000
128 0.000000000000
129 0.000000000000
130 0.000000000000
131 -0.000000000000
132 0.000000000000
133 -0.000000000000
134 0.000000000000
135 0.000000000000
136 0.000000000000
137 -0.000000000000

[left]
1 0.000000000000
2 0.000000000000
3 0.006129110000
4 0.024143620000
5 0.018658150000
6 0.003677820000
7 0.001982240000
8 0.001817580000
9 0.002037670000
10 0.003474540000
11 0.001287070000
12 0.000678290000
13 0.000572280000
14 0.000625290000
15 0.001051550000
16 0.003975690000
17 0.002923210000
18 0.058840820000
19 0.106688690000
20 0.000004230000
21 0.000002990000
22 0.000000090000
23 0.164946620000
24 0.352899630000
25 0.571326160000
26 0.830826690000
27 0.794475890000
28 0.541287180000
29 0.287679980000
30 0.164454040000
31 0.000000010000
32 0.000000160000
33 0.000000110000
34 0.055473020000
35 0.107444470000
36 0.051434290000
37 0.000003660000
38 0.000001160000
39 0.000000760000
40 0.000000570000
41 0.000000040000
42 0.032369920000
43 0.059105390000
44 0.080870150000
45 0.098167090000
46 0.111354490000
47 0.124378240000
48 0.090622670000
49 0.053693160000
50 0.028439400000
51 0.012110170000
52 0.002973010000
53 0.000145570000
54 0.002352910000
55 0.009915330000
56 0.022762050000
57 0.041300140000
58 0.066253950000
59 0.103703520000
60 0.120090660000
61 0.110774960000
62 0.117698250000
63 0.099859720000
64 0.079692290000
65 0.056704780000
66 0.030356570000
67 0.000000100000
68 0.000000930000
69 0.000000950000
70 0.000000970000
71 0.000001000000
72 0.000001020000
73 0.000001050000
74 0.000001080000
75 0.000001110000
76 0.000001140000
77 0.000001170000
78 0.000001200000
79 0.000001200000
80 0.000001160000
81 0.000000220000
82 0.044045180000
83 0.079530950000
84 0.110839330000
85 0.139160770000
86 0.141764440000
87 0.112713420000
88 0.109700440000
89 0.128482690000
90 0.155705590000
91 0.129561560000
92 0.125910430000
93 0.153285130000
94 0.179178120000
95 0.198981010000
96 0.175009020000
97 0.138791930000
98 0.112462880000
99 0.100208300000
100 0.070015260000
101 0.036920260000
102 0.000000030000
103 0.000000850000
104 0.000000480000
105 0.035030840000
106 0.068625890000
107 0.101510220000
108 0.069881920000
109 0.035583530000
110 0.003846520000
111 0.000069510000
112 0.015245810000
113 0.001952580000
114 0.001235270000
115 0.001002350000
116 0.000909090000
117 0.000885800000
118 0.000916220000
119 0.001009190000
120 0.001209020000
121 0.001683970000
122 0.003649800000
123 0.001075150000
124 0.000540000000
125 0.000406220000
126 0.000354960000
127 0.000335740000
128 0.000334790000
129 0.000348010000
130 0.000375420000
131 0.000420270000
132 0.000490410000
133 0.000609670000
134 0.000968750000
135 0.002298660000
136 0.002701530000
137 0.000879320000

[right]
1 0.000000000000
2 0.000000000000
3 0.001962610000
4 0.007884570000
5 0.006211830000
6 0.001247840000
7 0.000685150000
8 0.000639800000
9 0.000730230000
10 0.001267250000
11 0.003468420000
12 0.001797060000
13 0.001491080000
14 0.001602650000
15 0.002651960000
16 0.001601710000
17 0.001196280000
18 0.024453990000
19 0.045027250000
20 0.000009870000
21 0.000006870000
22 0.000000200000
23 0.076481790000
24 0.166425350000
25 0.273957870000
26 0.404970280000
27 0.386128760000
28 0.258788680000
29 0.129781290000
30 0.076179650000
31 0.000000030000
32 0.000000410000
33 0.000000270000
34 0.021856450000
35 0.042004960000
36 0.019950630000
37 0.000001410000
38 0.000000440000
39 0.000000290000
40 0.000000210000
41 0.000000020000
42 0.082281440000
43 0.152889790000
44 0.212998310000
45 0.263408990000
46 0.304569140000
47 0.344928850000
48 0.256959450000
49 0.155742960000
50 0.084430790000
51 0.036818110000
52 0.009261950000
53 0.000045650000
54 0.007559920000
55 0.032092860000
56 0.074195420000
57 0.135531890000
58 0.218807170000
59 0.345216740000
60 0.402474770000
61 0.370214220000
62 0.398985770000
63 0.340783610000
64 0.273785340000
65 0.196118020000
66 0.105693280000
67 0.000000030000
68 0.000000270000
69 0.000000270000
70 0.000000280000
71 0.000000280000
72 0.000000290000
73 0.000000300000
74 0.000000300000
75 0.000000310000
76 0.000000320000
77 0.000000320000
78 0.000000330000
79 0.000000330000
80 0.000000320000
81 0.000000060000
82 0.161264800000
83 0.289553610000
84 0.401482310000
85 0.501685520000
86 0.510846580000
87 0.407141570000
88 0.397431790000
89 0.464024310000
90 0.559750950000
91 0.467836040000
92 0.454930540000
93 0.551278110000
94 0.641520770000
95 0.709941170000
96 0.627049870000
97 0.495191800000
98 0.401414050000
99 0.363610590000
100 0.255299000000
101 0.135328420000
102 0.000000010000
103 0.000000230000
104 0.000000130000
105 0.127221480000
106 0.248345700000
107 0.366111980000
108 0.251257350000
109 0.127489860000
110 0.013729770000
111 0.000247160000
112 0.004304240000
113 0.000553400000
114 0.000351460000
115 0.000286310000
116 0.000260690000
117 0.000255010000
118 0.000264810000
119 0.000292840000
120 0.000352220000
121 0.000492550000
122 0.001071840000
123 0.003646360000
124 0.001824020000
125 0.001366570000
126 0.001189290000
127 0.001120270000
128 0.001112530000
129 0.001151700000
130 0.001237280000
131 0.001379320000
132 0.001602820000
133 0.001984280000
134 0.003139680000
135 0.007418420000
136 0.008681620000
137 0.002813740000
