  0.00000000
  0.00000000
 -0.03764527
 -0.07529040
 -0.11293548
 -0.15058111
 -0.18822654
 -0.22587194
 -0.26351734
 -0.30116273
 -0.33880803
 -0.37645352
 -0.41409896
 -0.45174438
 -0.48938977
 -0.52703505
 -0.56468071
 -0.60232607
 -0.64049643
 -0.67691945
 -0.71448407
 -0.84008791
 -0.88696208
 -0.93383655
 -0.98071225
 -1.02758862
 -1.01922040
 -0.97234411
 -0.81269407
 -0.88430739
 -0.50284902
 -0.48594777
 -0.49262467
 -0.47448884
 -0.45639888
 -0.43828343
 -0.42240339
 -0.40335848
 -0.38431312
 -0.36526770
 -0.51059351
 -0.47095664
 -0.43060217
 -0.38967633
 -0.34826181
 -0.30643005
 -0.27669869
 -0.22982427
 -0.18294927
 -0.13607427
 -0.08919917
 -0.04226953
  0.00443668
  0.04976866
  0.09377422
  0.13635573
  0.17727406
  0.21614326
  0.26506182
  0.30694660
  0.28950846
  0.37844165
  0.42065418
  0.46321713
  0.50604217
  0.54904860
  0.49652786
  0.52623344
  0.55593912
  0.58564480
  0.61535047
  0.64505613
  0.67476178
  0.70446741
  0.73417303
  0.76387863
  0.79358420
  0.82328971
  0.85299515
  0.88270046
  0.98112581
  0.88278817
  0.84454400
  0.81004936
  0.77823616
  0.77528233
  0.79143723
  0.81131561
  0.79029841
  0.75938283
  0.78908378
  0.79319229
  0.76215346
  0.73229435
  0.70912874
  0.73713503
  0.70910580
  0.71176417
  0.82184160
  0.85488841
  0.89035827
  0.86577834
  0.84283958
  0.85204134
  0.82769682
  0.80379374
  0.78115806
  0.76035629
  0.73690481
  0.71194439
  0.68653569
  0.66110862
  0.63569057
  0.61026321
  0.58483569
  0.55940811
  0.53398051
  0.50855289
  0.48312525
  0.45769760
  0.43226993
  0.40684225
  0.38141439
  0.35598697
  0.33055939
  0.30513176
  0.27970412
  0.25427647
  0.22884881
  0.20342115
  0.17799349
  0.15256582
  0.12713816
  0.10171051
  0.07628285
  0.05085523
  0.02542762
