  0.00000000
  0.00000000
  0.03764527
  0.07529040
  0.11293548
  0.15058111
  0.18822654
  0.22587194
  0.26351734
  0.30116273
  0.33880803
  0.37645352
  0.41409896
  0.45174438
  0.48938977
  0.52703505
  0.56468071
  0.60232607
  0.64049643
  0.67691945
  0.71448407
  0.84008791
  0.88696208
  0.93383655
  0.98071225
  1.02758862
  1.01922040
  0.97234411
  0.81269407
  0.88430739
  0.50284902
  0.48594777
  0.49262467
  0.47448884
  0.45639888
  0.43828343
  0.42240339
  0.40335848
  0.38431312
  0.36526770
  0.51059351
  0.47095664
  0.43060217
  0.38967633
  0.34826181
  0.30643005
  0.27669869
  0.22982427
  0.18294927
  0.13607427
  0.08919917
  0.04226953
  0.00000000
  0.00000000
  0.00000000
  0.00000000
  0.00000000
  0.00000000
  0.00000000
  0.00000000
  0.00000000
  0.00000000
  0.00000000
  0.00000000
  0.00000000
  0.00000000
  0.00000000
  0.00000000
  0.00000000
  0.00000000
  0.00000000
  0.00000000
  0.00000000
  0.00000000
  0.00000000
  0.00000000
  0.00000000
  0.00000000
  0.00000000
  0.00000000
  0.00000000
  0.00000000
  0.00000000
  0.00000000
  0.00000000
  0.00000000
  0.00000000
  0.00000000
  0.00000000
  0.00000000
  0.00000000
  0.00000000
  0.00000000
  0.00000000
  0.00000000
  0.00000000
  0.00000000
  0.00000000
  0.00000000
  0.00000000
  0.00000000
  0.00000000
  0.00000000
  0.00000000
  0.00000000
  0.00000000
  0.00000000
  0.00000000
  0.00000000
  0.00000000
  0.00000000
  0.00000000
  0.00000000
  0.00000000
  0.00000000
  0.00000000
  0.00000000
  0.00000000
  0.00000000
  0.00000000
  0.00000000
  0.00000000
  0.00000000
  0.00000000
  0.00000000
  0.00000000
  0.00000000
  0.00000000
  0.00000000
  0.00000000
  0.00000000
  0.00000000
  0.00000000
  0.00000000
  0.00000000
  0.00000000
 -0.00000000
