  0.00000000
  0.00000000
 -0.16803002
 -0.33605924
 -0.50408851
 -0.67211774
 -0.84014755
 -1.00817742
 -1.17620730
 -1.34423718
 -1.51226706
 -1.68029689
 -1.84832678
 -2.01635668
 -2.18438658
 -2.35241647
 -2.52044632
 -2.68847625
 -2.85650616
 -3.02467389
 -3.19252318
 -3.36037249
 -3.54787123
 -3.73536989
 -3.92286851
 -4.11036722
 -4.07688339
 -3.88938383
 -3.70188439
 -3.53723312
 -3.34973344
 -3.23714645
 -3.12455949
 -3.00631300
 -2.88793997
 -2.76941294
 -2.65071906
 -2.53120343
 -2.41168767
 -2.29217191
 -2.17265616
 -1.99639954
 -1.81947234
 -1.64197497
 -1.46398372
 -1.28556895
 -1.10679791
 -0.91929847
 -0.73179877
 -0.54429923
 -0.35679999
 -0.16930174
  0.01795060
  0.20332091
  0.38690505
  0.56868261
  0.74851365
  0.92613971
  1.10117531
  1.28170636
  1.46131842
  1.60990431
  1.78620745
  1.96283340
  2.13982895
  2.31719432
  2.49490335
  2.64416596
  2.79342851
  2.94269104
  3.09195355
  3.24121604
  3.39047850
  3.53974094
  3.68900336
  3.83826574
  3.98752809
  4.13679040
  4.28605266
  4.43531483
  4.58457688
  4.74508074
  4.88461187
  4.99999893
  4.99999887
  4.99999882
  4.99999891
  4.99999896
  4.99999890
  4.99999881
  4.99999890
  4.99999891
  4.99999881
  4.99999871
  4.99999859
  4.99999861
  4.99999850
  4.99999852
  4.99999879
  4.99999878
  4.99999879
  4.95078235
  4.81962549
  4.68846854
  4.55217040
  4.41580213
  4.27928232
  4.14237434
  4.00470771
  3.86670059
  3.72860924
  3.59051447
  3.45241972
  3.31432305
  3.17622632
  3.03812955
  2.90003277
  2.76193598
  2.62383917
  2.48574236
  2.34764555
  2.20954875
  2.07145195
  1.93335524
  1.79525845
  1.65716163
  1.51906480
  1.38096796
  1.24287112
  1.10477428
  0.96667744
  0.82858061
  0.69048380
  0.55238699
  0.41429021
  0.27619348
  0.13809674
  0.00000000
