  0.00000000
 -0.48906890
 -0.46375227
  0.45658324
  0.42257633
  0.04190183
  0.00749257
  0.00094805
 -0.01147463
  0.06567051
 -0.01647782
 -0.00353737
 -0.00016012
  0.00564349
 -0.03909374
  0.00713809
 -0.27857959
 -0.20606190
  0.49988811
 -0.00001497
 -0.00002833
 -0.49999964
 -0.49999961
 -0.49999955
 -0.49999933
  0.06091787
  0.49999960
  0.49999981
  0.49999983
  0.49999990
  0.00000352
 -0.00000129
 -0.49999756
 -0.49999292
  0.49746179
  0.49995251
  0.00002454
  0.00000386
  0.00000176
  0.00000628
  0.49999984
  0.49999981
  0.49999976
  0.49999966
  0.49999934
  0.45564709
 -0.21207451
 -0.49999933
 -0.49999961
 -0.49999970
 -0.49999974
 -0.49999975
 -0.49999975
 -0.49999973
 -0.49999969
 -0.49999960
 -0.49999936
 -0.49999759
 -0.00000027
  0.04570251
  0.49999503
  0.49999882
  0.49999928
  0.49999947
  0.49999958
  0.49999965
  0.00000489
 -0.00000020
 -0.00000017
 -0.00000015
 -0.00000013
 -0.00000011
 -0.00000009
 -0.00000008
 -0.00000007
 -0.00000007
 -0.00000009
 -0.00000014
 -0.00000031
 -0.00000324
 -0.49999914
 -0.49999867
 -0.49999797
 -0.49999623
 -0.04852063
  0.49999616
  0.08993529
 -0.32914835
 -0.49997658
  0.49992766
  0.06637380
 -0.49997406
 -0.49998290
 -0.40007209
  0.49999468
  0.49999841
  0.49999819
  0.49999813
  0.49999935
  0.49999958
  0.49999969
  0.00000329
 -0.00000151
 -0.49999765
 -0.49999446
 -0.49997982
  0.42426490
  0.49987169
  0.49972111
  0.06198616
  0.07730316
 -0.06594060
 -0.00344480
 -0.00100984
 -0.00027531
  0.00013512
  0.00050452
  0.00099880
  0.00191076
  0.00432499
  0.01748109
 -0.06376295
  0.01522288
  0.00336773
  0.00076669
 -0.00043281
 -0.00135994
 -0.00238590
 -0.00379828
 -0.00602843
 -0.00997715
 -0.01848511
 -0.05528051
 -0.24061399
 -0.26750201
  0.21583118
  0.40363506
  0.00000000
