Ipopt 3.13.4: option_file_name=../public/solver/ipopt.opt

Using option file "../public/solver/ipopt.opt".


******************************************************************************
This program contains Ipopt, a library for large-scale nonlinear optimization.
 Ipopt is released as open source code under the Eclipse Public License (EPL).
         For more information visit https://github.com/coin-or/Ipopt
******************************************************************************

This is Ipopt version 3.13.4, running with linear solver ma27.

Number of nonzeros in equality constraint Jacobian...:     9525
Number of nonzeros in inequality constraint Jacobian.:    31999
Number of nonzeros in Lagrangian Hessian.............:     5705

Total number of variables............................:     2636
                     variables with only lower bounds:        0
                variables with lower and upper bounds:     1430
                     variables with only upper bounds:        0
Total number of equality constraints.................:     2310
Total number of inequality constraints...............:     4945
        inequality constraints with only lower bounds:     4400
   inequality constraints with lower and upper bounds:        0
        inequality constraints with only upper bounds:      545

iter    objective    inf_pr   inf_du lg(mu)  ||d||  lg(rg) alpha_du alpha_pr  ls
   0  5.7066975e+00 1.20e+00 1.77e+00   0.0 0.00e+00    -  0.00e+00 0.00e+00   0
   1  5.6919590e+00 1.20e+00 3.22e+03   0.9 1.21e+01   2.0 9.27e-01 4.20e-03f  1
   2  5.7318131e+00 1.15e+00 3.12e+03   2.0 7.05e+01    -  2.61e-02 3.59e-02f  1
   3  5.7763726e+00 1.07e+00 2.94e+03   1.0 3.46e+01    -  5.82e-02 7.43e-02f  1
   4  5.8148966e+00 9.45e-01 2.67e+03   1.0 4.08e+01    -  9.27e-02 1.15e-01f  1
   5  5.8336553e+00 8.68e-01 4.73e+03   1.0 3.57e+01    -  1.08e-01 8.08e-02f  1
   6  5.8493121e+00 8.16e-01 4.45e+03   1.0 2.29e+01    -  9.32e-02 6.00e-02f  1
   7  5.8606740e+00 7.76e-01 6.28e+03   1.0 2.89e+01    -  8.54e-02 4.95e-02f  2
   8  5.8773050e+00 6.97e-01 3.55e+03   1.0 4.67e+01    -  4.45e-02 1.01e-01f  1
   9  5.8849330e+00 6.72e-01 5.89e+03   1.0 3.96e+01    -  8.01e-02 3.53e-02h  1
iter    objective    inf_pr   inf_du lg(mu)  ||d||  lg(rg) alpha_du alpha_pr  ls
  10  5.9116918e+00 6.15e-01 3.10e+03   1.0 3.93e+01    -  3.38e-02 8.54e-02H  1
  11  5.9346036e+00 5.64e-01 6.71e+03   1.0 3.00e+01    -  5.51e-02 8.28e-02h  1
  12  5.9316489e+00 5.43e-01 3.75e+03   1.0 6.26e+01    -  2.66e-02 3.70e-02h  1
  13  5.9349615e+00 5.25e-01 8.23e+03   1.0 3.08e+01    -  7.21e-02 3.29e-02f  1
  14  5.9485594e+00 5.00e-01 1.10e+04   1.0 2.04e+01    -  1.29e-01 4.81e-02h  1
  15  5.9662916e+00 4.83e-01 1.08e+04   1.0 4.35e+01    -  8.61e-02 3.44e-02h  1
  16  5.9949389e+00 4.45e-01 9.95e+03   1.0 2.23e+01    -  6.14e-02 7.93e-02h  1
  17  5.9985657e+00 4.34e-01 9.30e+03   1.0 2.57e+01    -  3.64e-02 2.34e-02h  1
  18  6.0142355e+00 4.08e-01 8.88e+03   1.0 3.82e+01    -  5.46e-02 6.08e-02h  1
  19  6.0356581e+00 3.81e-01 8.12e+03   1.0 2.55e+01    -  8.12e-02 6.46e-02h  1
iter    objective    inf_pr   inf_du lg(mu)  ||d||  lg(rg) alpha_du alpha_pr  ls
  20  6.0589060e+00 3.58e-01 1.07e+04   1.0 2.70e+01    -  4.69e-02 6.26e-02h  1
  21  6.0688750e+00 3.49e-01 1.05e+04   1.0 2.51e+01    -  3.67e-02 2.52e-02h  1
  22  6.0833967e+00 3.35e-01 1.01e+04   1.0 3.13e+01    -  2.05e-02 3.93e-02h  2
  23  6.0932859e+00 3.21e-01 9.63e+03   1.0 2.73e+01    -  2.48e-02 4.27e-02h  1
  24  6.0964301e+00 3.15e-01 9.47e+03   1.0 2.49e+01    -  1.92e-02 1.69e-02h  1
  25  6.1001763e+00 3.10e-01 5.16e+04   1.0 2.48e+01    -  1.40e-01 1.49e-02h  1
  26  6.1162360e+00 3.08e-01 6.00e+04   1.0 8.72e+01    -  1.92e-02 9.13e-03h  1
  27  6.1304650e+00 3.04e-01 6.89e+04   1.0 5.08e+01    -  2.33e-02 1.21e-02h  3
  28  6.1425750e+00 3.01e-01 8.32e+04   1.0 6.47e+01    -  2.60e-02 9.09e-03h  3
  29  6.1475479e+00 3.00e-01 8.82e+04   1.0 1.24e+02    -  7.28e-03 3.07e-03h  4
iter    objective    inf_pr   inf_du lg(mu)  ||d||  lg(rg) alpha_du alpha_pr  ls
  30  6.1630368e+00 2.93e-01 6.60e+04   1.0 6.22e+00   1.5 1.14e-02 2.36e-02h  1
  31  6.1708052e+00 2.89e-01 6.85e+04   1.0 1.53e+01   1.0 1.69e-02 1.55e-02h  1
  32  6.1854335e+00 2.82e-01 1.24e+05   1.0 1.48e+01   0.6 6.60e-02 2.20e-02h  1
  33  6.1895421e+00 2.82e-01 1.27e+05   1.0 2.45e+02    -  3.27e-03 1.22e-03f  4
  34  6.1928891e+00 2.81e-01 1.11e+05   1.0 3.09e+01   1.0 1.26e-02 2.08e-03h  1
  35  6.1960025e+00 2.81e-01 1.11e+05   1.0 3.79e+02    -  2.42e-04 4.58e-04f  5
  36  6.2128740e+00 2.73e-01 7.70e+04   1.0 1.21e+01   1.4 6.17e-03 3.02e-02h  1
  37  6.2190669e+00 2.70e-01 7.63e+04   1.0 1.13e+01   1.8 1.43e-02 9.21e-03h  1
  38  6.2354739e+00 2.65e-01 7.48e+04   1.0 1.84e+01   1.4 1.06e-03 1.95e-02h  1
  39  6.2359679e+00 2.65e-01 7.48e+04   1.0 9.38e+00   0.9 1.26e-03 8.43e-04h  1
iter    objective    inf_pr   inf_du lg(mu)  ||d||  lg(rg) alpha_du alpha_pr  ls
  40  6.2510078e+00 2.59e-01 1.45e+05   1.0 1.22e+01   1.3 5.39e-04 2.04e-02h  1
  41  6.2608868e+00 2.54e-01 1.38e+05   1.0 1.81e+01   0.8 2.08e-02 1.95e-02h  1
  42  6.2621957e+00 2.54e-01 7.16e+04   1.0 1.38e+01   1.3 2.60e-02 2.54e-03h  1
  43  6.2753469e+00 2.46e-01 6.96e+04   1.0 2.86e+01   0.8 2.42e-02 2.82e-02h  2
  44  6.2907368e+00 2.38e-01 6.72e+04   1.0 2.50e+01   1.2 2.66e-02 3.49e-02h  1
  45  6.2914885e+00 2.37e-01 3.87e+05   1.0 1.10e+01   2.5 1.12e-02 1.78e-03h  1
  46  6.2966404e+00 2.34e-01 1.33e+05   1.0 1.81e+01   2.1 4.10e-03 1.27e-02h  1
  47  6.2968607e+00 2.34e-01 9.88e+05   1.0 1.89e+01   2.5 1.40e-02 3.83e-04h  1
  48  6.3034074e+00 2.32e-01 7.23e+05   1.0 2.65e+01   2.0 4.52e-04 8.49e-03h  1
  49  6.3071267e+00 2.31e-01 6.57e+05   1.0 2.76e+01   1.5 2.57e-03 7.05e-03h  1
iter    objective    inf_pr   inf_du lg(mu)  ||d||  lg(rg) alpha_du alpha_pr  ls
  50  6.3074058e+00 2.31e-01 3.30e+06   1.0 1.85e+01   2.9 2.02e-02 5.16e-04h  1
  51  6.3128879e+00 2.29e-01 6.33e+06   1.0 3.06e+01   2.4 4.71e-02 6.94e-03h  1
  52  6.3142659e+00 2.29e-01 9.40e+06   1.0 3.30e+01   1.9 1.03e-01 1.79e-03h  1
  53  6.3164386e+00 2.28e-01 9.89e+06   1.0 6.60e+01   1.4 1.55e-02 1.48e-03h  1
  54  6.3169739e+00 2.28e-01 9.86e+06   1.0 1.06e+02   1.0 1.29e-05 2.54e-03f  3
  55  6.3246027e+00 2.26e-01 1.01e+07   1.0 2.68e+01   2.3 7.50e-03 5.14e-03h  1
  56  6.3248570e+00 2.26e-01 1.01e+07   1.0 2.98e+01   2.7 8.34e-05 3.37e-04h  1
  57  6.3293255e+00 2.25e-01 9.20e+06   1.0 3.59e+01   2.2 3.23e-04 7.77e-03h  1
  58  6.3313597e+00 2.23e-01 1.38e+07   1.0 1.73e+01   2.7 3.41e-02 6.63e-03h  1
  59  6.3329805e+00 2.22e-01 1.20e+07   1.0 1.60e+01   3.1 1.01e-03 5.29e-03h  1
iter    objective    inf_pr   inf_du lg(mu)  ||d||  lg(rg) alpha_du alpha_pr  ls
  60  6.3329980e+00 2.22e-01 3.15e+07   1.0 1.54e+01   3.5 2.30e-02 6.09e-05h  1
  61  6.3332556e+00 2.22e-01 3.12e+07   1.0 2.20e+01   3.0 1.08e-04 6.71e-04h  1
  62  6.3332760e+00 2.22e-01 3.20e+07   1.0 2.06e+01   3.5 9.43e-04 6.81e-05h  1
  63  6.3362308e+00 2.18e-01 3.24e+07   1.0 1.89e+01   3.0 1.86e-02 1.60e-02h  1
  64  6.3363956e+00 2.18e-01 3.46e+07   1.0 1.82e+01   3.4 6.89e-03 3.21e-03h  1
  65  6.3367608e+00 2.17e-01 6.59e+07   1.0 1.74e+01   3.8 2.25e-02 2.40e-03h  1
  66  6.3347270e+00 2.15e-01 6.35e+07   1.0 1.96e+01   3.4 9.11e-04 7.76e-03h  1
  67  6.3347199e+00 2.15e-01 6.29e+07   1.0 1.82e+01   3.8 1.00e-04 6.82e-04h  1
  68  6.3297796e+00 2.13e-01 6.23e+07   1.0 2.37e+01   3.3 1.03e-02 1.17e-02h  1
  69  6.3233173e+00 2.12e-01 6.46e+07   1.0 1.49e+02   2.8 3.57e-04 1.32e-03h  1
iter    objective    inf_pr   inf_du lg(mu)  ||d||  lg(rg) alpha_du alpha_pr  ls
  70  6.3233208e+00 2.12e-01 6.37e+07   1.0 2.28e+01   3.3 1.04e-02 3.99e-05h  1
  71  6.3219376e+00 2.12e-01 6.46e+07   1.0 3.72e+01   2.8 3.27e-04 2.15e-03h  1
  72  6.3219435e+00 2.12e-01 6.33e+07   1.0 2.41e+01   3.2 1.46e-02 2.93e-05h  1
  73  6.3212683e+00 2.12e-01 6.15e+07   1.0 6.56e+01   2.7 2.86e-03 5.28e-04h  1
  74  6.3212612e+00 2.12e-01 6.15e+07   1.0 5.42e+01   3.2 2.73e-04 1.49e-05h  1
  75  6.2991013e+00 2.11e-01 5.73e+07   1.0 1.61e+02   2.7 6.45e-03 4.08e-03h  2
  76  6.2650489e+00 2.10e-01 5.78e+07   1.0 2.19e+02   2.2 3.19e-03 3.88e-03h  1
  77  6.2650313e+00 2.10e-01 5.47e+07   1.0 7.71e+01   2.6 2.55e-02 3.97e-05h  1
  78r 6.2650313e+00 2.10e-01 1.00e+03   1.0 0.00e+00   2.2 0.00e+00 2.58e-07R  6
  79r 6.2596354e+00 2.07e-01 1.64e+03   1.3 1.17e+02    -  2.24e-01 1.02e-02f  1
iter    objective    inf_pr   inf_du lg(mu)  ||d||  lg(rg) alpha_du alpha_pr  ls
  80  6.2615485e+00 2.07e-01 1.40e+01   1.0 1.09e+03    -  2.57e-04 4.51e-05f  1
  81  6.2618134e+00 2.07e-01 1.71e+01   1.0 3.64e+02    -  8.87e-05 3.42e-04f  1
  82  6.2590539e+00 2.07e-01 2.93e+01   1.0 3.11e+02    -  6.60e-04 4.39e-04f  1
  83  6.2528380e+00 2.06e-01 3.34e+02   1.0 2.30e+02    -  1.21e-03 3.08e-03f  1
  84  6.2365361e+00 2.05e-01 4.98e+02   1.0 1.31e+02    -  3.64e-03 4.99e-03f  1
  85  6.2353008e+00 2.04e-01 9.22e+02   1.0 8.56e+01    -  1.83e-03 5.44e-03f  1
  86  6.2333023e+00 2.03e-01 3.02e+02   1.0 8.84e+01    -  1.69e-02 7.14e-03f  1
  87  6.2371096e+00 1.99e-01 7.75e+02   1.0 6.58e+01    -  1.04e-02 1.96e-02f  1
  88  6.2484623e+00 1.92e-01 3.43e+03   1.0 4.88e+01    -  4.94e-03 3.43e-02f  1
  89  6.2536023e+00 1.89e-01 2.19e+03   1.0 5.99e+01    -  2.45e-02 1.23e-02f  1
iter    objective    inf_pr   inf_du lg(mu)  ||d||  lg(rg) alpha_du alpha_pr  ls
  90  6.2624914e+00 1.86e-01 2.06e+03   1.0 3.77e+01    -  3.98e-02 1.95e-02h  1
  91  6.2692090e+00 1.83e-01 2.14e+03   1.0 3.71e+01    -  3.23e-02 1.50e-02h  2
  92  6.2773051e+00 1.79e-01 2.00e+03   1.0 3.24e+01    -  7.63e-03 1.93e-02f  2
  93  6.2870139e+00 1.76e-01 1.96e+03   1.0 3.37e+01    -  1.94e-02 1.93e-02h  1
  94  6.2985367e+00 1.73e-01 4.02e+03   1.0 4.37e+01    -  4.10e-02 1.69e-02h  2
  95  6.3290797e+00 1.67e-01 3.62e+03   1.0 4.32e+01    -  2.60e-02 3.70e-02f  1
  96  6.3296871e+00 1.66e-01 1.95e+04   1.0 2.05e+00   1.7 5.75e-02 3.55e-03h  5
  97  6.3475474e+00 1.55e-01 2.94e+04   1.0 2.49e+00   1.2 1.02e-01 6.72e-02h  1
  98  6.3667934e+00 1.47e-01 2.71e+04   1.0 1.01e+01   0.7 4.86e-02 5.06e-02h  1
  99  6.3819569e+00 1.43e-01 2.30e+04   1.0 2.05e+01   0.2 1.57e-02 2.46e-02h  1
iter    objective    inf_pr   inf_du lg(mu)  ||d||  lg(rg) alpha_du alpha_pr  ls
 100  6.3885300e+00 1.41e-01 2.14e+04   1.0 1.42e+01   0.7 1.12e-02 1.36e-02h  1
 101  6.3942070e+00 1.40e-01 2.66e+05   1.0 1.23e+01   1.1 3.10e-01 1.30e-02h  1
 102  6.4238158e+00 1.36e-01 2.36e+05   1.0 3.86e+01   0.6 1.11e-02 2.45e-02h  1
 103  6.4415170e+00 1.34e-01 2.28e+05   1.0 1.71e+01   1.0 1.75e-02 1.90e-02h  1
 104  6.4369584e+00 1.33e-01 2.31e+05   1.0 2.66e+02   0.6 4.39e-04 1.94e-03f  3
 105  6.4398937e+00 1.33e-01 2.72e+05   1.0 3.20e+01   1.0 2.56e-02 3.40e-03h  1
 106  6.4360971e+00 1.32e-01 2.74e+05   1.0 1.04e+02   0.5 1.57e-03 6.77e-03f  2
 107  6.4421456e+00 1.31e-01 4.10e+05   1.0 3.17e+01   0.9 8.88e-02 7.72e-03h  2
 108  6.4537550e+00 1.29e-01 4.01e+05   1.0 3.65e+01   0.5 1.55e-02 1.27e-02h  1
 109  6.4598185e+00 1.29e-01 6.13e+05   1.0 3.10e+01   0.9 5.32e-02 4.42e-03h  1
iter    objective    inf_pr   inf_du lg(mu)  ||d||  lg(rg) alpha_du alpha_pr  ls
 110  6.4464985e+00 1.28e-01 5.71e+05   1.0 1.68e+02   0.4 2.08e-03 4.14e-03f  2
 111  6.4528451e+00 1.26e-01 9.33e+05   1.0 5.49e+01   0.8 3.52e-02 1.36e-02h  1
 112  6.4626519e+00 1.26e-01 8.12e+05   1.0 4.12e+01   0.4 1.30e-02 4.85e-03h  1
 113  6.4830629e+00 1.24e-01 8.30e+05   1.0 4.50e+01    -  3.17e-02 1.30e-02f  2
 114  6.4949614e+00 1.23e-01 8.29e+05   1.0 8.19e+01    -  1.00e-02 6.59e-03h  3
 115  6.5018661e+00 1.23e-01 8.30e+05   1.0 1.50e+02    -  5.89e-03 2.24e-03h  3
 116  6.5116573e+00 1.23e-01 8.36e+05   1.0 1.51e+02    -  1.19e-02 3.53e-03h  2
 117  6.5130055e+00 1.23e-01 8.45e+05   1.0 1.16e+02    -  9.34e-03 8.88e-04h  4
 118  6.5156040e+00 1.22e-01 8.67e+05   1.0 1.04e+02    -  2.10e-02 2.97e-03f  3
 119  6.5194606e+00 1.22e-01 8.80e+05   1.0 1.32e+02    -  1.70e-02 3.21e-03f  4
iter    objective    inf_pr   inf_du lg(mu)  ||d||  lg(rg) alpha_du alpha_pr  ls
 120  6.5235055e+00 1.21e-01 8.78e+05   1.0 1.30e+02    -  4.59e-03 3.36e-03f  4
 121  6.5279447e+00 1.21e-01 8.77e+05   1.0 2.58e+02    -  1.26e-03 1.12e-03f  5
 122  6.5365571e+00 1.21e-01 8.69e+05   1.0 2.47e+02    -  1.21e-02 2.43e-03f  4
 123  6.5678003e+00 1.19e-01 8.62e+05   1.0 3.06e+02    -  4.49e-03 1.42e-02w  1
 124  6.5698365e+00 1.17e-01 8.70e+05   1.0 8.74e+01    -  6.42e-02 1.51e-02w  1
 125  6.5702927e+00 1.14e-01 8.28e+05   1.0 6.86e+01    -  1.52e-03 3.31e-02w  1
 126  6.5403598e+00 1.21e-01 8.66e+05   1.0 6.41e+01    -  4.49e-03 1.78e-03f  3
 127  6.5586777e+00 1.19e-01 8.70e+05   1.0 6.09e+01  -0.1 2.66e-02 1.56e-02h  1
 128  6.5698282e+00 1.18e-01 8.73e+05   1.0 1.48e+02  -0.6 1.90e-02 5.17e-03h  3
 129  6.5782840e+00 1.18e-01 8.68e+05   1.0 2.00e+02  -1.1 2.48e-03 4.16e-03f  2
iter    objective    inf_pr   inf_du lg(mu)  ||d||  lg(rg) alpha_du alpha_pr  ls
 130  6.5796234e+00 1.17e-01 9.01e+05   1.0 1.14e+02    -  4.55e-02 3.55e-03f  4
 131  6.5790569e+00 1.17e-01 9.12e+05   1.0 9.56e+01    -  5.79e-03 1.89e-03f  5
 132  6.5772901e+00 1.17e-01 9.35e+05   1.0 9.10e+01    -  1.47e-02 5.11e-03f  4
 133  6.5757272e+00 1.16e-01 9.64e+05   1.0 8.72e+01    -  2.08e-02 5.81e-03f  4
 134  6.5712750e+00 1.15e-01 1.02e+06   1.0 7.39e+01    -  5.19e-02 1.08e-02f  3
 135  6.5485837e+00 1.13e-01 9.98e+05   1.0 5.00e+01    -  1.15e-02 1.58e-02f  2
 136  6.5199454e+00 1.11e-01 9.86e+05   1.0 4.26e+01    -  2.10e-02 1.74e-02h  2
 137  6.4950065e+00 1.09e-01 1.01e+06   1.0 4.07e+01    -  4.05e-02 1.54e-02h  2
 138  6.4570991e+00 1.06e-01 1.02e+06   1.0 4.58e+01    -  4.89e-02 2.55e-02w  1
 139  6.4412945e+00 1.05e-01 1.08e+06   1.0 5.18e+01    -  5.40e-02 1.30e-02w  1
iter    objective    inf_pr   inf_du lg(mu)  ||d||  lg(rg) alpha_du alpha_pr  ls
 140  6.4204398e+00 1.03e-01 1.07e+06   1.0 4.42e+01    -  1.85e-02 1.46e-02w  1
 141  6.4854310e+00 1.08e-01 1.07e+06   1.0 6.75e+01    -  4.89e-02 6.37e-03h  2
 142  6.4756590e+00 1.08e-01 1.15e+06   1.0 4.89e+01    -  5.77e-02 6.84e-03h  3
 143  6.4530539e+00 1.06e-01 1.19e+06   1.0 5.00e+01    -  4.02e-02 1.42e-02h  2
 144  6.4089283e+00 1.03e-01 1.14e+06   1.0 4.70e+01    -  1.81e-02 2.74e-02h  1
 145  6.3932691e+00 1.02e-01 1.12e+06   1.0 6.60e+01    -  5.28e-03 7.86e-03h  3
 146  6.3823153e+00 1.02e-01 1.15e+06   1.0 6.60e+01    -  2.13e-02 6.06e-03h  3
 147  6.3832914e+00 1.00e-01 1.10e+06   1.0 4.66e+01   1.2 5.36e-04 1.57e-02h  2
 148  6.3836125e+00 1.00e-01 1.10e+06   1.0 1.18e+02   0.7 1.65e-02 1.54e-03f  3
 149  6.3845804e+00 1.00e-01 1.09e+06   1.0 8.06e+02   0.2 9.49e-04 8.54e-05f  4
iter    objective    inf_pr   inf_du lg(mu)  ||d||  lg(rg) alpha_du alpha_pr  ls
 150  6.3849853e+00 1.00e-01 1.09e+06   1.0 1.24e+02   0.6 1.04e-03 5.27e-04f  4
 151  6.3845850e+00 9.94e-02 1.15e+06   1.0 4.08e+01   1.1 6.24e-02 5.52e-03f  2
 152  6.3881526e+00 9.89e-02 1.14e+06   1.0 5.24e+01    -  2.30e-03 5.29e-03f  2
 153  6.3964870e+00 9.85e-02 1.14e+06   1.0 8.84e+01    -  4.60e-03 4.19e-03f  2
 154  6.3895885e+00 9.65e-02 1.18e+06   1.0 3.05e+01    -  6.99e-02 2.05e-02h  1
 155  6.3764997e+00 9.54e-02 1.24e+06   1.0 5.37e+01    -  4.39e-02 1.15e-02h  2
 156  6.3861628e+00 9.46e-02 1.26e+06   1.0 6.45e+01    -  3.77e-02 7.85e-03h  2
 157  6.3930978e+00 9.44e-02 1.27e+06   1.0 8.09e+01    -  1.48e-02 2.12e-03h  4
 158  6.3994784e+00 9.43e-02 1.28e+06   1.0 8.91e+01    -  1.57e-02 1.56e-03h  5
 159  6.4162841e+00 9.39e-02 1.32e+06   1.0 8.73e+01    -  3.21e-02 4.06e-03h  4
iter    objective    inf_pr   inf_du lg(mu)  ||d||  lg(rg) alpha_du alpha_pr  ls
 160  6.4209468e+00 9.38e-02 1.35e+06   1.0 8.90e+01    -  6.71e-03 1.22e-03h  6
 161  6.4372902e+00 9.33e-02 1.41e+06   1.0 7.98e+01    -  2.02e-02 5.03e-03h  3
 162  6.4536555e+00 9.26e-02 1.38e+06   1.0 6.20e+01    -  3.81e-03 7.30e-03h  1
 163  6.4594767e+00 9.25e-02 1.70e+06   1.0 1.15e+02    -  2.80e-02 1.34e-03h  1
 164  6.4700131e+00 9.23e-02 3.13e+06   1.0 1.47e+02    -  4.14e-02 2.45e-03h  5
 165  6.4726995e+00 9.22e-02 4.14e+06   1.0 2.02e+02    -  2.82e-02 6.98e-04h  7
 166  6.4812710e+00 9.20e-02 6.06e+06   1.0 2.23e+02    -  3.97e-02 2.37e-03h  5
 167  6.5123149e+00 9.11e-02 6.90e+06   1.0 2.31e+02    -  2.39e-02 9.02e-03h  3
 168  6.5172490e+00 9.10e-02 1.10e+07   1.0 1.82e+02    -  4.59e-02 1.42e-03h  6
 169  6.5279194e+00 9.07e-02 1.42e+07   1.0 1.97e+02    -  2.81e-02 3.04e-03h  5
iter    objective    inf_pr   inf_du lg(mu)  ||d||  lg(rg) alpha_du alpha_pr  ls
 170  6.5484086e+00 9.02e-02 2.38e+07   1.0 2.13e+02    -  6.17e-02 6.07e-03h  4
 171  6.5530871e+00 9.01e-02 3.14e+07   1.0 1.77e+02    -  2.55e-02 1.48e-03h  6
 172  6.5718161e+00 8.95e-02 1.61e+08   1.0 1.83e+02    -  3.14e-01 6.12e-03h  4
 173  6.5752955e+00 8.94e-02 2.31e+08   1.0 1.71e+02    -  3.32e-02 1.27e-03h  6
 174  6.6521130e+00 8.69e-02 2.20e+08   1.0 1.60e+02    -  2.65e-02 2.79e-02w  1
 175  6.6634522e+00 8.65e-02 2.29e+08   1.0 6.26e+01    -  5.27e-03 4.08e-03w  1
 176  6.7069086e+00 8.52e-02 1.85e+08   1.0 5.92e+01    -  1.22e-02 1.58e-02w  1
 177  6.5800266e+00 8.92e-02 3.10e+08   1.0 4.52e+01    -  2.65e-02 1.74e-03h  4
 178  6.5810774e+00 8.92e-02 3.29e+08   1.0 1.50e+02    -  4.64e-03 3.79e-04h  7
 179  6.5894219e+00 8.89e-02 8.91e+08   1.0 1.48e+02    -  1.19e-01 3.01e-03h  4
iter    objective    inf_pr   inf_du lg(mu)  ||d||  lg(rg) alpha_du alpha_pr  ls
 180  6.6255870e+00 8.77e-02 8.39e+08   1.0 1.39e+02    -  1.04e-02 1.34e-02h  2
 181  6.6672800e+00 8.64e-02 1.13e+09   1.0 6.77e+01    -  2.89e-02 1.50e-02h  1
 182  6.7242899e+00 8.46e-02 9.41e+08   1.0 6.69e+01    -  1.78e-02 2.11e-02h  1
 183  6.7343000e+00 8.42e-02 1.80e+09   1.0 3.58e+01   2.4 7.96e-03 5.20e-03h  1
 184  6.7364211e+00 8.39e-02 1.22e+09   1.0 1.82e+01    -  2.40e-04 3.27e-03h  1
 185  6.7453168e+00 7.87e-02 1.22e+09   1.0 1.82e+01    -  2.88e-03 6.14e-02f  1
 186  6.7454445e+00 7.87e-02 1.25e+09   1.0 1.55e+01    -  6.24e-02 7.59e-04h  1
 187  6.7475026e+00 7.81e-02 1.18e+09   1.0 1.17e+01    -  7.34e-04 7.18e-03h  1
 188  6.7561268e+00 7.58e-02 8.94e+08   1.0 1.14e+01    -  7.24e-03 2.91e-02h  1
 189  6.7562428e+00 7.58e-02 1.87e+09   1.0 1.25e+01    -  4.16e-02 3.06e-04h  1
iter    objective    inf_pr   inf_du lg(mu)  ||d||  lg(rg) alpha_du alpha_pr  ls
 190r 6.7562428e+00 7.58e-02 1.00e+03   1.0 0.00e+00    -  0.00e+00 2.72e-07R  6
 191r 6.7535161e+00 7.12e-02 8.37e+02   0.5 2.54e+01    -  4.15e-01 1.94e-02f  1
 192  6.7547502e+00 7.07e-02 2.73e+00  -4.4 1.64e+00    -  1.35e-02 6.47e-03h  1
 193  6.7557673e+00 7.02e-02 2.75e+00  -4.5 2.66e+00    -  8.26e-04 6.98e-03h  1
 194  6.7561908e+00 6.99e-02 2.70e+00  -4.5 5.38e+00    -  6.84e-03 3.96e-03h  1
 195  6.7569587e+00 6.92e-02 5.44e+00  -4.5 6.39e+00    -  2.29e-03 1.07e-02h  1
 196  6.7571344e+00 6.88e-02 6.22e+00  -4.5 6.12e+00    -  4.06e-03 5.46e-03h  1
 197  6.7573479e+00 6.80e-02 1.08e+01  -4.5 6.15e+00    -  2.89e-03 1.24e-02h  1
 198  6.7574310e+00 6.73e-02 4.08e+00  -4.5 6.07e+00    -  2.36e-02 9.74e-03h  1
 199  6.7574203e+00 6.69e-02 1.69e+01  -4.5 6.08e+00    -  2.14e-02 6.68e-03h  1
iter    objective    inf_pr   inf_du lg(mu)  ||d||  lg(rg) alpha_du alpha_pr  ls
 200  6.7575602e+00 6.68e-02 5.05e+01  -4.5 6.11e+00    -  3.81e-03 1.11e-03h  1
 201  6.7597066e+00 6.57e-02 1.18e+02  -4.5 6.14e+00    -  5.93e-03 1.63e-02h  1
 202  6.7611036e+00 6.49e-02 4.70e+01  -4.5 6.17e+00    -  1.58e-02 1.22e-02h  1
 203  6.7621415e+00 6.42e-02 1.91e+02  -4.5 6.16e+00    -  4.65e-03 1.09e-02h  1
 204  6.7629004e+00 6.36e-02 7.42e+02  -4.5 6.14e+00    -  4.59e-02 8.42e-03h  1
 205  6.7608637e+00 6.35e-02 7.55e+02  -0.6 1.03e+02    -  9.77e-04 1.44e-03f  1
 206  6.7674611e+00 5.93e-02 2.48e+02  -4.5 6.04e+00    -  4.67e-02 6.73e-02h  1
 207  6.7705070e+00 5.75e-02 4.06e+02  -4.5 5.70e+00    -  3.62e-02 2.97e-02h  1
 208  6.7708549e+00 5.73e-02 5.85e+02  -4.6 5.56e+00    -  1.07e-02 3.77e-03h  1
 209  6.7755419e+00 5.43e-02 1.40e+02  -4.6 5.56e+00    -  2.53e-02 5.19e-02h  1
iter    objective    inf_pr   inf_du lg(mu)  ||d||  lg(rg) alpha_du alpha_pr  ls
 210  6.7781751e+00 5.27e-02 9.03e+02  -4.6 5.84e+00    -  4.74e-03 3.05e-02h  1
 211  6.7853474e+00 4.88e-02 1.96e+03  -4.6 5.62e+00    -  3.76e-02 7.31e-02h  1
 212  6.7921600e+00 4.61e-02 3.22e+03  -4.6 4.96e+00    -  4.12e-03 5.46e-02h  1
 213  6.7922910e+00 4.61e-02 2.49e+03  -4.6 4.56e+00    -  3.77e-02 1.31e-03h  1
 214  6.7948829e+00 4.45e-02 2.98e+03  -4.6 4.50e+00    -  3.54e-03 3.37e-02h  1
 215  6.7953627e+00 4.41e-02 1.96e+03  -4.6 4.31e+00    -  7.63e-02 1.04e-02h  1
 216  6.7979471e+00 4.17e-02 2.32e+03  -4.6 4.20e+00    -  8.38e-03 5.44e-02h  1
 217  6.7988996e+00 4.09e-02 1.95e+03  -4.6 3.95e+00    -  9.11e-02 1.92e-02h  1
 218  6.8023611e+00 3.80e-02 1.87e+03  -4.7 4.02e+00    -  1.09e-02 7.12e-02h  1
 219  6.8098253e+00 3.09e-02 8.94e+02  -4.7 3.62e+00    -  5.25e-03 1.87e-01h  1
iter    objective    inf_pr   inf_du lg(mu)  ||d||  lg(rg) alpha_du alpha_pr  ls
 220  6.8123175e+00 2.77e-02 8.53e+02  -4.7 4.03e+00    -  2.33e-02 1.02e-01h  1
 221  6.8123275e+00 2.77e-02 8.28e+02  -4.7 4.75e+00    -  1.08e-02 4.97e-04h  1
 222  6.8123319e+00 2.77e-02 8.19e+02  -4.7 2.80e+00    -  3.24e-03 2.16e-04h  1
 223  6.8131713e+00 2.65e-02 8.89e+02  -4.7 2.74e+00    -  2.62e-03 4.18e-02h  1
 224  6.8132614e+00 2.64e-02 5.77e+02  -4.7 2.69e+00    -  1.03e-01 4.69e-03h  1
 225  6.8134167e+00 2.62e-02 6.37e+02  -4.8 3.08e+00    -  4.92e-02 7.43e-03h  1
 226  6.8134220e+00 2.62e-02 7.15e+02  -4.8 2.95e+00    -  2.56e-02 2.41e-04h  1
 227  6.8042689e+00 2.52e-02 1.50e+03  -0.9 1.23e+01    -  1.88e-03 3.75e-02f  1
 228  6.8020271e+00 2.48e-02 3.41e+03  -0.9 1.40e+01    -  1.99e-01 1.83e-02f  1
 229  6.7984487e+00 2.41e-02 7.79e+03  -0.3 4.14e+01    -  6.38e-02 2.70e-02f  1
iter    objective    inf_pr   inf_du lg(mu)  ||d||  lg(rg) alpha_du alpha_pr  ls
 230  6.8038200e+00 2.28e-02 1.97e+04  -1.0 1.32e+01    -  2.83e-01 5.42e-02h  1
 231  6.8050582e+00 2.25e-02 2.74e+04  -0.4 2.16e+01    -  6.19e-02 1.29e-02f  3
 232  6.8086932e+00 2.17e-02 2.53e+04  -5.1 1.08e+01    -  2.19e-02 3.30e-02h  2
 233  6.8091342e+00 2.16e-02 7.12e+04  -0.7 1.57e+01    -  2.36e-01 5.53e-03h  3
 234  6.8136120e+00 2.02e-02 8.47e+04  -0.8 3.37e+01    -  1.11e-01 6.77e-02h  1
 235  6.8143988e+00 1.99e-02 8.60e+04  -0.4 2.40e+01    -  1.46e-02 1.22e-02h  2
 236  6.8148799e+00 1.98e-02 1.99e+05  -0.6 1.99e+01    -  1.06e-01 7.19e-03h  2
 237  6.8150251e+00 1.97e-02 1.22e+06  -0.1 2.88e+01    -  3.51e-01 2.95e-03h  4
 238  6.8150646e+00 1.97e-02 1.77e+06   0.4 6.22e+01    -  4.42e-02 3.23e-03h  5
 239  6.8157718e+00 1.93e-02 3.79e+06   0.2 5.84e+01    -  1.24e-01 1.84e-02h  3
iter    objective    inf_pr   inf_du lg(mu)  ||d||  lg(rg) alpha_du alpha_pr  ls
 240  6.8178069e+00 1.90e-02 2.18e+07   1.2 3.94e+01    -  2.77e-01 1.58e-02h  2
 241  6.8184522e+00 1.87e-02 4.97e+08   2.0 5.82e+01    -  1.00e+00 1.33e-02h  2
 242  6.8193472e+00 1.87e-02 5.15e+08  -3.9 9.66e+01    -  7.69e-03 4.11e-03h  4
 243  6.8194937e+00 1.86e-02 1.39e+10   3.1 3.52e+01    -  1.00e+00 5.39e-03h  3
 244  6.8198423e+00 1.85e-02 1.54e+10  -2.8 1.16e+02    -  6.44e-03 1.36e-03h  5
 245  6.8198330e+00 1.85e-02 4.43e+11   4.4 5.89e+01    -  1.00e+00 8.09e-04h  5
 246  6.8195038e+00 1.84e-02 7.42e+11   4.6 1.02e+02    -  3.05e-02 3.71e-03h  2
 247  6.8200500e+00 1.84e-02 7.60e+11  -1.4 8.63e+01    -  5.02e-03 3.52e-03h  4
 248  6.8203333e+00 1.83e-02 2.15e+12   4.6 3.54e+01    -  5.56e-02 3.51e-03h  4
 249  6.8205692e+00 1.83e-02 1.63e+13   4.6 4.02e+01    -  1.74e-01 3.30e-03h  4
iter    objective    inf_pr   inf_du lg(mu)  ||d||  lg(rg) alpha_du alpha_pr  ls
 250  6.8214206e+00 1.80e-02 3.48e+13   4.6 4.23e+01    -  4.14e-02 1.21e-02h  2
 251  6.8224682e+00 1.78e-02 2.19e+15   4.6 2.33e+01    -  6.58e-01 1.19e-02h  1
 252  6.8224419e+00 1.78e-02 4.51e+15   0.1 2.22e+03   6.4 1.07e-03 5.17e-05h  4
 253  6.8225284e+00 1.78e-02 5.65e+15   4.6 6.48e+02    -  3.11e-04 9.40e-05h  4
 254  6.8220624e+00 1.78e-02 2.07e+16   4.6 2.72e+02   8.7 2.54e-03 6.91e-04h  1
 255  6.8222532e+00 1.78e-02 2.20e+16   4.6 5.74e+02    -  3.08e-04 2.55e-04h  3
 256  6.8222706e+00 1.78e-02 4.43e+17   4.6 1.16e+03   8.2 8.17e-04 5.55e-05h  1
 257r 6.8222706e+00 1.78e-02 1.00e+03   0.4 0.00e+00   9.5 0.00e+00 2.73e-07R  6
 258r 6.8222715e+00 1.72e-02 9.43e+02  -2.2 3.25e+01    -  1.05e-01 1.02e-02f  1
 259  6.8222661e+00 1.72e-02 2.12e+01  -4.4 5.17e+00    -  9.37e-04 4.47e-05h  1
iter    objective    inf_pr   inf_du lg(mu)  ||d||  lg(rg) alpha_du alpha_pr  ls
 260  6.8222664e+00 1.72e-02 6.81e+01  -4.4 1.17e+01    -  8.46e-05 2.45e-05h  1
 261  6.8222675e+00 1.72e-02 1.96e+01  -4.4 2.39e+00    -  2.11e-06 3.63e-05h  1
 262  6.8191039e+00 1.72e-02 1.93e+03  -0.5 1.39e+02    -  3.40e-06 1.17e-03f  1
 263  6.8204549e+00 1.65e-02 1.85e+03  -4.4 6.08e-01    -  4.10e-02 4.00e-02h  1
 264  6.8213681e+00 1.61e-02 1.95e+03  -4.5 7.52e-01    -  5.34e-02 2.60e-02h  1
 265  6.8224225e+00 1.58e-02 4.19e+03  -4.5 1.65e+00    -  1.21e-01 1.99e-02h  1
 266  6.8226018e+00 1.57e-02 6.46e+03  -4.5 2.05e+01    -  1.19e-02 3.96e-03h  1
 267  6.8224635e+00 1.57e-02 1.75e+04  -0.6 1.66e+02    -  3.71e-03 3.95e-04f  1
 268  6.8225651e+00 1.57e-02 8.12e+04  -4.6 2.43e+01    -  2.15e-02 2.15e-03h  1
 269  6.8225757e+00 1.56e-02 6.49e+04  -0.7 9.04e+01    -  7.63e-04 1.35e-03h  1
iter    objective    inf_pr   inf_du lg(mu)  ||d||  lg(rg) alpha_du alpha_pr  ls
 270  6.8225916e+00 1.56e-02 1.34e+05  -4.6 8.55e+01    -  1.57e-03 1.47e-04h  1
 271  6.8226044e+00 1.56e-02 2.22e+06  -0.4 2.06e+02    -  2.15e-02 1.10e-04h  5
 272  6.8226078e+00 1.56e-02 2.42e+06  -4.6 7.54e+02    -  2.29e-04 1.79e-05h  6
 273  6.8237280e+00 2.68e-02 1.79e+06   1.8 4.58e+03    -  3.27e-04 5.73e-04f  1
 274  6.8243431e+00 3.32e-02 1.52e+06   1.3 9.43e+02    -  3.43e-03 3.89e-03f  1
 275  6.8243557e+00 3.32e-02 3.04e+06   1.3 4.45e+02    -  7.40e-04 7.49e-05h  5
 276  6.8245995e+00 3.32e-02 3.03e+06   1.3 4.72e+02    -  1.48e-03 1.48e-03s 14
 277  6.8247313e+00 3.37e-02 3.03e+06   1.3 2.03e+02    -  1.19e-03 1.19e-03s 14
 278  6.8247471e+00 3.37e-02 3.03e+06   1.3 5.45e+02    -  1.76e-04 1.76e-04s 14
 279r 6.8247471e+00 3.37e-02 1.00e+03   1.3 0.00e+00    -  0.00e+00 0.00e+00R  1
iter    objective    inf_pr   inf_du lg(mu)  ||d||  lg(rg) alpha_du alpha_pr  ls
 280r 6.7999264e+00 3.40e-02 1.18e+03   1.3 2.99e+02    -  1.03e-01 8.66e-03f  1
 281  6.8013867e+00 3.30e-02 1.05e+00  -4.4 1.38e+00    -  3.18e-02 2.93e-02h  1
 282  6.8044289e+00 3.08e-02 5.96e+00  -4.5 1.34e+00    -  2.00e-02 6.53e-02h  1
 283  6.8060490e+00 2.95e-02 5.71e+00  -4.5 1.25e+00    -  6.60e-02 4.22e-02h  1
 284  6.8069223e+00 2.83e-02 5.48e+00  -4.5 1.42e+00    -  3.18e-03 3.98e-02h  1
 285  6.8075039e+00 2.74e-02 5.29e+00  -4.5 1.51e+00    -  4.12e-02 3.49e-02h  1
 286  6.8080315e+00 2.61e-02 5.04e+00  -4.5 1.54e+00    -  7.60e-02 4.69e-02h  1
 287  6.8077536e+00 2.43e-02 4.69e+00  -4.6 1.54e+00    -  6.46e-02 6.90e-02h  1
 288  6.8072285e+00 2.37e-02 5.34e+00  -4.6 1.48e+00    -  3.16e-02 2.37e-02h  1
 289  6.8069982e+00 2.34e-02 4.82e+00  -4.6 1.19e+00    -  3.61e-03 1.17e-02h  1
iter    objective    inf_pr   inf_du lg(mu)  ||d||  lg(rg) alpha_du alpha_pr  ls
 290  6.8062012e+00 2.25e-02 5.23e+00  -4.6 1.15e+00    -  3.77e-02 3.84e-02h  1
 291  6.8051743e+00 2.25e-02 3.07e+02  -0.7 7.13e+01    -  8.98e-03 2.47e-03f  1
 292  6.8057584e+00 1.90e-02 2.40e+02  -4.6 1.09e+00    -  7.79e-02 1.56e-01h  1
 293  6.8056798e+00 1.56e-02 1.76e+02  -4.7 1.03e+00    -  1.54e-02 1.79e-01h  1
 294  6.8056042e+00 1.50e-02 2.19e+02  -4.7 9.20e-01    -  3.37e-01 3.71e-02h  1
 295  6.8040711e+00 9.75e-03 1.35e+02  -4.8 9.58e-01    -  3.00e-01 3.50e-01h  1
 296  6.8036802e+00 8.90e-03 2.06e+02  -5.0 6.65e-01    -  3.69e-01 8.78e-02h  1
 297  6.7965798e+00 2.06e-03 2.29e+02  -5.2 6.10e-01    -  3.79e-02 7.69e-01h  1
 298  6.7855959e+00 2.91e-04 2.22e+02  -5.2 1.91e-01    -  4.63e-01 1.00e+00h  1
 299  6.7547652e+00 5.33e-04 2.47e+02  -5.5 1.43e-01    -  5.97e-02 1.00e+00h  1
iter    objective    inf_pr   inf_du lg(mu)  ||d||  lg(rg) alpha_du alpha_pr  ls
 300  6.7335270e+00 4.69e-04 1.08e+02  -5.5 1.83e-01    -  5.57e-01 6.52e-01h  1
 301  6.7051680e+00 6.97e-04 1.08e+02  -5.9 3.24e-01    -  1.94e-02 5.03e-01h  1
 302  6.7018758e+00 6.51e-04 7.93e+01  -5.9 2.81e-01    -  2.52e-01 7.32e-02h  1
 303  6.6968354e+00 6.08e-04 7.32e+01  -6.0 4.44e-01    -  7.76e-02 7.84e-02h  1
 304  6.6963601e+00 6.04e-04 6.04e+01  -6.0 5.44e-01    -  1.33e-01 7.70e-03h  1
 305  6.6392190e+00 9.39e-04 7.06e+01  -6.1 7.50e-01    -  1.07e-01 7.59e-01h  1
 306  6.5580644e+00 2.46e-03 5.88e+01  -6.1 9.58e-01    -  7.95e-02 1.00e+00h  1
 307  6.5021819e+00 1.93e-03 4.97e+01  -6.2 7.80e-01    -  1.49e-01 8.41e-01h  1
 308  6.4635424e+00 1.45e-03 4.61e+01  -6.2 5.44e-01    -  1.10e-01 5.95e-01h  1
 309  6.4121083e+00 4.22e-03 9.54e+01  -6.3 8.79e-01    -  1.34e-01 6.25e-01h  1
iter    objective    inf_pr   inf_du lg(mu)  ||d||  lg(rg) alpha_du alpha_pr  ls
 310  6.3838488e+00 3.15e-03 8.07e+01  -6.4 8.32e-01    -  2.76e-01 3.67e-01h  1
 311  6.3675458e+00 2.57e-03 4.59e+01  -6.5 1.03e+00    -  1.02e-01 2.00e-01h  1
 312  6.3464133e+00 1.93e-03 3.23e+01  -6.5 1.12e+00    -  1.87e-01 2.78e-01h  1
 313  6.3138964e+00 1.96e-03 3.61e+01  -6.6 1.25e+00    -  1.67e-01 4.61e-01h  1
 314  6.3052232e+00 1.73e-03 2.97e+01  -6.7 1.24e+00    -  1.64e-01 1.44e-01h  1
 315  6.3051388e+00 1.73e-03 1.88e+01  -6.8 1.27e+00    -  1.93e-01 1.35e-03h  1
 316  6.3042750e+00 1.70e-03 1.36e+01  -6.9 7.82e-01    -  1.19e-01 2.02e-02h  1
 317  6.2965646e+00 1.42e-03 1.95e+01  -6.9 7.62e-01    -  8.52e-03 1.93e-01h  1
 318  6.2909443e+00 1.19e-03 1.55e+01  -6.9 6.84e-01    -  1.92e-01 1.83e-01h  1
 319  6.2796878e+00 1.04e-03 2.08e+01  -7.0 1.22e+00    -  1.05e-02 2.04e-01h  1
iter    objective    inf_pr   inf_du lg(mu)  ||d||  lg(rg) alpha_du alpha_pr  ls
 320  6.2795238e+00 1.04e-03 1.55e+01  -7.0 1.43e+00    -  1.24e-01 3.04e-03h  1
 321  6.2791804e+00 1.03e-03 8.62e+00  -7.1 1.26e+00    -  1.91e-01 7.08e-03h  1
 322  6.2785760e+00 1.02e-03 1.18e+02  -3.3 4.97e+01    -  2.11e-03 3.40e-03f  1
 323  6.2745983e+00 9.52e-04 1.10e+02  -7.2 1.08e+00    -  8.51e-02 8.12e-02h  1
 324  6.2718657e+00 9.01e-04 1.10e+02  -7.2 1.12e+00    -  8.60e-02 5.77e-02h  1
 325  6.2716491e+00 8.96e-04 1.51e+02  -7.3 1.31e+00    -  1.97e-01 5.86e-03h  1
 326  6.2686812e+00 8.37e-04 1.55e+02  -7.4 1.57e+00    -  1.67e-01 7.81e-02h  1
 327  6.2684458e+00 8.30e-04 2.10e+02  -7.4 1.30e+00    -  3.94e-01 8.55e-03h  1
 328  6.2685003e+00 8.26e-04 5.59e+02  -3.8 8.98e+00    -  2.33e-02 4.23e-03h  1
 329  6.2716377e+00 8.26e-04 4.18e+02  -1.8 6.92e+02    -  3.26e-04 6.20e-04f  1
iter    objective    inf_pr   inf_du lg(mu)  ||d||  lg(rg) alpha_du alpha_pr  ls
 330  6.2734173e+00 8.30e-04 4.26e+03  -1.8 4.64e+02    -  1.74e-03 3.40e-04f  1
 331  6.2896691e+00 1.55e-03 3.45e+03  -1.8 3.24e+02    -  2.96e-03 3.19e-03f  1
 332  6.3062141e+00 2.10e-03 1.12e+04  -1.8 1.88e+02    -  6.12e-03 3.79e-03f  1
 333  6.3093690e+00 2.12e-03 2.35e+04  -1.8 1.32e+02    -  5.06e-03 1.33e-03f  1
 334  6.3093717e+00 2.11e-03 1.15e+06  -1.8 2.81e-01   9.0 5.24e-03 3.76e-03h  1
 335  6.3093717e+00 2.11e-03 4.18e+09  -1.8 2.80e-01   8.6 1.00e+00 3.85e-05h  1
 336  6.3093797e+00 2.09e-03 4.64e+09  -1.8 2.80e-01   8.1 1.85e-02 1.11e-02h  1
 337  6.3093806e+00 2.09e-03 5.59e+09  -1.8 2.78e-01   7.6 5.47e-02 2.00e-03h  1
 338  6.3093821e+00 2.06e-03 5.63e+09  -1.8 2.77e-01   7.1 8.35e-02 1.16e-02h  1
 339  6.3093725e+00 2.04e-03 5.46e+09  -1.8 2.74e-01   6.7 3.88e-02 1.20e-02h  1
iter    objective    inf_pr   inf_du lg(mu)  ||d||  lg(rg) alpha_du alpha_pr  ls
 340  6.3093730e+00 2.03e-03 5.23e+09  -1.8 2.71e-01   6.2 4.16e-02 2.33e-03h  1
 341  6.3094800e+00 1.88e-03 4.64e+09  -1.8 2.71e-01   5.7 1.08e-01 7.24e-02h  1
 342  6.3095417e+00 1.76e-03 3.89e+09  -1.8 2.52e-01   5.2 1.48e-01 6.51e-02h  1
 343  6.3095949e+00 1.64e-03 2.06e+09  -1.8 2.36e-01   4.7 4.02e-01 6.92e-02h  1
 344  6.3096812e+00 1.53e-03 9.80e+07  -1.8 2.20e-01   4.3 7.12e-01 6.87e-02h  1
 345  6.3098002e+00 1.34e-03 7.45e+07  -1.8 2.05e-01   4.7 3.25e-01 1.25e-01h  1
 346  6.3100212e+00 1.05e-03 4.94e+08  -1.8 1.79e-01   4.2 1.00e+00 2.18e-01h  1
 347  6.3104992e+00 5.37e-04 2.57e+08  -1.8 1.41e-01   3.7 1.00e+00 4.86e-01f  1
 348  6.3110751e+00 8.73e-08 1.11e+04  -2.2 7.24e-02   3.3 1.00e+00 1.00e+00h  1
 349  6.3112447e+00 8.59e-09 9.00e+00  -2.6 5.61e-04   2.8 1.00e+00 1.00e+00f  1
iter    objective    inf_pr   inf_du lg(mu)  ||d||  lg(rg) alpha_du alpha_pr  ls
 350  6.3112025e+00 2.26e-10 1.57e-01  -4.2 1.46e-04   2.3 1.00e+00 1.00e+00h  1
 351  6.3105718e+00 9.68e-09 5.85e-02  -4.8 8.69e-04   1.8 1.00e+00 1.00e+00f  1
 352  6.3088213e+00 1.05e-07 5.71e-02  -5.1 2.54e-03   1.4 1.00e+00 1.00e+00f  1
 353  6.3079137e+00 1.20e-07 3.39e+02  -5.3 4.26e-03   0.9 1.00e+00 4.64e-01h  1
 354  6.3069162e+00 2.19e-07 3.58e+02  -5.4 9.18e-03   0.4 1.00e+00 3.09e-01h  1
 355  6.3061087e+00 2.76e-07 2.37e+02  -5.1 1.70e-02  -0.1 1.00e+00 1.66e-01h  1
 356  6.3044124e+00 1.90e-06 2.29e+03  -4.7 3.14e-02  -0.6 1.00e+00 2.97e-01f  1
 357  6.3027875e+00 7.07e-06 5.86e+03  -4.3 9.53e-02  -1.0 1.00e+00 2.73e-01f  1
 358  6.2972764e+00 6.17e-05 2.87e+03  -4.3 1.74e-01  -1.5 1.00e+00 4.02e-01h  1
 359  6.2920957e+00 2.02e-04 3.33e+03  -4.0 8.37e+00    -  8.46e-02 3.61e-02h  1
iter    objective    inf_pr   inf_du lg(mu)  ||d||  lg(rg) alpha_du alpha_pr  ls
 360  6.2830459e+00 3.01e-04 4.05e+02  -4.7 3.56e-01  -2.0 8.24e-01 4.05e-01h  1
 361  6.2835251e+00 2.95e-04 2.49e+04  -3.7 5.17e-01  -2.5 7.68e-01 2.43e-02h  1
 362  6.2813126e+00 3.16e-04 2.26e+04  -9.8 4.87e+00    -  8.16e-02 2.71e-02h  1
 363  6.2889420e+00 1.37e-03 1.78e+04  -3.6 9.03e-01  -2.9 7.22e-01 4.61e-01f  1
 364  6.2840848e+00 1.55e-03 6.29e+03  -3.7 6.42e-01  -3.4 6.83e-01 6.13e-01h  1
 365  6.2782979e+00 1.06e-03 4.94e+03  -3.7 3.47e+00  -3.9 1.15e-01 2.94e-01h  1
 366  6.2744114e+00 1.05e-03 2.58e+03  -3.7 7.96e-01  -3.5 5.43e-01 4.15e-01h  1
 367  6.2484895e+00 4.88e-03 2.26e+03  -3.7 1.29e+01    -  1.11e-01 1.34e-01h  1
 368  6.2355041e+00 5.42e-03 5.33e+03  -3.2 2.20e+01    -  1.21e-01 7.95e-02h  1
 369  6.2301640e+00 5.33e-03 6.24e+03  -9.6 7.34e+00    -  3.21e-02 5.82e-02h  1
iter    objective    inf_pr   inf_du lg(mu)  ||d||  lg(rg) alpha_du alpha_pr  ls
 370  6.2334962e+00 3.73e-04 2.96e-03  -3.7 7.23e-01  -3.0 1.00e+00 1.00e+00h  1
 371  6.2234104e+00 3.60e-04 7.35e+02  -9.7 3.01e+01    -  1.24e-02 3.14e-02h  1
 372  6.2216732e+00 3.50e-04 2.38e+03  -9.7 2.37e+00    -  1.11e-01 2.99e-02h  1
 373  6.2092397e+00 6.51e-04 4.17e+03  -4.0 5.17e-01  -3.5 4.58e-01 7.52e-01h  1
 374  6.2022125e+00 5.89e-04 8.73e-01  -4.1 2.74e-01  -3.1 1.00e+00 1.00e+00h  1
 375  6.2034213e+00 1.34e-03 2.77e+03  -3.8 1.66e+00  -3.6 5.47e-01 7.52e-01h  1
 376  6.1967965e+00 9.95e-04 2.72e+03  -4.0 1.35e+00  -4.1 3.95e-01 2.57e-01h  1
 377  6.1967647e+00 8.60e-04 2.31e+04  -3.6 2.95e+00  -4.5 1.00e+00 1.36e-01f  1
 378  6.1902804e+00 7.23e-04 1.80e+04  -9.6 4.09e+00    -  1.86e-01 1.59e-01h  1
 379  6.1814932e+00 6.49e-04 1.76e+04  -4.1 6.84e+00  -5.0 7.79e-02 1.85e-01h  1
iter    objective    inf_pr   inf_du lg(mu)  ||d||  lg(rg) alpha_du alpha_pr  ls
 380  6.1933833e+00 6.49e-03 1.12e+03  -3.4 4.75e+00  -4.6 9.49e-01 9.92e-01h  1
 381  6.1644900e+00 2.84e-03 1.94e+03  -3.6 2.75e+00  -4.2 4.14e-01 6.01e-01h  1
 382  6.1817051e+00 2.57e-03 1.24e+04  -2.8 8.03e+00  -3.7 1.43e-01 1.03e-01f  1
 383  6.1672824e+00 2.09e-03 9.23e+03  -3.4 2.76e+00  -4.2 2.40e-01 2.14e-01h  1
 384  6.1516076e+00 2.22e-03 7.78e+03  -4.7 9.87e+01    -  1.73e-02 7.39e-03h  1
 385  6.1311982e+00 2.46e-03 8.01e+03  -9.3 1.44e+02    -  4.80e-03 6.70e-03h  1
 386  6.1208952e+00 2.52e-03 8.30e+03  -9.3 1.29e+02    -  2.25e-03 4.12e-03h  1
 387  6.1033536e+00 2.27e-03 5.59e+03  -9.3 4.38e+00  -4.7 1.36e-01 1.18e-01h  1
 388  6.1067078e+00 2.52e-03 2.72e+04  -2.9 6.69e+00  -4.3 4.22e-01 2.84e-01f  1
 389  6.0936376e+00 2.51e-03 2.06e+04  -3.2 1.78e+01    -  5.29e-02 3.02e-02h  1
iter    objective    inf_pr   inf_du lg(mu)  ||d||  lg(rg) alpha_du alpha_pr  ls
 390  6.0778057e+00 2.53e-03 1.75e+04  -4.0 4.91e+01  -4.7 1.45e-02 1.02e-02h  1
 391  6.0972175e+00 1.79e-03 6.35e+04  -2.6 6.40e-01  -0.7 4.29e-01 2.93e-01h  1
 392  6.0879304e+00 8.36e-05 2.48e+05  -3.2 4.50e-01  -0.3 4.34e-01 1.00e+00h  1
 393  6.0850118e+00 1.20e-05 2.34e+04  -3.8 1.06e-02   1.1 9.87e-01 8.53e-01h  1
 394  6.0720192e+00 1.77e-05 3.26e+02  -4.5 2.28e-02   0.6 8.45e-01 1.00e+00h  1
 395  6.0648411e+00 1.51e-05 1.24e+03  -5.1 4.44e-02   0.1 5.92e-01 3.69e-01h  1
 396  6.0577003e+00 1.12e-05 6.95e+02  -5.2 6.98e-02  -0.4 7.75e-01 2.81e-01h  1
 397  6.0508858e+00 1.24e-05 7.53e+02  -5.5 1.08e-01  -0.8 4.01e-01 1.79e-01h  1
 398  6.0480133e+00 9.87e-06 4.97e+02  -5.6 4.21e-02  -0.4 1.00e+00 2.24e-01h  1
 399  6.0425715e+00 1.38e-05 4.36e+02  -5.2 8.60e-02  -0.9 1.00e+00 2.82e-01h  1
iter    objective    inf_pr   inf_du lg(mu)  ||d||  lg(rg) alpha_du alpha_pr  ls
 400  6.0376426e+00 1.58e-05 3.69e+02  -6.1 2.07e-01  -1.4 2.59e-01 1.55e-01h  1
 401  6.0362515e+00 1.39e-05 3.01e+02  -5.7 6.54e-02  -1.0 1.00e+00 1.18e-01h  1
 402  6.0320094e+00 1.76e-05 2.63e+02  -6.2 1.93e-01  -1.4 3.26e-01 1.76e-01h  1
 403  6.0307886e+00 1.57e-05 2.25e+02  -6.4 7.01e-02  -1.0 1.00e+00 1.33e-01h  1
 404  6.0286902e+00 1.65e-05 1.99e+02  -4.9 1.49e-01  -1.5 1.00e+00 1.25e-01h  1
 405  6.0265036e+00 1.34e-05 1.12e+02  -5.1 5.27e-02  -1.1 1.00e+00 3.88e-01h  1
 406  6.0247809e+00 1.65e-05 8.18e+01  -4.6 1.20e-01  -1.5 1.00e+00 2.26e-01h  1
 407  6.0287851e+00 3.27e-05 8.97e+01  -3.6 1.77e-01  -2.0 1.00e+00 1.43e-01f  1
 408  6.0403704e+00 2.24e-05 1.44e-02  -3.7 6.14e-02  -1.6 1.00e+00 1.00e+00f  1
 409  6.0343684e+00 8.24e-05 4.18e-02  -3.7 9.57e-02  -2.1 1.00e+00 1.00e+00h  1
iter    objective    inf_pr   inf_du lg(mu)  ||d||  lg(rg) alpha_du alpha_pr  ls
 410  6.0259168e+00 1.53e-04 2.13e+00  -3.7 2.23e-01  -2.5 1.00e+00 7.70e-01h  1
 411  6.0038428e+00 9.52e-04 1.45e+00  -3.7 4.73e-01  -3.0 8.21e-01 1.00e+00f  1
 412  6.0032550e+00 3.79e-03 4.40e+01  -3.4 1.01e+00  -3.5 1.00e+00 4.52e-01h  1
 413  5.9868009e+00 4.04e-03 4.23e+01  -9.4 3.89e+01    -  3.30e-02 1.39e-02h  1
 414  5.9770821e+00 4.01e-03 4.27e+01  -9.4 5.88e+01    -  1.27e-02 6.26e-03h  1
 415  5.9198337e+00 3.84e-03 4.04e+01  -4.4 5.45e+01    -  3.85e-02 4.33e-02h  1
 416  5.9053621e+00 3.79e-03 3.92e+01  -3.1 5.62e+01    -  2.39e-02 1.10e-02h  1
 417  5.9000745e+00 3.65e-03 3.08e+01  -9.4 5.70e+00    -  7.65e-02 3.73e-02h  1
 418  5.8882191e+00 3.60e-03 2.96e+01  -3.2 3.69e+01    -  9.02e-03 1.51e-02h  1
 419  5.8487328e+00 1.81e-03 9.23e+00  -3.4 2.02e+00  -4.0 7.26e-01 1.00e+00h  1
iter    objective    inf_pr   inf_du lg(mu)  ||d||  lg(rg) alpha_du alpha_pr  ls
 420  5.8505467e+00 1.81e-03 1.50e+01  -2.7 1.55e+02  -4.4 9.28e-03 7.18e-04h  2
 421  5.8161905e+00 2.00e-03 1.45e+01  -9.4 4.39e+01  -4.9 2.60e-02 2.71e-02h  1
 422  5.8204808e+00 3.15e-03 4.12e+01  -3.2 1.56e+00  -3.6 5.41e-01 2.68e-01h  1
 423  5.8155224e+00 4.86e-03 5.33e+01  -3.0 2.97e+00  -4.1 4.52e-01 3.40e-01h  1
 424  5.7825144e+00 1.47e-02 4.91e+01  -9.1 2.79e+00  -3.6 1.87e-01 2.15e-01h  1
 425  5.7708024e+00 4.32e-03 1.23e+01  -3.4 4.74e-01  -2.3 9.68e-01 7.44e-01h  1
 426  5.7602921e+00 2.54e-03 5.80e+00  -3.4 3.38e-01  -2.8 6.51e-01 5.65e-01h  1
 427  5.7813291e+00 2.76e-03 2.14e+01  -3.2 5.07e-01  -3.3 1.00e+00 8.42e-01h  1
 428  5.7488637e+00 2.71e-03 2.57e+01  -9.2 5.88e+01    -  8.03e-03 1.45e-02h  1
 429  5.7246150e+00 1.04e-02 8.80e+00  -3.2 1.48e+00  -3.7 6.49e-01 6.15e-01h  1
iter    objective    inf_pr   inf_du lg(mu)  ||d||  lg(rg) alpha_du alpha_pr  ls
 430  5.6592855e+00 2.81e-02 1.17e+01  -4.5 7.29e+00  -4.2 1.43e-01 1.65e-01h  1
 431  5.6568523e+00 2.73e-02 1.38e+01  -9.2 3.55e+01  -2.9 2.08e-03 1.01e-02h  1
 432  5.6149341e+00 2.92e-03 1.76e-02  -3.3 1.24e+00  -3.4 1.00e+00 1.00e+00h  1
 433  5.5623247e+00 3.58e-03 4.57e-02  -3.3 3.10e+00  -3.8 3.09e-01 3.13e-01h  1
 434  5.5630949e+00 5.13e-03 4.71e+01  -2.9 2.70e+00  -3.4 3.02e-01 1.83e-01h  1
 435  5.5924668e+00 5.75e-02 2.44e+01  -2.9 1.36e+00  -3.0 8.38e-01 9.57e-01h  1
 436  5.6870222e+00 8.41e-02 1.44e+02  -2.4 2.96e+00  -3.5 8.50e-01 5.01e-01f  1
 437  5.6164315e+00 8.50e-02 8.57e+01  -2.6 1.13e+00  -3.0 7.39e-01 1.00e+00h  1
 438  5.5664636e+00 4.54e-02 5.56e+01  -2.6 2.34e+00  -2.6 2.51e-01 4.51e-01h  1
 439  5.5676665e+00 3.39e-02 1.57e+02  -2.3 6.47e+00  -2.2 1.00e+00 2.18e-01h  1
iter    objective    inf_pr   inf_du lg(mu)  ||d||  lg(rg) alpha_du alpha_pr  ls
 440  5.5392158e+00 1.48e-02 4.68e+01  -2.8 2.29e+00    -  5.94e-01 5.48e-01h  1
 441  5.4716815e+00 4.72e-03 7.53e+01  -3.0 2.42e+00    -  5.84e-01 8.28e-01h  1
 442  5.4772055e+00 3.04e-03 2.12e+01  -2.7 7.81e+00    -  5.44e-01 2.53e-01h  1
 443  5.4618320e+00 3.12e-03 2.30e+01  -2.8 6.84e+00    -  3.46e-01 4.82e-01h  1
 444  5.4905628e+00 4.23e-03 1.26e+01  -2.8 5.97e+00    -  7.29e-01 5.02e-01h  1
 445  5.4770304e+00 1.09e-03 3.99e-01  -2.9 2.62e+00    -  9.28e-01 1.00e+00h  1
 446  5.4792090e+00 5.00e-03 1.64e-02  -2.9 3.46e+00    -  1.00e+00 1.00e+00h  1
 447  5.4794544e+00 1.56e-04 2.21e-03  -2.9 1.70e+00    -  1.00e+00 1.00e+00h  1
 448  5.3951142e+00 2.00e-03 4.55e-02  -3.1 1.26e+00    -  9.97e-01 1.00e+00h  1
 449  5.3408219e+00 1.48e-03 8.59e-03  -3.3 1.07e+00    -  1.00e+00 1.00e+00h  1
iter    objective    inf_pr   inf_du lg(mu)  ||d||  lg(rg) alpha_du alpha_pr  ls
 450  5.2954916e+00 1.90e-03 2.25e-02  -3.5 1.74e+00    -  1.00e+00 1.00e+00h  1
 451  5.2594931e+00 1.09e-03 9.29e-03  -3.8 1.81e+00    -  1.00e+00 1.00e+00h  1
 452  5.2411053e+00 9.63e-04 8.58e-03  -4.1 2.37e+00    -  9.85e-01 1.00e+00h  1
 453  5.2323606e+00 2.71e-04 4.19e-01  -4.3 1.65e+00    -  9.66e-01 1.00e+00h  1
 454  5.2247633e+00 6.22e-04 2.25e-02  -4.6 2.56e+00    -  1.00e+00 1.00e+00h  1
 455  5.2228888e+00 1.58e-04 2.24e-01  -4.7 1.58e+00    -  9.97e-01 1.00e+00h  1
 456  5.2209551e+00 1.77e-04 2.79e-02  -4.9 1.27e+00    -  1.00e+00 1.00e+00h  1
 457  5.2189901e+00 2.42e-04 4.14e-02  -5.3 1.64e+00    -  1.00e+00 1.00e+00h  1
 458  5.2185010e+00 3.03e-04 1.74e-01  -5.4 1.09e+00    -  1.00e+00 1.00e+00h  1
 459  5.2184822e+00 2.34e-07 5.77e+02  -5.4 1.35e-02  -2.7 7.52e-01 1.00e+00h  1
iter    objective    inf_pr   inf_du lg(mu)  ||d||  lg(rg) alpha_du alpha_pr  ls
 460  5.2187280e+00 3.17e-07 1.74e+03  -4.9 8.80e-02  -3.1 8.30e-01 1.14e-01h  1
 461  5.2189585e+00 7.96e-06 1.34e+03  -5.1 7.82e-01    -  1.00e+00 2.29e-01h  1
 462  5.2181726e+00 1.16e-04 5.37e+03  -5.1 7.07e+00    -  2.14e-01 6.35e-02f  1
 463  5.2173128e+00 2.41e-04 4.57e+03 -11.0 2.24e+02    -  3.82e-03 2.16e-03h  1
 464  5.2155176e+00 1.09e-02 1.42e+04  -4.7 7.36e+00    -  1.00e+00 5.91e-01f  1
 465  5.2208860e+00 9.19e-04 5.29e+01  -4.4 3.79e+00    -  1.00e+00 1.00e+00h  1
 466  5.2186977e+00 8.14e-05 2.04e+00  -4.5 1.57e+00    -  1.00e+00 1.00e+00h  1
 467  5.2186591e+00 2.71e-06 1.10e-02  -4.5 4.71e-01    -  1.00e+00 1.00e+00h  1
 468  5.2186574e+00 1.31e-08 2.23e-07  -4.5 6.04e-03    -  1.00e+00 1.00e+00h  1

Number of Iterations....: 468

                                   (scaled)                 (unscaled)
Objective...............:   5.2186574333508693e+00    5.2186574333508693e+00
Dual infeasibility......:   2.2308065136811273e-07    2.2308065136811273e-07
Constraint violation....:   1.3057563919005588e-08    1.3057563919005588e-08
Complementarity.........:   2.8622342545382828e-05    2.8622342545382828e-05
Overall NLP error.......:   2.8622342545382828e-05    2.8622342545382828e-05


Number of objective function evaluations             = 850
Number of objective gradient evaluations             = 469
Number of equality constraint evaluations            = 850
Number of inequality constraint evaluations          = 850
Number of equality constraint Jacobian evaluations   = 473
Number of inequality constraint Jacobian evaluations = 473
Number of Lagrangian Hessian evaluations             = 468
Total CPU secs in IPOPT (w/o function evaluations)   =      4.271
Total CPU secs in NLP function evaluations           =      7.049

EXIT: Optimal Solution Found.
 
Ipopt 3.13.4: Optimal Solution Found

suffix ipopt_zU_out OUT;
suffix ipopt_zL_out OUT;
sum{i in 1 .. Nfe - 1} dt[i] = 23.4017

tf = 23.4017

