  0.00000000
  0.74946569
  0.74945455
  0.74944293
  0.74943081
  0.74941816
  0.74940494
  0.74939111
  0.74937663
  0.74936147
  0.74934555
  0.74932884
  0.74931127
  0.74929278
  0.74927328
  0.74925270
  0.74923093
  0.74920787
  0.74918341
  0.74915741
  0.74912972
  0.74910016
  0.74906855
  0.74903466
  0.74899823
  0.74895897
  0.74891652
  0.74887047
  0.74882035
  0.74876558
  0.74870551
  0.74863928
  0.74856593
  0.74848423
  0.74839270
  0.74828943
  0.74817203
  0.74803739
  0.74788127
  0.74769822
  0.74748227
  0.74722333
  0.74690443
  0.74650442
  0.74599173
  0.74531468
  0.74438192
  0.74301295
  0.74078894
  0.73645882
  0.72381524
  0.28536724
  0.00370040
 -0.00690183
 -0.00051594
  0.00067830
  0.00112421
  0.00132342
  0.00120944
  0.00095725
  0.00071398
  0.00049479
  0.00030230
  0.00014671
  0.00004411
  0.00011524
 -0.00007336
 -0.00019162
 -0.00023213
 -0.00019379
 -0.00004558
  0.00025273
  0.00068337
  0.00121625
  0.00122306
 -0.01018087
  0.00024378
  0.00079653
  0.00074259
  0.00068457
  0.00057700
 -0.00020839
 -0.22872251
 -0.72210726
 -0.73640491
 -0.74103595
 -0.74331273
 -0.74466947
 -0.74557181
 -0.74621534
 -0.74669604
 -0.74706853
 -0.74736607
 -0.74760952
 -0.74781236
 -0.74798389
 -0.74813052
 -0.74825828
 -0.74837643
 -0.74847612
 -0.74857833
 -0.74865194
 -0.74871662
 -0.74877467
 -0.74882729
 -0.74887614
 -0.74892385
 -0.74892446
 -0.74895996
 -0.74899465
 -0.74903011
 -0.74907354
 -0.74910278
 -0.74912954
 -0.74915422
 -0.74917695
 -0.74919816
 -0.74921818
 -0.74923702
 -0.74925477
 -0.74927167
 -0.74928767
 -0.74932053
 -0.74932772
 -0.74933212
 -0.74933418
 -0.74933402
 -0.74933173
 -0.74932735
 -0.74932086
 -0.74931217
 -0.74930116
 -0.74928763
 -0.74927133
 -0.74925190
 -0.74922891
 -0.74920175
 -0.74916966
 -0.74913162
 -0.74908625
 -0.74903169
 -0.74896532
 -0.74888338
 -0.74878044
 -0.74865703
 -0.74850320
 -0.74830362
 -0.74804288
 -0.74768761
 -0.74717408
 -0.74636553
 -0.74490054
 -0.74142483
 -0.72256326
  0.73116700
  0.74310240
  0.74579535
  0.74697973
  0.74764348
  0.74806828
  0.74836267
  0.74857815
  0.74874248
  0.74887501
  0.74897650
  0.74904277
  0.74909390
  0.74913412
  0.74916598
  0.74919127
  0.74921117
  0.74922651
  0.74923789
  0.74924571
  0.00000000
