  0.00000000
  0.00000000
  0.00816830
  0.01556340
  0.02154542
  0.02561113
  0.02741435
  0.02682802
  0.02393997
  0.01903991
  0.01262811
  0.00535310
 -0.00211559
 -0.00916012
 -0.01527757
 -0.02013137
 -0.02358153
 -0.02568518
 -0.02652644
 -0.02629213
 -0.02522176
 -0.02356822
 -0.02157581
 -0.01947624
 -0.01749837
 -0.01588418
 -0.01490220
 -0.01484868
 -0.01581884
 -0.01763142
 -0.01952881
 -0.02040859
 -0.01862141
 -0.01254295
 -0.00114193
  0.01555499
  0.03679265
  0.06132461
  0.08732603
  0.11126383
  0.12076566
  0.08592607
  0.03106280
 -0.02996272
 -0.09339379
 -0.15796608
 -0.22318205
 -0.28884963
 -0.35493610
 -0.42151192
 -0.48874621
 -0.55692490
 -0.62628866
 -0.69731129
 -0.69731566
 -0.63136117
 -0.56413595
 -0.49551395
 -0.42566161
 -0.35466957
 -0.28279564
 -0.21043039
 -0.13802209
 -0.06632338
  0.00220517
  0.03608543
 -0.00401519
  0.05467373
  0.12530814
  0.19813638
  0.27187261
  0.34627404
  0.42141797
  0.49755214
  0.57495727
  0.65376126
  0.58021109
  0.51776026
  0.45411858
  0.38948028
  0.32426611
  0.25876302
  0.19325555
  0.12807844
  0.06306939
  0.00022378
 -0.05666267
 -0.09278657
 -0.08340640
 -0.06154855
 -0.03978273
 -0.02348189
 -0.01736153
 -0.02423144
 -0.04174684
 -0.06467944
 -0.08768281
 -0.10357960
 -0.09459365
 -0.05008311
  0.00877317
  0.07531565
  0.14273168
  0.21041044
  0.27820467
  0.34605088
  0.41393905
  0.48195397
  0.54748764
  0.61266444
  0.67697312
  0.69859594
  0.69878312
  0.69889334
  0.69896677
  0.69901326
  0.69903982
  0.69905065
  0.69904718
  0.69903012
  0.69900011
  0.69895468
  0.69733574
  0.63256687
  0.56726817
  0.50214804
  0.43727550
  0.37264967
  0.30825401
  0.24407006
  0.18008188
  0.11627706
  0.05264669
 -0.01081477
 -0.07410961
 -0.13723687
 -0.20019216
 -0.26296739
 -0.32555011
 -0.38792248
 -0.45005866
 -0.51192052
 -0.57344345
 -0.63448707
 -0.69449749
 -0.69889105
 -0.69895613
 -0.69901039
 -0.69905935
 -0.69910458
 -0.69914839
 -0.69919143
 -0.69923514
 -0.69928027
 -0.69936297
 -0.69934990
 -0.69933663
 -0.69932164
 -0.69930383
 -0.69928314
 -0.69925757
 -0.69922525
 -0.69918444
 -0.69908697
 -0.64686111
 -0.58103466
 -0.51531829
 -0.44991981
 -0.38484542
 -0.32007520
 -0.25558280
 -0.19134519
 -0.12734392
 -0.06356526
  0.00000000
