  0.00000000
  0.00000000
  0.09933461
  0.19866601
  0.29799227
  0.39731163
  0.49662253
  0.59592357
  0.69521365
  0.79449187
  0.89375724
  0.99300896
  1.09224669
  1.19147036
  1.29068014
  1.38987637
  1.48905955
  1.58823027
  1.68738761
  1.78653212
  1.88566437
  1.98478492
  2.08389429
  2.18299300
  2.28208153
  2.38116037
  2.48023005
  2.57929120
  2.67834347
  2.77738692
  2.87642094
  2.97544617
  3.07446002
  3.17346212
  3.27245099
  3.37142491
  3.47038263
  3.56932240
  3.66824228
  3.76713387
  3.86599352
  3.96488787
  4.06387738
  4.16291576
  4.26195744
  4.36098474
  4.46001088
  4.55908514
  4.65829720
  4.75775244
  4.85749190
  4.95685415
  4.99673629
  4.99726857
  4.99621920
  4.99615050
  4.99624234
  4.99639753
  4.99658337
  4.99675612
  4.99689475
  4.99699914
  4.99707193
  4.99711655
  4.99713824
  4.99714476
  4.99716183
  4.99715094
  4.99712241
  4.99708779
  4.99705882
  4.99705197
  4.99709023
  4.99719494
  4.99738442
  4.99757893
  4.99593780
  4.99596874
  4.99607130
  4.99616834
  4.99625868
  4.99633534
  4.99630774
  4.96574266
  4.86808634
  4.76852834
  4.66852215
  4.56839888
  4.46818423
  4.36785533
  4.26740346
  4.16686180
  4.06625643
  3.96558920
  3.86485010
  3.76403447
  3.66314455
  3.56219758
  3.46115694
  3.35967028
  3.25801770
  3.15522442
  3.05248080
  2.94979701
  2.84714286
  2.74450087
  2.64181217
  2.53887223
  2.43951173
  2.34033570
  2.24131579
  2.14231993
  2.04234642
  1.94261295
  1.84315229
  1.74397775
  1.64510903
  1.54653621
  1.44822798
  1.35016804
  1.25234346
  1.15472254
  1.05729370
  0.95755759
  0.85856140
  0.76020247
  0.66237793
  0.56501350
  0.46805010
  0.37144100
  0.27515043
  0.17915166
  0.08342524
 -0.01204211
 -0.10725830
 -0.20222631
 -0.29694446
 -0.39140651
 -0.48560168
 -0.57951453
 -0.67312438
 -0.76640607
 -0.85932883
 -0.95185766
 -1.04396689
 -1.13632511
 -1.22891660
 -1.32147408
 -1.41400218
 -1.50651277
 -1.59900300
 -1.69147634
 -1.78387376
 -1.87598433
 -1.96593514
 -1.86951458
 -1.77108171
 -1.67199378
 -1.57258207
 -1.47301620
 -1.37335285
 -1.27365671
 -1.17398995
 -1.07439770
 -0.97465897
 -0.87461956
 -0.77536608
 -0.67679726
 -0.57881535
 -0.48134705
 -0.38433095
 -0.28771967
 -0.19147718
 -0.09557684
  0.00000000
