 26.64425428
 26.64425428
 26.64425428
 26.64418845
 26.64405822
 26.64387098
 26.64364376
 26.64340414
 26.64318789
 26.64303321
 26.64297252
 26.64302288
 26.64317713
 26.64339769
 26.64361411
 26.64372505
 26.64360432
 26.64310991
 26.64209404
 26.64041191
 26.63793081
 26.63453672
 26.63013816
 26.62466713
 26.61807743
 26.61034015
 26.60143557
 26.59134040
 26.58000874
 26.56734536
 26.55318533
 26.53728935
 26.51938583
 26.49925560
 26.47689050
 26.45269072
 26.42764962
 26.40346383
 26.38257053
 26.36812171
 26.36385690
 26.37370447
 26.40011401
 26.43937608
 26.48422855
 26.52550452
 26.55245296
 26.55267689
 26.51192881
 26.41387412
 26.23993742
 25.96938208
 25.58105509
 25.06044829
 24.39652842
 23.74182875
 23.06907861
 22.41985724
 21.82560033
 21.30359751
 20.86072986
 20.49478733
 20.19605760
 19.95005457
 19.73966838
 19.54663728
 19.35279707
 19.14868575
 18.94519039
 18.72681936
 18.47460906
 18.16900130
 17.79054337
 17.32084675
 16.74529379
 16.05849150
 15.28205175
 14.64805330
 14.02417813
 13.43072009
 12.88271696
 12.38589855
 11.93929546
 11.53702551
 11.16829145
 10.83104072
 10.51282858
 10.20192058
  9.88847560
  9.56726239
  9.24075656
  8.91307531
  8.58781940
  8.26741250
  7.95275949
  7.64322920
  7.33719257
  7.03280338
  6.72841405
  6.42241168
  6.11730533
  5.81436611
  5.52178135
  5.24399264
  4.98486772
  4.74797575
  4.53654864
  4.35338186
  4.20718705
  4.09313072
  4.01287643
  3.96754095
  3.95764581
  3.98085401
  4.03201525
  4.10599961
  4.19786878
  4.30303154
  4.41733166
  4.53704774
  4.65891121
  4.78012536
  4.89829354
  5.01430310
  5.12262653
  5.22171969
  5.31062389
  5.38873676
  5.45569740
  5.51130495
  5.55546558
  5.58815838
  5.60941205
  5.61928782
  5.61786576
  5.60523284
  5.58147180
  5.54665040
  5.50081125
  5.44396263
  5.37607201
  5.29706252
  5.20681706
  5.10519033
  4.99201963
  4.86623374
  4.72752524
  4.57633713
  4.41300870
  4.23812874
  4.05262007
  3.85773693
  3.65520224
  3.44719806
  3.23645728
  3.01459468
  2.81787026
  2.64681339
  2.50094496
  2.37903788
  2.27928092
  2.19958397
  2.13766597
  2.09115022
  2.05757916
  2.03469971
  2.01996285
  2.01084846
  2.00549077
  2.00254062
  2.00104885
  2.00037464
  2.00011115
  2.00002415
  2.00000000
