  0.00000000
  0.00000000
 -0.01423012
 -0.02846134
 -0.04466261
 -0.07157854
 -0.04727006
 -0.02612892
 -0.00749700
  0.00901952
  0.02366224
  0.03658326
  0.04788027
  0.06487250
  0.07890045
  0.09269488
  0.10617173
  0.11923339
  0.13177345
  0.14368621
  0.15487176
  0.16526283
  0.23398799
  0.22223616
  0.15401817
  0.10477480
  0.04319528
  0.10231526
  0.16887047
  0.17531164
  0.18171522
  0.18807750
  0.19439367
  0.20066283
  0.20688318
  0.21305521
  0.21919097
  0.24318822
  0.25008925
  0.25691672
  0.26365170
  0.27028573
  0.27681240
  0.28323060
  0.28952608
  0.29572263
  0.30180731
  0.28748453
  0.26607005
  0.30097231
  0.33716668
  0.34588612
  0.35451433
  0.36316656
  0.37180795
  0.38039971
  0.38891331
  0.39732883
  0.40562856
  0.41387828
  0.42242027
  0.43063363
  0.43903349
  0.45083725
  0.43965734
  0.42162998
  0.43860891
  0.44807072
  0.45944211
  0.48499823
  0.49727523
  0.50583769
  0.51687481
  0.51717339
  0.51742280
  0.51806237
  0.51806242
  0.51806562
  0.51806556
  0.51807446
  0.51805668
  0.51812781
  0.51898389
  0.51898667
  0.51911664
  0.51947650
  0.52016807
  0.52128451
  0.52294785
  0.52516566
  0.52804133
  0.53157032
  0.56578023
  0.48739787
  0.43340347
  0.42193061
  0.45465503
  0.53762397
  0.53999823
  0.54027112
  0.54044663
  0.54051153
  0.54057054
  0.24929359
  0.24910184
  0.24909503
  0.24908908
  0.24908479
  0.24908205
  0.24908070
  0.24908041
  0.24907508
  0.24908384
  0.24961355
  0.24788856
  0.24607412
  0.24423743
  0.24239044
  0.24053841
  0.23868343
  0.23682661
  0.23496865
  0.24709457
  0.25105895
  0.22911985
  0.22723086
  0.22536911
  0.38587251
  0.38051952
  0.37516319
  0.36978379
  0.36438208
  0.35895615
  0.35560081
  0.35058550
  0.34435995
  0.33816044
  0.33201457
  0.32597523
  0.18227753
  0.18036588
  0.17859467
  0.20431357
  0.20200764
  0.20276826
  0.20072233
  0.16854059
  0.16665022
  0.16483845
  0.18955931
  0.18713675
  0.18457643
  0.15790640
  0.17671140
  0.17955875
  0.17591402
  0.17912474
  0.17714102
  0.17470859
  0.17201969
  0.16926496
  0.16652127
  0.14418230
  0.14201171
  0.13993490
  0.13787694
  0.13576615
  0.13365284
  0.13154200
  0.12943291
  0.12732514
  0.12521841
  0.46023617
  0.43272195
  0.40456615
  0.37584666
  0.34350958
  0.31857427
  0.28801800
  0.26843209
  0.23352194
  0.19580709
  0.16359598
  0.13399981
  0.10083609
  0.06912336
  0.03812446
  0.01110253
 -0.01759965
 -0.04582740
 -0.07330789
 -0.10000802
 -0.12584730
 -0.15070639
 -0.17443658
 -0.19688455
 -0.22536775
 -0.24955071
 -0.27823393
 -0.24763507
 -0.30833907
 -0.37149324
 -0.40158468
 -0.43175725
 -0.46186445
 -0.51735932
 -0.47162046
 -0.43795956
 -0.40428018
 -0.37098928
 -0.33722110
 -0.30350663
 -0.26983756
 -0.23617265
 -0.20247948
 -0.16905001
 -0.13498265
 -0.10104799
 -0.06725725
 -0.03358464
