  3.11834103
  3.11834103
  3.11834103
  3.11834282
  3.11834461
  3.11914336
  3.12301534
  3.12764373
  3.13132966
  3.13271125
  3.13065317
  3.12418637
  3.11247427
  3.09479422
  3.06747486
  3.03424730
  2.99521030
  2.95049762
  2.90028412
  2.84478947
  2.78427786
  2.71905556
  2.64945716
  2.55091800
  2.47241089
  2.42611590
  2.39792886
  2.38715886
  2.36243889
  2.32463710
  2.29024057
  2.25942471
  2.23237375
  2.20928147
  2.19035122
  2.17579721
  2.16584544
  2.16073508
  2.16072049
  2.16697336
  2.17985199
  2.19974182
  2.22705824
  2.26225047
  2.30580713
  2.35826010
  2.42019803
  2.49226973
  2.56972678
  2.64938023
  2.74805858
  2.86984471
  2.98259229
  3.08595895
  3.17999800
  3.26471825
  3.34007693
  3.40598927
  3.46234089
  3.50901179
  3.54599232
  3.58817471
  3.64221785
  3.70897729
  3.78899458
  3.85473510
  3.90674701
  3.95340697
  4.00093295
  4.05518717
  4.12307163
  4.17970409
  4.22411181
  4.25620233
  4.27508671
  4.28105074
  4.28178851
  4.28240487
  4.28293899
  4.28341071
  4.28383326
  4.28421652
  4.28457885
  4.29484423
  4.31847761
  4.35569782
  4.40676855
  4.47205874
  4.55207231
  4.64748240
  4.75914445
  4.88814607
  5.03582269
  5.21312233
  5.34734397
  5.45329983
  5.54536241
  5.63335642
  5.72359666
  5.79836013
  5.85767546
  5.90187383
  5.93119933
  5.94581950
  5.94581733
  5.94577710
  5.94573734
  5.94569807
  5.94565926
  5.94562090
  5.94558300
  5.94554552
  5.94550847
  5.94547183
  5.94543561
  5.94539978
  5.94536433
  5.94532924
  5.94529452
  5.94526015
  5.94522611
  5.94519241
  5.94515902
  5.94514113
  5.94843391
  5.94840660
  5.94837446
  5.94834262
  5.94833824
  5.95655832
  5.97280630
  5.99691306
  6.02873557
  6.06815549
  6.11535350
  6.15413723
  6.18442150
  6.20661210
  6.22108106
  6.22816463
  6.22816211
  6.22813713
  6.22811244
  6.22810409
  6.23097855
  6.23675724
  6.23966077
  6.23965070
  6.23962768
  6.23960487
  6.23959736
  6.24228223
  6.24758567
  6.25378002
  6.25978051
  6.26581025
  6.27361816
  6.28410413
  6.29705558
  6.30752341
  6.31525941
  6.32032907
  6.32281649
  6.32280637
  6.32277059
  6.32273855
  6.32270953
  6.32268296
  6.32265844
  6.32263564
  6.32261433
  6.32259429
  6.32257538
  6.32257400
  6.34406742
  6.38475086
  6.44253360
  6.51483682
  6.60143073
  6.69972883
  6.81276472
  6.91110781
  6.99356605
  7.04928173
  7.08557741
  7.10653661
  7.11696770
  7.12071223
  7.12126123
  7.12125488
  7.12348375
  7.13067752
  7.14558708
  7.17107458
  7.21020581
  7.26635868
  7.34337106
  7.43827643
  7.54336490
  7.66052923
  7.74658788
  7.84642264
  7.94870291
  8.03475185
  8.10298133
  8.15151657
  8.17957397
  8.17953469
  8.17912128
  8.17863114
  8.17577569
  8.15552510
  8.12086640
  8.07469127
  8.01982465
  7.95916808
  7.90988216
  7.87953683
  7.86296977
  7.85576073
  7.85398163
