  0.00000000
 -0.00182905
  0.00091653
 -0.25862648
 -0.49972383
 -0.49991174
 -0.49993491
 -0.49994195
 -0.49994209
 -0.49993630
 -0.49992103
 -0.49987904
 -0.49961467
 -0.00007640
 -0.00001338
 -0.00000946
 -0.00000683
 -0.00000493
 -0.00000345
 -0.00000222
 -0.00000112
  0.00007658
  0.49994796
  0.49997163
  0.49996501
  0.49995009
  0.49987469
  0.49994329
  0.49996241
  0.49995971
  0.49995670
  0.49995330
  0.49994942
  0.49994497
  0.49993979
  0.49993370
  0.49992644
  0.49993177
  0.49992305
  0.49991215
  0.49989815
  0.49987958
  0.49985390
  0.49981633
  0.49975676
  0.49964950
  0.49940498
  0.49874217
  0.49762432
  0.49556736
 -0.47810171
 -0.49561263
 -0.49693023
 -0.49718738
 -0.49702408
 -0.49647239
 -0.49528391
 -0.49254016
 -0.48339195
  0.19854878
  0.47664832
  0.48141963
  0.44716747
 -0.48818836
 -0.49125961
 -0.34485349
 -0.00626896
  0.23757547
  0.42173607
 -0.48452673
 -0.49120257
 -0.49169458
 -0.48981489
 -0.48191162
 -0.19518775
 -0.00452282
 -0.00306456
 -0.00232515
 -0.00183225
 -0.00146346
 -0.00078319
  0.36802744
  0.49405202
  0.49710439
  0.49810725
  0.49858490
  0.49884372
  0.49898063
  0.49902429
  0.49895322
  0.49860377
  0.49567615
 -0.49856367
 -0.49919008
 -0.49935845
 -0.49949505
 -0.49964496
 -0.49979007
 -0.49983843
 -0.49986805
 -0.49988846
 -0.49990351
 -0.49991518
 -0.00612773
  0.00007717
  0.00007709
  0.00007523
  0.00007341
  0.00007164
  0.00006988
  0.00006786
  0.00006663
  0.00008138
  0.00002216
  0.00001897
  0.00001706
  0.00001542
  0.00001385
  0.00001235
  0.00001091
  0.00001010
  0.00278178
  0.49700002
 -0.48670797
 -0.00088824
  0.00000420
  0.00519034
  0.49984759
  0.49981801
  0.49977388
  0.49970045
  0.49955298
  0.49910153
 -0.47826411
 -0.49916538
 -0.49957096
 -0.49971009
 -0.49978065
 -0.49982350
 -0.00503806
  0.00000888
  0.00393672
  0.49891480
  0.49771118
 -0.48170757
 -0.49818904
 -0.00316464
 -0.00000618
  0.00398181
  0.49896953
  0.49793667
  0.36239932
 -0.20976168
 -0.01321222
  0.36820949
  0.48325158
  0.47843699
 -0.43139265
 -0.49092560
 -0.49599756
 -0.49765793
 -0.49843908
 -0.00686575
  0.00087093
  0.00069543
  0.00056055
  0.00046139
  0.00038518
  0.00032504
  0.00027670
  0.00023834
  0.00559456
  0.49998332
  0.49998141
  0.49997870
  0.49997466
  0.49996758
  0.49995226
  0.49989402
  0.00018451
 -0.00005711
 -0.49963959
 -0.49989967
 -0.49993598
 -0.49994788
 -0.49995298
 -0.49995284
 -0.49995464
 -0.49995478
 -0.49995190
 -0.49994687
 -0.49993837
 -0.49992318
 -0.49989154
 -0.49979437
 -0.19933862
  0.00001724
  0.00006771
  0.49852169
  0.21647843
  0.40508801
  0.49917083
  0.49947679
  0.49955655
  0.49957258
  0.49957002
  0.00812510
  0.00253420
  0.06121272
  0.49109315
  0.49525933
  0.49622392
  0.49611644
  0.49422096
 -0.05604251
 -0.49561810
 -0.49777159
 -0.49842221
 -0.49869302
 -0.49880120
  0.00000000
