 20.41162228
 20.41162228
 20.41162228
 20.42584855
 20.45430219
 20.49895274
 20.57051325
 20.61777515
 20.64390153
 20.65139813
 20.64237896
 20.61871814
 20.58214042
 20.53428046
 20.46947898
 20.39079515
 20.29863381
 20.19359757
 20.07653460
 19.94857914
 19.81117543
 19.66608546
 19.51535725
 19.30913759
 19.12455599
 19.00375499
 18.92467300
 18.89288157
 18.81832859
 18.69817583
 18.57818483
 18.45844055
 18.33892129
 18.21949317
 18.09990219
 17.97977075
 17.85859287
 17.73572550
 17.60043743
 17.46131329
 17.31705889
 17.16622556
 17.00721853
 16.83831883
 16.65771458
 16.46355981
 16.25402087
 16.02739820
 15.79841863
 15.57468232
 15.30943872
 14.99804503
 14.66485166
 14.31480901
 13.95220422
 13.58067037
 13.20315039
 12.82187277
 12.43835098
 12.05340957
 11.66715455
 11.27880715
 10.89040623
 10.50524953
 10.12505408
  9.77435974
  9.45547684
  9.13911900
  8.83076426
  8.53077717
  8.23449003
  7.95810749
  7.70121870
  7.45875002
  7.23092064
  7.01179358
  6.79519854
  6.57895073
  6.36299177
  6.14728438
  5.93179547
  5.71651303
  5.50138162
  5.28606586
  5.07560765
  4.87636894
  4.69498032
  4.53846950
  4.41439151
  4.33091284
  4.29685002
  4.32152983
  4.41447685
  4.59429603
  4.82828071
  5.08535017
  5.37013648
  5.70655138
  6.13460112
  6.59223541
  7.07024381
  7.56249798
  8.06418858
  8.57161669
  8.80685757
  9.04191733
  9.27696735
  9.51200848
  9.74704231
  9.98207036
 10.21709398
 10.45211420
 10.68712628
 10.92214358
 11.15765765
 11.39154118
 11.62370987
 11.85414278
 12.08283028
 12.30976768
 12.53495226
 12.75838236
 12.98005698
 13.21316872
 13.45001902
 13.66642089
 13.88103658
 14.09389150
 14.45833342
 14.81771909
 15.17304738
 15.52516209
 15.87471496
 16.22211340
 16.56952477
 16.91518436
 17.25668095
 17.59319352
 17.92423522
 18.24958205
 18.43158375
 18.61167667
 18.79000082
 18.99400462
 19.19570590
 19.39819791
 19.59870397
 19.76708495
 19.93357728
 20.09825940
 20.28763874
 20.47459775
 20.65901980
 20.81682616
 20.99346118
 21.17297076
 21.34885823
 21.52797478
 21.70511572
 21.87980751
 22.05177626
 22.22095417
 22.38736057
 22.53142966
 22.67332992
 22.81315519
 22.95092429
 23.08658441
 23.22013302
 23.35157255
 23.48090475
 23.60813093
 23.73325212
 24.19313130
 24.62551762
 25.02933422
 25.40324401
 25.74240164
 26.05246633
 26.32602177
 26.57150100
 26.77303501
 26.93149184
 27.05551618
 27.15207947
 27.22215941
 27.26914719
 27.29476987
 27.30220082
 27.29042851
 27.25977461
 27.21086061
 27.14466879
 27.06279059
 26.96768720
 26.86298693
 26.75383723
 26.64369775
 26.54292040
 26.45787934
 26.41027198
 26.37722190
 26.37441380
 26.41239554
 26.49002000
 26.60383938
 26.75551068
 26.90636795
 27.04644181
 27.17558552
 27.29392242
 27.40057499
 27.49071474
 27.56187838
 27.61358178
 27.64700785
 27.66475685
 27.67229851
 27.67488053
 27.67548504
 27.67554479
