 22.93583535
 22.93583535
 22.93583535
 22.93550451
 22.93484285
 22.93380462
 22.93219787
 22.93131977
 22.93095531
 22.93087837
 22.93095847
 22.93121732
 22.93185407
 22.93324807
 22.93628289
 22.94212547
 22.95205673
 22.96754296
 22.99018944
 23.02167980
 23.06370294
 23.11787087
 23.18564115
 23.29620258
 23.41997068
 23.51551499
 23.58424489
 23.61348761
 23.68356090
 23.80222239
 23.93003605
 24.06671717
 24.21193526
 24.36531655
 24.52644870
 24.69487995
 24.87011820
 25.05163484
 25.25371811
 25.46153799
 25.67413354
 25.89037767
 26.10894378
 26.32825633
 26.54643442
 26.76121170
 26.96988683
 27.16921026
 27.34303698
 27.48703470
 27.62926758
 27.75855570
 27.85139686
 27.90752746
 27.92772123
 27.91344521
 27.86672642
 27.79003901
 27.68620625
 27.55832098
 27.40965260
 27.24344428
 27.05746007
 26.84673552
 26.60444275
 26.33927849
 26.06344242
 25.75964068
 25.43454874
 25.08656183
 24.70258609
 24.28919099
 23.85343867
 23.39696450
 22.93267771
 22.46394562
 21.99333406
 21.52256281
 21.05165548
 20.58063291
 20.10950053
 19.63829331
 19.16693888
 18.69472760
 18.22032837
 17.74096821
 17.25418883
 16.75812497
 16.25182232
 15.73558018
 15.21152018
 14.68405573
 14.16067437
 13.62423003
 13.19666961
 12.84773710
 12.53641375
 12.23057677
 11.90528760
 11.61863628
 11.36684099
 11.14375266
 10.94260777
 10.75623924
 10.67372244
 10.59126861
 10.50880756
 10.42633915
 10.34386292
 10.26137848
 10.17888547
 10.09638364
 10.01387477
  9.93135429
  9.84864971
  9.76650819
  9.68495959
  9.60401149
  9.52366751
  9.44392954
  9.36479875
  9.28627594
  9.20836169
  9.12641874
  9.04315691
  8.96788315
  8.89322413
  8.81916996
  8.69236427
  8.56731611
  8.44694490
  8.33400563
  8.23111200
  8.14075797
  8.06488107
  8.00631767
  7.96200207
  7.92865846
  7.90326001
  7.88302870
  7.87300469
  7.86308536
  7.85325899
  7.84201241
  7.83089109
  7.82031017
  7.81099456
  7.80366123
  7.79640848
  7.78923078
  7.78097228
  7.77281791
  7.76527020
  7.75965006
  7.75445463
  7.75025258
  7.74719626
  7.74548260
  7.74564547
  7.74806876
  7.75225507
  7.75768328
  7.76386719
  7.76957985
  7.77520508
  7.78074304
  7.78619515
  7.79155986
  7.79683751
  7.80202859
  7.80713348
  7.81215254
  7.81708604
  7.83521015
  7.85225015
  7.87686582
  7.91497332
  7.96947966
  8.04261960
  8.13274057
  8.24134874
  8.35931713
  8.47434691
  8.58103152
  8.67393728
  8.74644050
  8.79713751
  8.82536787
  8.83361694
  8.82053410
  8.78646816
  8.73186534
  8.65689703
  8.56132766
  8.44441846
  8.30489796
  8.14103866
  7.94441741
  7.71612049
  7.45120138
  7.20818560
  6.90162293
  6.53014030
  6.13035580
  5.70563381
  5.25801352
  4.76338589
  4.31654369
  3.90158840
  3.51849002
  3.16688025
  2.84696885
  2.55715665
  2.29687210
  2.06642843
  1.86672706
  1.69861139
  1.56383958
  1.46282459
  1.39557006
  1.36198547
