 -1.54263476
 -1.54263476
 -1.54263476
 -1.54244507
 -1.54172956
 -1.54023028
 -1.53782371
 -1.53465064
 -1.53118137
 -1.52797154
 -1.52555035
 -1.52444045
 -1.52520995
 -1.52781091
 -1.53203882
 -1.53748795
 -1.54368203
 -1.55024014
 -1.55691234
 -1.56355532
 -1.57010197
 -1.57652965
 -1.58281855
 -1.58888379
 -1.59444612
 -1.59878065
 -1.60041110
 -1.59702812
 -1.58941481
 -1.58144332
 -1.57767276
 -1.57930429
 -1.58526538
 -1.59425088
 -1.60504372
 -1.61613881
 -1.62507276
 -1.62917734
 -1.62647140
 -1.61981973
 -1.61265662
 -1.60632672
 -1.60096309
 -1.59628847
 -1.59217603
 -1.58845259
 -1.58502453
 -1.58182872
 -1.57882453
 -1.57597879
 -1.57327283
 -1.57069065
 -1.56821707
 -1.56583934
 -1.56354523
 -1.56134188
 -1.55920611
 -1.55713934
 -1.55494209
 -1.54699091
 -1.52667219
 -1.49296068
 -1.44504485
 -1.38203249
 -1.30293287
 -1.20557737
 -1.09845421
 -0.98640492
 -0.85920891
 -0.70538278
 -0.52963990
 -0.33363852
 -0.14146960
  0.00456068
  0.12162066
  0.22156241
  0.31267895
  0.40151173
  0.49407186
  0.57970931
  0.65101413
  0.70865745
  0.75335008
  0.78574288
  0.80646287
  0.81611849
  0.81616136
  0.79760683
  0.76147118
  0.70857819
  0.64010153
  0.58399188
  0.53571292
  0.49041958
  0.45990874
  0.44539826
  0.44545765
  0.45580677
  0.47563500
  0.50422160
  0.54090600
  0.58508720
  0.63620735
  0.69376409
  0.75729146
  0.82630372
  0.90006083
  0.97742889
  1.04384605
  1.09653406
  1.13777631
  1.16947283
  1.19321554
  1.21036640
  1.22211658
  1.22953155
  1.23358444
  1.23518077
  1.23517776
  1.23505285
  1.23487776
  1.23470180
  1.23475622
  1.23526075
  1.23594388
  1.23644500
  1.23640406
  1.23628253
  1.23615710
  1.23603048
  1.23602209
  1.23863497
  1.24457248
  1.25455862
  1.26934705
  1.28973321
  1.31654159
  1.35074899
  1.39334764
  1.44552055
  1.50851098
  1.57120938
  1.62910675
  1.68180871
  1.72895804
  1.77018602
  1.80509437
  1.83328289
  1.85474788
  1.86826733
  1.87338080
  1.87367626
  1.87391375
  1.87411464
  1.87428782
  1.87443942
  1.87457386
  1.87470193
  1.88616196
  1.91103217
  1.94379677
  1.99056644
  2.04982435
  2.12109234
  2.20741008
  2.31738338
  2.45144310
  2.60886346
  2.79078491
  3.02503703
  3.19397449
  3.32988822
  3.45698610
  3.59487110
  3.71906726
  3.82477585
  3.91369006
  3.98719463
  4.04639260
  4.09223600
  4.12558209
  4.14717895
  4.15769194
  4.15771168
  4.11938431
  4.04614756
  3.94079402
  3.80556365
  3.64221725
  3.44619230
  3.26932028
  3.11140928
  2.97194706
  2.85046455
  2.74293939
  2.67572752
  2.63544122
  2.61340747
  2.60336968
  2.60038835
  2.60027467
  2.59925395
  2.59374971
  2.58022812
  2.55506214
  2.51440550
  2.45406383
  2.36359445
  2.25953269
  2.13796450
  2.03047753
  1.92914237
  1.86639996
  1.82957127
  1.81017423
  1.80197455
  1.80000000
