  3.01452785
  3.01452785
  3.01452785
  3.01496846
  3.01584505
  3.01713371
  3.01878065
  3.02070185
  3.02279516
  3.02496378
  3.02714722
  3.02935411
  3.03169202
  3.03439037
  3.03781395
  3.04246528
  3.04897444
  3.05807432
  3.07055300
  3.08716076
  3.10859681
  3.13549166
  3.16837449
  3.20763055
  3.25355668
  3.30634807
  3.36608615
  3.43284909
  3.50676233
  3.58800085
  3.67680511
  3.77347277
  3.87832510
  3.99166066
  4.11368509
  4.24449625
  4.38405006
  4.53221282
  4.68902028
  4.85546011
  5.03518074
  5.23648068
  5.47337355
  5.76665738
  6.14403895
  6.61670593
  7.19373899
  7.86696298
  8.63278559
  9.46031800
 10.32183669
 11.19477276
 12.07000361
 12.94475805
 13.81949088
 14.69507795
 15.57324483
 16.45304389
 17.33541399
 18.21641229
 19.08580547
 19.91999698
 20.68914611
 21.21558671
 21.60392857
 21.86423177
 22.01930594
 22.09803676
 22.13110245
 22.14860314
 22.17782330
 22.23807163
 22.30829456
 22.36015650
 22.36341379
 22.28614326
 22.09232636
 21.75337020
 21.24845995
 20.61536894
 19.89792110
 19.12673078
 18.35836985
 17.63059292
 16.96716468
 16.36044156
 15.80160747
 15.27724256
 14.77568865
 14.29235776
 13.79288729
 13.32811665
 12.90914111
 12.54639095
 12.24997350
 12.02927572
 11.88777229
 11.83573269
 11.85499845
 11.92679079
 12.03388548
 12.16149702
 12.29748083
 12.44114575
 12.57168553
 12.68299867
 12.77226361
 12.83830953
 12.88087298
 12.90018649
 12.89673563
 12.87108713
 12.82374861
 12.75504659
 12.66502597
 12.55338866
 12.41950516
 12.26253004
 12.07252742
 11.82540208
 11.58366804
 11.38449481
 11.22800305
 11.11275588
 11.03720290
 11.00000000
