  0.02310491
  0.02310491
  0.02400009
  0.02425986
  0.02429809
  0.02436007
  0.02444873
  0.02456058
  0.02346415
  0.03002186
  0.05363644
  0.08298269
  0.09139867
  0.06875057
  0.04199417
  0.02414308
  0.03895235
  0.14888749
  0.29046090
  0.45774045
  0.61842826
  0.73990306
  0.61205432
  0.53970176
  0.53231847
  0.58472057
  0.56721502
  0.46657693
  0.35857403
  0.24421108
  0.12377465
  0.02027028
  0.02310494
  0.05789714
  0.10374843
  0.20788118
  0.31417536
  0.41422356
  0.50680159
  0.58871718
  0.53165613
  0.51015513
  0.56110718
  0.55323144
  0.46595393
  0.36916354
  0.26262258
  0.14414758
  0.02267959
  0.02310488
  0.19704866
  0.31602287
  0.42358848
  0.52230241
  0.61347391
  0.60244700
  0.56367495
  0.47249468
  0.37380442
  0.26597415
  0.14643980
  0.02310482
  0.02310500
  0.02310500
  0.02310500
  0.02310500
  0.02310499
  0.02310486
  0.16810962
  0.28507615
  0.38894205
  0.48258360
  0.56809620
  0.64387992
  0.60734694
  0.51309987
  0.47345395
  0.50166993
  0.44740031
  0.35648161
  0.25434515
  0.14040477
  0.02310496
  0.02310496
  0.02310496
  0.02310497
  0.06478063
  0.02268717
  0.02718077
  0.04283076
  0.03883839
  0.03346712
  0.02886517
  0.02941201
  0.02626930
  0.04927053
  0.04555515
  0.02423836
  0.02320668
  0.04989936
  0.08402133
  0.11476817
  0.14295601
  0.16936681
  0.17832305
  0.15933323
  0.14182328
  0.12355422
  0.09121689
  0.06016007
  0.03811227
  0.02409223
  0.02096989
  0.02310987
  0.02132662
  0.02355932
  0.03774826
  0.06154968
  0.09620659
  0.09075067
  0.07985774
  0.06340519
  0.04091295
  0.02317132
  0.02393061
  0.02437436
  0.02663555
  0.02663731
  0.02967335
  0.03288054
  0.03656494
  0.05954390
  0.12271281
  0.17608326
  0.14057490
  0.06828389
  0.02238574
  0.02173105
  0.02181925
  0.02188105
  0.02191154
  0.02192382
  0.02220126
