  0.01155245
  0.01155245
  0.04112432
  0.07943828
  0.11895570
  0.15854250
  0.19806809
  0.23751647
  0.29187766
  0.33465247
  0.37700896
  0.41904349
  0.46740661
  0.51227167
  0.55742199
  0.57458031
  0.61649575
  0.65728653
  0.69769973
  0.73572873
  0.73358995
  0.69600332
  0.65265132
  0.63561082
  0.66302656
  0.72393673
  0.75569251
  0.78843928
  0.82225154
  0.85689254
  0.89218731
  0.92004855
  1.17138537
  0.91175254
  0.89871024
  0.86869745
  0.83710644
  0.80646672
  0.77729274
  0.75060614
  0.76590276
  0.77099086
  0.75668117
  0.76208848
  0.79021490
  0.82045968
  0.85276927
  0.88755532
  0.90128944
  1.24419377
  0.87387354
  0.83829534
  0.80508986
  0.77370031
  0.74356579
  0.69672908
  0.76020201
  0.78965870
  0.82062265
  0.85347567
  0.88876068
  0.99724024
  0.99772977
  0.99807119
  0.99823831
  0.99827626
  0.99836389
  1.06361741
  0.87815669
  0.84420452
  0.81296205
  0.78391339
  0.75663136
  0.73180496
  0.74328210
  0.75052294
  0.77646139
  0.77473020
  0.79451476
  0.82273446
  0.85335798
  0.88634239
  1.04411278
  1.04432650
  1.05210616
  1.02364055
  0.90314367
  0.90330326
  0.89257419
  0.88144306
  0.85988840
  0.83525383
  0.80738222
  0.77862546
  0.75294795
  0.71711270
  0.69967930
  0.61458071
  0.70653958
  0.65988962
  0.61322000
  0.56655037
  0.51987009
  0.47318051
  0.42661269
  0.37838185
  0.33334108
  0.28660836
  0.23988523
  0.19313645
  0.14640082
  0.09971186
  0.05363087
  0.01495962
  0.00141247
  0.00008954
  0.00000548
  0.00000033
  0.00000002
  0.00000000
  0.00000000
  0.00000000
  0.00000000
  0.00000000
  0.00000000
  0.00000000
  0.00000000
  0.00000000
 -0.00000000
  0.00000000
  0.00000000
  0.00000000
  0.00000000
  0.00000000
  0.00000000
  0.00000000
  0.00000000
  0.00000000
  0.00000006
  0.00000075
  0.00000917
  0.00011206
  0.00131696
