 -2.92292371
 -2.92292371
 -2.92292371
 -2.92212752
 -2.92112464
 -2.92010024
 -2.91903689
 -2.91791553
 -2.91672071
 -2.91640205
 -2.93613639
 -2.98143643
 -3.05832581
 -3.14427437
 -3.20584393
 -3.23860722
 -3.23778732
 -3.23008926
 -3.18832899
 -3.10403733
 -2.96996096
 -2.78754040
 -2.56736197
 -2.38463453
 -2.22350559
 -2.06529082
 -1.89275212
 -1.72627873
 -1.59062140
 -1.48768203
 -1.41901970
 -1.38607315
 -1.39021181
 -1.39021179
 -1.37678964
 -1.34975188
 -1.29191200
 -1.20234025
 -1.08261288
 -0.93471755
 -0.76167039
 -0.60608821
 -0.45705119
 -0.29243206
 -0.13030341
  0.00513234
  0.11124115
  0.18538221
  0.22433730
  0.22398000
  0.22397998
  0.27858689
  0.36868961
  0.49122657
  0.64383273
  0.82449320
  1.00309944
  1.16840057
  1.30579720
  1.41328044
  1.48840337
  1.52802491
  1.52802484
  1.52802491
  1.52802498
  1.52802505
  1.52802512
  1.52802519
  1.52802516
  1.57408383
  1.65495770
  1.76705981
  1.90758404
  2.07429797
  2.26442005
  2.44324918
  2.59362642
  2.73158033
  2.87799922
  3.00782181
  3.11013317
  3.18182366
  3.21968583
  3.21968587
  3.21968592
  3.21968596
  3.21968601
  3.23520313
  3.22421476
  3.20763052
  3.21634319
  3.22371325
  3.22910789
  3.21062497
  3.19153347
  3.17602787
  3.13542772
  3.09882794
  3.09970976
  3.09979432
  3.05851722
  2.98050982
  2.86940571
  2.72795946
  2.55808395
  2.37856770
  2.21949259
  2.07926565
  1.95870401
  1.87295112
  1.82062876
  1.79206025
  1.77946364
  1.77619003
  1.77619483
  1.77363620
  1.76250892
  1.73623863
  1.68718005
  1.60597729
  1.53167082
  1.46895696
  1.42234708
  1.39652264
  1.39659473
  1.39741588
  1.39862872
  1.38671523
  1.38956972
  1.39415627
  1.40026501
  1.40794659
  1.42405878
  1.46161244
  1.51719716
  1.56078570
  1.57989851
  1.57904003
  1.57714822
  1.57546371
  1.57391823
  1.57245075
  1.57102786
  1.57000000
