  0.00000000
  0.00000000
  0.17238247
  0.34472229
  0.51707925
  0.68942904
  0.86172110
  1.03392378
  1.20602170
  1.38732980
  1.56802877
  1.74812445
  1.92765985
  2.10924803
  2.29111071
  2.47326900
  2.64716270
  2.82145225
  2.99575444
  3.16995872
  3.34349891
  3.50745406
  3.65560935
  3.78877183
  3.91378577
  4.03994858
  4.17332804
  4.30795617
  4.44381173
  4.58082625
  4.71875608
  4.85691578
  4.99115396
  4.99295102
  4.99271456
  4.99213978
  4.99147500
  4.99080168
  4.99019321
  4.98961387
  4.99002566
  4.99014063
  4.98979088
  4.98960325
  4.98993981
  4.99022868
  4.99040249
  4.99042694
  4.99279484
  4.99499479
  4.98411062
  4.98547940
  4.98700853
  4.98844939
  4.98937827
  4.98772308
  4.98774896
  4.98666163
  4.98558778
  4.98456654
  4.98385676
  4.99407757
  4.99412301
  4.99412716
  4.99412914
  4.99412960
  4.99413183
  4.99452936
  4.99210585
  4.99156552
  4.99096579
  4.99032316
  4.98968218
  4.98908957
  4.98922021
  4.98960958
  4.99028735
  4.99024279
  4.99057859
  4.99113437
  4.99171730
  4.99229276
  4.99462905
  4.99463453
  4.99280119
  4.85370206
  4.69980597
  4.55827106
  4.41146471
  4.26110423
  4.10707093
  3.95096596
  3.79319654
  3.63424043
  3.47415648
  3.31214694
  3.15024900
  2.98411245
  2.83005809
  2.64319258
  2.45629340
  2.26936404
  2.08240248
  1.89541026
  1.70838933
  1.52128762
  1.33492001
  1.14779437
  0.96065680
  0.77350412
  0.58635980
  0.39922494
  0.21210039
  0.02498700
 -0.16202571
 -0.34901137
 -0.53596374
 -0.72287170
 -0.90971588
 -1.09666002
 -1.28357001
 -1.47043610
 -1.65724615
 -1.84398279
 -2.01134255
 -2.18096342
 -2.35040820
 -2.51918939
 -2.68411964
 -2.50507612
 -2.32415963
 -2.14296755
 -1.96190520
 -1.78109686
 -1.60038545
 -1.41906597
 -1.23763482
 -1.06063399
 -0.88378875
 -0.70693679
 -0.53010324
 -0.35332051
 -0.17663837
  0.00000000
