 19.60268949
 19.60268949
 19.60268949
 19.59408875
 19.57682545
 19.55081436
 19.51598509
 19.47226692
 19.41958182
 19.35449849
 19.27977322
 19.20285817
 19.13603229
 19.09715777
 19.09853154
 19.13432198
 19.18997724
 19.24918943
 19.30728116
 19.33987722
 19.31225318
 19.18696314
 18.94565770
 18.59114466
 18.15466220
 17.62792654
 16.99071111
 16.27384731
 15.49491902
 14.67282906
 13.81889452
 12.93696377
 12.03256788
 10.88023055
  9.98330413
  9.10145400
  8.25389284
  7.44912954
  6.69678921
  6.01029490
  5.40648381
  4.87791038
  4.43871020
  4.10478385
  3.88508755
  3.78241099
  3.78662185
  3.88128936
  4.04488551
  4.24538664
  4.52173695
  4.71583470
  4.94636365
  5.23651273
  5.60147318
  6.04780989
  6.55935103
  7.20030895
  7.92689398
  8.71887093
  9.56178057
 10.44752623
 11.44385444
 12.44067173
 13.43783013
 14.43515549
 15.43251878
 16.42996961
 17.49261429
 18.36996787
 19.21416783
 20.02425242
 20.79311630
 21.50724091
 22.14822770
 22.71976282
 23.20231141
 23.60681076
 23.91563421
 24.12264626
 24.23237619
 24.25921797
 24.22356914
 24.14211391
 24.06064196
 23.97856305
 23.89870480
 23.82824695
 23.74381174
 23.67014926
 23.61198294
 23.54776567
 23.47925119
 23.40868310
 23.35497546
 23.31738825
 23.29269920
 23.29701265
 23.32328701
 23.35287028
 23.38044454
 23.43132947
 23.52219685
 23.66195795
 23.85214754
 24.08719214
 24.34869595
 24.61432617
 24.86467591
 25.08673826
 25.27112500
 25.41297817
 25.51021807
 25.56201927
 25.56812286
 25.52854925
 25.44327159
 25.31204384
 25.13425221
 24.90878199
 24.63528715
 24.31521679
 23.95015915
 23.54111501
 23.13457621
 22.68474631
 22.19658542
 21.67024835
 21.10500135
 20.46317849
 19.86399059
 19.30813695
 18.79594654
 18.32683669
 17.89932031
 17.51226150
 17.16844756
 16.87595038
 16.62553830
 16.41689222
 16.25002964
 16.12495164
 16.04163857
 16.00000000
