  0.00000000
  0.74999690
  0.74999672
  0.74999646
  0.74999611
  0.74999561
  0.74999500
  0.74999427
  0.74999344
  0.74999252
  0.74999150
  0.74998585
  0.74998455
  0.74998299
  0.74998108
  0.74997869
  0.74997561
  0.74997491
  0.74996784
  0.74995447
  0.74992045
  0.74966839
 -0.74986651
 -0.74994553
 -0.74996597
 -0.74998152
 -0.74998614
 -0.74998901
 -0.74999098
 -0.74999244
 -0.74999366
 -0.74999493
 -0.74999560
 -0.74999609
 -0.74999647
 -0.74999669
 -0.74999682
 -0.74999690
 -0.74999695
 -0.74999696
 -0.74999708
 -0.74999704
 -0.74999697
 -0.74999687
 -0.74999672
 -0.74999652
 -0.74999638
 -0.74999613
 -0.74999585
 -0.74999554
 -0.74999483
 -0.74999473
 -0.74999470
 -0.74999420
 -0.74999358
 -0.74999277
 -0.74999179
 -0.74999042
 -0.74998850
 -0.74998561
 -0.74998081
 -0.74997117
 -0.74994222
 -0.06702948
  0.74994757
  0.74997382
  0.74998256
  0.74998692
  0.74998954
  0.74999129
  0.74999253
  0.74999347
  0.74999419
  0.74999478
  0.74999525
  0.74999565
  0.74999598
  0.74999627
  0.74999652
  0.74999674
  0.74999693
  0.74999711
  0.74999726
  0.74999740
  0.74999752
  0.74999764
  0.00000000
