  0.00490165
  0.24901724
  0.24901656
  0.24924790
  0.24922955
  0.24921193
  0.24919327
  0.24919144
  0.24920656
  0.24921662
  0.24922706
  0.24925240
  0.24924922
  0.24925018
  0.24926031
  0.24928758
  0.24590377
  0.24184470
  0.19864939
  0.18954156
  0.24657224
  0.24943869
  0.24943054
  0.24941879
  0.24940383
  0.24939318
  0.24937794
  0.24935220
  0.24943121
  0.24937799
  0.24931352
  0.24924318
  0.24950944
  0.24937525
  0.24921499
  0.24901927
  0.24877252
  0.24848284
  0.24794392
  0.24702917
  0.24528773
  0.24211033
  0.23781082
  0.23588719
  0.23561234
  0.23550173
  0.24633269
  0.24703602
  0.24762736
  0.24648746
  0.24488420
  0.24291875
  0.24087564
