  0.02310491
  0.02310491
  0.02143648
  0.02176705
  0.03047460
  0.04564269
  0.06726150
  0.06303974
  0.05531264
  0.04425822
  0.02989604
  0.02313414
  0.03056866
  0.05292019
  0.07948564
  0.11096898
  0.09492417
  0.07259516
  0.04856273
  0.02530881
  0.05209518
  0.04613253
  0.03838951
  0.03719553
  0.04057127
  0.06398342
  0.12446502
  0.05710640
  0.02604865
  0.05026820
  0.07244927
  0.09255048
  0.11091967
  0.12769098
  0.15340247
  0.13723886
  0.12082156
  0.10781487
  0.07231980
  0.04761711
  0.03075281
  0.02164353
  0.02157562
  0.02310301
  0.02146078
  0.02192469
  0.03044372
  0.04562842
  0.06673479
  0.09478105
  0.12048816
  0.13686180
  0.13937551
  0.14368639
  0.12096151
  0.09316895
  0.05939961
  0.02210244
  0.02795700
  0.08423440
  0.14932817
  0.21844960
  0.33452537
  0.31048265
  0.36288789
  0.50967399
  0.43147476
  0.34032326
  0.23328934
  0.12789964
  0.03828248
  0.12044540
  0.22607071
  0.09227425
  0.02983437
  0.04114094
  0.03605243
  0.03223655
  0.02974629
  0.02884277
  0.02856931
  0.02867423
  0.02896548
  0.02576527
  0.02708057
  0.02415619
  0.02516132
  0.02832122
  0.02522018
  0.02190908
