  0.00000000
  0.00000000
 -0.01305009
 -0.00779648
 -0.09074089
 -0.20840879
 -0.32766542
 -0.44755458
 -0.56781980
 -0.68822003
 -0.69964132
 -0.68619078
 -0.56158410
 -0.44888614
 -0.34894767
 -0.24816774
 -0.12469842
  0.00004722
 -0.06013359
  0.00010518
 -0.07528320
 -0.15010958
 -0.19095029
 -0.09574601
  0.00010163
  0.00048513
  0.00048988
  0.00012775
 -0.07287205
 -0.14596184
 -0.07438380
  0.00024309
  0.00065170
  0.00010137
 -0.08657953
 -0.17346770
 -0.26051084
 -0.34762089
 -0.35498830
 -0.27412014
 -0.20238041
 -0.12811455
 -0.03467369
  0.05916771
  0.15293820
  0.24664973
  0.34010032
  0.43337709
  0.52632941
  0.61313460
  0.50599572
  0.40146554
  0.29893846
  0.19796366
  0.09822896
 -0.00049072
 -0.09020394
 -0.17922611
 -0.26946227
 -0.35809419
 -0.44557799
 -0.53182888
 -0.61668831
 -0.69965079
 -0.69979730
 -0.69981088
 -0.69981850
 -0.69982087
 -0.69981799
 -0.69979269
 -0.61831321
 -0.54140307
 -0.47134983
 -0.40370026
 -0.33413642
 -0.25680723
 -0.17138160
 -0.08568512
  0.00018954
  0.00339740
  0.00387362
  0.00457029
  0.00255749
 -0.06152544
 -0.12175367
 -0.13164148
 -0.08465236
 -0.05532781
 -0.05849859
  0.00292197
  0.00373346
  0.00370982
  0.00369455
  0.00369551
  0.00370582
  0.00371455
  0.00052583
 -0.07236623
 -0.14515165
 -0.21781984
 -0.29028270
 -0.36212907
 -0.37884183
 -0.30578475
 -0.23862938
 -0.16165828
 -0.08048716
  0.00017136
  0.00103825
  0.00048985
 -0.05793075
 -0.06265931
  0.00052032
  0.00122026
  0.00071748
 -0.05580289
  0.00112807
  0.00162875
  0.00180534
  0.00203366
  0.00069321
 -0.05797585
 -0.11653499
 -0.17438264
 -0.22259066
 -0.16570678
 -0.10777838
 -0.05064943
 -0.00011085
  0.09530970
  0.18984990
  0.28351682
  0.37627105
  0.46803588
  0.55869129
  0.64802929
  0.69979719
  0.69980198
  0.69980109
  0.69979539
  0.69978419
  0.69976670
  0.69974147
  0.69964511
  0.60934552
  0.51767282
  0.42882086
  0.35117183
  0.27595858
  0.18884707
  0.09466121
  0.00007933
 -0.12478287
 -0.24964102
 -0.37449021
 -0.49931906
 -0.62408338
 -0.69986899
 -0.62397680
 -0.49919396
 -0.37435066
 -0.24949277
 -0.12463194
  0.00022678
  0.12458516
  0.24860050
  0.37185488
  0.49368541
  0.61350784
  0.69983211
  0.69984491
  0.69984810
  0.69984342
  0.69983002
  0.69980496
  0.61468259
  0.49302495
  0.37089285
  0.24831572
  0.12410188
 -0.00018539
  0.09585948
 -0.00482621
  0.08692055
  0.00005193
 -0.10083517
 -0.19192642
 -0.09656972
  0.00343543
 -0.09851995
 -0.19662737
 -0.18968648
 -0.09253478
  0.00830889
  0.00000000
