  0.02310491
  0.02310491
  0.02597299
  0.04013474
  0.07268439
  0.12294110
  0.19476045
  0.18194187
  0.15727853
  0.12114128
  0.07307443
  0.02307584
  0.07583918
  0.15271172
  0.24454380
  0.35431056
  0.30054129
  0.22427553
  0.14120639
  0.05889309
  0.02353986
  0.02215769
  0.02076442
  0.02062059
  0.02112517
  0.02659204
  0.04365254
  0.02493301
  0.06108940
  0.14556591
  0.22120545
  0.28890217
  0.34995840
  0.40488116
  0.49125709
  0.43376247
  0.37614248
  0.33109037
  0.21174117
  0.12950499
  0.07361613
  0.03945144
  0.02562073
  0.02310682
  0.02597761
  0.03891423
  0.06796599
  0.11224348
  0.17196181
  0.24971720
  0.31805269
  0.35872238
  0.35841606
  0.35655232
  0.29143796
  0.21619979
  0.12919167
  0.03192188
  0.04944343
  0.18039878
  0.32794145
  0.48418680
  0.72393088
  0.72303075
  0.83682993
  1.07260398
  0.88542319
  0.68462484
  0.46605194
  0.25395440
  0.06804756
  0.06209722
  0.10942743
  0.04775198
  0.05242446
  0.07989967
  0.02329889
  0.02219589
  0.02169919
  0.02155036
  0.02147116
  0.02140480
  0.02133901
  0.02163567
  0.05354645
  0.04509189
  0.02177163
  0.02103527
  0.02171185
  0.02479277
