  0.01155245
  0.01155245
  0.04156079
  0.07906197
  0.11631429
  0.15207525
  0.19147620
  0.23070294
  0.27053127
  0.31103802
  0.35233769
  0.25518105
  0.27198424
  0.28879057
  0.30559696
  0.32240340
  0.33920966
  0.41646195
  0.43828302
  0.45986705
  0.48142144
  0.50337544
  0.55990341
  0.53669514
  0.51210455
  0.60723243
  0.56745343
  0.52751641
  0.48755102
  0.44732516
  0.41080334
  0.39080632
  0.34363459
  0.29579288
  0.24817413
  0.19934444
  0.15195143
  0.10753714
  0.06537707
  0.02754072
  0.00523773
  0.00047981
  0.00004107
  0.00000373
  0.00000037
  0.00000004
  0.00000000
  0.00000000
  0.00000000
  0.00000000
  0.00000000
  0.00000000
  0.00000000
  0.00000000
  0.00000000
  0.00000000
  0.00000000
  0.00000000
  0.00000000
  0.00000000
  0.00000000
  0.00000000
  0.00000000
  0.00000000
 -0.00000000
 -0.00000000
 -0.00000000
 -0.00000000
 -0.00000000
 -0.00000000
 -0.00000000
 -0.00000000
 -0.00000000
  0.00000000
  0.00000000
  0.00000000
  0.00000000
  0.00000000
  0.00000000
  0.00000000
  0.00000000
  0.00000002
  0.00000026
  0.00000412
  0.00006570
  0.00101682
