  0.00000000
 -0.13058266
  0.11999054
  0.49392232
  0.49212757
  0.48819890
  0.47462827
 -0.37724067
 -0.47757474
 -0.48662059
 -0.49025032
 -0.49310419
 -0.49414253
 -0.49485735
 -0.49495458
 -0.49282223
  0.33381449
  0.49634855
  0.49533541
  0.49393269
  0.49816276
  0.49905677
  0.49925688
  0.49931099
  0.49927705
  0.49911906
  0.49854211
  0.09958706
  0.00008270
  0.00001011
 -0.00005243
 -0.17070788
 -0.49864355
 -0.49921375
 -0.49939326
 -0.49947229
 -0.49950764
 -0.49951824
 -0.49949996
 -0.49945189
 -0.49935023
 -0.49911706
 -0.49832593
 -0.00711012
 -0.00008533
  0.00011347
  0.00027681
  0.36328623
  0.49787007
  0.49871771
  0.49898040
  0.49908956
  0.49913076
  0.00000000
