 26.64425428
 26.64425428
 26.64425428
 26.64410761
 26.64387383
 26.64364052
 26.64313314
 26.64172585
 26.63861835
 26.63303460
 26.62456441
 26.61403794
 26.60438315
 26.59932024
 26.60215693
 26.61516013
 26.64000330
 26.67708233
 26.72258247
 26.76808251
 26.81133201
 26.85286490
 26.89316580
 26.93251088
 26.97106349
 27.00892159
 27.04614479
 27.08276902
 27.11881400
 27.15428773
 27.18918824
 27.22383348
 27.25285540
 27.23981884
 27.15618103
 26.98182006
 26.70473358
 26.32209475
 25.84208005
 25.28505551
 24.65643353
 24.03374853
 23.41472599
 22.76083048
 22.11758387
 21.52774030
 20.99525995
 20.51435104
 20.07018525
 19.96612534
 19.86365622
 19.76080845
 19.62236410
 19.48501967
 19.34928676
 19.21610159
 19.08651902
 18.96131100
 18.83750784
 18.71866751
 18.60394009
 18.49208475
 18.38134786
 18.28340096
 18.18619117
 18.08833390
 17.98885834
 17.88680944
 17.77992672
 17.66788630
 17.55112987
 17.42959118
 17.32073540
 17.21271031
 17.10529521
 16.99779742
 16.78482111
 16.57232616
 16.35395106
 16.12467813
 15.90619793
 15.68118158
 15.41951798
 15.10226748
 14.75174796
 14.36550082
 13.94283968
 13.48502021
 12.99683709
 12.47938002
 11.95068880
 11.43031688
 10.93163271
 10.46479128
 10.03557368
  9.64521229
  9.29210078
  8.97819487
  8.71043211
  8.46382178
  8.22069183
  8.13987217
  8.06102648
  7.91633458
  7.77394239
  7.63475997
  7.50129984
  7.37426796
  7.25472838
  7.14033879
  7.03405992
  6.93596560
  6.84453548
  6.75815410
  6.67503624
  6.62913331
  6.58449144
  6.54021454
  6.49621960
  6.45250978
  6.40907780
  6.36591709
  6.32302120
  6.28038370
  6.23799803
  6.19586977
  6.15398992
  6.11233775
  6.07070857
  5.98706135
  5.90513032
  5.82616374
  5.75146641
  5.68258211
  5.62408951
  5.58194029
  5.54194774
  5.50834958
  5.48146322
  5.46159466
  5.44902870
  5.44402170
  5.44679731
  5.45754264
  5.47640395
  5.50346868
  5.53877770
  5.58231411
  5.63402367
  5.69387902
  5.76425848
  5.84284063
  5.92846133
  6.02017062
  6.11708012
  6.21831619
  6.32298154
  6.43025026
  6.53942829
  6.64988393
  6.76104835
  6.87231249
  6.98321221
  7.09331824
  7.20221730
  7.30956082
  7.41505482
  7.51843455
  7.61947163
  7.71794269
  7.81363476
  7.90635468
  7.99600088
  8.08247288
  8.16570273
  8.24564228
  8.32223005
  8.39545533
  8.46530657
  8.53178905
  8.59492970
  8.65475925
  8.71131549
  8.76463674
  8.81477007
  8.86176722
  8.90568653
  8.94658815
  8.98453330
  9.01958347
  9.05179963
  9.08124075
  9.10797787
  9.13213751
  9.15367474
  9.17263098
  9.18905815
  9.20300349
  9.21450695
  9.22360104
  9.23031131
  9.23465711
  9.23665229
  9.23630600
  9.23362344
  9.22860652
  9.22125457
  9.21156492
  9.19953341
  9.18515484
  9.16842327
  9.14933213
  9.12787394
  9.10403929
  9.07781410
  9.04917173
  9.01805268
  8.98439496
  8.94825374
  8.90966939
  8.86865155
  8.82520149
  8.77931894
  8.73100355
  8.68025506
  8.62707337
  8.57145849
  8.51341058
  8.45292987
  8.39001670
  8.32467147
  8.25689466
  8.18668682
  8.11404851
  8.03898038
  7.96148309
  7.88155892
  7.79920885
  7.71443552
  7.62724018
  7.53762417
  7.44558891
  7.35113590
  7.25426678
  7.15498336
  7.05328765
  6.94918194
  6.84267907
  6.73378329
  6.62251508
  6.50888456
  6.39290057
  6.27457362
  6.15391668
  6.03094622
  5.90569087
  5.77818121
  5.64846116
  5.51659845
  5.38270851
  5.24700148
  5.10838050
  4.97040470
  4.83420875
  4.70006902
  4.22168580
  3.77320766
  3.36475445
  3.00432919
  2.69835582
  2.45169103
  2.25797437
  2.13168123
  2.05777604
  2.02144719
  2.00643746
  2.00139421
  2.00017042
  2.00000000
