1 1 1 7.082324455206
1 1 2 20.030266343826
1 2 1 7.082324455206
1 2 2 0.018159806295
1 3 1 14.055690072639
1 3 2 0.018159806295
1 4 1 13.983050847458
1 4 2 19.993946731235
2 1 1 14.055690072639
2 1 2 7.100484261501
2 2 1 24.007263922518
2 2 2 6.991525423729
2 3 1 24.043583535109
2 3 2 0.054479418886
2 4 1 14.055690072639
2 4 2 0.018159806295
3 1 1 14.055690072639
3 1 2 12.766343825666
3 2 1 24.116222760291
3 2 2 12.947941888620
3 3 1 23.970944309927
3 3 2 19.776029055690
3 4 1 13.983050847458
3 4 2 19.957627118644
4 1 1 8.426150121065
4 1 2 30.018159806295
4 2 1 11.004842615012
4 2 2 23.371670702179
4 3 1 16.924939467312
4 3 2 23.407990314770
4 4 1 20.048426150121
4 4 2 29.727602905569
