  0.01037724
  0.11033935
  0.11033216
  0.11032094
  0.11030553
  0.11028641
  0.11026560
  0.11024768
  0.11023980
  0.11025052
  0.11028756
  0.11035614
  0.11045903
  0.11059778
  0.11077362
  0.11098812
  0.11124582
  0.11156035
  0.11185122
  0.11219636
  0.11249689
  0.11287284
  0.11330235
  0.11373874
  0.11420412
  0.11468239
  0.11515889
  0.11562497
  0.11610388
  0.11662748
  0.11711442
  0.11766083
  0.11824131
  0.11893548
  0.11965473
  0.12047347
  0.12139353
  0.12219519
  0.12318191
  0.12397553
  0.12473324
  0.12532966
  0.12575873
  0.12601298
  0.12617830
  0.12632485
  0.12637854
  0.12654504
  0.12692083
  0.12754810
  0.12831817
  0.12920906
  0.13018008
  0.13121888
  0.13221350
  0.13335435
  0.13442008
  0.13534895
  0.12134995
  0.12089357
  0.12153940
  0.12075969
  0.12035653
  0.11982697
  0.11922371
  0.11857121
  0.11790452
  0.11731867
  0.11692055
  0.11672662
  0.11673615
  0.11687846
  0.11714812
  0.11751401
  0.11792667
  0.11837216
  0.11881712
  0.11922677
  0.11950494
  0.12000676
  0.12151840
  0.12384124
  0.12219615
  0.12258409
  0.12265562
  0.13112079
  0.13084255
  0.13063516
  0.13055494
  0.13044440
  0.13025488
  0.12991930
  0.12922978
  0.12824133
  0.12702577
  0.13018297
  0.12853490
  0.12708626
  0.12567279
  0.12443041
  0.12314995
  0.12205471
  0.12108386
  0.12019136
  0.12466805
  0.12269164
  0.12116336
  0.11991817
  0.11887786
  0.11799290
  0.11722709
  0.11655318
  0.11595013
  0.11540133
  0.11489337
  0.11441501
  0.11395645
  0.11350873
  0.11306330
  0.11261168
  0.11214529
  0.11165539
  0.11113320
  0.11057028
  0.10995899
  0.10932929
  0.11790599
  0.11901750
  0.11840135
  0.11782064
  0.11727655
  0.11676421
  0.11627904
  0.11581649
  0.11537184
  0.11494028
