task_id 18

[x]
1 26.694915250000
2 26.694915250000
3 26.694915250000
4 26.694802570000
5 26.694573780000
6 26.694210020000
7 26.693663640000
8 26.692845610000
9 26.691614260000
10 26.689765920000
11 26.687028260000
12 26.683056980000
13 26.677436330000
14 26.669683410000
15 26.659255760000
16 26.645560950000
17 26.627966830000
18 26.605811660000
19 26.578412770000
20 26.545106930000
21 26.505245860000
22 26.458240910000
23 26.403487660000
24 26.340338500000
25 26.268108530000
26 26.186079460000
27 26.093593720000
28 25.990107160000
29 25.875210490000
30 25.748559150000
31 25.609785660000
32 25.458566420000
33 25.294432820000
34 25.116748690000
35 24.924434950000
36 24.716120380000
37 24.490136800000
38 24.244562490000
39 23.977758620000
40 23.687637500000
41 23.372892810000
42 23.032535190000
43 22.666604920000
44 22.276171050000
45 21.863143170000
46 21.429623540000
47 20.977567570000
48 20.509119680000
49 20.025562280000
50 19.527741700000
51 19.016421700000
52 18.493214320000
53 17.960747400000
54 17.423428420000
55 16.888251920000
56 16.366402040000
57 15.873498300000
58 15.432868610000
59 15.076114900000
60 14.871166740000
61 14.773793720000
62 14.771731940000
63 14.849942680000
64 14.990112480000
65 15.176091530000
66 15.394009300000
67 15.632315430000
68 15.881660530000
69 16.134862690000
70 16.386796660000
71 16.633965210000
72 16.874034320000
73 17.105269310000
74 17.326321300000
75 17.535928430000
76 17.732764270000
77 17.915470670000
78 18.082545750000
79 18.232320040000
80 18.362935340000
81 18.472937090000
82 18.561690180000
83 18.630959280000
84 18.683500060000
85 18.725796660000
86 18.761697700000
87 18.794304720000
88 18.820223040000
89 18.836273340000
90 18.839895470000
91 18.829076980000
92 18.802383790000
93 18.758989310000
94 18.698782950000
95 18.622342170000
96 18.530856930000
97 18.422256040000
98 18.303048810000
99 18.177361110000
100 18.048790740000
101 17.920189390000
102 17.794077840000
103 17.672269320000
104 17.556237050000
105 17.447162060000
106 17.341457480000
107 17.245977120000
108 17.160893560000
109 17.086260830000
110 17.022044330000
111 16.968158870000
112 16.924493700000
113 16.890926310000
114 16.867329780000
115 16.853576680000
116 16.849541370000
117 16.855101470000
118 16.870139290000
119 16.894543150000
120 16.928208760000
121 16.971040320000
122 17.022950970000
123 17.083862220000
124 17.153701720000
125 17.232398360000
126 17.319873630000
127 17.416055110000
128 17.518461250000
129 17.611795970000
130 17.694344940000
131 17.766160830000
132 17.827347650000
133 17.878028650000
134 17.918331960000
135 17.948383400000
136 17.968303690000
137 17.978208230000

[y]
1 28.928571430000
2 28.928571430000
3 28.928571430000
4 28.919444070000
5 28.901191870000
6 28.873818900000
7 28.837330930000
8 28.791734960000
9 28.737038030000
10 28.673245150000
11 28.600357700000
12 28.518373560000
13 28.427289890000
14 28.327107670000
15 28.217836390000
16 28.099498220000
17 27.972130950000
18 27.835786650000
19 27.690519750000
20 27.536510680000
21 27.373859440000
22 27.202824820000
23 27.023508790000
24 26.836069790000
25 26.640785260000
26 26.437938480000
27 26.227854550000
28 26.010873910000
29 25.787320340000
30 25.557444260000
31 25.321427270000
32 25.079647190000
33 24.832317660000
34 24.579844180000
35 24.322722730000
36 24.062035000000
37 23.798991640000
38 23.535212110000
39 23.273267730000
40 23.015335870000
41 22.765017780000
42 22.525482270000
43 22.299841300000
44 22.090127560000
45 21.896964220000
46 21.719384610000
47 21.555134230000
48 21.401046370000
49 21.252792240000
50 21.104947720000
51 20.950954820000
52 20.783046250000
53 20.591939310000
54 20.366822170000
55 20.095532770000
56 19.765334030000
57 19.363318660000
58 18.879315960000
59 18.309128550000
60 17.738179040000
61 17.141736310000
62 16.536723050000
63 15.951700540000
64 15.391560890000
65 14.859007830000
66 14.353402200000
67 13.872201520000
68 13.411906160000
69 12.968583340000
70 12.538394530000
71 12.118220210000
72 11.705672220000
73 11.299162820000
74 10.897474270000
75 10.499710850000
76 10.105292290000
77 9.713818360000
78 9.325108860000
79 8.939218520000
80 8.556678830000
81 8.177125650000
82 7.798160790000
83 7.419057360000
84 7.053901140000
85 6.697543550000
86 6.351604320000
87 5.993341020000
88 5.648193830000
89 5.315825070000
90 4.996080100000
91 4.689543910000
92 4.397217140000
93 4.120499570000
94 3.861376740000
95 3.621706230000
96 3.403110480000
97 3.199844130000
98 3.020923060000
99 2.864933620000
100 2.730356250000
101 2.615300920000
102 2.517987600000
103 2.436404260000
104 2.368664370000
105 2.313002450000
106 2.265759630000
107 2.228541880000
108 2.199034940000
109 2.175568630000
110 2.156927510000
111 2.142235780000
112 2.130875500000
113 2.122424440000
114 2.116607360000
115 2.113256460000
116 2.112278220000
117 2.113624900000
118 2.117269200000
119 2.123181140000
120 2.131306490000
121 2.141546070000
122 2.153735510000
123 2.167625110000
124 2.182859570000
125 2.198957390000
126 2.215290010000
127 2.231065250000
128 2.244977540000
129 2.254530000000
130 2.260718730000
131 2.264602970000
132 2.266962930000
133 2.268354580000
134 2.269157070000
135 2.269612980000
136 2.269862920000
137 2.269975790000

[theta]
1 -1.583141380000
2 -1.583141380000
3 -1.583141380000
4 -1.583330560000
5 -1.584084380000
6 -1.585769190000
7 -1.588734670000
8 -1.593303960000
9 -1.599761220000
10 -1.608337460000
11 -1.619196730000
12 -1.632425720000
13 -1.648029660000
14 -1.665936440000
15 -1.686009370000
16 -1.708064070000
17 -1.731882360000
18 -1.757216760000
19 -1.783775490000
20 -1.811130680000
21 -1.839002420000
22 -1.867150110000
23 -1.895758670000
24 -1.925062610000
25 -1.955081050000
26 -1.985498080000
27 -2.015826050000
28 -2.045546800000
29 -2.074372990000
30 -2.102332150000
31 -2.129713830000
32 -2.156689930000
33 -2.184051200000
34 -2.212984140000
35 -2.244986390000
36 -2.280556810000
37 -2.320468190000
38 -2.365385250000
39 -2.414861190000
40 -2.469721170000
41 -2.528337080000
42 -2.589040050000
43 -2.648684130000
44 -2.704136890000
45 -2.752818750000
46 -2.793084570000
47 -2.823810220000
48 -2.844104030000
49 -2.852908890000
50 -2.849066910000
51 -2.831053850000
52 -2.797002970000
53 -2.744845650000
54 -2.672427790000
55 -2.577441840000
56 -2.457406750000
57 -2.309318080000
58 -2.129879350000
59 -1.915427610000
60 -1.732624130000
61 -1.574204100000
62 -1.437894630000
63 -1.325589010000
64 -1.234813060000
65 -1.163850300000
66 -1.110969780000
67 -1.074342900000
68 -1.051863410000
69 -1.041006120000
70 -1.039060380000
71 -1.043779800000
72 -1.053611990000
73 -1.067718350000
74 -1.085811120000
75 -1.107906450000
76 -1.134129580000
77 -1.164848890000
78 -1.200565540000
79 -1.241763300000
80 -1.288705460000
81 -1.340744490000
82 -1.390061440000
83 -1.427884770000
84 -1.452654830000
85 -1.467387720000
86 -1.480033360000
87 -1.495843860000
88 -1.522543310000
89 -1.559468790000
90 -1.606074460000
91 -1.661856640000
92 -1.726348230000
93 -1.799092760000
94 -1.879538790000
95 -1.967160780000
96 -2.061490070000
97 -2.158515210000
98 -2.249031270000
99 -2.333371670000
100 -2.411732680000
101 -2.484382620000
102 -2.551447260000
103 -2.613169850000
104 -2.669735350000
105 -2.721289100000
106 -2.769914600000
107 -2.807771970000
108 -2.836956130000
109 -2.859071580000
110 -2.875414530000
111 -2.887066300000
112 -2.894953260000
113 -2.899888100000
114 -2.902599320000
115 -2.903753050000
116 -2.903969570000
117 -2.903836350000
118 -2.903918650000
119 -2.904768340000
120 -2.906931680000
121 -2.910956150000
122 -2.917396850000
123 -2.926822490000
124 -2.939821320000
125 -2.957007000000
126 -2.979024760000
127 -3.006565220000
128 -3.039601430000
129 -3.066761920000
130 -3.087558700000
131 -3.103041710000
132 -3.114140250000
133 -3.121683700000
134 -3.126422720000
135 -3.129046570000
136 -3.130197390000
137 -3.130482000000

[v]
1 0.000000000000
2 0.000000000000
3 0.082733290000
4 0.165460930000
5 0.248179880000
6 0.330886990000
7 0.413579480000
8 0.496256070000
9 0.578918900000
10 0.661575520000
11 0.744239850000
12 0.826931610000
13 0.909674450000
14 0.992494090000
15 1.075417390000
16 1.158472170000
17 1.241687390000
18 1.325095430000
19 1.408738880000
20 1.492599990000
21 1.576719420000
22 1.661063680000
23 1.745689310000
24 1.830636450000
25 1.915910200000
26 2.001532290000
27 2.087512310000
28 2.173848900000
29 2.260534190000
30 2.347577730000
31 2.435012970000
32 2.522812350000
33 2.611020390000
34 2.699662530000
35 2.788823950000
36 2.878523320000
37 2.968835130000
38 3.059835190000
39 3.151434500000
40 3.243771640000
41 3.336701510000
42 3.430196890000
43 3.524136430000
44 3.618394230000
45 3.712838680000
46 3.807402510000
47 3.902070960000
48 3.996773500000
49 4.091593600000
50 4.186686670000
51 4.282239050000
52 4.378354550000
53 4.475118810000
54 4.572584070000
55 4.670787670000
56 4.769669980000
57 4.869275860000
58 4.969293200000
59 4.998915300000
60 4.998935950000
61 4.977915160000
62 4.887614670000
63 4.797507300000
64 4.707563050000
65 4.617941900000
66 4.528727270000
67 4.439970860000
68 4.351691970000
69 4.263835410000
70 4.176263970000
71 4.088827010000
72 4.001373750000
73 3.913806000000
74 3.826029340000
75 3.737972460000
76 3.649600980000
77 3.560890860000
78 3.471842970000
79 3.382484220000
80 3.292913590000
81 3.202963660000
82 3.111877260000
83 3.019046250000
84 2.927446830000
85 2.835554400000
86 2.743606440000
87 2.645307750000
88 2.547216200000
89 2.449278890000
90 2.351400570000
91 2.253604080000
92 2.155948680000
93 2.058543940000
94 1.961655280000
95 1.865506840000
96 1.770268910000
97 1.672661900000
98 1.576289900000
99 1.481003430000
100 1.386776230000
101 1.293480050000
102 1.201143520000
103 1.109627790000
104 1.018839620000
105 0.928720330000
106 0.835243050000
107 0.743247850000
108 0.652398840000
109 0.562483860000
110 0.473349430000
111 0.384879180000
112 0.296983910000
113 0.209594890000
114 0.122659180000
115 0.036136330000
116 -0.050003980000
117 -0.135783570000
118 -0.221216780000
119 -0.306311070000
120 -0.391067180000
121 -0.475479020000
122 -0.559533240000
123 -0.643208160000
124 -0.726471570000
125 -0.809272810000
126 -0.891494900000
127 -0.876519010000
128 -0.788307000000
129 -0.699153990000
130 -0.610428310000
131 -0.522120940000
132 -0.434211370000
133 -0.346679270000
134 -0.259506220000
135 -0.172676500000
136 -0.086177510000
137 0.000000000000

[a]
1 0.000000000000
2 0.749805730000
3 0.749803360000
4 0.749800950000
5 0.749798490000
6 0.749795980000
7 0.749793420000
8 0.749790800000
9 0.749788150000
10 0.749785460000
11 0.749782710000
12 0.749779880000
13 0.749776920000
14 0.749773810000
15 0.749770550000
16 0.749767130000
17 0.749763590000
18 0.749759990000
19 0.749756240000
20 0.749752430000
21 0.749748250000
22 0.749743740000
23 0.749739190000
24 0.749733960000
25 0.749728650000
26 0.749723200000
27 0.749717490000
28 0.749711320000
29 0.749704600000
30 0.749697390000
31 0.749689580000
32 0.749681230000
33 0.749672140000
34 0.749662340000
35 0.749651820000
36 0.749640590000
37 0.749628340000
38 0.749614710000
39 0.749599560000
40 0.749582080000
41 0.749562060000
42 0.749538830000
43 0.749511660000
44 0.749480350000
45 0.749443780000
46 0.749400840000
47 0.749351960000
48 0.749294010000
49 0.749226170000
50 0.749143870000
51 0.749038510000
52 0.748896690000
53 0.748695390000
54 0.748391150000
55 0.747887370000
56 0.746895730000
57 0.743957160000
58 0.219216330000
59 0.000283760000
60 -0.174334690000
61 -0.742880150000
62 -0.746165990000
63 -0.747317120000
64 -0.747924000000
65 -0.748298330000
66 -0.748549980000
67 -0.748730440000
68 -0.748868440000
69 -0.748980290000
70 -0.749073670000
71 -0.749153380000
72 -0.749221220000
73 -0.749280190000
74 -0.749332010000
75 -0.749377910000
76 -0.749418790000
77 -0.749455190000
78 -0.749487220000
79 -0.749515580000
80 -0.749540670000
81 -0.749569790000
82 -0.749591130000
83 -0.749605430000
84 -0.749625140000
85 -0.749639340000
86 -0.749680820000
87 -0.749691500000
88 -0.749700910000
89 -0.749709820000
90 -0.749717860000
91 -0.749725180000
92 -0.749731520000
93 -0.749738520000
94 -0.749745280000
95 -0.749751550000
96 -0.749767010000
97 -0.749772150000
98 -0.749776860000
99 -0.749781100000
100 -0.749785120000
101 -0.749788690000
102 -0.749791790000
103 -0.749794190000
104 -0.749795670000
105 -0.749810420000
106 -0.749807390000
107 -0.749804730000
108 -0.749801370000
109 -0.749797100000
110 -0.749791730000
111 -0.749785110000
112 -0.749777010000
113 -0.749767140000
114 -0.749755110000
115 -0.749740400000
116 -0.749722260000
117 -0.749699600000
118 -0.749670780000
119 -0.749633200000
120 -0.749582530000
121 -0.749510940000
122 -0.749402790000
123 -0.749221490000
124 -0.748857130000
125 -0.747757170000
126 0.136973090000
127 0.748155290000
128 0.749072530000
129 0.749361020000
130 0.749504110000
131 0.749589410000
132 0.749645910000
133 0.749685970000
134 0.749715750000
135 0.749738640000
136 0.749756680000
137 0.000000000000

[phy]
1 0.000000000000
2 0.000000000000
3 -0.041419900000
4 -0.082393120000
5 -0.122455940000
6 -0.161099950000
7 -0.197755430000
8 -0.231792150000
9 -0.262548630000
10 -0.289395810000
11 -0.311821810000
12 -0.329508010000
13 -0.342380110000
14 -0.350622270000
15 -0.354616410000
16 -0.354811980000
17 -0.351573440000
18 -0.344952550000
19 -0.334191580000
20 -0.321331540000
21 -0.307322910000
22 -0.296198040000
23 -0.288070190000
24 -0.280727050000
25 -0.271179910000
26 -0.258344260000
27 -0.242403050000
28 -0.225469650000
29 -0.209918620000
30 -0.197413480000
31 -0.186979770000
32 -0.182305380000
33 -0.185281290000
34 -0.196758780000
35 -0.210045950000
36 -0.226238220000
37 -0.244285970000
38 -0.258718350000
39 -0.275453050000
40 -0.283653120000
41 -0.283827240000
42 -0.270666250000
43 -0.245208170000
44 -0.210374860000
45 -0.170237510000
46 -0.127079370000
47 -0.082121390000
48 -0.034804680000
49 0.014796020000
50 0.067363580000
51 0.123308220000
52 0.182342870000
53 0.243673700000
54 0.306629230000
55 0.370771720000
56 0.435787170000
57 0.501530940000
58 0.567660770000
59 0.542390230000
60 0.482873970000
61 0.423352890000
62 0.363629030000
63 0.304635950000
64 0.246481610000
65 0.189779840000
66 0.135579400000
67 0.085671230000
68 0.042507050000
69 0.007805710000
70 -0.019359550000
71 -0.041173540000
72 -0.060251070000
73 -0.078757580000
74 -0.097969760000
75 -0.118419100000
76 -0.141265560000
77 -0.167255340000
78 -0.196483800000
79 -0.228215210000
80 -0.257545930000
81 -0.248209220000
82 -0.193828920000
83 -0.133497580000
84 -0.081943240000
85 -0.072569130000
86 -0.087671950000
87 -0.153072030000
88 -0.218397470000
89 -0.283639650000
90 -0.348849540000
91 -0.414005620000
92 -0.479063130000
93 -0.543942030000
94 -0.608450260000
95 -0.672380560000
96 -0.699840720000
97 -0.699847000000
98 -0.699852020000
99 -0.699853980000
100 -0.699853630000
101 -0.699850580000
102 -0.699844850000
103 -0.699836140000
104 -0.699825620000
105 -0.698651200000
106 -0.636322740000
107 -0.575068180000
108 -0.514559400000
109 -0.454661260000
110 -0.395275800000
111 -0.336327930000
112 -0.277759680000
113 -0.219526180000
114 -0.161592790000
115 -0.103933000000
116 -0.046526920000
117 0.010639740000
118 0.067576370000
119 0.124287810000
120 0.180774500000
121 0.237032430000
122 0.293052910000
123 0.348822170000
124 0.404320670000
125 0.459521360000
126 0.514383890000
127 0.568839700000
128 0.524817340000
129 0.465607630000
130 0.406566170000
131 0.347770770000
132 0.289226260000
133 0.230925970000
134 0.172860960000
135 0.115022690000
136 0.057404070000
137 0.000000000000

[w]
1 0.000000000000
2 -0.375344400000
3 -0.371323640000
4 -0.363115900000
5 -0.350313240000
6 -0.332353900000
7 -0.308677340000
8 -0.278982270000
9 -0.243544250000
10 -0.203418520000
11 -0.160369840000
12 -0.116643400000
13 -0.074617480000
14 -0.036113690000
15 -0.001765230000
16 0.029178600000
17 0.059515140000
18 0.096459890000
19 0.114976910000
20 0.124865150000
21 0.098891500000
22 0.072002900000
23 0.064808780000
24 0.083939300000
25 0.112392270000
26 0.139003090000
27 0.147043540000
28 0.134494190000
29 0.107703680000
30 0.089464790000
31 0.039915840000
32 -0.025290470000
33 -0.097072280000
34 -0.111716990000
35 -0.135325020000
36 -0.149806700000
37 -0.118891610000
38 -0.136950440000
39 -0.066570050000
40 -0.001404380000
41 0.105512230000
42 0.203127780000
43 0.276983840000
44 0.318516910000
45 0.342041220000
46 0.355895930000
47 0.374410880000
48 0.391980150000
49 0.414195650000
50 0.438623240000
51 0.460064110000
52 0.474663340000
53 0.483603070000
54 0.488815630000
55 0.491735520000
56 0.492980470000
57 0.491917690000
58 -0.186749860000
59 -0.490387840000
60 -0.492315380000
61 -0.491379770000
62 -0.488514350000
63 -0.483185300000
64 -0.473199640000
65 -0.454613250000
66 -0.420913010000
67 -0.366097880000
68 -0.295797630000
69 -0.232345750000
70 -0.186882230000
71 -0.163424290000
72 -0.158339550000
73 -0.163998710000
74 -0.174015030000
75 -0.193732930000
76 -0.219560260000
77 -0.246003340000
78 -0.266169670000
79 -0.245493440000
80 0.077802650000
81 0.447557510000
82 0.487060470000
83 0.421779040000
84 0.076738650000
85 -0.123422840000
86 -0.498778940000
87 -0.499267590000
88 -0.499422640000
89 -0.499482450000
90 -0.499493150000
91 -0.499462680000
92 -0.499375810000
93 -0.499171790000
94 -0.498511120000
95 -0.216173690000
96 -0.000048400000
97 -0.000039230000
98 -0.000015510000
99 0.000002650000
100 0.000024480000
101 0.000046570000
102 0.000071370000
103 0.000087650000
104 0.009888690000
105 0.499980680000
106 0.499249530000
107 0.499392270000
108 0.499486840000
109 0.499546270000
110 0.499585070000
111 0.499610960000
112 0.499628080000
113 0.499638710000
114 0.499644150000
115 0.499645030000
116 0.499641580000
117 0.499633600000
118 0.499620510000
119 0.499601140000
120 0.499573450000
121 0.499533910000
122 0.499476070000
123 0.499387010000
124 0.499237000000
125 0.498939330000
126 0.498097370000
127 -0.373368030000
128 -0.497482340000
129 -0.498649580000
130 -0.499019210000
131 -0.499195110000
132 -0.499293990000
133 -0.499353770000
134 -0.499390230000
135 -0.499410810000
136 -0.499419150000
137 0.000000000000

[dt]
1 0.010377240000
2 0.110339350000
3 0.110332160000
4 0.110320940000
5 0.110305530000
6 0.110286410000
7 0.110265600000
8 0.110247680000
9 0.110239800000
10 0.110250520000
11 0.110287560000
12 0.110356140000
13 0.110459030000
14 0.110597780000
15 0.110773620000
16 0.110988120000
17 0.111245820000
18 0.111560350000
19 0.111851220000
20 0.112196360000
21 0.112496890000
22 0.112872840000
23 0.113302350000
24 0.113738740000
25 0.114204120000
26 0.114682390000
27 0.115158890000
28 0.115624970000
29 0.116103880000
30 0.116627480000
31 0.117114420000
32 0.117660830000
33 0.118241310000
34 0.118935480000
35 0.119654730000
36 0.120473470000
37 0.121393530000
38 0.122195190000
39 0.123181910000
40 0.123975530000
41 0.124733240000
42 0.125329660000
43 0.125758730000
44 0.126012980000
45 0.126178300000
46 0.126324850000
47 0.126378540000
48 0.126545040000
49 0.126920830000
50 0.127548100000
51 0.128318170000
52 0.129209060000
53 0.130180080000
54 0.131218880000
55 0.132213500000
56 0.133354350000
57 0.134420080000
58 0.135348950000
59 0.121349950000
60 0.120893570000
61 0.121539400000
62 0.120759690000
63 0.120356530000
64 0.119826970000
65 0.119223710000
66 0.118571210000
67 0.117904520000
68 0.117318670000
69 0.116920550000
70 0.116726620000
71 0.116736150000
72 0.116878460000
73 0.117148120000
74 0.117514010000
75 0.117926670000
76 0.118372160000
77 0.118817120000
78 0.119226770000
79 0.119504940000
80 0.120006760000
81 0.121518400000
82 0.123841240000
83 0.122196150000
84 0.122584090000
85 0.122655620000
86 0.131120790000
87 0.130842550000
88 0.130635160000
89 0.130554940000
90 0.130444400000
91 0.130254880000
92 0.129919300000
93 0.129229780000
94 0.128241330000
95 0.127025770000
96 0.130182970000
97 0.128534900000
98 0.127086260000
99 0.125672790000
100 0.124430410000
101 0.123149950000
102 0.122054710000
103 0.121083860000
104 0.120191360000
105 0.124668050000
106 0.122691640000
107 0.121163360000
108 0.119918170000
109 0.118877860000
110 0.117992900000
111 0.117227090000
112 0.116553180000
113 0.115950130000
114 0.115401330000
115 0.114893370000
116 0.114415010000
117 0.113956450000
118 0.113508730000
119 0.113063300000
120 0.112611680000
121 0.112145290000
122 0.111655390000
123 0.111133200000
124 0.110570280000
125 0.109958990000
126 0.109329290000
127 0.117905990000
128 0.119017500000
129 0.118401350000
130 0.117820640000
131 0.117276550000
132 0.116764210000
133 0.116279040000
134 0.115816490000
135 0.115371840000
136 0.114940280000
