  0.00000000
 -0.37534440
 -0.37132364
 -0.36311590
 -0.35031324
 -0.33235390
 -0.30867734
 -0.27898227
 -0.24354425
 -0.20341852
 -0.16036984
 -0.11664340
 -0.07461748
 -0.03611369
 -0.00176523
  0.02917860
  0.05951514
  0.09645989
  0.11497691
  0.12486515
  0.09889150
  0.07200290
  0.06480878
  0.08393930
  0.11239227
  0.13900309
  0.14704354
  0.13449419
  0.10770368
  0.08946479
  0.03991584
 -0.02529047
 -0.09707228
 -0.11171699
 -0.13532502
 -0.14980670
 -0.11889161
 -0.13695044
 -0.06657005
 -0.00140438
  0.10551223
  0.20312778
  0.27698384
  0.31851691
  0.34204122
  0.35589593
  0.37441088
  0.39198015
  0.41419565
  0.43862324
  0.46006411
  0.47466334
  0.48360307
  0.48881563
  0.49173552
  0.49298047
  0.49191769
 -0.18674986
 -0.49038784
 -0.49231538
 -0.49137977
 -0.48851435
 -0.48318530
 -0.47319964
 -0.45461325
 -0.42091301
 -0.36609788
 -0.29579763
 -0.23234575
 -0.18688223
 -0.16342429
 -0.15833955
 -0.16399871
 -0.17401503
 -0.19373293
 -0.21956026
 -0.24600334
 -0.26616967
 -0.24549344
  0.07780265
  0.44755751
  0.48706047
  0.42177904
  0.07673865
 -0.12342284
 -0.49877894
 -0.49926759
 -0.49942264
 -0.49948245
 -0.49949315
 -0.49946268
 -0.49937581
 -0.49917179
 -0.49851112
 -0.21617369
 -0.00004840
 -0.00003923
 -0.00001551
  0.00000265
  0.00002448
  0.00004657
  0.00007137
  0.00008765
  0.00988869
  0.49998068
  0.49924953
  0.49939227
  0.49948684
  0.49954627
  0.49958507
  0.49961096
  0.49962808
  0.49963871
  0.49964415
  0.49964503
  0.49964158
  0.49963360
  0.49962051
  0.49960114
  0.49957345
  0.49953391
  0.49947607
  0.49938701
  0.49923700
  0.49893933
  0.49809737
 -0.37336803
 -0.49748234
 -0.49864958
 -0.49901921
 -0.49919511
 -0.49929399
 -0.49935377
 -0.49939023
 -0.49941081
 -0.49941915
  0.00000000
