 28.92857143
 28.92857143
 28.92857143
 28.91944407
 28.90119187
 28.87381890
 28.83733093
 28.79173496
 28.73703803
 28.67324515
 28.60035770
 28.51837356
 28.42728989
 28.32710767
 28.21783639
 28.09949822
 27.97213095
 27.83578665
 27.69051975
 27.53651068
 27.37385944
 27.20282482
 27.02350879
 26.83606979
 26.64078526
 26.43793848
 26.22785455
 26.01087391
 25.78732034
 25.55744426
 25.32142727
 25.07964719
 24.83231766
 24.57984418
 24.32272273
 24.06203500
 23.79899164
 23.53521211
 23.27326773
 23.01533587
 22.76501778
 22.52548227
 22.29984130
 22.09012756
 21.89696422
 21.71938461
 21.55513423
 21.40104637
 21.25279224
 21.10494772
 20.95095482
 20.78304625
 20.59193931
 20.36682217
 20.09553277
 19.76533403
 19.36331866
 18.87931596
 18.30912855
 17.73817904
 17.14173631
 16.53672305
 15.95170054
 15.39156089
 14.85900783
 14.35340220
 13.87220152
 13.41190616
 12.96858334
 12.53839453
 12.11822021
 11.70567222
 11.29916282
 10.89747427
 10.49971085
 10.10529229
  9.71381836
  9.32510886
  8.93921852
  8.55667883
  8.17712565
  7.79816079
  7.41905736
  7.05390114
  6.69754355
  6.35160432
  5.99334102
  5.64819383
  5.31582507
  4.99608010
  4.68954391
  4.39721714
  4.12049957
  3.86137674
  3.62170623
  3.40311048
  3.19984413
  3.02092306
  2.86493362
  2.73035625
  2.61530092
  2.51798760
  2.43640426
  2.36866437
  2.31300245
  2.26575963
  2.22854188
  2.19903494
  2.17556863
  2.15692751
  2.14223578
  2.13087550
  2.12242444
  2.11660736
  2.11325646
  2.11227822
  2.11362490
  2.11726920
  2.12318114
  2.13130649
  2.14154607
  2.15373551
  2.16762511
  2.18285957
  2.19895739
  2.21529001
  2.23106525
  2.24497754
  2.25453000
  2.26071873
  2.26460297
  2.26696293
  2.26835458
  2.26915707
  2.26961298
  2.26986292
  2.26997579
