  0.00000000
  0.00000000
  0.01545662
  0.01866029
  0.00803879
 -0.01469712
 -0.03073785
 -0.03902545
 -0.03238997
 -0.01619639
  0.00694562
  0.01606190
  0.01450305
  0.00346134
 -0.02740747
 -0.05563032
 -0.08216971
 -0.10709096
 -0.12991962
 -0.14923193
 -0.16117685
 -0.15910194
 -0.14675724
 -0.13025029
 -0.11204642
 -0.09331484
 -0.07487753
 -0.05766320
 -0.04308162
 -0.03330844
 -0.03162366
 -0.04381060
 -0.06748481
 -0.09631806
 -0.12845266
 -0.16320975
 -0.20142257
 -0.24429738
 -0.28036332
 -0.30525141
 -0.32362234
 -0.33768124
 -0.34854588
 -0.35672713
 -0.36233168
 -0.36518291
 -0.36518111
 -0.36277267
 -0.35862053
 -0.35317481
 -0.34664748
 -0.33908753
 -0.33042693
 -0.32049452
 -0.30900460
 -0.29552044
 -0.27938527
 -0.25962334
 -0.23495695
 -0.21180529
 -0.19234190
 -0.17512974
 -0.15891120
 -0.14256784
 -0.12488131
 -0.10427234
 -0.07911180
 -0.05582747
 -0.03414532
 -0.01345584
  0.01398065
  0.02841178
  0.03091058
  0.02958937
  0.02915519
  0.03087194
  0.03260936
  0.02618036
 -0.00754628
 -0.00118938
  0.04385797
  0.08730685
  0.12678206
  0.13681266
  0.12108439
  0.10192954
  0.07777336
  0.04164822
 -0.00170737
 -0.00408933
 -0.00264848
  0.02036825
  0.03297256
  0.00199588
 -0.04305711
 -0.08709928
 -0.13068638
 -0.17448266
 -0.21810482
 -0.24407621
 -0.26226008
 -0.27624056
 -0.28768301
 -0.29748786
 -0.30619341
 -0.31414095
 -0.32154708
 -0.32852081
 -0.33501568
 -0.34059813
 -0.34344345
 -0.33996506
 -0.33179253
 -0.32013432
 -0.30475214
 -0.28465800
 -0.25822291
 -0.23902065
 -0.27715383
 -0.29725764
 -0.29260933
 -0.28139326
 -0.27058254
 -0.26051353
 -0.25094389
 -0.24155461
 -0.23200689
 -0.22192025
 -0.21081622
 -0.19802240
 -0.18248807
 -0.16230997
 -0.13220541
 -0.08935594
 -0.04467754
  0.00256186
  0.00504854
  0.00668457
 -0.03744884
 -0.03802120
 -0.03844327
 -0.03871130
 -0.03882237
 -0.03877461
 -0.03856729
 -0.03820089
 -0.03767695
 -0.03699793
 -0.03616693
 -0.03518742
 -0.03406290
 -0.03279660
 -0.03139120
  0.01605575
  0.05505973
  0.05511364
  0.09647469
  0.14768590
  0.18884757
  0.14855575
  0.10366740
  0.05569677
  0.00018495
 -0.06249024
 -0.12716831
 -0.19611995
 -0.27221172
 -0.35937470
 -0.42096941
 -0.42096649
 -0.35676387
 -0.27235932
 -0.19629110
 -0.12732345
 -0.06261244
  0.00010160
 -0.00027524
  0.06215135
  0.12644969
  0.19469821
  0.26881929
  0.34471155
  0.41966284
  0.42073427
  0.42073673
  0.42072246
  0.42003555
  0.32722508
  0.24949638
  0.18165137
  0.12022575
  0.06299786
  0.00041240
 -0.06224537
 -0.12686705
 -0.19567301
 -0.27127638
 -0.19589949
 -0.12710034
 -0.06247992
  0.00017015
  0.00278276
