  0.02310491
  0.02310491
  0.02303738
  0.02294012
  0.02295821
  0.02345732
  0.02400358
  0.02451477
  0.02459619
  0.02407189
  0.02281270
  0.02246224
  0.02241801
  0.02277042
  0.02688456
  0.03319247
  0.04137375
  0.05076462
  0.06063590
  0.07021569
  0.07861263
  0.08291243
  0.08254238
  0.07939414
  0.07434729
  0.06785287
  0.06028994
  0.05228620
  0.04503571
  0.04025062
  0.04070204
  0.05257929
  0.07767576
  0.11226631
  0.15413507
  0.20765398
  0.27809246
  0.27755658
  0.22124163
  0.18335053
  0.15762814
  0.13979413
  0.12715745
  0.11816743
  0.11188063
  0.10772487
  0.10534074
  0.10452615
  0.10524179
  0.10753906
  0.11158640
  0.11769349
  0.12635374
  0.13832878
  0.15478514
  0.17750814
  0.20901176
  0.25097760
  0.22664984
  0.18345195
  0.15625004
  0.14110682
  0.13489030
  0.13635076
  0.14517055
  0.15694305
  0.12429373
  0.09594930
  0.06586542
  0.03813482
  0.02074477
  0.02492822
  0.02610401
  0.02588782
  0.02604316
  0.02717912
  0.02866038
  0.03156492
  0.03279724
  0.02462350
  0.04729396
  0.07985371
  0.07437285
  0.06336306
  0.05870546
  0.05923493
  0.06496641
  0.04557575
  0.02327877
  0.02351033
  0.02481217
  0.02071469
  0.03315712
  0.02130928
  0.13945435
  0.25855695
  0.36664159
  0.45607155
  0.31316591
  0.23725506
  0.19348910
  0.16657623
  0.14957564
  0.13902581
  0.13308342
  0.13077945
  0.13165717
  0.13562513
  0.14289768
  0.15404080
  0.17005982
  0.19260816
  0.22439643
  0.26962184
  0.33618910
  0.43837860
  0.60126804
  0.57328220
  0.39027976
  0.28737818
  0.22567660
  0.18707997
  0.16259580
  0.14741625
  0.13894825
  0.13589031
  0.13783657
  0.14519413
  0.15931487
  0.18302116
  0.22243803
  0.30299283
  0.36736320
  0.26508702
  0.14489637
  0.02294476
  0.02281924
  0.02029179
  0.02554005
  0.02557623
  0.02560211
  0.02561743
  0.02562204
  0.02561581
  0.02559884
  0.02557129
  0.02553341
  0.02548557
  0.02542818
  0.02536172
  0.02528670
  0.02520367
  0.10406732
  0.02512051
  0.02120091
  0.05516224
  0.08531397
  0.11985795
  0.11270989
  0.08959355
  0.06793135
  0.04538961
  0.02295561
  0.14335855
  0.25854129
  0.36020157
  0.45107846
  0.53398873
  0.55683854
  0.49088602
  0.35264127
  0.23929626
  0.14622827
  0.08015952
  0.03839684
  0.02310453
  0.02312797
  0.02150088
  0.02534491
  0.04591317
  0.08517187
  0.12516855
  0.18293614
  0.21018678
  0.23212971
  0.25102097
  0.38822072
  0.33872530
  0.28562045
  0.22859555
  0.16609442
  0.10676026
  0.02328186
  0.04117557
  0.06403231
  0.08082362
  0.09201947
  0.05881661
  0.03552262
  0.02216005
  0.02311984
  0.02322904
