  0.00117678
  0.21835772
  0.21834745
  0.21833785
  0.21833054
  0.21833326
  0.21833608
  0.21833989
  0.21834197
  0.21834211
  0.21834238
  0.21834259
  0.21834285
  0.21834320
  0.21834364
  0.21834417
  0.21834688
  0.21834793
  0.21850062
  0.21856591
  0.21861558
  0.21887342
  0.21969698
  0.22463525
  0.20682643
  0.20862678
  0.20972093
  0.22359446
  0.22365844
  0.22374073
  0.22379251
  0.22379267
  0.22379311
  0.22379390
  0.22379529
  0.22379835
  0.22380076
  0.22386825
  0.23010265
  0.22964988
  0.22921565
  0.22876810
  0.22906858
  0.21641439
  0.22527825
  0.22355835
  0.23031782
  0.22553218
  0.22211109
  0.21954428
  0.21752234
  0.21584431
  0.21436873
  0.21298728
  0.21161073
  0.21016154
  0.20857095
  0.20677985
  0.20474500
  0.20855703
  0.20774844
  0.20880551
  0.20839703
  0.20808466
  0.20780555
  0.20749156
  0.20708702
  0.21058433
  0.21058505
  0.21066195
  0.20956811
  0.20965670
  0.22202864
  0.22202685
  0.22202495
  0.22202306
  0.22201956
  0.22201940
  0.22203678
  0.22208431
  0.22206613
  0.22207688
  0.22214363
  0.22225264
  0.22236899
  0.22246471
  0.22230246
  0.22193785
  0.22159089
  0.22129999
  0.22106393
