  0.00000000
  0.00000000
  0.16376782
  0.32752792
  0.49128079
  0.65502816
  0.81877754
  0.98252900
  1.14628330
  1.31003911
  1.47379500
  1.63755103
  1.80130718
  1.96506347
  2.12881994
  2.29257667
  2.45633370
  2.62009266
  2.78385226
  2.94772621
  3.11164890
  3.27560854
  3.43976112
  3.60453071
  3.77300277
  3.92811607
  4.08457323
  4.17803092
  4.01034712
  3.84260931
  3.67480777
  3.50696640
  3.33912430
  3.17128147
  3.00343776
  2.83559280
  2.66774537
  2.49989600
  2.33199590
  2.15941992
  1.98718343
  1.81527256
  1.64369729
  1.47189661
  1.30958653
  1.14062851
  0.97296039
  0.80022262
  0.63107406
  0.46449132
  0.29983367
  0.13669247
 -0.02519020
 -0.18596618
 -0.34570606
 -0.50441351
 -0.66203404
 -0.81846160
 -0.97354579
 -1.12710381
 -1.28352078
 -1.43933123
 -1.59593440
 -1.75223111
 -1.90829343
 -2.06414628
 -2.21976344
 -2.37507694
 -2.53301302
 -2.69094900
 -2.84894151
 -3.00611090
 -3.16333185
 -2.99682628
 -2.83031194
 -2.66379678
 -2.49728204
 -2.33076937
 -2.16425646
 -1.99773026
 -1.83116823
 -1.66461970
 -1.49806300
 -1.33145614
 -1.16476744
 -0.99799143
 -0.83114356
 -0.66441734
 -0.49796454
 -0.33177192
 -0.16579745
  0.00000000
