  0.00000000
 -0.49158963
 -0.48883909
 -0.47785938
  0.17244966
  0.44320101
  0.43720502
  0.37427689
  0.12146844
 -0.06603982
 -0.02796468
  0.00122368
  0.00206242
  0.00173111
  0.01149042
 -0.04749384
 -0.34121487
  0.05713889
  0.49731701
  0.49937435
  0.49972267
  0.49981581
  0.49977233
 -0.49982212
 -0.49986952
 -0.49983283
 -0.49966805
 -0.49861513
  0.03318904
  0.22995553
  0.00450349
 -0.00151818
  0.00048075
 -0.00199777
 -0.01242511
  0.18113398
  0.15684474
 -0.48885726
 -0.49996816
 -0.49997906
 -0.49998060
 -0.49997735
 -0.49996088
 -0.41428775
 -0.00000160
  0.00004163
  0.49995995
  0.49998160
  0.49998669
  0.49998878
  0.49998973
  0.49999005
  0.49998991
  0.49998930
  0.49998806
  0.49998572
  0.49998096
  0.49996816
  0.49985689
  0.00000852
 -0.36684968
 -0.49994795
 -0.49996781
 -0.49997235
 -0.49997122
 -0.49996249
 -0.49991202
 -0.00754468
  0.08726841
  0.49761040
 -0.11558098
 -0.38922419
 -0.04332768
 -0.00239347
 -0.00554119
 -0.10930441
  0.18686384
  0.39721103
 -0.44036726
 -0.49707259
 -0.49899127
 -0.49942095
 -0.49955958
 -0.49957237
 -0.49939904
  0.44644039
  0.49947535
  0.49973814
  0.49981515
  0.49984674
  0.49985892
  0.00000000
