  0.00000000
  0.74867654
  0.74856504
  0.74820119
  0.74714004
  0.74315919
  0.71790051
  0.66888281
  0.62880000
  0.60549615
  0.59746829
  0.59728692
  0.60274126
  0.64954418
  0.61324572
  0.61703814
  0.62285929
  0.61765335
  0.61310926
  0.60455433
  0.58773442
  0.58465101
  0.56905272
  0.56966817
  0.55021371
  0.52785048
  0.51412200
  0.49638443
  0.56383552
  0.45958412
  0.46829270
  0.41264179
  0.41565556
  0.44310785
 -0.10840172
 -0.05221168
 -0.02417270
 -0.01246878
 -0.01156429
 -0.01736776
 -0.04809265
 -0.03302819
 -0.00113055
  0.00669695
  0.01529565
  0.05483300
  0.09513961
  0.09638427
  0.09834933
  0.07330028
  0.07618369
  0.05994402
  0.05554328
  0.04974602
  0.03856480
  0.03562336
  0.02772307
  0.01676018
  0.00742271
  0.00171186
 -0.00582035
 -0.02066110
 -0.03796624
 -0.05880743
 -0.08056634
 -0.09981526
 -0.12704669
 -0.07943691
 -0.70056825
 -0.69402123
 -0.72032269
 -0.71501962
 -0.69451119
 -0.66732739
 -0.63947960
 -0.61461022
 -0.60749528
 -0.63410789
 -0.65103805
 -0.66571648
 -0.65599197
 -0.63525420
 -0.61469576
 -0.56416624
 -0.51644484
 -0.48847596
 -0.47655024
 -0.48236792
 -0.50343603
 -0.54284187
 -0.57424284
 -0.60859719
 -0.64397618
 -0.67880591
 -0.69410904
 -0.72334900
 -0.72390778
 -0.71747206
 -0.67758953
 -0.70648529
 -0.67246568
 -0.64337475
 -0.62007141
 -0.60260073
 -0.59092088
 -0.58498126
 -0.58475763
 -0.59021813
 -0.59906579
 -0.60841124
 -0.61600220
 -0.62209723
 -0.61135708
 -0.61925642
 -0.62136823
 -0.62294208
 -0.62401273
 -0.62535827
  0.63256217
  0.63765951
  0.65833200
  0.70429060
  0.74543530
  0.74897494
  0.74954848
  0.74974673
  0.74983770
  0.74988707
  0.74991707
  0.74993611
  0.74992958
  0.68825952
  0.57629473
  0.17367809
 -0.75000000
  0.00000000
