task_id 19

[x]
1 22.000000000000
2 22.000000000000
3 22.000000000000
4 21.953245260000
5 21.859752550000
6 21.719608220000
7 21.533114590000
8 21.301362260000
9 21.028316380000
10 20.721976620000
11 20.391597620000
12 20.044330160000
13 19.682889440000
14 19.309518730000
15 19.185540230000
16 18.792473650000
17 18.409412500000
18 18.058044810000
19 17.673149120000
20 17.251338950000
21 16.769950790000
22 16.184447880000
23 15.593478110000
24 14.923992860000
25 14.273156460000
26 13.522389120000
27 12.660553070000
28 11.750684060000
29 10.802295800000
30 10.285386950000
31 9.351752230000
32 8.627042830000
33 7.936882350000
34 7.508868800000
35 7.313173710000
36 7.288947450000
37 7.351392630000
38 7.417662820000
39 7.454692650000
40 7.436305660000
41 7.336488280000
42 7.035928360000
43 6.474395680000
44 5.753634690000
45 5.750261670000
46 4.966987530000
47 4.126330230000
48 3.305578570000
49 2.690799620000
50 2.162554860000
51 1.851448980000
52 1.703841330000
53 1.947152490000
54 2.527703710000
55 3.248060190000
56 3.965596330000
57 4.772986740000
58 5.592932730000
59 6.363861250000
60 7.151081330000
61 8.113063900000
62 9.064812920000
63 9.814805920000
64 10.608252850000
65 11.454780140000
66 12.264749220000
67 13.014586240000
68 14.146650880000
69 14.152367280000
70 15.159108760000
71 15.846952410000
72 16.867801510000
73 17.711289630000
74 18.382581440000
75 18.902862190000
76 19.362658510000
77 19.816381240000
78 20.280064230000
79 20.667307540000
80 21.063793390000
81 21.641388090000
82 22.254118920000
83 22.812087000000
84 23.303596490000
85 23.839890660000
86 24.368479570000
87 24.862968330000
88 25.321015800000
89 25.737495120000
90 26.104381140000
91 26.405747310000
92 26.654565870000
93 26.843893140000
94 26.981521280000
95 27.074563460000
96 27.099357430000
97 27.148610550000
98 27.176986490000
99 27.192660280000
100 27.192700330000
101 27.199906660000
102 27.200410390000
103 27.194886810000
104 27.183471990000
105 27.166378500000
106 27.144278780000
107 27.118538920000
108 27.091355430000
109 27.065789320000
110 27.045538280000
111 27.033774290000
112 27.032709260000
113 27.044109580000
114 27.075290280000
115 27.120972020000
116 27.182547130000
117 27.261064870000
118 27.356292530000
119 27.463056300000
120 27.604344130000
121 27.743254420000
122 27.862697950000
123 27.953959390000
124 28.011444400000
125 28.033095070000
126 28.020481790000
127 27.978208970000
128 27.913846810000
129 27.837831410000
130 27.762713580000
131 27.699314940000
132 27.654776560000
133 27.632806670000
134 27.632808520000
135 27.651378210000
136 27.675544790000

[y]
1 22.935835350000
2 22.935835350000
3 22.935835350000
4 22.936922670000
5 22.939371570000
6 22.944716250000
7 22.956984550000
8 22.983513390000
9 23.035810530000
10 23.127342450000
11 23.267750340000
12 23.459363230000
13 23.699627960000
14 23.986338820000
15 24.091014400000
16 24.428513080000
17 24.775149840000
18 25.093407350000
19 25.427923050000
20 25.765269450000
21 26.114490490000
22 26.492217450000
23 26.820059290000
24 27.144420890000
25 27.398974870000
26 27.629454340000
27 27.816689530000
28 27.913727570000
29 27.874410280000
30 27.754308310000
31 27.402751790000
32 26.904453070000
33 26.108649240000
34 25.118538770000
35 24.033832960000
36 22.905882550000
37 21.954075130000
38 21.118583780000
39 20.326821820000
40 19.469948890000
41 18.734034360000
42 17.656633970000
43 16.697975090000
44 15.861009640000
45 15.857847670000
46 15.123803210000
47 14.391376210000
48 13.632660560000
49 12.937892730000
50 12.131235640000
51 11.336254510000
52 10.236236840000
53 9.118753630000
54 8.130203880000
55 7.373463950000
56 6.801586860000
57 6.247161620000
58 5.737621840000
59 5.273755300000
60 4.790254810000
61 4.175457550000
62 3.546235820000
63 3.082500580000
64 2.664324990000
65 2.308485740000
66 2.053878750000
67 1.883728210000
68 1.711804100000
69 1.711634100000
70 1.682710740000
71 1.782238290000
72 2.103864380000
73 2.686994200000
74 3.397063110000
75 4.116093970000
76 4.841590870000
77 5.571144460000
78 6.250085060000
79 6.716669220000
80 7.099569010000
81 7.538955360000
82 7.839307880000
83 8.026931400000
84 8.153130040000
85 8.272142370000
86 8.385666580000
87 8.505175480000
88 8.643726470000
89 8.809751500000
90 9.006721910000
91 9.226405320000
92 9.472854510000
93 9.725703870000
94 9.971741760000
95 10.195842140000
96 10.275562660000
97 10.451514220000
98 10.586131280000
99 10.677116200000
100 10.677376770000
101 10.724273430000
102 10.727714670000
103 10.689888680000
104 10.612759620000
105 10.497922740000
106 10.346616860000
107 10.159881910000
108 9.939045830000
109 9.686937100000
110 9.410240970000
111 9.115357190000
112 8.803261740000
113 8.476564610000
114 8.051955990000
115 7.671307700000
116 7.267922440000
117 6.841553070000
118 6.392430420000
119 5.934948170000
120 5.357488640000
121 4.787727770000
122 4.251984700000
123 3.752079600000
124 3.291361840000
125 2.874158580000
126 2.503384360000
127 2.181989300000
128 1.912243430000
129 1.694677250000
130 1.527143780000
131 1.405989600000
132 1.327926340000
133 1.290954120000
134 1.290957200000
135 1.321820290000
136 1.361985470000

[theta]
1 3.118341030000
2 3.118341030000
3 3.118341030000
4 3.115405140000
5 3.103474130000
6 3.075903220000
7 3.027617890000
8 2.952351810000
9 2.851244040000
10 2.739729930000
11 2.637388790000
12 2.554923780000
13 2.486734380000
14 2.440415980000
15 2.432110850000
16 2.406070820000
17 2.405599910000
18 2.426109830000
19 2.466998730000
20 2.513992260000
21 2.568645860000
22 2.635107740000
23 2.690426080000
24 2.768766130000
25 2.843733810000
26 2.927664990000
27 3.035343460000
28 3.183025960000
29 3.369885820000
30 3.501717500000
31 3.743937460000
32 3.997965420000
33 4.304360930000
34 4.533896110000
35 4.690914840000
36 4.777900800000
37 4.791541970000
38 4.759123690000
39 4.690933390000
40 4.577574710000
41 4.440338300000
42 4.182514580000
43 4.001450940000
44 3.894714030000
45 3.894558410000
46 3.858297520000
47 3.887734200000
48 3.987996430000
49 4.132607180000
50 4.339372560000
51 4.578999020000
52 4.926774370000
53 5.243399990000
54 5.473160280000
55 5.610275560000
56 5.681449590000
57 5.727156630000
58 5.741517840000
59 5.732399470000
60 5.714515240000
61 5.699031140000
62 5.729404480000
63 5.798143070000
64 5.885258380000
65 5.978623660000
66 6.060046940000
67 6.132469210000
68 6.253484280000
69 6.254463250000
70 6.426884190000
71 6.588397320000
72 6.888069730000
73 7.096648440000
74 7.227599120000
75 7.289102570000
76 7.297601610000
77 7.254789850000
78 7.161245920000
79 7.051155010000
80 6.933510540000
81 6.738951620000
82 6.607570110000
83 6.534513400000
84 6.501563140000
85 6.494740130000
86 6.520319750000
87 6.576917300000
88 6.662518030000
89 6.775892700000
90 6.913082420000
91 7.063798870000
92 7.211266570000
93 7.343967700000
94 7.460456370000
95 7.552404300000
96 7.581042820000
97 7.646232890000
98 7.683388340000
99 7.701470970000
100 7.701510540000
101 7.708643980000
102 7.708979720000
103 7.707051480000
104 7.706216500000
105 7.708947540000
106 7.717003630000
107 7.731505050000
108 7.752919070000
109 7.780922460000
110 7.814107740000
111 7.850568850000
112 7.888863050000
113 7.927283300000
114 7.973420420000
115 8.005458280000
116 8.036095520000
117 8.062917670000
118 8.083250840000
119 8.093939220000
120 8.093120740000
121 8.073343350000
122 8.034550790000
123 7.978112890000
124 7.905829940000
125 7.819976000000
126 7.723203200000
127 7.619758070000
128 7.517850530000
129 7.432479870000
130 7.371876930000
131 7.335503990000
132 7.317817800000
133 7.312327830000
134 7.312328050000
135 7.312327830000
136 1.570796330000

[v]
1 0.000000000000
2 0.000000000000
3 0.187120200000
4 0.374210790000
5 0.561205250000
6 0.747916880000
7 0.933624650000
8 1.112991910000
9 1.280069270000
10 1.437124340000
11 1.588370410000
12 1.737561040000
13 1.886752790000
14 2.037139500000
15 2.088883330000
16 2.240979010000
17 2.383226230000
18 2.507126580000
19 2.632756510000
20 2.758537550000
21 2.888874790000
22 3.030632270000
23 3.161006750000
24 3.294930050000
25 3.415755700000
26 3.542260530000
27 3.673683110000
28 3.801739040000
29 3.925674320000
30 4.001896010000
31 4.116465600000
32 4.216517370000
33 4.319605220000
34 4.423399990000
35 4.533813070000
36 4.506838040000
37 4.495787810000
38 4.491281470000
39 4.489080950000
40 4.486872940000
41 4.483998300000
42 4.472001610000
43 4.463796110000
44 4.463516070000
45 4.463523000000
46 4.467201730000
47 4.480887430000
48 4.504618950000
49 4.524469030000
50 4.545428680000
51 4.559195310000
52 4.577741210000
53 4.592717110000
54 4.606581530000
55 4.617864050000
56 4.625526750000
57 4.633069730000
58 4.638846260000
59 4.642096970000
60 4.643574210000
61 4.643994780000
62 4.642564360000
63 4.638640460000
64 4.631299570000
65 4.619639450000
66 4.604832150000
67 4.588165500000
68 4.556458960000
69 4.556359250000
70 4.401502790000
71 4.291914710000
72 4.112281670000
73 3.933985870000
74 3.761477920000
75 3.604021610000
76 3.451617490000
77 3.298635650000
78 3.147220090000
79 3.025049740000
80 2.906424600000
81 2.740197470000
82 2.576837050000
83 2.431715120000
84 2.303436740000
85 2.168890550000
86 2.040155920000
87 1.918351630000
88 1.799473640000
89 1.679288230000
90 1.554449790000
91 1.424213220000
92 1.283006200000
93 1.133168620000
94 0.972957120000
95 0.803668710000
96 0.731557920000
97 0.550893010000
98 0.370110450000
99 0.191134350000
100 0.190199750000
101 0.013959130000
102 -0.153606630000
103 -0.313717360000
104 -0.467824890000
105 -0.617374690000
106 -0.763734110000
107 -0.908116370000
108 -1.051391770000
109 -1.193643670000
110 -1.332883590000
111 -1.467595090000
112 -1.598593890000
113 -1.725807300000
114 -1.876626640000
115 -2.003136320000
116 -2.129714940000
117 -2.256525130000
118 -2.383485270000
119 -2.506741250000
120 -2.356724110000
121 -2.198048010000
122 -2.033649250000
123 -1.857661520000
124 -1.671352970000
125 -1.484142220000
126 -1.296778760000
127 -1.109360290000
128 -0.921915730000
129 -0.734456590000
130 -0.546988460000
131 -0.359514710000
132 -0.172039700000
133 0.000014380000
134 0.144082540000
135 0.187500010000
136 0.000000000000

[a]
1 0.000000000000
2 0.748676540000
3 0.748565040000
4 0.748201190000
5 0.747140040000
6 0.743159190000
7 0.717900510000
8 0.668882810000
9 0.628800000000
10 0.605496150000
11 0.597468290000
12 0.597286920000
13 0.602741260000
14 0.649544180000
15 0.613245720000
16 0.617038140000
17 0.622859290000
18 0.617653350000
19 0.613109260000
20 0.604554330000
21 0.587734420000
22 0.584651010000
23 0.569052720000
24 0.569668170000
25 0.550213710000
26 0.527850480000
27 0.514122000000
28 0.496384430000
29 0.563835520000
30 0.459584120000
31 0.468292700000
32 0.412641790000
33 0.415655560000
34 0.443107850000
35 -0.108401720000
36 -0.052211680000
37 -0.024172700000
38 -0.012468780000
39 -0.011564290000
40 -0.017367760000
41 -0.048092650000
42 -0.033028190000
43 -0.001130550000
44 0.006696950000
45 0.015295650000
46 0.054833000000
47 0.095139610000
48 0.096384270000
49 0.098349330000
50 0.073300280000
51 0.076183690000
52 0.059944020000
53 0.055543280000
54 0.049746020000
55 0.038564800000
56 0.035623360000
57 0.027723070000
58 0.016760180000
59 0.007422710000
60 0.001711860000
61 -0.005820350000
62 -0.020661100000
63 -0.037966240000
64 -0.058807430000
65 -0.080566340000
66 -0.099815260000
67 -0.127046690000
68 -0.079436910000
69 -0.700568250000
70 -0.694021230000
71 -0.720322690000
72 -0.715019620000
73 -0.694511190000
74 -0.667327390000
75 -0.639479600000
76 -0.614610220000
77 -0.607495280000
78 -0.634107890000
79 -0.651038050000
80 -0.665716480000
81 -0.655991970000
82 -0.635254200000
83 -0.614695760000
84 -0.564166240000
85 -0.516444840000
86 -0.488475960000
87 -0.476550240000
88 -0.482367920000
89 -0.503436030000
90 -0.542841870000
91 -0.574242840000
92 -0.608597190000
93 -0.643976180000
94 -0.678805910000
95 -0.694109040000
96 -0.723349000000
97 -0.723907780000
98 -0.717472060000
99 -0.677589530000
100 -0.706485290000
101 -0.672465680000
102 -0.643374750000
103 -0.620071410000
104 -0.602600730000
105 -0.590920880000
106 -0.584981260000
107 -0.584757630000
108 -0.590218130000
109 -0.599065790000
110 -0.608411240000
111 -0.616002200000
112 -0.622097230000
113 -0.611357080000
114 -0.619256420000
115 -0.621368230000
116 -0.622942080000
117 -0.624012730000
118 -0.625358270000
119 0.632562170000
120 0.637659510000
121 0.658332000000
122 0.704290600000
123 0.745435300000
124 0.748974940000
125 0.749548480000
126 0.749746730000
127 0.749837700000
128 0.749887070000
129 0.749917070000
130 0.749936110000
131 0.749929580000
132 0.688259520000
133 0.576294730000
134 0.173678090000
135 -0.750000000000
136 0.000000000000

[phy]
1 0.000000000000
2 0.000000000000
3 -0.124899350000
4 -0.249811660000
5 -0.374612320000
6 -0.476922680000
7 -0.573080960000
8 -0.628859520000
9 -0.609092370000
10 -0.518205400000
11 -0.394081960000
12 -0.304458050000
13 -0.194300990000
14 -0.102017530000
15 -0.100190130000
16 -0.001824070000
17 0.086310510000
18 0.159011560000
19 0.172287340000
20 0.181768320000
21 0.188505150000
22 0.162269870000
23 0.207579340000
24 0.211343210000
25 0.210573940000
26 0.239498390000
27 0.312234660000
28 0.375080650000
29 0.461117000000
30 0.452053770000
31 0.523838490000
32 0.526880360000
33 0.402372020000
34 0.277560010000
35 0.152996500000
36 0.028595140000
37 -0.077206170000
38 -0.170392980000
39 -0.258602840000
40 -0.354014090000
41 -0.431965530000
42 -0.315085570000
43 -0.190915500000
44 -0.067222850000
45 -0.067456560000
46 0.052753770000
47 0.177517690000
48 0.302207340000
49 0.405145510000
50 0.511546860000
51 0.559814930000
52 0.505682220000
53 0.381223520000
54 0.256686420000
55 0.153912300000
56 0.093065150000
57 0.029743940000
58 -0.020266490000
59 -0.038697850000
60 -0.027119610000
61 0.053192620000
62 0.154661120000
63 0.191869110000
64 0.200613870000
65 0.189498670000
66 0.186197480000
67 0.208304900000
68 0.329863130000
69 0.329880510000
70 0.435077080000
71 0.510466440000
72 0.386364210000
73 0.261869410000
74 0.137719890000
75 0.019787200000
76 -0.099334960000
77 -0.223744790000
78 -0.348314530000
79 -0.403452480000
80 -0.492170040000
81 -0.367565710000
82 -0.243293840000
83 -0.129142500000
84 -0.024837370000
85 0.094345330000
86 0.218940320000
87 0.343566920000
88 0.468228860000
89 0.582610810000
90 0.679760950000
91 0.699927600000
92 0.698785630000
93 0.690638880000
94 0.648520980000
95 0.601331910000
96 0.619774540000
97 0.495245480000
98 0.373340500000
99 0.291633950000
100 0.292084920000
101 0.190687290000
102 0.100544520000
103 0.021414950000
104 -0.047010770000
105 -0.104981800000
106 -0.152663130000
107 -0.190157150000
108 -0.217522760000
109 -0.234815050000
110 -0.242243070000
111 -0.240644060000
112 -0.230870150000
113 -0.213431520000
114 -0.165604330000
115 -0.149047670000
116 -0.123110140000
117 -0.088346430000
118 -0.045472780000
119 0.002754130000
120 0.067344740000
121 0.140417020000
122 0.218574630000
123 0.301854710000
124 0.389966500000
125 0.480858190000
126 0.568055620000
127 0.633799690000
128 0.637626430000
129 0.583478270000
130 0.488921040000
131 0.374953160000
132 0.249965040000
133 0.124978060000
134 -0.000012230000
135 -0.125000000000
136 0.000000000000

[w]
1 0.000000000000
2 -0.499728040000
3 -0.499784500000
4 -0.499351700000
5 -0.409401940000
6 -0.384802690000
7 -0.223248280000
8 0.079136510000
9 0.363883510000
10 0.496914410000
11 0.358918830000
12 0.441011830000
13 0.369865460000
14 0.023328780000
15 0.396609130000
16 0.382308410000
17 0.365476790000
18 0.065269590000
19 0.046214380000
20 0.031247630000
21 -0.108771880000
22 0.203181840000
23 0.015994040000
24 -0.003626230000
25 0.125802810000
26 0.292141900000
27 0.252316160000
28 0.344591800000
29 -0.067021060000
30 0.287958270000
31 0.014236190000
32 -0.498384350000
33 -0.499821110000
34 -0.499896210000
35 -0.499917900000
36 -0.499897780000
37 -0.499869220000
38 -0.499825370000
39 -0.499735840000
40 -0.470959390000
41 0.468550100000
42 0.499805020000
43 0.499881590000
44 -0.225623580000
45 0.499837930000
46 0.499875860000
47 0.499878100000
48 0.499827080000
49 0.499268780000
50 0.257002790000
51 -0.222368010000
52 -0.498170440000
53 -0.498914780000
54 -0.453144710000
55 -0.306233380000
56 -0.299047910000
57 -0.240013090000
58 -0.095029410000
59 0.058182640000
60 0.326662490000
61 0.413012190000
62 0.195904280000
63 0.045226810000
64 -0.056059290000
65 -0.017962050000
66 0.132402510000
67 0.487082310000
68 0.013884030000
69 0.475907830000
70 0.477435330000
71 -0.497645120000
72 -0.499260390000
73 -0.499821460000
74 -0.499818810000
75 -0.499830730000
76 -0.499822950000
77 -0.499788030000
78 -0.286252700000
79 -0.486916310000
80 0.499023100000
81 0.499028430000
82 0.499685270000
83 0.499830540000
84 0.499744060000
85 0.499836970000
86 0.499793800000
87 0.499736350000
88 0.459075000000
89 0.391777560000
90 0.084057190000
91 -0.004632050000
92 -0.033092230000
93 -0.169299220000
94 -0.189217530000
95 0.177184370000
96 -0.498591230000
97 -0.488145380000
98 -0.327539190000
99 0.326958270000
100 -0.406465290000
101 -0.361755010000
102 -0.317966010000
103 -0.275318530000
104 -0.233589390000
105 -0.192510980000
106 -0.151910820000
107 -0.111688340000
108 -0.071746690000
109 -0.031959180000
110 0.007220880000
111 0.045960800000
112 0.085279520000
113 0.193872450000
114 0.081047040000
115 0.127326190000
116 0.170773170000
117 0.210725190000
118 0.244688170000
119 0.272353680000
120 0.293650220000
121 0.312980960000
122 0.333281040000
123 0.352542220000
124 0.363630800000
125 0.348833770000
126 0.263001840000
127 0.015308180000
128 -0.216607230000
129 -0.378251350000
130 -0.455896530000
131 -0.499972210000
132 -0.499979300000
133 -0.499980310000
134 -0.499974730000
135 0.500000000000
136 0.000000000000

[dt]
1 0.087444690000
2 0.249934660000
3 0.249932330000
4 0.249925400000
5 0.249901850000
6 0.249889760000
7 0.249849720000
8 0.249785460000
9 0.249769350000
10 0.249788610000
11 0.249704710000
12 0.249782430000
13 0.249504670000
14 0.079647780000
15 0.248017160000
16 0.230531430000
17 0.198921470000
18 0.203398790000
19 0.205152670000
20 0.215591900000
21 0.241191360000
22 0.222994560000
23 0.235343550000
24 0.212097330000
25 0.229919420000
26 0.248976620000
27 0.249076730000
28 0.249675980000
29 0.135181320000
30 0.249289320000
31 0.213652100000
32 0.249824030000
33 0.249713370000
34 0.249178770000
35 0.248843620000
36 0.211645850000
37 0.186422370000
38 0.176481340000
39 0.190923300000
40 0.165516840000
41 0.249451040000
42 0.248437090000
43 0.247443940000
44 0.001035810000
45 0.240498530000
46 0.249589830000
47 0.249440130000
48 0.205947530000
49 0.213114360000
50 0.187812250000
51 0.243437030000
52 0.249831680000
53 0.249616140000
54 0.226801930000
55 0.198696150000
56 0.211742710000
57 0.208365420000
58 0.193954220000
59 0.199014340000
60 0.245857960000
61 0.245681000000
62 0.189934180000
63 0.193353970000
64 0.198276000000
65 0.183789970000
66 0.166976620000
67 0.249564960000
68 0.001255090000
69 0.221044220000
70 0.157902040000
71 0.249379610000
72 0.249358650000
73 0.248387810000
74 0.235950770000
75 0.238325040000
76 0.248907870000
77 0.249245200000
78 0.192661730000
79 0.182209560000
80 0.249696640000
81 0.249028070000
82 0.228446320000
83 0.208680770000
84 0.238487580000
85 0.249271310000
86 0.249356070000
87 0.249455480000
88 0.249157020000
89 0.247971620000
90 0.239916460000
91 0.245897360000
92 0.246199070000
93 0.248784220000
94 0.249391420000
95 0.103889240000
96 0.249761980000
97 0.249731650000
98 0.249453550000
99 0.001379320000
100 0.249460630000
101 0.249179730000
102 0.248859040000
103 0.248529860000
104 0.248171640000
105 0.247677740000
106 0.246812690000
107 0.245014630000
108 0.241015220000
109 0.232427930000
110 0.221413400000
111 0.212659060000
112 0.204489880000
113 0.246696740000
114 0.204291790000
115 0.203709450000
116 0.203566570000
117 0.203457630000
118 0.197095670000
119 0.237157430000
120 0.248841380000
121 0.249720040000
122 0.249879420000
123 0.249932620000
124 0.249955980000
125 0.249968430000
126 0.249975710000
127 0.249980180000
128 0.249983170000
129 0.249985150000
130 0.249986290000
131 0.249990140000
132 0.249984320000
133 0.249990410000
134 0.249988190000
135 0.250000000000
