  0.00000000
  0.00000000
 -0.12489935
 -0.24981166
 -0.37461232
 -0.47692268
 -0.57308096
 -0.62885952
 -0.60909237
 -0.51820540
 -0.39408196
 -0.30445805
 -0.19430099
 -0.10201753
 -0.10019013
 -0.00182407
  0.08631051
  0.15901156
  0.17228734
  0.18176832
  0.18850515
  0.16226987
  0.20757934
  0.21134321
  0.21057394
  0.23949839
  0.31223466
  0.37508065
  0.46111700
  0.45205377
  0.52383849
  0.52688036
  0.40237202
  0.27756001
  0.15299650
  0.02859514
 -0.07720617
 -0.17039298
 -0.25860284
 -0.35401409
 -0.43196553
 -0.31508557
 -0.19091550
 -0.06722285
 -0.06745656
  0.05275377
  0.17751769
  0.30220734
  0.40514551
  0.51154686
  0.55981493
  0.50568222
  0.38122352
  0.25668642
  0.15391230
  0.09306515
  0.02974394
 -0.02026649
 -0.03869785
 -0.02711961
  0.05319262
  0.15466112
  0.19186911
  0.20061387
  0.18949867
  0.18619748
  0.20830490
  0.32986313
  0.32988051
  0.43507708
  0.51046644
  0.38636421
  0.26186941
  0.13771989
  0.01978720
 -0.09933496
 -0.22374479
 -0.34831453
 -0.40345248
 -0.49217004
 -0.36756571
 -0.24329384
 -0.12914250
 -0.02483737
  0.09434533
  0.21894032
  0.34356692
  0.46822886
  0.58261081
  0.67976095
  0.69992760
  0.69878563
  0.69063888
  0.64852098
  0.60133191
  0.61977454
  0.49524548
  0.37334050
  0.29163395
  0.29208492
  0.19068729
  0.10054452
  0.02141495
 -0.04701077
 -0.10498180
 -0.15266313
 -0.19015715
 -0.21752276
 -0.23481505
 -0.24224307
 -0.24064406
 -0.23087015
 -0.21343152
 -0.16560433
 -0.14904767
 -0.12311014
 -0.08834643
 -0.04547278
  0.00275413
  0.06734474
  0.14041702
  0.21857463
  0.30185471
  0.38996650
  0.48085819
  0.56805562
  0.63379969
  0.63762643
  0.58347827
  0.48892104
  0.37495316
  0.24996504
  0.12497806
 -0.00001223
 -0.12500000
  0.00000000
