  0.00000000
 -0.49972804
 -0.49978450
 -0.49935170
 -0.40940194
 -0.38480269
 -0.22324828
  0.07913651
  0.36388351
  0.49691441
  0.35891883
  0.44101183
  0.36986546
  0.02332878
  0.39660913
  0.38230841
  0.36547679
  0.06526959
  0.04621438
  0.03124763
 -0.10877188
  0.20318184
  0.01599404
 -0.00362623
  0.12580281
  0.29214190
  0.25231616
  0.34459180
 -0.06702106
  0.28795827
  0.01423619
 -0.49838435
 -0.49982111
 -0.49989621
 -0.49991790
 -0.49989778
 -0.49986922
 -0.49982537
 -0.49973584
 -0.47095939
  0.46855010
  0.49980502
  0.49988159
 -0.22562358
  0.49983793
  0.49987586
  0.49987810
  0.49982708
  0.49926878
  0.25700279
 -0.22236801
 -0.49817044
 -0.49891478
 -0.45314471
 -0.30623338
 -0.29904791
 -0.24001309
 -0.09502941
  0.05818264
  0.32666249
  0.41301219
  0.19590428
  0.04522681
 -0.05605929
 -0.01796205
  0.13240251
  0.48708231
  0.01388403
  0.47590783
  0.47743533
 -0.49764512
 -0.49926039
 -0.49982146
 -0.49981881
 -0.49983073
 -0.49982295
 -0.49978803
 -0.28625270
 -0.48691631
  0.49902310
  0.49902843
  0.49968527
  0.49983054
  0.49974406
  0.49983697
  0.49979380
  0.49973635
  0.45907500
  0.39177756
  0.08405719
 -0.00463205
 -0.03309223
 -0.16929922
 -0.18921753
  0.17718437
 -0.49859123
 -0.48814538
 -0.32753919
  0.32695827
 -0.40646529
 -0.36175501
 -0.31796601
 -0.27531853
 -0.23358939
 -0.19251098
 -0.15191082
 -0.11168834
 -0.07174669
 -0.03195918
  0.00722088
  0.04596080
  0.08527952
  0.19387245
  0.08104704
  0.12732619
  0.17077317
  0.21072519
  0.24468817
  0.27235368
  0.29365022
  0.31298096
  0.33328104
  0.35254222
  0.36363080
  0.34883377
  0.26300184
  0.01530818
 -0.21660723
 -0.37825135
 -0.45589653
 -0.49997221
 -0.49997930
 -0.49998031
 -0.49997473
  0.50000000
  0.00000000
