task_id 1

[x]
1 1.943765280000
2 1.943765280000
3 1.943765280000
4 1.977392080000
5 2.044383760000
6 2.144343440000
7 2.276704190000
8 2.440874850000
9 2.636454490000
10 2.863037230000
11 3.119284750000
12 3.402241780000
13 3.708552350000
14 4.034048250000
15 4.373510500000
16 4.721963080000
17 5.074055880000
18 5.425954630000
19 5.772166970000
20 6.108139280000
21 6.427374970000
22 6.726135230000
23 7.002027460000
24 7.255203450000
25 7.486875430000
26 7.699337620000
27 7.895825240000
28 8.079178180000
29 8.251922260000
30 8.415838200000
31 8.572358480000
32 8.722614650000
33 8.867506940000
34 9.007814070000
35 9.144366080000
36 9.277700910000
37 9.408091280000
38 9.535869620000
39 9.661318600000
40 9.784698790000
41 9.906252920000
42 10.026199270000
43 10.144715600000
44 10.261943100000
45 10.378006890000
46 10.493023200000
47 10.607095450000
48 10.720321090000
49 10.832799390000
50 10.944624520000
51 11.055873630000
52 11.166605200000
53 11.276867130000
54 11.386703570000
55 11.496156570000
56 11.605266310000
57 11.714072620000
58 11.822616480000
59 11.930941290000
60 12.039095190000
61 12.147135360000
62 12.255133880000
63 12.363185660000
64 12.471419240000
65 12.580004420000
66 12.689091310000
67 12.798347480000
68 12.905453330000
69 13.015329580000
70 13.126682110000
71 13.239085270000
72 13.352861100000
73 13.468249480000
74 13.585604060000
75 13.705382180000
76 13.828168540000
77 13.954732010000
78 14.086130360000
79 14.223908050000
80 14.370506640000
81 14.530340380000
82 14.713633960000
83 14.955227330000
84 15.379694490000
85 15.965258070000
86 16.667899490000
87 17.463084470000
88 18.222356770000
89 18.915181970000
90 19.393967200000
91 19.529340610000
92 19.324373800000
93 18.847028400000
94 18.224802210000
95 17.511849480000
96 16.758984320000
97 15.995985410000
98 15.178765840000
99 14.302602280000
100 13.423460860000
101 12.526181280000
102 11.570554700000
103 10.569684310000
104 9.559701950000
105 8.588168040000
106 7.722231820000
107 6.985997550000
108 6.395542080000
109 6.019711120000
110 5.902512770000
111 6.135526980000
112 6.662776750000
113 7.398656150000
114 8.278651080000
115 9.217420820000
116 10.173230740000
117 11.103374230000
118 12.000403010000
119 12.862087580000
120 13.671855780000
121 14.454845850000
122 15.210028390000
123 15.958407250000
124 16.653990200000
125 17.294932210000
126 17.906659070000
127 18.477728410000
128 19.024862310000
129 19.539531070000
130 20.022284010000
131 20.468169120000
132 20.499263220000
133 20.617319880000
134 20.734033820000
135 20.795030480000
136 21.220379200000
137 21.421011660000
138 21.718122290000
139 21.998116010000
140 22.240341560000
141 22.446793330000
142 22.603610750000
143 22.767828220000
144 22.889712180000
145 22.978169770000
146 23.038972190000
147 23.075189690000
148 23.086315690000
149 23.085703140000
150 23.084238480000
151 23.081119110000
152 23.075109170000
153 23.064451020000
154 23.046937720000
155 23.020366900000
156 22.983547110000
157 22.937378320000
158 22.884842940000
159 22.829515150000
160 22.774089030000
161 22.717764430000
162 22.662139150000
163 22.610950850000
164 22.568410820000
165 22.537287060000
166 22.516188420000
167 22.501918430000
168 22.492119150000
169 22.485700240000
170 22.482257150000
171 22.481840280000
172 22.484378920000
173 22.490156510000
174 22.500329090000
175 22.517708870000
176 22.547770200000
177 22.592452270000
178 22.656313870000
179 22.740462740000
180 22.853336700000
181 23.084921090000
182 23.380485470000
183 23.698258440000
184 24.032387390000
185 24.360425810000
186 24.670219940000
187 24.952295230000
188 25.213328950000
189 25.460250750000
190 25.663061280000
191 25.670090390000
192 25.825131460000
193 25.933741950000
194 25.936850580000
195 25.996681100000
196 25.999857420000
197 26.000000000000

[y]
1 26.644254280000
2 26.644254280000
3 26.644254280000
4 26.644086140000
5 26.643813400000
6 26.643771980000
7 26.644776540000
8 26.648251010000
9 26.656227100000
10 26.671134070000
11 26.695335440000
12 26.730556870000
13 26.777621880000
14 26.836291060000
15 26.905186990000
16 26.982146860000
17 27.064366840000
18 27.149128410000
19 27.233370270000
20 27.314519060000
21 27.390016260000
22 27.458527270000
23 27.519517240000
24 27.573320800000
25 27.620616720000
26 27.662304280000
27 27.699395860000
28 27.732730590000
29 27.763004950000
30 27.790715520000
31 27.816251770000
32 27.839917120000
33 27.861950400000
34 27.882550030000
35 27.901902970000
36 27.920137600000
37 27.937335210000
38 27.953578160000
39 27.968935300000
40 27.983466680000
41 27.997224690000
42 28.010253900000
43 28.022590110000
44 28.034261660000
45 28.045292320000
46 28.055702330000
47 28.065508230000
48 28.074723760000
49 28.083360560000
50 28.091427570000
51 28.098930320000
52 28.105871150000
53 28.112250050000
54 28.118065200000
55 28.123313090000
56 28.127988480000
57 28.132084450000
58 28.135592390000
59 28.138501950000
60 28.140800980000
61 28.142475380000
62 28.143508890000
63 28.143882620000
64 28.143574190000
65 28.142556480000
66 28.140796980000
67 28.138268860000
68 28.135013900000
69 28.130868460000
70 28.125803270000
71 28.119778550000
72 28.112719290000
73 28.104542480000
74 28.095143810000
75 28.084391800000
76 28.072118190000
77 28.058101740000
78 28.042040510000
79 28.023500440000
80 28.001810470000
81 27.975799580000
82 27.942896570000
83 27.894668170000
84 27.798046030000
85 27.633458760000
86 27.374946020000
87 26.975492140000
88 26.425320130000
89 25.659035950000
90 24.682210230000
91 23.638244390000
92 22.557783390000
93 21.695281010000
94 21.003094270000
95 20.441456830000
96 19.995407080000
97 19.640591950000
98 19.330845760000
99 19.050900430000
100 18.799020350000
101 18.544602720000
102 18.247697030000
103 17.873497920000
104 17.385264040000
105 16.750856380000
106 15.973956140000
107 15.064780830000
108 14.038172690000
109 12.959990920000
110 11.742050530000
111 10.755188470000
112 9.753048150000
113 8.898481390000
114 8.198338040000
115 7.670408650000
116 7.283378580000
117 7.006686060000
118 6.803399140000
119 6.645626410000
120 6.515787900000
121 6.395865270000
122 6.278396460000
123 6.157328190000
124 6.042290440000
125 5.940159500000
126 5.854050820000
127 5.791680780000
128 5.755391710000
129 5.748746250000
130 5.772954250000
131 5.827897570000
132 5.834331450000
133 5.859608700000
134 5.887823110000
135 5.904313570000
136 6.025968310000
137 6.106452250000
138 6.247477830000
139 6.415882270000
140 6.596020990000
141 6.780788840000
142 6.946579960000
143 7.145925350000
144 7.319741040000
145 7.460146630000
146 7.563134340000
147 7.626580270000
148 7.646321060000
149 7.645232610000
150 7.642629930000
151 7.637086280000
152 7.626402310000
153 7.607437810000
154 7.576201410000
155 7.528548270000
156 7.461755990000
157 7.376218000000
158 7.275444150000
159 7.163718400000
160 7.043655010000
161 6.909890210000
162 6.760155770000
163 6.599147750000
164 6.437424470000
165 6.289362280000
166 6.160391380000
167 6.045743260000
168 5.938229490000
169 5.833032330000
170 5.726658560000
171 5.621154080000
172 5.515219230000
173 5.404126320000
174 5.279587030000
175 5.129138660000
176 4.938272420000
177 4.728391570000
178 4.497753770000
179 4.258567150000
180 3.999741890000
181 3.568632240000
182 3.160196140000
183 2.828993910000
184 2.563762350000
185 2.365525390000
186 2.223931260000
187 2.128412220000
188 2.065330270000
189 2.026371800000
190 2.008842740000
191 2.008545120000
192 2.002154450000
193 2.000325570000
194 2.000309210000
195 2.000005420000
196 2.000000230000
197 2.000000000000

[theta]
1 -0.004999960000
2 -0.004999960000
3 -0.004999960000
4 -0.004071320000
5 -0.000414370000
6 0.007589460000
7 0.021160590000
8 0.040759210000
9 0.065695750000
10 0.094165960000
11 0.123839260000
12 0.152458960000
13 0.178330730000
14 0.200236330000
15 0.217372180000
16 0.229406990000
17 0.236366680000
18 0.238685810000
19 0.236995110000
20 0.232226930000
21 0.225420250000
22 0.217565370000
23 0.209399210000
24 0.201383100000
25 0.193750220000
26 0.186577520000
27 0.179842080000
28 0.173493600000
29 0.167470100000
30 0.161724900000
31 0.156216750000
32 0.150910460000
33 0.145776600000
34 0.140788190000
35 0.135915050000
36 0.131136330000
37 0.126440000000
38 0.121811380000
39 0.117237160000
40 0.112704550000
41 0.108201120000
42 0.103715140000
43 0.099236200000
44 0.094755070000
45 0.090263010000
46 0.085751390000
47 0.081211860000
48 0.076635950000
49 0.072014750000
50 0.067339030000
51 0.062599700000
52 0.057787840000
53 0.052894380000
54 0.047909810000
55 0.042824120000
56 0.037626820000
57 0.032306960000
58 0.026853190000
59 0.021253780000
60 0.015496700000
61 0.009569430000
62 0.003458790000
63 -0.002849610000
64 -0.009372140000
65 -0.016127900000
66 -0.023135210000
67 -0.030380680000
68 -0.037710340000
69 -0.045456510000
70 -0.053547870000
71 -0.061965840000
72 -0.070745050000
73 -0.079917190000
74 -0.089525990000
75 -0.099628100000
76 -0.110296880000
77 -0.121629780000
78 -0.133761570000
79 -0.146889180000
80 -0.161322950000
81 -0.177618250000
82 -0.197036370000
83 -0.223817750000
84 -0.274005260000
85 -0.352545270000
86 -0.465518280000
87 -0.627048770000
88 -0.835701110000
89 -1.115063960000
90 -1.441843310000
91 -1.758271990000
92 -2.076278630000
93 -2.303019080000
94 -2.474358340000
95 -2.606728640000
96 -2.706312710000
97 -2.779298430000
98 -2.832332200000
99 -2.862561690000
100 -2.865303350000
101 -2.840357150000
102 -2.783810430000
103 -2.691306310000
104 -2.563113960000
105 -2.410337910000
106 -2.251474680000
107 -2.092746320000
108 -1.906203550000
109 -1.666732000000
110 -1.338932680000
111 -1.086469210000
112 -0.859884790000
113 -0.672065380000
114 -0.512285390000
115 -0.384743720000
116 -0.289136740000
117 -0.222858150000
118 -0.181091960000
119 -0.158986800000
120 -0.151978680000
121 -0.154313490000
122 -0.160384600000
123 -0.163899660000
124 -0.158016580000
125 -0.139844480000
126 -0.108785070000
127 -0.066228880000
128 -0.012911720000
129 0.050103010000
130 0.122603560000
131 0.204035080000
132 0.210927860000
133 0.237189960000
134 0.264040990000
135 0.278572040000
136 0.381493060000
137 0.443168420000
138 0.541490690000
139 0.639445030000
140 0.730028720000
141 0.813206580000
142 0.881722520000
143 0.959251750000
144 1.008594760000
145 1.037471630000
146 1.052088000000
147 1.057544080000
148 1.058220270000
149 1.058227970000
150 1.058262780000
151 1.058390760000
152 1.058778880000
153 1.059793990000
154 1.062142300000
155 1.066985590000
156 1.075859720000
157 1.090239340000
158 1.110987280000
159 1.138303570000
160 1.172257180000
161 1.215104270000
162 1.262978540000
163 1.313581980000
164 1.363605810000
165 1.408640440000
166 1.446965430000
167 1.479902980000
168 1.509853890000
169 1.538439480000
170 1.566845080000
171 1.594755980000
172 1.622756510000
173 1.652297250000
174 1.685806600000
175 1.727012260000
176 1.780557170000
177 1.840919990000
178 1.909084930000
179 1.982030690000
180 2.063745220000
181 2.197218470000
182 2.335504360000
183 2.470643970000
184 2.598009980000
185 2.712884160000
186 2.815083040000
187 2.904476710000
188 2.985106390000
189 3.055375620000
190 3.099276400000
191 3.100396260000
192 3.124754940000
193 3.136329160000
194 3.136514900000
195 3.139959140000
196 3.139999660000
197 3.140000000000

[v]
1 0.000000000000
2 0.000000000000
3 0.158957510000
4 0.317573870000
5 0.475739770000
6 0.633276840000
7 0.789987610000
8 0.945830350000
9 1.100989940000
10 1.255615640000
11 1.409297860000
12 1.560981530000
13 1.709815410000
14 1.854824510000
15 1.994813210000
16 2.128904950000
17 2.256203660000
18 2.376444150000
19 2.488810210000
20 2.592876980000
21 2.687671190000
22 2.773108180000
23 2.849425980000
24 2.917449610000
25 2.978128610000
26 3.032545380000
27 3.081886570000
28 3.127123900000
29 3.169068830000
30 3.208292630000
31 3.245244210000
32 3.280273390000
33 3.313655790000
34 3.345623910000
35 3.376409920000
36 3.406169620000
37 3.434992830000
38 3.462978320000
39 3.490209810000
40 3.516762790000
41 3.542706000000
42 3.568100410000
43 3.592996240000
44 3.617434310000
45 3.641450690000
46 3.665078420000
47 3.688346850000
48 3.711283210000
49 3.733914270000
50 3.756265020000
51 3.778356320000
52 3.800204750000
53 3.821824360000
54 3.843228090000
55 3.864428140000
56 3.885436040000
57 3.906262990000
58 3.926920150000
59 3.947418910000
60 3.967771310000
61 3.987990890000
62 4.008093720000
63 4.028099850000
64 4.048035250000
65 4.067933080000
66 4.087822280000
67 4.107642830000
68 4.126973040000
69 4.146715290000
70 4.166630830000
71 4.186641920000
72 4.206806520000
73 4.227167150000
74 4.247786060000
75 4.268743150000
76 4.290139870000
77 4.312108840000
78 4.334831810000
79 4.358573410000
80 4.383751300000
81 4.411120280000
82 4.442429760000
83 4.483643440000
84 4.556029170000
85 4.655618100000
86 4.775459500000
87 4.913706850000
88 4.998552790000
89 4.998651810000
90 4.998606390000
91 4.998644140000
92 4.998494640000
93 4.998414170000
94 4.998379310000
95 4.998320440000
96 4.998252710000
97 4.998316590000
98 4.998399430000
99 4.998390030000
100 4.998422810000
101 4.998531910000
102 4.998626590000
103 4.998693140000
104 4.998737870000
105 4.998741320000
106 4.998748480000
107 4.998754370000
108 4.998696510000
109 4.998812170000
110 4.998542420000
111 4.998705140000
112 4.998695070000
113 4.964813250000
114 4.796305770000
115 4.628569260000
116 4.461929760000
117 4.299153300000
118 4.138970380000
119 3.980463650000
120 3.826136790000
121 3.671040000000
122 3.515055420000
123 3.353439690000
124 3.195886470000
125 3.043692290000
126 2.891578810000
127 2.742679160000
128 2.592829010000
129 2.444033530000
130 2.295789970000
131 2.149105110000
132 2.138102740000
133 2.095830770000
134 2.052938470000
135 2.029930240000
136 1.866547910000
137 1.779756380000
138 1.641231580000
139 1.491986480000
140 1.340304870000
141 1.185329710000
142 1.040992530000
143 0.854969630000
144 0.668797590000
145 0.482752750000
146 0.296996690000
147 0.112555350000
148 -0.038514120000
149 -0.062240600000
150 -0.098128420000
151 -0.146696080000
152 -0.209314070000
153 -0.287210790000
154 -0.380675350000
155 -0.488119630000
156 -0.605253690000
157 -0.725641740000
158 -0.843035230000
159 -0.953878950000
160 -1.057777030000
161 -1.160603740000
162 -1.263736590000
163 -1.363907020000
164 -1.455755890000
165 -1.533588190000
166 -1.597375000000
167 -1.651486780000
168 -1.700373130000
169 -1.746708420000
170 -1.792245130000
171 -1.836222280000
172 -1.879316640000
173 -1.923508880000
174 -1.972006280000
175 -2.029350760000
176 -2.100450820000
177 -2.176671330000
178 -2.258543340000
179 -2.341619080000
180 -2.351345400000
181 -2.195961500000
182 -2.024110310000
183 -1.854260870000
184 -1.681876470000
185 -1.511089910000
186 -1.342140060000
187 -1.175815750000
188 -1.004603510000
189 -0.818053250000
190 -0.631486080000
191 -0.623194690000
192 -0.436506890000
193 -0.249921950000
194 -0.240646900000
195 -0.054227780000
196 -0.010317130000
197 0.000000000000

[a]
1 0.000000000000
2 0.749792230000
3 0.749784590000
4 0.749776270000
5 0.749767110000
6 0.749756980000
7 0.749746030000
8 0.749734550000
9 0.749722400000
10 0.749708490000
11 0.749691370000
12 0.749670980000
13 0.749646490000
14 0.749616540000
15 0.749580810000
16 0.749537830000
17 0.749488230000
18 0.749427900000
19 0.749355740000
20 0.749264050000
21 0.749152640000
22 0.749018480000
23 0.748863830000
24 0.748689350000
25 0.748499640000
26 0.748304510000
27 0.748108040000
28 0.747914990000
29 0.747723940000
30 0.747535710000
31 0.747350320000
32 0.747167550000
33 0.746988260000
34 0.746816630000
35 0.746648860000
36 0.746479970000
37 0.746312510000
38 0.746146170000
39 0.745981280000
40 0.745818140000
41 0.745656760000
42 0.745496390000
43 0.745336180000
44 0.745175900000
45 0.745015540000
46 0.744854850000
47 0.744693820000
48 0.744532790000
49 0.744371730000
50 0.744210000000
51 0.744046750000
52 0.743881460000
53 0.743713940000
54 0.743544060000
55 0.743371700000
56 0.743196800000
57 0.743019380000
58 0.742839560000
59 0.742657600000
60 0.742474070000
61 0.742289980000
62 0.742106950000
63 0.741927460000
64 0.741754630000
65 0.741587020000
66 0.741387680000
67 0.740995600000
68 0.740995160000
69 0.740879090000
70 0.740720200000
71 0.740578640000
72 0.740446710000
73 0.740332270000
74 0.740241500000
75 0.740181150000
76 0.740160290000
77 0.740192220000
78 0.740297700000
79 0.740511280000
80 0.740900780000
81 0.741635860000
82 0.743175850000
83 0.745538340000
84 0.745954140000
85 0.745218140000
86 0.741893650000
87 0.444631930000
88 0.000479120000
89 -0.000208740000
90 0.000179250000
91 -0.000679540000
92 -0.000408040000
93 -0.000187220000
94 -0.000324210000
95 -0.000386870000
96 0.000379480000
97 0.000473790000
98 -0.000051090000
99 0.000179170000
100 0.000584670000
101 0.000472880000
102 0.000311340000
103 0.000199290000
104 0.000014880000
105 0.000030770000
106 0.000025100000
107 -0.000244230000
108 0.000506360000
109 -0.001102260000
110 0.000801830000
111 -0.000044430000
112 -0.150181880000
113 -0.743955600000
114 -0.746974680000
115 -0.747968990000
116 -0.748431610000
117 -0.748716660000
118 -0.748912740000
119 -0.749035300000
120 -0.749155550000
121 -0.749250950000
122 -0.749349650000
123 -0.749392440000
124 -0.749421030000
125 -0.749463340000
126 -0.749488620000
127 -0.749524050000
128 -0.749549050000
129 -0.749572580000
130 -0.749590600000
131 -0.744631300000
132 -0.748609750000
133 -0.748650900000
134 -0.747515740000
135 -0.749666440000
136 -0.749390160000
137 -0.749633630000
138 -0.749674510000
139 -0.749693090000
140 -0.749711860000
141 -0.749702030000
142 -0.749779440000
143 -0.749787830000
144 -0.749794180000
145 -0.749798430000
146 -0.749799490000
147 -0.749756060000
148 -0.748500810000
149 -0.748970340000
150 -0.749230860000
151 -0.749396220000
152 -0.749505290000
153 -0.749575920000
154 -0.749616500000
155 -0.749630330000
156 -0.749618610000
157 -0.749582720000
158 -0.749526710000
159 -0.749457530000
160 -0.749406720000
161 -0.749355180000
162 -0.749272630000
163 -0.749131120000
164 -0.748885750000
165 -0.748537810000
166 -0.748159410000
167 -0.747829750000
168 -0.747559090000
169 -0.747343480000
170 -0.747051520000
171 -0.746762830000
172 -0.746575580000
173 -0.746556950000
174 -0.746679420000
175 -0.746753470000
176 -0.746081690000
177 -0.744658230000
178 -0.739991440000
179 -0.080586590000
180 0.746588750000
181 0.748528190000
182 0.749018350000
183 0.749281110000
184 0.749421580000
185 0.749513060000
186 0.749575350000
187 0.749639780000
188 0.749709300000
189 0.749739280000
190 0.744221850000
191 0.749763320000
192 0.749780270000
193 0.745630580000
194 0.749793540000
195 0.749135840000
196 0.746344350000
197 0.000000000000

[phy]
1 0.000000000000
2 0.000000000000
3 0.077169540000
4 0.151669720000
5 0.220548870000
6 0.279560620000
7 0.322518940000
8 0.342635770000
9 0.337620710000
10 0.312242270000
11 0.273970330000
12 0.229628880000
13 0.183366060000
14 0.137642410000
15 0.094151110000
16 0.053844420000
17 0.017937950000
18 -0.013285150000
19 -0.038608150000
20 -0.058033230000
21 -0.071631120000
22 -0.080747750000
23 -0.086501150000
24 -0.090142030000
25 -0.092494270000
26 -0.094037730000
27 -0.095096880000
28 -0.095874060000
29 -0.096465680000
30 -0.096944940000
31 -0.097368890000
32 -0.097770100000
33 -0.098177180000
34 -0.098614210000
35 -0.099100720000
36 -0.099651880000
37 -0.100279630000
38 -0.100994390000
39 -0.101804250000
40 -0.102715570000
41 -0.103733500000
42 -0.104862370000
43 -0.106105910000
44 -0.107467760000
45 -0.108952180000
46 -0.110564590000
47 -0.112311710000
48 -0.114201970000
49 -0.116245820000
50 -0.118455550000
51 -0.120844570000
52 -0.123426860000
53 -0.126216580000
54 -0.129227420000
55 -0.132471690000
56 -0.135959210000
57 -0.139696330000
58 -0.143685180000
59 -0.147923200000
60 -0.152403040000
61 -0.157113100000
62 -0.162038440000
63 -0.167162110000
64 -0.172466610000
65 -0.177935030000
66 -0.183546100000
67 -0.189233490000
68 -0.194755880000
69 -0.200517900000
70 -0.206410820000
71 -0.212387150000
72 -0.218469220000
73 -0.224669180000
74 -0.231007740000
75 -0.237513100000
76 -0.244222950000
77 -0.251189480000
78 -0.258488720000
79 -0.266238690000
80 -0.274638020000
81 -0.284069160000
82 -0.295472940000
83 -0.312244890000
84 -0.346923600000
85 -0.399754760000
86 -0.470229200000
87 -0.557215200000
88 -0.648086090000
89 -0.699298900000
90 -0.699620860000
91 -0.680608600000
92 -0.572166380000
93 -0.475928100000
94 -0.387700880000
95 -0.308467830000
96 -0.238249670000
97 -0.168304480000
98 -0.091764640000
99 -0.008394900000
100 0.074752370000
101 0.156920460000
102 0.237811850000
103 0.309672560000
104 0.353206330000
105 0.365201040000
106 0.363056980000
107 0.415375910000
108 0.530989040000
109 0.643596740000
110 0.608796490000
111 0.510693500000
112 0.436346480000
113 0.378639400000
114 0.320166880000
115 0.253994320000
116 0.188954390000
117 0.126467010000
118 0.070537690000
119 0.023922180000
120 -0.008253070000
121 -0.022238890000
122 -0.012981730000
123 0.023360120000
124 0.078236930000
125 0.139858380000
126 0.204522800000
127 0.265812810000
128 0.330240100000
129 0.397606110000
130 0.469646890000
131 0.545960750000
132 0.547047770000
133 0.559409210000
134 0.571967750000
135 0.577366600000
136 0.673980680000
137 0.696951610000
138 0.698325680000
139 0.698789530000
140 0.699017060000
141 0.699047180000
142 0.698957260000
143 0.576938360000
144 0.453394070000
145 0.329723000000
146 0.206167200000
147 0.083454960000
148 -0.017018110000
149 -0.032596720000
150 -0.056281630000
151 -0.088417350000
152 -0.129915500000
153 -0.181591460000
154 -0.243631770000
155 -0.314967110000
156 -0.392719270000
157 -0.472565050000
158 -0.550273770000
159 -0.623312650000
160 -0.690749350000
161 -0.698191040000
162 -0.697868260000
163 -0.697247570000
164 -0.694799900000
165 -0.687500900000
166 -0.673683720000
167 -0.660433760000
168 -0.649517000000
169 -0.641776260000
170 -0.637539350000
171 -0.636992090000
172 -0.639356370000
173 -0.644067530000
174 -0.651019030000
175 -0.659895100000
176 -0.667160980000
177 -0.673233780000
178 -0.678104180000
179 -0.680982300000
180 -0.652192970000
181 -0.654926500000
182 -0.689438900000
183 -0.696288080000
184 -0.698182640000
185 -0.698723180000
186 -0.698940140000
187 -0.699059220000
188 -0.666819890000
189 -0.543241160000
190 -0.419263760000
191 -0.414121700000
192 -0.289939200000
193 -0.165776720000
194 -0.159814180000
195 -0.035742250000
196 -0.006674670000
197 0.000000000000

[w]
1 0.000000000000
2 0.363999920000
3 0.352161590000
4 0.326515840000
5 0.280854960000
6 0.205527200000
7 0.096780180000
8 -0.024233010000
9 -0.123050770000
10 -0.186702270000
11 -0.219156180000
12 -0.233024150000
13 -0.236375180000
14 -0.232888590000
15 -0.225316670000
16 -0.211418050000
17 -0.194621130000
18 -0.168892350000
19 -0.139874530000
20 -0.107479200000
21 -0.079938980000
22 -0.056466490000
23 -0.040081970000
24 -0.029023110000
25 -0.021230300000
26 -0.016063030000
27 -0.012852580000
28 -0.010549260000
29 -0.009136290000
30 -0.008576640000
31 -0.008559900000
32 -0.009111260000
33 -0.010211940000
34 -0.011802020000
35 -0.013828060000
36 -0.016257880000
37 -0.019061160000
38 -0.022190190000
39 -0.025602790000
40 -0.029263650000
41 -0.033147000000
42 -0.037237440000
43 -0.041534850000
44 -0.046058300000
45 -0.050841520000
46 -0.055927850000
47 -0.061372530000
48 -0.067240210000
49 -0.073593070000
50 -0.080481060000
51 -0.087939710000
52 -0.095987580000
53 -0.104617430000
54 -0.113785470000
55 -0.123406710000
56 -0.133356460000
57 -0.143475230000
58 -0.153577950000
59 -0.163468240000
60 -0.172954820000
61 -0.181865370000
62 -0.190055600000
63 -0.197413290000
64 -0.203850180000
65 -0.209210870000
66 -0.212733780000
67 -0.211690050000
68 -0.216267850000
69 -0.219223310000
70 -0.221217630000
71 -0.223375110000
72 -0.225473240000
73 -0.227590620000
74 -0.229781980000
75 -0.232116670000
76 -0.234711630000
77 -0.237770740000
78 -0.241655680000
79 -0.247034080000
80 -0.255308480000
81 -0.270123560000
82 -0.302436930000
83 -0.357174790000
84 -0.395722840000
85 -0.438233070000
86 -0.466808470000
87 -0.476206130000
88 -0.247800660000
89 -0.001478510000
90 0.090282250000
91 0.492901350000
92 0.487983510000
93 0.473808660000
94 0.436356720000
95 0.401073570000
96 0.415470210000
97 0.437748140000
98 0.453049210000
99 0.454446540000
100 0.440363090000
101 0.404060680000
102 0.336165900000
103 0.193984910000
104 0.051670370000
105 -0.009221990000
106 0.223570780000
107 0.487994200000
108 0.492982690000
109 -0.142177730000
110 -0.483555280000
111 -0.328189290000
112 -0.255784420000
113 -0.258150210000
114 -0.294683240000
115 -0.291934310000
116 -0.287311410000
117 -0.261421280000
118 -0.220249030000
119 -0.156164500000
120 -0.067554880000
121 0.044465650000
122 0.168502890000
123 0.261018260000
124 0.303431340000
125 0.318601400000
126 0.308503450000
127 0.322247270000
128 0.339340460000
129 0.364293690000
130 0.390073080000
131 0.073515150000
132 0.218926850000
133 0.219210880000
134 0.175964400000
135 0.443367890000
136 0.198857910000
137 0.007432450000
138 0.002329850000
139 0.001124410000
140 0.000145480000
141 -0.000467050000
142 -0.491817610000
143 -0.497564110000
144 -0.498416580000
145 -0.498728820000
146 -0.498855040000
147 -0.498642060000
148 -0.491999610000
149 -0.494366110000
150 -0.495742810000
151 -0.496635350000
152 -0.497211040000
153 -0.497553510000
154 -0.497689080000
155 -0.497593440000
156 -0.497173980000
157 -0.496188920000
158 -0.493896980000
159 -0.486470290000
160 -0.054250790000
161 0.002342560000
162 0.004644920000
163 0.019963840000
164 0.070225010000
165 0.162148810000
166 0.183208070000
167 0.167005790000
168 0.124893620000
169 0.069536980000
170 0.009300490000
171 -0.040966690000
172 -0.079588970000
173 -0.107010620000
174 -0.115575440000
175 -0.076311770000
176 -0.059443840000
177 -0.044301480000
178 -0.025638550000
179 0.238613810000
180 -0.013149360000
181 -0.150328670000
182 -0.030217490000
183 -0.008237710000
184 -0.002373950000
185 -0.000962840000
186 -0.000536810000
187 0.141157390000
188 0.496642300000
189 0.498215930000
190 0.461544160000
191 0.498733600000
192 0.498939330000
193 0.479304940000
194 0.499027810000
195 0.495893060000
196 0.482893550000
197 0.000000000000

[dt]
1 0.010058770000
2 0.212002080000
3 0.211549240000
4 0.210950790000
5 0.210114670000
6 0.209015420000
7 0.207860710000
8 0.206952700000
9 0.206243940000
10 0.204989300000
11 0.202328160000
12 0.198532260000
13 0.193436650000
14 0.186747070000
15 0.178888970000
16 0.169836270000
17 0.160430130000
18 0.149935780000
19 0.138874990000
20 0.126516430000
21 0.114044830000
22 0.101890420000
23 0.090835780000
24 0.081046960000
25 0.072701140000
26 0.065937320000
27 0.060468980000
28 0.056082490000
29 0.052457590000
30 0.049431190000
31 0.046871170000
32 0.044678590000
33 0.042796020000
34 0.041222980000
35 0.039857700000
36 0.038612170000
37 0.037498360000
38 0.036496180000
39 0.035594700000
40 0.034784900000
41 0.034056430000
42 0.033394980000
43 0.032787980000
44 0.032229140000
45 0.031714410000
46 0.031238880000
47 0.030799720000
48 0.030396330000
49 0.030026330000
50 0.029684230000
51 0.029364330000
52 0.029063250000
53 0.028779520000
54 0.028512160000
55 0.028260290000
56 0.028023460000
57 0.027801650000
58 0.027595130000
59 0.027404830000
60 0.027232700000
61 0.027082180000
62 0.026958560000
63 0.026869750000
64 0.026825350000
65 0.026819780000
66 0.026734390000
67 0.026086810000
68 0.026642880000
69 0.026880960000
70 0.027015720000
71 0.027228180000
72 0.027497760000
73 0.027850890000
74 0.028311160000
75 0.028907400000
76 0.029681380000
77 0.030698740000
78 0.032070340000
79 0.034000680000
80 0.036940140000
81 0.042216790000
82 0.055456160000
83 0.097091890000
84 0.133505420000
85 0.160813870000
86 0.186343890000
87 0.190822910000
88 0.206670350000
89 0.217629230000
90 0.210599960000
91 0.220005770000
92 0.197216060000
93 0.186208240000
94 0.181578910000
95 0.175074960000
96 0.168351570000
97 0.174849090000
98 0.184018890000
99 0.182961410000
100 0.186589150000
101 0.200196220000
102 0.213765640000
103 0.224418770000
104 0.232123330000
105 0.232731710000
106 0.234036390000
107 0.236918240000
108 0.228420650000
109 0.244771170000
110 0.202858650000
111 0.226534000000
112 0.225607290000
113 0.226502080000
114 0.224554480000
115 0.222789310000
116 0.217490090000
117 0.213943310000
118 0.211649130000
119 0.206034160000
120 0.207028810000
121 0.208187360000
122 0.215674660000
123 0.210241270000
124 0.203082340000
125 0.202963210000
126 0.198668330000
127 0.199927070000
128 0.198513330000
129 0.197770780000
130 0.195686630000
131 0.014775860000
132 0.056467310000
133 0.057292780000
134 0.030779770000
135 0.217940040000
136 0.115816230000
137 0.184790000000
138 0.199079860000
139 0.202324940000
140 0.206712970000
141 0.192526070000
142 0.248103490000
143 0.248299640000
144 0.248127880000
145 0.247741330000
146 0.245987560000
147 0.201491660000
148 0.031701060000
149 0.047916420000
150 0.064823360000
151 0.083557930000
152 0.103930870000
153 0.124689940000
154 0.143332340000
155 0.156255760000
156 0.160599070000
157 0.156611790000
158 0.147884960000
159 0.138631040000
160 0.137210820000
161 0.137628790000
162 0.133690230000
163 0.122607200000
164 0.103930810000
165 0.085215220000
166 0.072326540000
167 0.065370970000
168 0.061982110000
169 0.060931430000
170 0.058867620000
171 0.057708230000
172 0.059193260000
173 0.064961430000
174 0.076799320000
175 0.095212230000
176 0.102161070000
177 0.109945760000
178 0.112265800000
179 0.120586530000
180 0.208125200000
181 0.229585460000
182 0.226762730000
183 0.230066390000
184 0.227891180000
185 0.225412820000
186 0.221891370000
187 0.228392690000
188 0.248830120000
189 0.248842730000
190 0.011141020000
191 0.248995650000
192 0.248852830000
193 0.012439210000
194 0.248627270000
195 0.058615170000
196 0.013823450000
