  0.01000000
  0.23661688
  0.23305814
  0.22950762
  0.22576804
  0.22165501
  0.21698295
  0.21155477
  0.21531218
  0.24999999
  0.25000000
  0.25000000
  0.25000000
  0.25000000
  0.24999999
  0.24999971
  0.24748057
  0.24428870
  0.24105784
  0.23760313
  0.23370844
  0.22908508
  0.23498358
  0.23459752
  0.23385540
  0.23265834
  0.23094109
  0.22870045
  0.22601897
  0.22307487
  0.22013463
  0.21753315
  0.21565409
  0.22461233
  0.22558911
  0.22737970
  0.20429380
  0.23667362
  0.23763442
  0.23796651
  0.23797599
  0.23819986
  0.23362218
  0.23491721
  0.23688198
  0.24310513
  0.24370078
  0.24370078
  0.24370078
  0.24335952
  0.24514632
  0.24518208
  0.24605629
  0.24914277
  0.23074338
  0.17839930
  0.19820654
  0.23652932
  0.24076874
  0.24576190
  0.24627998
  0.24747714
  0.24999997
  0.20587795
  0.22122097
  0.23849554
  0.24236046
  0.24350100
  0.24266075
  0.24266075
  0.24268295
  0.24268296
  0.24268296
  0.24268296
  0.24267761
  0.24267761
  0.24267761
  0.24272718
  0.24272227
  0.24274351
  0.24278494
  0.24282490
  0.24290979
  0.24275984
  0.24261966
  0.24250812
