  0.00000000
  0.00000000
  0.04135912
  0.08084550
  0.11838982
  0.15376496
  0.18659541
  0.21635526
  0.25436067
  0.33571041
  0.28883542
  0.24196043
  0.19508543
  0.14821042
  0.10133542
  0.05446036
  0.00750903
 -0.03793035
 -0.08159448
 -0.12338218
 -0.16300715
 -0.19993678
 -0.24545819
 -0.28639984
 -0.32664028
 -0.36577458
 -0.40337257
 -0.43907123
 -0.47269115
 -0.50434829
 -0.53453060
 -0.56412863
 -0.59443961
 -0.65546145
 -0.69631447
 -0.74031217
 -0.69998735
 -0.84719598
 -0.89281662
 -0.93647609
 -0.97898612
 -1.02242147
 -1.04450937
 -1.09146073
 -1.14232509
 -1.21552565
 -1.21850389
 -1.21850389
 -1.21850393
 -1.21679762
 -1.22573159
 -1.22591042
 -1.23028148
 -1.24571385
 -1.15371690
 -0.89199650
 -0.99103270
 -1.18264663
 -1.20384369
 -1.19987006
 -1.15700477
 -1.11691746
 -1.08190154
 -0.85235668
 -0.88172005
 -0.91100111
 -0.88241285
 -0.84230420
 -0.79508155
 -0.75091837
 -0.70681985
 -0.66264859
 -0.61847733
 -0.57430609
 -0.53012312
 -0.48595380
 -0.44178449
 -0.39769639
 -0.35350187
 -0.30934337
 -0.26519531
 -0.22102329
 -0.17686215
 -0.13252642
 -0.08827615
 -0.04410764
