  0.01155245
  0.01155245
  0.00121329
  0.00009477
  0.00000717
  0.00000054
  0.00000004
  0.00000000
  0.00000000
  0.00000000
  0.00000000
  0.00000000
  0.00000000
  0.00000000
  0.00000000
  0.00000000
  0.00000000
  0.00000000
  0.00000000
  0.00000000
  0.00000000
  0.00000000
  0.00000000
  0.00000000
  0.00000000
  0.00000000
  0.00000000
  0.00000000
  0.00000000
 -0.00000000
 -0.00000000
 -0.00000000
 -0.00000000
  0.00000000
  0.00000000
  0.00000000
 -0.00000000
 -0.00000000
 -0.00000000
 -0.00000000
 -0.00000000
 -0.00000000
 -0.00000000
 -0.00000000
 -0.00000000
 -0.00000000
 -0.00000000
  0.00000000
  0.00000000
  0.00000000
  0.00000000
  0.00000000
  0.00000000
  0.00000000
  0.00000006
  0.00000003
  0.00000011
  0.00000174
  0.00002737
  0.00043600
  0.00576970
  0.03280722
  0.07818931
  0.12956947
  0.18485685
  0.24413277
  0.32220793
  0.37693091
  0.43083327
  0.48431996
  0.53811433
  0.59416687
  0.61276622
  0.63154802
  0.67162743
  0.59109696
  0.51389587
  0.44481861
  0.42378422
  0.38491171
  0.33161395
  0.28178116
  0.22165765
  0.17733412
  0.13304699
  0.09400916
  0.04546084
