  0.00000000
  0.00000384
 -0.00000188
 -0.00000060
 -0.00000027
 -0.00000013
 -0.00000003
  0.00000005
 -0.00000043
 -0.49999939
 -0.49999801
  0.22137232
  0.49998237
  0.35172104
 -0.06573958
  0.00204440
 -0.01366333
  0.00194716
  0.00061076
  0.00027413
  0.00013444
  0.00004831
 -0.00003429
 -0.00016886
 -0.00058631
 -0.09189005
 -0.35294384
  0.49999833
  0.49999981
  0.49999994
  0.49999996
  0.49999996
 -0.29767835
 -0.39198303
 -0.00606362
 -0.49999988
 -0.49999981
 -0.34030102
  0.49999979
  0.49999989
  0.49999989
 -0.15948359
 -0.49999967
 -0.49999997
 -0.49999999
 -0.49999999
 -0.50000000
 -0.50000000
 -0.50000000
 -0.50000000
 -0.37160584
  0.00000000
  0.00000000
  0.00000005
  0.44512854
  0.49999997
  0.50000000
  0.50000000
  0.50000000
  0.50000000
  0.50000000
  0.50000000
  0.50000000
  0.50000000
  0.49999999
  0.49999992
  0.00000001
 -0.00000000
 -0.00000000
 -0.00000001
 -0.00000002
 -0.49999902
 -0.49999989
 -0.49999990
 -0.49999986
 -0.49999974
 -0.49999933
 -0.49999705
 -0.19060660
  0.14271925
  0.07985061
  0.49999156
  0.00000152
 -0.00000687
 -0.49999893
  0.49990398
 -0.00003942
  0.00000000
