  5.00000000
  5.00000000
  5.00000000
  5.03915211
  5.11745632
  5.23491264
  5.39152106
  5.58728159
  5.82219422
  6.09625895
  6.41016691
  6.76333589
  7.15988125
  7.60562405
  8.09970147
  8.63794866
  9.21681832
  9.83700622
 10.49845826
 11.20138820
 11.94577018
 12.73159774
 13.55886940
 14.42758609
 15.33775062
 16.28936842
 17.28245025
 18.31702480
 19.39847688
 20.54175370
 21.74935763
 22.93368618
 24.04386240
 24.92686722
 25.36363696
 25.65447587
 25.79079174
 25.68508650
 25.43807392
 25.13906687
 24.83785926
 24.48320019
 24.03958021
 23.51861681
 22.91387056
 22.29958439
 21.71283962
 21.16681394
 20.66931330
 20.27952319
 19.90691191
 19.61494318
 19.40927669
 19.28735828
 19.23094332
 19.22358128
 19.23648432
 19.26414924
 19.29388673
 19.31792061
 19.33233608
 19.33583999
 19.32912499
 19.31239560
 19.28513217
 19.24537751
 19.18909753
 19.10599767
 18.98509988
 18.81689795
 18.59222713
 18.30315153
 17.94348512
 17.51126053
 17.01619933
 16.44853730
 15.91835139
 15.43253166
 14.99177546
 14.59497885
 14.24132143
 13.93117299
 13.66507428
 13.44342108
 13.26609093
 13.13305220
 13.04433381
 13.00000000
