  0.01001741
  0.18708770
  0.18669275
  0.18629085
  0.18586345
  0.18539282
  0.18486264
  0.18425971
  0.18357863
  0.18459529
  0.18438272
  0.18422340
  0.18415346
  0.18482514
  0.18502091
  0.18524806
  0.18547080
  0.18566040
  0.18579735
  0.18595606
  0.18603613
  0.18618905
  0.18663525
  0.18305879
  0.18341179
  0.18360879
  0.18367759
  0.18368764
  0.18370082
  0.18370065
  0.18369861
  0.18371137
  0.18372118
  0.18384472
  0.18425117
  0.18437340
  0.18445859
  0.18483811
  0.18623455
  0.18825048
  0.19166913
  0.19666286
  0.16915760
  0.17273985
  0.17552194
  0.17734568
  0.17831439
  0.17867317
  0.17871733
  0.17882249
  0.17909767
  0.17917982
  0.17922983
  0.17972438
  0.17981055
  0.17983517
  0.18010212
  0.18092458
  0.18263256
  0.18554184
  0.18886069
  0.16287532
  0.16589827
  0.16820901
  0.16971777
  0.17052638
  0.17251220
  0.17256092
  0.17261524
  0.17280168
  0.17284557
  0.17284702
  0.17291359
  0.17297315
  0.17296573
  0.17301707
  0.17321413
  0.17360813
  0.17439336
  0.17517959
  0.17528750
  0.17508277
  0.17474551
  0.17438511
  0.17406561
  0.17382277
  0.17367585
  0.17363431
  0.24721886
  0.19943215
  0.19859830
  0.20771281
  0.20609308
  0.20470455
  0.20356538
  0.20458115
  0.20041165
  0.19733089
  0.19490976
  0.19290381
  0.19116057
  0.18957597
  0.18807185
  0.18658369
  0.18505349
  0.18342540
  0.18164283
  0.17964633
  0.17737142
  0.18269921
  0.18257915
  0.18255494
  0.21313511
  0.21414697
  0.21478176
  0.22128880
  0.21758432
  0.21469336
  0.21234893
  0.21036732
  0.20861521
