  0.00000000
  0.00000000
  0.09353741
  0.18687711
  0.28001532
  0.37293885
  0.46562523
  0.55804266
  0.65014671
  0.69997477
  0.69997167
  0.69996614
  0.69995626
  0.66468104
  0.57233474
  0.47987123
  0.38729308
  0.29461152
  0.20185684
  0.10909609
  0.19581004
  0.28863999
  0.38163121
  0.29429416
  0.20342826
  0.11271889
  0.02430435
 -0.04246593
 -0.01592593
  0.00101652
  0.00922697
  0.00287290
 -0.06411037
 -0.14999916
 -0.06651257
  0.02545309
  0.11759711
  0.20980707
  0.30221463
  0.39532347
  0.48944094
  0.58526393
  0.48695407
  0.40238576
  0.31602593
  0.22827766
  0.13962466
  0.05050834
 -0.03868264
 -0.12378826
 -0.04080036
 -0.04089899
 -0.12727005
 -0.06794149
  0.02173555
  0.11159607
  0.20149352
  0.29153252
  0.38198599
  0.47329428
  0.56605424
  0.47168029
  0.39025866
  0.30732397
  0.22323724
  0.13840593
  0.05319900
 -0.03287467
 -0.11766503
 -0.05603991
 -0.00497178
 -0.02853665
 -0.07875873
  0.00047565
  0.08641285
  0.17275398
  0.25919227
  0.34574808
  0.43249701
  0.34957506
  0.26202407
  0.17439484
  0.08686142
 -0.00050620
 -0.08769512
 -0.17472519
 -0.26163443
 -0.34847062
 -0.43528633
 -0.55889368
 -0.65860599
 -0.69999662
 -0.69999656
 -0.69999638
 -0.69999611
 -0.62629833
 -0.52401274
 -0.42380977
 -0.32514648
 -0.22769344
 -0.13124321
 -0.03566452
  0.05912189
  0.15315622
  0.24644639
  0.33897129
  0.43068186
  0.52150058
  0.61131960
  0.69999276
  0.69999576
  0.69999609
  0.69999689
  0.69999646
  0.69999596
  0.64243318
  0.53179380
  0.42300459
  0.31566019
  0.20948769
  0.10430585
  0.00000000
