  0.00000000
  0.00000000
 -0.14031513
 -0.28033404
 -0.42005151
 -0.55944842
 -0.69849233
 -0.83713859
 -0.97533263
 -1.11301583
 -1.25146150
 -1.38974772
 -1.52791441
 -1.66602861
 -1.80464653
 -1.94341124
 -2.08234627
 -2.22144830
 -2.36069248
 -2.50003931
 -2.63950510
 -2.77903086
 -2.91867123
 -3.05864614
 -3.19593860
 -3.33349568
 -3.47120037
 -3.60895650
 -3.74671995
 -3.88449304
 -4.02226569
 -4.16003641
 -4.29781617
 -4.43560255
 -4.57348049
 -4.71166148
 -4.84993068
 -4.98825440
 -4.99997604
 -4.99997649
 -4.99997777
 -4.99997960
 -4.99997193
 -4.99997314
 -4.99997430
 -4.99997519
 -4.99997576
 -4.99997606
 -4.99997616
 -4.99997618
 -4.99997636
 -4.99997635
 -4.99997632
 -4.99997632
 -4.99997613
 -4.99997584
 -4.99997558
 -4.99997550
 -4.99997588
 -4.99997701
 -4.99997847
 -4.99997041
 -4.99997148
 -4.99997247
 -4.99997324
 -4.99997428
 -4.91987911
 -4.79052093
 -4.66111311
 -4.53166024
 -4.40206538
 -4.27243632
 -4.14280532
 -4.01312378
 -3.88339711
 -3.75367565
 -3.62391541
 -3.49400714
 -3.36380318
 -3.23301013
 -3.10162727
 -2.97016335
 -2.83885288
 -2.70779528
 -2.57700791
 -2.44646010
 -2.31609438
 -2.18583882
 -2.05561438
 -1.87020139
 -1.72062837
 -1.57168065
 -1.41589698
 -1.26132805
 -1.10780047
 -0.95512722
 -0.80169211
 -0.65138411
 -0.50338668
 -0.35720509
 -0.21252799
 -0.06915833
  0.07302284
  0.21407588
  0.35401275
  0.49280188
  0.63036984
  0.76660071
  0.90133396
  1.03436063
  1.17138230
  1.30831175
  1.44520377
  1.28535923
  1.12475196
  0.96366752
  0.79770231
  0.63451521
  0.47349618
  0.31423536
  0.15646066
  0.00000000
