  4.00000000
  4.00000000
  4.00000000
  3.99997914
  4.00000172
  4.00042093
  4.00214206
  4.00690367
  4.01758851
  4.03857274
  4.07647581
  4.13848290
  4.23088326
  4.36007838
  4.53280999
  4.75201862
  5.01615977
  5.32283115
  5.66903430
  6.05139609
  6.46648504
  6.91040725
  7.38838991
  7.90611870
  8.45410577
  9.03593774
  9.64685571
 10.28422098
 10.94702434
 11.63492321
 12.34797301
 13.08631399
 13.85009309
 14.63924474
 15.45328064
 16.28981297
 17.14891224
 18.03504287
 18.95373717
 19.88482629
 20.81430246
 21.71298286
 22.51897475
 23.02068004
 23.36582379
 23.56358784
 23.63782225
 23.62071473
 23.54768418
 23.45454610
 23.37674280
 23.34852581
 23.33666853
 23.34123519
 23.39729297
 23.48078118
 23.55552804
 23.58509807
 23.53164067
 23.35482795
 23.01221070
 22.46675660
 21.82090335
 21.07301112
 20.26395228
 19.42405250
 18.57236060
 17.72368711
 16.89753939
 16.09314649
 15.31032220
 14.55031471
 13.81275305
 13.09770744
 12.40626659
 11.73719445
 11.08888650
 10.46117411
  9.85654840
  9.28044706
  8.74375446
  8.24919371
  7.79313874
  7.36945834
  6.97156998
  6.59356466
  6.23076437
  5.87995441
  5.53943640
  5.06911642
  4.70968235
  4.37199581
  4.04561246
  3.75576730
  3.50490130
  3.29288219
  3.11631169
  2.97634916
  2.86742606
  2.78582878
  2.72916356
  2.69593948
  2.68523803
  2.69644609
  2.72903446
  2.78236613
  2.85551800
  2.94709762
  3.05503233
  3.17630461
  3.31253557
  3.45443970
  3.59619551
  3.75319673
  3.86168312
  3.93057690
  3.97031907
  3.98897113
  3.99667924
  3.99928814
  3.99991824
  4.00000000
