  0.00000000
  0.74974616
  0.74974156
  0.74973679
  0.74973183
  0.74972668
  0.74972133
  0.74971576
  0.74970996
  0.74970393
  0.74969765
  0.74969109
  0.74968425
  0.74967710
  0.74966961
  0.74966177
  0.74965355
  0.74964491
  0.74963584
  0.74962628
  0.74961622
  0.74960559
  0.74959437
  0.74958248
  0.74956988
  0.74955650
  0.74954225
  0.74952705
  0.74951081
  0.74949340
  0.74947471
  0.74945458
  0.74943283
  0.74940926
  0.74938364
  0.74935569
  0.74932507
  0.74929139
  0.74925425
  0.74921303
  0.74916699
  0.74911529
  0.74905589
  0.74898844
  0.74891089
  0.74882040
  0.74871342
  0.74858518
  0.74842792
  0.74822965
  0.74798272
  0.74759486
  0.74712412
  0.74641768
  0.74523210
  0.74285117
  0.73567412
 -0.12411706
 -0.73660284
 -0.74320958
 -0.74545327
 -0.74658249
 -0.74726272
 -0.74771708
 -0.74804191
 -0.74828574
 -0.74847554
 -0.74862750
 -0.74875192
 -0.74885567
 -0.74894353
 -0.74901890
 -0.74908429
 -0.74914158
 -0.74919221
 -0.74923728
 -0.74927785
 -0.74931405
 -0.74934700
 -0.74937710
 -0.74940479
 -0.74943158
 -0.74945396
 -0.74947438
 -0.74949319
 -0.74951062
 -0.74952687
 -0.74954210
 -0.74955649
 -0.74957024
 -0.74958361
 -0.74959735
 -0.74963958
 -0.74956783
 -0.74957555
 -0.74958733
 -0.74959448
 -0.74960112
 -0.74960747
 -0.74961358
 -0.74962470
 -0.74962899
 -0.74963267
 -0.74963576
 -0.74963832
 -0.74964038
 -0.74964196
 -0.74964308
 -0.74964375
 -0.74964399
 -0.74964379
 -0.74964313
 -0.74964201
 -0.74964041
 -0.74963837
 -0.74963586
 -0.74963288
 -0.74962939
 -0.74962537
 -0.74962078
 -0.74961557
 -0.74960969
 -0.74960310
 -0.74959574
 -0.74958765
 -0.74957859
 -0.74956854
 -0.74955740
 -0.74954504
 -0.74953135
 -0.74951620
 -0.74949940
 -0.74948389
 -0.74946516
 -0.74944516
 -0.74942929
 -0.74940684
 -0.74938463
 -0.74935997
 -0.74933099
 -0.74930202
 -0.74927103
 -0.74923748
 -0.74920084
 -0.74916047
 -0.74911558
 -0.74906521
 -0.74900811
 -0.74894269
 -0.74886685
 -0.74877781
 -0.74868044
 -0.74855294
 -0.74839818
 -0.74820689
 -0.74796329
 -0.74764235
 -0.74720342
 -0.74654039
 -0.74551585
 -0.74364405
 -0.73917910
 -0.70936176
  0.72669092
  0.74105695
  0.74444253
  0.74596836
  0.74683717
  0.74739839
  0.74779022
  0.74807967
  0.74830174
  0.74847827
  0.74862416
  0.74874132
  0.74884026
  0.74892479
  0.74899786
  0.74906165
  0.74911781
  0.74916760
  0.74921205
  0.74925196
  0.74928801
  0.74932072
  0.74935055
  0.74937784
  0.74940294
  0.74942609
  0.74944752
  0.74946742
  0.74948595
  0.74950323
  0.74951931
  0.74953425
  0.74954937
  0.74956294
  0.74957540
  0.74958709
  0.74959805
  0.74960838
  0.74961811
  0.74962730
  0.74963599
  0.74964421
  0.74965200
  0.74965940
  0.74966643
  0.74967312
  0.74967948
  0.00000000
