task_id 6

[x]
1 3.500000000000
2 3.500000000000
3 3.500000000000
4 3.504001030000
5 3.512001370000
6 3.523993200000
7 3.539957410000
8 3.559859170000
9 3.583644330000
10 3.611237670000
11 3.642543440000
12 3.677449110000
13 3.715832320000
14 3.757569590000
15 3.802544910000
16 3.850656800000
17 3.901823420000
18 3.955987800000
19 4.013120160000
20 4.073219170000
21 4.136311380000
22 4.202449670000
23 4.271708630000
24 4.344178280000
25 4.419956290000
26 4.499139590000
27 4.581816620000
28 4.668060920000
29 4.757925740000
30 4.851440610000
31 4.948607360000
32 5.049394420000
33 5.153729910000
34 5.261488980000
35 5.372491460000
36 5.486487430000
37 5.603154020000
38 5.722111260000
39 5.842974150000
40 5.965498350000
41 6.089821430000
42 6.216672720000
43 6.347322200000
44 6.483302210000
45 6.626656980000
46 6.779698870000
47 6.944963840000
48 7.125198660000
49 7.323373790000
50 7.542538730000
51 7.785720750000
52 8.057644000000
53 8.350925900000
54 8.667890470000
55 9.005719760000
56 9.361301200000
57 9.732145610000
58 10.116226430000
59 10.511846840000
60 10.915178500000
61 11.312980960000
62 11.703920220000
63 12.087058710000
64 12.461775250000
65 12.827913320000
66 13.185704610000
67 13.535494420000
68 13.877591720000
69 14.212215590000
70 14.539490900000
71 14.859474580000
72 15.172193210000
73 15.477679740000
74 15.776003660000
75 16.067289500000
76 16.351718140000
77 16.629512380000
78 16.900925620000
79 17.165989760000
80 17.424826260000
81 17.677310180000
82 17.923153840000
83 18.162481940000
84 18.394129790000
85 18.617768400000
86 18.833121080000
87 19.039916800000
88 19.237877490000
89 19.426715830000
90 19.606136540000
91 19.775846170000
92 19.935559590000
93 20.085018770000
94 20.235041040000
95 20.348188210000
96 20.452470830000
97 20.548924020000
98 20.636389350000
99 20.715290440000
100 20.786115360000
101 20.849370590000
102 20.906329490000
103 20.956543710000
104 21.000801980000
105 21.039788590000
106 21.074083130000
107 21.104169020000
108 21.130443310000
109 21.153226670000
110 21.172773190000
111 21.189279480000
112 21.202893320000
113 21.213721690000
114 21.221838590000
115 21.227292020000
116 21.230110830000
117 21.230311120000
118 21.227902490000
119 21.222894010000
120 21.215300230000
121 21.205147030000
122 21.192477620000
123 21.177358660000
124 21.159886560000
125 21.140194170000
126 21.118457890000
127 21.094905680000
128 21.069825760000
129 21.043576110000
130 21.016595500000
131 20.989415240000
132 20.962671770000
133 20.937101290000
134 20.913517910000
135 20.892798340000
136 20.875706900000
137 20.862926780000
138 20.855447230000
139 20.853614850000
140 20.857712390000
141 20.867916590000
142 20.884343230000
143 20.907051210000
144 20.936031660000
145 20.971205750000
146 21.012422620000
147 21.059458120000
148 21.112012090000
149 21.169706560000
150 21.232082660000
151 21.298598800000
152 21.368638600000
153 21.442034600000
154 21.517408630000
155 21.594029360000
156 21.671429710000
157 21.749663720000
158 21.829184240000
159 21.910753670000
160 21.994563540000
161 22.082114420000
162 22.174472580000
163 22.272604740000
164 22.377097340000
165 22.490477770000
166 22.605339430000
167 22.720644330000
168 22.835542550000
169 22.949363290000
170 23.061617600000
171 23.171951470000
172 23.280150020000
173 23.386065580000
174 23.489643260000
175 23.590973810000
176 23.689831050000
177 23.786307800000
178 23.880458870000
179 23.972279720000
180 24.061660970000
181 24.148365920000
182 24.232062940000
183 24.312381190000
184 24.388953910000
185 24.461444310000
186 24.529557720000
187 24.593051950000
188 24.651736230000
189 24.705477580000
190 24.754198100000
191 24.797874160000
192 24.836536750000
193 24.870270010000
194 24.899210580000
195 24.923545870000
196 24.943515050000
197 24.959415580000
198 24.971612310000
199 24.980690460000
200 24.987280100000
201 24.991933420000
202 24.995115360000
203 24.997208160000
204 24.998519480000
205 24.999291300000
206 24.999708700000
207 24.999908290000
208 24.999986210000
209 25.000005630000
210 25.000004030000
211 25.000000000000

[y]
1 25.530612240000
2 25.530612240000
3 25.530612240000
4 25.524381010000
5 25.511918210000
6 25.493219670000
7 25.468274140000
8 25.437060360000
9 25.399544940000
10 25.355681250000
11 25.305410080000
12 25.248662530000
13 25.185365250000
14 25.115446510000
15 25.038841380000
16 24.955495460000
17 24.865368100000
18 24.768432600000
19 24.664677400000
20 24.554105880000
21 24.436735960000
22 24.312597610000
23 24.181730650000
24 24.044181520000
25 23.899999450000
26 23.749232480000
27 23.591923750000
28 23.428108350000
29 23.257811860000
30 23.081047720000
31 22.897812550000
32 22.708084500000
33 22.511819340000
34 22.308952730000
35 22.099382980000
36 21.882971810000
37 21.659544040000
38 21.428895980000
39 21.190825300000
40 20.945172340000
41 20.691972210000
42 20.431545880000
43 20.164443620000
44 19.891733660000
45 19.614333990000
46 19.333469670000
47 19.050753840000
48 18.768216360000
49 18.488313930000
50 18.214191580000
51 17.949805120000
52 17.698287450000
53 17.472315030000
54 17.265848200000
55 17.078189640000
56 16.908313800000
57 16.754365870000
58 16.613921380000
59 16.484117830000
60 16.362439730000
61 16.248663360000
62 16.138857370000
63 16.029703620000
64 15.918938820000
65 15.806230190000
66 15.692569540000
67 15.579134980000
68 15.466899740000
69 15.356520350000
70 15.248355670000
71 15.142557240000
72 15.039182570000
73 14.938302910000
74 14.840094420000
75 14.744900570000
76 14.653243680000
77 14.565775480000
78 14.483184380000
79 14.406144950000
80 14.335025640000
81 14.269417140000
82 14.208063860000
83 14.149413760000
84 14.092282190000
85 14.035389790000
86 13.977646410000
87 13.918160930000
88 13.856234510000
89 13.791351040000
90 13.723167890000
91 13.651504600000
92 13.576333240000
93 13.497763240000
94 13.409539980000
95 13.334326610000
96 13.257493740000
97 13.178616940000
98 13.099104580000
99 13.019875660000
100 12.941736520000
101 12.865408680000
102 12.790537840000
103 12.718919890000
104 12.651152360000
105 12.587682730000
106 12.528847280000
107 12.474897340000
108 12.426019050000
109 12.382348210000
110 12.343981220000
111 12.310983950000
112 12.283398370000
113 12.261247890000
114 12.244541400000
115 12.233277000000
116 12.227445100000
117 12.227031170000
118 12.232018310000
119 12.242389800000
120 12.258131530000
121 12.279234380000
122 12.305696650000
123 12.337526370000
124 12.374743450000
125 12.417381820000
126 12.465490880000
127 12.519136910000
128 12.578402780000
129 12.643387750000
130 12.714204710000
131 12.790977190000
132 12.873836440000
133 12.962986150000
134 13.058901380000
135 13.161327900000
136 13.270219680000
137 13.386590400000
138 13.509304450000
139 13.638126630000
140 13.772918290000
141 13.912746790000
142 14.057749110000
143 14.207732220000
144 14.362511970000
145 14.521932850000
146 14.685875910000
147 14.854268740000
148 15.027088370000
149 15.204369140000
150 15.386206540000
151 15.572765620000
152 15.764315090000
153 15.962647780000
154 16.166519320000
155 16.376237770000
156 16.592044970000
157 16.813916430000
158 17.041696600000
159 17.275340670000
160 17.512571680000
161 17.754415420000
162 18.000525300000
163 18.250490140000
164 18.503894430000
165 18.766534390000
166 19.022157130000
167 19.270939050000
168 19.513206510000
169 19.749261430000
170 19.979345650000
171 20.203579910000
172 20.422078510000
173 20.634878770000
174 20.842058240000
175 21.043866770000
176 21.239818960000
177 21.430000670000
178 21.614433640000
179 21.793154460000
180 21.966244880000
181 22.133842080000
182 22.296125630000
183 22.453290710000
184 22.605523960000
185 22.752987280000
186 22.895804820000
187 23.034064970000
188 23.167810170000
189 23.297048510000
190 23.421750640000
191 23.541851980000
192 23.657259800000
193 23.767856830000
194 23.873507680000
195 23.974060810000
196 24.069357280000
197 24.159273650000
198 24.243671600000
199 24.322319230000
200 24.395077140000
201 24.461856280000
202 24.522603860000
203 24.577289950000
204 24.625899350000
205 24.668425910000
206 24.704868670000
207 24.735229490000
208 24.759511460000
209 24.777718030000
210 24.789852590000
211 24.795918370000

[theta]
1 -1.000000000000
2 -1.000000000000
3 -1.000000000000
4 -1.000109540000
5 -1.000544340000
6 -1.001509630000
7 -1.003191370000
8 -1.005744390000
9 -1.009276260000
10 -1.013826570000
11 -1.019346240000
12 -1.025689500000
13 -1.032632740000
14 -1.039914580000
15 -1.047271650000
16 -1.054457510000
17 -1.061249800000
18 -1.067459980000
19 -1.072935620000
20 -1.077563320000
21 -1.081271750000
22 -1.084037930000
23 -1.085889040000
24 -1.086900450000
25 -1.087188670000
26 -1.086899450000
27 -1.086193750000
28 -1.085235900000
29 -1.084187290000
30 -1.083213590000
31 -1.082484700000
32 -1.082183450000
33 -1.082513050000
34 -1.083694030000
35 -1.085970680000
36 -1.089570080000
37 -1.094623920000
38 -1.101024250000
39 -1.108132180000
40 -1.114368170000
41 -1.117529140000
42 -1.115877140000
43 -1.108249450000
44 -1.093814660000
45 -1.071880020000
46 -1.041805440000
47 -1.002963850000
48 -0.954711300000
49 -0.896351050000
50 -0.827150420000
51 -0.746434420000
52 -0.656484710000
53 -0.577347820000
54 -0.507043960000
55 -0.445685150000
56 -0.393483900000
57 -0.350566620000
58 -0.317040910000
59 -0.293002570000
60 -0.278578830000
61 -0.273825380000
62 -0.277543630000
63 -0.287413030000
64 -0.298625390000
65 -0.307589930000
66 -0.313591980000
67 -0.317014630000
68 -0.318622370000
69 -0.319199350000
70 -0.319322480000
71 -0.319259950000
72 -0.318951800000
73 -0.318026530000
74 -0.315863470000
75 -0.311740710000
76 -0.305037670000
77 -0.295394390000
78 -0.282848860000
79 -0.268145920000
80 -0.254228520000
81 -0.244566130000
82 -0.240326440000
83 -0.241805770000
84 -0.249109750000
85 -0.261970500000
86 -0.280089080000
87 -0.303174250000
88 -0.330949500000
89 -0.363154270000
90 -0.399543500000
91 -0.439887920000
92 -0.483973480000
93 -0.531603430000
94 -0.586652800000
95 -0.634977570000
96 -0.685479990000
97 -0.737802810000
98 -0.787469770000
99 -0.834458070000
100 -0.878779580000
101 -0.920443110000
102 -0.959306070000
103 -0.992253210000
104 -1.019961940000
105 -1.043055720000
106 -1.062091590000
107 -1.077568890000
108 -1.089938760000
109 -1.099612460000
110 -1.106968490000
111 -1.112358390000
112 -1.116111600000
113 -1.118539730000
114 -1.119940100000
115 -1.120598890000
116 -1.120793950000
117 -1.120797310000
118 -1.120877560000
119 -1.121302040000
120 -1.122339000000
121 -1.124259680000
122 -1.127340410000
123 -1.131864900000
124 -1.138126470000
125 -1.146430700000
126 -1.157098270000
127 -1.170467960000
128 -1.186900230000
129 -1.206781420000
130 -1.230528130000
131 -1.258592320000
132 -1.291465920000
133 -1.329700180000
134 -1.371201080000
135 -1.415107110000
136 -1.461411590000
137 -1.509919050000
138 -1.556574260000
139 -1.601186200000
140 -1.643643900000
141 -1.683600480000
142 -1.721058060000
143 -1.755889020000
144 -1.787952830000
145 -1.817100190000
146 -1.843173390000
147 -1.866006790000
148 -1.885426260000
149 -1.901249470000
150 -1.913286430000
151 -1.921342500000
152 -1.925232610000
153 -1.924923480000
154 -1.921079930000
155 -1.915160060000
156 -1.909793560000
157 -1.906678420000
158 -1.906686170000
159 -1.910395320000
160 -1.918137370000
161 -1.929811520000
162 -1.944901430000
163 -1.961912320000
164 -1.978326290000
165 -1.993097420000
166 -2.004797980000
167 -2.013640710000
168 -2.020086650000
169 -2.024706880000
170 -2.028066120000
171 -2.030594560000
172 -2.032626700000
173 -2.034402640000
174 -2.036134930000
175 -2.038033480000
176 -2.040253700000
177 -2.042796480000
178 -2.045393100000
179 -2.047462430000
180 -2.048218170000
181 -2.046959670000
182 -2.043239810000
183 -2.036838820000
184 -2.027689220000
185 -2.015817670000
186 -2.001308880000
187 -1.984282100000
188 -1.964880320000
189 -1.943261280000
190 -1.919594530000
191 -1.894060420000
192 -1.866850290000
193 -1.838169970000
194 -1.808247100000
195 -1.777350050000
196 -1.745837310000
197 -1.714323070000
198 -1.685718360000
199 -1.661120430000
200 -1.640366710000
201 -1.623128640000
202 -1.609047270000
203 -1.597766680000
204 -1.588943580000
205 -1.582249500000
206 -1.577370400000
207 -1.574005070000
208 -1.571863310000
209 -1.570663900000
210 -1.570132560000
211 -1.570000000000

[v]
1 0.000000000000
2 0.000000000000
3 0.074512640000
4 0.149022980000
5 0.223530770000
6 0.298035780000
7 0.372537800000
8 0.447036730000
9 0.521532650000
10 0.596025990000
11 0.670517560000
12 0.745008380000
13 0.819499260000
14 0.893990580000
15 0.968482430000
16 1.042974820000
17 1.117467050000
18 1.191959150000
19 1.266451180000
20 1.340943310000
21 1.415435430000
22 1.489927900000
23 1.564421210000
24 1.638915920000
25 1.713412710000
26 1.787912260000
27 1.862415290000
28 1.936922450000
29 2.011433990000
30 2.085949990000
31 2.160471190000
32 2.234998410000
33 2.309532590000
34 2.384072140000
35 2.458617950000
36 2.533170900000
37 2.607732000000
38 2.682302940000
39 2.756885940000
40 2.831491580000
41 2.906128650000
42 2.980804240000
43 3.055530450000
44 3.130234580000
45 3.204948640000
46 3.279689790000
47 3.354459120000
48 3.429259660000
49 3.504124450000
50 3.579085000000
51 3.654181580000
52 3.730001490000
53 3.804208340000
54 3.878500880000
55 3.952874340000
56 4.027170090000
57 4.101237040000
58 4.174596020000
59 4.162224240000
60 4.087667200000
61 4.012439610000
62 3.936998380000
63 3.861452080000
64 3.785835710000
65 3.710173280000
66 3.634483250000
67 3.558774560000
68 3.483051980000
69 3.407317960000
70 3.331573770000
71 3.255819900000
72 3.180056110000
73 3.104281230000
74 3.028493220000
75 2.952689450000
76 2.876866460000
77 2.801018100000
78 2.725128260000
79 2.649229910000
80 2.573304190000
81 2.497336480000
82 2.421300930000
83 2.345033200000
84 2.268782050000
85 2.192551730000
86 2.116336030000
87 2.040128530000
88 1.963923810000
89 1.887716930000
90 1.811503170000
91 1.735275430000
92 1.659023790000
93 1.582729880000
94 1.500298270000
95 1.432417620000
96 1.364634870000
97 1.296193490000
98 1.227835060000
99 1.159571300000
100 1.091396260000
101 1.023308580000
102 0.954394540000
103 0.885693110000
104 0.817187460000
105 0.748857700000
106 0.680685960000
107 0.612656720000
108 0.544756600000
109 0.476974310000
110 0.409299940000
111 0.341725070000
112 0.274242620000
113 0.206846880000
114 0.139532930000
115 0.072296840000
116 0.005135640000
117 -0.061952800000
118 -0.128969720000
119 -0.195915610000
120 -0.262790140000
121 -0.329592030000
122 -0.396319310000
123 -0.462969180000
124 -0.529537960000
125 -0.596021480000
126 -0.662414610000
127 -0.728712160000
128 -0.794907890000
129 -0.860995520000
130 -0.926968370000
131 -0.992820840000
132 -1.058551690000
133 -1.124218800000
134 -1.190067300000
135 -1.255878830000
136 -1.321655680000
137 -1.388039100000
138 -1.454415980000
139 -1.520797640000
140 -1.587245620000
141 -1.653433420000
142 -1.719565740000
143 -1.785663060000
144 -1.851734900000
145 -1.917786960000
146 -1.983822330000
147 -2.049843510000
148 -2.115851730000
149 -2.181848630000
150 -2.247836570000
151 -2.313821110000
152 -2.379822580000
153 -2.446352570000
154 -2.512861750000
155 -2.579359780000
156 -2.645864560000
157 -2.712370770000
158 -2.778872650000
159 -2.845414830000
160 -2.911425730000
161 -2.977286040000
162 -3.042942680000
163 -3.108173760000
164 -3.170728480000
165 -3.105165660000
166 -3.038284530000
167 -2.971098680000
168 -2.903777020000
169 -2.836375470000
170 -2.768916280000
171 -2.701424540000
172 -2.633906140000
173 -2.566375200000
174 -2.498822540000
175 -2.431170690000
176 -2.363579140000
177 -2.296017320000
178 -2.228474600000
179 -2.160943270000
180 -2.093417300000
181 -2.025893470000
182 -1.958370420000
183 -1.890847360000
184 -1.823323530000
185 -1.755797960000
186 -1.688271170000
187 -1.620742110000
188 -1.553212420000
189 -1.485681250000
190 -1.418147830000
191 -1.350612300000
192 -1.283074290000
193 -1.215533660000
194 -1.147989990000
195 -1.080444800000
196 -1.012900010000
197 -0.945329830000
198 -0.877714880000
199 -0.810103380000
200 -0.742505150000
201 -0.674924660000
202 -0.607362590000
203 -0.539818600000
204 -0.472291870000
205 -0.404781310000
206 -0.337285860000
207 -0.269804390000
208 -0.202335880000
209 -0.134879420000
210 -0.067434310000
211 0.000000000000

[a]
1 0.000000000000
2 0.749746160000
3 0.749741560000
4 0.749736790000
5 0.749731830000
6 0.749726680000
7 0.749721330000
8 0.749715760000
9 0.749709960000
10 0.749703930000
11 0.749697650000
12 0.749691090000
13 0.749684250000
14 0.749677100000
15 0.749669610000
16 0.749661770000
17 0.749653550000
18 0.749644910000
19 0.749635840000
20 0.749626280000
21 0.749616220000
22 0.749605590000
23 0.749594370000
24 0.749582480000
25 0.749569880000
26 0.749556500000
27 0.749542250000
28 0.749527050000
29 0.749510810000
30 0.749493400000
31 0.749474710000
32 0.749454580000
33 0.749432830000
34 0.749409260000
35 0.749383640000
36 0.749355690000
37 0.749325070000
38 0.749291390000
39 0.749254250000
40 0.749213030000
41 0.749166990000
42 0.749115290000
43 0.749055890000
44 0.748988440000
45 0.748910890000
46 0.748820400000
47 0.748713420000
48 0.748585180000
49 0.748427920000
50 0.748229650000
51 0.747982720000
52 0.747594860000
53 0.747124120000
54 0.746417680000
55 0.745232100000
56 0.742851170000
57 0.735674120000
58 -0.124117060000
59 -0.736602840000
60 -0.743209580000
61 -0.745453270000
62 -0.746582490000
63 -0.747262720000
64 -0.747717080000
65 -0.748041910000
66 -0.748285740000
67 -0.748475540000
68 -0.748627500000
69 -0.748751920000
70 -0.748855670000
71 -0.748943530000
72 -0.749018900000
73 -0.749084290000
74 -0.749141580000
75 -0.749192210000
76 -0.749237280000
77 -0.749277850000
78 -0.749314050000
79 -0.749347000000
80 -0.749377100000
81 -0.749404790000
82 -0.749431580000
83 -0.749453960000
84 -0.749474380000
85 -0.749493190000
86 -0.749510620000
87 -0.749526870000
88 -0.749542100000
89 -0.749556490000
90 -0.749570240000
91 -0.749583610000
92 -0.749597350000
93 -0.749639580000
94 -0.749567830000
95 -0.749575550000
96 -0.749587330000
97 -0.749594480000
98 -0.749601120000
99 -0.749607470000
100 -0.749613580000
101 -0.749624700000
102 -0.749628990000
103 -0.749632670000
104 -0.749635760000
105 -0.749638320000
106 -0.749640380000
107 -0.749641960000
108 -0.749643080000
109 -0.749643750000
110 -0.749643990000
111 -0.749643790000
112 -0.749643130000
113 -0.749642010000
114 -0.749640410000
115 -0.749638370000
116 -0.749635860000
117 -0.749632880000
118 -0.749629390000
119 -0.749625370000
120 -0.749620780000
121 -0.749615570000
122 -0.749609690000
123 -0.749603100000
124 -0.749595740000
125 -0.749587650000
126 -0.749578590000
127 -0.749568540000
128 -0.749557400000
129 -0.749545040000
130 -0.749531350000
131 -0.749516200000
132 -0.749499400000
133 -0.749483890000
134 -0.749465160000
135 -0.749445160000
136 -0.749429290000
137 -0.749406840000
138 -0.749384630000
139 -0.749359970000
140 -0.749330990000
141 -0.749302020000
142 -0.749271030000
143 -0.749237480000
144 -0.749200840000
145 -0.749160470000
146 -0.749115580000
147 -0.749065210000
148 -0.749008110000
149 -0.748942690000
150 -0.748866850000
151 -0.748777810000
152 -0.748680440000
153 -0.748552940000
154 -0.748398180000
155 -0.748206890000
156 -0.747963290000
157 -0.747642350000
158 -0.747203420000
159 -0.746540390000
160 -0.745515850000
161 -0.743644050000
162 -0.739179100000
163 -0.709361760000
164 0.726690920000
165 0.741056950000
166 0.744442530000
167 0.745968360000
168 0.746837170000
169 0.747398390000
170 0.747790220000
171 0.748079670000
172 0.748301740000
173 0.748478270000
174 0.748624160000
175 0.748741320000
176 0.748840260000
177 0.748924790000
178 0.748997860000
179 0.749061650000
180 0.749117810000
181 0.749167600000
182 0.749212050000
183 0.749251960000
184 0.749288010000
185 0.749320720000
186 0.749350550000
187 0.749377840000
188 0.749402940000
189 0.749426090000
190 0.749447520000
191 0.749467420000
192 0.749485950000
193 0.749503230000
194 0.749519310000
195 0.749534250000
196 0.749549370000
197 0.749562940000
198 0.749575400000
199 0.749587090000
200 0.749598050000
201 0.749608380000
202 0.749618110000
203 0.749627300000
204 0.749635990000
205 0.749644210000
206 0.749652000000
207 0.749659400000
208 0.749666430000
209 0.749673120000
210 0.749679480000
211 0.000000000000

[phy]
1 0.000000000000
2 0.000000000000
3 -0.029579020000
4 -0.058657990000
5 -0.086705230000
6 -0.113104730000
7 -0.137100990000
8 -0.157747910000
9 -0.173900700000
10 -0.184350340000
11 -0.188218310000
12 -0.185468520000
13 -0.176998160000
14 -0.164155690000
15 -0.148244150000
16 -0.130332340000
17 -0.111389110000
18 -0.092195660000
19 -0.073410280000
20 -0.055599870000
21 -0.039307520000
22 -0.024993380000
23 -0.013003970000
24 -0.003533320000
25 0.003401170000
26 0.007944930000
27 0.010349390000
28 0.010892410000
29 0.009738660000
30 0.007029660000
31 0.002805880000
32 -0.002963830000
33 -0.010279830000
34 -0.019195720000
35 -0.029421440000
36 -0.040080010000
37 -0.049287450000
38 -0.053200670000
39 -0.045410430000
40 -0.022413250000
41 0.011404730000
42 0.051262630000
43 0.094456820000
44 0.139580720000
45 0.185882050000
46 0.232913410000
47 0.280378680000
48 0.328041530000
49 0.375623680000
50 0.422356610000
51 0.452137830000
52 0.403948400000
53 0.355850190000
54 0.307454390000
55 0.258963990000
56 0.210588210000
57 0.162503600000
58 0.114950630000
59 0.068366830000
60 0.022973020000
61 -0.018308960000
62 -0.049502410000
63 -0.057323230000
64 -0.046764030000
65 -0.031964960000
66 -0.018615310000
67 -0.008933480000
68 -0.003277240000
69 -0.000715660000
70 0.000371300000
71 0.001872920000
72 0.005755300000
73 0.013777910000
74 0.026905840000
75 0.044836880000
76 0.066130160000
77 0.088214150000
78 0.106130180000
79 0.103329430000
80 0.073945500000
81 0.033451890000
82 -0.011999990000
83 -0.061144970000
84 -0.111000950000
85 -0.161114990000
86 -0.211355980000
87 -0.261670050000
88 -0.312029740000
89 -0.362418800000
90 -0.412826000000
91 -0.463243080000
92 -0.513662070000
93 -0.564075010000
94 -0.618284330000
95 -0.662275820000
96 -0.698578230000
97 -0.698866000000
98 -0.698931440000
99 -0.698972010000
100 -0.698991240000
101 -0.690550480000
102 -0.645666290000
103 -0.600387100000
104 -0.555067510000
105 -0.509782170000
106 -0.464553680000
107 -0.419388740000
108 -0.374288170000
109 -0.329250480000
110 -0.284273170000
111 -0.239353520000
112 -0.194488970000
113 -0.149677410000
114 -0.104916940000
115 -0.060206110000
116 -0.015544000000
117 0.029069800000
118 0.073635160000
119 0.118151380000
120 0.162617120000
121 0.207030290000
122 0.251388070000
123 0.295686760000
124 0.339921520000
125 0.384086410000
126 0.428173450000
127 0.472172480000
128 0.516068660000
129 0.559839160000
130 0.603442460000
131 0.646783420000
132 0.689520260000
133 0.698856930000
134 0.698833410000
135 0.698765260000
136 0.691990810000
137 0.649220860000
138 0.605707330000
139 0.561961430000
140 0.518063410000
141 0.474281990000
142 0.430504150000
143 0.386730720000
144 0.342965960000
145 0.299215360000
146 0.255486670000
147 0.211790630000
148 0.168144970000
149 0.124581590000
150 0.081171030000
151 0.038130270000
152 -0.002921120000
153 -0.035350470000
154 -0.052980280000
155 -0.046779810000
156 -0.026476020000
157 0.000063690000
158 0.029970320000
159 0.061475590000
160 0.090549200000
161 0.114336430000
162 0.126041310000
163 0.119197920000
164 0.102905710000
165 0.083324430000
166 0.064430160000
167 0.048066550000
168 0.035267700000
169 0.026256350000
170 0.020247600000
171 0.016679530000
172 0.014952030000
173 0.014963350000
174 0.016815810000
175 0.020229540000
176 0.023845380000
177 0.025080460000
178 0.020605550000
179 0.007768820000
180 -0.013333290000
181 -0.040722850000
182 -0.072411550000
183 -0.106983630000
184 -0.143510680000
185 -0.181383270000
186 -0.220204530000
187 -0.259687680000
188 -0.299622280000
189 -0.339835730000
190 -0.380170940000
191 -0.420464630000
192 -0.460516000000
193 -0.500026460000
194 -0.538448190000
195 -0.574506550000
196 -0.604395050000
197 -0.591105200000
198 -0.556098930000
199 -0.516734280000
200 -0.475626310000
201 -0.433607250000
202 -0.391041460000
203 -0.348120010000
204 -0.304955210000
205 -0.261618690000
206 -0.218159200000
207 -0.174611690000
208 -0.131002580000
209 -0.087352850000
210 -0.043680110000
211 0.000000000000

[w]
1 0.000000000000
2 -0.297634320000
3 -0.292610090000
4 -0.282236360000
5 -0.265663840000
6 -0.241487580000
7 -0.207788150000
8 -0.162563560000
9 -0.105165800000
10 -0.038921670000
11 0.027686780000
12 0.085262570000
13 0.129262740000
14 0.160145830000
15 0.180271060000
16 0.190647420000
17 0.193161240000
18 0.189050190000
19 0.179233880000
20 0.163952960000
21 0.144041100000
22 0.120642560000
23 0.095292490000
24 0.069769000000
25 0.045711450000
26 0.024186640000
27 0.005460510000
28 -0.011606640000
29 -0.027247550000
30 -0.042479170000
31 -0.058020900000
32 -0.073562680000
33 -0.089641820000
34 -0.102800410000
35 -0.107138810000
36 -0.092539270000
37 -0.039323170000
38 0.078264470000
39 0.230957060000
40 0.339464370000
41 0.399859360000
42 0.433004020000
43 0.452451300000
44 0.464154370000
45 0.471253240000
46 0.475364520000
47 0.477076540000
48 0.475778140000
49 0.466590490000
50 0.296713350000
51 -0.475397410000
52 -0.484523780000
53 -0.486664480000
54 -0.486630810000
55 -0.485221750000
56 -0.482247590000
57 -0.476866710000
58 -0.467027860000
59 -0.448453880000
60 -0.407793370000
61 -0.308154470000
62 -0.077280880000
63 0.104285230000
64 0.146190940000
65 0.131896390000
66 0.095677210000
67 0.055913730000
68 0.025341400000
69 0.010775060000
70 0.014879030000
71 0.038411870000
72 0.079325780000
73 0.129763090000
74 0.177194230000
75 0.210362150000
76 0.218097540000
77 0.176807080000
78 -0.027743790000
79 -0.289999160000
80 -0.399421210000
81 -0.447954500000
82 -0.482911360000
83 -0.490021180000
84 -0.492706460000
85 -0.494062910000
86 -0.494847390000
87 -0.495326810000
88 -0.495614790000
89 -0.495762500000
90 -0.495784780000
91 -0.495667990000
92 -0.495359860000
93 -0.493024250000
94 -0.485710920000
95 -0.401604320000
96 -0.003148190000
97 -0.000719080000
98 -0.000446470000
99 -0.000211040000
100 0.093069670000
101 0.488233720000
102 0.494058470000
103 0.495915690000
104 0.496818680000
105 0.497347010000
106 0.497689760000
107 0.497926790000
108 0.498097470000
109 0.498223470000
110 0.498317570000
111 0.498387700000
112 0.498438920000
113 0.498474650000
114 0.498497060000
115 0.498507570000
116 0.498506820000
117 0.498494900000
118 0.498471340000
119 0.498435060000
120 0.498384200000
121 0.498316010000
122 0.498226360000
123 0.498109140000
124 0.497955070000
125 0.497749140000
126 0.497465710000
127 0.497059580000
128 0.496439880000
129 0.495395760000
130 0.493306240000
131 0.487321270000
132 0.106505560000
133 -0.000267780000
134 -0.000776550000
135 -0.077213530000
136 -0.482845240000
137 -0.491269470000
138 -0.493856100000
139 -0.495057230000
140 -0.495663300000
141 -0.496018470000
142 -0.496210180000
143 -0.496280680000
144 -0.496244110000
145 -0.496094050000
146 -0.495800470000
147 -0.495292480000
148 -0.494405610000
149 -0.492694660000
150 -0.488471910000
151 -0.465718570000
152 -0.364950200000
153 -0.198449330000
154 0.069807230000
155 0.228426270000
156 0.298473140000
157 0.336216590000
158 0.353815220000
159 0.328862390000
160 0.269307860000
161 0.132511770000
162 -0.077728400000
163 -0.184792260000
164 -0.217031460000
165 -0.209315450000
166 -0.181289970000
167 -0.141814230000
168 -0.099859680000
169 -0.066588630000
170 -0.039548950000
171 -0.019151100000
172 0.000105790000
173 0.020493280000
174 0.037739100000
175 0.040030900000
176 0.013674780000
177 -0.049625840000
178 -0.142375280000
179 -0.234084340000
180 -0.303864490000
181 -0.351588680000
182 -0.383603540000
183 -0.405312450000
184 -0.420252150000
185 -0.430789970000
186 -0.438137930000
187 -0.443159850000
188 -0.446260110000
189 -0.447611210000
190 -0.447150480000
191 -0.444458440000
192 -0.438451020000
193 -0.426359910000
194 -0.400120060000
195 -0.331490750000
196 0.147447980000
197 0.388127430000
198 0.436432610000
199 0.455846330000
200 0.466074680000
201 0.472273310000
202 0.476352920000
203 0.479181860000
204 0.481209090000
205 0.482687900000
206 0.483770740000
207 0.484552990000
208 0.485095580000
209 0.485437200000
210 0.485601100000
211 0.000000000000

[dt]
1 0.010323970000
2 0.099383830000
3 0.099381370000
4 0.099378610000
5 0.099375550000
6 0.099372250000
7 0.099368830000
8 0.099365560000
9 0.099362880000
10 0.099361320000
11 0.099361160000
12 0.099362100000
13 0.099363600000
14 0.099365260000
15 0.099366960000
16 0.099367800000
17 0.099368710000
18 0.099369770000
19 0.099371090000
20 0.099372350000
21 0.099374160000
22 0.099376670000
23 0.099380040000
24 0.099384380000
25 0.099389750000
26 0.099396150000
27 0.099403570000
28 0.099411420000
29 0.099419520000
30 0.099428760000
31 0.099439290000
32 0.099451230000
33 0.099461290000
34 0.099472760000
35 0.099485700000
36 0.099500280000
37 0.099517490000
38 0.099538040000
39 0.099573190000
40 0.099620610000
41 0.099678150000
42 0.099752590000
43 0.099731020000
44 0.099753270000
45 0.099799760000
46 0.099849440000
47 0.099905400000
48 0.100008350000
49 0.100157300000
50 0.100365640000
51 0.101365810000
52 0.099259640000
53 0.099436760000
54 0.099639140000
55 0.099693500000
56 0.099704920000
57 0.099714410000
58 0.099738780000
59 0.101215950000
60 0.101219180000
61 0.101201410000
62 0.101189170000
63 0.101190900000
64 0.101191060000
65 0.101184050000
66 0.101176040000
67 0.101168960000
68 0.101163710000
69 0.101160500000
70 0.101159410000
71 0.101160810000
72 0.101165430000
73 0.101174120000
74 0.101187450000
75 0.101206250000
76 0.101234030000
77 0.101283900000
78 0.101290370000
79 0.101322440000
80 0.101374430000
81 0.101461200000
82 0.101767420000
83 0.101742270000
84 0.101711710000
85 0.101689640000
86 0.101676360000
87 0.101670470000
88 0.101671300000
89 0.101678570000
90 0.101695430000
91 0.101725600000
92 0.101780390000
93 0.109961950000
94 0.090559480000
95 0.090428040000
96 0.091305310000
97 0.091193810000
98 0.091066720000
99 0.090947600000
100 0.090830310000
101 0.091931380000
102 0.091647240000
103 0.091385610000
104 0.091150620000
105 0.090939500000
106 0.090749170000
107 0.090576730000
108 0.090419420000
109 0.090275370000
110 0.090142610000
111 0.090019350000
112 0.089903760000
113 0.089794770000
114 0.089691090000
115 0.089591440000
116 0.089494650000
117 0.089399620000
118 0.089305280000
119 0.089210570000
120 0.089114240000
121 0.089015320000
122 0.088912770000
123 0.088805370000
124 0.088692490000
125 0.088572880000
126 0.088446440000
127 0.088311790000
128 0.088168880000
129 0.088017200000
130 0.087858210000
131 0.087697700000
132 0.087614580000
133 0.087858440000
134 0.087811280000
135 0.087767350000
136 0.088578620000
137 0.088572500000
138 0.088581680000
139 0.088673020000
140 0.088329220000
141 0.088258590000
142 0.088215500000
143 0.088185430000
144 0.088163340000
145 0.088145800000
146 0.088132130000
147 0.088120760000
148 0.088112350000
149 0.088108080000
150 0.088112460000
151 0.088145530000
152 0.088862890000
153 0.088850230000
154 0.088853690000
155 0.088885460000
156 0.088916330000
157 0.088948740000
158 0.089055250000
159 0.088422890000
160 0.088342590000
161 0.088291260000
162 0.088248850000
163 0.088187170000
164 0.090220860000
165 0.090250070000
166 0.090249220000
167 0.090246860000
168 0.090248960000
169 0.090258400000
170 0.090254690000
171 0.090255460000
172 0.090245450000
173 0.090253210000
174 0.090368180000
175 0.090273530000
176 0.090221930000
177 0.090186240000
178 0.090162250000
179 0.090147420000
180 0.090137800000
181 0.090130770000
182 0.090125430000
183 0.090121670000
184 0.090119650000
185 0.090117350000
186 0.090116790000
187 0.090114350000
188 0.090113320000
189 0.090113520000
190 0.090113770000
191 0.090114700000
192 0.090115950000
193 0.090117930000
194 0.090118010000
195 0.090115650000
196 0.090147780000
197 0.090205870000
198 0.090199740000
199 0.090180620000
200 0.090155650000
201 0.090129830000
202 0.090104530000
203 0.090080420000
204 0.090057790000
205 0.090036650000
206 0.090017060000
207 0.089998900000
208 0.089981960000
209 0.089966030000
210 0.089950860000
