  0.00000000
  0.00000000
 -0.02957902
 -0.05865799
 -0.08670523
 -0.11310473
 -0.13710099
 -0.15774791
 -0.17390070
 -0.18435034
 -0.18821831
 -0.18546852
 -0.17699816
 -0.16415569
 -0.14824415
 -0.13033234
 -0.11138911
 -0.09219566
 -0.07341028
 -0.05559987
 -0.03930752
 -0.02499338
 -0.01300397
 -0.00353332
  0.00340117
  0.00794493
  0.01034939
  0.01089241
  0.00973866
  0.00702966
  0.00280588
 -0.00296383
 -0.01027983
 -0.01919572
 -0.02942144
 -0.04008001
 -0.04928745
 -0.05320067
 -0.04541043
 -0.02241325
  0.01140473
  0.05126263
  0.09445682
  0.13958072
  0.18588205
  0.23291341
  0.28037868
  0.32804153
  0.37562368
  0.42235661
  0.45213783
  0.40394840
  0.35585019
  0.30745439
  0.25896399
  0.21058821
  0.16250360
  0.11495063
  0.06836683
  0.02297302
 -0.01830896
 -0.04950241
 -0.05732323
 -0.04676403
 -0.03196496
 -0.01861531
 -0.00893348
 -0.00327724
 -0.00071566
  0.00037130
  0.00187292
  0.00575530
  0.01377791
  0.02690584
  0.04483688
  0.06613016
  0.08821415
  0.10613018
  0.10332943
  0.07394550
  0.03345189
 -0.01199999
 -0.06114497
 -0.11100095
 -0.16111499
 -0.21135598
 -0.26167005
 -0.31202974
 -0.36241880
 -0.41282600
 -0.46324308
 -0.51366207
 -0.56407501
 -0.61828433
 -0.66227582
 -0.69857823
 -0.69886600
 -0.69893144
 -0.69897201
 -0.69899124
 -0.69055048
 -0.64566629
 -0.60038710
 -0.55506751
 -0.50978217
 -0.46455368
 -0.41938874
 -0.37428817
 -0.32925048
 -0.28427317
 -0.23935352
 -0.19448897
 -0.14967741
 -0.10491694
 -0.06020611
 -0.01554400
  0.02906980
  0.07363516
  0.11815138
  0.16261712
  0.20703029
  0.25138807
  0.29568676
  0.33992152
  0.38408641
  0.42817345
  0.47217248
  0.51606866
  0.55983916
  0.60344246
  0.64678342
  0.68952026
  0.69885693
  0.69883341
  0.69876526
  0.69199081
  0.64922086
  0.60570733
  0.56196143
  0.51806341
  0.47428199
  0.43050415
  0.38673072
  0.34296596
  0.29921536
  0.25548667
  0.21179063
  0.16814497
  0.12458159
  0.08117103
  0.03813027
 -0.00292112
 -0.03535047
 -0.05298028
 -0.04677981
 -0.02647602
  0.00006369
  0.02997032
  0.06147559
  0.09054920
  0.11433643
  0.12604131
  0.11919792
  0.10290571
  0.08332443
  0.06443016
  0.04806655
  0.03526770
  0.02625635
  0.02024760
  0.01667953
  0.01495203
  0.01496335
  0.01681581
  0.02022954
  0.02384538
  0.02508046
  0.02060555
  0.00776882
 -0.01333329
 -0.04072285
 -0.07241155
 -0.10698363
 -0.14351068
 -0.18138327
 -0.22020453
 -0.25968768
 -0.29962228
 -0.33983573
 -0.38017094
 -0.42046463
 -0.46051600
 -0.50002646
 -0.53844819
 -0.57450655
 -0.60439505
 -0.59110520
 -0.55609893
 -0.51673428
 -0.47562631
 -0.43360725
 -0.39104146
 -0.34812001
 -0.30495521
 -0.26161869
 -0.21815920
 -0.17461169
 -0.13100258
 -0.08735285
 -0.04368011
  0.00000000
