  0.00000000
  0.00000000
  0.07451264
  0.14902298
  0.22353077
  0.29803578
  0.37253780
  0.44703673
  0.52153265
  0.59602599
  0.67051756
  0.74500838
  0.81949926
  0.89399058
  0.96848243
  1.04297482
  1.11746705
  1.19195915
  1.26645118
  1.34094331
  1.41543543
  1.48992790
  1.56442121
  1.63891592
  1.71341271
  1.78791226
  1.86241529
  1.93692245
  2.01143399
  2.08594999
  2.16047119
  2.23499841
  2.30953259
  2.38407214
  2.45861795
  2.53317090
  2.60773200
  2.68230294
  2.75688594
  2.83149158
  2.90612865
  2.98080424
  3.05553045
  3.13023458
  3.20494864
  3.27968979
  3.35445912
  3.42925966
  3.50412445
  3.57908500
  3.65418158
  3.73000149
  3.80420834
  3.87850088
  3.95287434
  4.02717009
  4.10123704
  4.17459602
  4.16222424
  4.08766720
  4.01243961
  3.93699838
  3.86145208
  3.78583571
  3.71017328
  3.63448325
  3.55877456
  3.48305198
  3.40731796
  3.33157377
  3.25581990
  3.18005611
  3.10428123
  3.02849322
  2.95268945
  2.87686646
  2.80101810
  2.72512826
  2.64922991
  2.57330419
  2.49733648
  2.42130093
  2.34503320
  2.26878205
  2.19255173
  2.11633603
  2.04012853
  1.96392381
  1.88771693
  1.81150317
  1.73527543
  1.65902379
  1.58272988
  1.50029827
  1.43241762
  1.36463487
  1.29619349
  1.22783506
  1.15957130
  1.09139626
  1.02330858
  0.95439454
  0.88569311
  0.81718746
  0.74885770
  0.68068596
  0.61265672
  0.54475660
  0.47697431
  0.40929994
  0.34172507
  0.27424262
  0.20684688
  0.13953293
  0.07229684
  0.00513564
 -0.06195280
 -0.12896972
 -0.19591561
 -0.26279014
 -0.32959203
 -0.39631931
 -0.46296918
 -0.52953796
 -0.59602148
 -0.66241461
 -0.72871216
 -0.79490789
 -0.86099552
 -0.92696837
 -0.99282084
 -1.05855169
 -1.12421880
 -1.19006730
 -1.25587883
 -1.32165568
 -1.38803910
 -1.45441598
 -1.52079764
 -1.58724562
 -1.65343342
 -1.71956574
 -1.78566306
 -1.85173490
 -1.91778696
 -1.98382233
 -2.04984351
 -2.11585173
 -2.18184863
 -2.24783657
 -2.31382111
 -2.37982258
 -2.44635257
 -2.51286175
 -2.57935978
 -2.64586456
 -2.71237077
 -2.77887265
 -2.84541483
 -2.91142573
 -2.97728604
 -3.04294268
 -3.10817376
 -3.17072848
 -3.10516566
 -3.03828453
 -2.97109868
 -2.90377702
 -2.83637547
 -2.76891628
 -2.70142454
 -2.63390614
 -2.56637520
 -2.49882254
 -2.43117069
 -2.36357914
 -2.29601732
 -2.22847460
 -2.16094327
 -2.09341730
 -2.02589347
 -1.95837042
 -1.89084736
 -1.82332353
 -1.75579796
 -1.68827117
 -1.62074211
 -1.55321242
 -1.48568125
 -1.41814783
 -1.35061230
 -1.28307429
 -1.21553366
 -1.14798999
 -1.08044480
 -1.01290001
 -0.94532983
 -0.87771488
 -0.81010338
 -0.74250515
 -0.67492466
 -0.60736259
 -0.53981860
 -0.47229187
 -0.40478131
 -0.33728586
 -0.26980439
 -0.20233588
 -0.13487942
 -0.06743431
  0.00000000
