  0.00000000
  0.74998882
  0.74998846
  0.74998807
  0.74998765
  0.74998719
  0.74998670
  0.74998619
  0.74998562
  0.74998500
  0.74998432
  0.74998358
  0.74998276
  0.74998186
  0.74998085
  0.74997972
  0.74997845
  0.74997702
  0.74997538
  0.74997349
  0.74997131
  0.74996878
  0.74996575
  0.74996249
  0.74995760
  0.74995126
  0.74994192
  0.74992753
  0.74990276
  0.74984907
  0.74970116
 -0.23373507
 -0.74971575
 -0.74985817
 -0.74990548
 -0.74992912
 -0.74994336
 -0.74995279
 -0.74995956
 -0.74996472
 -0.74996880
 -0.74997188
 -0.74997428
 -0.74997620
 -0.74997886
 -0.74997516
 -0.74997611
 -0.74997704
 -0.74997797
 -0.74997974
 -0.74998051
 -0.74998120
 -0.74998181
 -0.74998238
 -0.74998291
 -0.74998427
 -0.74998433
 -0.74998430
 -0.74998416
 -0.74998393
 -0.74998358
 -0.74998310
 -0.74998249
 -0.74998170
 -0.74998070
 -0.74997943
 -0.74997780
 -0.74997566
 -0.74997279
 -0.74996877
 -0.74996280
 -0.74995477
 -0.74994241
 -0.74992077
 -0.74987295
 -0.74967643
  0.74953221
  0.74986904
  0.74992416
  0.74994667
  0.74995885
  0.74996646
  0.74997228
  0.74997514
  0.74997714
  0.74997859
  0.74997967
  0.74998048
  0.74998107
  0.00000000
