task_id 14

[x]
1 1.640816330000
2 1.640816330000
3 1.640816330000
4 1.668300110000
5 1.723288690000
6 1.806052120000
7 1.917328320000
8 2.058520170000
9 2.232093300000
10 2.440567030000
11 2.684267720000
12 2.963000550000
13 3.276197240000
14 3.623053290000
15 4.002606620000
16 4.413735860000
17 4.855272300000
18 5.326559640000
19 5.826068030000
20 6.355096070000
21 6.917268880000
22 7.517124750000
23 8.158278310000
24 8.840064880000
25 9.557018070000
26 10.261523950000
27 10.934989760000
28 11.566947360000
29 12.163690210000
30 12.708031320000
31 13.106699360000
32 13.411085250000
33 13.655545970000
34 13.882324260000
35 14.129666540000
36 14.375338560000
37 14.613440640000
38 14.850050740000
39 15.086009880000
40 15.285126010000
41 15.416299240000
42 15.452878080000
43 15.432911510000
44 15.391873230000
45 15.357015940000
46 15.348349900000
47 15.377384940000
48 15.443491470000
49 15.549388290000
50 15.694907490000
51 15.884751720000
52 16.104301470000
53 16.338160070000
54 16.573897230000
55 16.801949160000
56 17.015289830000
57 17.218691160000
58 17.394296300000
59 17.541346180000
60 17.660061510000
61 17.750968220000
62 17.814637080000
63 17.851599820000
64 17.862338300000
65 17.847299630000
66 17.806916560000
67 17.741626860000
68 17.651896320000
69 17.538258640000
70 17.401396020000
71 17.242296920000
72 17.062289030000
73 16.861518950000
74 16.642545520000
75 16.408802760000
76 16.165026940000
77 15.917484800000
78 15.660709930000
79 15.454466190000
80 15.295579050000
81 15.178891210000
82 15.098093610000
83 15.046428790000
84 15.016422710000
85 15.002566430000
86 14.997601600000
87 14.996995720000
88 14.998046640000
89 14.999276340000
90 15.000000000000

[y]
1 24.918367350000
2 24.918367350000
3 24.918367350000
4 24.935119370000
5 24.968510570000
6 25.018007720000
7 25.082248840000
8 25.158554520000
9 25.242429230000
10 25.326860970000
11 25.408786830000
12 25.486310280000
13 25.559063120000
14 25.628551740000
15 25.698442940000
16 25.774537230000
17 25.863007790000
18 25.966759000000
19 26.092135330000
20 26.232537670000
21 26.374002040000
22 26.497350640000
23 26.577039780000
24 26.579339090000
25 26.459507940000
26 26.165495690000
27 25.721082120000
28 25.154375680000
29 24.493490120000
30 23.727234760000
31 22.875744180000
32 21.943421400000
33 20.955190960000
34 19.948447130000
35 18.983892650000
36 18.056850180000
37 17.165769440000
38 16.311979460000
39 15.496167390000
40 14.708065900000
41 13.941189370000
42 13.197146430000
43 12.489669240000
44 11.821424400000
45 11.190970210000
46 10.574984820000
47 10.104389850000
48 9.665117830000
49 9.261966380000
50 8.901034490000
51 8.575442030000
52 8.307579130000
53 8.094754090000
54 7.931677210000
55 7.811652180000
56 7.727443270000
57 7.669096550000
58 7.635277800000
59 7.616200920000
60 7.605699530000
61 7.600003170000
62 7.596948500000
63 7.595434540000
64 7.595019160000
65 7.595598520000
66 7.597134790000
67 7.599410380000
68 7.601794510000
69 7.603012270000
70 7.600910690000
71 7.592221670000
72 7.572305990000
73 7.534492400000
74 7.473371440000
75 7.383265590000
76 7.258381370000
77 7.093075310000
78 6.870518130000
79 6.632290720000
80 6.390234320000
81 6.154079710000
82 5.931352120000
83 5.727506140000
84 5.541174010000
85 5.383251570000
86 5.253405600000
87 5.150885340000
88 5.074913160000
89 5.024808260000
90 5.000000000000

[theta]
1 0.547392890000
2 0.547392890000
3 0.547392890000
4 0.545725160000
5 0.538988750000
6 0.523570480000
7 0.495474030000
8 0.450137870000
9 0.384811330000
10 0.324308590000
11 0.271276100000
12 0.228247480000
13 0.197724680000
14 0.182103400000
15 0.183015590000
16 0.197750040000
17 0.216689510000
18 0.245918960000
19 0.259414660000
20 0.246517630000
21 0.202800380000
22 0.123652760000
23 0.003369060000
24 -0.165606710000
25 -0.395355030000
26 -0.583295360000
27 -0.731015040000
28 -0.836357510000
29 -0.953131020000
30 -1.132910690000
31 -1.255225290000
32 -1.328292370000
33 -1.349234650000
34 -1.319771240000
35 -1.311744560000
36 -1.309691120000
37 -1.300452990000
38 -1.289246990000
39 -1.323322210000
40 -1.401387170000
41 -1.521672800000
42 -1.599010090000
43 -1.632130400000
44 -1.626028520000
45 -1.584864510000
46 -1.509175620000
47 -1.421426030000
48 -1.313926530000
49 -1.187554720000
50 -1.042916350000
51 -0.884197300000
52 -0.738344740000
53 -0.605183910000
54 -0.484470030000
55 -0.375942620000
56 -0.279354250000
57 -0.190254650000
58 -0.129009920000
59 -0.088228580000
60 -0.062579320000
61 -0.047940090000
62 -0.040935510000
63 -0.038661370000
64 -0.038505950000
65 -0.038023990000
66 -0.034839490000
67 -0.026563250000
68 -0.010715450000
69 0.015354690000
70 0.054560300000
71 0.110189550000
72 0.186161170000
73 0.272196290000
74 0.367935950000
75 0.473431400000
76 0.588778920000
77 0.714132820000
78 0.857233140000
79 0.989931190000
80 1.111866610000
81 1.222795690000
82 1.322572890000
83 1.411131530000
84 1.483279380000
85 1.532578620000
86 1.564886470000
87 1.584628420000
88 1.595333830000
89 1.599958350000
90 1.601090090000

[v]
1 0.000000000000
2 0.000000000000
3 0.155402240000
4 0.310739260000
5 0.466010570000
6 0.621211460000
7 0.776335480000
8 0.931380460000
9 1.086611690000
10 1.241853620000
11 1.397122640000
12 1.552425330000
13 1.707757990000
14 1.863108480000
15 2.018462610000
16 2.173816410000
17 2.329176770000
18 2.484561280000
19 2.640017410000
20 2.795505860000
21 2.951025690000
22 3.106661390000
23 3.262630170000
24 3.419349310000
25 3.578778310000
26 3.738752530000
27 3.900603850000
28 4.063804000000
29 4.228122990000
30 4.394828220000
31 4.555245530000
32 4.716657620000
33 4.666209530000
34 4.500404440000
35 4.334494370000
36 4.168571710000
37 4.002642110000
38 3.836645990000
39 3.670642300000
40 3.504563320000
41 3.338071000000
42 3.170704820000
43 3.003298140000
44 2.836112220000
45 2.669141790000
46 2.496044530000
47 2.354378210000
48 2.212874580000
49 2.071605350000
50 1.930717750000
51 1.784313630000
52 1.638739700000
53 1.494027110000
54 1.350134530000
55 1.206980810000
56 1.064464080000
57 0.915374890000
58 0.768854330000
59 0.624211410000
60 0.481019000000
61 0.339003120000
62 0.197985060000
63 0.057849730000
64 -0.081471740000
65 -0.220011510000
66 -0.357769890000
67 -0.494717310000
68 -0.630794350000
69 -0.765910330000
70 -0.899940850000
71 -1.032724210000
72 -1.164243230000
73 -1.295844300000
74 -1.427414560000
75 -1.559024430000
76 -1.690768560000
77 -1.822750610000
78 -1.683021040000
79 -1.542627870000
80 -1.401870040000
81 -1.260955560000
82 -1.120040390000
83 -0.979231670000
84 -0.834685380000
85 -0.692244970000
86 -0.551467230000
87 -0.412040350000
88 -0.273745530000
89 -0.136431820000
90 0.000000000000

[a]
1 0.000000000000
2 0.749988820000
3 0.749988460000
4 0.749988070000
5 0.749987650000
6 0.749987190000
7 0.749986700000
8 0.749986190000
9 0.749985620000
10 0.749985000000
11 0.749984320000
12 0.749983580000
13 0.749982760000
14 0.749981860000
15 0.749980850000
16 0.749979720000
17 0.749978450000
18 0.749977020000
19 0.749975380000
20 0.749973490000
21 0.749971310000
22 0.749968780000
23 0.749965750000
24 0.749962490000
25 0.749957600000
26 0.749951260000
27 0.749941920000
28 0.749927530000
29 0.749902760000
30 0.749849070000
31 0.749701160000
32 -0.233735070000
33 -0.749715750000
34 -0.749858170000
35 -0.749905480000
36 -0.749929120000
37 -0.749943360000
38 -0.749952790000
39 -0.749959560000
40 -0.749964720000
41 -0.749968800000
42 -0.749971880000
43 -0.749974280000
44 -0.749976200000
45 -0.749978860000
46 -0.749975160000
47 -0.749976110000
48 -0.749977040000
49 -0.749977970000
50 -0.749979740000
51 -0.749980510000
52 -0.749981200000
53 -0.749981810000
54 -0.749982380000
55 -0.749982910000
56 -0.749984270000
57 -0.749984330000
58 -0.749984300000
59 -0.749984160000
60 -0.749983930000
61 -0.749983580000
62 -0.749983100000
63 -0.749982490000
64 -0.749981700000
65 -0.749980700000
66 -0.749979430000
67 -0.749977800000
68 -0.749975660000
69 -0.749972790000
70 -0.749968770000
71 -0.749962800000
72 -0.749954770000
73 -0.749942410000
74 -0.749920770000
75 -0.749872950000
76 -0.749676430000
77 0.749532210000
78 0.749869040000
79 0.749924160000
80 0.749946670000
81 0.749958850000
82 0.749966460000
83 0.749972280000
84 0.749975140000
85 0.749977140000
86 0.749978590000
87 0.749979670000
88 0.749980480000
89 0.749981070000
90 0.000000000000

[phy]
1 0.000000000000
2 0.000000000000
3 -0.103258560000
4 -0.206439190000
5 -0.309488080000
6 -0.412275350000
7 -0.514272120000
8 -0.595767600000
9 -0.493620530000
10 -0.391284700000
11 -0.289123740000
12 -0.187628220000
13 -0.088103240000
14 0.004715110000
15 0.070366470000
16 0.083958990000
17 0.120557660000
18 0.052359520000
19 -0.047094000000
20 -0.149700790000
21 -0.252945810000
22 -0.356442870000
23 -0.460189450000
24 -0.563718900000
25 -0.457537650000
26 -0.350991170000
27 -0.243288460000
28 -0.256507020000
29 -0.365365600000
30 -0.254545390000
31 -0.147914090000
32 -0.041120350000
33 0.057045100000
34 0.016120440000
35 0.004280900000
36 0.020029070000
37 0.025296540000
38 -0.080076470000
39 -0.189765760000
40 -0.299894890000
41 -0.204725580000
42 -0.093321120000
43 0.018225660000
44 0.129654670000
45 0.240951900000
46 0.356334060000
47 0.450761800000
48 0.545077050000
49 0.639220730000
50 0.699972370000
51 0.699975420000
52 0.699976930000
53 0.699977410000
54 0.699977100000
55 0.699976070000
56 0.699909710000
57 0.600548100000
58 0.502882020000
59 0.406463150000
60 0.311009270000
61 0.216338630000
62 0.122332580000
63 0.028914660000
64 -0.063960840000
65 -0.156315160000
66 -0.248148340000
67 -0.339440380000
68 -0.430151260000
69 -0.520219710000
70 -0.609560740000
71 -0.698058330000
72 -0.699973560000
73 -0.699975440000
74 -0.699977040000
75 -0.699978510000
76 -0.699979960000
77 -0.699982500000
78 -0.699981440000
79 -0.699980380000
80 -0.699979190000
81 -0.699977750000
82 -0.699975920000
83 -0.652748700000
84 -0.556408870000
85 -0.461461300000
86 -0.367618560000
87 -0.274674760000
88 -0.182484810000
89 -0.090948520000
90 0.000000000000

[w]
1 0.000000000000
2 -0.498335470000
3 -0.498168030000
4 -0.497741870000
5 -0.496702230000
6 -0.493123110000
7 -0.394187660000
8 0.493506460000
9 0.494386670000
10 0.493455340000
11 0.490133370000
12 0.480522280000
13 0.448087720000
14 0.316940050000
15 0.065655430000
16 0.176642870000
17 -0.329161210000
18 -0.479791100000
19 -0.494904320000
20 -0.497882980000
21 -0.498726220000
22 -0.498859340000
23 -0.495427060000
24 0.499483320000
25 0.499490350000
26 0.499053430000
27 -0.060738230000
28 -0.496808140000
29 0.498514300000
30 0.498433630000
31 0.496018660000
32 0.454817300000
33 -0.185056230000
34 -0.053506450000
35 0.071180820000
36 0.023813980000
37 -0.476072770000
38 -0.495545680000
39 -0.497309960000
40 0.428692100000
41 0.499203600000
42 0.499722690000
43 0.499855910000
44 0.499910510000
45 0.499916550000
46 0.499896170000
47 0.499875360000
48 0.499794600000
49 0.323396170000
50 0.000015650000
51 0.000007780000
52 0.000002480000
53 -0.000001620000
54 -0.000005410000
55 -0.000349820000
56 -0.499832850000
57 -0.499916500000
58 -0.499939020000
59 -0.499949070000
60 -0.499954370000
61 -0.499957260000
62 -0.499958630000
63 -0.499958840000
64 -0.499957970000
65 -0.499955900000
66 -0.499952180000
67 -0.499945870000
68 -0.499934580000
69 -0.499911180000
70 -0.499840150000
71 -0.010924680000
72 -0.000010750000
73 -0.000009150000
74 -0.000008400000
75 -0.000008300000
76 -0.000014470000
77 0.000005680000
78 0.000005690000
79 0.000006320000
80 0.000007670000
81 0.000009770000
82 0.251538480000
83 0.499855020000
84 0.499916440000
85 0.499936310000
86 0.499945650000
87 0.499950620000
88 0.499953220000
89 0.499954230000
90 0.000000000000

[dt]
1 0.010065580000
2 0.207206070000
3 0.207119200000
4 0.207031710000
5 0.206937920000
6 0.206835550000
7 0.206730310000
8 0.206978780000
9 0.206993200000
10 0.207029500000
11 0.207074580000
12 0.207114750000
13 0.207138740000
14 0.207143850000
15 0.207143680000
16 0.207152740000
17 0.207185300000
18 0.207281190000
19 0.207324730000
20 0.207367100000
21 0.207522190000
22 0.207967020000
23 0.208968390000
24 0.212582650000
25 0.213311050000
26 0.215815830000
27 0.217617120000
28 0.219113240000
29 0.222302540000
30 0.213932800000
31 0.215301910000
32 0.215834520000
33 0.221157290000
34 0.221255280000
35 0.221258120000
36 0.221260380000
37 0.221344900000
38 0.221352190000
39 0.221450590000
40 0.222000210000
41 0.223164180000
42 0.223217270000
43 0.222922200000
44 0.222634290000
45 0.230802860000
46 0.188894670000
47 0.188677520000
48 0.188364730000
49 0.187855650000
50 0.195210750000
51 0.194103610000
52 0.192954950000
53 0.191861420000
54 0.190876110000
55 0.190026630000
56 0.198789760000
57 0.195364840000
58 0.192861270000
59 0.190927240000
60 0.189358580000
61 0.188028200000
62 0.186851330000
63 0.185766300000
64 0.184724200000
65 0.183682570000
66 0.182601580000
67 0.181441430000
68 0.180160500000
69 0.178713840000
70 0.177051860000
71 0.175367390000
72 0.175478650000
73 0.175440450000
74 0.175498320000
75 0.175688520000
76 0.176051820000
77 0.186422340000
78 0.187223570000
79 0.187696080000
80 0.187899320000
81 0.187897200000
82 0.187753350000
83 0.192735510000
84 0.189926850000
85 0.187709370000
86 0.185907810000
87 0.184398090000
88 0.183089700000
89 0.181913690000
