  0.00000000
  0.00000000
 -0.10325856
 -0.20643919
 -0.30948808
 -0.41227535
 -0.51427212
 -0.59576760
 -0.49362053
 -0.39128470
 -0.28912374
 -0.18762822
 -0.08810324
  0.00471511
  0.07036647
  0.08395899
  0.12055766
  0.05235952
 -0.04709400
 -0.14970079
 -0.25294581
 -0.35644287
 -0.46018945
 -0.56371890
 -0.45753765
 -0.35099117
 -0.24328846
 -0.25650702
 -0.36536560
 -0.25454539
 -0.14791409
 -0.04112035
  0.05704510
  0.01612044
  0.00428090
  0.02002907
  0.02529654
 -0.08007647
 -0.18976576
 -0.29989489
 -0.20472558
 -0.09332112
  0.01822566
  0.12965467
  0.24095190
  0.35633406
  0.45076180
  0.54507705
  0.63922073
  0.69997237
  0.69997542
  0.69997693
  0.69997741
  0.69997710
  0.69997607
  0.69990971
  0.60054810
  0.50288202
  0.40646315
  0.31100927
  0.21633863
  0.12233258
  0.02891466
 -0.06396084
 -0.15631516
 -0.24814834
 -0.33944038
 -0.43015126
 -0.52021971
 -0.60956074
 -0.69805833
 -0.69997356
 -0.69997544
 -0.69997704
 -0.69997851
 -0.69997996
 -0.69998250
 -0.69998144
 -0.69998038
 -0.69997919
 -0.69997775
 -0.69997592
 -0.65274870
 -0.55640887
 -0.46146130
 -0.36761856
 -0.27467476
 -0.18248481
 -0.09094852
  0.00000000
