  0.00000000
 -0.49833547
 -0.49816803
 -0.49774187
 -0.49670223
 -0.49312311
 -0.39418766
  0.49350646
  0.49438667
  0.49345534
  0.49013337
  0.48052228
  0.44808772
  0.31694005
  0.06565543
  0.17664287
 -0.32916121
 -0.47979110
 -0.49490432
 -0.49788298
 -0.49872622
 -0.49885934
 -0.49542706
  0.49948332
  0.49949035
  0.49905343
 -0.06073823
 -0.49680814
  0.49851430
  0.49843363
  0.49601866
  0.45481730
 -0.18505623
 -0.05350645
  0.07118082
  0.02381398
 -0.47607277
 -0.49554568
 -0.49730996
  0.42869210
  0.49920360
  0.49972269
  0.49985591
  0.49991051
  0.49991655
  0.49989617
  0.49987536
  0.49979460
  0.32339617
  0.00001565
  0.00000778
  0.00000248
 -0.00000162
 -0.00000541
 -0.00034982
 -0.49983285
 -0.49991650
 -0.49993902
 -0.49994907
 -0.49995437
 -0.49995726
 -0.49995863
 -0.49995884
 -0.49995797
 -0.49995590
 -0.49995218
 -0.49994587
 -0.49993458
 -0.49991118
 -0.49984015
 -0.01092468
 -0.00001075
 -0.00000915
 -0.00000840
 -0.00000830
 -0.00001447
  0.00000568
  0.00000569
  0.00000632
  0.00000767
  0.00000977
  0.25153848
  0.49985502
  0.49991644
  0.49993631
  0.49994565
  0.49995062
  0.49995322
  0.49995423
  0.00000000
