 24.91836735
 24.91836735
 24.91836735
 24.93511937
 24.96851057
 25.01800772
 25.08224884
 25.15855452
 25.24242923
 25.32686097
 25.40878683
 25.48631028
 25.55906312
 25.62855174
 25.69844294
 25.77453723
 25.86300779
 25.96675900
 26.09213533
 26.23253767
 26.37400204
 26.49735064
 26.57703978
 26.57933909
 26.45950794
 26.16549569
 25.72108212
 25.15437568
 24.49349012
 23.72723476
 22.87574418
 21.94342140
 20.95519096
 19.94844713
 18.98389265
 18.05685018
 17.16576944
 16.31197946
 15.49616739
 14.70806590
 13.94118937
 13.19714643
 12.48966924
 11.82142440
 11.19097021
 10.57498482
 10.10438985
  9.66511783
  9.26196638
  8.90103449
  8.57544203
  8.30757913
  8.09475409
  7.93167721
  7.81165218
  7.72744327
  7.66909655
  7.63527780
  7.61620092
  7.60569953
  7.60000317
  7.59694850
  7.59543454
  7.59501916
  7.59559852
  7.59713479
  7.59941038
  7.60179451
  7.60301227
  7.60091069
  7.59222167
  7.57230599
  7.53449240
  7.47337144
  7.38326559
  7.25838137
  7.09307531
  6.87051813
  6.63229072
  6.39023432
  6.15407971
  5.93135212
  5.72750614
  5.54117401
  5.38325157
  5.25340560
  5.15088534
  5.07491316
  5.02480826
  5.00000000
