  0.01001621
  0.24999933
  0.24999932
  0.24999932
  0.24999931
  0.24999930
  0.24999929
  0.24999930
  0.24999930
  0.24999930
  0.24999930
  0.24999930
  0.24999931
  0.24999931
  0.24999931
  0.24999932
  0.24999932
  0.24999932
  0.24999929
  0.24999802
  0.24593219
  0.24999933
  0.22246475
  0.20528302
  0.20776701
  0.24999925
  0.24999925
  0.24999925
  0.24999925
  0.24999981
  0.18694231
  0.18431153
  0.18178637
  0.17113987
  0.15907472
  0.14839030
  0.15488207
  0.16568665
  0.17782618
  0.18668271
  0.18917410
  0.19181471
  0.24999910
  0.24999910
  0.24999912
  0.24999912
  0.24999912
  0.18288370
  0.24999912
  0.24999987
  0.18924946
  0.18662622
  0.18411043
  0.18154273
  0.17206467
  0.16920262
  0.18306517
  0.19896137
  0.20129132
  0.20362610
  0.20613388
  0.24999979
  0.24999981
  0.24999981
  0.24999981
  0.24999985
  0.22543370
  0.22334727
  0.22146365
  0.24016675
  0.24999966
  0.24999983
  0.24999984
  0.24999984
  0.24999984
  0.24999984
  0.24999984
  0.24999984
  0.24999985
  0.24999985
  0.24999985
  0.24999984
  0.24999986
  0.24999985
  0.24999985
  0.24999984
  0.24999984
  0.24999984
  0.24999983
  0.24999983
  0.24999983
  0.24999982
  0.24999982
  0.24999981
  0.24999981
  0.24999984
  0.24999984
  0.24999985
  0.24999985
  0.24999984
  0.24999984
  0.24999984
