task_id 3

[x]
1 4.000000000000
2 4.000000000000
3 4.000000000000
4 4.000037330000
5 4.000388070000
6 4.002597180000
7 4.010729430000
8 4.032867970000
9 4.082982680000
10 4.179193050000
11 4.337483220000
12 4.573490080000
13 4.888217430000
14 5.277246360000
15 5.733878200000
16 6.249854080000
17 6.815326020000
18 7.423771190000
19 8.091468430000
20 8.834910440000
21 9.652548090000
22 10.517065780000
23 11.448250730000
24 12.318341130000
25 13.159041640000
26 14.042617780000
27 15.141814830000
28 16.287734520000
29 17.480376580000
30 18.719740140000
31 19.933188110000
32 20.805630760000
33 21.635083080000
34 22.414833800000
35 23.131576960000
36 23.766589030000
37 24.296014120000
38 24.719246430000
39 25.025812230000
40 25.212293330000
41 25.285901770000
42 25.262637460000
43 25.165898480000
44 24.985421860000
45 24.797852030000
46 24.608692570000
47 24.419533080000
48 24.230373570000
49 24.095791160000
50 23.856423480000
51 23.626030960000
52 23.458419170000
53 23.253310870000
54 22.985849790000
55 22.639750910000
56 22.208456210000
57 21.695853060000
58 21.061456190000
59 20.335413010000
60 19.542022870000
61 18.699692600000
62 17.817005340000
63 16.712265230000
64 15.560953460000
65 14.456239080000
66 13.398122480000
67 12.386603610000
68 11.516500360000
69 10.698182470000
70 9.940114940000
71 9.194760200000
72 8.502513780000
73 7.876891350000
74 7.308031160000
75 6.775703140000
76 6.265665370000
77 5.770845780000
78 5.291359720000
79 4.833811900000
80 4.409998360000
81 4.034032650000
82 3.714388640000
83 3.453000880000
84 3.247431350000
85 3.092311810000
86 2.980460150000
87 2.907128740000
88 2.869796190000
89 2.867504950000
90 2.900102780000
91 2.967494300000
92 3.068890420000
93 3.201950950000
94 3.361599670000
95 3.538113060000
96 3.713814360000
97 3.851848660000
98 3.933889250000
99 3.975285990000
100 3.992700170000
101 3.998575790000
102 3.999899280000
103 4.000000000000

[y]
1 20.000000000000
2 20.000000000000
3 20.000000000000
4 20.046874670000
5 20.140623370000
6 20.281230040000
7 20.468552290000
8 20.701877700000
9 20.978624800000
10 21.292325360000
11 21.632277120000
12 21.981957970000
13 22.329333930000
14 22.667744530000
15 22.996209040000
16 23.320402270000
17 23.653417370000
18 24.005797420000
19 24.347369820000
20 24.634238460000
21 24.842478450000
22 24.984640670000
23 25.086407500000
24 25.181496750000
25 25.226824680000
26 25.196479770000
27 25.107894940000
28 25.015544680000
29 24.919429060000
30 24.819548150000
31 24.721755820000
32 24.651445240000
33 24.538439440000
34 24.357236130000
35 24.090046400000
36 23.727125460000
37 23.269384430000
38 22.695268730000
39 22.017616350000
40 21.264176800000
41 20.456432600000
42 19.608352620000
43 18.726186040000
44 17.547304150000
45 16.322089280000
46 15.086491030000
47 13.850892790000
48 12.615294540000
49 11.736196430000
50 10.509347390000
51 9.328499530000
52 8.469426550000
53 7.658305650000
54 6.904743370000
55 6.224117740000
56 5.637642610000
57 5.169730510000
58 4.813269320000
59 4.576856740000
60 4.456039900000
61 4.435349770000
62 4.491019050000
63 4.611607350000
64 4.737279240000
65 4.857864740000
66 4.973363880000
67 5.083776670000
68 5.178753230000
69 5.313934960000
70 5.519008470000
71 5.840535130000
72 6.241428650000
73 6.660618860000
74 7.079090620000
75 7.468113100000
76 7.807168650000
77 8.081086210000
78 8.278937020000
79 8.394136290000
80 8.425225630000
81 8.385321790000
82 8.298587650000
83 8.186701010000
84 8.067852540000
85 7.957137470000
86 7.866917060000
87 7.803686060000
88 7.770495870000
89 7.768440330000
90 7.797689890000
91 7.858350660000
92 7.951290830000
93 8.078986370000
94 8.246348990000
95 8.461342430000
96 8.734808750000
97 9.032486310000
98 9.301504010000
99 9.532193640000
100 9.718882820000
101 9.859384730000
102 9.953125200000
103 10.000000000000

[theta]
1 1.570000000000
2 1.570000000000
3 1.570000000000
4 1.567055050000
5 1.555086300000
6 1.527410460000
7 1.476196830000
8 1.391652790000
9 1.273208780000
10 1.135024570000
11 0.977101100000
12 0.834668700000
13 0.715925880000
14 0.623575220000
15 0.560976580000
16 0.532229140000
17 0.524946330000
18 0.472858950000
19 0.368262420000
20 0.249383120000
21 0.162982460000
22 0.108855450000
23 0.108854630000
24 0.053864700000
25 -0.034329790000
26 -0.080416690000
27 -0.080416730000
28 -0.080416700000
29 -0.080416680000
30 -0.080416670000
31 -0.080416690000
32 -0.135407770000
33 -0.228333520000
34 -0.356825650000
35 -0.519213670000
36 -0.712909390000
37 -0.935544200000
38 -1.145953420000
39 -1.328165970000
40 -1.479918930000
41 -1.598221190000
42 -1.680020570000
43 -1.722708220000
44 -1.722708250000
45 -1.722708270000
46 -1.722708290000
47 -1.722708300000
48 -1.722708320000
49 -1.763483350000
50 -1.763483370000
51 -1.763483390000
52 -1.818474530000
53 -1.911855430000
54 -2.041221670000
55 -2.204888760000
56 -2.401742110000
57 -2.629666770000
58 -2.826802090000
59 -2.990474380000
60 -3.117034620000
61 -3.204577190000
62 -3.250317550000
63 -3.250317590000
64 -3.250317570000
65 -3.250317600000
66 -3.250317640000
67 -3.250317710000
68 -3.305308750000
69 -3.405790420000
70 -3.548849740000
71 -3.666517460000
72 -3.731924980000
73 -3.775834640000
74 -3.772688630000
75 -3.728277970000
76 -3.647173030000
77 -3.532940180000
78 -3.388241560000
79 -3.214817670000
80 -3.035851620000
81 -2.876626650000
82 -2.737142750000
83 -2.617399940000
84 -2.521704390000
85 -2.462835550000
86 -2.430021970000
87 -2.414865180000
88 -2.410361460000
89 -2.410279190000
90 -2.408708620000
91 -2.399679050000
92 -2.376766300000
93 -2.332609780000
94 -2.258222130000
95 -2.141878950000
96 -2.004987960000
97 -1.866800600000
98 -1.748354280000
99 -1.663806200000
100 -1.612590760000
101 -1.584914090000
102 -1.572945020000
103 -1.570000000000

[v]
1 0.000000000000
2 0.000000000000
3 0.187499230000
4 0.374998450000
5 0.562497660000
6 0.749996850000
7 0.937496020000
8 1.124995170000
9 1.312494300000
10 1.499993410000
11 1.687492500000
12 1.874991550000
13 2.062490580000
14 2.249989580000
15 2.437488530000
16 2.624987420000
17 2.812486260000
18 2.999985000000
19 3.187483640000
20 3.374982110000
21 3.562479510000
22 3.746927460000
23 3.934425490000
24 4.101272460000
25 4.255233040000
26 4.411056560000
27 4.598553670000
28 4.786049610000
29 4.973542060000
30 4.869532250000
31 4.682039380000
32 4.541848080000
33 4.403677100000
34 4.469592960000
35 4.597864890000
36 4.716412190000
37 4.605156800000
38 4.489022150000
39 4.364791310000
40 4.344757880000
41 4.484752530000
42 4.626626220000
43 4.770483490000
44 4.957975310000
45 4.999992540000
46 4.999992540000
47 4.999992540000
48 4.862872760000
49 4.999946290000
50 4.812456970000
51 4.624961430000
52 4.483035600000
53 4.343152190000
54 4.205994520000
55 4.230904230000
56 4.101879670000
57 3.974999680000
58 3.837748720000
59 3.986939680000
60 4.137899420000
61 4.290614450000
62 4.445211980000
63 4.632604890000
64 4.445108070000
65 4.257609710000
66 4.070110840000
67 3.882611690000
68 3.713537180000
69 3.546027480000
70 3.379930490000
71 3.199806170000
72 3.012307050000
73 2.824807680000
74 2.637308210000
75 2.449808690000
76 2.262309130000
77 2.074809530000
78 1.887309910000
79 1.699810250000
80 1.512310560000
81 1.324810850000
82 1.137311120000
83 0.949811380000
84 0.762311620000
85 0.574811860000
86 0.387312110000
87 0.199812360000
88 0.012312620000
89 -0.175187100000
90 -0.362686810000
91 -0.550186500000
92 -0.737686150000
93 -0.925185740000
94 -1.112685200000
95 -1.300184250000
96 -1.312497060000
97 -1.124997980000
98 -0.937498500000
99 -0.749998880000
100 -0.562499200000
101 -0.374999490000
102 -0.187499750000
103 0.000000000000

[a]
1 0.000000000000
2 0.749998950000
3 0.749998920000
4 0.749998880000
5 0.749998830000
6 0.749998770000
7 0.749998710000
8 0.749998630000
9 0.749998540000
10 0.749998440000
11 0.749998330000
12 0.749998200000
13 0.749998050000
14 0.749997870000
15 0.749997650000
16 0.749997380000
17 0.749997040000
18 0.749996590000
19 0.749996010000
20 0.749995560000
21 0.749995160000
22 0.749994120000
23 0.749992860000
24 0.749991820000
25 0.749991600000
26 0.749990690000
27 0.749986040000
28 0.749972060000
29 -0.416040480000
30 -0.749972070000
31 -0.749917430000
32 -0.749660020000
33 0.362600660000
34 0.749515230000
35 0.745230280000
36 -0.749748400000
37 -0.749826300000
38 -0.749793930000
39 -0.112657400000
40 0.749906910000
41 0.749963590000
42 0.749980420000
43 0.749969950000
44 0.168069520000
45 0.000000000000
46 -0.000000000000
47 -0.548481030000
48 0.749511990000
49 -0.749959890000
50 -0.749982560000
51 -0.749940480000
52 -0.749537840000
53 -0.744974980000
54 0.137211250000
55 -0.749860820000
56 -0.749870130000
57 -0.749738270000
58 0.749848880000
59 0.749956510000
60 0.749977630000
61 0.749986070000
62 0.749572280000
63 -0.749987860000
64 -0.749994020000
65 -0.749996040000
66 -0.749997040000
67 -0.749996650000
68 -0.749996610000
69 -0.749996640000
70 -0.749996900000
71 -0.749997490000
72 -0.749998010000
73 -0.749998330000
74 -0.749998550000
75 -0.749998720000
76 -0.749998860000
77 -0.749998990000
78 -0.749999110000
79 -0.749999220000
80 -0.749999300000
81 -0.749999360000
82 -0.749999420000
83 -0.749999460000
84 -0.749999470000
85 -0.749999480000
86 -0.749999460000
87 -0.749999430000
88 -0.749999390000
89 -0.749999340000
90 -0.749999250000
91 -0.749999120000
92 -0.749998890000
93 -0.749998400000
94 -0.749996780000
95 -0.049251290000
96 0.749996790000
97 0.749998410000
98 0.749998930000
99 0.749999180000
100 0.749999320000
101 0.749999420000
102 0.749999490000
103 0.000000000000

[phy]
1 0.000000000000
2 0.000000000000
3 -0.124996880000
4 -0.249993540000
5 -0.374989700000
6 -0.499984650000
7 -0.624975760000
8 -0.699991890000
9 -0.699990220000
10 -0.699986060000
11 -0.593914510000
12 -0.468945260000
13 -0.343971150000
14 -0.219004700000
15 -0.094072780000
16 -0.022191760000
17 -0.147090710000
18 -0.272012750000
19 -0.289957120000
20 -0.202010780000
21 -0.122936440000
22 -0.000001750000
23 -0.124997260000
24 -0.206520550000
25 -0.103882270000
26 -0.000000060000
27 0.000000040000
28 0.000000030000
29 0.000000030000
30 -0.000000040000
31 -0.124999810000
32 -0.218470810000
33 -0.310626360000
34 -0.401519210000
35 -0.487088780000
36 -0.566625390000
37 -0.533031270000
38 -0.455591040000
39 -0.372748130000
40 -0.283835310000
41 -0.190494160000
42 -0.095907270000
43 -0.000000040000
44 -0.000000030000
45 -0.000000030000
46 -0.000000030000
47 -0.000000030000
48 -0.091441530000
49 -0.000000030000
50 -0.000000050000
51 -0.124999900000
52 -0.219624520000
53 -0.312937470000
54 -0.404992320000
55 -0.495763250000
56 -0.581138770000
57 -0.496538000000
58 -0.405005720000
59 -0.305525250000
60 -0.204879770000
61 -0.103066870000
62 -0.000000070000
63 0.000000040000
64 -0.000000060000
65 -0.000000080000
66 -0.000000140000
67 -0.124999680000
68 -0.237715940000
69 -0.349388430000
70 -0.282176550000
71 -0.162094200000
72 -0.116089780000
73 0.008909450000
74 0.133909010000
75 0.258908650000
76 0.383908280000
77 0.508907860000
78 0.633907220000
79 0.699999570000
80 0.699999600000
81 0.699999590000
82 0.699999570000
83 0.678399540000
84 0.553400120000
85 0.428400490000
86 0.303400800000
87 0.178401090000
88 0.053401360000
89 -0.071598370000
90 -0.196598080000
91 -0.321597780000
92 -0.446597430000
93 -0.571597000000
94 -0.696596290000
95 -0.699999420000
96 -0.699999360000
97 -0.699999180000
98 -0.624996140000
99 -0.499997400000
100 -0.374998200000
101 -0.249998850000
102 -0.124999440000
103 0.000000000000

[w]
1 0.000000000000
2 -0.499988850000
3 -0.499988030000
4 -0.499985980000
5 -0.499981200000
6 -0.499965820000
7 -0.300065380000
8 0.000006700000
9 0.000016650000
10 0.424287360000
11 0.499878390000
12 0.499897840000
13 0.499867170000
14 0.499729070000
15 0.287524860000
16 -0.499597170000
17 -0.499689500000
18 -0.071777690000
19 0.351786380000
20 0.316299850000
21 0.499872320000
22 -0.499983410000
23 -0.366454840000
24 0.499984250000
25 0.499993780000
26 0.000000390000
27 -0.000000030000
28 -0.000000020000
29 -0.000000260000
30 -0.499999480000
31 -0.499999140000
32 -0.499998840000
33 -0.499998180000
34 -0.499997860000
35 -0.499995300000
36 0.226390310000
37 0.499994770000
38 0.499997520000
39 0.499998460000
40 0.499998910000
41 0.499999170000
42 0.499999340000
43 0.000000050000
44 0.000000000000
45 -0.000000000000
46 -0.000000000000
47 -0.365767280000
48 0.499998080000
49 -0.000000060000
50 -0.499999680000
51 -0.499999430000
52 -0.499999110000
53 -0.499998040000
54 -0.499997600000
55 -0.496182710000
56 0.499996780000
57 0.499998350000
58 0.499998890000
59 0.499999110000
60 0.499999250000
61 0.499999350000
62 0.000000420000
63 -0.000000370000
64 -0.000000090000
65 -0.000000250000
66 -0.499998460000
67 -0.499997410000
68 -0.499994870000
69 0.303489460000
70 0.499995710000
71 0.184017920000
72 0.499997250000
73 0.499998580000
74 0.499998850000
75 0.499998860000
76 0.499998640000
77 0.499997760000
78 0.264369570000
79 0.000000100000
80 -0.000000010000
81 -0.000000110000
82 -0.086400170000
83 -0.499997950000
84 -0.499998800000
85 -0.499999070000
86 -0.499999180000
87 -0.499999230000
88 -0.499999230000
89 -0.499999200000
90 -0.499999120000
91 -0.499998960000
92 -0.499998620000
93 -0.499997550000
94 -0.013612520000
95 0.000000260000
96 0.000000720000
97 0.300012350000
98 0.499995230000
99 0.499997120000
100 0.499997710000
101 0.499997970000
102 0.499998070000
103 0.000000000000

[dt]
1 0.010016210000
2 0.249999330000
3 0.249999320000
4 0.249999320000
5 0.249999310000
6 0.249999300000
7 0.249999290000
8 0.249999300000
9 0.249999300000
10 0.249999300000
11 0.249999300000
12 0.249999300000
13 0.249999310000
14 0.249999310000
15 0.249999310000
16 0.249999320000
17 0.249999320000
18 0.249999320000
19 0.249999290000
20 0.249998020000
21 0.245932190000
22 0.249999330000
23 0.222464750000
24 0.205283020000
25 0.207767010000
26 0.249999250000
27 0.249999250000
28 0.249999250000
29 0.249999250000
30 0.249999810000
31 0.186942310000
32 0.184311530000
33 0.181786370000
34 0.171139870000
35 0.159074720000
36 0.148390300000
37 0.154882070000
38 0.165686650000
39 0.177826180000
40 0.186682710000
41 0.189174100000
42 0.191814710000
43 0.249999100000
44 0.249999100000
45 0.249999120000
46 0.249999120000
47 0.249999120000
48 0.182883700000
49 0.249999120000
50 0.249999870000
51 0.189249460000
52 0.186626220000
53 0.184110430000
54 0.181542730000
55 0.172064670000
56 0.169202620000
57 0.183065170000
58 0.198961370000
59 0.201291320000
60 0.203626100000
61 0.206133880000
62 0.249999790000
63 0.249999810000
64 0.249999810000
65 0.249999810000
66 0.249999850000
67 0.225433700000
68 0.223347270000
69 0.221463650000
70 0.240166750000
71 0.249999660000
72 0.249999830000
73 0.249999840000
74 0.249999840000
75 0.249999840000
76 0.249999840000
77 0.249999840000
78 0.249999840000
79 0.249999850000
80 0.249999850000
81 0.249999850000
82 0.249999840000
83 0.249999860000
84 0.249999850000
85 0.249999850000
86 0.249999840000
87 0.249999840000
88 0.249999840000
89 0.249999830000
90 0.249999830000
91 0.249999830000
92 0.249999820000
93 0.249999820000
94 0.249999810000
95 0.249999810000
96 0.249999840000
97 0.249999840000
98 0.249999850000
99 0.249999850000
100 0.249999840000
101 0.249999840000
102 0.249999840000

[s]
1 0.000000000000
2 0.000000000000
3 0.046874680000
4 0.093749360000
5 0.140624030000
6 0.187498690000
7 0.234373340000
8 0.281248010000
9 0.328122660000
10 0.374997300000
11 0.421871950000
12 0.468746590000
13 0.515621220000
14 0.562495840000
15 0.609370450000
16 0.656245060000
17 0.703119640000
18 0.749994200000
19 0.796868650000
20 0.843738830000
21 0.876128380000
22 0.936729360000
23 0.875270980000
24 0.841921590000
25 0.884097070000
26 1.102760810000
27 1.149634950000
28 1.196508800000
29 1.243381770000
30 1.217382160000
31 0.875271250000
32 0.837114960000
33 0.800528470000
34 0.764925560000
35 0.731404080000
36 0.699869830000
37 0.713256210000
38 0.743771030000
39 0.776174180000
40 0.811091180000
41 0.848399010000
42 0.887454960000
43 1.192616590000
44 1.239489380000
45 1.249993740000
46 1.249993740000
47 1.249993740000
48 0.889340150000
49 1.249982180000
50 1.203113620000
51 0.875271450000
52 0.836651970000
53 0.799619630000
54 0.763567740000
55 0.727989140000
56 0.694048790000
57 0.727683980000
58 0.763563760000
59 0.802536360000
60 0.842584340000
61 0.884441000000
62 1.111302050000
63 1.158150340000
64 1.111276170000
65 1.064401620000
66 1.017527100000
67 0.875271510000
68 0.829408380000
69 0.785316190000
70 0.811746940000
71 0.799950450000
72 0.753076260000
73 0.706201480000
74 0.659326640000
75 0.612451790000
76 0.565576920000
77 0.518702050000
78 0.471827170000
79 0.424952310000
80 0.378077410000
81 0.331202510000
82 0.284327600000
83 0.237452710000
84 0.190577790000
85 0.143702880000
86 0.096827970000
87 0.049953060000
88 0.003078150000
89 -0.043796750000
90 -0.090671640000
91 -0.137546530000
92 -0.184421410000
93 -0.231296260000
94 -0.278171080000
95 -0.325045810000
96 -0.328124060000
97 -0.281249320000
98 -0.234374480000
99 -0.187499600000
100 -0.140624710000
101 -0.093749810000
102 -0.046874910000

[splus]
1 0.011552450000
2 0.011552450000
3 0.047846710000
4 0.093809360000
5 0.140627640000
6 0.187498910000
7 0.234373350000
8 0.281248010000
9 0.328122660000
10 0.374997300000
11 0.421871950000
12 0.468746590000
13 0.515621220000
14 0.562495840000
15 0.609370450000
16 0.656245060000
17 0.703119640000
18 0.749994200000
19 0.796868650000
20 0.843738830000
21 0.876128380000
22 0.936729360000
23 0.875270980000
24 0.841921590000
25 0.884097070000
26 1.102760810000
27 1.149634950000
28 1.196508800000
29 1.243381770000
30 1.217382160000
31 0.875271250000
32 0.837114960000
33 0.800528470000
34 0.764925560000
35 0.731404080000
36 0.699869830000
37 0.713256210000
38 0.743771030000
39 0.776174180000
40 0.811091180000
41 0.848399010000
42 0.887454960000
43 1.192616590000
44 1.239489380000
45 1.249993740000
46 1.249993740000
47 1.249993740000
48 0.889340150000
49 1.249982180000
50 1.203113620000
51 0.875271450000
52 0.836651970000
53 0.799619630000
54 0.763567740000
55 0.727989140000
56 0.694048790000
57 0.727683980000
58 0.763563760000
59 0.802536360000
60 0.842584340000
61 0.884441000000
62 1.111302050000
63 1.158150340000
64 1.111276170000
65 1.064401620000
66 1.017527100000
67 0.875271510000
68 0.829408380000
69 0.785316190000
70 0.811746940000
71 0.799950450000
72 0.753076260000
73 0.706201480000
74 0.659326640000
75 0.612451790000
76 0.565576920000
77 0.518702050000
78 0.471827170000
79 0.424952310000
80 0.378077410000
81 0.331202510000
82 0.284327600000
83 0.237452720000
84 0.190577970000
85 0.143705880000
86 0.096877860000
87 0.050765080000
88 0.013162490000
89 0.001162450000
90 0.000072150000
91 0.000004340000
92 0.000000260000
93 0.000000020000
94 0.000000000000
95 0.000000000000
96 0.000000000000
97 0.000000000000
98 0.000000010000
99 0.000000220000
100 0.000003610000
101 0.000060000000
102 0.000972010000

[sminus]
1 0.011552450000
2 0.011552450000
3 0.000972030000
4 0.000060000000
5 0.000003610000
6 0.000000220000
7 0.000000010000
8 0.000000000000
9 0.000000000000
10 0.000000000000
11 0.000000000000
12 0.000000000000
13 0.000000000000
14 0.000000000000
15 0.000000000000
16 -0.000000000000
17 -0.000000000000
18 -0.000000000000
19 -0.000000000000
20 -0.000000000000
21 0.000000000000
22 -0.000000000000
23 0.000000000000
24 0.000000000000
25 0.000000000000
26 0.000000000000
27 0.000000000000
28 -0.000000000000
29 -0.000000000000
30 -0.000000000000
31 0.000000000000
32 -0.000000000000
33 -0.000000000000
34 -0.000000000000
35 -0.000000000000
36 -0.000000000000
37 0.000000000000
38 0.000000000000
39 0.000000000000
40 0.000000000000
41 0.000000000000
42 0.000000000000
43 0.000000000000
44 0.000000000000
45 -0.000000000000
46 -0.000000000000
47 -0.000000000000
48 -0.000000000000
49 -0.000000000000
50 -0.000000000000
51 -0.000000000000
52 -0.000000000000
53 -0.000000000000
54 -0.000000000000
55 -0.000000000000
56 0.000000000000
57 0.000000000000
58 0.000000000000
59 0.000000000000
60 0.000000000000
61 0.000000000000
62 0.000000000000
63 -0.000000000000
64 -0.000000000000
65 -0.000000000000
66 -0.000000000000
67 0.000000000000
68 0.000000000000
69 0.000000000000
70 0.000000000000
71 -0.000000000000
72 -0.000000000000
73 -0.000000000000
74 -0.000000000000
75 -0.000000000000
76 0.000000000000
77 0.000000000000
78 0.000000000000
79 0.000000000000
80 0.000000000000
81 0.000000000000
82 0.000000000000
83 0.000000010000
84 0.000000180000
85 0.000003000000
86 0.000049900000
87 0.000812020000
88 0.010084340000
89 0.044959200000
90 0.090743790000
91 0.137550870000
92 0.184421670000
93 0.231296280000
94 0.278171090000
95 0.325045810000
96 0.328124060000
97 0.281249320000
98 0.234374490000
99 0.187499820000
100 0.140628320000
101 0.093809820000
102 0.047846920000

[k]
1 0.000000000000
2 0.000000000000
3 -0.062825980000
4 -0.127667520000
5 -0.196807340000
6 -0.273141280000
7 -0.360723790000
8 -0.421137260000
9 -0.421135830000
10 -0.421132270000
11 -0.337619990000
12 -0.253319860000
13 -0.179105620000
14 -0.111287290000
15 -0.047175640000
16 -0.011097700000
17 -0.074080390000
18 -0.139463130000
19 -0.149183050000
20 -0.102402150000
21 -0.061779770000
22 -0.000000870000
23 -0.062826180000
24 -0.104753800000
25 -0.052128790000
26 -0.000000030000
27 0.000000020000
28 0.000000020000
29 0.000000010000
30 -0.000000020000
31 -0.062827470000
32 -0.111007150000
33 -0.160509140000
34 -0.212292570000
35 -0.264827230000
36 -0.318108890000
37 -0.294998080000
38 -0.244984740000
39 -0.195514050000
40 -0.145855690000
41 -0.096416160000
42 -0.048101210000
43 -0.000000020000
44 -0.000000020000
45 -0.000000020000
46 -0.000000020000
47 -0.000000020000
48 -0.045848620000
49 -0.000000020000
50 -0.000000020000
51 -0.062827520000
52 -0.111612600000
53 -0.161784720000
54 -0.214345220000
55 -0.270406980000
56 -0.328398620000
57 -0.270907870000
58 -0.214353150000
59 -0.157700320000
60 -0.103897700000
61 -0.051716690000
62 -0.000000030000
63 0.000000020000
64 -0.000000030000
65 -0.000000040000
66 -0.000000070000
67 -0.062827410000
68 -0.121148610000
69 -0.182167800000
70 -0.144956160000
71 -0.081764470000
72 -0.058307060000
73 0.004454840000
74 0.067357600000
75 0.132426650000
76 0.201975800000
77 0.278962870000
78 0.367558100000
79 0.421143820000
80 0.421143850000
81 0.421143840000
82 0.421143820000
83 0.403008870000
84 0.308896610000
85 0.228343250000
86 0.156533200000
87 0.090159070000
88 0.026726090000
89 -0.035860480000
90 -0.099585380000
91 -0.166581800000
92 -0.239432700000
93 -0.321611990000
94 -0.418243260000
95 -0.421143700000
96 -0.421143640000
97 -0.421143490000
98 -0.360739280000
99 -0.273149560000
100 -0.196812250000
101 -0.127670350000
102 -0.062827280000

[up]
1 0.011552450000
2 0.011552450000
3 0.050732480000
4 0.105306710000
5 0.167197130000
6 0.236664050000
7 0.315535640000
8 0.394954260000
9 0.460779490000
10 0.526603830000
11 0.558607050000
12 0.582739690000
13 0.604277850000
14 0.622590540000
15 0.636968000000
16 0.663236560000
17 0.753123520000
18 0.850406880000
19 0.910992770000
20 0.926683470000
21 0.928090310000
22 0.936730140000
23 0.928061310000
24 0.926588300000
25 0.928340500000
26 1.102760850000
27 1.149634970000
28 1.196508810000
29 1.243381780000
30 1.217382180000
31 0.928062690000
32 0.926323680000
33 0.923880920000
34 0.920818050000
35 0.917351970000
36 0.913599250000
37 0.915249060000
38 0.918695080000
39 0.921857020000
40 0.924661350000
41 0.926926410000
42 0.928435110000
43 1.192616610000
44 1.239489390000
45 1.249993750000
46 1.249993750000
47 1.249993750000
48 0.928484180000
49 1.249982200000
50 1.203113650000
51 0.928062940000
52 0.926297640000
53 0.923811220000
54 0.920688140000
55 0.916968360000
56 0.912856470000
57 0.916933880000
58 0.920689160000
59 0.924034190000
60 0.926625210000
61 0.928351740000
62 1.111302090000
63 1.158150360000
64 1.111276200000
65 1.064401650000
66 1.017527170000
67 0.928062910000
68 0.925870780000
69 0.922653140000
70 0.924707950000
71 0.862741670000
72 0.795229530000
73 0.709221650000
74 0.701960870000
75 0.690312530000
76 0.675240460000
77 0.657612720000
78 0.638314110000
79 0.596759710000
80 0.530933390000
81 0.465107050000
82 0.399280700000
83 0.329320460000
84 0.247092110000
85 0.175207580000
86 0.111435880000
87 0.055158930000
88 0.013500200000
89 0.001202470000
90 0.000079040000
91 0.000005040000
92 0.000000320000
93 0.000000020000
94 0.000000000000
95 0.000000000000
96 0.000000000000
97 0.000000000000
98 0.000000020000
99 0.000000270000
100 0.000004290000
101 0.000067360000
102 0.001030640000

[down]
1 0.011552450000
2 0.011552450000
3 0.001030650000
4 0.000067360000
5 0.000004290000
6 0.000000270000
7 0.000000020000
8 0.000000000000
9 0.000000000000
10 0.000000000000
11 0.000000000000
12 0.000000000000
13 0.000000000000
14 0.000000000000
15 0.000000000000
16 -0.000000000000
17 -0.000000000000
18 -0.000000000000
19 -0.000000000000
20 -0.000000000000
21 0.000000000000
22 -0.000000000000
23 0.000000000000
24 0.000000000000
25 0.000000000000
26 0.000000000000
27 0.000000000000
28 -0.000000000000
29 -0.000000000000
30 -0.000000000000
31 0.000000000000
32 -0.000000000000
33 -0.000000000000
34 -0.000000000000
35 -0.000000000000
36 -0.000000000000
37 0.000000000000
38 0.000000000000
39 0.000000000000
40 0.000000000000
41 0.000000000000
42 0.000000000000
43 0.000000000000
44 0.000000000000
45 -0.000000000000
46 -0.000000000000
47 -0.000000000000
48 -0.000000000000
49 -0.000000000000
50 -0.000000000000
51 -0.000000000000
52 -0.000000000000
53 -0.000000000000
54 -0.000000000000
55 -0.000000000000
56 0.000000000000
57 0.000000000000
58 0.000000000000
59 0.000000000000
60 0.000000000000
61 0.000000000000
62 0.000000000000
63 -0.000000000000
64 -0.000000000000
65 -0.000000000000
66 -0.000000000000
67 0.000000000000
68 0.000000000000
69 0.000000000000
70 0.000000000000
71 -0.000000000000
72 -0.000000000000
73 -0.000000000000
74 -0.000000000000
75 -0.000000000000
76 0.000000000000
77 0.000000000000
78 0.000000000000
79 0.000000000000
80 0.000000000000
81 0.000000000000
82 0.000000000000
83 0.000000020000
84 0.000000230000
85 0.000003660000
86 0.000057400000
87 0.000882300000
88 0.010343070000
89 0.046506970000
90 0.099419070000
91 0.159547800000
92 0.226811980000
93 0.302708430000
94 0.389860540000
95 0.456461160000
96 0.460783920000
97 0.394957790000
98 0.315540660000
99 0.236666700000
100 0.167198600000
101 0.105307480000
102 0.050732770000

[left]
1 0.023104910000
2 0.023104910000
3 0.021095560000
4 0.023643540000
5 0.037287930000
6 0.059130110000
7 0.090093880000
8 0.121586940000
9 0.139925580000
10 0.158263350000
11 0.143872150000
12 0.121864530000
13 0.097346220000
14 0.069706590000
15 0.038270850000
16 0.020768580000
17 0.059941650000
18 0.108722640000
19 0.121991320000
20 0.091818670000
21 0.061836460000
22 0.023103880000
23 0.062638110000
24 0.093485130000
25 0.054367300000
26 0.023104860000
27 0.023104940000
28 0.023104930000
29 0.023104930000
30 0.023104880000
31 0.062639180000
32 0.097880470000
33 0.130921640000
34 0.162410920000
35 0.191495780000
36 0.218380200000
37 0.207022610000
38 0.180827910000
39 0.152530950000
40 0.121455250000
41 0.087544070000
42 0.051209540000
43 0.023104870000
44 0.023104880000
45 0.023104880000
46 0.023104880000
47 0.023104880000
48 0.049432860000
49 0.023104880000
50 0.023104870000
51 0.062639230000
52 0.098303310000
53 0.131733690000
54 0.163599180000
55 0.194429210000
56 0.223294470000
57 0.194691160000
58 0.163604010000
59 0.129126910000
60 0.092879500000
61 0.054045360000
62 0.023104860000
63 0.023104930000
64 0.023104870000
65 0.023104850000
66 0.023104820000
67 0.062639140000
68 0.104899920000
69 0.144454560000
70 0.120865770000
71 0.072316040000
72 0.052344750000
73 0.028156690000
74 0.157648790000
75 0.276459500000
76 0.381985430000
77 0.477388080000
78 0.565800240000
79 0.579317960000
80 0.512958060000
81 0.447523500000
82 0.383014270000
83 0.306172870000
84 0.191413880000
85 0.111046630000
86 0.057623380000
87 0.030036790000
88 0.023212630000
89 0.024978400000
90 0.040159730000
91 0.079447680000
92 0.142256300000
93 0.231739910000
94 0.355928270000
95 0.416749790000
96 0.420587040000
97 0.362153560000
98 0.261814790000
99 0.163150330000
100 0.093500000000
101 0.047952950000
102 0.027076870000

[right]
1 0.023104910000
2 0.023104910000
3 0.027148690000
4 0.048513820000
5 0.095443600000
6 0.167946260000
7 0.271710260000
8 0.378802810000
9 0.443248390000
10 0.508616350000
11 0.463196480000
12 0.390861340000
13 0.308719390000
14 0.214450170000
15 0.105415820000
16 0.037949630000
17 0.184042940000
18 0.360381610000
19 0.410800750000
20 0.303748230000
21 0.195479510000
22 0.023105930000
23 0.198388200000
24 0.309734560000
25 0.168342460000
26 0.023104950000
27 0.023104880000
28 0.023104880000
29 0.023104880000
30 0.023104940000
31 0.198392120000
32 0.325507440000
33 0.443319970000
34 0.554328350000
35 0.655726700000
36 0.748459200000
37 0.709401570000
38 0.618663820000
39 0.519634570000
40 0.409704110000
41 0.288377860000
42 0.156849850000
43 0.023104940000
44 0.023104930000
45 0.023104930000
46 0.023104930000
47 0.023104930000
48 0.150378370000
49 0.023104930000
50 0.023104940000
51 0.198392300000
52 0.327023580000
53 0.446198410000
54 0.558492500000
55 0.665891910000
56 0.765304880000
57 0.666799090000
58 0.558509560000
59 0.436955360000
60 0.307559470000
61 0.167171360000
62 0.023104950000
63 0.023104880000
64 0.023104950000
65 0.023104960000
66 0.023105000000
67 0.198391980000
68 0.350648360000
69 0.491181440000
70 0.407607110000
71 0.231320100000
72 0.158058930000
73 0.020656270000
74 0.052810170000
75 0.086898940000
76 0.117674770000
77 0.145977470000
78 0.172663250000
79 0.177811910000
80 0.159472460000
81 0.141132990000
82 0.122793530000
83 0.100453630000
84 0.066241720000
85 0.042044440000
86 0.026105380000
87 0.020773530000
88 0.023041870000
89 0.021824830000
90 0.022230690000
91 0.034487770000
92 0.056646130000
93 0.089261380000
94 0.135816920000
95 0.160972110000
96 0.162599810000
97 0.138245560000
98 0.100005590000
99 0.063933240000
100 0.039234800000
101 0.024205540000
102 0.021167480000
