  0.00000000
  0.00000000
 -0.12499688
 -0.24999354
 -0.37498970
 -0.49998465
 -0.62497576
 -0.69999189
 -0.69999022
 -0.69998606
 -0.59391451
 -0.46894526
 -0.34397115
 -0.21900470
 -0.09407278
 -0.02219176
 -0.14709071
 -0.27201275
 -0.28995712
 -0.20201078
 -0.12293644
 -0.00000175
 -0.12499726
 -0.20652055
 -0.10388227
 -0.00000006
  0.00000004
  0.00000003
  0.00000003
 -0.00000004
 -0.12499981
 -0.21847081
 -0.31062636
 -0.40151921
 -0.48708878
 -0.56662539
 -0.53303127
 -0.45559104
 -0.37274813
 -0.28383531
 -0.19049416
 -0.09590727
 -0.00000004
 -0.00000003
 -0.00000003
 -0.00000003
 -0.00000003
 -0.09144153
 -0.00000003
 -0.00000005
 -0.12499990
 -0.21962452
 -0.31293747
 -0.40499232
 -0.49576325
 -0.58113877
 -0.49653800
 -0.40500572
 -0.30552525
 -0.20487977
 -0.10306687
 -0.00000007
  0.00000004
 -0.00000006
 -0.00000008
 -0.00000014
 -0.12499968
 -0.23771594
 -0.34938843
 -0.28217655
 -0.16209420
 -0.11608978
  0.00890945
  0.13390901
  0.25890865
  0.38390828
  0.50890786
  0.63390722
  0.69999957
  0.69999960
  0.69999959
  0.69999957
  0.67839954
  0.55340012
  0.42840049
  0.30340080
  0.17840109
  0.05340136
 -0.07159837
 -0.19659808
 -0.32159778
 -0.44659743
 -0.57159700
 -0.69659629
 -0.69999942
 -0.69999936
 -0.69999918
 -0.62499614
 -0.49999740
 -0.37499820
 -0.24999885
 -0.12499944
  0.00000000
