  0.02310491
  0.02310491
  0.02714869
  0.04851382
  0.09544360
  0.16794626
  0.27171026
  0.37880281
  0.44324839
  0.50861635
  0.46319648
  0.39086134
  0.30871939
  0.21445017
  0.10541582
  0.03794963
  0.18404294
  0.36038161
  0.41080075
  0.30374823
  0.19547951
  0.02310593
  0.19838820
  0.30973456
  0.16834246
  0.02310495
  0.02310488
  0.02310488
  0.02310488
  0.02310494
  0.19839212
  0.32550744
  0.44331997
  0.55432835
  0.65572670
  0.74845920
  0.70940157
  0.61866382
  0.51963457
  0.40970411
  0.28837786
  0.15684985
  0.02310494
  0.02310493
  0.02310493
  0.02310493
  0.02310493
  0.15037837
  0.02310493
  0.02310494
  0.19839230
  0.32702358
  0.44619841
  0.55849250
  0.66589191
  0.76530488
  0.66679909
  0.55850956
  0.43695536
  0.30755947
  0.16717136
  0.02310495
  0.02310488
  0.02310495
  0.02310496
  0.02310500
  0.19839198
  0.35064836
  0.49118144
  0.40760711
  0.23132010
  0.15805893
  0.02065627
  0.05281017
  0.08689894
  0.11767477
  0.14597747
  0.17266325
  0.17781191
  0.15947246
  0.14113299
  0.12279353
  0.10045363
  0.06624172
  0.04204444
  0.02610538
  0.02077353
  0.02304187
  0.02182483
  0.02223069
  0.03448777
  0.05664613
  0.08926138
  0.13581692
  0.16097211
  0.16259981
  0.13824556
  0.10000559
  0.06393324
  0.03923480
  0.02420554
  0.02116748
