  0.00000000
  0.00000000
  0.03446239
  0.06892470
  0.10338742
  0.13785297
  0.17232559
  0.20681231
  0.24132633
  0.28058070
  0.31609593
  0.35150097
  0.38685084
  0.42403995
  0.46050229
  0.49692971
  0.53357450
  0.56991312
  0.60673046
  0.64492853
  0.70384087
  0.63526606
  0.64459555
  0.69426952
  0.83128625
  0.87273170
  0.82508469
  0.85642674
  0.88774804
  0.91886735
  0.95035818
  0.98187561
  0.88720110
  0.92573330
  0.89922267
  0.86162049
  0.82682432
  0.79415034
  0.76307381
  0.73318912
  0.73108799
  0.67958953
  0.73223898
  0.79065004
  0.82183671
  0.85488089
  0.89034753
  0.94917967
  0.89034215
  0.95386272
  0.95385400
  0.92878621
  0.89034701
  0.92812430
  0.95702975
  0.90740786
  0.86912404
  0.83381171
  0.80074805
  0.76937866
  0.73927548
  0.71010346
  0.73434826
  0.70394314
  0.79060202
  0.82182883
  0.85487074
  0.89033239
  0.36928374
  0.36537320
  0.36128916
  0.35719956
  0.56864713
  0.55947676
  0.55146855
  0.53822536
  0.31479815
  0.31098800
  0.30719227
  0.53633383
  0.52629568
  0.51713094
  0.50165388
  0.27025349
  0.26661233
  0.26298478
  0.78241867
  0.75454738
  0.72470815
  0.62960066
  0.46810952
  0.47386798
  0.66659539
  0.63868084
  0.59516943
  0.55148104
  0.50735515
  0.46260628
  0.41725381
  0.41198120
  0.36451656
  0.31029760
  0.26075383
  0.21480776
  0.15294997
  0.12293910
  0.09305321
  0.05761497
  0.01814088
 -0.01912885
 -0.06299297
 -0.10885728
 -0.15236776
 -0.19343765
 -0.23176301
 -0.26705818
 -0.32324013
 -0.32811369
 -0.28124156
 -0.23436871
 -0.18749498
 -0.14062122
 -0.09374745
 -0.04687371
