  1.57000000
  1.57000000
  1.57000000
  1.56705505
  1.55508630
  1.52741046
  1.47619683
  1.39165279
  1.27320878
  1.13502457
  0.97710110
  0.83466870
  0.71592588
  0.62357522
  0.56097658
  0.53222914
  0.52494633
  0.47285895
  0.36826242
  0.24938312
  0.16298246
  0.10885545
  0.10885463
  0.05386470
 -0.03432979
 -0.08041669
 -0.08041673
 -0.08041670
 -0.08041668
 -0.08041667
 -0.08041669
 -0.13540777
 -0.22833352
 -0.35682565
 -0.51921367
 -0.71290939
 -0.93554420
 -1.14595342
 -1.32816597
 -1.47991893
 -1.59822119
 -1.68002057
 -1.72270822
 -1.72270825
 -1.72270827
 -1.72270829
 -1.72270830
 -1.72270832
 -1.76348335
 -1.76348337
 -1.76348339
 -1.81847453
 -1.91185543
 -2.04122167
 -2.20488876
 -2.40174211
 -2.62966677
 -2.82680209
 -2.99047438
 -3.11703462
 -3.20457719
 -3.25031755
 -3.25031759
 -3.25031757
 -3.25031760
 -3.25031764
 -3.25031771
 -3.30530875
 -3.40579042
 -3.54884974
 -3.66651746
 -3.73192498
 -3.77583464
 -3.77268863
 -3.72827797
 -3.64717303
 -3.53294018
 -3.38824156
 -3.21481767
 -3.03585162
 -2.87662665
 -2.73714275
 -2.61739994
 -2.52170439
 -2.46283555
 -2.43002197
 -2.41486518
 -2.41036146
 -2.41027919
 -2.40870862
 -2.39967905
 -2.37676630
 -2.33260978
 -2.25822213
 -2.14187895
 -2.00498796
 -1.86680060
 -1.74835428
 -1.66380620
 -1.61259076
 -1.58491409
 -1.57294502
 -1.57000000
