  0.01155245
  0.01155245
  0.03645196
  0.06919371
  0.10342581
  0.13786221
  0.17233149
  0.20681828
  0.24133301
  0.28058320
  0.33270557
  0.38888013
  0.44981143
  0.51796154
  0.53453036
  0.54872879
  0.56043178
  0.62911422
  0.70412377
  0.78784038
  0.90155004
  0.76985353
  0.74655516
  0.78585852
  0.92273824
  0.92021942
  0.82508641
  0.85643400
  0.88775656
  0.91887743
  0.95035840
  0.98187570
  0.92841174
  0.92897803
  0.92869170
  0.92752678
  0.92570136
  0.92337252
  0.92063461
  0.91754407
  0.91730086
  0.82322361
  0.85931635
  0.92308948
  0.92538462
  0.92722965
  0.92849833
  0.94917992
  0.92848200
  0.95386290
  0.95385418
  0.92893182
  0.92848638
  0.92889497
  0.95702992
  0.92879942
  0.92781570
  0.92611573
  0.92388382
  0.92122624
  0.91820595
  0.91485985
  0.91766909
  0.84925826
  0.92303362
  0.92537634
  0.92721858
  0.92848208
  0.36928390
  0.36537464
  0.36129054
  0.35720089
  0.56864752
  0.57546853
  0.58314782
  0.55365286
  0.31479853
  0.31098901
  0.30719326
  0.53633413
  0.54221151
  0.54858864
  0.51685743
  0.27025378
  0.26661315
  0.26298558
  0.78241884
  0.79270995
  0.79910260
  0.72872308
  0.53074133
  0.51914431
  0.70430669
  0.63909487
  0.62872444
  0.61482682
  0.59692334
  0.57522460
  0.55001457
  0.57854402
  0.51188978
  0.43575021
  0.36617599
  0.30165407
  0.20965894
  0.15942287
  0.11455662
  0.06788419
  0.02546810
  0.00483755
  0.00037626
  0.00002573
  0.00000200
  0.00000018
  0.00000002
  0.00000000
  0.00000000
  0.00000000
  0.00000000
  0.00000002
  0.00000027
  0.00000429
  0.00006737
  0.00103071
