  0.01219930
  0.14687841
  0.14637378
  0.14604855
  0.14576886
  0.14558447
  0.14598265
  0.14628316
  0.14660412
  0.14712673
  0.14366539
  0.14336624
  0.14339368
  0.14656465
  0.14602993
  0.14571560
  0.14547611
  0.14528646
  0.14520271
  0.14535462
  0.14552798
  0.14569506
  0.14585707
  0.14602777
  0.14620839
  0.14636373
  0.14650720
  0.14658655
  0.14669656
  0.14663267
  0.14671529
  0.14665250
  0.14583080
  0.14174899
  0.13972217
  0.13694968
  0.14025360
  0.14658023
  0.15101091
  0.15218757
  0.13816495
  0.13301366
  0.14941451
  0.15412799
  0.15414866
  0.11570908
  0.11540220
  0.11541312
  0.11632892
  0.11644629
  0.11658307
  0.11675268
  0.11702445
  0.11662534
  0.11649238
  0.11653429
  0.11673467
  0.11723304
  0.11748895
  0.11746559
  0.11752826
  0.13281250
  0.13285429
  0.11870466
  0.12302892
  0.13277320
  0.13663514
  0.13702513
  0.13738154
  0.13759917
  0.13826299
  0.13806646
  0.13785764
  0.13770239
  0.13763043
  0.13759749
  0.13763344
  0.13782711
  0.13782265
  0.13832152
  0.12567141
  0.11491456
  0.11352341
  0.11356760
  0.12604237
  0.14464862
  0.14437448
  0.14822202
  0.14691635
  0.14560455
  0.14418052
  0.14294907
  0.14196350
  0.14101383
  0.14005509
  0.13931341
  0.13875623
  0.13831624
  0.13798423
  0.13764915
  0.14554259
  0.14336380
  0.14163857
  0.14024755
  0.13909032
  0.13810504
  0.13725222
  0.13651459
  0.13589795
  0.13550264
  0.16408911
  0.16265539
  0.16136055
  0.16006888
  0.15872346
  0.15724612
  0.15566846
  0.17401442
  0.19072313
  0.18818318
  0.18594614
  0.18408778
  0.18251959
  0.18118814
  0.18013819
