  0.00000000
  0.00000000
 -0.03337949
 -0.06573445
 -0.09674047
 -0.12377627
 -0.12538313
 -0.09741026
 -0.06493070
 -0.03105618
  0.00369632
  0.01665416
  0.01665378
  0.00358789
 -0.03109238
 -0.06500736
 -0.09794437
 -0.12866696
 -0.15280039
 -0.15669968
 -0.14134078
 -0.12083994
 -0.09993578
 -0.08104539
 -0.06626398
 -0.05755312
 -0.05655216
 -0.06481913
 -0.08214133
 -0.10510366
 -0.13122212
 -0.15783403
 -0.17626186
 -0.16413116
 -0.16483350
 -0.18661400
 -0.22028065
 -0.25795860
 -0.27436563
 -0.23073585
 -0.18742000
 -0.14991647
 -0.11508935
 -0.07680078
 -0.03803877
  0.00035700
  0.00197406
  0.00186422
  0.00174576
  0.00165870
  0.00157476
  0.00149211
  0.00141016
  0.00134290
  0.00128529
  0.00122689
  0.00117032
  0.00110601
  0.00105902
  0.00103953
  0.00102761
  0.00045321
 -0.03234431
 -0.04891568
 -0.05407406
 -0.05505425
 -0.04978916
 -0.03427041
 -0.02198748
 -0.01718783
 -0.02325733
 -0.04815860
 -0.07880315
 -0.11172167
 -0.14631841
 -0.18262380
 -0.22087599
 -0.26140600
 -0.30450107
 -0.34940030
 -0.32306740
 -0.28510188
 -0.25364793
 -0.26031601
 -0.29470822
 -0.33715315
 -0.39015255
 -0.41966856
 -0.42005213
 -0.42022208
 -0.42031398
 -0.42036343
 -0.42039069
 -0.42039864
 -0.42039008
 -0.42036896
 -0.42033552
 -0.42028800
 -0.42022417
 -0.42013472
 -0.41421819
 -0.35735057
 -0.30628861
 -0.25990203
 -0.21714598
 -0.17720135
 -0.13941989
 -0.10327453
 -0.06832080
 -0.03416686
 -0.00043090
  0.04057435
  0.08175377
  0.12368800
  0.16695231
  0.21216255
  0.25999030
  0.31119268
  0.37378853
  0.30543609
  0.24462203
  0.18964914
  0.13886312
  0.09098560
  0.04499322
