task_id 14

[x]
1 1.640816330000
2 1.640816330000
3 1.640816330000
4 1.654567220000
5 1.681969270000
6 1.722991560000
7 1.777708630000
8 1.846549010000
9 1.929796090000
10 2.027665740000
11 2.140416980000
12 2.264637390000
13 2.402082560000
14 2.552829920000
15 2.720417590000
16 2.901328650000
17 3.096460410000
18 3.306818980000
19 3.533590310000
20 3.778154030000
21 4.042009730000
22 4.325667490000
23 4.628891730000
24 4.951218440000
25 5.292171030000
26 5.651333270000
27 6.028319560000
28 6.422926040000
29 6.834968080000
30 7.264651490000
31 7.711551400000
32 8.175786190000
33 8.655713660000
34 9.146131440000
35 9.631473240000
36 10.114650170000
37 10.588650440000
38 11.067301800000
39 11.548000470000
40 12.002828490000
41 12.398500120000
42 12.697784670000
43 12.936541050000
44 13.157404780000
45 13.339636690000
46 13.488688480000
47 13.588401300000
48 13.689659270000
49 13.793155880000
50 13.899086440000
51 14.005747070000
52 14.113085740000
53 14.221105770000
54 14.329876980000
55 14.438746660000
56 14.547937970000
57 14.657595420000
58 14.767850030000
59 14.878957440000
60 14.990248430000
61 15.100176680000
62 15.208647460000
63 15.329433200000
64 15.447951140000
65 15.541083970000
66 15.621535050000
67 15.689629550000
68 15.739700800000
69 15.772270600000
70 15.793269660000
71 15.807117170000
72 15.815698460000
73 15.817637380000
74 15.807012600000
75 15.777424590000
76 15.723048320000
77 15.638911440000
78 15.521034630000
79 15.366507430000
80 15.174215900000
81 14.943855310000
82 14.702970960000
83 14.465192750000
84 14.221198510000
85 13.972837070000
86 13.694956120000
87 13.375302460000
88 13.058915590000
89 12.741587410000
90 12.440562050000
91 12.160547310000
92 11.904684370000
93 11.674087510000
94 11.468750160000
95 11.288202800000
96 11.131384510000
97 10.996542910000
98 10.881776240000
99 10.785148950000
100 10.704705690000
101 10.638587760000
102 10.581782710000
103 10.537615680000
104 10.503419770000
105 10.477354490000
106 10.458182520000
107 10.445099590000
108 10.437610910000
109 10.435436640000
110 10.438438490000
111 10.446566930000
112 10.462634740000
113 10.486014470000
114 10.516340400000
115 10.552958680000
116 10.594812970000
117 10.640318280000
118 10.687267830000
119 10.738547460000
120 10.777511290000
121 10.799757340000
122 10.811997720000
123 10.818537450000
124 10.821969240000
125 10.823726940000
126 10.824489800000

[y]
1 24.918367350000
2 24.918367350000
3 24.918367350000
4 24.926748840000
5 24.943430850000
6 24.968286260000
7 25.001093210000
8 25.041632560000
9 25.089539350000
10 25.144648670000
11 25.207059060000
12 25.275169830000
13 25.350625460000
14 25.433896840000
15 25.527098960000
16 25.627873770000
17 25.734929680000
18 25.846410720000
19 25.959898350000
20 26.072468980000
21 26.181002600000
22 26.283112470000
23 26.377882750000
24 26.465195180000
25 26.545444500000
26 26.619287730000
27 26.687294200000
28 26.749530420000
29 26.805008510000
30 26.851112110000
31 26.883070800000
32 26.894353750000
33 26.876763110000
34 26.821388940000
35 26.723294320000
36 26.583989280000
37 26.403630910000
38 26.167538960000
39 25.855481920000
40 25.453634840000
41 24.964989560000
42 24.460655440000
43 23.934037400000
44 23.307622400000
45 22.629508750000
46 21.925381700000
47 21.381205980000
48 20.829212680000
49 20.268516620000
50 19.698032200000
51 19.126840080000
52 18.555071470000
53 17.982566240000
54 17.408817770000
55 16.837122840000
56 16.266167470000
57 15.695087690000
58 15.123101920000
59 14.548798810000
60 13.975535850000
61 13.411158260000
62 12.856031730000
63 12.239783610000
64 11.636016220000
65 11.105970290000
66 10.564898410000
67 9.990641320000
68 9.411144230000
69 8.842662250000
70 8.286158880000
71 7.742622060000
72 7.210524880000
73 6.693346010000
74 6.191251180000
75 5.704670040000
76 5.234723920000
77 4.783673100000
78 4.354767190000
79 3.952135870000
80 3.582049670000
81 3.249765490000
82 2.989875470000
83 2.785971660000
84 2.611947580000
85 2.461878510000
86 2.321426670000
87 2.195148650000
88 2.110863760000
89 2.068535210000
90 2.069060380000
91 2.105153740000
92 2.169623910000
93 2.255826040000
94 2.357873190000
95 2.470468920000
96 2.588959400000
97 2.709558060000
98 2.829092420000
99 2.944889600000
100 3.054754620000
101 3.156827960000
102 3.255195180000
103 3.340731650000
104 3.412947380000
105 3.471666080000
106 3.516876700000
107 3.548667350000
108 3.567184040000
109 3.572603540000
110 3.565108100000
111 3.544844310000
112 3.504874420000
113 3.446718700000
114 3.370726890000
115 3.277154080000
116 3.166155820000
117 3.037832770000
118 2.892215380000
119 2.708441890000
120 2.528062840000
121 2.374389690000
122 2.247724810000
123 2.147575860000
124 2.073305470000
125 2.024296630000
126 2.000000000000

[theta]
1 0.547392890000
2 0.547392890000
3 0.547392890000
4 0.546855350000
5 0.544746550000
6 0.540106410000
7 0.532209670000
8 0.522192790000
9 0.512836770000
10 0.505543840000
11 0.501541580000
12 0.502065220000
13 0.504676520000
14 0.507544600000
15 0.508232620000
16 0.501793840000
17 0.487325160000
18 0.464007250000
19 0.431379410000
20 0.390241310000
21 0.345533980000
22 0.302923040000
23 0.264533510000
24 0.231160650000
25 0.202772930000
26 0.178475590000
27 0.156428640000
28 0.133836940000
29 0.106887740000
30 0.071390390000
31 0.024299600000
32 -0.036636280000
33 -0.112436310000
34 -0.199427910000
35 -0.280698400000
36 -0.363586190000
37 -0.458228270000
38 -0.575794290000
39 -0.723631980000
40 -0.890149450000
41 -1.035225300000
42 -1.145137840000
43 -1.231821610000
44 -1.308265240000
45 -1.362192660000
46 -1.389570310000
47 -1.389372800000
48 -1.388264950000
49 -1.387202030000
50 -1.386189080000
51 -1.385225260000
52 -1.384309140000
53 -1.383439820000
54 -1.382616330000
55 -1.381834800000
56 -1.381087660000
57 -1.380374210000
58 -1.379692480000
59 -1.379045510000
60 -1.378427080000
61 -1.377829370000
62 -1.377248130000
63 -1.376963530000
64 -1.396864650000
65 -1.423189420000
66 -1.452769030000
67 -1.484605810000
68 -1.513566220000
69 -1.533080330000
70 -1.545325140000
71 -1.554670390000
72 -1.567047240000
73 -1.591954030000
74 -1.631529530000
75 -1.685991610000
76 -1.755212200000
77 -1.839005770000
78 -1.937253640000
79 -2.049989680000
80 -2.176984910000
81 -2.318258400000
82 -2.432739300000
83 -2.522043660000
84 -2.598062450000
85 -2.673603260000
86 -2.765363640000
87 -2.881240960000
88 -3.008985100000
89 -3.143337310000
90 -3.269783840000
91 -3.388425700000
92 -3.499329860000
93 -3.602815890000
94 -3.699210150000
95 -3.788662400000
96 -3.871290130000
97 -3.947336600000
98 -4.016990460000
99 -4.080377110000
100 -4.137597750000
101 -4.188693020000
102 -4.235744440000
103 -4.270145250000
104 -4.294618590000
105 -4.311315720000
106 -4.321979260000
107 -4.328070990000
108 -4.330855720000
109 -4.331458790000
110 -4.330907160000
111 -4.330161190000
112 -4.330142630000
113 -4.332685800000
114 -4.339374850000
115 -4.351803350000
116 -4.371608430000
117 -4.400494920000
118 -4.440273170000
119 -4.499646850000
120 -4.568625550000
121 -4.616052140000
122 -4.647181500000
123 -4.666215110000
124 -4.676539530000
125 -4.681001500000
126 -4.682095220000

[v]
1 0.000000000000
2 0.000000000000
3 0.110019220000
4 0.219656730000
5 0.329046850000
6 0.438223500000
7 0.547257880000
8 0.656586690000
9 0.766136550000
10 0.875922640000
11 0.986096040000
12 1.093668760000
13 1.201012230000
14 1.308371110000
15 1.418102590000
16 1.527427000000
17 1.636509170000
18 1.745404770000
19 1.854150640000
20 1.962825650000
21 2.071605890000
22 2.180506740000
23 2.289522670000
24 2.398648930000
25 2.507890960000
26 2.617254970000
27 2.726720560000
28 2.836277190000
29 2.945874870000
30 3.055534340000
31 3.165122570000
32 3.274746200000
33 3.384292240000
34 3.493187130000
35 3.598982850000
36 3.703215870000
37 3.805322270000
38 3.909847180000
39 4.019034950000
40 4.131434250000
41 4.244567530000
42 4.347025350000
43 4.445426590000
44 4.555776910000
45 4.669064550000
46 4.781265310000
47 4.863025850000
48 4.940235870000
49 4.987890680000
50 4.989985920000
51 4.990062170000
52 4.990092580000
53 4.990135470000
54 4.990071680000
55 4.990048740000
56 4.990055510000
57 4.990077530000
58 4.989651980000
59 4.970389680000
60 4.894911880000
61 4.812670250000
62 4.728272480000
63 4.631313050000
64 4.533653290000
65 4.446273590000
66 4.355399020000
67 4.257003370000
68 4.155545760000
69 4.053669770000
70 3.951427680000
71 3.848942940000
72 3.745894930000
73 3.642940380000
74 3.540097310000
75 3.437332320000
76 3.334588190000
77 3.231839810000
78 3.129038780000
79 3.026069320000
80 2.923082090000
81 2.819701140000
82 2.725794210000
83 2.639945130000
84 2.555130340000
85 2.470274280000
86 2.376051930000
87 2.267860250000
88 2.159860130000
89 2.048960600000
90 1.939028180000
91 1.830068790000
92 1.722167800000
93 1.615181760000
94 1.508927060000
95 1.403377490000
96 1.298540470000
97 1.194253740000
98 1.090379360000
99 0.986829820000
100 0.883524470000
101 0.780465920000
102 0.671483000000
103 0.564132170000
104 0.458075190000
105 0.353063070000
106 0.248922120000
107 0.145525040000
108 0.042774350000
109 -0.059414200000
110 -0.161128700000
111 -0.262531730000
112 -0.385350360000
113 -0.507059420000
114 -0.627746330000
115 -0.747382210000
116 -0.865856660000
117 -0.982851140000
118 -1.096425920000
119 -0.967577350000
120 -0.825126840000
121 -0.684364480000
122 -0.545186920000
123 -0.407351590000
124 -0.270659780000
125 -0.134944220000
126 0.000000000000

[a]
1 0.000000000000
2 0.749049620000
3 0.749024240000
4 0.748998350000
5 0.748970970000
6 0.748942400000
7 0.748916540000
8 0.748889070000
9 0.748860880000
10 0.748833340000
11 0.748772670000
12 0.748736010000
13 0.748700240000
14 0.748689960000
15 0.748643850000
16 0.748596440000
17 0.748546240000
18 0.748492820000
19 0.748436480000
20 0.748378310000
21 0.748315560000
22 0.748247250000
23 0.748172590000
24 0.748090820000
25 0.748000890000
26 0.747901080000
27 0.747790050000
28 0.747665290000
29 0.747525850000
30 0.747365740000
31 0.747186160000
32 0.746976900000
33 0.746720830000
34 0.746359610000
35 0.746002000000
36 0.745576080000
37 0.745256470000
38 0.744901100000
39 0.744312500000
40 0.743380530000
41 0.741561580000
42 0.739782940000
43 0.738551590000
44 0.735023120000
45 0.727873710000
46 0.706604450000
47 0.669051650000
48 0.412906050000
49 0.018011440000
50 0.000654780000
51 0.000260810000
52 0.000367380000
53 -0.000545090000
54 -0.000196650000
55 0.000058110000
56 0.000188930000
57 -0.003645470000
58 -0.164307670000
59 -0.642424910000
60 -0.700133770000
61 -0.718106180000
62 -0.730047470000
63 -0.735089270000
64 -0.736110030000
65 -0.738643940000
66 -0.741080630000
67 -0.742544170000
68 -0.743483970000
69 -0.744220030000
70 -0.744806330000
71 -0.745304460000
72 -0.745688340000
73 -0.746009210000
74 -0.746283310000
75 -0.746521880000
76 -0.746731470000
77 -0.746918980000
78 -0.747091440000
79 -0.747244630000
80 -0.747395970000
81 -0.747241870000
82 -0.747068830000
83 -0.747112680000
84 -0.747185560000
85 -0.747545100000
86 -0.747962130000
87 -0.748055470000
88 -0.748198690000
89 -0.748265450000
90 -0.748324040000
91 -0.748374240000
92 -0.748420690000
93 -0.748464920000
94 -0.748505140000
95 -0.748541300000
96 -0.748576410000
97 -0.748610560000
98 -0.748643380000
99 -0.748675040000
100 -0.748704600000
101 -0.748804360000
102 -0.748800050000
103 -0.748786040000
104 -0.748762540000
105 -0.748728990000
106 -0.748684330000
107 -0.748626840000
108 -0.748554020000
109 -0.748462320000
110 -0.748347310000
111 -0.748487400000
112 -0.748263290000
113 -0.747933200000
114 -0.747402520000
115 -0.746420550000
116 -0.744021400000
117 -0.729594610000
118 0.740448130000
119 0.746896840000
120 0.748007130000
121 0.748483190000
122 0.748747880000
123 0.748915810000
124 0.749031170000
125 0.749114990000
126 0.000000000000

[phy]
1 0.000000000000
2 0.000000000000
3 -0.066660070000
4 -0.130719230000
5 -0.191119460000
6 -0.242673870000
7 -0.245699720000
8 -0.192410360000
9 -0.129138700000
10 -0.062032670000
11 0.007392510000
12 0.033296020000
13 0.033295260000
14 0.007175670000
15 -0.062104790000
16 -0.129289480000
17 -0.193439310000
18 -0.251869170000
19 -0.296587180000
20 -0.303704020000
21 -0.275493590000
22 -0.237132770000
23 -0.197272050000
24 -0.160693190000
25 -0.131760150000
26 -0.114601890000
27 -0.112625690000
28 -0.128919260000
29 -0.162828210000
30 -0.207190760000
31 -0.256656200000
32 -0.305769140000
33 -0.338922550000
34 -0.317179720000
35 -0.318447240000
36 -0.357216230000
37 -0.414977040000
38 -0.476300130000
39 -0.501868600000
40 -0.432352740000
41 -0.358630380000
42 -0.291303520000
43 -0.226238100000
44 -0.152410390000
45 -0.075931270000
46 0.000713990000
47 0.003948100000
48 0.003728430000
49 0.003491500000
50 0.003317400000
51 0.003149510000
52 0.002984220000
53 0.002820310000
54 0.002685800000
55 0.002570580000
56 0.002453780000
57 0.002340630000
58 0.002212030000
59 0.002118040000
60 0.002079060000
61 0.002055210000
62 0.000906410000
63 -0.064598620000
64 -0.097521020000
65 -0.107729430000
66 -0.109666730000
67 -0.099251220000
68 -0.068433800000
69 -0.043946640000
70 -0.034362130000
71 -0.046481200000
72 -0.096021000000
73 -0.156320460000
74 -0.219832390000
75 -0.284688200000
76 -0.350193760000
77 -0.415974450000
78 -0.481731340000
79 -0.547014220000
80 -0.609924320000
81 -0.573653240000
82 -0.518223220000
83 -0.469470940000
84 -0.480018850000
85 -0.532601510000
86 -0.593273170000
87 -0.662616060000
88 -0.698271050000
89 -0.698720950000
90 -0.698920190000
91 -0.699027880000
92 -0.699085840000
93 -0.699117780000
94 -0.699127090000
95 -0.699117060000
96 -0.699092310000
97 -0.699053130000
98 -0.698997440000
99 -0.698922630000
100 -0.698817780000
101 -0.691841700000
102 -0.620524720000
103 -0.549616290000
104 -0.479365130000
105 -0.409714680000
106 -0.340591680000
107 -0.271932520000
108 -0.203684740000
109 -0.135800600000
110 -0.068227650000
111 -0.000861790000
112 0.080971280000
113 0.162073370000
114 0.242507500000
115 0.322264630000
116 0.401298860000
117 0.479504030000
118 0.556716930000
119 0.641948620000
120 0.548375430000
121 0.455005890000
122 0.362533690000
123 0.270899010000
124 0.180001620000
125 0.089744730000
126 0.000000000000

[w]
1 0.000000000000
2 -0.453845180000
3 -0.437640930000
4 -0.413562670000
5 -0.353672260000
6 -0.020784220000
7 0.365038950000
8 0.432528720000
9 0.457736300000
10 0.471873290000
11 0.180303970000
12 -0.000005330000
13 -0.182152420000
14 -0.472695570000
15 -0.460074780000
16 -0.440239990000
17 -0.401645740000
18 -0.307791950000
19 -0.049013260000
20 0.194080040000
21 0.263597440000
22 0.273590030000
23 0.250785770000
24 0.198133950000
25 0.117354830000
26 0.013501910000
27 -0.111213540000
28 -0.231323800000
29 -0.302410310000
30 -0.337341610000
31 -0.334748330000
32 -0.226083930000
33 0.149087490000
34 -0.008942170000
35 -0.277472100000
36 -0.421766770000
37 -0.437230070000
38 -0.174433290000
39 0.460336680000
40 0.484417760000
41 0.487293350000
42 0.489163440000
43 0.494113380000
44 0.496205240000
45 0.497216550000
46 0.027950370000
47 -0.001903560000
48 -0.002052870000
49 -0.001496670000
50 -0.001441700000
51 -0.001417810000
52 -0.001403870000
53 -0.001149480000
54 -0.000987950000
55 -0.001002620000
56 -0.000970930000
57 -0.001101710000
58 -0.000801680000
59 -0.000331840000
60 -0.000203020000
61 -0.009774600000
62 -0.493214400000
63 -0.247808240000
64 -0.085998900000
65 -0.015746490000
66 0.078448120000
67 0.225541610000
68 0.178703860000
69 0.069765690000
70 -0.088073410000
71 -0.358304060000
72 -0.436743360000
73 -0.460707090000
74 -0.470985450000
75 -0.475952360000
76 -0.478065670000
77 -0.477767500000
78 -0.473655490000
79 -0.456459610000
80 0.262147800000
81 0.441092330000
82 0.424286250000
83 -0.093040790000
84 -0.463054280000
85 -0.481361330000
86 -0.479389670000
87 -0.246960290000
88 -0.003035390000
89 -0.001356150000
90 -0.000739650000
91 -0.000401960000
92 -0.000223420000
93 -0.000065590000
94 0.000071140000
95 0.000176680000
96 0.000281260000
97 0.000401310000
98 0.000540840000
99 0.000759900000
100 0.050682160000
101 0.490008180000
102 0.494604890000
103 0.495988980000
104 0.496625100000
105 0.496964910000
106 0.497151750000
107 0.497243570000
108 0.497266560000
109 0.497233030000
110 0.497155380000
111 0.498711190000
112 0.498612990000
113 0.498474560000
114 0.498267570000
115 0.497936640000
116 0.497342450000
117 0.496008590000
118 0.489797140000
119 -0.490623180000
120 -0.496163050000
121 -0.497306340000
122 -0.497777100000
123 -0.498014450000
124 -0.498139040000
125 -0.498199350000
126 0.000000000000

[dt]
1 0.012199300000
2 0.146878410000
3 0.146373780000
4 0.146048550000
5 0.145768860000
6 0.145584470000
7 0.145982650000
8 0.146283160000
9 0.146604120000
10 0.147126730000
11 0.143665390000
12 0.143366240000
13 0.143393680000
14 0.146564650000
15 0.146029930000
16 0.145715600000
17 0.145476110000
18 0.145286460000
19 0.145202710000
20 0.145354620000
21 0.145527980000
22 0.145695060000
23 0.145857070000
24 0.146027770000
25 0.146208390000
26 0.146363730000
27 0.146507200000
28 0.146586550000
29 0.146696560000
30 0.146632670000
31 0.146715290000
32 0.146652500000
33 0.145830800000
34 0.141748990000
35 0.139722170000
36 0.136949680000
37 0.140253600000
38 0.146580230000
39 0.151010910000
40 0.152187570000
41 0.138164950000
42 0.133013660000
43 0.149414510000
44 0.154127990000
45 0.154148660000
46 0.115709080000
47 0.115402200000
48 0.115413120000
49 0.116328920000
50 0.116446290000
51 0.116583070000
52 0.116752680000
53 0.117024450000
54 0.116625340000
55 0.116492380000
56 0.116534290000
57 0.116734670000
58 0.117233040000
59 0.117488950000
60 0.117465590000
61 0.117528260000
62 0.132812500000
63 0.132854290000
64 0.118704660000
65 0.123028920000
66 0.132773200000
67 0.136635140000
68 0.137025130000
69 0.137381540000
70 0.137599170000
71 0.138262990000
72 0.138066460000
73 0.137857640000
74 0.137702390000
75 0.137630430000
76 0.137597490000
77 0.137633440000
78 0.137827110000
79 0.137822650000
80 0.138321520000
81 0.125671410000
82 0.114914560000
83 0.113523410000
84 0.113567600000
85 0.126042370000
86 0.144648620000
87 0.144374480000
88 0.148222020000
89 0.146916350000
90 0.145604550000
91 0.144180520000
92 0.142949070000
93 0.141963500000
94 0.141013830000
95 0.140055090000
96 0.139313410000
97 0.138756230000
98 0.138316240000
99 0.137984230000
100 0.137649150000
101 0.145542590000
102 0.143363800000
103 0.141638570000
104 0.140247550000
105 0.139090320000
106 0.138105040000
107 0.137252220000
108 0.136514590000
109 0.135897950000
110 0.135502640000
111 0.164089110000
112 0.162655390000
113 0.161360550000
114 0.160068880000
115 0.158723460000
116 0.157246120000
117 0.155668460000
118 0.174014420000
119 0.190723130000
120 0.188183180000
121 0.185946140000
122 0.184087780000
123 0.182519590000
124 0.181188140000
125 0.180138190000

[s]
1 0.000000000000
2 0.000000000000
3 0.016103930000
4 0.032080550000
5 0.047964780000
6 0.063798540000
7 0.079890150000
8 0.096047570000
9 0.112318770000
10 0.128871640000
11 0.141667870000
12 0.156795180000
13 0.172217560000
14 0.191760950000
15 0.207085420000
16 0.222569930000
17 0.238072980000
18 0.253583680000
19 0.269227710000
20 0.285305770000
21 0.301476620000
22 0.317689070000
23 0.333943060000
24 0.350269350000
25 0.366674710000
26 0.383071190000
27 0.399484200000
28 0.415760090000
29 0.432149710000
30 0.448041160000
31 0.464371880000
32 0.480249730000
33 0.493534050000
34 0.495155750000
35 0.502857680000
36 0.507154220000
37 0.533710160000
38 0.573106280000
39 0.606918110000
40 0.628752930000
41 0.586450470000
42 0.578213770000
43 0.664211220000
44 0.702172760000
45 0.719730040000
46 0.553235810000
47 0.561203870000
48 0.570168060000
49 0.580235950000
50 0.581065350000
51 0.581756760000
52 0.582606690000
53 0.583967880000
54 0.581968820000
55 0.581302660000
56 0.581512570000
57 0.582515070000
58 0.584952060000
59 0.583965840000
60 0.574983730000
61 0.565624760000
62 0.627973680000
63 0.615289820000
64 0.538165780000
65 0.547020250000
66 0.578280260000
67 0.581656260000
68 0.569414210000
69 0.556899400000
70 0.543713180000
71 0.532166370000
72 0.517182470000
73 0.502207180000
74 0.487479860000
75 0.473081510000
76 0.458830960000
77 0.444809200000
78 0.431266320000
79 0.417060910000
80 0.404325000000
81 0.354355810000
82 0.313233520000
83 0.299695770000
84 0.290179470000
85 0.311359190000
86 0.343692590000
87 0.327421130000
88 0.320138830000
89 0.301025810000
90 0.282331330000
91 0.263860270000
92 0.246182290000
93 0.229296850000
94 0.212779570000
95 0.196550170000
96 0.180904100000
97 0.165710140000
98 0.150817170000
99 0.136166950000
100 0.121616390000
101 0.113591030000
102 0.096266360000
103 0.079902890000
104 0.064243950000
105 0.049107690000
106 0.034377440000
107 0.019973690000
108 0.005839380000
109 -0.008074200000
110 -0.021833290000
111 -0.043078610000
112 -0.062679330000
113 -0.081819420000
114 -0.100482680000
115 -0.118627130000
116 -0.136152630000
117 -0.152998970000
118 -0.190793850000
119 -0.184539380000
120 -0.155274990000
121 -0.127254940000
122 -0.100362250000
123 -0.074349640000
124 -0.049040340000
125 -0.024308610000

[splus]
1 0.011552450000
2 0.011552450000
3 0.021478180000
4 0.034350390000
5 0.048876920000
6 0.064157230000
7 0.080027650000
8 0.096099860000
9 0.112338490000
10 0.128878940000
11 0.141671270000
12 0.156796550000
13 0.172218100000
14 0.191761120000
15 0.207085490000
16 0.222569960000
17 0.238072990000
18 0.253583680000
19 0.269227710000
20 0.285305770000
21 0.301476620000
22 0.317689070000
23 0.333943060000
24 0.350269350000
25 0.366674710000
26 0.383071190000
27 0.399484200000
28 0.415760090000
29 0.432149710000
30 0.448041160000
31 0.464371880000
32 0.480249730000
33 0.493534050000
34 0.495155750000
35 0.502857680000
36 0.507154220000
37 0.533710160000
38 0.573106280000
39 0.606918110000
40 0.628752930000
41 0.586450470000
42 0.578213770000
43 0.664211220000
44 0.702172760000
45 0.719730040000
46 0.553235810000
47 0.561203870000
48 0.570168060000
49 0.580235950000
50 0.581065350000
51 0.581756760000
52 0.582606690000
53 0.583967880000
54 0.581968820000
55 0.581302660000
56 0.581512570000
57 0.582515070000
58 0.584952060000
59 0.583965840000
60 0.574983730000
61 0.565624760000
62 0.627973680000
63 0.615289820000
64 0.538165780000
65 0.547020250000
66 0.578280260000
67 0.581656260000
68 0.569414210000
69 0.556899400000
70 0.543713180000
71 0.532166370000
72 0.517182470000
73 0.502207180000
74 0.487479860000
75 0.473081510000
76 0.458830960000
77 0.444809200000
78 0.431266320000
79 0.417060910000
80 0.404325000000
81 0.354355810000
82 0.313233520000
83 0.299695770000
84 0.290179470000
85 0.311359190000
86 0.343692590000
87 0.327421130000
88 0.320138830000
89 0.301025810000
90 0.282331330000
91 0.263860270000
92 0.246182290000
93 0.229296860000
94 0.212779620000
95 0.196550290000
96 0.180904420000
97 0.165710940000
98 0.150819130000
99 0.136171670000
100 0.121627680000
101 0.113609300000
102 0.096317970000
103 0.080040290000
104 0.064593280000
105 0.049960890000
106 0.036371820000
107 0.024367810000
108 0.014726550000
109 0.007999530000
110 0.003981200000
111 0.001211780000
112 0.000383320000
113 0.000122520000
114 0.000040080000
115 0.000013510000
116 0.000004720000
117 0.000001720000
118 0.000000180000
119 0.000000260000
120 0.000001500000
121 0.000008050000
122 0.000040380000
123 0.000191410000
124 0.000856570000
125 0.003485170000

[sminus]
1 0.011552450000
2 0.011552450000
3 0.005374250000
4 0.002269840000
5 0.000912140000
6 0.000358700000
7 0.000137500000
8 0.000052290000
9 0.000019720000
10 0.000007310000
11 0.000003390000
12 0.000001370000
13 0.000000540000
14 0.000000170000
15 0.000000070000
16 0.000000030000
17 0.000000010000
18 0.000000000000
19 0.000000000000
20 0.000000000000
21 0.000000000000
22 0.000000000000
23 0.000000000000
24 0.000000000000
25 0.000000000000
26 0.000000000000
27 0.000000000000
28 0.000000000000
29 0.000000000000
30 0.000000000000
31 0.000000000000
32 0.000000000000
33 0.000000000000
34 0.000000000000
35 0.000000000000
36 0.000000000000
37 0.000000000000
38 0.000000000000
39 0.000000000000
40 0.000000000000
41 0.000000000000
42 0.000000000000
43 -0.000000000000
44 0.000000000000
45 0.000000000000
46 0.000000000000
47 0.000000000000
48 0.000000000000
49 0.000000000000
50 0.000000000000
51 0.000000000000
52 0.000000000000
53 0.000000000000
54 0.000000000000
55 0.000000000000
56 0.000000000000
57 0.000000000000
58 0.000000000000
59 0.000000000000
60 0.000000000000
61 0.000000000000
62 -0.000000000000
63 -0.000000000000
64 0.000000000000
65 0.000000000000
66 0.000000000000
67 0.000000000000
68 0.000000000000
69 0.000000000000
70 0.000000000000
71 0.000000000000
72 0.000000000000
73 0.000000000000
74 0.000000000000
75 0.000000000000
76 0.000000000000
77 0.000000000000
78 0.000000000000
79 0.000000000000
80 0.000000000000
81 0.000000000000
82 0.000000000000
83 0.000000000000
84 0.000000000000
85 0.000000000000
86 0.000000000000
87 0.000000000000
88 0.000000000000
89 0.000000000000
90 0.000000000000
91 0.000000000000
92 0.000000010000
93 0.000000020000
94 0.000000050000
95 0.000000130000
96 0.000000320000
97 0.000000800000
98 0.000001960000
99 0.000004720000
100 0.000011290000
101 0.000018270000
102 0.000051610000
103 0.000137400000
104 0.000349330000
105 0.000853200000
106 0.001994380000
107 0.004394120000
108 0.008887170000
109 0.016073730000
110 0.025814490000
111 0.044290400000
112 0.063062650000
113 0.081941940000
114 0.100522770000
115 0.118640630000
116 0.136157350000
117 0.153000680000
118 0.190794030000
119 0.184539640000
120 0.155276490000
121 0.127262980000
122 0.100402620000
123 0.074541060000
124 0.049896910000
125 0.027793780000

[k]
1 0.000000000000
2 0.000000000000
3 -0.033379490000
4 -0.065734450000
5 -0.096740470000
6 -0.123776270000
7 -0.125383130000
8 -0.097410260000
9 -0.064930700000
10 -0.031056180000
11 0.003696320000
12 0.016654160000
13 0.016653780000
14 0.003587890000
15 -0.031092380000
16 -0.065007360000
17 -0.097944370000
18 -0.128666960000
19 -0.152800390000
20 -0.156699680000
21 -0.141340780000
22 -0.120839940000
23 -0.099935780000
24 -0.081045390000
25 -0.066263980000
26 -0.057553120000
27 -0.056552160000
28 -0.064819130000
29 -0.082141330000
30 -0.105103660000
31 -0.131222120000
32 -0.157834030000
33 -0.176261860000
34 -0.164131160000
35 -0.164833500000
36 -0.186614000000
37 -0.220280650000
38 -0.257958600000
39 -0.274365630000
40 -0.230735850000
41 -0.187420000000
42 -0.149916470000
43 -0.115089350000
44 -0.076800780000
45 -0.038038770000
46 0.000357000000
47 0.001974060000
48 0.001864220000
49 0.001745760000
50 0.001658700000
51 0.001574760000
52 0.001492110000
53 0.001410160000
54 0.001342900000
55 0.001285290000
56 0.001226890000
57 0.001170320000
58 0.001106010000
59 0.001059020000
60 0.001039530000
61 0.001027610000
62 0.000453210000
63 -0.032344310000
64 -0.048915680000
65 -0.054074060000
66 -0.055054250000
67 -0.049789160000
68 -0.034270410000
69 -0.021987480000
70 -0.017187830000
71 -0.023257330000
72 -0.048158600000
73 -0.078803150000
74 -0.111721670000
75 -0.146318410000
76 -0.182623800000
77 -0.220875990000
78 -0.261406000000
79 -0.304501070000
80 -0.349400300000
81 -0.323067400000
82 -0.285101880000
83 -0.253647930000
84 -0.260316010000
85 -0.294708220000
86 -0.337153150000
87 -0.390152550000
88 -0.419668560000
89 -0.420052130000
90 -0.420222080000
91 -0.420313980000
92 -0.420363430000
93 -0.420390690000
94 -0.420398640000
95 -0.420390080000
96 -0.420368960000
97 -0.420335520000
98 -0.420288000000
99 -0.420224170000
100 -0.420134720000
101 -0.414218190000
102 -0.357350570000
103 -0.306288610000
104 -0.259902030000
105 -0.217145980000
106 -0.177201350000
107 -0.139419890000
108 -0.103274530000
109 -0.068320800000
110 -0.034166860000
111 -0.000430900000
112 0.040574350000
113 0.081753770000
114 0.123688000000
115 0.166952310000
116 0.212162550000
117 0.259990300000
118 0.311192680000
119 0.373788530000
120 0.305436090000
121 0.244622030000
122 0.189649140000
123 0.138863120000
124 0.090985600000
125 0.044993220000

[up]
1 0.011552450000
2 0.011552450000
3 0.022166430000
4 0.036518070000
5 0.053416160000
6 0.071780730000
7 0.089660410000
8 0.105086530000
9 0.119340940000
10 0.132721330000
11 0.142173980000
12 0.159303410000
13 0.174971470000
14 0.192421620000
15 0.213266720000
16 0.236459900000
17 0.260458190000
18 0.284906410000
19 0.308720280000
20 0.328224800000
21 0.342383120000
22 0.354543020000
23 0.365981010000
24 0.377521560000
25 0.390000150000
26 0.404236270000
27 0.421172230000
28 0.441631330000
29 0.466227160000
30 0.493248320000
31 0.522870330000
32 0.553017770000
33 0.577045980000
34 0.573175420000
35 0.582429960000
36 0.598010610000
37 0.646573540000
38 0.715030470000
39 0.766774880000
40 0.768025740000
41 0.691966510000
42 0.661430180000
43 0.737597120000
44 0.753943080000
45 0.746012580000
46 0.553425410000
47 0.562267410000
48 0.571188460000
49 0.581208380000
50 0.581990610000
51 0.582636250000
52 0.583441230000
53 0.584758430000
54 0.582719090000
55 0.582019910000
56 0.582197480000
57 0.583169530000
58 0.585573150000
59 0.584559540000
60 0.575557530000
61 0.566182750000
62 0.628246890000
63 0.634394900000
64 0.563437560000
65 0.575416680000
66 0.608843570000
67 0.609458250000
68 0.588147760000
69 0.568654430000
70 0.552684610000
71 0.544048150000
72 0.541092990000
73 0.540199660000
74 0.539763440000
75 0.539533270000
76 0.539272750000
77 0.539127100000
78 0.539492790000
79 0.538976370000
80 0.539946920000
81 0.464257010000
82 0.398965320000
83 0.372673490000
84 0.362698610000
85 0.399449190000
86 0.454934840000
87 0.450055490000
88 0.449116960000
89 0.422414490000
90 0.396227510000
91 0.370328260000
92 0.345528890000
93 0.321835360000
94 0.298653800000
95 0.275872970000
96 0.253909160000
97 0.232578970000
98 0.211671100000
99 0.191105390000
100 0.170683690000
101 0.158785930000
102 0.129360460000
103 0.103575090000
104 0.080709690000
105 0.060375750000
106 0.042559160000
107 0.027629280000
108 0.016186590000
109 0.008524200000
110 0.004111780000
111 0.001212290000
112 0.000398250000
113 0.000132140000
114 0.000044840000
115 0.000015670000
116 0.000005680000
117 0.000002150000
118 0.000000230000
119 0.000000350000
120 0.000001940000
121 0.000009940000
122 0.000047730000
123 0.000216930000
124 0.000931390000
125 0.003635710000

[down]
1 0.011552450000
2 0.011552450000
3 0.005546460000
4 0.002413080000
5 0.000996850000
6 0.000401320000
7 0.000154050000
8 0.000057180000
9 0.000020950000
10 0.000007520000
11 0.000003400000
12 0.000001390000
13 0.000000550000
14 0.000000170000
15 0.000000070000
16 0.000000030000
17 0.000000010000
18 0.000000000000
19 0.000000000000
20 0.000000000000
21 0.000000000000
22 0.000000000000
23 0.000000000000
24 0.000000000000
25 0.000000000000
26 0.000000000000
27 0.000000000000
28 0.000000000000
29 0.000000000000
30 0.000000000000
31 0.000000000000
32 0.000000000000
33 0.000000000000
34 0.000000000000
35 0.000000000000
36 0.000000000000
37 0.000000000000
38 0.000000000000
39 0.000000000000
40 0.000000000000
41 0.000000000000
42 0.000000000000
43 -0.000000000000
44 0.000000000000
45 0.000000000000
46 0.000000000000
47 0.000000000000
48 0.000000000000
49 0.000000000000
50 0.000000000000
51 0.000000000000
52 0.000000000000
53 0.000000000000
54 0.000000000000
55 0.000000000000
56 0.000000000000
57 0.000000000000
58 0.000000000000
59 0.000000000000
60 0.000000000000
61 0.000000000000
62 -0.000000000000
63 -0.000000000000
64 0.000000000000
65 0.000000000000
66 0.000000000000
67 0.000000000000
68 0.000000000000
69 0.000000000000
70 0.000000000000
71 0.000000000000
72 0.000000000000
73 0.000000000000
74 0.000000000000
75 0.000000000000
76 0.000000000000
77 0.000000000000
78 0.000000000000
79 0.000000000000
80 0.000000000000
81 0.000000000000
82 0.000000000000
83 0.000000000000
84 0.000000000000
85 0.000000000000
86 0.000000000000
87 0.000000000000
88 0.000000000000
89 0.000000000000
90 0.000000000000
91 0.000000000000
92 0.000000010000
93 0.000000020000
94 0.000000070000
95 0.000000180000
96 0.000000450000
97 0.000001120000
98 0.000002750000
99 0.000006620000
100 0.000015840000
101 0.000025530000
102 0.000069310000
103 0.000177800000
104 0.000436500000
105 0.001031060000
106 0.002333650000
107 0.004982240000
108 0.009768270000
109 0.017127970000
110 0.026661200000
111 0.044308720000
112 0.065519030000
113 0.088373040000
114 0.112458890000
115 0.137655670000
116 0.163889340000
117 0.191188230000
118 0.247792820000
119 0.250759290000
120 0.200806450000
121 0.157149060000
122 0.118682240000
123 0.084478020000
124 0.054255220000
125 0.028994290000

[left]
1 0.023104910000
2 0.023104910000
3 0.022617150000
4 0.021523250000
5 0.020782000000
6 0.021367950000
7 0.022387620000
8 0.021986780000
9 0.021058760000
10 0.020722980000
11 0.023687450000
12 0.026651370000
13 0.027097330000
14 0.023892880000
15 0.020764190000
16 0.025503200000
17 0.033275850000
18 0.041870140000
19 0.049770560000
20 0.053085890000
21 0.051138570000
22 0.047217810000
23 0.042560790000
24 0.037941060000
25 0.034168620000
26 0.032109330000
27 0.032605300000
28 0.036610380000
29 0.044532150000
30 0.055299950000
31 0.068161900000
32 0.081970700000
33 0.092367650000
34 0.087052740000
35 0.088555210000
36 0.099474940000
37 0.120771290000
38 0.148893670000
39 0.166247180000
40 0.146327910000
41 0.113661210000
42 0.092081670000
43 0.082568590000
44 0.061651040000
45 0.037001790000
46 0.023337860000
47 0.024544890000
48 0.024483010000
49 0.024414540000
50 0.024345080000
51 0.024278210000
52 0.024213160000
53 0.024150130000
54 0.024092160000
55 0.024045240000
56 0.023999740000
57 0.023957310000
58 0.023911340000
59 0.023873300000
60 0.023844490000
61 0.023821400000
62 0.023449330000
63 0.030151290000
64 0.036031560000
65 0.039042220000
66 0.041134510000
67 0.038468330000
68 0.029806320000
69 0.023690250000
70 0.021777090000
71 0.023793770000
72 0.034724710000
73 0.048318990000
74 0.062147740000
75 0.075858370000
76 0.089396640000
77 0.102824680000
78 0.116284120000
79 0.129531060000
80 0.142794920000
81 0.117904760000
82 0.094515840000
83 0.082173600000
84 0.081729830000
85 0.096797890000
86 0.119202500000
87 0.130226750000
88 0.136365660000
89 0.129021280000
90 0.121770740000
91 0.114582420000
92 0.107690980000
93 0.101102740000
94 0.094653630000
95 0.088313730000
96 0.082199880000
97 0.076261540000
98 0.070440250000
99 0.064714310000
100 0.059029270000
101 0.055278180000
102 0.043551620000
103 0.034421650000
104 0.027559470000
105 0.023078800000
106 0.021236640000
107 0.021582360000
108 0.022842440000
109 0.023830490000
110 0.023947380000
111 0.023123590000
112 0.021306300000
113 0.021183070000
114 0.024592770000
115 0.031282790000
116 0.040374070000
117 0.051551690000
118 0.072374790000
119 0.081998520000
120 0.059295000000
121 0.042466750000
122 0.030389520000
123 0.022976290000
124 0.020894810000
125 0.022183870000

[right]
1 0.023104910000
2 0.023104910000
3 0.023717080000
4 0.025845170000
5 0.030321710000
6 0.037660990000
7 0.043133400000
8 0.041438660000
9 0.036280420000
10 0.029109490000
11 0.022586820000
12 0.021143110000
13 0.021025290000
14 0.022429550000
15 0.034508040000
16 0.056499250000
17 0.083410200000
18 0.112274220000
19 0.138859800000
20 0.150264100000
21 0.144104490000
22 0.131284920000
23 0.115913390000
24 0.100568200000
25 0.087971110000
26 0.081109460000
27 0.083001560000
28 0.096946410000
29 0.124297350000
30 0.161490650000
31 0.206071140000
32 0.254122130000
33 0.290514320000
34 0.272233880000
35 0.277740710000
36 0.315692060000
37 0.390920970000
38 0.491515390000
39 0.554975390000
40 0.486585380000
41 0.369122720000
42 0.293197270000
43 0.263212980000
44 0.190110810000
45 0.102458040000
46 0.022882100000
47 0.021983970000
48 0.022021200000
49 0.022063360000
50 0.022107550000
51 0.022151070000
52 0.022194350000
53 0.022237180000
54 0.022277470000
55 0.022310630000
56 0.022343280000
57 0.022374170000
58 0.022408130000
59 0.022436690000
60 0.022458700000
61 0.022476520000
62 0.022781940000
63 0.076692960000
64 0.096580720000
65 0.107208730000
66 0.115000290000
67 0.105709480000
68 0.074995300000
69 0.051969040000
70 0.043297840000
71 0.052224470000
72 0.091751080000
73 0.138634380000
74 0.186034780000
75 0.232818870000
76 0.278804860000
77 0.324216790000
78 0.369560400000
79 0.413940770000
80 0.458280170000
81 0.370697640000
82 0.289878600000
83 0.247958370000
84 0.246113230000
85 0.297448540000
86 0.374462450000
87 0.410588110000
88 0.430740680000
89 0.404866030000
90 0.379480510000
91 0.354460350000
92 0.330609320000
93 0.307930930000
94 0.285847940000
95 0.264250920000
96 0.243528840000
97 0.223499760000
98 0.203958550000
99 0.184825490000
100 0.165911350000
101 0.153512780000
102 0.115077280000
103 0.085108100000
104 0.062013550000
105 0.045007530000
106 0.033726510000
107 0.027280900000
108 0.024082540000
109 0.022721140000
110 0.022443970000
111 0.023086310000
112 0.026390800000
113 0.034494050000
114 0.049210140000
115 0.070331920000
116 0.097075910000
117 0.129298230000
118 0.187298670000
119 0.215729610000
120 0.151936240000
121 0.103709540000
122 0.068090890000
123 0.043559410000
124 0.029843760000
125 0.024387570000
