  0.00000000
  0.00000000
 -0.06666007
 -0.13071923
 -0.19111946
 -0.24267387
 -0.24569972
 -0.19241036
 -0.12913870
 -0.06203267
  0.00739251
  0.03329602
  0.03329526
  0.00717567
 -0.06210479
 -0.12928948
 -0.19343931
 -0.25186917
 -0.29658718
 -0.30370402
 -0.27549359
 -0.23713277
 -0.19727205
 -0.16069319
 -0.13176015
 -0.11460189
 -0.11262569
 -0.12891926
 -0.16282821
 -0.20719076
 -0.25665620
 -0.30576914
 -0.33892255
 -0.31717972
 -0.31844724
 -0.35721623
 -0.41497704
 -0.47630013
 -0.50186860
 -0.43235274
 -0.35863038
 -0.29130352
 -0.22623810
 -0.15241039
 -0.07593127
  0.00071399
  0.00394810
  0.00372843
  0.00349150
  0.00331740
  0.00314951
  0.00298422
  0.00282031
  0.00268580
  0.00257058
  0.00245378
  0.00234063
  0.00221203
  0.00211804
  0.00207906
  0.00205521
  0.00090641
 -0.06459862
 -0.09752102
 -0.10772943
 -0.10966673
 -0.09925122
 -0.06843380
 -0.04394664
 -0.03436213
 -0.04648120
 -0.09602100
 -0.15632046
 -0.21983239
 -0.28468820
 -0.35019376
 -0.41597445
 -0.48173134
 -0.54701422
 -0.60992432
 -0.57365324
 -0.51822322
 -0.46947094
 -0.48001885
 -0.53260151
 -0.59327317
 -0.66261606
 -0.69827105
 -0.69872095
 -0.69892019
 -0.69902788
 -0.69908584
 -0.69911778
 -0.69912709
 -0.69911706
 -0.69909231
 -0.69905313
 -0.69899744
 -0.69892263
 -0.69881778
 -0.69184170
 -0.62052472
 -0.54961629
 -0.47936513
 -0.40971468
 -0.34059168
 -0.27193252
 -0.20368474
 -0.13580060
 -0.06822765
 -0.00086179
  0.08097128
  0.16207337
  0.24250750
  0.32226463
  0.40129886
  0.47950403
  0.55671693
  0.64194862
  0.54837543
  0.45500589
  0.36253369
  0.27089901
  0.18000162
  0.08974473
  0.00000000
