  0.00000000
  0.00000000
  0.11001922
  0.21965673
  0.32904685
  0.43822350
  0.54725788
  0.65658669
  0.76613655
  0.87592264
  0.98609604
  1.09366876
  1.20101223
  1.30837111
  1.41810259
  1.52742700
  1.63650917
  1.74540477
  1.85415064
  1.96282565
  2.07160589
  2.18050674
  2.28952267
  2.39864893
  2.50789096
  2.61725497
  2.72672056
  2.83627719
  2.94587487
  3.05553434
  3.16512257
  3.27474620
  3.38429224
  3.49318713
  3.59898285
  3.70321587
  3.80532227
  3.90984718
  4.01903495
  4.13143425
  4.24456753
  4.34702535
  4.44542659
  4.55577691
  4.66906455
  4.78126531
  4.86302585
  4.94023587
  4.98789068
  4.98998592
  4.99006217
  4.99009258
  4.99013547
  4.99007168
  4.99004874
  4.99005551
  4.99007753
  4.98965198
  4.97038968
  4.89491188
  4.81267025
  4.72827248
  4.63131305
  4.53365329
  4.44627359
  4.35539902
  4.25700337
  4.15554576
  4.05366977
  3.95142768
  3.84894294
  3.74589493
  3.64294038
  3.54009731
  3.43733232
  3.33458819
  3.23183981
  3.12903878
  3.02606932
  2.92308209
  2.81970114
  2.72579421
  2.63994513
  2.55513034
  2.47027428
  2.37605193
  2.26786025
  2.15986013
  2.04896060
  1.93902818
  1.83006879
  1.72216780
  1.61518176
  1.50892706
  1.40337749
  1.29854047
  1.19425374
  1.09037936
  0.98682982
  0.88352447
  0.78046592
  0.67148300
  0.56413217
  0.45807519
  0.35306307
  0.24892212
  0.14552504
  0.04277435
 -0.05941420
 -0.16112870
 -0.26253173
 -0.38535036
 -0.50705942
 -0.62774633
 -0.74738221
 -0.86585666
 -0.98285114
 -1.09642592
 -0.96757735
 -0.82512684
 -0.68436448
 -0.54518692
 -0.40735159
 -0.27065978
 -0.13494422
  0.00000000
