  0.00000000
 -0.45384518
 -0.43764093
 -0.41356267
 -0.35367226
 -0.02078422
  0.36503895
  0.43252872
  0.45773630
  0.47187329
  0.18030397
 -0.00000533
 -0.18215242
 -0.47269557
 -0.46007478
 -0.44023999
 -0.40164574
 -0.30779195
 -0.04901326
  0.19408004
  0.26359744
  0.27359003
  0.25078577
  0.19813395
  0.11735483
  0.01350191
 -0.11121354
 -0.23132380
 -0.30241031
 -0.33734161
 -0.33474833
 -0.22608393
  0.14908749
 -0.00894217
 -0.27747210
 -0.42176677
 -0.43723007
 -0.17443329
  0.46033668
  0.48441776
  0.48729335
  0.48916344
  0.49411338
  0.49620524
  0.49721655
  0.02795037
 -0.00190356
 -0.00205287
 -0.00149667
 -0.00144170
 -0.00141781
 -0.00140387
 -0.00114948
 -0.00098795
 -0.00100262
 -0.00097093
 -0.00110171
 -0.00080168
 -0.00033184
 -0.00020302
 -0.00977460
 -0.49321440
 -0.24780824
 -0.08599890
 -0.01574649
  0.07844812
  0.22554161
  0.17870386
  0.06976569
 -0.08807341
 -0.35830406
 -0.43674336
 -0.46070709
 -0.47098545
 -0.47595236
 -0.47806567
 -0.47776750
 -0.47365549
 -0.45645961
  0.26214780
  0.44109233
  0.42428625
 -0.09304079
 -0.46305428
 -0.48136133
 -0.47938967
 -0.24696029
 -0.00303539
 -0.00135615
 -0.00073965
 -0.00040196
 -0.00022342
 -0.00006559
  0.00007114
  0.00017668
  0.00028126
  0.00040131
  0.00054084
  0.00075990
  0.05068216
  0.49000818
  0.49460489
  0.49598898
  0.49662510
  0.49696491
  0.49715175
  0.49724357
  0.49726656
  0.49723303
  0.49715538
  0.49871119
  0.49861299
  0.49847456
  0.49826757
  0.49793664
  0.49734245
  0.49600859
  0.48979714
 -0.49062318
 -0.49616305
 -0.49730634
 -0.49777710
 -0.49801445
 -0.49813904
 -0.49819935
  0.00000000
