  1.64081633
  1.64081633
  1.64081633
  1.65456722
  1.68196927
  1.72299156
  1.77770863
  1.84654901
  1.92979609
  2.02766574
  2.14041698
  2.26463739
  2.40208256
  2.55282992
  2.72041759
  2.90132865
  3.09646041
  3.30681898
  3.53359031
  3.77815403
  4.04200973
  4.32566749
  4.62889173
  4.95121844
  5.29217103
  5.65133327
  6.02831956
  6.42292604
  6.83496808
  7.26465149
  7.71155140
  8.17578619
  8.65571366
  9.14613144
  9.63147324
 10.11465017
 10.58865044
 11.06730180
 11.54800047
 12.00282849
 12.39850012
 12.69778467
 12.93654105
 13.15740478
 13.33963669
 13.48868848
 13.58840130
 13.68965927
 13.79315588
 13.89908644
 14.00574707
 14.11308574
 14.22110577
 14.32987698
 14.43874666
 14.54793797
 14.65759542
 14.76785003
 14.87895744
 14.99024843
 15.10017668
 15.20864746
 15.32943320
 15.44795114
 15.54108397
 15.62153505
 15.68962955
 15.73970080
 15.77227060
 15.79326966
 15.80711717
 15.81569846
 15.81763738
 15.80701260
 15.77742459
 15.72304832
 15.63891144
 15.52103463
 15.36650743
 15.17421590
 14.94385531
 14.70297096
 14.46519275
 14.22119851
 13.97283707
 13.69495612
 13.37530246
 13.05891559
 12.74158741
 12.44056205
 12.16054731
 11.90468437
 11.67408751
 11.46875016
 11.28820280
 11.13138451
 10.99654291
 10.88177624
 10.78514895
 10.70470569
 10.63858776
 10.58178271
 10.53761568
 10.50341977
 10.47735449
 10.45818252
 10.44509959
 10.43761091
 10.43543664
 10.43843849
 10.44656693
 10.46263474
 10.48601447
 10.51634040
 10.55295868
 10.59481297
 10.64031828
 10.68726783
 10.73854746
 10.77751129
 10.79975734
 10.81199772
 10.81853745
 10.82196924
 10.82372694
 10.82448980
