task_id 25

[x]
1 13.000000000000
2 13.000000000000
3 13.000000000000
4 12.980710300000
5 12.942144890000
6 12.884321250000
7 12.804711970000
8 12.704728930000
9 12.581272310000
10 12.428082760000
11 12.233265290000
12 11.990663860000
13 11.702638570000
14 11.371716700000
15 11.009937670000
16 10.632755380000
17 10.264308340000
18 9.942275490000
19 9.732742860000
20 9.680691620000
21 9.714897110000
22 9.831123600000
23 10.022127540000
24 10.236810530000
25 10.439017930000
26 10.602794220000
27 10.709838910000
28 10.748330830000
29 10.712775020000
30 10.604348910000
31 10.437498750000
32 10.239467310000
33 10.032962090000
34 9.835680270000
35 9.660903260000
36 9.519301860000
37 9.416133910000
38 9.353831410000
39 9.333334460000
40 9.354848770000
41 9.418378630000
42 9.524204250000
43 9.673323450000
44 9.867735820000
45 10.109825620000
46 10.404378780000
47 10.751136400000
48 11.077594730000
49 11.352921830000
50 11.575708180000
51 11.748552100000
52 11.875275370000
53 11.958604270000
54 12.000000000000

[y]
1 7.000000000000
2 7.000000000000
3 7.000000000000
4 7.038084800000
5 7.114272970000
6 7.228582030000
7 7.386068560000
8 7.583890630000
9 7.820123420000
10 8.090928750000
11 8.391959330000
12 8.715491270000
13 9.061543520000
14 9.437287170000
15 9.847927160000
16 10.306616580000
17 10.830465840000
18 11.437357420000
19 12.110789350000
20 12.723004520000
21 13.325143300000
22 14.039585770000
23 14.786109030000
24 15.477472990000
25 16.123815750000
26 16.732702800000
27 17.306621900000
28 17.842337810000
29 18.331412790000
30 18.761858470000
31 19.122197460000
32 19.411146700000
33 19.633568080000
34 19.797959800000
35 19.914322350000
36 19.995373440000
37 20.049187190000
38 20.080161270000
39 20.090172510000
40 20.079680490000
41 20.048753840000
42 19.998065870000
43 19.929965510000
44 19.849795930000
45 19.767832150000
46 19.700714300000
47 19.667025230000
48 19.683306720000
49 19.735528280000
50 19.805769010000
51 19.876688580000
52 19.936382200000
53 19.978470460000
54 20.000000000000

[theta]
1 2.039625240000
2 2.039625240000
3 2.039625240000
4 2.039379520000
5 2.039113810000
6 2.038832300000
7 2.038768810000
8 2.052363810000
9 2.085598480000
10 2.145177970000
11 2.214203120000
12 2.264934640000
13 2.292851740000
14 2.293021310000
15 2.258990130000
16 2.183764050000
17 2.058643970000
18 1.872443100000
19 1.655614030000
20 1.514051280000
21 1.409522690000
22 1.320314150000
23 1.269715130000
24 1.267591190000
25 1.308033550000
26 1.386392230000
27 1.499058190000
28 1.643356140000
29 1.817542230000
30 2.004425850000
31 2.171610610000
32 2.319093760000
33 2.446875130000
34 2.554194120000
35 2.621706490000
36 2.660781260000
37 2.680183770000
38 2.687131230000
39 2.687958980000
40 2.688590600000
41 2.694923180000
42 2.713204790000
43 2.750473570000
44 2.815130610000
45 2.917553170000
46 3.044742920000
47 3.191423530000
48 3.329036310000
49 3.447010380000
50 3.530954850000
51 3.581817090000
52 3.609300720000
53 3.621183350000
54 3.624105950000

[v]
1 0.000000000000
2 0.000000000000
3 0.178924820000
4 0.357843070000
5 0.536784070000
6 0.715734210000
7 0.900603760000
8 1.085145030000
9 1.269319840000
10 1.453102490000
11 1.638113120000
12 1.823190270000
13 2.008323450000
14 2.195214170000
15 2.382083380000
16 2.568923380000
17 2.755720800000
18 2.942420780000
19 3.121662120000
20 3.268142480000
21 3.252597640000
22 3.086522880000
23 2.899636220000
24 2.712620400000
25 2.525546390000
26 2.338437360000
27 2.151303460000
28 1.964151030000
29 1.776986300000
30 1.589703230000
31 1.402418010000
32 1.215133340000
33 1.027850220000
34 0.840512430000
35 0.653193090000
36 0.465893320000
37 0.278614210000
38 0.091357420000
39 -0.095874650000
40 -0.283074400000
41 -0.470231840000
42 -0.657327680000
43 -0.844309400000
44 -1.031031540000
45 -1.216829490000
46 -1.402797810000
47 -1.309651190000
48 -1.122697490000
49 -0.935606190000
50 -0.748429360000
51 -0.561271110000
52 -0.374141710000
53 -0.187048680000
54 0.000000000000

[a]
1 0.000000000000
2 0.749860320000
3 0.749852590000
4 0.749843950000
5 0.749834220000
6 0.749828420000
7 0.749814680000
8 0.749797910000
9 0.749777210000
10 0.749753910000
11 0.749723600000
12 0.749685150000
13 0.749637200000
14 0.749566100000
15 0.749458510000
16 0.749272400000
17 0.748856050000
18 0.747797270000
19 0.744212730000
20 -0.084410350000
21 -0.746281190000
22 -0.748574840000
23 -0.749075900000
24 -0.749313090000
25 -0.749455700000
26 -0.749554200000
27 -0.749628780000
28 -0.749688980000
29 -0.749737170000
30 -0.749771840000
31 -0.749797990000
32 -0.749818390000
33 -0.749834650000
34 -0.749843650000
35 -0.749847960000
36 -0.749848670000
37 -0.749846160000
38 -0.749840290000
39 -0.749830380000
40 -0.749814950000
41 -0.749791050000
42 -0.749752250000
43 -0.749682310000
44 -0.749525320000
45 -0.749050900000
46 0.375073430000
47 0.749070080000
48 0.749536220000
49 0.749683580000
50 0.749753030000
51 0.749793240000
52 0.749819220000
53 0.749837120000
54 0.000000000000

[phy]
1 0.000000000000
2 0.000000000000
3 -0.011565200000
4 -0.006239650000
5 -0.004406510000
6 -0.000720430000
7 0.122057900000
8 0.244385520000
9 0.365751620000
10 0.367509160000
11 0.245831120000
12 0.123381560000
13 0.000677420000
14 -0.123730720000
15 -0.248127980000
16 -0.372487790000
17 -0.496710600000
18 -0.551287090000
19 -0.431796110000
20 -0.333666380000
21 -0.241654520000
22 -0.130588500000
23 -0.005873880000
24 0.118865220000
25 0.243608120000
26 0.368344380000
27 0.493058300000
28 0.617693430000
29 0.699849420000
30 0.699859250000
31 0.699860270000
32 0.699853810000
33 0.696202290000
34 0.571474110000
35 0.446672230000
36 0.321858780000
37 0.197048290000
38 0.072247280000
39 -0.052539740000
40 -0.177305240000
41 -0.302040130000
42 -0.426727300000
43 -0.551321150000
44 -0.675678800000
45 -0.699847890000
46 -0.699859130000
47 -0.699842190000
48 -0.699809620000
49 -0.623175060000
50 -0.498598020000
51 -0.373939860000
52 -0.249274710000
53 -0.124623980000
54 0.000000000000

[w]
1 0.000000000000
2 -0.048578260000
3 0.022397330000
4 0.007691840000
5 0.015464450000
6 0.497987650000
7 0.497033150000
8 0.494096720000
9 0.007170240000
10 -0.493100760000
11 -0.496028770000
12 -0.496883970000
13 -0.499013480000
14 -0.498979970000
15 -0.498836140000
16 -0.498276450000
17 -0.218907150000
18 0.498518100000
19 0.498560160000
20 0.498592010000
21 0.499087920000
22 0.499544650000
23 0.499631840000
24 0.499649810000
25 0.499624750000
26 0.499534510000
27 0.499219190000
28 0.329082410000
29 0.000039360000
30 0.000004080000
31 -0.000025880000
32 -0.014626870000
33 -0.499234610000
34 -0.499584820000
35 -0.499686200000
36 -0.499729940000
37 -0.499749860000
38 -0.499755950000
39 -0.499749400000
40 -0.499729440000
41 -0.499686820000
42 -0.499591710000
43 -0.499291300000
44 -0.097308330000
45 -0.000045310000
46 0.000068220000
47 0.000130490000
48 0.307016740000
49 0.498957940000
50 0.499378640000
51 0.499510440000
52 0.499567090000
53 0.499590180000
54 0.000000000000

[dt]
1 0.003794920000
2 0.238610880000
3 0.238604570000
4 0.238637660000
5 0.238652940000
6 0.246549140000
7 0.246115840000
8 0.245632600000
9 0.245116340000
10 0.246761820000
11 0.246860500000
12 0.246947910000
13 0.249308230000
14 0.249303160000
15 0.249299990000
16 0.249305080000
17 0.249313570000
18 0.239692390000
19 0.196826100000
20 0.184542750000
21 0.222537280000
22 0.249656600000
23 0.249662050000
24 0.249660670000
25 0.249659890000
26 0.249660270000
27 0.249660140000
28 0.249656500000
29 0.249798290000
30 0.249789620000
31 0.249780170000
32 0.249771310000
33 0.249838800000
34 0.249811190000
35 0.249783670000
36 0.249755870000
37 0.249726940000
38 0.249695920000
39 0.249656130000
40 0.249604840000
41 0.249530640000
42 0.249391350000
43 0.249068360000
44 0.247887520000
45 0.248271930000
46 0.248354500000
47 0.249581050000
48 0.249609420000
49 0.249674450000
50 0.249626530000
51 0.249574660000
52 0.249517520000
53 0.249452420000

[s]
1 0.000000000000
2 0.000000000000
3 0.042691270000
4 0.085392790000
5 0.128102040000
6 0.176464280000
7 0.221653280000
8 0.266547300000
9 0.311131090000
10 0.358571110000
11 0.404386350000
12 0.450233970000
13 0.500691960000
14 0.547274250000
15 0.593853780000
16 0.640446040000
17 0.687038910000
18 0.705276170000
19 0.614423900000
20 0.603109540000
21 0.723834630000
22 0.770570440000
23 0.723928790000
24 0.677234220000
25 0.630527150000
26 0.583814330000
27 0.537094040000
28 0.490362240000
29 0.443887780000
30 0.397090930000
31 0.350295690000
32 0.303504830000
33 0.256796720000
34 0.209969220000
35 0.163156720000
36 0.116359280000
37 0.069577100000
38 0.022811120000
39 -0.023936260000
40 -0.070657460000
41 -0.117338270000
42 -0.163933160000
43 -0.210293100000
44 -0.255588390000
45 -0.302103230000
46 -0.348390290000
47 -0.326863990000
48 -0.280235760000
49 -0.233596890000
50 -0.186827740000
51 -0.140078960000
52 -0.093354840000
53 -0.046659700000

[splus]
1 0.000000000000
2 0.000000000000
3 0.042691270000
4 0.085392790000
5 0.128102040000
6 0.176464280000
7 0.221653280000
8 0.266547300000
9 0.311131090000
10 0.358571110000
11 0.404386350000
12 0.450233970000
13 0.500691960000
14 0.547274250000
15 0.593853780000
16 0.640446040000
17 0.687038910000
18 0.705276170000
19 0.614423900000
20 0.603109540000
21 0.723834630000
22 0.770570440000
23 0.723928790000
24 0.677234220000
25 0.630527150000
26 0.583814330000
27 0.537094040000
28 0.490362240000
29 0.443887780000
30 0.397090930000
31 0.350295690000
32 0.303504830000
33 0.256796720000
34 0.209969220000
35 0.163156720000
36 0.116359280000
37 0.069577100000
38 0.022811120000
39 0.000000000000
40 0.000000000000
41 0.000000000000
42 0.000000000000
43 0.000000000000
44 0.000000000000
45 0.000000000000
46 0.000000000000
47 0.000000000000
48 0.000000000000
49 0.000000000000
50 0.000000000000
51 0.000000000000
52 0.000000000000
53 0.000000000000

[sminus]
1 0.000000000000
2 0.000000000000
3 0.000000000000
4 0.000000000000
5 0.000000000000
6 0.000000000000
7 0.000000000000
8 0.000000000000
9 0.000000000000
10 0.000000000000
11 0.000000000000
12 0.000000000000
13 0.000000000000
14 0.000000000000
15 0.000000000000
16 0.000000000000
17 0.000000000000
18 0.000000000000
19 0.000000000000
20 0.000000000000
21 0.000000000000
22 0.000000000000
23 0.000000000000
24 0.000000000000
25 0.000000000000
26 0.000000000000
27 0.000000000000
28 0.000000000000
29 0.000000000000
30 0.000000000000
31 0.000000000000
32 0.000000000000
33 0.000000000000
34 0.000000000000
35 0.000000000000
36 0.000000000000
37 0.000000000000
38 0.000000000000
39 0.023936260000
40 0.070657460000
41 0.117338270000
42 0.163933160000
43 0.210293100000
44 0.255588390000
45 0.302103230000
46 0.348390290000
47 0.326863990000
48 0.280235760000
49 0.233596890000
50 0.186827740000
51 0.140078960000
52 0.093354840000
53 0.046659700000

[k]
1 0.000000000000
2 0.000000000000
3 -0.005782620000
4 -0.003119850000
5 -0.002203260000
6 -0.000360210000
7 0.061333830000
8 0.124684880000
9 0.191491530000
10 0.192499850000
11 0.125452900000
12 0.062005730000
13 0.000338710000
14 -0.062183010000
15 -0.126674380000
16 -0.195363940000
17 -0.271019370000
18 -0.307438540000
19 -0.230398250000
20 -0.173313170000
21 -0.123235300000
22 -0.065667430000
23 -0.002936960000
24 0.059713630000
25 0.124271160000
26 0.192978250000
27 0.268659100000
28 0.355212820000
29 0.421015500000
30 0.421023900000
31 0.421024770000
32 0.421019250000
33 0.417898450000
34 0.321518680000
35 0.239474460000
36 0.166724100000
37 0.099817890000
38 0.036186060000
39 -0.026293680000
40 -0.089592010000
41 -0.155783720000
42 -0.227328210000
43 -0.307454360000
44 -0.400755710000
45 -0.421014190000
46 -0.421023800000
47 -0.421009320000
48 -0.420981490000
49 -0.359356490000
50 -0.272241690000
51 -0.196201320000
52 -0.127284740000
53 -0.062636600000

[up]
1 0.000000000000
2 0.000000000000
3 0.042927190000
4 0.085647990000
5 0.128372560000
6 0.176527430000
7 0.234704500000
8 0.298452590000
9 0.368327400000
10 0.424835260000
11 0.453088630000
12 0.477034420000
13 0.500861590000
14 0.579944230000
15 0.666070840000
16 0.760561330000
17 0.865791760000
18 0.913432090000
19 0.750324160000
20 0.703457000000
21 0.809474860000
22 0.819145560000
23 0.725967970000
24 0.716058940000
25 0.705751500000
26 0.691973660000
27 0.675620080000
28 0.657580900000
29 0.623296060000
30 0.557588310000
31 0.491879520000
32 0.426174940000
33 0.359822820000
34 0.274781020000
35 0.200668450000
36 0.134985660000
37 0.076246640000
38 0.023605760000
39 0.000000000000
40 0.000000000000
41 0.000000000000
42 0.000000000000
43 0.000000000000
44 0.000000000000
45 0.000000000000
46 0.000000000000
47 0.000000000000
48 0.000000000000
49 0.000000000000
50 0.000000000000
51 0.000000000000
52 0.000000000000
53 0.000000000000

[down]
1 0.000000000000
2 0.000000000000
3 -0.000000000000
4 -0.000000000000
5 0.000000000000
6 0.000000000000
7 -0.000000000000
8 -0.000000000000
9 -0.000000000000
10 -0.000000000000
11 0.000000000000
12 0.000000000000
13 0.000000000000
14 -0.000000000000
15 0.000000000000
16 -0.000000000000
17 0.000000000000
18 -0.000000000000
19 0.000000000000
20 0.000000000000
21 -0.000000000000
22 -0.000000000000
23 0.000000000000
24 -0.000000000000
25 0.000000000000
26 -0.000000000000
27 -0.000000000000
28 0.000000000000
29 0.000000000000
30 0.000000000000
31 -0.000000000000
32 -0.000000000000
33 0.000000000000
34 -0.000000000000
35 -0.000000000000
36 0.000000000000
37 0.000000000000
38 0.000000000000
39 0.024542630000
40 0.076736750000
41 0.134888640000
42 0.199711230000
43 0.272363890000
44 0.353913890000
45 0.424205400000
46 0.489203680000
47 0.458972260000
48 0.393490870000
49 0.314183580000
50 0.235655490000
51 0.166463260000
52 0.104762170000
53 0.049465400000

[left]
1 0.000000000000
2 0.000000000000
3 0.000228270000
4 0.000246850000
5 0.000261520000
6 0.000058980000
7 0.041747880000
8 0.102803950000
9 0.185623820000
10 0.216689680000
11 0.160422890000
12 0.088919210000
13 0.000544390000
14 0.031614970000
15 0.069885030000
16 0.116236550000
17 0.172980610000
18 0.201434200000
19 0.131511800000
20 0.097107060000
21 0.082874740000
22 0.047006490000
23 0.001973140000
24 0.133404540000
25 0.256645890000
26 0.366379710000
27 0.465873090000
28 0.558298260000
29 0.594652770000
30 0.528060240000
31 0.462381060000
32 0.397623560000
33 0.331443540000
34 0.206924210000
35 0.118848850000
36 0.058560170000
37 0.020806120000
38 0.002459560000
39 0.001869620000
40 0.018744480000
41 0.054113630000
42 0.110315700000
43 0.191384940000
44 0.303170300000
45 0.376481670000
46 0.434174590000
47 0.407333840000
48 0.349203240000
49 0.248475620000
50 0.150552220000
51 0.081351570000
52 0.035172570000
53 0.008650890000

[right]
1 0.000000000000
2 0.000000000000
3 0.000732540000
4 0.000797820000
5 0.000851250000
6 0.000193520000
7 0.012629750000
8 0.030875010000
9 0.055349340000
10 0.064124360000
11 0.047129590000
12 0.025934980000
13 0.000157540000
14 0.110044500000
15 0.245005860000
16 0.410421760000
17 0.615118220000
18 0.718276210000
19 0.462515430000
20 0.340924740000
21 0.296340030000
22 0.169267180000
23 0.007054840000
24 0.037570950000
25 0.072795210000
26 0.104666680000
27 0.134052790000
28 0.161818880000
29 0.173614880000
30 0.155314640000
31 0.137011850000
32 0.118708890000
33 0.099699210000
34 0.062718910000
35 0.036300410000
36 0.018024900000
37 0.006454170000
38 0.000768980000
39 0.000594350000
40 0.006106730000
41 0.018056260000
42 0.037677630000
43 0.066865010000
44 0.108238130000
45 0.137371100000
46 0.161817080000
47 0.150332570000
48 0.126128160000
49 0.087788970000
50 0.052002240000
51 0.027457230000
52 0.011593610000
53 0.002783280000
