  0.00000000
  0.00000000
 -0.03957066
 -0.07888819
 -0.11770449
 -0.15498890
 -0.15819212
 -0.11992323
 -0.08015241
 -0.03984881
  0.00076266
  0.00282479
  0.00249188
  0.00230481
  0.00214609
  0.00204448
  0.00058666
 -0.03990050
 -0.07988630
 -0.08186396
 -0.04092638
  0.00050479
  0.00144869
  0.00138826
  0.00134549
  0.00130714
  0.00127276
  0.00124199
  0.00121449
  0.00118999
  0.00116826
  0.00114909
  0.00113955
  0.00012287
 -0.04919936
 -0.09841731
 -0.14753423
 -0.19653696
 -0.24539034
 -0.29395821
 -0.30783818
 -0.25689066
 -0.20569339
 -0.15437472
 -0.10296427
 -0.05147004
  0.00011689
  0.00104905
  0.00104430
  0.00104555
  0.00104795
  0.00105153
  0.00105635
  0.00106244
  0.00106988
  0.00107874
  0.00108912
  0.00110106
  0.00111478
  0.00113038
  0.00114802
  0.00116790
  0.00119024
  0.00121532
  0.00124346
  0.00127501
  0.00131044
  0.00135029
  0.00139523
  0.00144607
  0.00150382
  0.00156976
  0.00164549
  0.00173309
  0.00183530
  0.00195589
  0.00209879
  0.00227140
  0.00242438
  0.00273907
  0.00315822
  0.00374842
  0.00118052
 -0.03832029
 -0.07741481
 -0.11583851
 -0.15294118
 -0.18680185
 -0.20867151
 -0.19254928
 -0.16646612
 -0.13886134
 -0.11204679
 -0.08770888
 -0.06764726
 -0.05333793
 -0.04414487
 -0.03649808
 -0.02435451
 -0.00039643
 -0.00029815
 -0.00031014
 -0.00034953
 -0.00042688
 -0.00058044
 -0.00095651
 -0.00252105
  0.00069282
  0.00045962
  0.00001782
 -0.12480012
 -0.24964479
 -0.37450068
 -0.49934676
 -0.61372293
 -0.69972088
 -0.62469839
 -0.49977292
 -0.37482401
 -0.24987149
 -0.12492092
  0.00002466
  0.08169083
  0.16233143
  0.24195873
  0.32057585
  0.39815324
  0.47462521
  0.54986362
  0.56399783
  0.48461254
  0.40464235
  0.32425602
  0.24354992
  0.16258193
  0.08138381
 -0.00003235
 -0.00073868
 -0.00095429
 -0.00128761
 -0.00180174
 -0.00085296
 -0.03167955
 -0.07062907
 -0.11055240
 -0.08192303
 -0.04095417
  0.00145376
  0.00339436
  0.00320047
  0.00328837
  0.00352929
  0.00394600
  0.00456802
  0.00597439
  0.01124056
  0.01923694
  0.00000000
