  0.00000000
  0.00000000
  0.00073254
  0.00079782
  0.00085125
  0.00019352
  0.01262975
  0.03087501
  0.05534934
  0.06412436
  0.04712959
  0.02593498
  0.00015754
  0.11004450
  0.24500586
  0.41042176
  0.61511822
  0.71827621
  0.46251543
  0.34092474
  0.29634003
  0.16926718
  0.00705484
  0.03757095
  0.07279521
  0.10466668
  0.13405279
  0.16181888
  0.17361488
  0.15531464
  0.13701185
  0.11870889
  0.09969921
  0.06271891
  0.03630041
  0.01802490
  0.00645417
  0.00076898
  0.00059435
  0.00610673
  0.01805626
  0.03767763
  0.06686501
  0.10823813
  0.13737110
  0.16181708
  0.15033257
  0.12612816
  0.08778897
  0.05200224
  0.02745723
  0.01159361
  0.00278328
