  0.00000000
  0.00000000
  0.04269127
  0.08539279
  0.12810204
  0.17646428
  0.22165328
  0.26654730
  0.31113109
  0.35857111
  0.40438635
  0.45023397
  0.50069196
  0.54727425
  0.59385378
  0.64044604
  0.68703891
  0.70527617
  0.61442390
  0.60310954
  0.72383463
  0.77057044
  0.72392879
  0.67723422
  0.63052715
  0.58381433
  0.53709404
  0.49036224
  0.44388778
  0.39709093
  0.35029569
  0.30350483
  0.25679672
  0.20996922
  0.16315672
  0.11635928
  0.06957710
  0.02281112
  0.00000000
  0.00000000
  0.00000000
  0.00000000
  0.00000000
  0.00000000
  0.00000000
  0.00000000
  0.00000000
  0.00000000
  0.00000000
  0.00000000
  0.00000000
  0.00000000
  0.00000000
