  0.00000000
  0.00000000
  0.06133279
  0.12253339
  0.18362181
  0.24459957
  0.30547945
  0.36677757
  0.42819267
  0.48972043
  0.55138102
  0.61018600
  0.66895110
  0.72771652
  0.78647992
  0.84524122
  0.90399883
  0.96535065
  1.02656117
  1.08766311
  1.15020476
  1.21289273
  1.27126521
  1.32960223
  1.38793806
  1.44627233
  1.50460514
  1.56293660
  1.62126682
  1.67959590
  1.73792395
  1.79625109
  1.85457744
  1.91290244
  1.98695073
  2.06086143
  2.13464927
  2.20831412
  2.28185268
  2.35525979
  2.42853636
  2.50547036
  2.58249725
  2.65961005
  2.73681078
  2.81410602
  2.89151841
  2.94901545
  3.00646793
  3.06392097
  3.12137441
  3.17882834
  3.23628211
  3.29373576
  3.35118806
  3.40863904
  3.46608870
  3.52353699
  3.58098281
  3.63842599
  3.69586632
  3.75330354
  3.81073723
  3.86816684
  3.92559110
  3.98300892
  4.04041816
  4.09781679
  4.15520201
  4.21256984
  4.26991457
  4.32722769
  4.38449592
  4.44169739
  4.49879304
  4.55570426
  4.61224032
  4.66774618
  4.71704741
  4.66398169
  4.60527821
  4.54688888
  4.48848633
  4.42836942
  4.36825573
  4.30812680
  4.24797627
  4.18780088
  4.12759647
  4.06731614
  4.00697189
  3.94658423
  3.88616225
  3.82570885
  3.76522474
  3.70471196
  3.64417114
  3.58360561
  3.52300874
  3.46234330
  3.40128869
  3.30864099
  3.21605725
  3.12349979
  3.03095628
  2.93842811
  2.84591300
  2.75339755
  2.66094510
  2.56848464
  2.38128202
  2.19403086
  2.00675012
  1.81945286
  1.64767745
  1.51365853
  1.36742331
  1.17996874
  0.99251857
  0.80507483
  0.61763945
  0.43021468
  0.30746385
  0.18636245
  0.06681368
 -0.05120985
 -0.16767833
 -0.28251409
 -0.39559649
 -0.50677489
 -0.62600591
 -0.74601203
 -0.86659935
 -0.98763106
 -1.10900749
 -1.23061487
 -1.35085805
 -1.28633821
 -1.22142934
 -1.15640815
 -1.09133926
 -1.02624940
 -0.96107184
 -0.89589684
 -0.83075663
 -0.76554104
 -0.70021521
 -0.63488181
 -0.57136920
 -0.50787974
 -0.44437862
 -0.38087181
 -0.31736247
 -0.25385368
 -0.19034866
 -0.12685372
 -0.06339575
  0.00000000
