 26.69491525
 26.69491525
 26.69491525
 26.69485345
 26.69472920
 26.69453745
 26.69426489
 26.69388339
 26.69336462
 26.69269424
 26.69186900
 26.69094818
 26.68993065
 26.68881869
 26.68761283
 26.68631372
 26.68492206
 26.68337278
 26.68172398
 26.67984217
 26.67749748
 26.67465399
 26.67167626
 26.66855961
 26.66530748
 26.66192060
 26.65839971
 26.65474560
 26.65095907
 26.64704092
 26.64299200
 26.63881316
 26.63450529
 26.63006935
 26.62426869
 26.61825704
 26.61105441
 26.60150760
 26.58827666
 26.56982323
 26.54439828
 26.50826005
 26.46087360
 26.40317827
 26.33630850
 26.26159909
 26.18058728
 26.11711862
 26.05243653
 25.98651731
 25.91936225
 25.85097245
 25.78134998
 25.71049606
 25.63841355
 25.56510385
 25.49056838
 25.41480865
 25.33782760
 25.25962690
 25.18020828
 25.09957352
 25.01772453
 24.93466328
 24.85039257
 24.76491475
 24.67823328
 24.59035087
 24.50127045
 24.41099523
 24.31952873
 24.22687483
 24.13303794
 24.03802305
 23.94183606
 23.84448420
 23.74597709
 23.64633810
 23.54566328
 23.44227214
 23.34011618
 23.23943006
 23.14022305
 23.03971823
 22.94070367
 22.84075476
 22.73766407
 22.62944016
 22.51433668
 22.39086675
 22.25844192
 22.11851637
 21.97289152
 21.82326322
 21.67113323
 21.51776983
 21.36415911
 21.21099360
 21.05869945
 20.90753958
 20.75721004
 20.53322885
 20.31549434
 20.10390517
 19.89842519
 19.69904953
 19.50576219
 19.31851486
 19.13735666
 18.96230330
 18.62031363
 18.30317886
 17.99386247
 17.68274600
 17.39316694
 17.16586274
 16.91981221
 16.61369191
 16.33542243
 16.09551468
 15.89865894
 15.74687318
 15.67750654
 15.62859801
 15.59934371
 15.58899408
 15.59682105
 15.62209549
 15.66406988
 15.72196418
 15.80172328
 15.90122703
 16.02072247
 16.16035042
 16.32018695
 16.50028421
 16.70070477
 16.81816570
 16.92999448
 17.03618837
 17.13672593
 17.23159511
 17.32090038
 17.40451375
 17.48240374
 17.55470501
 17.62143546
 17.68247274
 17.73626986
 17.78466511
 17.82768880
 17.86533514
 17.89760160
 17.92448670
 17.94598988
 17.96211079
 17.97284775
 17.97820823
