 -2.92292371
 -2.92292371
 -2.92292371
 -2.92348807
 -2.92575491
 -2.93088895
 -2.94008848
 -2.95452231
 -2.97299567
 -2.99040973
 -3.00575077
 -3.01808993
 -3.02661463
 -3.03072815
 -3.03034662
 -3.02684842
 -3.02495837
 -3.02436362
 -3.02402213
 -3.02296672
 -3.02063729
 -3.02204540
 -3.03191562
 -3.05274279
 -3.08555979
 -3.10654024
 -3.11466294
 -3.10882961
 -3.08781722
 -3.05022727
 -2.99443130
 -2.91849542
 -2.82007180
 -2.69624133
 -2.54329005
 -2.35640574
 -2.14248918
 -1.97650739
 -1.83022729
 -1.70354687
 -1.59665947
 -1.50995760
 -1.44397638
 -1.39936654
 -1.37689256
 -1.37745352
 -1.40212523
 -1.43789185
 -1.44858815
 -1.43338747
 -1.39197427
 -1.32384140
 -1.22803172
 -1.10299605
 -0.94641670
 -0.75500740
 -0.52105126
 -0.34786959
 -0.20071225
 -0.07919152
  0.01697756
  0.08807102
  0.13436367
  0.15609005
  0.15338506
  0.16667562
  0.20473545
  0.26800300
  0.35730587
  0.47398001
  0.62001523
  0.79821907
  1.01244920
  1.19107015
  1.34041460
  1.46066707
  1.55201331
  1.61470534
  1.64902109
  1.65517407
  1.63322109
  1.58831567
  1.57161327
  1.55805834
  1.51641462
  1.47513039
  1.46234732
  1.47800094
  1.52228751
  1.59580834
  1.69972318
  1.83595761
  2.00746218
  2.21853025
  2.47166035
  2.65245667
  2.80746439
  2.93701085
  3.04132274
  3.12063745
  3.17521921
  3.20532036
  3.21112090
  3.19266574
  3.14978011
  3.12828197
  3.12680533
  3.12841294
  3.12850263
  3.12842920
  3.12842493
  3.12841262
  3.12840770
  3.12866055
  3.12910381
  3.12544272
  3.11212814
  3.11282140
  3.13124687
  3.16681672
  3.21887052
  3.28688717
  3.34677016
  3.38830829
  3.41301208
  3.42223744
  3.41709515
  3.39827952
  3.36678798
  3.32348454
  3.26911606
  3.20432580
  3.12118219
  3.02659225
  2.92118836
  2.80268439
  2.69328616
  2.59279712
  2.50100657
  2.41771078
  2.34272387
  2.27588363
  2.21502871
  2.17130593
  2.14067263
  2.12009519
  2.10717357
  2.09992371
  2.09664233
  2.09581744
  2.09606717
  2.09608366
  2.09458540
  2.09029668
  2.08191967
  2.06810664
  2.04743039
  2.01834996
  1.97916813
  1.92797504
  1.86256879
  1.78479134
  1.70807389
  1.63726118
  1.57293233
  1.51571748
  1.46630294
  1.42465423
  1.39618926
  1.37933264
  1.37264231
  1.37478942
  1.38453605
  1.40071250
  1.42219452
  1.44788031
  1.47666647
  1.50742147
  1.53291091
  1.55009753
  1.56083560
  1.56676166
  1.56935760
  1.57000000
