  0.00000000
  0.00000000
  0.10872244
  0.21744164
  0.32615766
  0.43487034
  0.54357952
  0.65228531
  0.76099699
  0.86970876
  0.97842139
  1.08713509
  1.19584964
  1.30456452
  1.41327930
  1.52199443
  1.63070911
  1.73942356
  1.84813786
  1.95685198
  2.06556626
  2.17428195
  2.28299850
  2.39171746
  2.50047410
  2.60926577
  2.71807878
  2.82690429
  2.93574315
  3.04461101
  3.15354479
  3.26261118
  3.37191622
  3.48161602
  3.59192417
  3.70310675
  3.81979505
  3.92353987
  4.02793741
  4.13295895
  4.23852014
  4.34450556
  4.45078843
  4.55724755
  4.66378118
  4.77031865
  4.87683085
  4.98463731
  4.99998973
  4.99998962
  4.99998953
  4.99998949
  4.99998956
  4.99998979
  4.99999024
  4.99999090
  4.99998804
  4.99998820
  4.99998844
  4.99998868
  4.99998890
  4.99998909
  4.99998924
  4.99998937
  4.99998933
  4.99998919
  4.99998909
  4.99998904
  4.99998909
  4.99998929
  4.99998971
  4.99999001
  4.99998970
  4.99998996
  4.99999023
  4.99999045
  4.99999061
  4.99999070
  4.99999076
  4.99999077
  4.99999078
  4.99999081
  4.99999082
  4.99999082
  4.99999085
  4.99999082
  4.99999075
  4.99999065
  4.99999055
  4.99999049
  4.99999052
  4.99999070
  4.99999111
  4.99999148
  4.99998805
  4.99998826
  4.99998852
  4.99998877
  4.99998897
  4.99998912
  4.99998922
  4.99998927
  4.99998929
  4.99998931
  4.97811011
  4.87174138
  4.76534268
  4.65894271
  4.55254177
  4.44614033
  4.33973854
  4.23333648
  4.12693416
  4.02053161
  3.91412873
  3.80772483
  3.70131627
  3.59489484
  3.48847332
  3.38203907
  3.27555935
  3.16899002
  3.06209397
  2.95513363
  2.84817606
  2.74125568
  2.63248888
  2.52385654
  2.41534027
  2.30692145
  2.19858493
  2.09032215
  1.96984343
  1.84971798
  1.73004354
  1.60805755
  1.48690303
  1.36654728
  1.24692717
  1.12796391
  1.00957222
  0.89166736
  0.77012556
  0.65057881
  0.53255779
  0.41575165
  0.29994741
  0.18499603
  0.07079252
 -0.04273623
 -0.15623975
 -0.26929560
 -0.38191310
 -0.49408824
 -0.60580488
 -0.71703589
 -0.82774449
 -0.93788605
 -1.04741076
 -1.15626793
 -1.26441285
 -1.37395868
 -1.48439431
 -1.59475600
 -1.70507446
 -1.81536873
 -1.92564442
 -1.81329556
 -1.70070465
 -1.58795043
 -1.47507216
 -1.36209176
 -1.24902023
 -1.13586206
 -1.02261812
 -0.90928703
 -0.79586527
 -0.68234573
 -0.56777513
 -0.45359776
 -0.33976713
 -0.22624345
 -0.11299529
  0.00000000
