 21.89486553
 21.89486553
 21.89486553
 21.87948050
 21.84870797
 21.80252818
 21.74088954
 21.66369645
 21.57079738
 21.46205407
 21.33742513
 21.19690494
 21.04051914
 20.86831943
 20.68037889
 20.47678470
 20.25761513
 20.02284298
 19.77243882
 19.50639562
 19.22473698
 18.92751086
 18.61458462
 18.28562963
 17.94017450
 17.57803457
 17.19970275
 16.80544890
 16.39543107
 15.96990087
 15.52952833
 15.07588829
 14.61217663
 14.14424910
 13.68212584
 13.24213882
 12.83465308
 12.54876770
 12.33321768
 12.18852589
 12.11152966
 12.09604014
 12.13347374
 12.21338164
 12.32381380
 12.45147369
 12.58164791
 12.69933842
 12.79436940
 12.88233554
 12.98119631
 13.10969584
 13.28672549
 13.53123301
 13.86168889
 14.29459906
 14.84895046
 15.43299854
 16.07359461
 16.74777486
 17.43846479
 18.13443544
 18.82961396
 19.52198708
 20.21234135
 20.90588567
 21.59806786
 22.28589998
 22.96477877
 23.62699967
 24.26004138
 24.84450852
 25.35202001
 25.73422551
 26.00537886
 26.17420765
 26.25605654
 26.27010347
 26.23720828
 26.17861065
 26.11541363
 26.06860444
 26.05544628
 26.05483236
 26.06440387
 26.10535561
 26.17738225
 26.25900551
 26.32889792
 26.36551437
 26.34657356
 26.24865077
 26.04720807
 25.71774038
 25.24583806
 24.72282325
 24.12597861
 23.48022560
 22.80544284
 22.11598317
 21.42096069
 20.72511444
 20.02996778
 19.33508338
 18.63920564
 17.93313835
 17.24203576
 16.56604332
 15.90512957
 15.25930947
 14.62858400
 14.01295251
 13.41241482
 12.82697082
 12.25661782
 11.70135125
 11.16118272
 10.63620727
 10.12631482
  9.63127979
  9.15127097
  8.68722498
  8.24031164
  7.81277241
  7.40409959
  7.01292486
  6.63093277
  6.26401262
  5.91080288
  5.57045981
  5.24272400
  4.92793332
  4.59280699
  4.27736729
  3.98416404
  3.70958221
  3.46459286
  3.24956137
  3.06361155
  2.90503815
  2.77163155
  2.66092736
  2.56727680
  2.49355205
  2.43570306
  2.39095379
  2.35743850
  2.33394534
  2.31972586
  2.31434701
  2.31758879
  2.32939879
  2.34967621
  2.37824647
  2.41478362
  2.45873245
  2.50922630
  2.56499656
  2.62426879
  2.68464024
  2.74293336
  2.79605738
  2.83902178
  2.86891311
  2.88449281
  2.88502841
  2.87033346
  2.84024071
  2.80059904
  2.75618092
  2.71070091
  2.66695718
  2.62696379
  2.59206562
  2.56303552
  2.54015702
  2.52329724
  2.51197490
  2.50537338
  2.50209949
  2.50067459
  2.50016233
  2.50002449
  2.50000000
