  0.00000000
  0.74953096
  0.74951841
  0.74950509
  0.74949067
  0.74947496
  0.74945977
  0.74944397
  0.74942735
  0.74941026
  0.74939300
  0.74935162
  0.74933089
  0.74930946
  0.74928662
  0.74926220
  0.74923605
  0.74920795
  0.74917770
  0.74914504
  0.74910968
  0.74907127
  0.74902940
  0.74898359
  0.74893324
  0.74887766
  0.74881598
  0.74874714
  0.74866982
  0.74858240
  0.74850659
  0.74838792
  0.74824977
  0.74808605
  0.74788988
  0.74765116
  0.74734977
  0.74695721
  0.74642546
  0.74566522
  0.74448964
  0.74243210
  0.73789317
  0.71449969
 -0.70495082
 -0.73607233
 -0.74184893
 -0.74425128
 -0.74556424
 -0.74639272
 -0.74698118
 -0.74739050
 -0.74770371
 -0.74794818
 -0.74814814
 -0.74825551
 -0.74846675
 -0.74858123
 -0.74867856
 -0.74876336
 -0.74883834
 -0.74890567
 -0.74896668
 -0.74902297
 -0.74908740
 -0.74913434
 -0.74917558
 -0.74921245
 -0.74924557
 -0.74927552
 -0.74930275
 -0.74932767
 -0.74935064
 -0.74937199
 -0.74939183
 -0.74941031
 -0.74942764
 -0.74944395
 -0.74945926
 -0.74947442
 -0.74948710
 -0.74949410
 -0.74949909
 -0.74950235
 -0.74950405
 -0.74950430
 -0.74950317
 -0.74950070
 -0.74949693
 -0.74949187
 -0.74948571
 -0.74946744
 -0.74950050
 -0.74948988
 -0.74947763
 -0.74946338
 -0.74945423
 -0.74944210
 -0.74943029
 -0.74941963
 -0.74934133
 -0.74938028
 -0.74936511
 -0.74934835
 -0.74932966
 -0.74932495
 -0.74930742
 -0.74926261
 -0.74927747
 -0.74923509
 -0.74920728
 -0.74917790
 -0.74914626
 -0.74911225
 -0.74907530
 -0.74903505
 -0.74899100
 -0.74894575
 -0.74889626
 -0.74882368
 -0.74875949
 -0.74868875
 -0.74860937
 -0.74851946
 -0.74841698
 -0.74829912
 -0.74816227
 -0.74799714
 -0.74780083
 -0.74756224
 -0.74726512
 -0.74688583
 -0.74638454
 -0.74569187
 -0.74466270
 -0.74302570
 -0.74030755
 -0.72997450
 -0.51481505
 -0.00142121
 -0.00088665
  0.00006292
  0.00251136
 -0.00314933
 -0.00160948
  0.44175296
  0.74673154
  0.74834251
  0.74885520
  0.74909424
  0.74921842
  0.74934238
  0.74944458
  0.74936878
  0.74953462
  0.74962902
  0.74967245
  0.74970530
  0.74973115
  0.74972029
  0.74973856
  0.74975463
  0.74977016
  0.74978289
  0.74979445
  0.74980496
  0.74981446
  0.74982312
  0.74983096
  0.74983811
  0.74984467
  0.74985071
  0.74985629
  0.74986149
  0.00000000
