task_id 10

[x]
1 3.377723970000
2 3.377723970000
3 3.377723970000
4 3.377723970000
5 3.377730890000
6 3.377782490000
7 3.377974190000
8 3.378486440000
9 3.379602970000
10 3.381492090000
11 3.384243150000
12 3.387850380000
13 3.392018310000
14 3.396573710000
15 3.401466240000
16 3.406682710000
17 3.412210240000
18 3.418035300000
19 3.424143380000
20 3.430519160000
21 3.437146190000
22 3.444006690000
23 3.451081330000
24 3.458348790000
25 3.465785370000
26 3.473364340000
27 3.481055130000
28 3.488822140000
29 3.496623080000
30 3.504406340000
31 3.512107370000
32 3.519782990000
33 3.527556840000
34 3.538358710000
35 3.555523950000
36 3.582743260000
37 3.623706380000
38 3.679560400000
39 3.749105920000
40 3.830578360000
41 3.922106500000
42 4.022090740000
43 4.129495660000
44 4.243781650000
45 4.361984090000
46 4.481399670000
47 4.591258550000
48 4.694328250000
49 4.796174650000
50 4.898742730000
51 5.002132260000
52 5.106189370000
53 5.208043300000
54 5.303805380000
55 5.390384880000
56 5.466404650000
57 5.530522730000
58 5.586698270000
59 5.629110070000
60 5.655603060000
61 5.664468390000
62 5.654418050000
63 5.624607040000
64 5.574671720000
65 5.504738430000
66 5.414316170000
67 5.305636700000
68 5.183136050000
69 5.050941670000
70 4.912791870000
71 4.771988740000
72 4.631393190000
73 4.493430670000
74 4.360105840000
75 4.233048500000
76 4.113579450000
77 4.002742420000
78 3.901328060000
79 3.809931490000
80 3.728995370000
81 3.658722570000
82 3.599381800000
83 3.551412200000
84 3.514728270000
85 3.489225110000
86 3.474798970000
87 3.471353200000
88 3.478799350000
89 3.497056640000
90 3.526052280000
91 3.565725400000
92 3.616050140000
93 3.675786400000
94 3.751500040000
95 3.838888690000
96 3.937890250000
97 4.048424700000
98 4.172116460000
99 4.308440570000
100 4.457349060000
101 4.618986490000
102 4.774884210000
103 4.954488030000
104 5.145196100000
105 5.347049210000
106 5.559995500000
107 5.789431440000
108 6.031423910000
109 6.276203900000
110 6.546126340000
111 6.821887050000
112 7.109357970000
113 7.408754480000
114 7.720094460000
115 8.043451360000
116 8.378836230000
117 8.726356950000
118 9.086302530000
119 9.459635870000
120 9.846335210000
121 10.239456690000
122 10.644251210000
123 11.061033730000
124 11.489871550000
125 11.930791750000
126 12.383883060000
127 12.849287440000
128 13.327263700000
129 13.816817400000
130 14.318203390000
131 14.831507860000
132 15.356634020000
133 15.893599740000
134 16.442368480000
135 17.002996720000
136 17.573398120000
137 18.154615350000
138 18.785583190000
139 19.446490850000
140 20.058908290000
141 21.163719460000
142 22.266954340000
143 23.365403910000
144 24.378915520000
145 25.167651780000
146 25.989262630000
147 26.759262390000
148 27.126231170000
149 27.099483240000
150 26.817349570000
151 26.400047490000
152 25.938734440000
153 25.497687260000
154 25.029817460000
155 24.604083280000
156 24.042082670000
157 23.361747480000
158 22.642074580000
159 21.934969140000
160 21.263190730000
161 20.701915390000
162 20.178020870000
163 19.691376030000
164 19.239545950000
165 18.825389980000
166 18.448055460000
167 18.107555870000
168 17.804565480000
169 17.539284000000
170 17.311859010000
171 17.122333020000
172 16.970719200000
173 16.857022090000
174 16.781238040000
175 16.743341400000

[y]
1 3.032687650000
2 3.032687650000
3 3.032687650000
4 3.043627310000
5 3.065448780000
6 3.098105140000
7 3.141548660000
8 3.195925700000
9 3.261302880000
10 3.337698620000
11 3.425163750000
12 3.523806730000
13 3.629563930000
14 3.745463430000
15 3.871600580000
16 4.007977800000
17 4.154595190000
18 4.311452660000
19 4.478545430000
20 4.655872100000
21 4.843430010000
22 5.041216610000
23 5.249229650000
24 5.467466670000
25 5.695924920000
26 5.934601260000
27 6.183492080000
28 6.442593080000
29 6.711898970000
30 6.991403200000
31 7.281108230000
32 7.586268670000
33 7.901453010000
34 8.226754140000
35 8.562053250000
36 8.907196920000
37 9.261952540000
38 9.625695750000
39 9.998118470000
40 10.379199750000
41 10.769112370000
42 11.168071840000
43 11.576329890000
44 11.995495960000
45 12.423474150000
46 12.870017400000
47 13.310244650000
48 13.739010400000
49 14.156723860000
50 14.563157690000
51 14.958438370000
52 15.344762740000
53 15.719643390000
54 16.084475600000
55 16.439797570000
56 16.786392210000
57 17.114674580000
58 17.448598910000
59 17.772828250000
60 18.087017090000
61 18.390592540000
62 18.682572570000
63 18.961620480000
64 19.226020760000
65 19.473930130000
66 19.706133090000
67 19.917036520000
68 20.105868500000
69 20.272705700000
70 20.418195470000
71 20.543427560000
72 20.649803560000
73 20.738935230000
74 20.812559680000
75 20.872455740000
76 20.920375910000
77 20.958012660000
78 20.986971820000
79 21.008740730000
80 21.024671270000
81 21.035989210000
82 21.043734960000
83 21.048883600000
84 21.052219080000
85 21.054259250000
86 21.055318580000
87 21.055560840000
88 21.055042800000
89 21.053751690000
90 21.051637870000
91 21.048644150000
92 21.044731400000
93 21.040003410000
94 21.034019390000
95 21.027110060000
96 21.019554140000
97 21.011809280000
98 21.004441930000
99 20.998460000000
100 20.993867340000
101 20.990408760000
102 20.987867580000
103 20.984930040000
104 20.981798910000
105 20.979660360000
106 20.980046140000
107 20.984982710000
108 20.997000570000
109 21.014567360000
110 21.037875650000
111 21.063943830000
112 21.091003320000
113 21.118648670000
114 21.146680660000
115 21.174770170000
116 21.202249330000
117 21.227092850000
118 21.246316860000
119 21.256644070000
120 21.259290250000
121 21.257723780000
122 21.256440770000
123 21.255737960000
124 21.255535130000
125 21.255774810000
126 21.256416580000
127 21.257431070000
128 21.258796560000
129 21.260493190000
130 21.262507950000
131 21.264830540000
132 21.267452100000
133 21.270366070000
134 21.273567050000
135 21.277051250000
136 21.280801700000
137 21.284821450000
138 21.289389340000
139 21.294281020000
140 21.285525070000
141 21.269979430000
142 21.254503610000
143 21.171763650000
144 20.967625460000
145 20.655990710000
146 20.126081100000
147 19.246378480000
148 18.088609640000
149 16.915116320000
150 15.823167280000
151 14.825867790000
152 13.903958640000
153 13.022504290000
154 12.215513410000
155 11.648082390000
156 11.082176480000
157 10.630383160000
158 10.356292330000
159 10.203519230000
160 10.122040800000
161 10.077984730000
162 10.036836990000
163 9.998232410000
164 9.961918760000
165 9.928299780000
166 9.905960310000
167 9.899153740000
168 9.901726740000
169 9.907591820000
170 9.913855940000
171 9.919729780000
172 9.924849190000
173 9.928964910000
174 9.931879100000
175 9.933414040000

[theta]
1 1.570796330000
2 1.570796330000
3 1.570796330000
4 1.570479230000
5 1.569216240000
6 1.566383630000
7 1.561376190000
8 1.553719570000
9 1.546073090000
10 1.539353370000
11 1.534244080000
12 1.531406090000
13 1.531511430000
14 1.532027870000
15 1.532564070000
16 1.533113100000
17 1.533676580000
18 1.534256650000
19 1.534855730000
20 1.535476590000
21 1.536122480000
22 1.536797390000
23 1.537506170000
24 1.538254790000
25 1.539050740000
26 1.539903610000
27 1.540825960000
28 1.541834760000
29 1.542953680000
30 1.544216740000
31 1.545648520000
32 1.546135630000
33 1.537600960000
34 1.519644800000
35 1.492092500000
36 1.455833540000
37 1.418429990000
38 1.386182400000
39 1.360172980000
40 1.340230120000
41 1.325241270000
42 1.313544700000
43 1.304614320000
44 1.301325550000
45 1.309487910000
46 1.326241120000
47 1.334887290000
48 1.331645620000
49 1.323598480000
50 1.314969110000
51 1.307687400000
52 1.305502200000
53 1.314103220000
54 1.331787840000
55 1.354874330000
56 1.377959980000
57 1.404139550000
58 1.440736300000
59 1.486681650000
60 1.541609120000
61 1.605211620000
62 1.677232300000
63 1.757470260000
64 1.845755620000
65 1.942105460000
66 2.046589150000
67 2.146261160000
68 2.240848830000
69 2.330317370000
70 2.414656410000
71 2.493876420000
72 2.567998840000
73 2.637054770000
74 2.701086810000
75 2.760140880000
76 2.814253310000
77 2.863455810000
78 2.907782900000
79 2.947263530000
80 2.981918410000
81 3.011805740000
82 3.034681030000
83 3.050929120000
84 3.061781020000
85 3.068314270000
86 3.071475360000
87 3.072109890000
88 3.070987110000
89 3.068819350000
90 3.066277330000
91 3.064002450000
92 3.062616740000
93 3.062731680000
94 3.062702790000
95 3.065429690000
96 3.071650350000
97 3.082113720000
98 3.097755230000
99 3.110776370000
100 3.120216490000
101 3.125306830000
102 3.125254370000
103 3.125191050000
104 3.131013740000
105 3.143419540000
106 3.163122080000
107 3.191232240000
108 3.213251630000
109 3.227743150000
110 3.235850720000
111 3.235450880000
112 3.233673220000
113 3.231391740000
114 3.228248170000
115 3.223346280000
116 3.212960310000
117 3.194952410000
118 3.169245030000
119 3.148431450000
120 3.137607720000
121 3.138423100000
122 3.139906280000
123 3.141119540000
124 3.142136010000
125 3.143008770000
126 3.143772000000
127 3.144448850000
128 3.145057850000
129 3.145610630000
130 3.146117060000
131 3.146584580000
132 3.147019110000
133 3.147425420000
134 3.147807250000
135 3.148167740000
136 3.148508780000
137 3.148832110000
138 3.148993770000
139 3.127296390000
140 3.127522690000
141 3.127565870000
142 3.066410270000
143 2.942835420000
144 2.765311630000
145 2.568763490000
146 2.289790780000
147 1.877742870000
148 1.548008140000
149 1.317950790000
150 1.174502750000
151 1.106838560000
152 1.106859180000
153 1.045383980000
154 0.927113280000
155 0.788860620000
156 0.586206430000
157 0.363894010000
158 0.212783810000
159 0.120698320000
160 0.078332290000
161 0.078381230000
162 0.079162350000
163 0.080197790000
164 0.080997030000
165 0.059134150000
166 0.019986750000
167 -0.008492580000
168 -0.022106040000
169 -0.027537160000
170 -0.030982700000
171 -0.033753530000
172 -0.036183350000
173 -0.038434980000
174 -0.040481290000
175 -0.041642580000

[v]
1 0.000000000000
2 0.000000000000
3 0.090649000000
4 0.181102030000
5 0.271411900000
6 0.361590970000
7 0.451637870000
8 0.541876580000
9 0.632309860000
10 0.722883420000
11 0.813602990000
12 0.904521730000
13 0.992204370000
14 1.079801370000
15 1.167397870000
16 1.254994690000
17 1.342590990000
18 1.430185990000
19 1.517776550000
20 1.605361890000
21 1.692940690000
22 1.780511900000
23 1.868074670000
24 1.955628120000
25 2.043171290000
26 2.130703090000
27 2.218222280000
28 2.305727350000
29 2.393216480000
30 2.480687410000
31 2.568140550000
32 2.657109900000
33 2.745909680000
34 2.834601390000
35 2.923206310000
36 3.011783420000
37 3.100433020000
38 3.189139070000
39 3.277874850000
40 3.366614010000
41 3.455322450000
42 3.543941300000
43 3.632378870000
44 3.720637930000
45 3.805898610000
46 3.720280800000
47 3.630509100000
48 3.540400630000
49 3.450018190000
50 3.359432620000
51 3.268655690000
52 3.177223160000
53 3.085841750000
54 2.994447990000
55 2.903099600000
56 2.811656340000
57 2.722642010000
58 2.629555500000
59 2.536468420000
60 2.443402420000
61 2.350335240000
62 2.257253850000
63 2.164146770000
64 2.071027510000
65 1.977869930000
66 1.883492870000
67 1.789125330000
68 1.694871730000
69 1.600775860000
70 1.506869310000
71 1.413169730000
72 1.319687540000
73 1.226424260000
74 1.133365880000
75 1.040489240000
76 0.947779540000
77 0.855225150000
78 0.762803800000
79 0.670495630000
80 0.578291660000
81 0.486043490000
82 0.393763060000
83 0.301932860000
84 0.210495500000
85 0.119397460000
86 0.028594990000
87 -0.061946750000
88 -0.152255310000
89 -0.242353390000
90 -0.332262080000
91 -0.422007630000
92 -0.511653640000
93 -0.599428210000
94 -0.694392290000
95 -0.789008990000
96 -0.883323570000
97 -0.977337160000
98 -1.072356010000
99 -1.167721030000
100 -1.263334240000
101 -1.359240790000
102 -1.445197520000
103 -1.538340150000
104 -1.631251430000
105 -1.723981880000
106 -1.816539160000
107 -1.911203640000
108 -2.006196200000
109 -2.097850110000
110 -2.194615090000
111 -2.289177910000
112 -2.383677130000
113 -2.478175550000
114 -2.572672880000
115 -2.667181690000
116 -2.761689070000
117 -2.856185020000
118 -2.950709870000
119 -3.045505240000
120 -3.140597790000
121 -3.234331580000
122 -3.328043170000
123 -3.421803990000
124 -3.515623320000
125 -3.609500510000
126 -3.703447330000
127 -3.797484620000
128 -3.891653560000
129 -3.985748980000
130 -4.079819050000
131 -4.173874890000
132 -4.267891410000
133 -4.361862370000
134 -4.455767060000
135 -4.549592400000
136 -4.642955740000
137 -4.735971590000
138 -4.834604190000
139 -4.934397710000
140 -4.998296530000
141 -4.998610660000
142 -4.998806350000
143 -4.998792490000
144 -4.998273010000
145 -4.998807130000
146 -4.999121730000
147 -4.895815880000
148 -4.710570170000
149 -4.524095590000
150 -4.337414210000
151 -4.150705090000
152 -3.964626270000
153 -3.778333640000
154 -3.593307700000
155 -3.445368540000
156 -3.271861740000
157 -3.084748100000
158 -2.897594070000
159 -2.710420720000
160 -2.523237900000
161 -2.355955310000
162 -2.188722280000
163 -2.021496650000
164 -1.853373160000
165 -1.685275080000
166 -1.517101530000
167 -1.348781170000
168 -1.180337100000
169 -1.011773160000
170 -0.843163520000
171 -0.674534400000
172 -0.505897250000
173 -0.337262840000
174 -0.168643190000
175 0.000000000000

[a]
1 0.000000000000
2 0.749530960000
3 0.749518410000
4 0.749505090000
5 0.749490670000
6 0.749474960000
7 0.749459770000
8 0.749443970000
9 0.749427350000
10 0.749410260000
11 0.749393000000
12 0.749351620000
13 0.749330890000
14 0.749309460000
15 0.749286620000
16 0.749262200000
17 0.749236050000
18 0.749207950000
19 0.749177700000
20 0.749145040000
21 0.749109680000
22 0.749071270000
23 0.749029400000
24 0.748983590000
25 0.748933240000
26 0.748877660000
27 0.748815980000
28 0.748747140000
29 0.748669820000
30 0.748582400000
31 0.748506590000
32 0.748387920000
33 0.748249770000
34 0.748086050000
35 0.747889880000
36 0.747651160000
37 0.747349770000
38 0.746957210000
39 0.746425460000
40 0.745665220000
41 0.744489640000
42 0.742432100000
43 0.737893170000
44 0.714499690000
45 -0.704950820000
46 -0.736072330000
47 -0.741848930000
48 -0.744251280000
49 -0.745564240000
50 -0.746392720000
51 -0.746981180000
52 -0.747390500000
53 -0.747703710000
54 -0.747948180000
55 -0.748148140000
56 -0.748255510000
57 -0.748466750000
58 -0.748581230000
59 -0.748678560000
60 -0.748763360000
61 -0.748838340000
62 -0.748905670000
63 -0.748966680000
64 -0.749022970000
65 -0.749087400000
66 -0.749134340000
67 -0.749175580000
68 -0.749212450000
69 -0.749245570000
70 -0.749275520000
71 -0.749302750000
72 -0.749327670000
73 -0.749350640000
74 -0.749371990000
75 -0.749391830000
76 -0.749410310000
77 -0.749427640000
78 -0.749443950000
79 -0.749459260000
80 -0.749474420000
81 -0.749487100000
82 -0.749494100000
83 -0.749499090000
84 -0.749502350000
85 -0.749504050000
86 -0.749504300000
87 -0.749503170000
88 -0.749500700000
89 -0.749496930000
90 -0.749491870000
91 -0.749485710000
92 -0.749467440000
93 -0.749500500000
94 -0.749489880000
95 -0.749477630000
96 -0.749463380000
97 -0.749454230000
98 -0.749442100000
99 -0.749430290000
100 -0.749419630000
101 -0.749341330000
102 -0.749380280000
103 -0.749365110000
104 -0.749348350000
105 -0.749329660000
106 -0.749324950000
107 -0.749307420000
108 -0.749262610000
109 -0.749277470000
110 -0.749235090000
111 -0.749207280000
112 -0.749177900000
113 -0.749146260000
114 -0.749112250000
115 -0.749075300000
116 -0.749035050000
117 -0.748991000000
118 -0.748945750000
119 -0.748896260000
120 -0.748823680000
121 -0.748759490000
122 -0.748688750000
123 -0.748609370000
124 -0.748519460000
125 -0.748416980000
126 -0.748299120000
127 -0.748162270000
128 -0.747997140000
129 -0.747800830000
130 -0.747562240000
131 -0.747265120000
132 -0.746885830000
133 -0.746384540000
134 -0.745691870000
135 -0.744662700000
136 -0.743025700000
137 -0.740307550000
138 -0.729974500000
139 -0.514815050000
140 -0.001421210000
141 -0.000886650000
142 0.000062920000
143 0.002511360000
144 -0.003149330000
145 -0.001609480000
146 0.441752960000
147 0.746731540000
148 0.748342510000
149 0.748855200000
150 0.749094240000
151 0.749218420000
152 0.749342380000
153 0.749444580000
154 0.749368780000
155 0.749534620000
156 0.749629020000
157 0.749672450000
158 0.749705300000
159 0.749731150000
160 0.749720290000
161 0.749738560000
162 0.749754630000
163 0.749770160000
164 0.749782890000
165 0.749794450000
166 0.749804960000
167 0.749814460000
168 0.749823120000
169 0.749830960000
170 0.749838110000
171 0.749844670000
172 0.749850710000
173 0.749856290000
174 0.749861490000
175 0.000000000000

[phy]
1 0.000000000000
2 0.000000000000
3 -0.057907220000
4 -0.115243880000
5 -0.171771180000
6 -0.226569110000
7 -0.274501150000
8 -0.229757370000
9 -0.174085780000
10 -0.116246430000
11 -0.057438890000
12 0.001990370000
13 0.008903380000
14 0.008493910000
15 0.008044230000
16 0.007679510000
17 0.007389650000
18 0.007164430000
19 0.006996530000
20 0.006881680000
21 0.006819160000
22 0.006809440000
23 0.006855410000
24 0.006962860000
25 0.007141480000
26 0.007406510000
27 0.007781660000
28 0.008304260000
29 0.009032180000
30 0.009878540000
31 0.003191370000
32 -0.054087990000
33 -0.109893130000
34 -0.162681970000
35 -0.206479110000
36 -0.206493240000
37 -0.173494670000
38 -0.136451930000
39 -0.101998110000
40 -0.074710310000
41 -0.056815390000
42 -0.042283880000
43 -0.015138540000
44 0.036750690000
45 0.072361370000
46 0.038093350000
47 -0.014701060000
48 -0.037415000000
49 -0.041149530000
50 -0.035629270000
51 -0.010922450000
52 0.044253250000
53 0.093498210000
54 0.125589830000
55 0.129341540000
56 0.155185240000
57 0.212866250000
58 0.273941870000
59 0.335249040000
60 0.396639110000
61 0.458055840000
62 0.519447690000
63 0.580734340000
64 0.642307040000
65 0.697842760000
66 0.698776530000
67 0.698926920000
68 0.699026510000
69 0.699092300000
70 0.699133850000
71 0.699156890000
72 0.699164690000
73 0.699159220000
74 0.699141280000
75 0.699109970000
76 0.699063540000
77 0.698999510000
78 0.698913080000
79 0.698795620000
80 0.698536430000
81 0.652713180000
82 0.592761430000
83 0.532448620000
84 0.472181200000
85 0.412044020000
86 0.352061060000
87 0.292241110000
88 0.232591470000
89 0.173124210000
90 0.113862180000
91 0.054849500000
92 -0.003836720000
93 0.000761070000
94 -0.062134510000
95 -0.124654480000
96 -0.186662540000
97 -0.247296400000
98 -0.188582360000
99 -0.126060050000
100 -0.062887850000
101 0.000673350000
102 0.000705650000
103 -0.060980110000
104 -0.122299510000
105 -0.182977680000
106 -0.240249930000
107 -0.179799130000
108 -0.117557660000
109 -0.059779380000
110 0.002887280000
111 0.012314860000
112 0.015175150000
113 0.020104040000
114 0.030201350000
115 0.061661730000
116 0.103016470000
117 0.141727990000
118 0.111003960000
119 0.055921140000
120 -0.004148200000
121 -0.007327930000
122 -0.005822000000
123 -0.004740610000
124 -0.003958880000
125 -0.003369130000
126 -0.002908800000
127 -0.002548510000
128 -0.002258500000
129 -0.002020250000
130 -0.001821760000
131 -0.001655070000
132 -0.001513440000
133 -0.001391660000
134 -0.001286070000
135 -0.001195720000
136 -0.001112440000
137 -0.000512380000
138 0.065563060000
139 -0.000738770000
140 -0.000078180000
141 0.110404330000
142 0.220708190000
143 0.330798590000
144 0.434039520000
145 0.518586800000
146 0.614009020000
147 0.497439830000
148 0.373581100000
149 0.249100550000
150 0.124530560000
151 -0.000040000000
152 0.124100920000
153 0.248344540000
154 0.371666560000
155 0.470177190000
156 0.498554690000
157 0.373974800000
158 0.249287930000
159 0.124565090000
160 -0.000173840000
161 -0.002972620000
162 -0.004241840000
163 -0.003526130000
164 0.104846870000
165 0.204249640000
166 0.165719090000
167 0.089617110000
168 0.040912820000
169 0.030279150000
170 0.029216780000
171 0.032023150000
172 0.039560950000
173 0.053912400000
174 0.061161060000
175 0.000000000000

[w]
1 0.000000000000
2 -0.478805040000
3 -0.475107500000
4 -0.469135860000
5 -0.455435710000
6 -0.398953290000
7 0.371620980000
8 0.461366710000
9 0.478577150000
10 0.485793320000
11 0.489842020000
12 0.059075740000
13 -0.003502460000
14 -0.003846150000
15 -0.003119420000
16 -0.002479080000
17 -0.001926130000
18 -0.001436030000
19 -0.000982220000
20 -0.000534760000
21 -0.000083100000
22 0.000393190000
23 0.000919210000
24 0.001528110000
25 0.002267400000
26 0.003209730000
27 0.004471640000
28 0.006229000000
29 0.007243550000
30 -0.057233870000
31 -0.481894930000
32 -0.470314660000
33 -0.445354180000
34 -0.369777530000
35 -0.000113430000
36 0.278307160000
37 0.312087370000
38 0.290023960000
39 0.229529980000
40 0.150423830000
41 0.122087190000
42 0.227894020000
43 0.433823070000
44 0.298411710000
45 -0.282152980000
46 -0.432881390000
47 -0.186996740000
48 -0.030753310000
49 0.045430700000
50 0.203142480000
51 0.450772690000
52 0.402767770000
53 0.262544220000
54 0.030663770000
55 0.212209890000
56 0.484960720000
57 0.491095540000
58 0.493026940000
59 0.493868220000
60 0.494132270000
61 0.493906920000
62 0.492971050000
63 0.495362690000
64 0.446326800000
65 0.007384460000
66 0.001194700000
67 0.000792020000
68 0.000524130000
69 0.000331730000
70 0.000184270000
71 0.000062570000
72 -0.000044040000
73 -0.000144560000
74 -0.000252850000
75 -0.000375540000
76 -0.000518800000
77 -0.000701260000
78 -0.000954250000
79 -0.002104890000
80 -0.372314000000
81 -0.486916000000
82 -0.492255650000
83 -0.494002180000
84 -0.494773010000
85 -0.495111730000
86 -0.495188230000
87 -0.495052550000
88 -0.494690150000
89 -0.494018520000
90 -0.492830290000
91 -0.490643310000
92 0.039266300000
93 -0.496399390000
94 -0.495239030000
95 -0.492748440000
96 -0.483357180000
97 0.463089300000
98 0.491337760000
99 0.495150360000
100 0.496669300000
101 0.000281880000
102 -0.496291750000
103 -0.494561800000
104 -0.490331420000
105 -0.463664640000
106 0.478495450000
107 0.490960170000
108 0.472334950000
109 0.485244620000
110 0.074692600000
111 0.022682160000
112 0.039092790000
113 0.080022430000
114 0.249350540000
115 0.327787990000
116 0.306821190000
117 -0.243522830000
118 -0.435199610000
119 -0.473074830000
120 -0.025396310000
121 0.012031950000
122 0.008634290000
123 0.006237220000
124 0.004701930000
125 0.003666940000
126 0.002866910000
127 0.002304050000
128 0.001893880000
129 0.001577860000
130 0.001324780000
131 0.001125700000
132 0.000967940000
133 0.000839240000
134 0.000718030000
135 0.000664160000
136 0.004792490000
137 0.495942550000
138 -0.484989230000
139 0.005320580000
140 0.499786460000
141 0.499722960000
142 0.499582330000
143 0.499175220000
144 0.498296440000
145 0.487877140000
146 -0.498458530000
147 -0.499278450000
148 -0.499553750000
149 -0.499701040000
150 -0.499788570000
151 0.499834730000
152 0.499756810000
153 0.499513830000
154 0.498994170000
155 0.122588270000
156 -0.499101560000
157 -0.499451220000
158 -0.499565650000
159 -0.499622080000
160 -0.012543320000
161 -0.005690020000
162 0.003208820000
163 0.483305010000
164 0.443378510000
165 -0.171786070000
166 -0.339011220000
167 -0.216806400000
168 -0.047301650000
169 -0.004724560000
170 0.012478740000
171 0.033516210000
172 0.063814870000
173 0.032236840000
174 -0.271948260000
175 0.000000000000

[dt]
1 0.010833570000
2 0.120940970000
3 0.120681530000
4 0.120492680000
5 0.120320470000
6 0.120146660000
7 0.120405010000
8 0.120667170000
9 0.120857020000
10 0.121054620000
11 0.121323170000
12 0.117011340000
13 0.116900310000
14 0.116902990000
15 0.116906970000
16 0.116910090000
17 0.116912420000
18 0.116910900000
19 0.116908640000
20 0.116905020000
21 0.116900390000
22 0.116895130000
23 0.116889220000
24 0.116882640000
25 0.116875330000
26 0.116867160000
27 0.116857940000
28 0.116847390000
29 0.116835140000
30 0.116825040000
31 0.118862460000
32 0.118654740000
33 0.118532220000
34 0.118442160000
35 0.118436040000
36 0.118570820000
37 0.118694170000
38 0.118796330000
39 0.118885480000
40 0.118965480000
41 0.119032960000
42 0.119118620000
43 0.119609200000
44 0.119334470000
45 0.121451980000
46 0.121960440000
47 0.121464860000
48 0.121440900000
49 0.121499450000
50 0.121620940000
51 0.122402670000
52 0.122267250000
53 0.122232550000
54 0.122131950000
55 0.122225810000
56 0.118963500000
57 0.124369850000
58 0.124351580000
59 0.124307260000
60 0.124294740000
61 0.124301260000
62 0.124324400000
63 0.124330530000
64 0.124372340000
65 0.125989230000
66 0.125968640000
67 0.125809630000
68 0.125592940000
69 0.125334720000
70 0.125053490000
71 0.124758830000
72 0.124462540000
73 0.124185290000
74 0.123939240000
75 0.123713180000
76 0.123502900000
77 0.123322520000
78 0.123168820000
79 0.123027280000
80 0.123083790000
81 0.123124750000
82 0.122522910000
83 0.121997940000
84 0.121544690000
85 0.121150060000
86 0.120802150000
87 0.120491220000
88 0.120210780000
89 0.119958700000
90 0.119741840000
91 0.119610000000
92 0.117115890000
93 0.126703110000
94 0.126241420000
95 0.125840370000
96 0.125441170000
97 0.126784000000
98 0.127247960000
99 0.127581130000
100 0.127974370000
101 0.114709670000
102 0.124292820000
103 0.123986610000
104 0.123748060000
105 0.123520050000
106 0.126332960000
107 0.126773750000
108 0.122325430000
109 0.129144360000
110 0.126212490000
111 0.126132280000
112 0.126136180000
113 0.126140030000
114 0.126161100000
115 0.126165410000
116 0.126156940000
117 0.126202890000
118 0.126571710000
119 0.126976870000
120 0.125174770000
121 0.125155850000
122 0.125233420000
123 0.125324860000
124 0.125417200000
125 0.125527410000
126 0.125668080000
127 0.125867000000
128 0.125796510000
129 0.125795640000
130 0.125816750000
131 0.125814160000
132 0.125817050000
133 0.125812770000
134 0.125823220000
135 0.125376830000
136 0.125185510000
137 0.133232240000
138 0.136707370000
139 0.124124530000
140 0.221059410000
141 0.220730010000
142 0.220364870000
143 0.206823080000
144 0.169672390000
145 0.195581610000
146 0.233859140000
147 0.248075480000
148 0.249183520000
149 0.249289050000
150 0.249246520000
151 0.248363950000
152 0.248608170000
153 0.246884080000
154 0.197418350000
155 0.231486030000
156 0.249608330000
157 0.249647750000
158 0.249662570000
159 0.249666590000
160 0.223126670000
161 0.223055130000
162 0.223040470000
163 0.224233370000
164 0.224195680000
165 0.224292880000
166 0.224485520000
167 0.224647670000
168 0.224804940000
169 0.224863530000
170 0.224887370000
171 0.224896100000
172 0.224890640000
173 0.224869300000
174 0.224899120000

[s]
1 0.000000000000
2 0.000000000000
3 0.010939660000
4 0.021821470000
5 0.032656410000
6 0.043443940000
7 0.054379450000
8 0.065386710000
9 0.076419080000
10 0.087508380000
11 0.098708910000
12 0.105839290000
13 0.115988970000
14 0.126231980000
15 0.136476920000
16 0.146721510000
17 0.156965530000
18 0.167204300000
19 0.177441150000
20 0.187674820000
21 0.197905380000
22 0.208133110000
23 0.218357730000
24 0.228578920000
25 0.238796240000
26 0.249009130000
27 0.259216790000
28 0.269418120000
29 0.279611680000
30 0.289806280000
31 0.305255590000
32 0.315278710000
33 0.325478780000
34 0.335736290000
35 0.346212940000
36 0.357109580000
37 0.368003290000
38 0.378858030000
39 0.389691760000
40 0.400510890000
41 0.411297350000
42 0.422149540000
43 0.434466300000
44 0.444000610000
45 0.462233940000
46 0.453727080000
47 0.440979260000
48 0.429949450000
49 0.419175320000
50 0.408577380000
51 0.400092140000
52 0.388470320000
53 0.377190270000
54 0.365717730000
55 0.354833330000
56 0.334484210000
57 0.338615610000
58 0.326990880000
59 0.315303380000
60 0.303704480000
61 0.292152540000
62 0.280635270000
63 0.269073760000
64 0.257583420000
65 0.249185600000
66 0.237257300000
67 0.225086010000
68 0.212861270000
69 0.200630550000
70 0.188437250000
71 0.176303600000
72 0.164250100000
73 0.152302460000
74 0.140467290000
75 0.128721170000
76 0.117052590000
77 0.105467710000
78 0.093952950000
79 0.082488680000
80 0.071178060000
81 0.059843870000
82 0.048244880000
83 0.036835080000
84 0.025584510000
85 0.014464920000
86 0.003454250000
87 -0.007464110000
88 -0.018302790000
89 -0.029072450000
90 -0.039785710000
91 -0.050476360000
92 -0.059922780000
93 -0.075949360000
94 -0.087660930000
95 -0.099288970000
96 -0.110804880000
97 -0.123910310000
98 -0.136454560000
99 -0.148978450000
100 -0.161673480000
101 -0.155917510000
102 -0.179626780000
103 -0.190732650000
104 -0.201863240000
105 -0.212945340000
106 -0.229487570000
107 -0.242289040000
108 -0.245407730000
109 -0.270924860000
110 -0.276987990000
111 -0.288739480000
112 -0.300668130000
113 -0.312597310000
114 -0.324571500000
115 -0.336506400000
116 -0.348406670000
117 -0.360458370000
118 -0.373475890000
119 -0.386707970000
120 -0.393124140000
121 -0.404796070000
122 -0.416782700000
123 -0.428837520000
124 -0.440919980000
125 -0.453091510000
126 -0.465405280000
127 -0.477978040000
128 -0.489556500000
129 -0.501389920000
130 -0.513309630000
131 -0.525132630000
132 -0.536973570000
133 -0.548778030000
134 -0.560639030000
135 -0.570413710000
136 -0.581231110000
137 -0.630984370000
138 -0.660925760000
139 -0.612480020000
140 -1.104920540000
141 -1.103343410000
142 -1.101561320000
143 -1.033865630000
144 -0.848069030000
145 -0.977674900000
146 -1.169090390000
147 -1.214531700000
148 -1.173796300000
149 -1.127807360000
150 -1.081085290000
151 -1.030885400000
152 -0.985638380000
153 -0.932810470000
154 -0.709384960000
155 -0.797554710000
156 -0.816683880000
157 -0.770100370000
158 -0.723420740000
159 -0.676701470000
160 -0.563001670000
161 -0.525507910000
162 -0.488173640000
163 -0.453287000000
164 -0.415518230000
165 -0.377995190000
166 -0.340567320000
167 -0.303000540000
168 -0.265345600000
169 -0.227510880000
170 -0.189616830000
171 -0.151700160000
172 -0.113771560000
173 -0.075840060000
174 -0.037927700000

[splus]
1 0.011552450000
2 0.011552450000
3 0.017904190000
4 0.025805240000
5 0.034854020000
6 0.044630390000
7 0.055005580000
8 0.065713120000
9 0.076588260000
10 0.087595560000
11 0.098753490000
12 0.105868370000
13 0.116004800000
14 0.126240540000
15 0.136481550000
16 0.146724010000
17 0.156966880000
18 0.167205030000
19 0.177441540000
20 0.187675030000
21 0.197905500000
22 0.208133170000
23 0.218357760000
24 0.228578940000
25 0.238796250000
26 0.249009130000
27 0.259216790000
28 0.269418130000
29 0.279611680000
30 0.289806280000
31 0.305255590000
32 0.315278710000
33 0.325478780000
34 0.335736290000
35 0.346212940000
36 0.357109580000
37 0.368003290000
38 0.378858030000
39 0.389691760000
40 0.400510890000
41 0.411297350000
42 0.422149540000
43 0.434466300000
44 0.444000610000
45 0.462233940000
46 0.453727080000
47 0.440979260000
48 0.429949450000
49 0.419175320000
50 0.408577380000
51 0.400092140000
52 0.388470320000
53 0.377190270000
54 0.365717730000
55 0.354833330000
56 0.334484210000
57 0.338615610000
58 0.326990880000
59 0.315303380000
60 0.303704480000
61 0.292152540000
62 0.280635270000
63 0.269073760000
64 0.257583420000
65 0.249185610000
66 0.237257310000
67 0.225086030000
68 0.212861310000
69 0.200630650000
70 0.188437460000
71 0.176304020000
72 0.164250980000
73 0.152304250000
74 0.140470930000
75 0.128728540000
76 0.117067420000
77 0.105497430000
78 0.094012200000
79 0.082606360000
80 0.071409290000
81 0.060297310000
82 0.049142180000
83 0.038569690000
84 0.028836220000
85 0.020307200000
86 0.013368870000
87 0.008234780000
88 0.004796550000
89 0.002684380000
90 0.001465200000
91 0.000787500000
92 0.000451330000
93 0.000173970000
94 0.000086380000
95 0.000043050000
96 0.000021580000
97 0.000009830000
98 0.000004630000
99 0.000002180000
100 0.000001020000
101 0.000001440000
102 0.000000350000
103 0.000000180000
104 0.000000090000
105 0.000000050000
106 0.000000020000
107 0.000000010000
108 0.000000010000
109 0.000000000000
110 0.000000000000
111 0.000000000000
112 0.000000000000
113 0.000000000000
114 0.000000000000
115 0.000000000000
116 0.000000000000
117 0.000000000000
118 0.000000000000
119 0.000000000000
120 0.000000000000
121 0.000000000000
122 0.000000000000
123 0.000000000000
124 0.000000000000
125 0.000000000000
126 0.000000000000
127 0.000000000000
128 0.000000000000
129 0.000000000000
130 0.000000000000
131 0.000000000000
132 0.000000000000
133 0.000000000000
134 0.000000000000
135 0.000000000000
136 0.000000000000
137 -0.000000000000
138 0.000000000000
139 0.000000000000
140 0.000000000000
141 0.000000000000
142 0.000000000000
143 -0.000000000000
144 0.000000000000
145 0.000000000000
146 0.000000000000
147 -0.000000000000
148 -0.000000000000
149 -0.000000000000
150 -0.000000000000
151 -0.000000000000
152 -0.000000000000
153 0.000000000000
154 0.000000000000
155 -0.000000000000
156 -0.000000000000
157 -0.000000000000
158 -0.000000000000
159 -0.000000000000
160 0.000000000000
161 0.000000000000
162 0.000000000000
163 0.000000000000
164 0.000000000000
165 0.000000000000
166 0.000000000000
167 0.000000000000
168 0.000000000000
169 0.000000020000
170 0.000000190000
171 0.000001860000
172 0.000018070000
173 0.000175130000
174 0.001629800000

[sminus]
1 0.011552450000
2 0.011552450000
3 0.006964530000
4 0.003983770000
5 0.002197620000
6 0.001186450000
7 0.000626130000
8 0.000326410000
9 0.000169180000
10 0.000087190000
11 0.000044580000
12 0.000029080000
13 0.000015820000
14 0.000008560000
15 0.000004630000
16 0.000002500000
17 0.000001350000
18 0.000000730000
19 0.000000400000
20 0.000000210000
21 0.000000120000
22 0.000000060000
23 0.000000030000
24 0.000000020000
25 0.000000010000
26 0.000000010000
27 0.000000000000
28 0.000000000000
29 0.000000000000
30 0.000000000000
31 0.000000000000
32 0.000000000000
33 0.000000000000
34 0.000000000000
35 0.000000000000
36 0.000000000000
37 0.000000000000
38 0.000000000000
39 0.000000000000
40 0.000000000000
41 0.000000000000
42 0.000000000000
43 0.000000000000
44 0.000000000000
45 0.000000000000
46 0.000000000000
47 0.000000000000
48 0.000000000000
49 0.000000000000
50 0.000000000000
51 0.000000000000
52 0.000000000000
53 0.000000000000
54 0.000000000000
55 0.000000000000
56 0.000000000000
57 0.000000000000
58 0.000000000000
59 0.000000000000
60 0.000000000000
61 0.000000000000
62 0.000000000000
63 0.000000000000
64 0.000000000000
65 0.000000010000
66 0.000000010000
67 0.000000020000
68 0.000000050000
69 0.000000100000
70 0.000000200000
71 0.000000420000
72 0.000000870000
73 0.000001790000
74 0.000003640000
75 0.000007360000
76 0.000014830000
77 0.000029710000
78 0.000059250000
79 0.000117680000
80 0.000231230000
81 0.000453430000
82 0.000897300000
83 0.001734610000
84 0.003251710000
85 0.005842280000
86 0.009914610000
87 0.015698890000
88 0.023099340000
89 0.031756830000
90 0.041250910000
91 0.051263860000
92 0.060374110000
93 0.076123330000
94 0.087747310000
95 0.099332020000
96 0.110826460000
97 0.123920150000
98 0.136459190000
99 0.148980640000
100 0.161674500000
101 0.155918950000
102 0.179627120000
103 0.190732830000
104 0.201863330000
105 0.212945390000
106 0.229487590000
107 0.242289050000
108 0.245407730000
109 0.270924860000
110 0.276987990000
111 0.288739480000
112 0.300668130000
113 0.312597310000
114 0.324571500000
115 0.336506400000
116 0.348406670000
117 0.360458370000
118 0.373475890000
119 0.386707970000
120 0.393124140000
121 0.404796070000
122 0.416782700000
123 0.428837520000
124 0.440919980000
125 0.453091510000
126 0.465405280000
127 0.477978040000
128 0.489556500000
129 0.501389920000
130 0.513309630000
131 0.525132630000
132 0.536973570000
133 0.548778030000
134 0.560639030000
135 0.570413710000
136 0.581231110000
137 0.630984370000
138 0.660925760000
139 0.612480020000
140 1.104920540000
141 1.103343410000
142 1.101561320000
143 1.033865630000
144 0.848069030000
145 0.977674900000
146 1.169090390000
147 1.214531700000
148 1.173796300000
149 1.127807360000
150 1.081085290000
151 1.030885400000
152 0.985638380000
153 0.932810470000
154 0.709384960000
155 0.797554710000
156 0.816683880000
157 0.770100370000
158 0.723420740000
159 0.676701470000
160 0.563001670000
161 0.525507910000
162 0.488173640000
163 0.453287000000
164 0.415518230000
165 0.377995190000
166 0.340567320000
167 0.303000550000
168 0.265345600000
169 0.227510900000
170 0.189617020000
171 0.151702010000
172 0.113789630000
173 0.076015180000
174 0.039557500000

[k]
1 0.000000000000
2 0.000000000000
3 -0.028986010000
4 -0.057878350000
5 -0.086740170000
6 -0.115262900000
7 -0.140801990000
8 -0.116943170000
9 -0.087932840000
10 -0.058386410000
11 -0.028751060000
12 0.000995190000
13 0.004451790000
14 0.004247040000
15 0.004022190000
16 0.003839820000
17 0.003694880000
18 0.003582270000
19 0.003498310000
20 0.003440890000
21 0.003409630000
22 0.003404770000
23 0.003427750000
24 0.003481480000
25 0.003570800000
26 0.003703320000
27 0.003890900000
28 0.004152210000
29 0.004516200000
30 0.004939420000
31 0.001595690000
32 -0.027070380000
33 -0.055168760000
34 -0.082065960000
35 -0.104731360000
36 -0.104739530000
37 -0.087627380000
38 -0.068650620000
39 -0.051174350000
40 -0.037422990000
41 -0.028437470000
42 -0.021154400000
43 -0.007569850000
44 0.018383620000
45 0.036243970000
46 0.019055890000
47 -0.007351060000
48 -0.018716230000
49 -0.020586390000
50 -0.017822180000
51 -0.005461440000
52 0.022141060000
53 0.046885680000
54 0.063127050000
55 0.065028420000
56 0.078219380000
57 0.108068990000
58 0.140502100000
59 0.174199250000
60 0.209417950000
61 0.246514540000
62 0.285914290000
63 0.328109220000
64 0.374062740000
65 0.419303590000
66 0.420099510000
67 0.420227810000
68 0.420312780000
69 0.420368930000
70 0.420404400000
71 0.420424050000
72 0.420430720000
73 0.420426040000
74 0.420410730000
75 0.420384010000
76 0.420344380000
77 0.420289740000
78 0.420215990000
79 0.420115780000
80 0.419894760000
81 0.382245580000
82 0.336780390000
83 0.294604970000
84 0.255356140000
85 0.218531520000
86 0.183682810000
87 0.150427450000
88 0.118439220000
89 0.087437370000
90 0.057178380000
91 0.027452280000
92 -0.001918370000
93 0.000380540000
94 -0.031107300000
95 -0.062652090000
96 -0.094430570000
97 -0.126232000000
98 -0.095425080000
99 -0.063366030000
100 -0.031485450000
101 0.000336680000
102 0.000352820000
103 -0.030527910000
104 -0.061456470000
105 -0.092523740000
106 -0.122490810000
107 -0.090881010000
108 -0.059051100000
109 -0.029925350000
110 0.001443640000
111 0.006157720000
112 0.007588160000
113 0.010053180000
114 0.015104950000
115 0.030867590000
116 0.051688350000
117 0.071331800000
118 0.055730970000
119 0.027989750000
120 -0.002074110000
121 -0.003664030000
122 -0.002911030000
123 -0.002370320000
124 -0.001979450000
125 -0.001684570000
126 -0.001454400000
127 -0.001274260000
128 -0.001129250000
129 -0.001010130000
130 -0.000910880000
131 -0.000827540000
132 -0.000756720000
133 -0.000695830000
134 -0.000643030000
135 -0.000597860000
136 -0.000556220000
137 -0.000256190000
138 0.032828580000
139 -0.000369390000
140 -0.000039090000
141 0.055427550000
142 0.112181570000
143 0.171708690000
144 0.231759650000
145 0.285343420000
146 0.352451500000
147 0.271491410000
148 0.195994360000
149 0.127192020000
150 0.062589150000
151 -0.000020000000
152 0.062370980000
153 0.126789630000
154 0.194890840000
155 0.254094410000
156 0.272213630000
157 0.196221490000
158 0.127291780000
159 0.062606690000
160 -0.000086920000
161 -0.001486310000
162 -0.002120930000
163 -0.001763070000
164 0.052616260000
165 0.103566910000
166 0.083624270000
167 0.044928900000
168 0.020467480000
169 0.015143960000
170 0.014612300000
171 0.016016700000
172 0.019790090000
173 0.026981130000
174 0.030618420000

[up]
1 0.011552450000
2 0.011552450000
3 0.018402400000
4 0.027239060000
5 0.037756320000
6 0.049568820000
7 0.062440580000
8 0.073090390000
9 0.083053470000
10 0.092505370000
11 0.101479180000
12 0.105969530000
13 0.116500650000
14 0.126755330000
15 0.137008640000
16 0.147264970000
17 0.157523760000
18 0.167780150000
19 0.178037570000
20 0.188295080000
21 0.198553410000
22 0.208813600000
23 0.219076440000
24 0.229343050000
25 0.239615000000
26 0.249894590000
27 0.260185240000
28 0.270492290000
29 0.280824220000
30 0.291180800000
31 0.305723210000
32 0.323472000000
33 0.342716690000
34 0.362186500000
35 0.381021540000
36 0.393016980000
37 0.398960970000
38 0.403827070000
39 0.408836910000
40 0.414900190000
41 0.422526060000
42 0.430722700000
43 0.437623530000
44 0.451836470000
45 0.478317030000
46 0.462027400000
47 0.444091270000
48 0.437674700000
49 0.427459500000
50 0.415567830000
51 0.402189930000
52 0.396727290000
53 0.394167500000
54 0.387880760000
55 0.376995600000
56 0.359616330000
57 0.373748370000
58 0.371098260000
59 0.368033580000
60 0.364762680000
61 0.361292150000
62 0.357663420000
63 0.353827340000
64 0.350078860000
65 0.349489950000
66 0.332942440000
67 0.315890210000
68 0.298751130000
69 0.281596160000
70 0.264488750000
71 0.247461710000
72 0.230545010000
73 0.213775740000
74 0.197164310000
75 0.180679440000
76 0.164307800000
77 0.148063420000
78 0.131937500000
79 0.115922510000
80 0.100194330000
81 0.082423960000
82 0.065030430000
83 0.049478090000
84 0.035905240000
85 0.024567470000
86 0.015726280000
87 0.009423970000
88 0.005341920000
89 0.002909710000
90 0.001545620000
91 0.000808250000
92 0.000452160000
93 0.000174030000
94 0.000088960000
95 0.000045640000
96 0.000023540000
97 0.000011030000
98 0.000005060000
99 0.000002320000
100 0.000001050000
101 0.000001440000
102 0.000000350000
103 0.000000180000
104 0.000000100000
105 0.000000050000
106 0.000000020000
107 0.000000010000
108 0.000000010000
109 0.000000000000
110 0.000000000000
111 0.000000000000
112 0.000000000000
113 0.000000000000
114 0.000000000000
115 0.000000000000
116 0.000000000000
117 0.000000000000
118 0.000000000000
119 0.000000000000
120 0.000000000000
121 0.000000000000
122 0.000000000000
123 0.000000000000
124 0.000000000000
125 0.000000000000
126 0.000000000000
127 0.000000000000
128 0.000000000000
129 0.000000000000
130 0.000000000000
131 0.000000000000
132 0.000000000000
133 0.000000000000
134 0.000000000000
135 0.000000000000
136 0.000000000000
137 -0.000000000000
138 0.000000000000
139 0.000000000000
140 0.000000000000
141 0.000000000000
142 0.000000000000
143 -0.000000000000
144 0.000000000000
145 0.000000000000
146 0.000000000000
147 -0.000000000000
148 -0.000000000000
149 -0.000000000000
150 -0.000000000000
151 -0.000000000000
152 -0.000000000000
153 0.000000000000
154 0.000000000000
155 -0.000000000000
156 -0.000000000000
157 -0.000000000000
158 -0.000000000000
159 -0.000000000000
160 0.000000000000
161 0.000000000000
162 0.000000000000
163 0.000000000000
164 0.000000000000
165 0.000000000000
166 0.000000000000
167 0.000000000000
168 0.000000000000
169 0.000000020000
170 0.000000190000
171 0.000001890000
172 0.000018410000
173 0.000179660000
174 0.001677700000

[down]
1 0.011552450000
2 0.011552450000
3 0.007158330000
4 0.004205130000
5 0.002380610000
6 0.001317740000
7 0.000710760000
8 0.000363050000
9 0.000183460000
10 0.000092070000
11 0.000045810000
12 0.000029100000
13 0.000015890000
14 0.000008590000
15 0.000004650000
16 0.000002510000
17 0.000001360000
18 0.000000740000
19 0.000000400000
20 0.000000220000
21 0.000000120000
22 0.000000060000
23 0.000000030000
24 0.000000020000
25 0.000000010000
26 0.000000010000
27 0.000000000000
28 0.000000000000
29 0.000000000000
30 0.000000000000
31 0.000000000000
32 0.000000000000
33 0.000000000000
34 0.000000000000
35 0.000000000000
36 0.000000000000
37 0.000000000000
38 0.000000000000
39 0.000000000000
40 0.000000000000
41 0.000000000000
42 0.000000000000
43 0.000000000000
44 0.000000000000
45 0.000000000000
46 0.000000000000
47 0.000000000000
48 0.000000000000
49 0.000000000000
50 0.000000000000
51 0.000000000000
52 0.000000000000
53 0.000000000000
54 0.000000000000
55 0.000000000000
56 0.000000000000
57 0.000000000000
58 0.000000000000
59 0.000000000000
60 0.000000000000
61 0.000000000000
62 0.000000000000
63 0.000000000000
64 0.000000000000
65 0.000000010000
66 0.000000020000
67 0.000000030000
68 0.000000070000
69 0.000000140000
70 0.000000290000
71 0.000000590000
72 0.000001230000
73 0.000002510000
74 0.000005110000
75 0.000010340000
76 0.000020820000
77 0.000041700000
78 0.000083150000
79 0.000165140000
80 0.000324440000
81 0.000619810000
82 0.001187390000
83 0.002225180000
84 0.004048820000
85 0.007067900000
86 0.011662890000
87 0.017965950000
88 0.025725760000
89 0.034422500000
90 0.043515230000
91 0.052614890000
92 0.060485280000
93 0.076151120000
94 0.090367710000
95 0.105306440000
96 0.120873250000
97 0.138937190000
98 0.148959910000
99 0.158043280000
100 0.166561270000
101 0.155969310000
102 0.179687910000
103 0.196322610000
104 0.213772910000
105 0.231859830000
106 0.256473340000
107 0.263427660000
108 0.259319590000
109 0.278708130000
110 0.277371830000
111 0.290446040000
112 0.302858360000
113 0.315615150000
114 0.329277310000
115 0.346476930000
116 0.365694260000
117 0.385137460000
118 0.393456920000
119 0.397098760000
120 0.393906910000
121 0.406219920000
122 0.417947430000
123 0.429813330000
124 0.441757830000
125 0.453824220000
126 0.466055050000
127 0.478562680000
128 0.490087170000
129 0.501876090000
130 0.513758450000
131 0.525549780000
132 0.537363620000
133 0.549144580000
134 0.560985100000
135 0.570741110000
136 0.581541500000
137 0.631139570000
138 0.681755240000
139 0.612697270000
140 1.104961990000
141 1.162052800000
142 1.220193180000
143 1.204288460000
144 1.036755240000
145 1.245488700000
146 1.564656380000
147 1.531077040000
148 1.394651360000
149 1.265517480000
150 1.146042910000
151 1.030905200000
152 1.044654580000
153 1.046350350000
154 0.842107510000
155 0.992102730000
156 1.030103800000
157 0.915166160000
158 0.811822810000
159 0.717372860000
160 0.563048660000
161 0.526257780000
162 0.489167670000
163 0.454054260000
164 0.436506590000
165 0.415576700000
166 0.367907470000
167 0.316069470000
168 0.270559480000
169 0.230818620000
170 0.192277020000
171 0.154034670000
172 0.115951530000
173 0.077984180000
174 0.040720250000

[left]
1 0.023104910000
2 0.023104910000
3 0.022815520000
4 0.022071930000
5 0.021230880000
6 0.020832270000
7 0.021339520000
8 0.021260180000
9 0.020925650000
10 0.020670520000
11 0.021073480000
12 0.023215920000
13 0.023674440000
14 0.023698850000
15 0.023715360000
16 0.023733900000
17 0.023755100000
18 0.023779350000
19 0.023807130000
20 0.023839080000
21 0.023876190000
22 0.023919630000
23 0.023970970000
24 0.024032330000
25 0.024106690000
26 0.024198390000
27 0.024313950000
28 0.024463590000
29 0.024663590000
30 0.024904770000
31 0.023665180000
32 0.021457010000
33 0.028444010000
34 0.037168840000
35 0.045239420000
36 0.046302160000
37 0.041516700000
38 0.035743150000
39 0.030199750000
40 0.025875330000
41 0.023309330000
42 0.021593110000
43 0.020738610000
44 0.039613790000
45 0.065276810000
46 0.040968930000
47 0.020752600000
48 0.021180210000
49 0.021454520000
50 0.020894320000
51 0.021256250000
52 0.040592560000
53 0.067452220000
54 0.084168960000
55 0.084037980000
56 0.093450910000
57 0.126077150000
58 0.155062470000
59 0.182796710000
60 0.209473330000
61 0.235253240000
62 0.260314460000
63 0.284753270000
64 0.309155150000
65 0.333840930000
66 0.318404820000
67 0.302176570000
68 0.285901080000
69 0.269656220000
70 0.253507570000
71 0.237488960000
72 0.221629770000
73 0.205964830000
74 0.190503150000
75 0.175214300000
76 0.160084400000
77 0.145124200000
78 0.130322010000
79 0.115665330000
80 0.101293680000
81 0.080372240000
82 0.060990020000
83 0.046038570000
84 0.035424180000
85 0.028675320000
86 0.024813460000
87 0.022777570000
88 0.021796520000
89 0.021418550000
90 0.021449690000
91 0.021942410000
92 0.023221410000
93 0.023076220000
94 0.026663970000
95 0.033417850000
96 0.043872430000
97 0.058257480000
98 0.050836120000
99 0.041173450000
100 0.030960000000
101 0.023053990000
102 0.023043900000
103 0.032487720000
104 0.049107500000
105 0.070019400000
106 0.094777980000
107 0.076812960000
108 0.054948930000
109 0.037751910000
110 0.022745950000
111 0.021804250000
112 0.021588460000
113 0.021278280000
114 0.021280260000
115 0.024171530000
116 0.031616160000
117 0.040095010000
118 0.034876870000
119 0.024836790000
120 0.023935880000
121 0.024733270000
122 0.024393070000
123 0.024156500000
124 0.023989780000
125 0.023866140000
126 0.023770720000
127 0.023697000000
128 0.023636920000
129 0.023587930000
130 0.023547200000
131 0.023512940000
132 0.023483830000
133 0.023458720000
134 0.023436930000
135 0.023417370000
136 0.023399560000
137 0.023246930000
138 0.038947960000
139 0.023306630000
140 0.023137100000
141 0.102103810000
142 0.194416100000
143 0.268239900000
144 0.277488450000
145 0.407088530000
146 0.635205040000
147 0.518112420000
148 0.360295830000
149 0.225706500000
150 0.110987840000
151 0.023120590000
152 0.098959050000
153 0.176588010000
154 0.189026350000
155 0.280632100000
156 0.308860120000
157 0.210118820000
158 0.130408140000
159 0.065245420000
160 0.023148020000
161 0.023871410000
162 0.024161990000
163 0.023903740000
164 0.036482070000
165 0.055320200000
166 0.042874970000
167 0.026865230000
168 0.021276310000
169 0.021170740000
170 0.021305810000
171 0.021403870000
172 0.021456500000
173 0.021541280000
174 0.022105020000

[right]
1 0.023104910000
2 0.023104910000
3 0.023464890000
4 0.024656790000
5 0.027036810000
6 0.031117250000
7 0.037103150000
8 0.037042680000
9 0.034831300000
10 0.031271490000
11 0.026977620000
12 0.022996400000
13 0.022595580000
14 0.022575970000
15 0.022562810000
16 0.022548120000
17 0.022531440000
18 0.022512530000
19 0.022491070000
20 0.022466660000
21 0.022438650000
22 0.022406330000
23 0.022368770000
24 0.022324760000
25 0.022272670000
26 0.022210240000
27 0.022134310000
28 0.022040290000
29 0.021921700000
30 0.021789300000
31 0.022601530000
32 0.040136310000
33 0.067835110000
34 0.097752670000
35 0.125157950000
36 0.128947360000
37 0.112945250000
38 0.093495330000
39 0.074589620000
40 0.059319400000
41 0.049470510000
42 0.041615690000
43 0.028132530000
44 0.021223980000
45 0.027379060000
46 0.021447060000
47 0.028051200000
48 0.039253900000
49 0.040789370000
50 0.037171060000
51 0.026131540000
52 0.021453310000
53 0.028199580000
54 0.033058780000
55 0.033053280000
56 0.035901400000
57 0.045552960000
58 0.054235770000
59 0.062579940000
60 0.070638980000
61 0.078459420000
62 0.086093240000
63 0.093569200000
64 0.101061060000
65 0.108617800000
66 0.104147760000
67 0.099424420000
68 0.094668760000
69 0.089903500000
70 0.085148010000
71 0.080412530000
72 0.075706120000
73 0.071039690000
74 0.066416670000
75 0.061828960000
76 0.057273850000
77 0.052757090000
78 0.048279910000
79 0.043847900000
80 0.039521930000
81 0.033217610000
82 0.027583370000
83 0.023778780000
84 0.022047650000
85 0.022206350000
86 0.023499290000
87 0.025034310000
88 0.026166270000
89 0.026536980000
90 0.026021280000
91 0.024720690000
92 0.022991470000
93 0.023133780000
94 0.021245390000
95 0.021092780000
96 0.023201240000
97 0.027458780000
98 0.025278630000
99 0.022703750000
100 0.021032980000
101 0.023156450000
102 0.023166820000
103 0.021217120000
104 0.025163430000
105 0.032101290000
106 0.040911640000
107 0.034759030000
108 0.027294780000
109 0.022383700000
110 0.023502650000
111 0.025158080000
112 0.025879170000
113 0.027171400000
114 0.030440610000
115 0.043518160000
116 0.065053290000
117 0.087674370000
118 0.073262690000
119 0.044727030000
120 0.022440110000
121 0.022021120000
122 0.022181770000
123 0.022310000000
124 0.022409610000
125 0.022488920000
126 0.022553540000
127 0.022605650000
128 0.022649520000
129 0.022686320000
130 0.022717640000
131 0.022744490000
132 0.022767700000
133 0.022787990000
134 0.022805830000
135 0.022821980000
136 0.022836850000
137 0.022969590000
138 0.075845130000
139 0.022916340000
140 0.023073250000
141 0.192573050000
142 0.377334010000
143 0.537022860000
144 0.593334950000
145 0.837311670000
146 1.231214260000
147 0.987567260000
148 0.692522210000
149 0.436158660000
150 0.211838450000
151 0.023089340000
152 0.193519070000
153 0.361633730000
154 0.420780320000
155 0.611408860000
156 0.669597200000
157 0.458838660000
158 0.284125500000
159 0.136956260000
160 0.023062400000
161 0.022490220000
162 0.022311750000
163 0.022461650000
164 0.076343390000
165 0.127429890000
166 0.095866980000
167 0.052451740000
168 0.031586340000
169 0.027776660000
170 0.026670660000
171 0.026154520000
172 0.025901430000
173 0.025619380000
174 0.024439610000
