  0.00000000
  0.00000000
 -0.05790722
 -0.11524388
 -0.17177118
 -0.22656911
 -0.27450115
 -0.22975737
 -0.17408578
 -0.11624643
 -0.05743889
  0.00199037
  0.00890338
  0.00849391
  0.00804423
  0.00767951
  0.00738965
  0.00716443
  0.00699653
  0.00688168
  0.00681916
  0.00680944
  0.00685541
  0.00696286
  0.00714148
  0.00740651
  0.00778166
  0.00830426
  0.00903218
  0.00987854
  0.00319137
 -0.05408799
 -0.10989313
 -0.16268197
 -0.20647911
 -0.20649324
 -0.17349467
 -0.13645193
 -0.10199811
 -0.07471031
 -0.05681539
 -0.04228388
 -0.01513854
  0.03675069
  0.07236137
  0.03809335
 -0.01470106
 -0.03741500
 -0.04114953
 -0.03562927
 -0.01092245
  0.04425325
  0.09349821
  0.12558983
  0.12934154
  0.15518524
  0.21286625
  0.27394187
  0.33524904
  0.39663911
  0.45805584
  0.51944769
  0.58073434
  0.64230704
  0.69784276
  0.69877653
  0.69892692
  0.69902651
  0.69909230
  0.69913385
  0.69915689
  0.69916469
  0.69915922
  0.69914128
  0.69910997
  0.69906354
  0.69899951
  0.69891308
  0.69879562
  0.69853643
  0.65271318
  0.59276143
  0.53244862
  0.47218120
  0.41204402
  0.35206106
  0.29224111
  0.23259147
  0.17312421
  0.11386218
  0.05484950
 -0.00383672
  0.00076107
 -0.06213451
 -0.12465448
 -0.18666254
 -0.24729640
 -0.18858236
 -0.12606005
 -0.06288785
  0.00067335
  0.00070565
 -0.06098011
 -0.12229951
 -0.18297768
 -0.24024993
 -0.17979913
 -0.11755766
 -0.05977938
  0.00288728
  0.01231486
  0.01517515
  0.02010404
  0.03020135
  0.06166173
  0.10301647
  0.14172799
  0.11100396
  0.05592114
 -0.00414820
 -0.00732793
 -0.00582200
 -0.00474061
 -0.00395888
 -0.00336913
 -0.00290880
 -0.00254851
 -0.00225850
 -0.00202025
 -0.00182176
 -0.00165507
 -0.00151344
 -0.00139166
 -0.00128607
 -0.00119572
 -0.00111244
 -0.00051238
  0.06556306
 -0.00073877
 -0.00007818
  0.11040433
  0.22070819
  0.33079859
  0.43403952
  0.51858680
  0.61400902
  0.49743983
  0.37358110
  0.24910055
  0.12453056
 -0.00004000
  0.12410092
  0.24834454
  0.37166656
  0.47017719
  0.49855469
  0.37397480
  0.24928793
  0.12456509
 -0.00017384
 -0.00297262
 -0.00424184
 -0.00352613
  0.10484687
  0.20424964
  0.16571909
  0.08961711
  0.04091282
  0.03027915
  0.02921678
  0.03202315
  0.03956095
  0.05391240
  0.06116106
  0.00000000
