  3.03268765
  3.03268765
  3.03268765
  3.04362731
  3.06544878
  3.09810514
  3.14154866
  3.19592570
  3.26130288
  3.33769862
  3.42516375
  3.52380673
  3.62956393
  3.74546343
  3.87160058
  4.00797780
  4.15459519
  4.31145266
  4.47854543
  4.65587210
  4.84343001
  5.04121661
  5.24922965
  5.46746667
  5.69592492
  5.93460126
  6.18349208
  6.44259308
  6.71189897
  6.99140320
  7.28110823
  7.58626867
  7.90145301
  8.22675414
  8.56205325
  8.90719692
  9.26195254
  9.62569575
  9.99811847
 10.37919975
 10.76911237
 11.16807184
 11.57632989
 11.99549596
 12.42347415
 12.87001740
 13.31024465
 13.73901040
 14.15672386
 14.56315769
 14.95843837
 15.34476274
 15.71964339
 16.08447560
 16.43979757
 16.78639221
 17.11467458
 17.44859891
 17.77282825
 18.08701709
 18.39059254
 18.68257257
 18.96162048
 19.22602076
 19.47393013
 19.70613309
 19.91703652
 20.10586850
 20.27270570
 20.41819547
 20.54342756
 20.64980356
 20.73893523
 20.81255968
 20.87245574
 20.92037591
 20.95801266
 20.98697182
 21.00874073
 21.02467127
 21.03598921
 21.04373496
 21.04888360
 21.05221908
 21.05425925
 21.05531858
 21.05556084
 21.05504280
 21.05375169
 21.05163787
 21.04864415
 21.04473140
 21.04000341
 21.03401939
 21.02711006
 21.01955414
 21.01180928
 21.00444193
 20.99846000
 20.99386734
 20.99040876
 20.98786758
 20.98493004
 20.98179891
 20.97966036
 20.98004614
 20.98498271
 20.99700057
 21.01456736
 21.03787565
 21.06394383
 21.09100332
 21.11864867
 21.14668066
 21.17477017
 21.20224933
 21.22709285
 21.24631686
 21.25664407
 21.25929025
 21.25772378
 21.25644077
 21.25573796
 21.25553513
 21.25577481
 21.25641658
 21.25743107
 21.25879656
 21.26049319
 21.26250795
 21.26483054
 21.26745210
 21.27036607
 21.27356705
 21.27705125
 21.28080170
 21.28482145
 21.28938934
 21.29428102
 21.28552507
 21.26997943
 21.25450361
 21.17176365
 20.96762546
 20.65599071
 20.12608110
 19.24637848
 18.08860964
 16.91511632
 15.82316728
 14.82586779
 13.90395864
 13.02250429
 12.21551341
 11.64808239
 11.08217648
 10.63038316
 10.35629233
 10.20351923
 10.12204080
 10.07798473
 10.03683699
  9.99823241
  9.96191876
  9.92829978
  9.90596031
  9.89915374
  9.90172674
  9.90759182
  9.91385594
  9.91972978
  9.92484919
  9.92896491
  9.93187910
  9.93341404
