  0.00240224
  0.19763242
  0.19744722
  0.19726757
  0.19707890
  0.19693463
  0.19775612
  0.19783945
  0.19789012
  0.19790140
  0.19336624
  0.19319789
  0.19308570
  0.19302398
  0.19394741
  0.19390149
  0.19392180
  0.19431542
  0.19441874
  0.19358818
  0.19345887
  0.19338592
  0.19332725
  0.19333787
  0.19337704
  0.19339129
  0.19338947
  0.19337620
  0.19334286
  0.19327284
  0.19313781
  0.19288735
  0.19242712
  0.19158520
  0.18828522
  0.18462232
  0.17793263
  0.17071570
  0.16394162
  0.15753801
  0.15143805
  0.15175353
  0.15426429
  0.14762040
  0.15286665
  0.16089255
  0.17217572
  0.18493178
  0.19909623
  0.20474737
  0.14201596
  0.18124985
  0.18187138
  0.18225567
  0.14197273
  0.13983974
  0.18927974
  0.19496536
  0.23795325
  0.23820029
  0.23830885
  0.23823638
  0.23782092
  0.22623903
  0.19542443
  0.24985442
  0.24973506
  0.24952650
  0.24909151
  0.24833002
  0.24733639
  0.24641739
  0.24335682
  0.23779404
  0.23372000
  0.23052241
  0.22782079
  0.22544666
  0.24997261
  0.24997131
  0.24996966
  0.24996748
  0.24996446
  0.24996011
  0.24997387
  0.24997432
  0.24997462
  0.24997877
  0.24997835
  0.22915405
  0.22912192
  0.22910761
  0.22909432
  0.22908182
  0.22906995
  0.22905850
  0.22904697
  0.22903303
  0.22898402
