  0.00000000
  0.00000000
  0.00427306
  0.01730090
  0.03963187
  0.07204543
  0.09149778
  0.08112510
  0.06241794
  0.03540914
  0.00008162
  0.00049845
  0.00054062
  0.00066509
  0.00031629
  0.05913552
  0.12804288
  0.13493951
  0.07081386
  0.00088126
  0.00441826
  0.00454765
  0.05651589
  0.06138660
  0.03784589
  0.02609291
  0.02195160
  0.02001836
  0.01899277
  0.01855638
  0.01866550
  0.01946620
  0.02138106
  0.02231907
  0.01669309
  0.01194441
  0.03657777
  0.07062058
  0.10173906
  0.13051457
  0.15741397
  0.15471840
  0.14232614
  0.15446545
  0.18733479
  0.17084053
  0.14347551
  0.11348527
  0.07987329
  0.03975743
  0.00003317
  0.00004195
  0.02819912
  0.05497359
  0.06250069
  0.05612346
  0.05455459
  0.02700664
  0.00001444
  0.12735837
  0.24019695
  0.34115851
  0.43235182
  0.49073342
  0.47562207
  0.56540092
  0.49890803
  0.43327197
  0.36837636
  0.30433024
  0.24155422
  0.18048646
  0.09840610
  0.03845864
  0.00372999
  0.00405108
  0.00468292
  0.00100910
  0.00000138
  0.03937743
  0.09772635
  0.17794191
  0.28482502
  0.42613856
  0.47618952
  0.39846966
  0.31440503
  0.19765606
  0.08855161
  0.00000394
  0.00003648
  0.00003512
  0.00003396
  0.00003281
  0.00003168
  0.00003057
  0.00002936
  0.00002861
  0.00004694
