task_id 5

[x]
1 5.000000000000
2 5.000000000000
3 5.000000000000
4 5.015811940000
5 5.047321630000
6 5.094091780000
7 5.155071370000
8 5.228583020000
9 5.312248470000
10 5.405082990000
11 5.506933670000
12 5.616240220000
13 5.737352090000
14 5.870409110000
15 6.015469810000
16 6.173397950000
17 6.343418300000
18 6.518202950000
19 6.687947860000
20 6.849106540000
21 7.008257020000
22 7.176531000000
23 7.356059960000
24 7.547174090000
25 7.737046570000
26 7.923840040000
27 8.111190770000
28 8.300898620000
29 8.493423380000
30 8.688825930000
31 8.886987630000
32 9.087643840000
33 9.290351290000
34 9.494385170000
35 9.698522410000
36 9.899514210000
37 10.118359300000
38 10.342319510000
39 10.589543170000
40 10.885850200000
41 11.249139610000
42 11.688988090000
43 12.227592560000
44 12.851255280000
45 13.490163510000
46 14.180982040000
47 14.919317060000
48 15.689024650000
49 16.471271720000
50 17.255782450000
51 18.005485660000
52 18.495014620000
53 19.102809260000
54 19.690947050000
55 20.248891720000
56 20.651664280000
57 21.017994370000
58 21.475049070000
59 21.901307190000
60 22.382398980000
61 22.834383180000
62 23.273493400000
63 23.709179120000
64 24.143782810000
65 24.553627770000
66 24.897865990000
67 25.316855220000
68 25.692945260000
69 26.016068280000
70 26.282727330000
71 26.494076070000
72 26.654212390000
73 26.768566410000
74 26.841681370000
75 26.878571430000
76 26.883472520000
77 26.858338470000
78 26.804083830000
79 26.721363960000
80 26.597931230000
81 26.439430830000
82 26.248163520000
83 26.029160500000
84 25.791789390000
85 25.552451530000
86 25.339003680000
87 25.175521810000
88 25.066473770000
89 25.015709820000
90 25.001227380000
91 25.001032730000
92 25.000856380000
93 25.000689230000
94 25.000534080000
95 25.000393590000
96 25.000270360000
97 25.000166930000
98 25.000085790000
99 25.000029370000
100 25.000000000000

[y]
1 5.000000000000
2 5.000000000000
3 5.000000000000
4 5.024625640000
5 5.073854470000
6 5.147865250000
7 5.247241170000
8 5.373715890000
9 5.528204960000
10 5.711086680000
11 5.922286550000
12 6.155777680000
13 6.414426950000
14 6.698189070000
15 7.007081610000
16 7.342751760000
17 7.703804100000
18 8.093745690000
19 8.517458130000
20 8.974924090000
21 9.460694260000
22 9.972670440000
23 10.510259600000
24 11.073350180000
25 11.666397770000
26 12.289881630000
27 12.942477090000
28 13.623544580000
29 14.332870890000
30 15.070320510000
31 15.835726990000
32 16.628816370000
33 17.449091500000
34 18.295611700000
35 19.166596520000
36 20.050236340000
37 20.938270300000
38 21.799237090000
39 22.616177570000
40 23.380401750000
41 24.079251910000
42 24.695518930000
43 25.229909840000
44 25.670388790000
45 25.988310200000
46 26.198567320000
47 26.268027180000
48 26.198490700000
49 26.003295730000
50 25.701991750000
51 25.337365300000
52 25.072806390000
53 24.744341350000
54 24.426508780000
55 24.102738760000
56 23.835981040000
57 23.556191030000
58 23.161213530000
59 22.746734670000
60 22.250925490000
61 21.785100720000
62 21.366323430000
63 21.008127350000
64 20.721604280000
65 20.524329470000
66 20.419856290000
67 20.359458980000
68 20.372665400000
69 20.436007320000
70 20.528011870000
71 20.630372910000
72 20.728535380000
73 20.811740220000
74 20.871908800000
75 20.904347930000
76 20.908770920000
77 20.886031070000
78 20.837365470000
79 20.763887860000
80 20.654471840000
81 20.513970600000
82 20.339825030000
83 20.126787110000
84 19.866346000000
85 19.546804800000
86 19.155065770000
87 18.689986830000
88 18.161287770000
89 17.640593850000
90 17.164503690000
91 16.770827570000
92 16.416579780000
93 16.101720440000
94 15.826241660000
95 15.590136300000
96 15.393397710000
97 15.236019760000
98 15.117996800000
99 15.039323890000
100 15.000000000000

[theta]
1 1.000000000000
2 1.000000000000
3 1.000000000000
4 1.001436500000
5 1.007224250000
6 1.020418270000
7 1.044287830000
8 1.074453820000
9 1.101071030000
10 1.121452110000
11 1.132958920000
12 1.132871060000
13 1.132334520000
14 1.131752590000
15 1.131036670000
16 1.130696200000
17 1.149412690000
18 1.189758170000
19 1.232082500000
20 1.254194480000
21 1.253245860000
22 1.248489940000
23 1.243594720000
24 1.260945140000
25 1.279710030000
26 1.291229330000
27 1.299137520000
28 1.305762430000
29 1.311778490000
30 1.317462500000
31 1.322992960000
32 1.328533330000
33 1.334288430000
34 1.340585610000
35 1.347135910000
36 1.329167040000
37 1.316309750000
38 1.276936480000
39 1.200918620000
40 1.091404000000
41 0.950914670000
42 0.781470130000
43 0.614926780000
44 0.461723240000
45 0.295452560000
46 0.093800470000
47 -0.090096760000
48 -0.244537560000
49 -0.366696080000
50 -0.452673800000
51 -0.495469730000
52 -0.495459500000
53 -0.495446810000
54 -0.525801080000
55 -0.584976110000
56 -0.652253510000
57 -0.712666290000
58 -0.771390280000
59 -0.800460940000
60 -0.800476490000
61 -0.761701280000
62 -0.688097860000
63 -0.582867420000
64 -0.448608200000
65 -0.294649040000
66 -0.143170240000
67 0.035096470000
68 0.193572590000
69 0.332235820000
70 0.451027020000
71 0.549918520000
72 0.629015120000
73 0.688567650000
74 0.721289580000
75 0.734175440000
76 0.735434160000
77 0.731151590000
78 0.726301010000
79 0.725275820000
80 0.725274460000
81 0.738577640000
82 0.771593300000
83 0.831708820000
84 0.927933480000
85 1.071899210000
86 1.232774050000
87 1.367392180000
88 1.473610090000
89 1.540385790000
90 1.570301870000
91 1.570298380000
92 1.570265400000
93 1.570233070000
94 1.570201240000
95 1.570169910000
96 1.570139070000
97 1.570108740000
98 1.570079030000
99 1.570049480000
100 1.570000000000

[v]
1 0.000000000000
2 0.000000000000
3 0.148217980000
4 0.296296860000
5 0.444240770000
6 0.592042960000
7 0.739736710000
8 0.888046330000
9 1.036418170000
10 1.184827700000
11 1.333245370000
12 1.478261290000
13 1.623150560000
14 1.767955260000
15 1.912713200000
16 2.058163200000
17 2.203578230000
18 2.349007890000
19 2.494732110000
20 2.640533070000
21 2.785710270000
22 2.930789530000
23 3.075812980000
24 3.220791160000
25 3.365775850000
26 3.510788170000
27 3.655809090000
28 3.800826090000
29 3.945829920000
30 4.090804590000
31 4.235721180000
32 4.380528690000
33 4.525136610000
34 4.669379740000
35 4.812951560000
36 4.953909970000
37 4.999753140000
38 4.999709320000
39 4.999684520000
40 4.999657970000
41 4.999627500000
42 4.999741020000
43 4.949485250000
44 4.834258010000
45 4.723768580000
46 4.609256140000
47 4.488683600000
48 4.359624510000
49 4.220982510000
50 4.071706040000
51 3.918184440000
52 3.811708140000
53 3.675802980000
54 3.539428370000
55 3.402762440000
56 3.296307540000
57 3.191451150000
58 3.049512440000
59 2.903307770000
60 2.724860370000
61 2.546226170000
62 2.367509190000
63 2.188845280000
64 2.010491740000
65 1.840823620000
66 1.694265980000
67 1.506884620000
68 1.319591880000
69 1.132454870000
70 0.945643510000
71 0.759402800000
72 0.573906890000
73 0.389099900000
74 0.206588150000
75 0.028248440000
76 -0.147035680000
77 -0.319921460000
78 -0.490780770000
79 -0.659859120000
80 -0.847331460000
81 -1.034802130000
82 -1.222270560000
83 -1.409735840000
84 -1.597196400000
85 -1.784649180000
86 -1.972102860000
87 -2.159529530000
88 -2.092827660000
89 -1.905406080000
90 -1.717953740000
91 -1.546110220000
92 -1.374285710000
93 -1.202468760000
94 -1.030659590000
95 -0.858858230000
96 -0.687064560000
97 -0.515278540000
98 -0.343500400000
99 -0.171732090000
100 0.000000000000

[a]
1 0.000000000000
2 0.749967600000
3 0.749966580000
4 0.749965500000
5 0.749964390000
6 0.749963280000
7 0.749961840000
8 0.749960340000
9 0.749958670000
10 0.749956760000
11 0.749956030000
12 0.749953850000
13 0.749951520000
14 0.749949050000
15 0.749945320000
16 0.749942610000
17 0.749939670000
18 0.749935860000
19 0.749931830000
20 0.749928610000
21 0.749923470000
22 0.749917460000
23 0.749910950000
24 0.749903290000
25 0.749894210000
26 0.749883310000
27 0.749869990000
28 0.749853260000
29 0.749831620000
30 0.749802520000
31 0.749761380000
32 0.749699030000
33 0.749594210000
34 0.749381150000
35 0.748655620000
36 0.248297160000
37 -0.000245280000
38 -0.000144750000
39 -0.000161690000
40 -0.000193320000
41 0.000749540000
42 -0.331156150000
43 -0.746941060000
44 -0.748438260000
45 -0.749102060000
46 -0.749398040000
47 -0.749578570000
48 -0.749694010000
49 -0.749772220000
50 -0.749805060000
51 -0.749753250000
52 -0.749820670000
53 -0.749840330000
54 -0.749858670000
55 -0.749822140000
56 -0.749828250000
57 -0.749891820000
58 -0.749901870000
59 -0.749925800000
60 -0.749932560000
61 -0.749938460000
62 -0.749943840000
63 -0.749948880000
64 -0.749950660000
65 -0.749943490000
66 -0.749962500000
67 -0.749965970000
68 -0.749968800000
69 -0.749971080000
70 -0.749972890000
71 -0.749974320000
72 -0.749975540000
73 -0.749975720000
74 -0.749975130000
75 -0.749974390000
76 -0.749973350000
77 -0.749971920000
78 -0.749969910000
79 -0.749971540000
80 -0.749968780000
81 -0.749964760000
82 -0.749958710000
83 -0.749948930000
84 -0.749930870000
85 -0.749893190000
86 -0.749783900000
87 0.266831290000
88 0.749750170000
89 0.749874380000
90 0.749903860000
91 0.749926100000
92 0.749939950000
93 0.749949440000
94 0.749956340000
95 0.749961590000
96 0.749965720000
97 0.749969050000
98 0.749971810000
99 0.749974130000
100 0.000000000000

[phy]
1 0.000000000000
2 0.000000000000
3 0.097857010000
4 0.195510390000
5 0.292740970000
6 0.388621660000
7 0.391164190000
8 0.294207410000
9 0.196190130000
10 0.097834340000
11 -0.000679200000
12 -0.003748150000
13 -0.003703860000
14 -0.004186780000
15 -0.001836180000
16 0.093523860000
17 0.186631960000
18 0.183365940000
19 0.090926490000
20 -0.003710600000
21 -0.017647230000
22 -0.017272230000
23 0.058289700000
24 0.060196090000
25 0.035382070000
26 0.023291100000
27 0.018739100000
28 0.016369350000
29 0.014900490000
30 0.013989660000
31 0.013545200000
32 0.013623190000
33 0.014463820000
34 0.014641660000
35 -0.039630910000
36 -0.028096720000
37 -0.088286180000
38 -0.176276940000
39 -0.261119780000
40 -0.342663890000
41 -0.420852320000
42 -0.413672600000
43 -0.381630920000
44 -0.436051650000
45 -0.509354510000
46 -0.460403510000
47 -0.380221880000
48 -0.294239120000
49 -0.201829310000
50 -0.102314760000
51 0.000036230000
52 0.000037010000
53 -0.090561550000
54 -0.181447600000
55 -0.271633250000
56 -0.256346990000
57 -0.192041980000
58 -0.097481630000
59 -0.000045220000
60 0.118916940000
61 0.238001950000
62 0.357138860000
63 0.476233500000
64 0.595097780000
65 0.699917800000
66 0.699968120000
67 0.699970850000
68 0.699971570000
69 0.699970420000
70 0.699967230000
71 0.699961180000
72 0.699949450000
73 0.604772390000
74 0.483176200000
75 0.364336150000
76 0.247530910000
77 0.132335050000
78 0.018533200000
79 0.000016800000
80 -0.124960110000
81 -0.249934800000
82 -0.374905950000
83 -0.499870460000
84 -0.624816770000
85 -0.624828540000
86 -0.499878850000
87 -0.374912050000
88 -0.249939240000
89 -0.124961480000
90 0.000017750000
91 0.000186130000
92 0.000205260000
93 0.000231060000
94 0.000265350000
95 0.000313340000
96 0.000385190000
97 0.000502920000
98 0.000749760000
99 0.002514070000
100 0.000000000000

[w]
1 0.000000000000
2 0.495137230000
3 0.494571720000
4 0.492879590000
5 0.486502310000
6 0.012912060000
7 -0.490268060000
8 -0.495427660000
9 -0.497013390000
10 -0.497782860000
11 -0.015821630000
12 0.000232850000
13 -0.002506870000
14 0.012146020000
15 0.491677670000
16 0.480180840000
17 -0.016841180000
18 -0.475711660000
19 -0.486764580000
20 -0.071990200000
21 0.001934550000
22 0.390729150000
23 0.009859170000
24 -0.128345610000
25 -0.062525380000
26 -0.023538030000
27 -0.012254060000
28 -0.007596050000
29 -0.004710930000
30 -0.002299720000
31 0.000402930000
32 0.004353600000
33 0.000910160000
34 -0.283307000000
35 0.061268270000
36 -0.326049040000
37 -0.494518570000
38 -0.496984870000
39 -0.497398420000
40 -0.496315030000
41 0.047405040000
42 0.211139240000
43 -0.352757150000
44 -0.496591740000
45 0.320218270000
46 0.498355400000
47 0.499390530000
48 0.499697790000
49 0.499832510000
50 0.499886850000
51 0.000005220000
52 -0.499853500000
53 -0.499726180000
54 -0.494833940000
55 0.107658610000
56 0.459848990000
57 0.499591230000
58 0.499765030000
59 0.499938910000
60 0.499936300000
61 0.499926470000
62 0.499901100000
63 0.499805800000
64 0.463314740000
65 0.000265140000
66 0.000010810000
67 0.000002830000
68 -0.000004580000
69 -0.000012700000
70 -0.000024160000
71 -0.000047230000
72 -0.386251160000
73 -0.499659800000
74 -0.499756890000
75 -0.499761860000
76 -0.499711880000
77 -0.499516280000
78 -0.082135970000
79 -0.499962450000
80 -0.499956180000
81 -0.499945300000
82 -0.499923160000
83 -0.499856430000
84 -0.000047000000
85 0.499851080000
86 0.499918610000
87 0.499942040000
88 0.499953510000
89 0.499960280000
90 0.000735110000
91 0.000083530000
92 0.000112620000
93 0.000149740000
94 0.000209560000
95 0.000313740000
96 0.000514020000
97 0.001077480000
98 0.007702320000
99 -0.010974270000
100 0.000000000000

[dt]
1 0.002402240000
2 0.197632420000
3 0.197447220000
4 0.197267570000
5 0.197078900000
6 0.196934630000
7 0.197756120000
8 0.197839450000
9 0.197890120000
10 0.197901400000
11 0.193366240000
12 0.193197890000
13 0.193085700000
14 0.193023980000
15 0.193947410000
16 0.193901490000
17 0.193921800000
18 0.194315420000
19 0.194418740000
20 0.193588180000
21 0.193458870000
22 0.193385920000
23 0.193327250000
24 0.193337870000
25 0.193377040000
26 0.193391290000
27 0.193389470000
28 0.193376200000
29 0.193342860000
30 0.193272840000
31 0.193137810000
32 0.192887350000
33 0.192427120000
34 0.191585200000
35 0.188285220000
36 0.184622320000
37 0.177932630000
38 0.170715700000
39 0.163941620000
40 0.157538010000
41 0.151438050000
42 0.151753530000
43 0.154264290000
44 0.147620400000
45 0.152866650000
46 0.160892550000
47 0.172175720000
48 0.184931780000
49 0.199096230000
50 0.204747370000
51 0.142015960000
52 0.181249850000
53 0.181871380000
54 0.182255670000
55 0.141972730000
56 0.139839740000
57 0.189279740000
58 0.194965360000
59 0.237953250000
60 0.238200290000
61 0.238308850000
62 0.238236380000
63 0.237820920000
64 0.226239030000
65 0.195424430000
66 0.249854420000
67 0.249735060000
68 0.249526500000
69 0.249091510000
70 0.248330020000
71 0.247336390000
72 0.246417390000
73 0.243356820000
74 0.237794040000
75 0.233720000000
76 0.230522410000
77 0.227820790000
78 0.225446660000
79 0.249972610000
80 0.249971310000
81 0.249969660000
82 0.249967480000
83 0.249964460000
84 0.249960110000
85 0.249973870000
86 0.249974320000
87 0.249974620000
88 0.249978770000
89 0.249978350000
90 0.229154050000
91 0.229121920000
92 0.229107610000
93 0.229094320000
94 0.229081820000
95 0.229069950000
96 0.229058500000
97 0.229046970000
98 0.229033030000
99 0.228984020000

[s]
1 0.000000000000
2 0.000000000000
3 0.029264990000
4 0.058449450000
5 0.087550220000
6 0.116593670000
7 0.146286770000
8 0.175689440000
9 0.205095020000
10 0.234475900000
11 0.257810060000
12 0.285600290000
13 0.313408850000
14 0.341258250000
15 0.370965890000
16 0.399080970000
17 0.427321860000
18 0.456448570000
19 0.485022570000
20 0.511176260000
21 0.538920450000
22 0.566773410000
23 0.594638440000
24 0.622700890000
25 0.650863770000
26 0.678955880000
27 0.706995040000
28 0.734989380000
29 0.762898130000
30 0.790641530000
31 0.818078080000
32 0.844948810000
33 0.870759290000
34 0.894584250000
35 0.906207560000
36 0.914601350000
37 0.889619010000
38 0.853528720000
39 0.819656290000
40 0.787636170000
41 0.757133880000
42 0.758728020000
43 0.763529220000
44 0.713636930000
45 0.722106480000
46 0.741594970000
47 0.772842210000
48 0.806232930000
49 0.840381520000
50 0.833670930000
51 0.556444080000
52 0.690871630000
53 0.668523450000
54 0.645080830000
55 0.483099800000
56 0.460955730000
57 0.604074660000
58 0.594549060000
59 0.690851470000
60 0.649062550000
61 0.606788240000
62 0.564026830000
63 0.520553200000
64 0.454851720000
65 0.359742270000
66 0.423319060000
67 0.376321410000
68 0.329272780000
69 0.282084850000
70 0.234832000000
71 0.187828410000
72 0.141420960000
73 0.094689250000
74 0.049124060000
75 0.006601780000
76 -0.033894260000
77 -0.072882820000
78 -0.110641470000
79 -0.164946960000
80 -0.211808810000
81 -0.258669400000
82 -0.305528160000
83 -0.352384130000
84 -0.399235670000
85 -0.446115860000
86 -0.492975240000
87 -0.539827730000
88 -0.523162440000
89 -0.476310240000
90 -0.393676060000
91 -0.354247740000
92 -0.314859320000
93 -0.275478770000
94 -0.236105380000
95 -0.196738610000
96 -0.157377980000
97 -0.118022990000
98 -0.078672930000
99 -0.039323900000

[splus]
1 0.000000000000
2 0.000000000000
3 0.029264990000
4 0.058449450000
5 0.087550220000
6 0.116593670000
7 0.146286770000
8 0.175689440000
9 0.205095020000
10 0.234475900000
11 0.257810060000
12 0.285600290000
13 0.313408850000
14 0.341258250000
15 0.370965890000
16 0.399080970000
17 0.427321860000
18 0.456448570000
19 0.485022570000
20 0.511176260000
21 0.538920450000
22 0.566773410000
23 0.594638440000
24 0.622700890000
25 0.650863770000
26 0.678955880000
27 0.706995040000
28 0.734989380000
29 0.762898130000
30 0.790641530000
31 0.818078080000
32 0.844948810000
33 0.870759290000
34 0.894584250000
35 0.906207560000
36 0.914601350000
37 0.889619010000
38 0.853528720000
39 0.819656290000
40 0.787636170000
41 0.757133880000
42 0.758728020000
43 0.763529220000
44 0.713636930000
45 0.722106480000
46 0.741594970000
47 0.772842210000
48 0.806232930000
49 0.840381520000
50 0.833670930000
51 0.556444080000
52 0.690871630000
53 0.668523450000
54 0.645080830000
55 0.483099800000
56 0.460955730000
57 0.604074660000
58 0.594549060000
59 0.690851470000
60 0.649062550000
61 0.606788240000
62 0.564026830000
63 0.520553200000
64 0.454851720000
65 0.359742270000
66 0.423319060000
67 0.376321410000
68 0.329272780000
69 0.282084850000
70 0.234832000000
71 0.187828410000
72 0.141420960000
73 0.094689250000
74 0.049124060000
75 0.006601780000
76 0.000000000000
77 0.000000000000
78 0.000000000000
79 0.000000000000
80 0.000000000000
81 0.000000000000
82 0.000000000000
83 0.000000000000
84 0.000000000000
85 0.000000000000
86 0.000000000000
87 0.000000000000
88 0.000000000000
89 0.000000000000
90 0.000000000000
91 0.000000000000
92 0.000000000000
93 0.000000000000
94 0.000000000000
95 0.000000000000
96 0.000000000000
97 0.000000000000
98 0.000000000000
99 0.000000000000

[sminus]
1 0.000000000000
2 0.000000000000
3 0.000000000000
4 0.000000000000
5 0.000000000000
6 0.000000000000
7 0.000000000000
8 0.000000000000
9 0.000000000000
10 0.000000000000
11 0.000000000000
12 0.000000000000
13 0.000000000000
14 0.000000000000
15 0.000000000000
16 0.000000000000
17 0.000000000000
18 0.000000000000
19 0.000000000000
20 0.000000000000
21 0.000000000000
22 0.000000000000
23 0.000000000000
24 0.000000000000
25 0.000000000000
26 0.000000000000
27 0.000000000000
28 0.000000000000
29 0.000000000000
30 0.000000000000
31 0.000000000000
32 0.000000000000
33 0.000000000000
34 0.000000000000
35 0.000000000000
36 0.000000000000
37 0.000000000000
38 0.000000000000
39 0.000000000000
40 0.000000000000
41 0.000000000000
42 0.000000000000
43 0.000000000000
44 0.000000000000
45 0.000000000000
46 0.000000000000
47 0.000000000000
48 0.000000000000
49 0.000000000000
50 0.000000000000
51 0.000000000000
52 0.000000000000
53 0.000000000000
54 0.000000000000
55 0.000000000000
56 0.000000000000
57 0.000000000000
58 0.000000000000
59 0.000000000000
60 0.000000000000
61 0.000000000000
62 0.000000000000
63 0.000000000000
64 0.000000000000
65 0.000000000000
66 0.000000000000
67 0.000000000000
68 0.000000000000
69 0.000000000000
70 0.000000000000
71 0.000000000000
72 0.000000000000
73 0.000000000000
74 0.000000000000
75 0.000000000000
76 0.033894260000
77 0.072882820000
78 0.110641470000
79 0.164946960000
80 0.211808810000
81 0.258669400000
82 0.305528160000
83 0.352384130000
84 0.399235670000
85 0.446115860000
86 0.492975240000
87 0.539827730000
88 0.523162440000
89 0.476310240000
90 0.393676060000
91 0.354247740000
92 0.314859320000
93 0.275478770000
94 0.236105380000
95 0.196738610000
96 0.157377980000
97 0.118022990000
98 0.078672930000
99 0.039323900000

[k]
1 0.000000000000
2 0.000000000000
3 0.049085280000
4 0.099020040000
5 0.150699910000
6 0.204721170000
7 0.206207800000
8 0.151500300000
9 0.099373320000
10 0.049073840000
11 -0.000339600000
12 -0.001874080000
13 -0.001851930000
14 -0.002093400000
15 -0.000918090000
16 0.046898720000
17 0.094414620000
18 0.092724500000
19 0.045588950000
20 -0.001855310000
21 -0.008824530000
22 -0.008636970000
23 0.029177890000
24 0.030134400000
25 0.017698380000
26 0.011647630000
27 0.009370640000
28 0.008185400000
29 0.007450790000
30 0.006995280000
31 0.006773010000
32 0.006812010000
33 0.007232410000
34 0.007321350000
35 -0.019825750000
36 -0.014051940000
37 -0.044258120000
38 -0.089062880000
39 -0.133610460000
40 -0.178368410000
41 -0.223797330000
42 -0.219501670000
43 -0.200652270000
44 -0.232982200000
45 -0.279255700000
46 -0.247975490000
47 -0.199834990000
48 -0.151517640000
49 -0.102307600000
50 -0.051336620000
51 0.000018120000
52 0.000018510000
53 -0.045404970000
54 -0.091732730000
55 -0.139258500000
56 -0.131056800000
57 -0.097218910000
58 -0.048895790000
59 -0.000022610000
60 0.059740340000
61 0.121300010000
62 0.186569930000
63 0.257916420000
64 0.338482060000
65 0.421073880000
66 0.421116940000
67 0.421119270000
68 0.421119880000
69 0.421118900000
70 0.421116170000
71 0.421111000000
72 0.421100970000
73 0.345580940000
74 0.262326000000
75 0.190680190000
76 0.126356590000
77 0.066556480000
78 0.009267660000
79 0.000008400000
80 -0.062807310000
81 -0.127636230000
82 -0.196758960000
83 -0.273067110000
84 -0.360602790000
85 -0.360611760000
86 -0.273072560000
87 -0.196762490000
88 -0.127638600000
89 -0.062808010000
90 0.000008880000
91 0.000093060000
92 0.000102630000
93 0.000115530000
94 0.000132680000
95 0.000156670000
96 0.000192590000
97 0.000251460000
98 0.000374880000
99 0.001257010000

[up]
1 0.000000000000
2 0.000000000000
3 0.030644030000
4 0.064005700000
5 0.100216480000
6 0.139508450000
7 0.175246130000
8 0.201241970000
9 0.224660860000
10 0.245522440000
11 0.257894410000
12 0.286115370000
13 0.313967520000
14 0.341945540000
15 0.371292730000
16 0.417048790000
17 0.466053520000
18 0.497079940000
19 0.506250060000
20 0.512086940000
21 0.543486140000
22 0.571472820000
23 0.611294840000
24 0.640715190000
25 0.661922290000
26 0.686547750000
27 0.713354960000
28 0.740764800000
29 0.768354780000
30 0.795950780000
31 0.823396830000
32 0.850473720000
33 0.876804580000
34 0.900872530000
35 0.923457690000
36 0.926944330000
37 0.927417350000
38 0.926505850000
39 0.924790300000
40 0.922505900000
41 0.919800630000
42 0.918609250000
43 0.910604680000
44 0.873256760000
45 0.915692490000
46 0.918136320000
47 0.921105380000
48 0.923505110000
49 0.922920120000
50 0.874755030000
51 0.556453900000
52 0.690883820000
53 0.697663550000
54 0.701888850000
55 0.547686080000
56 0.518951990000
57 0.660449680000
58 0.622456890000
59 0.690866390000
60 0.686286750000
61 0.677447510000
62 0.665048060000
63 0.649442050000
64 0.602652520000
65 0.505161940000
66 0.594455100000
67 0.528458480000
68 0.462389490000
69 0.396124390000
70 0.329767840000
71 0.263761150000
72 0.198591390000
73 0.126102330000
74 0.061494500000
75 0.007810160000
76 0.000000000000
77 0.000000000000
78 0.000000000000
79 0.000000000000
80 0.000000000000
81 0.000000000000
82 0.000000000000
83 0.000000000000
84 0.000000000000
85 0.000000000000
86 0.000000000000
87 0.000000000000
88 0.000000000000
89 0.000000000000
90 0.000000000000
91 0.000000000000
92 0.000000000000
93 0.000000000000
94 0.000000000000
95 0.000000000000
96 0.000000000000
97 0.000000000000
98 0.000000000000
99 0.000000000000

[down]
1 0.000000000000
2 0.000000000000
3 -0.000000000000
4 0.000000000000
5 0.000000000000
6 0.000000000000
7 0.000000000000
8 0.000000000000
9 0.000000000000
10 0.000000000000
11 0.000000000000
12 0.000000000000
13 0.000000000000
14 0.000000000000
15 0.000000000000
16 0.000000000000
17 0.000000000000
18 0.000000000000
19 0.000000000000
20 0.000000000000
21 0.000000000000
22 0.000000000000
23 0.000000000000
24 0.000000000000
25 0.000000000000
26 0.000000000000
27 0.000000000000
28 0.000000000000
29 0.000000000000
30 -0.000000000000
31 0.000000000000
32 0.000000000000
33 0.000000000000
34 0.000000000000
35 0.000000000000
36 0.000000000000
37 0.000000000000
38 0.000000000000
39 0.000000000000
40 0.000000000000
41 0.000000000000
42 0.000000000000
43 0.000000000000
44 0.000000000000
45 0.000000000000
46 0.000000000000
47 0.000000000000
48 0.000000000000
49 0.000000000000
50 0.000000000000
51 0.000000000000
52 -0.000000000000
53 0.000000000000
54 0.000000000000
55 0.000000000000
56 0.000000000000
57 0.000000000000
58 0.000000000000
59 0.000000000000
60 0.000000000000
61 0.000000000000
62 0.000000000000
63 0.000000000000
64 0.000000000000
65 0.000000000000
66 0.000000000000
67 0.000000000000
68 0.000000000000
69 0.000000000000
70 0.000000000000
71 0.000000000000
72 0.000000000000
73 0.000000000000
74 0.000000000000
75 0.000000000000
76 0.038005530000
77 0.077539370000
78 0.111625650000
79 0.164948270000
80 0.224579860000
81 0.290364430000
82 0.363239050000
83 0.444759820000
84 0.537442770000
85 0.600555700000
86 0.622208650000
87 0.641796930000
88 0.587267110000
89 0.505029680000
90 0.393679420000
91 0.354279400000
92 0.314890350000
93 0.275509330000
94 0.236135460000
95 0.196768210000
96 0.157407100000
97 0.118051510000
98 0.078701290000
99 0.039371400000

[left]
1 0.000000000000
2 0.000000000000
3 0.004273060000
4 0.017300900000
5 0.039631870000
6 0.072045430000
7 0.091497780000
8 0.081125100000
9 0.062417940000
10 0.035409140000
11 0.000081620000
12 0.000498450000
13 0.000540620000
14 0.000665090000
15 0.000316290000
16 0.059135520000
17 0.128042880000
18 0.134939510000
19 0.070813860000
20 0.000881260000
21 0.004418260000
22 0.004547650000
23 0.056515890000
24 0.061386600000
25 0.037845890000
26 0.026092910000
27 0.021951600000
28 0.020018360000
29 0.018992770000
30 0.018556380000
31 0.018665500000
32 0.019466200000
33 0.021381060000
34 0.022319070000
35 0.016693090000
36 0.011944410000
37 0.036577770000
38 0.070620580000
39 0.101739060000
40 0.130514570000
41 0.157413970000
42 0.154718400000
43 0.142326140000
44 0.154465450000
45 0.187334790000
46 0.170840530000
47 0.143475510000
48 0.113485270000
49 0.079873290000
50 0.039757430000
51 0.000033170000
52 0.000041950000
53 0.028199120000
54 0.054973590000
55 0.062500690000
56 0.056123460000
57 0.054554590000
58 0.027006640000
59 0.000014440000
60 0.127358370000
61 0.240196950000
62 0.341158510000
63 0.432351820000
64 0.490733420000
65 0.475622070000
66 0.565400920000
67 0.498908030000
68 0.433271970000
69 0.368376360000
70 0.304330240000
71 0.241554220000
72 0.180486460000
73 0.098406100000
74 0.038458640000
75 0.003729990000
76 0.004051080000
77 0.004682920000
78 0.001009100000
79 0.000001380000
80 0.039377430000
81 0.097726350000
82 0.177941910000
83 0.284825020000
84 0.426138560000
85 0.476189520000
86 0.398469660000
87 0.314405030000
88 0.197656060000
89 0.088551610000
90 0.000003940000
91 0.000036480000
92 0.000035120000
93 0.000033960000
94 0.000032810000
95 0.000031680000
96 0.000030570000
97 0.000029360000
98 0.000028610000
99 0.000046940000

[right]
1 0.000000000000
2 0.000000000000
3 0.001334510000
4 0.005376820000
5 0.012257250000
6 0.022174820000
7 0.028024210000
8 0.024727400000
9 0.018934020000
10 0.010689830000
11 0.000271440000
12 0.001664960000
13 0.001813970000
14 0.002241550000
15 0.001070910000
16 0.017387620000
17 0.037480950000
18 0.039319310000
19 0.020542030000
20 0.003050420000
21 0.015359140000
22 0.015877070000
23 0.016118540000
24 0.017432590000
25 0.010701430000
26 0.007346710000
27 0.006154540000
28 0.005588920000
29 0.005280450000
30 0.005137800000
31 0.005147000000
32 0.005346490000
33 0.005850080000
34 0.006085230000
35 0.061330790000
36 0.043939510000
37 0.134058650000
38 0.257454550000
39 0.369045340000
40 0.471175530000
41 0.565701920000
42 0.556147660000
43 0.511970230000
44 0.551487850000
45 0.669697160000
46 0.612524370000
47 0.516823870000
48 0.410833230000
49 0.290620980000
50 0.144513040000
51 0.000009500000
52 0.000011800000
53 0.099994930000
54 0.194244380000
55 0.215391620000
56 0.192745310000
57 0.191557550000
58 0.094690950000
59 0.000051340000
60 0.036022170000
61 0.068377570000
62 0.097759080000
63 0.124726810000
64 0.143028060000
65 0.140723830000
66 0.165609770000
67 0.147224310000
68 0.128818150000
69 0.110357020000
70 0.091870210000
71 0.073480740000
72 0.055324300000
73 0.030398700000
74 0.011970980000
75 0.001169360000
76 0.012676410000
77 0.014357700000
78 0.003034570000
79 0.000004040000
80 0.013767510000
81 0.034941590000
82 0.065030770000
83 0.106346710000
84 0.162482270000
85 0.185337110000
86 0.158241930000
87 0.127346120000
88 0.079501880000
89 0.034916710000
90 0.000010350000
91 0.000097620000
92 0.000095680000
93 0.000094230000
94 0.000092750000
95 0.000091280000
96 0.000089780000
97 0.000087950000
98 0.000087450000
99 0.000146470000
