  0.00000000
  0.00000000
  0.03064403
  0.06400570
  0.10021648
  0.13950845
  0.17524613
  0.20124197
  0.22466086
  0.24552244
  0.25789441
  0.28611537
  0.31396752
  0.34194554
  0.37129273
  0.41704879
  0.46605352
  0.49707994
  0.50625006
  0.51208694
  0.54348614
  0.57147282
  0.61129484
  0.64071519
  0.66192229
  0.68654775
  0.71335496
  0.74076480
  0.76835478
  0.79595078
  0.82339683
  0.85047372
  0.87680458
  0.90087253
  0.92345769
  0.92694433
  0.92741735
  0.92650585
  0.92479030
  0.92250590
  0.91980063
  0.91860925
  0.91060468
  0.87325676
  0.91569249
  0.91813632
  0.92110538
  0.92350511
  0.92292012
  0.87475503
  0.55645390
  0.69088382
  0.69766355
  0.70188885
  0.54768608
  0.51895199
  0.66044968
  0.62245689
  0.69086639
  0.68628675
  0.67744751
  0.66504806
  0.64944205
  0.60265252
  0.50516194
  0.59445510
  0.52845848
  0.46238949
  0.39612439
  0.32976784
  0.26376115
  0.19859139
  0.12610233
  0.06149450
  0.00781016
  0.00000000
  0.00000000
  0.00000000
  0.00000000
  0.00000000
  0.00000000
  0.00000000
  0.00000000
  0.00000000
  0.00000000
  0.00000000
  0.00000000
  0.00000000
  0.00000000
  0.00000000
  0.00000000
  0.00000000
  0.00000000
  0.00000000
  0.00000000
  0.00000000
  0.00000000
  0.00000000
  0.00000000
