  0.00000000
  0.00000000
  0.00000000
  0.00000000
  0.00000000
  0.00000000
  0.00000000
  0.00000000
 -0.00000000
  0.00000000
 -0.00000000
  0.00000000
  0.00000000
  0.00000000
 -0.00000000
  0.00000000
 -0.00000000
  0.00000000
  0.00000000
  0.00000000
  0.00000000
  0.00000000
 -0.00000000
  0.00000000
 -0.00000000
  0.00000000
 -0.00000000
  0.00000000
  0.00000000
  0.00000000
 -0.00000000
  0.00000000
  0.00000000
  0.00000000
  0.00000000
  0.00000000
 -0.00000000
  0.00000000
 -0.00000000
  0.00000000
  0.00000000
  0.00000000
  0.00920770
  0.05936813
  0.11282782
  0.17925013
  0.23554343
  0.29098968
  0.34531997
  0.39830212
  0.44980256
  0.49986220
  0.55537221
  0.63161587
  0.64805334
  0.66340186
  0.67604394
  0.68452046
  0.76972333
  0.67743788
  0.77261247
  0.93941176
  0.85337226
  0.79479332
  0.96197877
  1.19085871
  1.20266140
  1.23562013
  1.13677897
  1.02423847
  0.89887782
  0.90450675
  0.86478672
  0.77252425
  0.72356999
  0.67890614
  0.63304886
  0.58890248
  0.54348030
  0.49756282
  0.45256262
  0.40855666
  0.36329543
  0.31750952
  0.27232736
  0.22753257
  0.18288468
  0.13693219
  0.09361627
  0.04721850
