  0.00000000
  0.00000000
  0.02241984
  0.04234708
  0.05921474
  0.07133265
  0.07525836
  0.06855516
  0.05433744
  0.03582852
  0.01456433
 -0.00911595
 -0.02803816
 -0.04180005
 -0.04974358
 -0.05251075
 -0.05189012
 -0.04948834
 -0.04636449
 -0.04314182
 -0.04011355
 -0.03726696
 -0.03420897
 -0.02992444
 -0.02228568
 -0.00800724
  0.01594389
  0.03514514
  0.03533464
  0.01604327
 -0.00669370
 -0.02352377
 -0.03432620
 -0.03995682
 -0.03983505
 -0.03111673
 -0.01386027
  0.00890720
  0.02131342
  0.02234998
  0.01923906
  0.01588972
  0.01354150
  0.01159538
  0.01025015
  0.00921917
  0.00840078
  0.00772256
  0.00715678
  0.00666115
  0.00622454
  0.00584146
  0.00550296
  0.00520513
  0.00490263
  0.00466234
  0.00442790
  0.00462250
  0.01639671
  0.04117745
  0.06715074
  0.09381399
  0.12119631
  0.14940072
  0.17865260
  0.20984067
  0.23995162
  0.26943176
  0.30131837
  0.33853034
  0.37973471
  0.40079147
  0.36035454
  0.32747163
  0.29952191
  0.27424104
  0.24974326
  0.22415570
  0.19512806
  0.16491474
  0.13560616
  0.10705658
  0.07910722
  0.05163165
  0.02457411
  0.00008252
 -0.03688992
 -0.07424043
 -0.11240199
 -0.15178171
 -0.17080565
 -0.14319275
 -0.11266627
 -0.07552462
 -0.03747720
  0.00018241
  0.03318097
  0.06644221
  0.10026891
  0.13497864
  0.17090988
  0.20845173
  0.24804851
  0.29023326
  0.33562626
  0.38482451
  0.42052755
  0.38645285
  0.33558156
  0.28920311
  0.24647128
  0.20662616
  0.16904890
  0.13323282
  0.09875510
  0.06525252
  0.03240053
 -0.00010883
 -0.00614219
 -0.01332107
 -0.02945334
 -0.04724074
 -0.06111653
 -0.04430506
 -0.02210325
  0.00139728
  0.00335875
  0.00290909
  0.00253012
  0.00011434
 -0.03085600
 -0.06195497
 -0.09343067
 -0.12552889
 -0.15850912
 -0.19265533
 -0.22824645
 -0.26571457
 -0.30539258
 -0.34755395
 -0.32345693
 -0.28281747
 -0.24453415
 -0.20837163
 -0.17397414
 -0.14101202
 -0.10920403
 -0.07829252
 -0.04745233
 -0.01728500
 -0.00094899
 -0.00073576
 -0.00060099
 -0.00050090
 -0.00042444
 -0.00036474
 -0.00033571
 -0.02884259
 -0.06042072
 -0.09274644
 -0.12028870
 -0.15071036
 -0.18177181
 -0.21326343
 -0.24657459
 -0.28456975
 -0.32655850
 -0.37198463
 -0.42098352
 -0.42097203
 -0.39102569
 -0.35721811
 -0.32410996
 -0.28630448
 -0.24936101
 -0.21447491
 -0.18122697
 -0.14926729
 -0.11831900
 -0.08814214
 -0.05850784
 -0.02920612
 -0.00002836
  0.05826878
  0.11837978
  0.18207864
  0.25156163
  0.32975231
  0.42078291
  0.42107335
  0.42106948
  0.42106335
  0.42105442
  0.42101107
  0.32780087
  0.25052247
  0.18329299
  0.12249357
  0.06573249
  0.01125753
 -0.04240277
 -0.09641563
 -0.15203494
 -0.21059143
 -0.27361663
 -0.34298868
 -0.42096731
 -0.42104117
 -0.42105550
 -0.42104392
 -0.40833300
 -0.31639448
 -0.23975012
 -0.17275546
 -0.11193347
 -0.05493341
