  0.00000000
  0.00000000
  0.00000000
  0.00000000
  0.00000000
  0.00000000
  0.00000000
  0.00000000
  0.00000000
  0.00000000
  0.00000000
  0.00000000
  0.00000000
  0.00000000
  0.00000000
  0.00000000
  0.00000000
  0.00000000
  0.00000000
  0.00000000
  0.00000000
  0.00000000
  0.00000000
  0.00000000
  0.00000000
  0.00000000
  0.00000000
  0.00000000
  0.00000000
  0.00000000
  0.00000000
  0.00000000
  0.00000000
  0.00000000
  0.00000000
  0.00000000
  0.00000000
  0.00000000
  0.00000000
  0.00000000
  0.00000000
  0.00000000
  0.00000000
  0.00000000
  0.00000000
  0.00000000
  0.00000000
  0.00000000
  0.00000000
  0.00000000
  0.00000000
  0.00000000
  0.00000000
  0.00000000
  0.00000000
  0.00000000
  0.00000000
  0.00000000
  0.00000000
  0.00000000
  0.00000000
  0.00000000
  0.00000000
  0.00000000
  0.00000000
  0.00000000
  0.00000000
  0.00000000
  0.00000000
  0.00000000
  0.00000000
  0.00000000
  0.00000000
  0.00000000
  0.00000000
  0.00000000
  0.00000000
  0.00000000
  0.00000000
  0.00000000
  0.00000000
  0.00000000
  0.00000000
  0.00000000
  0.00000000
  0.00000000
  0.00000000
  0.00000000
  0.00000000
  0.00000000
  0.00000000
  0.00000000
  0.00000000
  0.00000000
  0.00000000
  0.00000000
  0.00000000
  0.00000000
  0.00000000
  0.00000000
  0.00000000
  0.00000000
  0.00000000
  0.00000000
  0.00000000
  0.00000000
  0.00000000
  0.00000000
  0.00000000
  0.00000000
  0.00000000
  0.00000000
  0.00000000
  0.00000000
  0.00000000
  0.00000000
  0.00000000
  0.00000000
  0.00000000
  0.00000000
  0.00000000
  0.00115134
  0.00825523
  0.01541887
  0.02267134
  0.02926213
  0.03615216
  0.04306344
  0.04997516
  0.07344210
  0.08468084
  0.09583630
  0.10688291
  0.11780881
  0.12861186
  0.13915157
  0.14987044
  0.16031735
  0.17083876
  0.18123916
  0.19383836
  0.20471635
  0.21551987
  0.22627518
  0.23697775
  0.24755591
  0.25812716
  0.27416407
  0.28490612
  0.29583278
  0.31137158
  0.32279464
  0.33427189
  0.34573289
  0.35717319
  0.36859116
  0.38151606
  0.39733037
  0.41161758
  0.35327006
  0.38881178
  0.39319068
  0.39207392
  0.40474707
  0.44600415
  0.47109615
  0.48205868
  0.48905638
  0.55644010
  0.40130330
  0.34758260
  0.35579908
  0.42542663
  0.43379049
  0.42391789
  0.41456694
  0.40559399
  0.39659033
  0.38745598
  0.37832168
  0.36912758
  0.35995861
  0.69589908
  0.65776850
  0.61865928
  0.57861559
  0.53756360
  0.49536087
  0.46585769
  0.42005037
  0.37502361
  0.33121434
  0.28851976
  0.25539745
  0.20503872
  0.16080914
  0.12021051
  0.08194550
  0.04535556
  0.01009884
  0.00000000
  0.00000000
  0.00000000
  0.00000000
  0.00000000
  0.00000000
  0.00000000
  0.00000000
  0.00000000
  0.00000000
  0.00000000
  0.00000000
  0.00000000
  0.00000000
  0.00000000
 -0.00000000
