  0.00000000
  0.00000000
  0.17892482
  0.35784307
  0.53678407
  0.71573421
  0.90060376
  1.08514503
  1.26931984
  1.45310249
  1.63811312
  1.82319027
  2.00832345
  2.19521417
  2.38208338
  2.56892338
  2.75572080
  2.94242078
  3.12166212
  3.26814248
  3.25259764
  3.08652288
  2.89963622
  2.71262040
  2.52554639
  2.33843736
  2.15130346
  1.96415103
  1.77698630
  1.58970323
  1.40241801
  1.21513334
  1.02785022
  0.84051243
  0.65319309
  0.46589332
  0.27861421
  0.09135742
 -0.09587465
 -0.28307440
 -0.47023184
 -0.65732768
 -0.84430940
 -1.03103154
 -1.21682949
 -1.40279781
 -1.30965119
 -1.12269749
 -0.93560619
 -0.74842936
 -0.56127111
 -0.37414171
 -0.18704868
  0.00000000
