  0.00000000
  0.00013020
 -0.00012321
 -0.49999626
 -0.49999540
 -0.49999342
 -0.49998626
  0.49995286
  0.49999088
  0.49999478
  0.49999624
 -0.49999030
 -0.49998165
 -0.49994892
 -0.00832339
  0.49981077
  0.49967321
 -0.03204130
 -0.47149535
  0.49990245
  0.49997732
 -0.00000128
 -0.00000325
 -0.00000180
 -0.17317088
 -0.48532640
 -0.38708197
  0.49999380
  0.49999756
  0.00000420
 -0.00000063
 -0.00000564
 -0.49999923
 -0.49999886
 -0.49999773
 -0.00000016
  0.49999750
  0.49999861
  0.49999897
  0.49998984
  0.49999517
  0.49999610
  0.49999587
  0.49999375
  0.49971814
  0.00000079
  0.00000040
  0.00000020
  0.00000006
 -0.00000008
 -0.00000027
 -0.00000042
 -0.41353849
 -0.49999613
 -0.49999732
 -0.49999727
 -0.49999586
  0.23391086
  0.49999753
  0.49999841
  0.49999850
  0.49999725
  0.49991265
 -0.01811316
 -0.49999456
 -0.49999766
 -0.49999782
 -0.49999747
 -0.49999673
 -0.49999566
 -0.49992398
 -0.06769083
  0.49994606
  0.04153718
  0.05742748
 -0.00804495
  0.01553832
 -0.07755007
  0.01076012
 -0.00438751
 -0.02618600
  0.11844099
 -0.01007886
  0.00553884
  0.02235927
  0.04041611
 -0.22363427
  0.42798535
  0.07656278
 -0.39995270
  0.00000000
