  2.10653753
  2.10653753
  2.10653753
  2.13656832
  2.19662994
  2.28672244
  2.40684588
  2.55700029
  2.73718574
  2.94740229
  3.18785092
  3.45836303
  3.75793634
  4.08480992
  4.43855835
  4.82043471
  5.23160541
  5.67206809
  6.14181457
  6.64082960
  7.16908537
  7.72652135
  8.31289728
  8.92879959
  9.57414382
 10.24889936
 10.95304882
 11.68659321
 12.44954598
 13.25173497
 14.08065249
 14.96100518
 16.09847794
 16.97197607
 17.80957091
 18.61031185
 19.36551239
 20.05849685
 20.66638693
 21.10188330
 21.41855711
 21.67390229
 21.77656859
 21.72619932
 21.53209760
 21.20974757
 20.77786351
 20.25635385
 19.66546960
 19.03741782
 18.42669080
 17.60673724
 16.97874076
 16.34890471
 15.64636453
 14.89650818
 14.12372772
 13.34075239
 12.55732245
 11.81574820
 11.11744620
 10.46590509
  9.85987552
  9.29800356
  8.77131977
  8.27574043
  7.81219290
  7.38588379
  7.00497747
  6.67800446
  6.40818564
  6.19220043
  6.02427099
  5.89983028
  5.81607130
  5.77298965
  5.76673244
  5.79630300
  5.86047565
  5.95718360
  6.08284844
  6.23919819
  6.41366248
  6.59587769
  6.77254177
  6.92727031
  7.04064198
  7.09046674
  7.05223968
  6.92250284
  6.70490584
  6.42260480
  6.06833684
  5.67949428
  5.31334218
  4.96755029
  4.64462499
  4.32937257
  4.03255061
  3.76590717
  3.53697636
  3.35017699
  3.20726639
  3.10742790
  3.04682059
  3.01762803
  3.00534880
  3.00114256
  3.00012543
  3.00000000
