1 1 1 0.036319612591
1 1 2 20.030266343826
1 2 1 8.426150121065
1 2 2 19.848668280872
1 3 1 11.004842615012
1 3 2 17.960048426150
1 4 1 -0.036319612591
1 4 2 17.923728813559
2 1 1 8.353510895884
2 1 2 19.812348668281
2 2 1 15.290556900726
2 2 2 24.860774818402
2 3 1 19.721549636804
2 3 2 25.006053268765
2 4 1 11.041162227603
2 4 2 17.996368038741
3 1 1 10.714285714286
3 1 2 12.657384987893
3 2 1 8.317191283293
3 2 2 5.611380145278
3 3 1 15.581113801453
3 3 2 2.560532687651
3 4 1 19.539951573850
3 4 2 10.187651331719
4 1 1 13.220338983051
4 1 2 18.940677966102
4 2 1 11.949152542373
4 2 2 17.524213075061
4 3 1 14.237288135593
4 3 2 16.616222760291
4 4 1 14.237288135593
4 4 2 16.616222760291
5 1 1 -0.024489795918
5 1 2 11.057142857143
5 2 1 5.461224489796
5 2 2 9.367346938776
5 3 1 -0.048979591837
5 3 2 9.514285714286
5 4 1 -0.048979591837
5 4 2 9.514285714286
