  0.01000374
  0.21980371
  0.21980357
  0.21980300
  0.21979996
  0.21978999
  0.21976826
  0.21972402
  0.21965171
  0.21956402
  0.21940340
  0.21934063
  0.21936248
  0.21937433
  0.21921415
  0.21863398
  0.21770675
  0.21634167
  0.21596503
  0.21568695
  0.21515457
  0.21434602
  0.21332160
  0.21217064
  0.21056469
  0.20860787
  0.20622313
  0.20305972
  0.19901875
  0.19637331
  0.19777539
  0.18406925
  0.17241739
  0.16524179
  0.15960218
  0.15585288
  0.16148381
  0.16449941
  0.16635089
  0.16578880
  0.16656530
  0.17282046
  0.17759746
  0.18101770
  0.18250601
  0.18119653
  0.22656699
  0.17603029
  0.16880458
  0.16206983
  0.15570460
  0.14961627
  0.14163803
  0.14435582
  0.15220026
  0.15815363
  0.16439072
  0.17099900
  0.17734986
  0.08097891
  0.07830865
  0.07606234
  0.07384389
  0.07160945
  0.06937779
  0.06719534
  0.06511318
  0.06317351
  0.06140014
  0.05985848
  0.05850980
  0.14999850
  0.14770371
  0.14488186
  0.14179331
  0.13863704
  0.13559641
  0.13272292
  0.13001032
  0.12889971
  0.12956295
  0.13654576
  0.14688350
  0.15680860
  0.16455041
  0.17786255
  0.16368908
  0.17313702
  0.19236803
  0.20523980
  0.20716085
  0.21061975
  0.21413796
  0.23471478
  0.23699963
  0.23870726
  0.24018318
  0.23876680
  0.21374782
  0.24999643
  0.24999307
  0.24997377
  0.24991874
  0.24982026
  0.24976943
  0.24937070
  0.24479987
  0.24017620
  0.23627464
  0.23297281
  0.22991253
  0.22709520
  0.22434487
  0.22147018
  0.21830110
  0.21468938
  0.21044081
  0.21510559
  0.24498945
  0.24671127
  0.24436870
  0.23938318
  0.23524402
  0.23177516
  0.22877969
