  0.00000000
  0.00000000
  0.00138562
  0.00450845
  0.00765791
  0.01012442
  0.01173294
  0.01205379
  0.00998770
  0.00332209
  0.03628787
  0.09051557
  0.14228732
  0.17023489
  0.15288139
  0.10973940
  0.04659741
  0.01221408
  0.03216344
  0.04211759
  0.04608237
  0.04694356
  0.04771724
  0.04599626
  0.04612440
  0.04651888
  0.04810066
  0.04934612
  0.04728885
  0.03316341
  0.00004212
  0.03871907
  0.06900470
  0.09624631
  0.12161242
  0.13824947
  0.11066577
  0.08225797
  0.07801751
  0.09082537
  0.08982662
  0.05949571
  0.03338623
  0.00412272
  0.00009098
  0.00035940
  0.00000002
  0.04651222
  0.08000105
  0.11056255
  0.13890126
  0.16553590
  0.18807188
  0.17612826
  0.15428412
  0.12805167
  0.10008280
  0.06987999
  0.03662040
  0.00000033
  0.00000306
  0.00000306
  0.00000308
  0.00000309
  0.00000309
  0.00000306
  0.00000300
  0.00000292
  0.00000283
  0.00000263
  0.00000253
  0.00000037
  0.02577597
  0.05045944
  0.07408754
  0.09685152
  0.11907899
  0.14110904
  0.16325865
  0.18619218
  0.21090082
  0.20504228
  0.18851585
  0.17890967
  0.17548346
  0.14920655
  0.10100169
  0.07506986
  0.06312155
  0.03596959
  0.00177698
  0.01676755
  0.01483782
  0.00000362
  0.03856174
  0.07443660
  0.10819328
  0.13894206
  0.15143998
  0.20489841
  0.18655699
  0.16820556
  0.14983694
  0.13145755
  0.11312140
  0.07618326
  0.04535519
  0.02431510
  0.01070913
  0.00290660
  0.00014042
  0.00136266
  0.00708097
  0.01735591
  0.03260952
  0.05344652
  0.08066787
  0.10353084
  0.13999847
  0.11791669
  0.07502113
  0.04293840
  0.02204558
  0.00909367
  0.00213918
