  0.00000000
  0.00000000
  0.04687500
  0.09374999
  0.14062499
  0.18749998
  0.23437498
  0.28124997
  0.32812497
  0.37499996
  0.42187496
  0.46874995
  0.51562495
  0.56249994
  0.60937494
  0.65624993
  0.70312492
  0.74999992
  0.79687491
  0.84374990
  0.89062489
  0.92900874
  0.92900596
  0.92900222
  0.92899726
  0.91111092
  0.86776208
  0.82950445
  0.79489063
  0.82433676
  0.83161531
  0.81722775
  0.78505560
  0.81595286
  0.82869279
  0.81855174
  0.82179093
  0.85483420
  0.89029942
  0.92897015
  0.92898490
  0.92898842
  0.91782731
  0.87858724
  0.84257569
  0.80898874
  0.77722681
  0.74683157
  0.75879715
  0.78847783
  0.79403421
  0.77366569
  0.78162076
  0.81234455
  0.84478356
  0.87946011
  0.91706133
  0.92900357
  0.92900616
  0.92900808
  0.92900943
  0.89149652
  0.85449191
  0.82015780
  0.78783381
  0.75701912
  0.72732544
  0.69785917
  0.66830160
  0.64774027
  0.69342935
  0.72432018
  0.73630751
  0.68032445
  0.77502110
  0.86325673
  0.91086262
  0.86706902
  0.82019402
  0.77331902
  0.72644402
  0.67956902
  0.63269402
  0.58581901
  0.53894401
  0.49206901
  0.44519401
  0.39831900
  0.35144400
  0.30456900
  0.25769399
  0.21081899
  0.16394399
  0.11706898
  0.07019398
  0.02331898
  0.00000000
  0.00000000
  0.00000000
  0.00000000
  0.00000000
  0.00000000
  0.00000000
  0.00000000
  0.00000000
 -0.00000000
 -0.00000000
  0.00000000
  0.00000000
