  0.00000000
  0.00000000
  0.18749999
  0.37499998
  0.56249997
  0.74999996
  0.93749995
  1.12499994
  1.31249993
  1.49999991
  1.68749990
  1.87499989
  2.06249988
  2.24999986
  2.43749985
  2.62499983
  2.81249981
  2.99999980
  3.18749978
  3.37499975
  3.56249973
  3.74999969
  3.93580143
  4.11283128
  4.28224048
  4.44494683
  4.59867934
  4.74020280
  4.87144770
  4.99382738
  4.99999969
  4.99999967
  4.99999963
  4.99999967
  4.99999968
  4.99999968
  4.99999968
  4.99999970
  4.99999973
  4.99999976
  4.99999976
  4.99999976
  4.99999975
  4.99999972
  4.99999968
  4.99999965
  4.99999962
  4.99999960
  4.99999957
  4.99999965
  4.99999965
  4.99999963
  4.99999962
  4.99999965
  4.99999969
  4.99999972
  4.99999975
  4.99999976
  4.99999976
  4.99999976
  4.99999976
  4.99999972
  4.99999967
  4.99999961
  4.99999955
  4.99999948
  4.90124605
  4.78994961
  4.68068060
  4.57359674
  4.46737736
  4.35096196
  4.22610687
  4.09543571
  3.97084749
  3.82446423
  3.65517454
  3.46827599
  3.28077599
  3.09327599
  2.90577599
  2.71827599
  2.53077599
  2.34327598
  2.15577598
  1.96827597
  1.78077597
  1.59327596
  1.40577595
  1.21827595
  1.03077594
  0.84327593
  0.65577593
  0.46827592
  0.28077591
  0.09327591
 -0.09422410
 -0.28172411
 -0.46922411
 -0.65672412
 -0.84422412
 -1.03172413
 -1.21922413
 -1.12500003
 -0.93750003
 -0.75000002
 -0.56250002
 -0.37500001
 -0.18750001
  0.00000000
