  0.00000000
  0.00000000
  0.03443431
  0.06883754
  0.10321939
  0.13760600
  0.17200279
  0.20640679
  0.24082421
  0.27526500
  0.30971896
  0.34416536
  0.37860724
  0.41304643
  0.44748152
  0.48191244
  0.51659690
  0.55090097
  0.58561355
  0.61972898
  0.65410429
  0.68870442
  0.72287358
  0.75723892
  0.79148361
  0.82633767
  0.85817060
  0.89130067
  0.89882654
  0.85789037
  0.81998692
  0.78539098
  0.75333760
  0.72321887
  0.69453266
  0.66641376
  0.56516355
  0.51703055
  0.53300941
  0.59254411
  0.70779297
  0.73574697
  0.76447150
  0.79430375
  0.82557985
  0.85872307
  0.89425614
  0.92358070
  0.89071937
  0.92781808
  0.92775760
  0.92784659
  0.89014993
  1.22640342
  0.87591952
  0.84017937
  0.80682003
  0.77528004
  0.74540783
  0.76451362
  0.77715176
  0.75442803
  0.78363739
  0.81425112
  0.84658485
  0.88135084
  0.91969366
  0.92768878
  0.92033617
  0.87622207
  0.83433087
  0.79404830
  0.75467304
  0.71557352
  0.67631986
  0.63398789
  0.56773583
  0.58686011
  0.72443041
  0.67923080
  0.54815775
  0.51244123
  0.47702743
  0.44182558
  0.40672878
  0.37163141
  0.33649682
  0.30891703
  0.27168918
  0.23909649
  0.19976604
  0.16250242
  0.12668253
  0.09190146
  0.05790008
  0.02368619
 -0.00708405
 -0.03739176
 -0.06715953
 -0.09633526
 -0.12481970
 -0.15247170
 -0.17980281
 -0.20760907
 -0.23498141
 -0.26212604
 -0.28912106
 -0.31610114
 -0.34329047
 -0.37412317
 -0.40291633
 -0.43204069
 -0.46132799
 -0.49060133
 -0.51971006
 -0.54860650
 -0.58111395
 -0.61021216
 -0.64376400
 -0.67376337
 -0.70454712
 -0.73696176
 -0.82257192
 -0.79812620
 -0.85962597
 -0.77019135
 -0.57490691
 -0.58235130
 -0.61770722
 -0.58169170
 -0.31625494
 -0.30414043
 -0.29224438
 -0.28036021
 -0.26848059
 -0.26325082
 -0.25063291
 -0.23809758
 -0.22576599
 -0.21381888
 -0.20158640
 -0.18937462
 -0.17737565
 -0.16505115
 -0.15265532
 -0.14025646
 -0.13172500
 -0.11855459
 -0.10542595
 -0.09230190
 -0.07917121
 -0.06636421
 -0.05304134
 -0.03973300
 -0.02646157
 -0.01322385
