  0.01155245
  0.01155245
  0.03642229
  0.06910338
  0.10325341
  0.13761033
  0.17200334
  0.20640686
  0.24082422
  0.27526500
  0.30971896
  0.34416536
  0.37860724
  0.41304643
  0.44748152
  0.48191244
  0.51659690
  0.55090097
  0.58561355
  0.61972898
  0.65410429
  0.68870442
  0.72287358
  0.75723892
  0.79148361
  0.82633767
  0.85817060
  0.89130067
  0.89882654
  0.85789037
  0.81998692
  0.78539098
  0.75333760
  0.72321887
  0.69453266
  0.66641376
  0.56516355
  0.51703055
  0.53300941
  0.59254411
  0.70779297
  0.73574697
  0.76447150
  0.79430375
  0.82557985
  0.85872307
  0.89425614
  0.92358070
  0.89071937
  0.92781808
  0.92775760
  0.92784659
  0.89014993
  1.22640342
  0.87591952
  0.84017937
  0.80682003
  0.77528004
  0.74540783
  0.76451362
  0.77715176
  0.75442803
  0.78363739
  0.81425112
  0.84658485
  0.88135084
  0.91969366
  0.92768878
  0.92033617
  0.87622207
  0.83433087
  0.79404830
  0.75467304
  0.71557352
  0.67631986
  0.63398789
  0.56773583
  0.58686011
  0.72443041
  0.67923080
  0.54815775
  0.51244123
  0.47702743
  0.44182558
  0.40672878
  0.37163141
  0.33649682
  0.30891703
  0.27168918
  0.23909650
  0.19976614
  0.16250340
  0.12669086
  0.09196849
  0.05840878
  0.02729060
  0.00838400
  0.00168046
  0.00029376
  0.00005139
  0.00000932
  0.00000177
  0.00000034
  0.00000006
  0.00000001
  0.00000000
  0.00000000
  0.00000000
  0.00000000
  0.00000000
  0.00000000
  0.00000000
  0.00000000
  0.00000000
  0.00000000
  0.00000000
  0.00000000
  0.00000000
  0.00000000
  0.00000000
  0.00000000
  0.00000000
  0.00000000
  0.00000000
  0.00000000
  0.00000000
  0.00000000
  0.00000000
 -0.00000000
  0.00000000
  0.00000000
  0.00000000
  0.00000000
  0.00000000
  0.00000000
  0.00000000
  0.00000000
  0.00000001
  0.00000002
  0.00000004
  0.00000009
  0.00000019
  0.00000040
  0.00000083
  0.00000175
  0.00000369
  0.00000616
  0.00001356
  0.00002981
  0.00006544
  0.00014354
  0.00030799
  0.00067742
  0.00146964
  0.00309964
  0.00621903
