  0.00000000
 -0.44946381
 -0.42563119
 -0.37716796
 -0.21088812
  0.19195238
  0.30792819
  0.31625874
  0.26347148
  0.14549605
  0.05851290
  0.02736109
  0.01351950
  0.00306642
 -0.00625718
  0.03692112
  0.40036549
 -0.02677956
 -0.39535768
 -0.06291643
  0.01831804
  0.34150111
  0.02100727
  0.09280401
  0.12762108
 -0.43740935
  0.00771022
 -0.27367735
 -0.49446836
 -0.49754962
 -0.49841248
 -0.49874565
 -0.49884089
 -0.49872584
 -0.49807217
 -0.37938950
 -0.00193949
  0.40630497
  0.49418213
  0.49692066
  0.49866893
  0.49897691
  0.49902121
  0.49892049
  0.49863374
  0.49788846
  0.49441712
  0.41344861
 -0.49072395
 -0.00069145
  0.00079561
  0.47882638
 -0.49507709
  0.49959557
  0.49932115
  0.49907966
  0.49845228
  0.49090942
 -0.49382277
 -0.05704890
  0.38273745
 -0.49457760
 -0.49674189
 -0.49672804
 -0.49551302
 -0.49079396
 -0.11142394
  0.09871467
  0.49268370
  0.49682220
  0.49792945
  0.49829588
  0.49819386
  0.49625043
 -0.49655964
 -0.49794758
 -0.49832302
 -0.49885991
 -0.49962080
 -0.49972818
 -0.49880069
 -0.49910900
 -0.49918702
 -0.49914670
 -0.49894995
 -0.49823545
 -0.25936300
 -0.00007186
  0.26060644
  0.49863207
  0.49922888
  0.49942222
  0.49951304
  0.49956123
  0.49958637
  0.49947250
  0.49946405
  0.49943130
  0.49936409
  0.49923334
  0.49894578
  0.49799696
  0.01569536
 -0.00001285
 -0.00009736
 -0.00020808
 -0.00038254
 -0.00072762
 -0.20907487
 -0.49511375
 -0.49669460
 -0.49690574
 -0.49653530
 -0.49537804
 -0.49167162
 -0.40569428
 -0.00268455
  0.16224142
  0.49338157
  0.49691147
  0.49799021
  0.49841229
  0.49849058
  0.49658931
 -0.49900960
 -0.49960041
 -0.49962669
 -0.49972624
 -0.49980822
 -0.49983543
 -0.00924274
 -0.00194055
 -0.00260333
 -0.00362188
  0.00909342
  0.49298301
  0.48644052
  0.46407534
 -0.09786489
 -0.42922724
 -0.43023844
 -0.34628185
 -0.05415610
 -0.01209239
 -0.00639262
 -0.04780367
 -0.49428454
 -0.49241286
 -0.48905077
 -0.48112756
 -0.44225469
  0.44218517
  0.47714731
  0.48441813
  0.48732587
  0.48880966
  0.00000000
