  2.03389831
  2.03389831
  2.03389831
  2.03392573
  2.03409507
  2.03502310
  2.03821257
  2.04603310
  2.06036755
  2.08227975
  2.11192919
  2.14878127
  2.19243642
  2.24295177
  2.30059498
  2.36576958
  2.43906610
  2.52138618
  2.61234124
  2.69893376
  2.78022194
  2.87149133
  2.97666840
  3.09611186
  3.21139456
  3.31975746
  3.41314864
  3.47895659
  3.54945176
  3.62213234
  3.71547860
  3.86260199
  4.08675637
  4.40212187
  4.81334641
  5.31433526
  5.88664414
  6.42895174
  6.94539215
  7.47074854
  8.02204126
  8.61407236
  9.12935813
  9.55257416
  9.87961820
 10.11602227
 10.27547240
 10.37885481
 10.45345656
 10.52963308
 10.64469821
 10.75944199
 10.87382809
 10.98327364
 11.18181069
 11.32360944
 11.50412781
 11.74726031
 12.06919379
 12.47802136
 13.00515296
 13.61971439
 14.27857372
 15.01816208
 15.81736994
 16.66140780
 17.54274444
 18.46108942
 19.38691638
 20.30545452
 21.17947214
 22.00734945
 22.78232308
 23.49022972
 24.10925258
 24.61169048
 24.96639974
 25.19217677
 25.35308998
 25.47744204
 25.53210345
 25.55299133
 25.57253938
 25.60394655
 25.65598976
 25.73358871
 25.83817069
 25.96795895
 26.12207928
 26.28701091
 26.45288893
 26.60379267
 26.73260433
 26.83578906
 26.91173521
 26.95990050
 26.97964410
 26.97373924
 26.94256408
 26.88642807
 26.80535447
 26.69894832
 26.56631896
 26.40550799
 26.21337508
 25.98897135
 25.73219051
 25.44429164
 25.12832973
 24.78957176
 24.43294944
 24.07050902
 23.70899440
 23.35277915
 23.00345595
 22.65951497
 22.31611214
 21.96273409
 21.59213151
 21.20159067
 20.79886083
 20.40348109
 20.04177053
 19.73137412
 19.57376786
 19.60691357
 19.87964787
 20.19641148
 20.57468500
 21.01846577
 21.46289732
 21.71085396
 21.94931034
 22.17840600
 22.39814807
 22.60853712
 22.81477860
 23.01111193
 23.19877357
 23.37876506
 23.55190298
 23.71729554
 23.87393300
 24.02122118
 24.15841173
 24.28536726
 24.40206011
 24.51169270
 24.61036917
 24.69789496
 24.77417031
 24.83918763
 24.89328925
 24.93619346
 24.96816880
 24.98940240
 25.00000000
