  4.00000000
  4.00000000
  4.00000000
  4.03443430
  4.10327163
  4.20648685
  4.34405588
  4.51588079
  4.72178923
  4.96161449
  5.23527803
  5.54279674
  5.88418219
  6.25940431
  6.66840873
  7.11111854
  7.58742436
  8.09742020
  8.64076084
  9.21993695
  9.83431162
 10.48201705
 11.16264291
 11.87558012
 12.62399223
 13.40802271
 14.22906597
 15.08470965
 15.97321813
 16.86910131
 17.72189811
 18.52857850
 19.28130275
 19.96545343
 20.56038192
 21.04140770
 21.38283096
 21.54192942
 21.56662546
 21.47662719
 21.25940642
 20.87150170
 20.34633108
 19.70969550
 18.98584424
 18.19483526
 17.35104562
 16.46278546
 15.54222265
 14.65476666
 13.73411124
 12.81347665
 11.89270789
 11.00931185
  9.79908526
  8.93471953
  8.11416210
  7.34484737
  6.63956871
  6.01627676
  5.46254997
  4.98686192
  4.61934858
  4.36031840
  4.20452462
  4.13890442
  4.14390698
  4.19369569
  4.25244038
  4.30994133
  4.37205666
  4.47562868
  4.64862753
  4.91016073
  5.26912624
  5.72185664
  6.24732980
  6.76824121
  7.33260966
  8.04628750
  8.72331531
  9.27107496
  9.78314323
 10.25913564
 10.69788541
 11.09714311
 11.45375568
 11.76421520
 12.03194017
 12.24783961
 12.42003606
 12.55093500
 12.65000363
 12.72349768
 12.77524767
 12.80738057
 12.82046590
 12.81655229
 12.79590638
 12.75903973
 12.70700557
 12.64175461
 12.56654110
 12.48611172
 12.40745757
 12.33774938
 12.28508378
 12.25852759
 12.26790886
 12.32350919
 12.43659623
 12.61260342
 12.84917551
 13.14232091
 13.48679584
 13.87641509
 14.30425104
 14.76557239
 15.25035339
 15.76212479
 16.30227825
 16.88542619
 17.52751506
 18.28927528
 19.07168547
 19.93067218
 20.65095735
 21.13072685
 21.57349335
 22.00316861
 22.37846294
 22.57476549
 22.76355097
 22.94499506
 23.11910787
 23.28589598
 23.44949747
 23.60528605
 23.75182467
 23.88810873
 24.01357496
 24.12882416
 24.23525467
 24.33408945
 24.42585348
 24.51062341
 24.58843506
 24.66145678
 24.72716936
 24.78593897
 24.83791696
 24.88309248
 24.92152715
 24.95271389
 24.97629966
 24.99209045
 25.00000000
