1 1 1 -0.048979591837
1 1 2 20.020408163265
1 2 1 9.281632653061
1 2 2 25.506122448980
1 3 1 11.853061224490
1 3 2 23.228571428571
1 4 1 0.024489795918
1 4 2 15.955102040816
2 1 1 15.257142857143
2 1 2 18.673469387755
2 2 1 19.934693877551
2 2 2 29.938775510204
2 3 1 30.000000000000
2 3 2 29.914285714286
2 4 1 30.024489795918
2 4 2 12.232653061224
3 1 1 9.942857142857
3 1 2 16.420408163265
3 2 1 5.681632653061
3 2 2 12.673469387755
3 3 1 7.518367346939
3 3 2 9.073469387755
3 4 1 14.375510204082
3 4 2 11.497959183673
