 -2.92292371
 -2.92292371
 -2.92292371
 -2.92454336
 -2.93107589
 -2.94600697
 -2.97304089
 -3.00093805
 -3.02485962
 -3.04235386
 -3.05200819
 -3.05492899
 -3.05808674
 -3.07157890
 -3.10275919
 -3.12747138
 -3.13113194
 -3.11007166
 -3.05995922
 -2.97392055
 -2.84006514
 -2.64923703
 -2.38708821
 -2.11083008
 -2.02926300
 -1.95129839
 -1.87706911
 -1.80703765
 -1.74183809
 -1.68192046
 -1.62773993
 -1.57979063
 -1.53856481
 -1.50448796
 -1.47785763
 -1.45881661
 -1.44738604
 -1.44358546
 -1.44810340
 -1.44234229
 -1.40380083
 -1.39996402
 -1.39603309
 -1.39200785
 -1.32740518
 -1.18699821
 -1.17879808
 -1.17048570
 -1.16205849
 -1.15351220
 -1.14484033
 -1.13603321
 -1.12707475
 -1.11794056
 -1.10859331
 -1.09899142
 -1.08908519
 -1.07881659
 -1.06814930
 -1.05709793
 -1.04600016
 -0.79741434
 -0.46981553
 -0.38454201
 -0.30064569
 -0.21820264
 -0.13753795
 -0.05961585
  0.01383538
  0.07934185
  0.13039445
  0.16826291
  0.26322348
  0.26949378
  0.29601515
  0.46437154
  0.69998457
  1.01240674
  1.08652132
  1.15924710
  1.22951884
  1.29584319
  1.35744980
  1.41372189
  1.46359200
  1.50659990
  1.54199046
  1.56880618
  1.58632956
  1.59505090
  1.59687722
  1.59390348
  1.58749733
  1.57834782
  1.56709395
  1.55678320
  1.53910633
  1.52851892
  1.52071481
  1.51755807
  1.51593089
  1.51444969
  1.48059662
  1.50260358
  1.58117208
  1.71886165
  1.72694290
  1.93123421
  2.20750692
  2.56789326
  2.68636027
  2.80400265
  2.91967686
  3.03172634
  3.13495303
  3.21840254
  3.25238153
  3.23187260
  3.22938603
  3.22692178
  3.22449887
  3.22213167
  3.21983022
  3.21760123
  3.21544910
  3.21337667
  3.16379163
  3.16668968
  3.17138613
  3.17247260
  3.17318718
  3.17353103
  3.17369454
  3.17851254
  3.20552059
  3.21925505
  3.19907473
  3.14805530
  3.06890116
  2.96351790
  2.83298477
  2.67742580
  2.53596650
  2.40860822
  2.29535136
  2.19619155
  2.11113234
  2.04022357
  1.99651022
  1.97200936
  1.96055756
  1.95705964
  1.95701864
  1.95620358
  1.95103593
  1.94001155
  1.92251875
  1.89824154
  1.86698776
  1.82859594
  1.77073945
  1.70831652
  1.63040806
  1.56278244
  1.50540285
  1.45864937
  1.42315971
  1.39549008
  1.38963759
  1.40120493
  1.42632195
  1.46141580
  1.50300279
  1.53958126
  1.55934824
  1.56789665
  1.57000000
