 19.60268949
 19.60268949
 19.60268949
 19.59410976
 19.57712575
 19.55248289
 19.52199797
 19.48903896
 19.45586313
 19.42361206
 19.39223836
 19.36041227
 19.32626840
 19.29015169
 19.25719552
 19.23715497
 19.22925369
 19.22296201
 19.20262667
 19.14548208
 19.01618460
 18.77134279
 18.35938992
 17.73037596
 17.45806497
 17.16089384
 16.83914966
 16.49429737
 16.12889213
 15.74489124
 15.34434357
 14.92970531
 14.50384682
 14.06983337
 13.63047541
 13.18767714
 12.74154470
 12.28879394
 11.77793740
 11.21478755
  9.97542129
  9.92598687
  9.87658157
  9.82720754
  9.05348358
  7.84046072
  7.79400654
  7.74768783
  7.70149947
  7.65542821
  7.60945035
  7.56352779
  7.51759277
  7.47154096
  7.42521207
  7.37843751
  7.33102368
  7.28275451
  7.23353399
  7.18350908
  7.13425539
  6.05250106
  5.15808361
  4.97940902
  4.81985762
  4.68260453
  4.57185799
  4.49348068
  4.45488766
  4.46513842
  4.53170443
  4.69422240
  4.90354333
  4.91668312
  4.97264088
  5.33725872
  5.89706307
  6.70229202
  6.99924817
  7.32911267
  7.69057313
  8.07895935
  8.49206617
  8.92848546
  9.38307474
  9.85483941
 10.33991886
 10.82821428
 11.29977835
 11.73118877
 12.11223441
 12.44958310
 12.75643482
 13.04344127
 13.31003972
 13.50883581
 13.80774771
 14.02510410
 14.21578601
 14.30835564
 14.36117715
 14.41235963
 15.66018317
 16.90488968
 18.15180045
 19.40153903
 19.45109518
 20.68578902
 21.85541778
 22.86044608
 23.15131574
 23.41601128
 23.64361287
 23.82073341
 23.92644157
 23.93430169
 23.83906616
 23.70559353
 23.70116662
 23.69686917
 23.69269940
 23.68865469
 23.68473182
 23.68092715
 23.67723673
 23.67365647
 23.58712044
 23.56138630
 23.53361367
 23.50227158
 23.47209856
 23.44230351
 23.41424728
 23.38575925
 23.35608020
 23.30550697
 23.24720660
 23.20672874
 23.20247832
 23.24684062
 23.34674276
 23.50381105
 23.71433231
 23.95535027
 24.20726178
 24.45409162
 24.68333556
 24.88562648
 25.05420271
 25.18366432
 25.27137413
 25.31614754
 25.31756894
 25.27559910
 25.19987644
 25.10242351
 24.98942236
 24.86471382
 24.73090025
 24.58982728
 24.40384961
 24.20047086
 23.91757488
 23.60960039
 23.27807621
 22.92456712
 22.55065900
 22.08706149
 21.67169418
 21.30286454
 20.97947426
 20.70117636
 20.46821908
 20.28115885
 20.14060993
 20.04687168
 20.00000000
