  0.00000000
  0.74998851
  0.74998807
  0.74998760
  0.74998708
  0.74998653
  0.74998592
  0.74998526
  0.74998454
  0.74998388
  0.74998297
  0.74998194
  0.74998078
  0.74997949
  0.74997799
  0.74997624
  0.74997417
  0.74997172
  0.74996872
  0.74996503
  0.74996037
  0.74995428
  0.74994673
  0.74992846
  0.74990900
  0.74989902
  0.74986382
  0.74975134
  0.74932179
 -0.74909310
 -0.74973452
 -0.74984688
 -0.74989225
 -0.74991704
 -0.74993277
 -0.74994346
 -0.74995122
 -0.74995707
 -0.74996170
 -0.74996549
 -0.74996789
 -0.74997026
 -0.74997260
 -0.74997868
 -0.74998018
 -0.74998151
 -0.74998223
 -0.74998332
 -0.74998443
 -0.74998559
 -0.74998646
 -0.74998803
 -0.74998829
 -0.74998842
 -0.74998845
 -0.74998838
 -0.74998820
 -0.74998869
 -0.74998828
 -0.74998772
 -0.74998698
 -0.74998600
 -0.74998472
 -0.74998304
 -0.74998119
 -0.74997895
 -0.74997586
 -0.74997312
 -0.74996861
 -0.74996217
 -0.74995209
 -0.74993414
 -0.74989347
 -0.74970594
  0.74967603
  0.74989791
  0.74993942
  0.74995693
  0.74996659
  0.74997271
  0.74997694
  0.74998003
  0.74998238
  0.74998425
  0.74998577
  0.74998703
  0.74998813
  0.74998898
  0.74998969
  0.74999031
  0.74999084
  0.00000000
