  0.00000000
  0.00000000
  0.00040476
  0.00020333
  0.00013606
  0.00010260
  0.00008264
  0.00006944
  0.00006010
  0.00000648
 -0.03691089
 -0.07398029
 -0.11159626
 -0.15016123
 -0.11160155
 -0.07392278
 -0.03685775
  0.00000623
  0.00003101
  0.00003053
  0.00003020
  0.00003000
  0.00002995
  0.00003003
  0.00003027
  0.00003067
  0.00003126
  0.00003205
  0.00003310
  0.00003444
  0.00003616
  0.00003837
  0.00004122
  0.00004498
  0.00005005
  0.00005716
  0.00006768
  0.00025109
  0.02640850
  0.05275869
  0.07942473
  0.10655754
  0.13431899
  0.16287059
  0.18982056
  0.20233937
  0.21671434
  0.23298699
  0.21521900
  0.18796172
  0.15953118
  0.13196610
  0.10510338
  0.07879207
  0.05289304
  0.02714757
  0.00154054
  0.00009342
  0.00008076
  0.00007164
  0.00006482
  0.00005955
  0.00005539
  0.00005203
  0.00004930
  0.00004705
  0.00004519
  0.00004364
  0.00004236
  0.00004130
  0.00000756
 -0.03248593
 -0.06531091
 -0.09874505
 -0.10934702
 -0.07211341
 -0.03579662
  0.00000701
  0.00003779
  0.00003800
  0.00003833
  0.00003876
  0.00003931
  0.00003999
  0.00004079
  0.00004174
  0.00004283
  0.00004409
  0.00004555
  0.00004721
  0.00004912
  0.00000928
 -0.03103153
 -0.06241551
 -0.09439214
 -0.12722514
 -0.13369373
 -0.09900294
 -0.06536813
 -0.03245948
  0.00002742
  0.02991736
  0.05990504
  0.09020665
  0.12104378
  0.15265007
  0.18527806
  0.21920701
  0.25475207
  0.29227524
  0.33219826
  0.37501343
  0.42109109
  0.42110460
  0.42110866
  0.42111184
  0.42111437
  0.42111640
  0.42111805
  0.42111938
  0.42112046
  0.42112131
  0.42112198
  0.42112246
  0.42112279
  0.42109424
  0.37181547
  0.32683221
  0.28530344
  0.25187868
  0.21638938
  0.18263359
  0.15027133
  0.11900579
  0.08857477
  0.05874126
  0.02928535
 -0.00000323
 -0.00001483
  0.01240526
  0.02482954
  0.03727485
  0.04975721
  0.06229141
  0.07489390
  0.08759499
  0.10050067
  0.11348274
  0.11961294
  0.10597336
  0.09245461
  0.07932422
  0.06597918
  0.05267709
  0.03944176
  0.02625865
  0.01310967
 -0.00002550
 -0.00083081
 -0.00086035
 -0.00077629
 -0.00306802
 -0.00919711
 -0.01674956
 -0.02389777
 -0.01840326
 -0.00923523
  0.00061736
  0.00116127
  0.00092456
  0.00080355
  0.00073561
  0.00002997
 -0.01238033
 -0.02480269
 -0.03740076
 -0.04610542
 -0.04209422
 -0.03151721
 -0.02097645
 -0.01047056
  0.00001188
  0.00012971
  0.00012902
  0.00012869
  0.00012784
  0.00012703
  0.00012629
  0.00012560
  0.00012498
  0.00012443
  0.00012392
  0.00012278
  0.00012169
  0.00000129
 -0.04794097
 -0.09721074
 -0.14878468
 -0.20384315
 -0.26389567
 -0.33097337
 -0.24760082
 -0.17629409
 -0.11330418
 -0.05526977
  0.00000214
  0.00009047
  0.00012030
  0.00018021
  0.00035897
