  0.00000000
  0.00000000
  0.03271916
  0.06543917
  0.09816005
  0.13088142
  0.16360309
  0.19632493
  0.22904682
  0.26466377
  0.29793537
  0.33115663
  0.36439193
  0.39840271
  0.43239533
  0.46637480
  0.50026992
  0.53383459
  0.56759651
  0.60147140
  0.63606241
  0.67234303
  0.72529344
  0.66361930
  0.63360452
  0.75609115
  0.84803262
  0.78563084
  0.81350218
  0.86685622
  0.83728196
  0.81649272
  0.78630226
  0.75673149
  0.72845623
  0.69870067
  0.66853396
  0.63780838
  0.60739544
  0.57755778
  0.53857274
  0.50494991
  0.47945423
  0.53017849
  0.48796413
  0.44727699
  0.39658653
  0.35576440
  0.31536208
  0.27583235
  0.23456743
  0.20638391
  0.15896965
  0.11532496
  0.07402180
  0.03429435
 -0.00427943
 -0.04473429
 -0.08661963
 -0.12747654
 -0.16719323
 -0.20557507
 -0.24237514
 -0.27801493
 -0.31471307
 -0.35116775
 -0.38197339
 -0.42755063
 -0.46662459
 -0.50607713
 -0.54555300
 -0.58583417
 -0.63183731
 -0.67198733
 -0.75024635
 -0.70720538
 -0.66322055
 -0.61904701
 -0.57482030
 -0.53048741
 -0.48647687
 -0.44225431
 -0.39811728
 -0.35408631
 -0.31005880
 -0.26593592
 -0.22244188
 -0.17739511
 -0.13262562
 -0.08817892
 -0.04399347
