 -1.00000000
 -1.00000000
 -1.00000000
 -0.99999607
 -0.99999213
 -0.99998816
 -0.99998418
 -0.99998017
 -0.99997613
 -0.99997205
 -0.99997139
 -1.00425781
 -1.01397145
 -1.03027534
 -1.05465624
 -1.07463717
 -1.08912156
 -1.09697782
 -1.09697682
 -1.09697161
 -1.09696623
 -1.09696067
 -1.09695491
 -1.09694892
 -1.09694268
 -1.09693614
 -1.09692928
 -1.09692204
 -1.09691436
 -1.09690616
 -1.09689736
 -1.09688784
 -1.09687743
 -1.09686591
 -1.09685299
 -1.09683822
 -1.09682090
 -1.09679984
 -1.09671818
 -1.08791413
 -1.06988020
 -1.04205812
 -1.00382519
 -0.95448568
 -0.89667576
 -0.84235016
 -0.78781748
 -0.72954314
 -0.66357230
 -0.58523618
 -0.50998983
 -0.44481305
 -0.38982291
 -0.34518029
 -0.31108840
 -0.28767145
 -0.27584783
 -0.27518716
 -0.27514780
 -0.27511442
 -0.27508538
 -0.27505961
 -0.27503642
 -0.27501529
 -0.27499585
 -0.27497782
 -0.27496099
 -0.27494519
 -0.27493027
 -0.27491613
 -0.27490267
 -0.27489964
 -0.28753700
 -0.31215432
 -0.34816911
 -0.39071209
 -0.41752878
 -0.43023618
 -0.43023449
 -0.43022567
 -0.43021709
 -0.43020874
 -0.43020059
 -0.43019263
 -0.43018485
 -0.43017722
 -0.43016974
 -0.43016239
 -0.43015517
 -0.43014806
 -0.43014106
 -0.43013416
 -0.43013265
 -0.43482663
 -0.44357152
 -0.45573223
 -0.47067417
 -0.48547197
 -0.49509157
 -0.50057501
 -0.50287371
 -0.50287225
 -0.50159535
 -0.49968226
 -0.49775970
 -0.49645102
 -0.49638495
 -0.49820417
 -0.50257417
 -0.51019261
 -0.52179948
 -0.53818836
 -0.56021857
 -0.58976227
 -0.62357503
 -0.66164725
 -0.70396823
 -0.75052526
 -0.80130307
 -0.85628433
 -0.91544947
 -0.97877630
 -1.04624205
 -1.11782269
 -1.19349353
 -1.27323053
 -1.36159441
 -1.44358942
 -1.51918713
 -1.57853102
 -1.63959510
 -1.69427456
 -1.74230258
 -1.78337379
 -1.81713706
 -1.84319310
 -1.86109131
 -1.87032502
 -1.87032472
 -1.87032268
 -1.87207484
 -1.87562535
 -1.88102114
 -1.88831133
 -1.89754871
 -1.90880248
 -1.92223771
 -1.93782845
 -1.95562605
 -1.97548916
 -1.99328577
 -2.00867897
 -2.02215245
 -2.03326323
 -2.04202856
 -2.04851074
 -2.05277245
 -2.05487361
 -2.05487041
 -2.05476707
 -2.05466122
 -2.05456539
 -2.05419514
 -2.05310487
 -2.05114558
 -2.04838384
 -2.04627780
 -2.04523171
 -2.04530030
 -2.04542814
 -2.04552879
 -2.04561522
 -2.04569341
 -2.04569721
 -2.04415434
 -2.04107348
 -2.03791590
 -2.03357939
 -2.02935640
 -2.02624298
 -2.02420272
 -2.02319973
 -2.02320016
 -2.02320488
 -2.02320955
 -2.02321418
 -2.02321875
 -2.02322327
 -2.02322774
 -2.02323216
 -2.02323653
 -2.02324086
 -2.02324514
 -2.02324937
 -2.02325353
 -2.02325405
 -2.00521331
 -1.97107532
 -1.92270108
 -1.86189642
 -1.79043897
 -1.68976063
 -1.62813267
 -1.59337763
 -1.57614214
 -1.56999102
 -1.56999108
 -1.56999332
 -1.56999555
 -1.56999778
 -1.57000000
