  0.00000000
 -0.00000000
  0.00970700
  0.01941100
  0.02911576
  0.03882102
  0.04852665
  0.05823260
  0.06793880
  0.10061194
  0.12024379
  0.14062550
  0.16174885
  0.18577038
  0.19822002
  0.20984462
  0.22069314
  0.16030464
  0.16823276
  0.17616894
  0.18410550
  0.19204248
  0.19997976
  0.20791730
  0.21585539
  0.22379412
  0.23173313
  0.23967215
  0.24761196
  0.25555273
  0.26349470
  0.27143821
  0.27938228
  0.28732893
  0.29527992
  0.30324002
  0.31117936
  0.32504170
  0.34182914
  0.35913106
  0.37700398
  0.39550447
  0.41469703
  0.41044264
  0.33834341
  0.32186026
  0.32483764
  0.34646308
  0.43918475
  0.47256365
  0.47112038
  0.46948757
  0.46760360
  0.46540542
  0.46519426
  0.44687254
  0.42950126
  0.42165205
  0.41369709
  0.40574080
  0.39778361
  0.38982652
  0.38186975
  0.37391344
  0.36595767
  0.35800251
  0.35004807
  0.34209447
  0.33414193
  0.32619089
  0.40096359
  0.40114226
  0.40055772
  0.39929915
  0.42990561
  0.39761258
  0.36718814
  0.24141411
  0.23365304
  0.22590699
  0.21816138
  0.21041614
  0.20267124
  0.19492504
  0.18717953
  0.17943211
  0.17168548
  0.16393952
  0.15619415
  0.14844928
  0.14070450
  0.16229872
  0.15577100
  0.14850274
  0.14050602
  0.13178911
  0.12489011
  0.10639961
  0.08914959
  0.07302412
  0.05355806
  0.04390683
  0.03377192
  0.02315859
  0.01206798
  0.00049629
  0.00000000
  0.00000000
  0.00000000
  0.00000000
  0.00000000
  0.00000000
  0.00000000
  0.00000000
 -0.00000000
  0.00000000
  0.00000000
  0.00000000
  0.00000000
  0.00000000
 -0.00000000
  0.00000000
 -0.00000000
  0.00000000
  0.00000000
  0.00000000
  0.00000000
  0.00000000
  0.00000000
  0.00000000
  0.00000000
  0.00000000
  0.00000000
  0.00000000
  0.00000000
  0.00000000
  0.00000000
  0.00000000
  0.00000000
  0.00000000
  0.00000000
  0.00000000
  0.00000000
  0.00000000
  0.00000000
  0.00000000
  0.00000000
  0.00000000
  0.00000000
  0.00000000
  0.00000000
  0.00000000
  0.00000000
  0.00000000
  0.00000000
  0.00000000
  0.00000000
  0.00000000
  0.00000000
  0.00000000
  0.00000000
  0.00000000
  0.00000000
  0.00000000
  0.00000000
  0.00000000
  0.00000000
  0.00000000
  0.00000000
  0.00000000
  0.00000000
  0.00000000
  0.00000000
  0.00000000
  0.00000000
  0.00000000
  0.00000000
  0.00000000
  0.00000000
  0.00000000
  0.00000000
  0.00000000
  0.00000000
  0.00000000
  0.00000000
  0.00000000
  0.00000000
  0.00000000
  0.00000000
  0.00000000
  0.00000000
  0.00000000
  0.00000000
  0.00000000
 -0.00000000
  0.00000000
  0.00000000
  0.00000000
  0.00000000
  0.00000000
  0.00000000
  0.00000000
  0.00000000
  0.00000000
  0.00000000
  0.00000000
  0.00000000
  0.00000000
 -0.00000000
  0.00000000
