 25.53061224
 25.53061224
 25.53061224
 25.52244726
 25.50611669
 25.48161995
 25.44895666
 25.40812654
 25.35912939
 25.30196503
 25.21730505
 25.11958780
 25.00880127
 24.88477396
 24.74555583
 24.58984072
 24.41752800
 24.22862915
 24.08598573
 23.93629130
 23.77953556
 23.61571823
 23.44483902
 23.26689775
 23.08189427
 22.88982818
 22.69069903
 22.48450669
 22.27125130
 22.05093231
 21.82354907
 21.58910074
 21.34758626
 21.09900548
 20.84335657
 20.58063635
 20.31083765
 20.03398042
 19.74484395
 19.44823358
 19.14549855
 18.83823998
 18.52843549
 18.21858015
 17.92893912
 17.70535081
 17.50424074
 17.31364461
 17.12493078
 16.90073949
 16.67959929
 16.48015679
 16.30085559
 16.13944043
 15.99303613
 15.85752270
 15.73395600
 15.61714857
 15.50258465
 15.39019640
 15.27998169
 15.17193886
 15.06606639
 14.96236299
 14.86082754
 14.76145904
 14.66425661
 14.56921940
 14.47634665
 14.38563755
 14.29709125
 14.18824917
 14.08265216
 13.97575952
 13.86374900
 13.73100908
 13.58938411
 13.44543510
 13.34474540
 13.24729595
 13.15307897
 13.06209411
 12.97434106
 12.88981952
 12.80852991
 12.73047178
 12.65564582
 12.58405157
 12.51568862
 12.45055661
 12.38865523
 12.32998432
 12.26230750
 12.19923136
 12.14021054
 12.08492004
 12.03323020
 11.98303630
 11.93769667
 11.89784163
 11.86385422
 11.83804279
 11.81747289
 11.80211755
 11.79190550
 11.78674337
 11.78653718
 11.79121340
 11.80073954
 11.81514440
 11.83453764
 11.85912806
 11.88923973
 11.92652067
 11.97117804
 12.02397185
 12.08571968
 12.15727725
 12.23951493
 12.33329153
 12.43942324
 12.55864762
 12.69158816
 12.83871045
 13.00027728
 13.17630299
 13.37692453
 13.59264253
 13.82207803
 14.02980386
 14.27223117
 14.52432358
 14.78529613
 15.05460010
 15.33192506
 15.61721460
 15.91067590
 16.21278482
 16.30185866
 16.43516714
 16.57013468
 16.70670300
 16.84480086
 16.98433698
 17.12523284
 17.26756277
 17.41227943
 17.55794413
 17.70434444
 17.85825951
 18.01262820
 18.16448210
 18.31831142
 18.46984672
 18.61876565
 18.76520193
 18.90933064
 19.05134801
 19.16176413
 19.27096587
 19.37903707
 19.48595671
 19.59173473
 19.69636056
 19.79986595
 19.90238599
 20.00406454
 20.10481534
 20.20313074
 20.30029304
 20.39634589
 20.49128428
 20.58510738
 20.69760608
 20.80843996
 20.91899778
 20.99425745
 21.07823787
 21.16800772
 21.25658715
 21.34393697
 21.43004989
 21.46305756
 21.49575266
 21.52825999
 21.56057937
 21.59271204
 21.62465856
 21.65641941
 21.68799503
 21.71938581
 21.75059211
 21.78161437
 21.81245383
 21.84311113
 22.20324451
 22.54168979
 22.86024624
 23.15967472
 23.43968618
 23.69907332
 23.99595391
 24.24309520
 24.43991365
 24.59199191
 24.70328297
 24.73416766
 24.75887033
 24.77739593
 24.78974500
 24.79591837
