  0.00000000
  0.00000000
 -0.04564445
 -0.09110533
 -0.13630975
 -0.18128331
 -0.22595157
 -0.27033366
 -0.31454951
 -0.35832000
 -0.40195196
 -0.44570241
 -0.48936091
 -0.53282630
 -0.57719410
 -0.61986477
 -0.66485706
 -0.70849216
 -0.75013912
 -0.79033785
 -0.83598498
 -0.87260482
 -0.91227231
 -0.95381061
 -0.98809025
 -1.02048218
 -1.05703223
 -1.08802044
 -1.10865128
 -1.13446330
 -1.10272301
 -1.06035186
 -1.07343250
 -1.03977256
 -1.02284578
 -1.02057712
 -1.00782322
 -0.68969344
 -0.50359033
 -0.54825821
 -0.74514505
 -0.91788032
 -0.88273582
 -0.91294627
 -0.97171245
 -0.69281273
 -0.56399442
 -0.64898684
 -0.75893412
 -1.03980203
 -1.08002455
 -1.11678891
 -1.10519138
 -1.08972389
 -1.01200433
 -1.06589795
 -1.07566193
 -1.05621782
 -1.00652190
 -0.89250150
 -0.61946826
 -0.43333049
 -0.36265786
 -0.36193728
 -0.46216368
 -0.95428414
 -0.95012793
 -0.95746167
 -0.97943466
 -1.01437870
 -0.98786549
 -0.96713705
 -0.94933976
 -0.91263655
 -0.88281157
 -0.84723432
 -0.70771158
 -0.72566259
 -0.63509902
 -0.47604316
 -0.27374885
 -0.19009249
 -0.15808275
 -0.14128355
 -0.13363024
 -0.12820163
 -0.13066094
 -0.12971466
 -0.13118861
 -0.13531727
 -0.14441022
 -0.15832995
 -0.18739313
 -0.26737364
 -0.51098609
 -0.68492378
 -0.73085481
 -0.77637425
 -0.82385568
 -0.81558134
 -0.77264375
 -0.72756484
 -0.68226457
 -0.63223110
 -0.58889821
 -0.55842110
 -0.51398213
 -0.46828799
 -0.41942061
 -0.37506900
 -0.32831822
 -0.27639787
 -0.22702811
 -0.17202429
 -0.14477334
 -0.10979485
 -0.07720571
 -0.03575930
 -0.00404367
  0.03321189
  0.07473045
  0.11451746
  0.15280242
  0.18926117
  0.22101085
  0.24869358
  0.26569611
  0.29817930
  0.32536156
  0.33923600
  0.36220549
  0.37806339
  0.38988914
  0.38919304
  0.40561665
  0.39958236
  0.35968298
  0.34612640
  0.32771871
  0.15755123
  0.13097398
  0.27999639
  0.25513605
  0.23388288
  0.21386983
  0.19269464
  0.16999137
  0.15308188
  0.13455542
  0.10288534
  0.06897038
  0.03292873
