  0.01155245
  0.01155245
  0.04784698
  0.09380994
  0.14062852
  0.18750009
  0.23437486
  0.28124981
  0.32812478
  0.37499975
  0.42187472
  0.46874969
  0.51562465
  0.56249962
  0.60937459
  0.65624955
  0.70312452
  0.74999949
  0.79687445
  0.84374941
  0.89062438
  0.93749934
  0.98437431
  1.03124928
  1.07812423
  1.12499919
  1.17187415
  1.21874910
  1.24999975
  1.24999968
  1.04589526
  1.09575229
  1.24999955
  1.24999953
  1.24999951
  0.52957498
  0.62858176
  0.62848249
  0.62837720
  0.62875237
  0.62968534
  0.63007827
  0.59032204
  0.59032174
  0.59032097
  1.00171567
  1.00149610
  1.00137382
  1.00218163
  1.00407117
  0.97697128
  0.77616257
  0.92796755
  1.00172765
  1.00184112
  1.00154856
  0.27252076
  0.27251946
  0.27458654
  0.27232443
  0.27006211
  0.95831779
  0.93168862
  0.90424712
  0.87638811
  0.84825067
  0.81968586
  0.87488915
  0.82664397
  0.64444807
  0.63537136
  0.66734287
  0.63769201
  0.33644428
  0.32732837
  0.31825438
  0.30921327
  0.30019605
  0.29004396
  0.28109559
  0.27214991
  0.26318163
  0.25417970
  0.24513433
  0.23603752
  0.22688348
  0.22022968
  0.21080842
  0.20149886
  0.19231100
  0.18324777
  0.17430725
  0.16548392
  0.15676995
  0.14815602
  0.13963214
  0.13118824
  0.12281467
  0.11450265
  0.10624469
  0.09803512
  0.08987083
  0.08175224
  0.07368496
  0.06568223
  0.05776864
  0.05099580
  0.04284083
  0.03515715
  0.02805072
  0.02166395
  0.01614566
  0.01160443
  0.00803618
  0.00540626
  0.00355726
  0.00230476
  0.00147879
  0.00094375
  0.00060093
  0.00036627
  0.00022840
  0.00014220
  0.00008845
  0.00005498
  0.00003416
  0.00002122
  0.00001318
  0.00000819
  0.00000509
  0.00000316
  0.00000196
  0.00000122
  0.00000076
  0.00000047
  0.00000015
  0.00000009
  0.00000002
  0.00000007
  0.00000000
  0.00000000
  0.00000000
  0.00000000
  0.00000000
  0.00000000
  0.00000000
  0.00000000
  0.00000000
  0.00000000
  0.00000000
  0.00000000
  0.00000000
  0.00000000
  0.00000000
  0.00000000
  0.00000000
  0.00000000
  0.00000000
  0.00000000
  0.00000000
  0.00000000
  0.00000000
  0.00000000
  0.00000000
  0.00000000
  0.00000000
  0.00000000
  0.00000000
  0.00000000
  0.00000000
  0.00000000
  0.00000000
  0.00000000
  0.00000000
  0.00000000
  0.00000000
  0.00000001
  0.00000003
  0.00000012
  0.00000050
  0.00000225
  0.00001010
  0.00004491
  0.00019766
  0.00085194
  0.00344296
