  0.00000000
  0.00000000
 -0.18749993
 -0.37499987
 -0.56249980
 -0.74999973
 -0.93749967
 -1.12499960
 -1.31249953
 -1.49999946
 -1.68749939
 -1.87499932
 -2.06249925
 -2.24999917
 -2.43749910
 -2.62499902
 -2.81249894
 -2.99999886
 -3.18749878
 -3.37499869
 -3.56249860
 -3.74999851
 -3.93749841
 -4.12499830
 -4.31249817
 -4.49999803
 -4.68749783
 -4.87499750
 -4.99999980
 -4.99999978
 -4.99999945
 -4.99999937
 -4.99999958
 -4.99999948
 -4.99999937
 -4.99999816
 -4.99999846
 -4.99999857
 -4.99999865
 -4.99999871
 -4.99999867
 -4.99999864
 -4.99999853
 -4.99999853
 -4.99999853
 -4.99999916
 -4.99999920
 -4.99999927
 -4.99999935
 -4.99999944
 -4.99999950
 -4.99999905
 -4.99999924
 -4.99999923
 -4.99999902
 -4.99999870
 -4.99999292
 -4.99999292
 -4.99973706
 -4.95855461
 -4.91736803
 -4.87618031
 -4.72878356
 -4.58101540
 -4.43297320
 -4.28470027
 -4.13622146
 -3.98759214
 -3.82304009
 -3.66087003
 -3.52884246
 -3.39380434
 -3.24632769
 -3.09900159
 -3.01757762
 -2.93622228
 -2.85493054
 -2.77369922
 -2.69252717
 -2.61173585
 -2.53101500
 -2.45037056
 -2.36981700
 -2.28937423
 -2.20906818
 -2.12893122
 -2.04900262
 -1.96839163
 -1.88806911
 -1.80802755
 -1.72825386
 -1.64873108
 -1.56943980
 -1.49035918
 -1.41146789
 -1.33274471
 -1.25416914
 -1.17572170
 -1.09738422
 -1.01914001
 -0.94097395
 -0.86287253
 -0.78482385
 -0.70681756
 -0.62884479
 -0.55089808
 -0.47297121
 -0.39337567
 -0.31422540
 -0.23545597
 -0.15701858
 -0.07887574
 -0.00099830
  0.07697611
  0.15471181
  0.23221755
  0.30950526
  0.38658366
  0.46345869
  0.54013383
  0.61661032
  0.69378179
  0.77095326
  0.84812473
  0.92529620
  1.00246767
  1.07963914
  1.15681061
  1.23398208
  1.31115355
  1.38832502
  1.46549649
  1.54266796
  1.61983943
  1.69701091
  1.77418239
  1.85587837
  1.93737749
  2.02406544
  2.10097803
  2.19561813
  2.29001130
  2.38413757
  2.47797754
  2.57994972
  2.68213497
  2.78455042
  2.86025245
  2.93595444
  3.01165645
  3.14003653
  3.26804746
  3.39564226
  3.52280159
  3.64954443
  3.76645130
  3.86495473
  3.80467281
  3.70253203
  3.58523257
  3.45475264
  3.32113936
  3.20090409
  3.08772590
  2.96519682
  2.83812936
  2.70856391
  2.57535665
  2.44170912
  2.30785209
  2.17391479
  2.03988667
  1.90409058
  1.76828837
  1.63247235
  1.49662683
  1.36073682
  1.22479355
  1.08879741
  0.95275853
  0.81610348
  0.67964660
  0.54339237
  0.40732337
  0.27141580
  0.13564720
  0.00000000
