  0.00000000
  0.49995687
  0.49994430
  0.49989137
  0.07487934
 -0.49981867
 -0.49983673
 -0.49967928
 -0.07431794
  0.00032065
  0.00034559
  0.00046216
  0.00083358
  0.00238620
 -0.02515738
  0.01149689
 -0.00011485
 -0.02950698
  0.03819300
 -0.00022145
 -0.49995388
 -0.01148065
  0.49999270
  0.49999809
  0.49999918
  0.49999954
  0.49999966
  0.49999965
  0.31138962
 -0.44334173
 -0.49999976
 -0.49999989
 -0.49999994
 -0.49999996
 -0.49999996
 -0.00000114
  0.49999916
  0.49999859
  0.49999683
 -0.49755955
 -0.49999557
 -0.49999739
 -0.00007661
  0.00014476
 -0.00006343
 -0.49999988
 -0.49999987
 -0.49999985
 -0.49999980
 -0.49999964
  0.15434990
  0.49999930
  0.49999976
  0.49999986
  0.49999990
  0.49999992
  0.00001126
 -0.00000009
  0.00000011
  0.00000012
 -0.00001146
 -0.49999993
 -0.49999992
 -0.49999990
 -0.49999986
 -0.49999979
 -0.49999953
  0.49999918
  0.49999977
  0.49999981
  0.49999985
  0.49999989
  0.49999990
  0.49999902
  0.49999917
  0.49999925
  0.49999930
  0.49999932
  0.49999931
  0.49999929
  0.49999925
  0.49999917
  0.49999904
  0.49999879
  0.49999827
  0.49999646
  0.00001298
  0.00000010
  0.00000006
  0.00000003
  0.00000000
 -0.00000002
 -0.00000005
 -0.00000007
 -0.00000009
 -0.00000012
 -0.00000014
 -0.00000017
 -0.00000021
 -0.00000025
 -0.00000030
 -0.00000037
 -0.00000046
 -0.00000058
 -0.00000075
 -0.00002427
 -0.49999100
 -0.49999546
 -0.49999667
 -0.49999718
 -0.49999743
 -0.49999753
 -0.49999751
 -0.49999740
 -0.49999717
 -0.49999675
 -0.49999598
 -0.49999438
 -0.49998946
 -0.24122266
 -0.00000195
 -0.00000156
 -0.00000126
 -0.00000105
 -0.00000088
 -0.00000075
 -0.00000064
 -0.00000055
 -0.00000048
 -0.00000042
 -0.00000037
 -0.00000033
 -0.00000029
 -0.00000026
 -0.00000413
 -0.49999684
 -0.03062636
  0.49999728
 -0.00000193
 -0.49999931
 -0.49999898
 -0.49999797
 -0.12475213
  0.49999831
  0.49999916
  0.49999944
  0.00000485
 -0.00000004
 -0.00000559
 -0.49999984
 -0.49999980
 -0.49999975
 -0.49999966
 -0.49999944
 -0.49999888
 -0.49999791
 -0.49999671
 -0.49999465
  0.34295518
  0.49999535
  0.49999727
  0.49999583
  0.49997815
  0.08085789
 -0.17380457
 -0.14804499
  0.49996539
  0.49996501
  0.49994250
  0.49976277
  0.00024002
  0.49999491
  0.49999462
  0.49999426
  0.49999371
  0.49999271
  0.49999051
  0.49998351
  0.00615831
 -0.49998553
 -0.49999249
 -0.49999472
 -0.49999576
 -0.49999632
 -0.49999661
 -0.49999674
  0.00000000
