  4.00000000
  4.00000000
  4.00000000
  4.04687495
  4.14062468
  4.28123557
  4.46857176
  4.70218331
  4.98163947
  5.30685107
  5.67836566
  6.09631677
  6.56070233
  7.07151949
  7.62876396
  8.23242813
  8.88249172
  9.57914339
 10.32231221
 11.11201351
 11.94858840
 12.83163624
 13.76115952
 14.74300830
 15.77422137
 16.85231985
 17.97431545
 19.11920516
 20.21992621
 21.11349101
 21.53998147
 21.35454159
 20.80272613
 19.89205942
 18.80027660
 17.62563847
 17.11531711
 16.50958853
 15.90395563
 15.29522205
 14.68041348
 14.05789405
 13.43170284
 12.84383728
 12.25597201
 11.66810767
 10.67056045
  9.67323188
  8.68187882
  7.70920131
  6.78380823
  5.98368873
  5.48838731
  5.04798329
  4.75005983
  4.60355471
  4.55845645
  4.55989523
  4.56133400
  4.56278368
  4.56422140
  4.56564715
  4.57070632
  4.57562491
  4.62190524
  4.74535988
  4.97546815
  5.33288979
  5.87724672
  6.55724172
  7.15372874
  7.76749016
  8.42544382
  9.05985326
  9.39547144
  9.72199609
 10.03925826
 10.34703826
 10.64501390
 10.93159083
 11.20735558
 11.47154938
 11.72324446
 11.96137397
 12.18475874
 12.39214331
 12.58224064
 12.75580214
 12.90920658
 13.04300489
 13.15805500
 13.25544413
 13.33642234
 13.40234660
 13.45463456
 13.49472688
 13.52405711
 13.54402795
 13.55599286
 13.56124216
 13.56099282
 13.55638124
 13.54845846
 13.53818724
 13.52644076
 13.51400237
 13.50156617
 13.48948268
 13.47863943
 13.46952119
 13.46245410
 13.45764299
 13.45520034
 13.45516919
 13.45756341
 13.46234017
 13.46943693
 13.47878497
 13.49032159
 13.50400170
 13.51980896
 13.53797714
 13.55841915
 13.58113499
 13.60612464
 13.63338812
 13.66292541
 13.69473653
 13.72882146
 13.76518022
 13.80381279
 13.84471917
 13.88789937
 13.93335339
 13.98108122
 14.03108286
 14.08642318
 14.14417227
 14.20947401
 14.27128932
 14.35024269
 14.43253730
 14.52051879
 14.61699269
 14.73499233
 14.86952342
 15.01781894
 15.13482885
 15.25501979
 15.37839183
 15.59300816
 15.81612971
 16.05915255
 16.33534953
 16.65945796
 17.01771917
 17.37603755
 17.77074190
 18.23294082
 18.78955908
 19.41290000
 20.01614029
 20.50811834
 20.92546704
 21.33399985
 21.71532170
 22.06144429
 22.37119251
 22.63409329
 22.86078952
 23.06118514
 23.24378363
 23.41738174
 23.57943056
 23.73434147
 23.88490778
 24.03247901
 24.17715163
 24.31797143
 24.45314877
 24.58084080
 24.69626690
 24.79564092
 24.87670725
 24.93817598
 24.97937048
 25.00000000
