  0.00102301
  0.24999958
  0.24999958
  0.24999958
  0.24999959
  0.24999956
  0.24999956
  0.24999956
  0.24999956
  0.24999956
  0.24999956
  0.24999957
  0.24999957
  0.24999957
  0.24999957
  0.24999957
  0.24999957
  0.24999957
  0.24999962
  0.24999962
  0.23144292
  0.22341855
  0.22552694
  0.24999950
  0.24999950
  0.24999991
  0.18882843
  0.17516347
  0.16338964
  0.15398848
  0.14796284
  0.15187102
  0.15781143
  0.16404578
  0.17493820
  0.18288497
  0.20255477
  0.20256155
  0.20256149
  0.20256145
  0.20256142
  0.20256140
  0.23564476
  0.17565229
  0.16845489
  0.16174129
  0.15539210
  0.15946483
  0.16577195
  0.16003210
  0.15376457
  0.15217993
  0.15813341
  0.16437139
  0.17090115
  0.17807166
  0.20077284
  0.17807159
  0.20458674
  0.21561469
  0.17648997
  0.16922996
  0.16520232
  0.17186658
  0.17903220
  0.17500819
  0.16785867
  0.16118083
  0.15677607
  0.15423993
  0.15157360
  0.14870908
  0.13316479
  0.12702883
  0.14480940
  0.15345219
  0.17705809
  0.18548180
  0.20187939
  0.22101218
  0.22259102
  0.22317783
  0.22143432
  0.21724129
  0.22202811
  0.22196221
  0.22190328
  0.24345914
  0.23963091
  0.23586945
  0.23266461
  0.23002135
  0.14403025
  0.14403010
  0.14403028
  0.14403050
  0.14403075
  0.14403104
  0.14403136
  0.14403173
  0.14404797
  0.14317209
  0.14227635
  0.14138757
  0.14043520
  0.13942137
  0.13927420
  0.13838971
  0.13722320
  0.13590940
  0.13960668
  0.13939297
  0.13912987
  0.13881348
  0.13241995
  0.12706337
  0.13789707
  0.13810484
  0.13762585
  0.13710863
  0.13656534
  0.13601065
  0.13546291
  0.13494435
  0.13757139
  0.13715091
  0.13687398
  0.13669328
  0.13656972
  0.13647064
  0.13636897
  0.13624332
  0.13993558
  0.14037324
  0.14074178
  0.14218024
  0.24592126
  0.24721159
  0.24832384
  0.24930255
  0.24992111
  0.24997638
  0.24999899
  0.24999864
  0.24999810
  0.24999721
  0.24999533
  0.18408205
