  0.00000000
  0.00000000
  0.00878544
  0.03598408
  0.02677024
  0.00000058
  0.00000131
  0.00000145
  0.00000165
  0.00000195
  0.00000246
  0.00000216
  0.10422251
  0.11862966
  0.00442599
  0.00002649
  0.00001536
  0.00001062
  0.00000264
  0.04924532
  0.09778870
  0.08852356
  0.04630901
  0.00000006
  0.00000004
  0.00000005
  0.05108681
  0.08667379
  0.11809222
  0.14646156
  0.17269751
  0.15573107
  0.12958442
  0.10172636
  0.07166288
  0.03788047
  0.00000010
  0.00000007
  0.00000007
  0.00000007
  0.00000007
  0.00000007
  0.00000002
  0.04828942
  0.08161047
  0.11204513
  0.14028560
  0.12222973
  0.09384584
  0.11969814
  0.14744320
  0.15438101
  0.12815564
  0.10019450
  0.06996780
  0.03692020
  0.00000008
  0.03691993
  0.00000015
  0.00000003
  0.04436156
  0.07805666
  0.09643033
  0.06590714
  0.03238040
  0.05130105
  0.08433749
  0.11455837
  0.14263714
  0.16939740
  0.19548280
  0.22114500
  0.20863999
  0.20812415
  0.21531113
  0.19047203
  0.17923213
  0.18225657
  0.15074821
  0.11564894
  0.06897469
  0.05198780
  0.01260191
  0.04509978
  0.07641220
  0.10532903
  0.13283173
  0.17519619
  0.11999829
  0.07770697
  0.04507221
  0.01969880
  0.00000009
  0.00000079
  0.00000075
  0.00000071
  0.00000068
  0.00000066
  0.00000064
  0.00000062
  0.00000061
  0.00690283
  0.01050240
  0.01084706
  0.00800053
  0.00197395
  0.00231761
  0.00643358
  0.01180309
  0.01854053
  0.02785859
  0.03399095
  0.04016777
  0.04637682
  0.05017815
  0.05361474
  0.06445401
  0.07110691
  0.07745778
  0.08379161
  0.09010652
  0.09640578
  0.10269984
  0.10900791
  0.11834180
  0.10855670
  0.09882875
  0.08895001
  0.07875082
  0.06808812
  0.05683780
  0.04488930
  0.03139403
  0.01621794
  0.00239564
  0.00000058
  0.00000006
  0.09084355
  0.16869152
  0.23484001
  0.28988355
  0.33383341
  0.28711204
  0.17950006
  0.10202753
  0.04847027
  0.01513533
  0.00000000
