task_id 1

[x]
1 3.355102040000
2 3.355102040000
3 3.355102040000
4 3.354563290000
5 3.353209730000
6 3.349496870000
7 3.342890770000
8 3.334633310000
9 3.324724740000
10 3.313165270000
11 3.299955100000
12 3.285094540000
13 3.268584060000
14 3.250423720000
15 3.212418440000
16 3.149026530000
17 3.079873530000
18 3.005775390000
19 2.926733920000
20 2.842749820000
21 2.753824820000
22 2.710491770000
23 2.754445690000
24 2.884241100000
25 3.084348550000
26 3.293668420000
27 3.512201050000
28 3.684219940000
29 3.893509920000
30 4.165565970000
31 4.516474760000
32 4.952858730000
33 5.506384860000
34 6.163625850000
35 6.903242270000
36 7.708246190000
37 8.567637100000
38 9.556114160000
39 10.544624600000
40 11.533134770000
41 12.521644760000
42 13.510154630000
43 14.498664450000
44 15.648622800000
45 16.505814580000
46 17.336300270000
47 18.142441850000
48 18.918750090000
49 19.701428070000
50 20.487284240000
51 21.216408630000
52 21.870479100000
53 22.446468190000
54 22.951283830000
55 23.384045840000
56 23.753188660000
57 24.076308950000
58 24.403168470000
59 24.693070040000
60 24.987447980000
61 25.297693980000
62 25.551643690000
63 25.756188140000
64 25.887894340000
65 25.936276510000
66 25.923196600000
67 25.879928250000
68 25.792223750000
69 25.635693220000
70 25.393019980000
71 25.054700390000
72 24.620411040000
73 24.100652030000
74 23.568087530000
75 23.027996920000
76 22.407569230000
77 21.781105040000
78 21.123821670000
79 20.526822350000
80 19.997591260000
81 19.542468150000
82 19.187482830000
83 18.898216190000
84 18.661923160000
85 18.450629130000
86 18.275358540000
87 18.157333220000
88 18.108374650000
89 18.138591630000
90 18.260915860000
91 18.427665820000
92 18.608753390000
93 18.785939990000
94 18.888679470000
95 18.983622260000
96 19.070768570000
97 19.150118400000
98 19.221671710000
99 19.285428520000
100 19.341388770000
101 19.389552460000
102 19.429923970000
103 19.462298930000
104 19.486717880000
105 19.503351780000
106 19.512428060000
107 19.514192350000
108 19.508817140000
109 19.496338530000
110 19.476722100000
111 19.449757170000
112 19.413677680000
113 19.367957260000
114 19.311506040000
115 19.243110380000
116 19.165028380000
117 19.077082080000
118 18.966796110000
119 18.838878270000
120 18.692685870000
121 18.527399560000
122 18.342546500000
123 18.138090760000
124 17.914520660000
125 17.672931470000
126 17.409177350000
127 17.131167690000
128 16.841877840000
129 16.543858710000
130 16.239165350000
131 15.929290940000
132 15.615110480000
133 15.296837380000
134 14.980442330000
135 14.680916290000
136 14.395844890000
137 14.120881250000
138 13.667340000000
139 13.249754430000
140 12.861655720000
141 12.500402830000
142 12.167236160000
143 11.866283770000
144 11.602459980000
145 11.381499570000
146 11.206480490000
147 11.078218340000
148 10.996838510000
149 10.971428570000

[y]
1 4.861224490000
2 4.861224490000
3 4.861224490000
4 4.908096220000
5 5.001836110000
6 5.142411570000
7 5.329794460000
8 5.564023060000
9 5.845097400000
10 6.173017470000
11 6.547783280000
12 6.969394840000
13 7.437852180000
14 7.953155290000
15 8.514367730000
16 9.120434120000
17 9.773027850000
18 10.472234800000
19 11.218055160000
20 12.010489170000
21 12.849536850000
22 13.672910850000
23 14.506460950000
24 15.377215740000
25 16.375551810000
26 17.419848350000
27 18.510107030000
28 19.368308610000
29 20.178448060000
30 20.932849480000
31 21.618176110000
32 22.215581290000
33 22.735414950000
34 23.172042270000
35 23.526491990000
36 23.808895840000
37 24.037748760000
38 24.258253200000
39 24.478764980000
40 24.699276620000
41 24.919788140000
42 25.140299550000
43 25.360810880000
44 25.617337180000
45 25.808554720000
46 25.948977520000
47 26.013325430000
48 25.981513860000
49 25.829396180000
50 25.565886380000
51 25.236290760000
52 24.832212500000
53 24.335016730000
54 23.726482160000
55 23.027794450000
56 22.257137360000
57 21.427480990000
58 20.478320800000
59 19.636481720000
60 18.656821650000
61 17.624354410000
62 16.779235410000
63 15.958181280000
64 15.142738190000
65 14.284769060000
66 13.389704260000
67 12.515734400000
68 11.681036820000
69 10.890481010000
70 10.155202470000
71 9.492990790000
72 8.927212680000
73 8.484331950000
74 8.215373870000
75 8.081443960000
76 8.069627590000
77 8.204938330000
78 8.496692920000
79 8.914553890000
80 9.467012670000
81 10.129902270000
82 10.816500520000
83 11.495139520000
84 12.148619940000
85 12.758719910000
86 13.357290620000
87 13.931851110000
88 14.479126830000
89 15.040632460000
90 15.535457760000
91 15.963449830000
92 16.333439780000
93 16.654959670000
94 16.832382460000
95 16.996341020000
96 17.146835770000
97 17.283866680000
98 17.407433710000
99 17.517536820000
100 17.614175940000
101 17.697351020000
102 17.767069610000
103 17.822978800000
104 17.865373770000
105 17.894489130000
106 17.910511170000
107 17.913645280000
108 17.904081800000
109 17.882008420000
110 17.847855730000
111 17.802232910000
112 17.743807410000
113 17.674346150000
114 17.594794240000
115 17.506344750000
116 17.414636850000
117 17.321369470000
118 17.216387150000
119 17.109375900000
120 17.003587940000
121 16.902157350000
122 16.808551990000
123 16.726539970000
124 16.660140070000
125 16.613557270000
126 16.590589050000
127 16.597439380000
128 16.634165170000
129 16.700253230000
130 16.794660650000
131 16.915853040000
132 17.061837860000
133 17.230188520000
134 17.414303320000
135 17.600113370000
136 17.782802970000
137 17.959862220000
138 18.251914540000
139 18.520813670000
140 18.754196730000
141 18.944303560000
142 19.087164750000
143 19.182623050000
144 19.234557600000
145 19.256140910000
146 19.262572030000
147 19.262861900000
148 19.261713140000
149 19.261224490000

[theta]
1 1.582290070000
2 1.582290070000
3 1.582290070000
4 1.585234810000
5 1.597202080000
6 1.606036230000
7 1.606035610000
8 1.606034200000
9 1.606032640000
10 1.606030870000
11 1.606028770000
12 1.606026120000
13 1.606023790000
14 1.638413050000
15 1.675013030000
16 1.676368750000
17 1.676376800000
18 1.676381440000
19 1.676384630000
20 1.676385410000
21 1.623376450000
22 1.518114130000
23 1.422825040000
24 1.372976800000
25 1.372976730000
26 1.372976690000
27 1.372976640000
28 1.317985460000
29 1.224687510000
30 1.097569940000
31 0.939914870000
32 0.754018730000
33 0.586385720000
34 0.446897640000
35 0.337396710000
36 0.260256910000
37 0.219481370000
38 0.219481270000
39 0.219481190000
40 0.219481110000
41 0.219481040000
42 0.219480970000
43 0.219480900000
44 0.219480870000
45 0.167500870000
46 0.079653220000
47 -0.040955100000
48 -0.191962200000
49 -0.323533500000
50 -0.424551630000
51 -0.553397860000
52 -0.712109590000
53 -0.878289360000
54 -1.016239460000
55 -1.124091440000
56 -1.199406620000
57 -1.239148490000
58 -1.239148580000
59 -1.278890170000
60 -1.278890120000
61 -1.278890160000
62 -1.326642110000
63 -1.410664350000
64 -1.514464480000
65 -1.585408660000
66 -1.620263770000
67 -1.675485570000
68 -1.766268660000
69 -1.889582290000
70 -2.043120650000
71 -2.225464470000
72 -2.435887290000
73 -2.673933580000
74 -2.898519140000
75 -3.122549440000
76 -3.354316000000
77 -3.559345100000
78 -3.752275280000
79 -3.948461030000
80 -4.110730360000
81 -4.235217920000
82 -4.309464080000
83 -4.365425120000
84 -4.378990150000
85 -4.427536740000
86 -4.509788840000
87 -4.623167780000
88 -4.766151340000
89 -4.954737120000
90 -5.083906440000
91 -5.167552260000
92 -5.216069170000
93 -5.237273470000
94 -5.237273440000
95 -5.237273180000
96 -5.237272940000
97 -5.237272700000
98 -5.237272480000
99 -5.237272260000
100 -5.237272050000
101 -5.237271840000
102 -5.237271640000
103 -5.234964780000
104 -5.231445750000
105 -5.227801840000
106 -5.225107340000
107 -5.224440870000
108 -5.226920970000
109 -5.233753010000
110 -5.246194440000
111 -5.265598490000
112 -5.294517420000
113 -5.329538740000
114 -5.370619600000
115 -5.417707230000
116 -5.468432060000
117 -5.522419510000
118 -5.586544440000
119 -5.656781240000
120 -5.732777870000
121 -5.814449000000
122 -5.901710710000
123 -5.994484810000
124 -6.092704730000
125 -6.196322490000
126 -6.307820940000
127 -6.409461320000
128 -6.501411640000
129 -6.583648680000
130 -6.655997230000
131 -6.718157420000
132 -6.769724070000
133 -6.810200340000
134 -6.838431550000
135 -6.853105240000
136 -6.855286480000
137 -6.855287010000
138 -6.855287060000
139 -6.824596670000
140 -6.767606290000
141 -6.688268450000
142 -6.590334820000
143 -6.477553260000
144 -6.380555950000
145 -6.319914040000
146 -6.285445280000
147 -6.269070190000
148 -6.263956900000
149 -6.263956910000

[v]
1 0.000000000000
2 0.000000000000
3 0.187499630000
4 0.374999260000
5 0.562498880000
6 0.749998510000
7 0.937498110000
8 1.124997710000
9 1.312497300000
10 1.499996890000
11 1.687496470000
12 1.874996050000
13 2.062495620000
14 2.249995190000
15 2.437494740000
16 2.624994290000
17 2.812493820000
18 2.999993330000
19 3.187492820000
20 3.374992310000
21 3.562491750000
22 3.736073630000
23 3.903637180000
24 4.072781950000
25 4.260280960000
26 4.447779490000
27 4.635274790000
28 4.776890140000
29 4.908252540000
30 4.999992560000
31 4.999994670000
32 4.999991570000
33 4.999991650000
34 4.999597340000
35 4.876591330000
36 4.862840360000
37 4.999995690000
38 4.999997180000
39 4.999997180000
40 4.999997180000
41 4.999997180000
42 4.999997180000
43 4.999997580000
44 4.999995810000
45 4.999995710000
46 4.999995490000
47 4.999995170000
48 4.999995410000
49 4.999995760000
50 4.999995440000
51 4.999995070000
52 4.999994870000
53 4.999995040000
54 4.999995030000
55 4.999995700000
56 4.999995310000
57 4.999997130000
58 4.999995900000
59 4.999997240000
60 4.999997380000
61 4.999996190000
62 4.999995940000
63 4.999995710000
64 4.999996040000
65 4.999996380000
66 4.999996160000
67 4.999995760000
68 4.999995330000
69 4.938826900000
70 4.821249940000
71 4.705572570000
72 4.591894100000
73 4.480363600000
74 4.380491100000
75 4.285220440000
76 4.176614210000
77 4.061525770000
78 3.928732790000
79 3.789621940000
80 3.638212820000
81 3.472454050000
82 3.305511090000
83 3.138127980000
84 2.972052480000
85 2.809121740000
86 2.642600850000
87 2.476129380000
88 2.309702090000
89 2.127107880000
90 1.947384840000
91 1.770482890000
92 1.595984560000
93 1.423468680000
94 1.315446120000
95 1.207423680000
96 1.099401090000
97 0.991378340000
98 0.883355410000
99 0.775332260000
100 0.667308860000
101 0.559285190000
102 0.451249340000
103 0.343870400000
104 0.237163260000
105 0.131122710000
106 0.025796440000
107 -0.078769450000
108 -0.183224970000
109 -0.287017110000
110 -0.389934370000
111 -0.491866270000
112 -0.596571120000
113 -0.701115680000
114 -0.805462900000
115 -0.909572820000
116 -1.008887580000
117 -1.104184890000
118 -1.207607460000
119 -1.311185850000
120 -1.414404970000
121 -1.517236140000
122 -1.619659830000
123 -1.721667450000
124 -1.823264230000
125 -1.924472030000
126 -2.027650030000
127 -2.130512570000
128 -2.233167270000
129 -2.335686260000
130 -2.438112250000
131 -2.540463300000
132 -2.642736230000
133 -2.615958590000
134 -2.511010480000
135 -2.405732290000
136 -2.300177080000
137 -2.193542730000
138 -2.009102350000
139 -1.823694080000
140 -1.637451510000
141 -1.450474850000
142 -1.263034220000
143 -1.075552090000
144 -0.888052980000
145 -0.700554120000
146 -0.513055650000
147 -0.325557840000
148 -0.138061440000
149 0.000000000000

[a]
1 0.000000000000
2 0.749999780000
3 0.749999770000
4 0.749999750000
5 0.749999740000
6 0.749999730000
7 0.749999710000
8 0.749999690000
9 0.749999670000
10 0.749999650000
11 0.749999630000
12 0.749999600000
13 0.749999560000
14 0.749999520000
15 0.749999470000
16 0.749999410000
17 0.749999330000
18 0.749999240000
19 0.749999100000
20 0.749998910000
21 0.749998640000
22 0.749998370000
23 0.749998090000
24 0.749997530000
25 0.749995630000
26 0.749981470000
27 0.749968380000
28 0.749941750000
29 0.561480040000
30 0.000013710000
31 -0.000020990000
32 0.000000560000
33 -0.002498630000
34 -0.749827310000
35 -0.078604740000
36 0.749954080000
37 0.000007350000
38 -0.000000000000
39 -0.000000000000
40 -0.000000000000
41 0.000000000000
42 0.000001990000
43 -0.000007520000
44 -0.000000600000
45 -0.000001280000
46 -0.000001960000
47 0.000001530000
48 0.000002210000
49 -0.000001960000
50 -0.000002310000
51 -0.000001280000
52 0.000001100000
53 -0.000000050000
54 0.000004080000
55 -0.000002320000
56 0.000010230000
57 -0.000006130000
58 0.000007510000
59 0.000000700000
60 -0.000005530000
61 -0.000001410000
62 -0.000001370000
63 0.000002030000
64 0.000001940000
65 -0.000001180000
66 -0.000002300000
67 -0.000002590000
68 -0.379501850000
69 -0.749967510000
70 -0.749983280000
71 -0.749988610000
72 -0.749991210000
73 -0.749991780000
74 -0.749992480000
75 -0.749994360000
76 -0.749995420000
77 -0.749996670000
78 -0.749997300000
79 -0.749997900000
80 -0.749998390000
81 -0.749998630000
82 -0.749998800000
83 -0.749998920000
84 -0.749999000000
85 -0.749999100000
86 -0.749999170000
87 -0.749999240000
88 -0.749999360000
89 -0.749999400000
90 -0.749999420000
91 -0.749999430000
92 -0.749999440000
93 -0.749999100000
94 -0.749999110000
95 -0.749999110000
96 -0.749999110000
97 -0.749999120000
98 -0.749999120000
99 -0.749999130000
100 -0.749999130000
101 -0.749999140000
102 -0.749999130000
103 -0.749999120000
104 -0.749999100000
105 -0.749999070000
106 -0.749999040000
107 -0.749999020000
108 -0.749998990000
109 -0.749998950000
110 -0.749998890000
111 -0.749998860000
112 -0.749998790000
113 -0.749998710000
114 -0.749998620000
115 -0.749998470000
116 -0.749998330000
117 -0.749998340000
118 -0.749998210000
119 -0.749998050000
120 -0.749997850000
121 -0.749997620000
122 -0.749997340000
123 -0.749997000000
124 -0.749996550000
125 -0.749996050000
126 -0.749995310000
127 -0.749994320000
128 -0.749992870000
129 -0.749990520000
130 -0.749985880000
131 -0.749972070000
132 0.196542750000
133 0.749974450000
134 0.749987590000
135 0.749991980000
136 0.749994160000
137 0.749997690000
138 0.749998320000
139 0.749998720000
140 0.749999000000
141 0.749999210000
142 0.749999360000
143 0.749999470000
144 0.749999530000
145 0.749999570000
146 0.749999600000
147 0.749999610000
148 0.749999480000
149 0.000000000000

[phy]
1 0.000000000000
2 0.000000000000
3 0.124987660000
4 0.249963180000
5 0.124986810000
6 -0.000006640000
7 -0.000012070000
8 -0.000011090000
9 -0.000010800000
10 -0.000011200000
11 -0.000012570000
12 -0.000009910000
13 0.124976760000
14 0.129406560000
15 0.004449520000
16 0.000024550000
17 0.000013190000
18 0.000008490000
19 0.000001970000
20 -0.124996270000
21 -0.249990650000
22 -0.224469480000
23 -0.112762760000
24 -0.000000130000
25 -0.000000080000
26 -0.000000090000
27 -0.124999980000
28 -0.219414120000
29 -0.306995770000
30 -0.388690460000
31 -0.465684480000
32 -0.415775360000
33 -0.339840040000
34 -0.260934500000
35 -0.178911690000
36 -0.091442650000
37 -0.000000210000
38 -0.000000150000
39 -0.000000150000
40 -0.000000150000
41 -0.000000140000
42 -0.000000140000
43 -0.000000040000
44 -0.117822070000
45 -0.205647540000
46 -0.289873420000
47 -0.370738330000
48 -0.318776810000
49 -0.239089840000
50 -0.311562550000
51 -0.391551610000
52 -0.411821560000
53 -0.335735940000
54 -0.256670480000
55 -0.174485330000
56 -0.089035700000
57 -0.000000180000
58 -0.089035080000
59 0.000000080000
60 -0.000000070000
61 -0.107806350000
62 -0.196048200000
63 -0.246228850000
64 -0.163638240000
65 -0.077717720000
66 -0.125551570000
67 -0.213049320000
68 -0.296975890000
69 -0.377564490000
70 -0.455951000000
71 -0.533069170000
72 -0.608849370000
73 -0.645323400000
74 -0.677912540000
75 -0.641567570000
76 -0.569175290000
77 -0.492472670000
78 -0.493930780000
79 -0.401199390000
80 -0.300273670000
81 -0.189801860000
82 -0.150565950000
83 -0.039022450000
84 -0.149261500000
85 -0.257880800000
86 -0.368893740000
87 -0.479873470000
88 -0.590820150000
89 -0.469091720000
90 -0.349276750000
91 -0.231342320000
92 -0.115010220000
93 0.000000280000
94 0.000002730000
95 0.000002830000
96 0.000002960000
97 0.000003160000
98 0.000003430000
99 0.000003800000
100 0.000004310000
101 0.000005060000
102 0.071291830000
103 0.142874800000
104 0.214011240000
105 0.284703710000
106 0.354920140000
107 0.424629700000
108 0.494265580000
109 0.563458940000
110 0.632068110000
111 0.699997940000
112 0.699998380000
113 0.699998570000
114 0.699998700000
115 0.699998690000
116 0.699998780000
117 0.699999080000
118 0.699999120000
119 0.699999130000
120 0.699999130000
121 0.699999110000
122 0.699999070000
123 0.699999010000
124 0.699998910000
125 0.699998080000
126 0.631215750000
127 0.562641390000
128 0.494205140000
129 0.425859110000
130 0.357574810000
131 0.289340060000
132 0.221156180000
133 0.153035240000
134 0.083068440000
135 0.012883650000
136 0.000003230000
137 0.000000190000
138 -0.122960330000
139 -0.246565980000
140 -0.370727720000
141 -0.495378740000
142 -0.620338810000
143 -0.624992360000
144 -0.499993390000
145 -0.374994380000
146 -0.249995550000
147 -0.124997140000
148 0.000000340000
149 0.000000000000

[w]
1 0.000000000000
2 0.499951470000
3 0.499902940000
4 -0.499906310000
5 -0.499974650000
6 -0.000021700000
7 0.000003910000
8 0.000001150000
9 -0.000001590000
10 -0.000005490000
11 0.000010620000
12 0.499947560000
13 0.017719230000
14 -0.499829040000
15 -0.017699890000
16 -0.000045430000
17 -0.000018810000
18 -0.000026090000
19 -0.499993690000
20 -0.499978310000
21 0.110269820000
22 0.499988560000
23 0.499996300000
24 0.000000200000
25 -0.000000040000
26 -0.499999750000
27 -0.499999620000
28 -0.499999490000
29 -0.499999240000
30 -0.499998540000
31 0.337308450000
32 0.499998730000
33 0.499998930000
34 0.499999480000
35 0.499999670000
36 0.499999760000
37 0.000000270000
38 0.000000020000
39 0.000000020000
40 0.000000020000
41 0.000000020000
42 0.000000480000
43 -0.499998500000
44 -0.499996180000
45 -0.499990710000
46 -0.499964520000
47 0.334389670000
48 0.499715050000
49 -0.437183170000
50 -0.499831350000
51 -0.131824600000
52 0.499971450000
53 0.499992160000
54 0.499996690000
55 0.499994450000
56 0.499998300000
57 -0.443460910000
58 0.499996490000
59 -0.000000750000
60 -0.499995060000
61 -0.499982220000
62 -0.296523430000
63 0.499936110000
64 0.499925730000
65 -0.267180170000
66 -0.499963730000
67 -0.499983530000
68 -0.499988770000
69 -0.499990230000
70 -0.499988350000
71 -0.499956470000
72 -0.245271050000
73 -0.244727920000
74 0.286115930000
75 0.499914220000
76 0.499847070000
77 -0.008235220000
78 0.499948700000
79 0.499930800000
80 0.499844890000
81 0.176269070000
82 0.499796490000
83 -0.497840860000
84 -0.499993820000
85 -0.499994970000
86 -0.499993790000
87 -0.499977660000
88 0.499995310000
89 0.499998010000
90 0.499998740000
91 0.499999080000
92 0.499999270000
93 0.000017030000
94 0.000000630000
95 0.000000960000
96 0.000001360000
97 0.000001870000
98 0.000002550000
99 0.000003550000
100 0.000005210000
101 0.494882170000
102 0.499978530000
103 0.499987830000
104 0.499990650000
105 0.499991720000
106 0.499991860000
107 0.499991260000
108 0.499989170000
109 0.499982290000
110 0.499816990000
111 0.000003190000
112 0.000001360000
113 0.000000920000
114 -0.000000050000
115 0.000000630000
116 0.000002380000
117 0.000000290000
118 0.000000100000
119 -0.000000020000
120 -0.000000140000
121 -0.000000280000
122 -0.000000470000
123 -0.000000720000
124 -0.000006130000
125 -0.499975580000
126 -0.499992020000
127 -0.499994600000
128 -0.499995530000
129 -0.499995870000
130 -0.499995880000
131 -0.499995550000
132 -0.499994720000
133 -0.499992930000
134 -0.499986890000
135 -0.091518090000
136 -0.000021420000
137 -0.499999530000
138 -0.499999440000
139 -0.499999280000
140 -0.499998980000
141 -0.499998050000
142 -0.018615960000
143 0.499997880000
144 0.499998790000
145 0.499999080000
146 0.499999220000
147 0.499999280000
148 -0.000001850000
149 0.000000000000

[dt]
1 0.001023010000
2 0.249999580000
3 0.249999580000
4 0.249999580000
5 0.249999590000
6 0.249999560000
7 0.249999560000
8 0.249999560000
9 0.249999560000
10 0.249999560000
11 0.249999560000
12 0.249999570000
13 0.249999570000
14 0.249999570000
15 0.249999570000
16 0.249999570000
17 0.249999570000
18 0.249999570000
19 0.249999620000
20 0.249999620000
21 0.231442920000
22 0.223418550000
23 0.225526940000
24 0.249999500000
25 0.249999500000
26 0.249999910000
27 0.188828430000
28 0.175163470000
29 0.163389640000
30 0.153988480000
31 0.147962840000
32 0.151871020000
33 0.157811430000
34 0.164045780000
35 0.174938200000
36 0.182884970000
37 0.202554770000
38 0.202561550000
39 0.202561490000
40 0.202561450000
41 0.202561420000
42 0.202561400000
43 0.235644760000
44 0.175652290000
45 0.168454890000
46 0.161741290000
47 0.155392100000
48 0.159464830000
49 0.165771950000
50 0.160032100000
51 0.153764570000
52 0.152179930000
53 0.158133410000
54 0.164371390000
55 0.170901150000
56 0.178071660000
57 0.200772840000
58 0.178071590000
59 0.204586740000
60 0.215614690000
61 0.176489970000
62 0.169229960000
63 0.165202320000
64 0.171866580000
65 0.179032200000
66 0.175008190000
67 0.167858670000
68 0.161180830000
69 0.156776070000
70 0.154239930000
71 0.151573600000
72 0.148709080000
73 0.133164790000
74 0.127028830000
75 0.144809400000
76 0.153452190000
77 0.177058090000
78 0.185481800000
79 0.201879390000
80 0.221012180000
81 0.222591020000
82 0.223177830000
83 0.221434320000
84 0.217241290000
85 0.222028110000
86 0.221962210000
87 0.221903280000
88 0.243459140000
89 0.239630910000
90 0.235869450000
91 0.232664610000
92 0.230021350000
93 0.144030250000
94 0.144030100000
95 0.144030280000
96 0.144030500000
97 0.144030750000
98 0.144031040000
99 0.144031360000
100 0.144031730000
101 0.144047970000
102 0.143172090000
103 0.142276350000
104 0.141387570000
105 0.140435200000
106 0.139421370000
107 0.139274200000
108 0.138389710000
109 0.137223200000
110 0.135909400000
111 0.139606680000
112 0.139392970000
113 0.139129870000
114 0.138813480000
115 0.132419950000
116 0.127063370000
117 0.137897070000
118 0.138104840000
119 0.137625850000
120 0.137108630000
121 0.136565340000
122 0.136010650000
123 0.135462910000
124 0.134944350000
125 0.137571390000
126 0.137150910000
127 0.136873980000
128 0.136693280000
129 0.136569720000
130 0.136470640000
131 0.136368970000
132 0.136243320000
133 0.139935580000
134 0.140373240000
135 0.140741780000
136 0.142180240000
137 0.245921260000
138 0.247211590000
139 0.248323840000
140 0.249302550000
141 0.249921110000
142 0.249976380000
143 0.249998990000
144 0.249998640000
145 0.249998100000
146 0.249997210000
147 0.249995330000
148 0.184082050000

[s]
1 0.000000000000
2 0.000000000000
3 0.046874830000
4 0.093749660000
5 0.140624490000
6 0.187499300000
7 0.234374110000
8 0.281248930000
9 0.328123750000
10 0.374998560000
11 0.421873370000
12 0.468748200000
13 0.515623010000
14 0.562497830000
15 0.609372640000
16 0.656247440000
17 0.703122250000
18 0.749997040000
19 0.796872000000
20 0.843746800000
21 0.824513500000
22 0.834708170000
23 0.880375350000
24 1.018193450000
25 1.065068110000
26 1.111944460000
27 0.875271640000
28 0.836736660000
29 0.801957600000
30 0.769941270000
31 0.739813430000
32 0.759353810000
33 0.789055850000
34 0.820162820000
35 0.853102130000
36 0.889340420000
37 1.012772980000
38 1.012807160000
39 1.012806860000
40 1.012806650000
41 1.012806520000
42 1.012806450000
43 1.178223220000
44 0.878260720000
45 0.842273730000
46 0.808705700000
47 0.776959750000
48 0.797323410000
49 0.828859050000
50 0.800159770000
51 0.768822100000
52 0.760898850000
53 0.790666270000
54 0.821856110000
55 0.854504990000
56 0.890357470000
57 1.003863640000
58 0.890357210000
59 1.022933150000
60 1.078072900000
61 0.882449190000
62 0.846149110000
63 0.826010880000
64 0.859332210000
65 0.895160370000
66 0.875040260000
67 0.839292640000
68 0.805903400000
69 0.774289890000
70 0.743629240000
71 0.713240570000
72 0.682856330000
73 0.596626680000
74 0.556448640000
75 0.620540210000
76 0.640910580000
77 0.719125980000
78 0.728708430000
79 0.765046560000
80 0.804089340000
81 0.772937080000
82 0.737716810000
83 0.694889230000
84 0.645652500000
85 0.623703990000
86 0.586557530000
87 0.549461230000
88 0.562318090000
89 0.509720800000
90 0.459328600000
91 0.411928720000
92 0.367110520000
93 0.205022550000
94 0.189463840000
95 0.173905580000
96 0.158347290000
97 0.142788970000
98 0.127230590000
99 0.111672160000
100 0.096113650000
101 0.080563900000
102 0.064606310000
103 0.048924620000
104 0.033531940000
105 0.018414240000
106 0.003596580000
107 -0.010970550000
108 -0.025356450000
109 -0.039385410000
110 -0.052995750000
111 -0.068667820000
112 -0.083157820000
113 -0.097546130000
114 -0.111809110000
115 -0.120445590000
116 -0.128192650000
117 -0.152263860000
118 -0.166776440000
119 -0.180453070000
120 -0.193927120000
121 -0.207201870000
122 -0.220290990000
123 -0.233222080000
124 -0.246039210000
125 -0.264752290000
126 -0.278094040000
127 -0.291611730000
128 -0.305258960000
129 -0.318984020000
130 -0.332730730000
131 -0.346440370000
132 -0.360055150000
133 -0.366065680000
134 -0.352478690000
135 -0.338587050000
136 -0.327039730000
137 -0.539438800000
138 -0.496673380000
139 -0.452866720000
140 -0.408220840000
141 -0.362504280000
142 -0.315728730000
143 -0.268886940000
144 -0.222012030000
145 -0.175137200000
146 -0.128262480000
147 -0.081387940000
148 -0.025414630000

[splus]
1 0.000000000000
2 0.000000000000
3 0.046874830000
4 0.093749660000
5 0.140624490000
6 0.187499300000
7 0.234374110000
8 0.281248930000
9 0.328123750000
10 0.374998560000
11 0.421873370000
12 0.468748200000
13 0.515623010000
14 0.562497830000
15 0.609372640000
16 0.656247440000
17 0.703122250000
18 0.749997040000
19 0.796872000000
20 0.843746800000
21 0.824513500000
22 0.834708170000
23 0.880375350000
24 1.018193450000
25 1.065068110000
26 1.111944460000
27 0.875271640000
28 0.836736660000
29 0.801957600000
30 0.769941270000
31 0.739813430000
32 0.759353810000
33 0.789055850000
34 0.820162820000
35 0.853102130000
36 0.889340420000
37 1.012772980000
38 1.012807160000
39 1.012806860000
40 1.012806650000
41 1.012806520000
42 1.012806450000
43 1.178223220000
44 0.878260720000
45 0.842273730000
46 0.808705700000
47 0.776959750000
48 0.797323410000
49 0.828859050000
50 0.800159770000
51 0.768822100000
52 0.760898850000
53 0.790666270000
54 0.821856110000
55 0.854504990000
56 0.890357470000
57 1.003863640000
58 0.890357210000
59 1.022933150000
60 1.078072900000
61 0.882449190000
62 0.846149110000
63 0.826010880000
64 0.859332210000
65 0.895160370000
66 0.875040260000
67 0.839292640000
68 0.805903400000
69 0.774289890000
70 0.743629240000
71 0.713240570000
72 0.682856330000
73 0.596626680000
74 0.556448640000
75 0.620540210000
76 0.640910580000
77 0.719125980000
78 0.728708430000
79 0.765046560000
80 0.804089340000
81 0.772937080000
82 0.737716810000
83 0.694889230000
84 0.645652500000
85 0.623703990000
86 0.586557530000
87 0.549461230000
88 0.562318090000
89 0.509720800000
90 0.459328600000
91 0.411928720000
92 0.367110520000
93 0.205022550000
94 0.189463840000
95 0.173905580000
96 0.158347290000
97 0.142788970000
98 0.127230590000
99 0.111672160000
100 0.096113650000
101 0.080563900000
102 0.064606310000
103 0.048924620000
104 0.033531940000
105 0.018414240000
106 0.003596580000
107 0.000000000000
108 0.000000000000
109 0.000000000000
110 0.000000000000
111 0.000000000000
112 0.000000000000
113 0.000000000000
114 0.000000000000
115 0.000000000000
116 0.000000000000
117 0.000000000000
118 0.000000000000
119 0.000000000000
120 0.000000000000
121 0.000000000000
122 0.000000000000
123 0.000000000000
124 0.000000000000
125 0.000000000000
126 0.000000000000
127 0.000000000000
128 0.000000000000
129 0.000000000000
130 0.000000000000
131 0.000000000000
132 0.000000000000
133 0.000000000000
134 0.000000000000
135 0.000000000000
136 0.000000000000
137 0.000000000000
138 0.000000000000
139 0.000000000000
140 0.000000000000
141 0.000000000000
142 0.000000000000
143 0.000000000000
144 0.000000000000
145 0.000000000000
146 0.000000000000
147 0.000000000000
148 0.000000000000

[sminus]
1 0.000000000000
2 0.000000000000
3 -0.000000000000
4 0.000000000000
5 0.000000000000
6 0.000000000000
7 0.000000000000
8 0.000000000000
9 0.000000000000
10 0.000000000000
11 0.000000000000
12 0.000000000000
13 0.000000000000
14 0.000000000000
15 0.000000000000
16 0.000000000000
17 0.000000000000
18 0.000000000000
19 0.000000000000
20 0.000000000000
21 -0.000000000000
22 0.000000000000
23 0.000000000000
24 0.000000000000
25 0.000000000000
26 0.000000000000
27 0.000000000000
28 0.000000000000
29 -0.000000000000
30 0.000000000000
31 0.000000000000
32 -0.000000000000
33 0.000000000000
34 -0.000000000000
35 -0.000000000000
36 -0.000000000000
37 0.000000000000
38 0.000000000000
39 0.000000000000
40 0.000000000000
41 0.000000000000
42 0.000000000000
43 0.000000000000
44 0.000000000000
45 0.000000000000
46 0.000000000000
47 0.000000000000
48 0.000000000000
49 0.000000000000
50 0.000000000000
51 -0.000000000000
52 0.000000000000
53 -0.000000000000
54 -0.000000000000
55 0.000000000000
56 0.000000000000
57 0.000000000000
58 0.000000000000
59 0.000000000000
60 0.000000000000
61 0.000000000000
62 0.000000000000
63 0.000000000000
64 0.000000000000
65 0.000000000000
66 0.000000000000
67 0.000000000000
68 0.000000000000
69 0.000000000000
70 0.000000000000
71 0.000000000000
72 0.000000000000
73 0.000000000000
74 0.000000000000
75 0.000000000000
76 0.000000000000
77 0.000000000000
78 0.000000000000
79 0.000000000000
80 0.000000000000
81 0.000000000000
82 0.000000000000
83 0.000000000000
84 0.000000000000
85 0.000000000000
86 0.000000000000
87 0.000000000000
88 0.000000000000
89 0.000000000000
90 0.000000000000
91 0.000000000000
92 0.000000000000
93 0.000000000000
94 0.000000000000
95 0.000000000000
96 0.000000000000
97 0.000000000000
98 0.000000000000
99 0.000000000000
100 0.000000000000
101 0.000000000000
102 0.000000000000
103 0.000000000000
104 0.000000000000
105 0.000000000000
106 0.000000000000
107 0.010970550000
108 0.025356450000
109 0.039385410000
110 0.052995750000
111 0.068667820000
112 0.083157820000
113 0.097546130000
114 0.111809110000
115 0.120445590000
116 0.128192650000
117 0.152263860000
118 0.166776440000
119 0.180453070000
120 0.193927120000
121 0.207201870000
122 0.220290990000
123 0.233222080000
124 0.246039210000
125 0.264752290000
126 0.278094040000
127 0.291611730000
128 0.305258960000
129 0.318984020000
130 0.332730730000
131 0.346440370000
132 0.360055150000
133 0.366065680000
134 0.352478690000
135 0.338587050000
136 0.327039730000
137 0.539438800000
138 0.496673380000
139 0.452866720000
140 0.408220840000
141 0.362504280000
142 0.315728730000
143 0.268886940000
144 0.222012030000
145 0.175137200000
146 0.128262480000
147 0.081387940000
148 0.025414630000

[k]
1 0.000000000000
2 0.000000000000
3 0.062821300000
4 0.127651350000
5 0.062820870000
6 -0.000003320000
7 -0.000006030000
8 -0.000005540000
9 -0.000005400000
10 -0.000005600000
11 -0.000006280000
12 -0.000004960000
13 0.062815760000
14 0.065066890000
15 0.002224770000
16 0.000012280000
17 0.000006600000
18 0.000004250000
19 0.000000980000
20 -0.062825670000
21 -0.127665980000
22 -0.114158570000
23 -0.056621580000
24 -0.000000060000
25 -0.000000040000
26 -0.000000040000
27 -0.062827560000
28 -0.111502160000
29 -0.158509090000
30 -0.204762470000
31 -0.251274340000
32 -0.220757460000
33 -0.176778460000
34 -0.133511210000
35 -0.090422700000
36 -0.045849190000
37 -0.000000100000
38 -0.000000080000
39 -0.000000080000
40 -0.000000070000
41 -0.000000070000
42 -0.000000070000
43 -0.000000020000
44 -0.059185160000
45 -0.104298220000
46 -0.149137470000
47 -0.194356400000
48 -0.165016220000
49 -0.121876130000
50 -0.161025620000
51 -0.206434930000
52 -0.218399290000
53 -0.174473230000
54 -0.131229770000
55 -0.088138950000
56 -0.044635860000
57 -0.000000090000
58 -0.044635550000
59 0.000000040000
60 -0.000000030000
61 -0.054112980000
62 -0.099299560000
63 -0.125664370000
64 -0.082557330000
65 -0.038937280000
66 -0.063107730000
67 -0.108166190000
68 -0.153012920000
69 -0.198295710000
70 -0.245207960000
71 -0.295023630000
72 -0.348603770000
73 -0.376425610000
74 -0.402607330000
75 -0.373491610000
76 -0.319902820000
77 -0.268284250000
78 -0.269223940000
79 -0.212103860000
80 -0.154818070000
81 -0.096057190000
82 -0.075857070000
83 -0.019521140000
84 -0.075189970000
85 -0.131876830000
86 -0.193295510000
87 -0.260225020000
88 -0.335372070000
89 -0.253411890000
90 -0.182104540000
91 -0.117779860000
92 -0.057760010000
93 0.000000140000
94 0.000001370000
95 0.000001410000
96 0.000001480000
97 0.000001580000
98 0.000001710000
99 0.000001900000
100 0.000002150000
101 0.000002530000
102 0.035706430000
103 0.071927490000
104 0.108669760000
105 0.146326950000
106 0.185307150000
107 0.226068540000
108 0.269439910000
109 0.315889280000
110 0.366143530000
111 0.421142430000
112 0.421142810000
113 0.421142970000
114 0.421143080000
115 0.421143070000
116 0.421143140000
117 0.421143400000
118 0.421143440000
119 0.421143450000
120 0.421143450000
121 0.421143430000
122 0.421143400000
123 0.421143340000
124 0.421143260000
125 0.421142550000
126 0.365489220000
127 0.315317640000
128 0.269400920000
129 0.226809320000
130 0.186818290000
131 0.148847110000
132 0.112416860000
133 0.077120610000
134 0.041630020000
135 0.006442180000
136 0.000001620000
137 0.000000090000
138 -0.061791890000
139 -0.125843600000
140 -0.194350300000
141 -0.270158550000
142 -0.357210310000
143 -0.360736410000
144 -0.273146960000
145 -0.196810040000
146 -0.127668590000
147 -0.062826120000
148 0.000000170000

[up]
1 0.000000000000
2 0.000000000000
3 0.049701780000
4 0.105238240000
5 0.149105270000
6 0.187499890000
7 0.234375470000
8 0.281250430000
9 0.328125450000
10 0.375000580000
11 0.421875920000
12 0.468750430000
13 0.546716700000
14 0.597633810000
15 0.610674120000
16 0.656255180000
17 0.703126700000
18 0.750000100000
19 0.796872760000
20 0.894635400000
21 0.925565330000
22 0.926185690000
23 0.928229660000
24 1.018193510000
25 1.065068150000
26 1.111944510000
27 0.928063180000
28 0.926302690000
29 0.923990470000
30 0.921290140000
31 0.918273720000
32 0.920281510000
33 0.922964400000
34 0.925283710000
35 0.927156340000
36 0.928484940000
37 1.012773080000
38 1.012807240000
39 1.012806940000
40 1.012806730000
41 1.012806590000
42 1.012806520000
43 1.178223240000
44 0.928161520000
45 0.926607480000
46 0.924489690000
47 0.921926560000
48 0.923631850000
49 0.925836460000
50 0.923852150000
51 0.921185360000
52 0.920431430000
53 0.923098370000
54 0.925394020000
55 0.926807560000
56 0.928509670000
57 1.003863720000
58 0.928509130000
59 1.022933190000
60 1.078072940000
61 0.928291060000
62 0.926810450000
63 0.925659010000
64 0.927438620000
65 0.928621280000
66 0.928053190000
67 0.926444400000
68 0.924284500000
69 0.921686720000
70 0.918679300000
71 0.915246470000
72 0.911380770000
73 0.812228820000
74 0.771517730000
75 0.843036110000
76 0.837738510000
77 0.904338950000
78 0.917046760000
79 0.920825120000
80 0.923597390000
81 0.844213400000
82 0.791439400000
83 0.707911660000
84 0.692257230000
85 0.702666010000
86 0.695401310000
87 0.686725450000
88 0.743360440000
89 0.633723340000
90 0.539628590000
91 0.458504950000
92 0.387466650000
93 0.205022580000
94 0.189464080000
95 0.173905810000
96 0.158347520000
97 0.142789180000
98 0.127230800000
99 0.111672360000
100 0.096113850000
101 0.080564090000
102 0.066820900000
103 0.052302890000
104 0.037030090000
105 0.021000960000
106 0.004236390000
107 0.000000000000
108 0.000000000000
109 0.000000000000
110 0.000000000000
111 0.000000000000
112 0.000000000000
113 0.000000000000
114 0.000000000000
115 0.000000000000
116 0.000000000000
117 0.000000000000
118 0.000000000000
119 0.000000000000
120 0.000000000000
121 0.000000000000
122 0.000000000000
123 0.000000000000
124 0.000000000000
125 0.000000000000
126 0.000000000000
127 0.000000000000
128 0.000000000000
129 0.000000000000
130 0.000000000000
131 0.000000000000
132 0.000000000000
133 0.000000000000
134 0.000000000000
135 0.000000000000
136 0.000000000000
137 0.000000000000
138 0.000000000000
139 0.000000000000
140 0.000000000000
141 0.000000000000
142 0.000000000000
143 0.000000000000
144 0.000000000000
145 0.000000000000
146 0.000000000000
147 0.000000000000
148 0.000000000000

[down]
1 0.000000000000
2 0.000000000000
3 0.000000000000
4 0.000000000000
5 0.000000000000
6 0.000000000000
7 0.000000000000
8 0.000000000000
9 0.000000000000
10 0.000000000000
11 0.000000000000
12 0.000000000000
13 0.000000000000
14 0.000000000000
15 0.000000000000
16 0.000000000000
17 0.000000000000
18 0.000000000000
19 0.000000000000
20 0.000000000000
21 -0.000000000000
22 0.000000000000
23 0.000000000000
24 0.000000000000
25 0.000000000000
26 0.000000000000
27 0.000000000000
28 0.000000000000
29 -0.000000000000
30 0.000000000000
31 0.000000000000
32 -0.000000000000
33 0.000000000000
34 -0.000000000000
35 -0.000000000000
36 -0.000000000000
37 0.000000000000
38 0.000000000000
39 0.000000000000
40 0.000000000000
41 0.000000000000
42 0.000000000000
43 0.000000000000
44 0.000000000000
45 0.000000000000
46 0.000000000000
47 0.000000000000
48 -0.000000000000
49 -0.000000000000
50 0.000000000000
51 -0.000000000000
52 0.000000000000
53 0.000000000000
54 -0.000000000000
55 0.000000000000
56 0.000000000000
57 0.000000000000
58 0.000000000000
59 0.000000000000
60 0.000000000000
61 0.000000000000
62 0.000000000000
63 0.000000000000
64 0.000000000000
65 0.000000000000
66 0.000000000000
67 0.000000000000
68 0.000000000000
69 -0.000000000000
70 -0.000000000000
71 -0.000000000000
72 0.000000000000
73 0.000000000000
74 0.000000000000
75 0.000000000000
76 0.000000000000
77 0.000000000000
78 0.000000000000
79 0.000000000000
80 0.000000000000
81 0.000000000000
82 0.000000000000
83 0.000000000000
84 0.000000000000
85 0.000000000000
86 0.000000000000
87 0.000000000000
88 0.000000000000
89 0.000000000000
90 0.000000000000
91 -0.000000000000
92 0.000000000000
93 0.000000000000
94 0.000000000000
95 0.000000000000
96 0.000000000000
97 0.000000000000
98 0.000000000000
99 0.000000000000
100 0.000000000000
101 0.000000000000
102 0.000000000000
103 0.000000000000
104 0.000000000000
105 0.000000000000
106 0.000000000000
107 0.013351450000
108 0.031915210000
109 0.051329180000
110 0.071623630000
111 0.096429990000
112 0.116778290000
113 0.136983760000
114 0.157013230000
115 0.169141420000
116 0.180020610000
117 0.213823790000
118 0.234203770000
119 0.253409830000
120 0.272331410000
121 0.290973110000
122 0.309354120000
123 0.327513210000
124 0.345512260000
125 0.371790810000
126 0.375668800000
127 0.379884040000
128 0.384206520000
129 0.388438630000
130 0.392404510000
131 0.395944350000
132 0.398912370000
133 0.393167640000
134 0.366565430000
135 0.340681040000
136 0.327040240000
137 0.539438850000
138 0.526136160000
139 0.507577480000
140 0.484385170000
141 0.456520560000
142 0.423999020000
143 0.362004360000
144 0.280228270000
145 0.208227210000
146 0.143982570000
147 0.086296690000
148 0.025414640000

[left]
1 0.000000000000
2 0.000000000000
3 0.008785440000
4 0.035984080000
5 0.026770240000
6 0.000000580000
7 0.000001310000
8 0.000001450000
9 0.000001650000
10 0.000001950000
11 0.000002460000
12 0.000002160000
13 0.104222510000
14 0.118629660000
15 0.004425990000
16 0.000026490000
17 0.000015360000
18 0.000010620000
19 0.000002640000
20 0.049245320000
21 0.097788700000
22 0.088523560000
23 0.046309010000
24 0.000000060000
25 0.000000040000
26 0.000000050000
27 0.051086810000
28 0.086673790000
29 0.118092220000
30 0.146461560000
31 0.172697510000
32 0.155731070000
33 0.129584420000
34 0.101726360000
35 0.071662880000
36 0.037880470000
37 0.000000100000
38 0.000000070000
39 0.000000070000
40 0.000000070000
41 0.000000070000
42 0.000000070000
43 0.000000020000
44 0.048289420000
45 0.081610470000
46 0.112045130000
47 0.140285600000
48 0.122229730000
49 0.093845840000
50 0.119698140000
51 0.147443200000
52 0.154381010000
53 0.128155640000
54 0.100194500000
55 0.069967800000
56 0.036920200000
57 0.000000080000
58 0.036919930000
59 0.000000150000
60 0.000000030000
61 0.044361560000
62 0.078056660000
63 0.096430330000
64 0.065907140000
65 0.032380400000
66 0.051301050000
67 0.084337490000
68 0.114558370000
69 0.142637140000
70 0.169397400000
71 0.195482800000
72 0.221145000000
73 0.208639990000
74 0.208124150000
75 0.215311130000
76 0.190472030000
77 0.179232130000
78 0.182256570000
79 0.150748210000
80 0.115648940000
81 0.068974690000
82 0.051987800000
83 0.012601910000
84 0.045099780000
85 0.076412200000
86 0.105329030000
87 0.132831730000
88 0.175196190000
89 0.119998290000
90 0.077706970000
91 0.045072210000
92 0.019698800000
93 0.000000090000
94 0.000000790000
95 0.000000750000
96 0.000000710000
97 0.000000680000
98 0.000000660000
99 0.000000640000
100 0.000000620000
101 0.000000610000
102 0.006902830000
103 0.010502400000
104 0.010847060000
105 0.008000530000
106 0.001973950000
107 0.002317610000
108 0.006433580000
109 0.011803090000
110 0.018540530000
111 0.027858590000
112 0.033990950000
113 0.040167770000
114 0.046376820000
115 0.050178150000
116 0.053614740000
117 0.064454010000
118 0.071106910000
119 0.077457780000
120 0.083791610000
121 0.090106520000
122 0.096405780000
123 0.102699840000
124 0.109007910000
125 0.118341800000
126 0.108556700000
127 0.098828750000
128 0.088950010000
129 0.078750820000
130 0.068088120000
131 0.056837800000
132 0.044889300000
133 0.031394030000
134 0.016217940000
135 0.002395640000
136 0.000000580000
137 0.000000060000
138 0.090843550000
139 0.168691520000
140 0.234840010000
141 0.289883550000
142 0.333833410000
143 0.287112040000
144 0.179500060000
145 0.102027530000
146 0.048470270000
147 0.015135330000
148 0.000000000000

[right]
1 0.000000000000
2 0.000000000000
3 0.002735660000
4 0.011117590000
5 0.008206930000
6 0.000001900000
7 0.000004350000
8 0.000004830000
9 0.000005540000
10 0.000006610000
11 0.000008410000
12 0.000007420000
13 0.030089620000
14 0.034001390000
15 0.001259460000
16 0.000007480000
17 0.000004310000
18 0.000002960000
19 0.000000730000
20 0.179269590000
21 0.354971590000
22 0.321824990000
23 0.169493370000
24 0.000000230000
25 0.000000150000
26 0.000000170000
27 0.186840000000
28 0.315194830000
29 0.427239460000
30 0.527351590000
31 0.619016790000
32 0.559840110000
33 0.467916650000
34 0.369027050000
35 0.261237880000
36 0.138827260000
37 0.000000370000
38 0.000000270000
39 0.000000260000
40 0.000000260000
41 0.000000250000
42 0.000000240000
43 0.000000090000
44 0.176686790000
45 0.297024940000
46 0.405768950000
47 0.505644240000
48 0.441903470000
49 0.340878560000
50 0.432933610000
51 0.530797270000
52 0.555115120000
53 0.462868530000
54 0.363561290000
55 0.255111510000
56 0.135328180000
57 0.000000310000
58 0.135327190000
59 0.000000040000
60 0.000000130000
61 0.162415110000
62 0.284253480000
63 0.350118420000
64 0.240477070000
65 0.118771600000
66 0.187617190000
67 0.306814720000
68 0.414697800000
69 0.513915150000
70 0.607535780000
71 0.697892590000
72 0.785892730000
73 0.731770130000
74 0.725460380000
75 0.757939250000
76 0.672588790000
77 0.640443860000
78 0.652190940000
79 0.542389020000
80 0.418532730000
81 0.248462450000
82 0.186286370000
83 0.044865580000
84 0.159370030000
85 0.269116710000
86 0.368853300000
87 0.462513290000
88 0.611236510000
89 0.415261310000
90 0.266802100000
91 0.153602790000
92 0.066656910000
93 0.000000030000
94 0.000000240000
95 0.000000230000
96 0.000000220000
97 0.000000210000
98 0.000000200000
99 0.000000200000
100 0.000000190000
101 0.000000190000
102 0.002143070000
103 0.003269170000
104 0.003385190000
105 0.002503190000
106 0.000619150000
107 0.007341090000
108 0.020222840000
109 0.036826630000
110 0.057435990000
111 0.085600030000
112 0.103663100000
113 0.121599370000
114 0.139379390000
115 0.150145480000
116 0.159802870000
117 0.189809770000
118 0.207900940000
119 0.224950020000
120 0.241746560000
121 0.258294650000
122 0.274611320000
123 0.290730980000
124 0.306708560000
125 0.330035430000
126 0.300855510000
127 0.272172950000
128 0.243421650000
129 0.214151710000
130 0.183994150000
131 0.152637280000
132 0.119809760000
133 0.083564380000
134 0.043434130000
135 0.006456470000
136 0.000001570000
137 0.000000150000
138 0.036132920000
139 0.065848580000
140 0.089898540000
141 0.108731020000
142 0.122578250000
143 0.103151160000
144 0.063067950000
145 0.035039860000
146 0.016262610000
147 0.004958320000
148 0.000000010000
