  0.00000000
  0.00000000
  0.12498766
  0.24996318
  0.12498681
 -0.00000664
 -0.00001207
 -0.00001109
 -0.00001080
 -0.00001120
 -0.00001257
 -0.00000991
  0.12497676
  0.12940656
  0.00444952
  0.00002455
  0.00001319
  0.00000849
  0.00000197
 -0.12499627
 -0.24999065
 -0.22446948
 -0.11276276
 -0.00000013
 -0.00000008
 -0.00000009
 -0.12499998
 -0.21941412
 -0.30699577
 -0.38869046
 -0.46568448
 -0.41577536
 -0.33984004
 -0.26093450
 -0.17891169
 -0.09144265
 -0.00000021
 -0.00000015
 -0.00000015
 -0.00000015
 -0.00000014
 -0.00000014
 -0.00000004
 -0.11782207
 -0.20564754
 -0.28987342
 -0.37073833
 -0.31877681
 -0.23908984
 -0.31156255
 -0.39155161
 -0.41182156
 -0.33573594
 -0.25667048
 -0.17448533
 -0.08903570
 -0.00000018
 -0.08903508
  0.00000008
 -0.00000007
 -0.10780635
 -0.19604820
 -0.24622885
 -0.16363824
 -0.07771772
 -0.12555157
 -0.21304932
 -0.29697589
 -0.37756449
 -0.45595100
 -0.53306917
 -0.60884937
 -0.64532340
 -0.67791254
 -0.64156757
 -0.56917529
 -0.49247267
 -0.49393078
 -0.40119939
 -0.30027367
 -0.18980186
 -0.15056595
 -0.03902245
 -0.14926150
 -0.25788080
 -0.36889374
 -0.47987347
 -0.59082015
 -0.46909172
 -0.34927675
 -0.23134232
 -0.11501022
  0.00000028
  0.00000273
  0.00000283
  0.00000296
  0.00000316
  0.00000343
  0.00000380
  0.00000431
  0.00000506
  0.07129183
  0.14287480
  0.21401124
  0.28470371
  0.35492014
  0.42462970
  0.49426558
  0.56345894
  0.63206811
  0.69999794
  0.69999838
  0.69999857
  0.69999870
  0.69999869
  0.69999878
  0.69999908
  0.69999912
  0.69999913
  0.69999913
  0.69999911
  0.69999907
  0.69999901
  0.69999891
  0.69999808
  0.63121575
  0.56264139
  0.49420514
  0.42585911
  0.35757481
  0.28934006
  0.22115618
  0.15303524
  0.08306844
  0.01288365
  0.00000323
  0.00000019
 -0.12296033
 -0.24656598
 -0.37072772
 -0.49537874
 -0.62033881
 -0.62499236
 -0.49999339
 -0.37499438
 -0.24999555
 -0.12499714
  0.00000034
  0.00000000
