  1.58229007
  1.58229007
  1.58229007
  1.58523481
  1.59720208
  1.60603623
  1.60603561
  1.60603420
  1.60603264
  1.60603087
  1.60602877
  1.60602612
  1.60602379
  1.63841305
  1.67501303
  1.67636875
  1.67637680
  1.67638144
  1.67638463
  1.67638541
  1.62337645
  1.51811413
  1.42282504
  1.37297680
  1.37297673
  1.37297669
  1.37297664
  1.31798546
  1.22468751
  1.09756994
  0.93991487
  0.75401873
  0.58638572
  0.44689764
  0.33739671
  0.26025691
  0.21948137
  0.21948127
  0.21948119
  0.21948111
  0.21948104
  0.21948097
  0.21948090
  0.21948087
  0.16750087
  0.07965322
 -0.04095510
 -0.19196220
 -0.32353350
 -0.42455163
 -0.55339786
 -0.71210959
 -0.87828936
 -1.01623946
 -1.12409144
 -1.19940662
 -1.23914849
 -1.23914858
 -1.27889017
 -1.27889012
 -1.27889016
 -1.32664211
 -1.41066435
 -1.51446448
 -1.58540866
 -1.62026377
 -1.67548557
 -1.76626866
 -1.88958229
 -2.04312065
 -2.22546447
 -2.43588729
 -2.67393358
 -2.89851914
 -3.12254944
 -3.35431600
 -3.55934510
 -3.75227528
 -3.94846103
 -4.11073036
 -4.23521792
 -4.30946408
 -4.36542512
 -4.37899015
 -4.42753674
 -4.50978884
 -4.62316778
 -4.76615134
 -4.95473712
 -5.08390644
 -5.16755226
 -5.21606917
 -5.23727347
 -5.23727344
 -5.23727318
 -5.23727294
 -5.23727270
 -5.23727248
 -5.23727226
 -5.23727205
 -5.23727184
 -5.23727164
 -5.23496478
 -5.23144575
 -5.22780184
 -5.22510734
 -5.22444087
 -5.22692097
 -5.23375301
 -5.24619444
 -5.26559849
 -5.29451742
 -5.32953874
 -5.37061960
 -5.41770723
 -5.46843206
 -5.52241951
 -5.58654444
 -5.65678124
 -5.73277787
 -5.81444900
 -5.90171071
 -5.99448481
 -6.09270473
 -6.19632249
 -6.30782094
 -6.40946132
 -6.50141164
 -6.58364868
 -6.65599723
 -6.71815742
 -6.76972407
 -6.81020034
 -6.83843155
 -6.85310524
 -6.85528648
 -6.85528701
 -6.85528706
 -6.82459667
 -6.76760629
 -6.68826845
 -6.59033482
 -6.47755326
 -6.38055595
 -6.31991404
 -6.28544528
 -6.26907019
 -6.26395690
 -6.26395691
