  0.00000000
  0.00000000
  0.18749963
  0.37499926
  0.56249888
  0.74999851
  0.93749811
  1.12499771
  1.31249730
  1.49999689
  1.68749647
  1.87499605
  2.06249562
  2.24999519
  2.43749474
  2.62499429
  2.81249382
  2.99999333
  3.18749282
  3.37499231
  3.56249175
  3.73607363
  3.90363718
  4.07278195
  4.26028096
  4.44777949
  4.63527479
  4.77689014
  4.90825254
  4.99999256
  4.99999467
  4.99999157
  4.99999165
  4.99959734
  4.87659133
  4.86284036
  4.99999569
  4.99999718
  4.99999718
  4.99999718
  4.99999718
  4.99999718
  4.99999758
  4.99999581
  4.99999571
  4.99999549
  4.99999517
  4.99999541
  4.99999576
  4.99999544
  4.99999507
  4.99999487
  4.99999504
  4.99999503
  4.99999570
  4.99999531
  4.99999713
  4.99999590
  4.99999724
  4.99999738
  4.99999619
  4.99999594
  4.99999571
  4.99999604
  4.99999638
  4.99999616
  4.99999576
  4.99999533
  4.93882690
  4.82124994
  4.70557257
  4.59189410
  4.48036360
  4.38049110
  4.28522044
  4.17661421
  4.06152577
  3.92873279
  3.78962194
  3.63821282
  3.47245405
  3.30551109
  3.13812798
  2.97205248
  2.80912174
  2.64260085
  2.47612938
  2.30970209
  2.12710788
  1.94738484
  1.77048289
  1.59598456
  1.42346868
  1.31544612
  1.20742368
  1.09940109
  0.99137834
  0.88335541
  0.77533226
  0.66730886
  0.55928519
  0.45124934
  0.34387040
  0.23716326
  0.13112271
  0.02579644
 -0.07876945
 -0.18322497
 -0.28701711
 -0.38993437
 -0.49186627
 -0.59657112
 -0.70111568
 -0.80546290
 -0.90957282
 -1.00888758
 -1.10418489
 -1.20760746
 -1.31118585
 -1.41440497
 -1.51723614
 -1.61965983
 -1.72166745
 -1.82326423
 -1.92447203
 -2.02765003
 -2.13051257
 -2.23316727
 -2.33568626
 -2.43811225
 -2.54046330
 -2.64273623
 -2.61595859
 -2.51101048
 -2.40573229
 -2.30017708
 -2.19354273
 -2.00910235
 -1.82369408
 -1.63745151
 -1.45047485
 -1.26303422
 -1.07555209
 -0.88805298
 -0.70055412
 -0.51305565
 -0.32555784
 -0.13806144
  0.00000000
