  3.35510204
  3.35510204
  3.35510204
  3.35456329
  3.35320973
  3.34949687
  3.34289077
  3.33463331
  3.32472474
  3.31316527
  3.29995510
  3.28509454
  3.26858406
  3.25042372
  3.21241844
  3.14902653
  3.07987353
  3.00577539
  2.92673392
  2.84274982
  2.75382482
  2.71049177
  2.75444569
  2.88424110
  3.08434855
  3.29366842
  3.51220105
  3.68421994
  3.89350992
  4.16556597
  4.51647476
  4.95285873
  5.50638486
  6.16362585
  6.90324227
  7.70824619
  8.56763710
  9.55611416
 10.54462460
 11.53313477
 12.52164476
 13.51015463
 14.49866445
 15.64862280
 16.50581458
 17.33630027
 18.14244185
 18.91875009
 19.70142807
 20.48728424
 21.21640863
 21.87047910
 22.44646819
 22.95128383
 23.38404584
 23.75318866
 24.07630895
 24.40316847
 24.69307004
 24.98744798
 25.29769398
 25.55164369
 25.75618814
 25.88789434
 25.93627651
 25.92319660
 25.87992825
 25.79222375
 25.63569322
 25.39301998
 25.05470039
 24.62041104
 24.10065203
 23.56808753
 23.02799692
 22.40756923
 21.78110504
 21.12382167
 20.52682235
 19.99759126
 19.54246815
 19.18748283
 18.89821619
 18.66192316
 18.45062913
 18.27535854
 18.15733322
 18.10837465
 18.13859163
 18.26091586
 18.42766582
 18.60875339
 18.78593999
 18.88867947
 18.98362226
 19.07076857
 19.15011840
 19.22167171
 19.28542852
 19.34138877
 19.38955246
 19.42992397
 19.46229893
 19.48671788
 19.50335178
 19.51242806
 19.51419235
 19.50881714
 19.49633853
 19.47672210
 19.44975717
 19.41367768
 19.36795726
 19.31150604
 19.24311038
 19.16502838
 19.07708208
 18.96679611
 18.83887827
 18.69268587
 18.52739956
 18.34254650
 18.13809076
 17.91452066
 17.67293147
 17.40917735
 17.13116769
 16.84187784
 16.54385871
 16.23916535
 15.92929094
 15.61511048
 15.29683738
 14.98044233
 14.68091629
 14.39584489
 14.12088125
 13.66734000
 13.24975443
 12.86165572
 12.50040283
 12.16723616
 11.86628377
 11.60245998
 11.38149957
 11.20648049
 11.07821834
 10.99683851
 10.97142857
