  0.01052040
  0.20550966
  0.20550241
  0.20600615
  0.20590260
  0.20582928
  0.20576632
  0.20578000
  0.20580485
  0.20583133
  0.20586426
  0.20590998
  0.20594771
  0.20596641
  0.20597870
  0.20598631
  0.20607068
  0.20596916
  0.20601290
  0.20610472
  0.20620689
  0.20646791
  0.20790731
  0.19921694
  0.19346485
  0.19417535
  0.19560469
  0.19840408
  0.19908828
  0.20143892
  0.21159535
  0.21234151
  0.21242436
  0.21245872
  0.21247636
  0.21248714
  0.21254992
  0.21254827
  0.21267068
  0.21358817
  0.21377563
  0.21715057
  0.21693359
  0.21681397
  0.21682177
  0.21673903
  0.23583794
  0.23484971
  0.23905599
  0.24214532
  0.23662729
  0.23256324
  0.22951541
  0.22713850
  0.22519818
  0.22472860
  0.22300654
  0.22129549
  0.21947615
  0.21745305
  0.21514840
  0.21253962
  0.21495972
  0.21400731
  0.21885403
  0.18166927
  0.22710669
  0.23095826
  0.23151921
  0.23193507
  0.23225409
  0.23239679
  0.22246964
  0.22184745
  0.24504855
  0.24545503
  0.24582164
  0.24587995
  0.24582114
  0.24565220
  0.24568099
  0.24566703
  0.24567142
  0.24573627
  0.24583514
  0.24594041
  0.24663474
  0.24627205
  0.24587348
  0.24553038
  0.24527137
