  0.00000000
  0.00000000
  0.02523655
  0.00453386
 -0.04461011
 -0.09331966
 -0.14067487
 -0.17634398
 -0.14591535
 -0.10598755
 -0.06778209
 -0.03734404
 -0.02353481
 -0.02021144
 -0.02089388
 -0.02500307
 -0.02301993
  0.01547125
  0.01733696
  0.04976418
  0.09827599
  0.15074274
  0.20643023
  0.15108621
  0.10046430
  0.08142252
  0.08077628
  0.09494796
  0.12544580
  0.07576135
  0.02970731
  0.00716213
  0.00618501
  0.00622825
  0.00677190
  0.00816675
  0.01827466
  0.06151209
  0.10976142
  0.10679463
  0.05384237
  0.00083014
 -0.05347566
 -0.10904922
 -0.16732076
 -0.23001598
 -0.29930252
 -0.38571344
 -0.42097636
 -0.42089940
 -0.32702566
 -0.24839687
 -0.17963730
 -0.11720293
 -0.05864814
 -0.00212139
  0.05423375
  0.11153028
  0.17127666
  0.23517969
  0.30533864
  0.38448725
  0.42092096
  0.42089117
  0.38057744
  0.30076995
  0.27529934
  0.20890240
  0.14570515
  0.08681459
  0.03278509
  0.03130772
  0.03719240
  0.03038627
  0.03116577
  0.05516964
  0.03791057
  0.02969760
  0.03314485
 -0.01145602
 -0.01430534
 -0.06329676
 -0.12340672
 -0.18863757
 -0.26039550
 -0.34096250
 -0.34774794
 -0.26499426
 -0.19145583
 -0.12436539
 -0.06123652
