  0.02310491
  0.02310491
  0.02544379
  0.03636377
  0.06182904
  0.10149573
  0.15481788
  0.22326372
  0.31018983
  0.35471772
  0.39978039
  0.44574993
  0.49293961
  0.62237631
  0.55951159
  0.49590760
  0.43247932
  0.36963865
  0.30776264
  0.20180471
  0.11758413
  0.06229603
  0.03240082
  0.02349184
  0.02309158
  0.03135311
  0.06055013
  0.11210830
  0.18478928
  0.28109733
  0.39886632
  0.45481999
  0.50999788
  0.56434635
  0.61808182
  0.67194962
  0.72606506
  0.67012498
  0.55324550
  0.43369215
  0.30860080
  0.17621339
  0.04127702
  0.06497413
  0.06191138
  0.03926044
  0.09262174
  0.04011956
  0.04955607
  0.07385516
  0.07159270
  0.08199718
  0.04312197
  0.03694692
  0.03840762
  0.04676114
  0.05851155
  0.04628649
  0.03952568
  0.03744304
  0.03746104
  0.03933144
  0.04430381
  0.05535055
  0.05170648
  0.02935954
  0.03527403
  0.04436242
  0.06231893
  0.07877790
  0.09101757
  0.09778631
  0.09119009
  0.06030515
  0.03764873
  0.02374671
  0.02121681
