  0.02310491
  0.02310491
  0.02164213
  0.02114819
  0.02730338
  0.03917831
  0.05531965
  0.07592561
  0.10176346
  0.11466150
  0.12758148
  0.14062785
  0.15388440
  0.18957105
  0.17235953
  0.15471398
  0.13687558
  0.11895443
  0.10105680
  0.06947677
  0.04409003
  0.02747421
  0.02085617
  0.02294426
  0.02311828
  0.02090205
  0.02823329
  0.04609022
  0.07230638
  0.10792490
  0.15345385
  0.17731650
  0.20168098
  0.22648868
  0.25180898
  0.27798842
  0.30511293
  0.28762568
  0.24300133
  0.19531436
  0.14322180
  0.08583555
  0.02591771
  0.12600551
  0.11767348
  0.06888624
  0.05129242
  0.06883663
  0.08669866
  0.04356125
  0.04287318
  0.04798019
  0.07350030
  0.06202831
  0.06583329
  0.08400921
  0.03413169
  0.02831344
  0.02532686
  0.02437973
  0.02421246
  0.02467654
  0.02627421
  0.03032284
  0.02856583
  0.05458396
  0.07071157
  0.09523019
  0.14369551
  0.19016953
  0.22716466
  0.25059682
  0.23719184
  0.15281444
  0.08885097
  0.04628787
  0.02684481
