 -1.49460000
 -1.49460000
 -1.49460000
 -1.49274581
 -1.48537824
 -1.46878911
 -1.43907033
 -1.39195902
 -1.32266619
 -1.22556071
 -1.11457142
 -0.98967473
 -0.85073459
 -0.69752474
 -0.50590084
 -0.33280388
 -0.17870105
 -0.04379995
  0.07181036
  0.16815517
  0.23050621
  0.26552348
  0.28229529
  0.28791219
  0.28817766
  0.28816438
  0.29342031
  0.30986029
  0.34383012
  0.40235607
  0.49341854
  0.62426782
  0.77402037
  0.94241409
  1.12916879
  1.33407736
  1.55718451
  1.79857391
  2.02106461
  2.20406901
  2.34668377
  2.44703794
  2.50266663
  2.51225825
  2.47359192
  2.43774069
  2.41840571
  2.44578998
  2.42647010
  2.40108922
  2.42211771
  2.44237805
  2.46616767
  2.44526005
  2.42826765
  2.40997327
  2.38550347
  2.40127918
  2.41273794
  2.42165900
  2.42974913
  2.43783816
  2.44666127
  2.45736707
  2.47202695
  2.48540067
  2.47101530
  2.45106850
  2.42280419
  2.37816136
  2.31781775
  2.24497579
  2.16421756
  2.08798804
  2.04026450
  2.01416205
  2.00280441
  2.00000000
