  0.01155356
  0.01155356
  0.03555093
  0.06669412
  0.09806248
  0.13395815
  0.16880581
  0.19578742
  0.23729367
  0.28268738
  0.32886503
  0.36494652
  0.39226910
  0.41785172
  0.44478772
  0.47408091
  0.50019960
  0.53185086
  0.57404299
  0.62315418
  0.68373223
  0.75115150
  0.82432341
  0.78508281
  0.77626035
  0.79882101
  0.83735471
  0.86396433
  0.89147392
  0.91457948
  0.84213617
  0.81687163
  0.78796298
  0.76886627
  0.73903576
  0.70469298
  0.67476617
  0.65396670
  0.63989801
  0.62429504
  0.57904931
  0.52843964
  0.52941090
  0.51572029
  0.49914858
  0.47917621
  0.47870510
  0.45029563
  0.42198463
  0.36102930
  0.29986527
  0.22019820
  0.15340542
  0.09633203
  0.04775710
  0.01329696
  0.00180287
  0.00020219
  0.00002300
  0.00000278
  0.00000036
  0.00000005
  0.00000000
  0.00000000
  0.00000000
  0.00000000
  0.00000000
  0.00000000
  0.00000000
  0.00000000
  0.00000000
  0.00000000
 -0.00000000
 -0.00000000
 -0.00000000
 -0.00000000
 -0.00000000
 -0.00000000
  0.00000000
  0.00000000
  0.00000000
  0.00000000
  0.00000000
  0.00000000
  0.00000000
  0.00000000
  0.00000003
  0.00000046
  0.00000643
  0.00008884
  0.00118142
