  0.00000000
  0.12643831
 -0.05586537
 -0.02373175
 -0.01159965
 -0.00687362
 -0.00453548
 -0.00323009
 -0.01830216
 -0.49899776
 -0.49870664
 -0.49810388
 -0.49612553
  0.47742095
  0.49723662
  0.49855997
  0.49904327
  0.00952731
 -0.00016525
 -0.00011729
 -0.00006442
 -0.00001145
  0.00004302
  0.00010102
  0.00016541
  0.00023725
  0.00032016
  0.00041778
  0.00053691
  0.00068667
  0.00088277
  0.00114847
  0.00151803
  0.00207319
  0.00298960
  0.00495034
  0.15524739
  0.48047441
  0.48888074
  0.49094892
  0.49090723
  0.48829527
  0.47102708
  0.37293388
  0.30092730
  0.30303787
  0.25882799
 -0.24576885
 -0.47487733
 -0.48670261
 -0.48960448
 -0.49043878
 -0.49015284
 -0.48862821
 -0.48469389
 -0.46953936
 -0.10291525
 -0.00526487
 -0.00344080
 -0.00259595
 -0.00202352
 -0.00161219
 -0.00130580
 -0.00107074
 -0.00088580
 -0.00073700
 -0.00061471
 -0.00051186
 -0.00043598
 -0.01355760
 -0.49840676
 -0.49764119
 -0.49538484
 -0.14376369
  0.49622669
  0.49809645
  0.49872460
  0.01246512
  0.00006930
  0.00010249
  0.00014766
  0.00019361
  0.00024913
  0.00031787
  0.00037376
  0.00043681
  0.00051656
  0.00059248
  0.00068161
  0.00075750
 -0.01614988
 -0.49804667
 -0.49731584
 -0.49586808
 -0.49156209
 -0.07256536
  0.49142874
  0.49537076
  0.49667137
  0.49731782
  0.49636028
  0.49675961
  0.49700080
  0.49712563
  0.49715535
  0.49709144
  0.49691408
  0.49656793
  0.49591220
  0.49451880
  0.49031258
  0.33856824
  0.00118790
  0.00066154
  0.00052212
  0.00041790
  0.00033344
  0.00026756
  0.00021211
  0.00016538
  0.00012689
  0.00009278
  0.00006337
  0.00000260
 -0.18776814
 -0.49605013
 -0.49597321
 -0.49774342
 -0.49837589
 -0.49869331
 -0.49890010
 -0.49904673
 -0.49915691
 -0.49924339
 -0.49931377
 -0.49937303
 -0.49942562
 -0.00165122
  0.49882279
  0.49869341
  0.49811852
  0.49785943
  0.49725313
  0.49612639
  0.49364151
  0.48842703
  0.47410725
 -0.45452080
 -0.48901023
 -0.49307834
 -0.49457514
 -0.49527549
 -0.49560223
 -0.49569394
 -0.49560112
 -0.49533999
 -0.49975802
 -0.49973052
 -0.49968451
 -0.49959197
 -0.49936670
 -0.49823732
  0.49921645
  0.49964444
  0.49975236
  0.49980237
  0.49983149
  0.11910023
  0.00921523
  0.00250630
  0.00163399
 -0.00607114
 -0.11345915
 -0.49255395
 -0.48947008
 -0.48325310
 -0.46223483
  0.38637812
  0.47692694
  0.48715538
  0.49125292
  0.12987628
  0.01695234
  0.00677995
  0.00615118
  0.00651077
  0.00702224
  0.00760409
  0.00824271
  0.00885364
  0.00884748
  0.00467728
 -0.02379061
 -0.17906991
 -0.48343758
 -0.47720316
 -0.46778805
 -0.44982337
 -0.40072084
 -0.00650325
  0.39631986
  0.44352779
  0.46067627
  0.46990632
  0.47680581
  0.33467072
  0.19630313
  0.00725356
 -0.22152716
 -0.37752990
  0.00000000
