1 1 1 0.036674816626
1 1 2 23.856968215159
1 2 1 18.520782396088
1 2 2 23.783618581907
1 3 1 6.344743276284
1 3 2 21.436430317848
1 4 1 0.110024449878
1 4 2 21.436430317848
2 1 1 8.728606356968
2 1 2 15.165036674817
2 2 1 29.963325183374
2 2 2 16.155256723716
2 3 1 29.889975550122
2 3 2 11.644254278729
2 4 1 23.655256723716
2 4 2 12.377750611247
3 1 1 7.953995157385
3 1 2 0.054479418886
3 2 1 7.953995157385
3 2 2 6.918886198547
3 3 1 10.895883777240
3 3 2 6.918886198547
3 4 1 11.004842615012
3 4 2 0.018159806295
4 1 1 16.961259079903
4 1 2 10.042372881356
4 2 1 17.033898305085
4 2 2 0.054479418886
4 3 1 20.012106537530
4 3 2 0.018159806295
4 4 1 19.975786924939
4 4 2 10.986682808717
