  0.00000000
  0.74999794
  0.74999781
  0.74999766
  0.74999748
  0.74999728
  0.74999706
  0.74999679
  0.74999647
  0.74999607
  0.74999556
  0.74999498
  0.74999410
  0.74999283
  0.74999082
  0.74998710
  0.74998240
  0.74996723
  0.74991999
 -0.47107241
 -0.74996231
 -0.74997680
 -0.74998629
 -0.74998971
 -0.74999181
 -0.74999328
 -0.74999439
 -0.74999530
 -0.74999601
 -0.74999653
 -0.74999692
 -0.74999723
 -0.74999743
 -0.74999755
 -0.74999759
 -0.74999759
 -0.74999753
 -0.74999744
 -0.74999724
 -0.74999685
 -0.74999638
 -0.74999559
 -0.74999422
 -0.74999183
 -0.74998355
  0.37961606
  0.74998468
  0.74999238
  0.74999481
  0.74999597
  0.74999664
  0.74999708
  0.74999738
  0.00000000
