  0.00151111
  0.24814286
  0.24795775
  0.24776558
  0.24754994
  0.24731421
  0.24767200
  0.24768799
  0.24773120
  0.24776737
  0.24778738
  0.24995775
  0.24995746
  0.24995754
  0.24996035
  0.24996821
  0.24973026
  0.24447305
  0.19824084
  0.19966918
  0.24999560
  0.22418815
  0.24999480
  0.24999481
  0.24999483
  0.24999483
  0.24999479
  0.24999463
  0.24999670
  0.24999651
  0.24999629
  0.24999606
  0.24999649
  0.24999573
  0.24999487
  0.24999388
  0.24999263
  0.24981280
  0.24884248
  0.24533806
  0.24124654
  0.23665071
  0.23135539
  0.24556367
  0.24481672
  0.24432215
  0.24998379
  0.24998640
  0.24999114
  0.24998870
  0.24998522
  0.24997955
  0.24996777
