  0.00000000
  0.00000000
  0.06233491
  0.12658631
  0.19495781
  0.27019719
  0.28717691
  0.21001002
  0.14046964
  0.07560423
  0.01310048
  0.00000722
 -0.06280568
 -0.12763237
 -0.19675380
 -0.27306272
 -0.32120652
 -0.23916966
 -0.16788290
 -0.11434440
 -0.06282417
  0.00000133
 -0.00000168
  0.06282382
  0.12766492
  0.19680440
  0.27313837
  0.36072280
  0.42114212
  0.42114223
  0.42114224
  0.42114214
  0.36071948
  0.27313491
  0.19680100
  0.12766170
  0.06282088
 -0.00000420
 -0.06278357
 -0.12731582
 -0.19508316
 -0.26838007
 -0.35016162
 -0.42114181
 -0.42114200
 -0.42114213
 -0.42114194
 -0.42114146
 -0.36069913
 -0.27312023
 -0.19679051
 -0.12765501
 -0.06281849
