  0.00000000
  0.00000000
  0.04614657
  0.09218723
  0.13810762
  0.18389293
  0.23009838
  0.27612209
  0.32219010
  0.36827170
  0.41434643
  0.46442765
  0.51128585
  0.55814465
  0.60501003
  0.65189005
  0.69808741
  0.72918043
  0.62763211
  0.66183795
  0.80513848
  0.67999034
  0.71623194
  0.66935979
  0.62248743
  0.57561488
  0.52874215
  0.48186915
  0.43500006
  0.38812625
  0.34125248
  0.29437879
  0.24750586
  0.20063173
  0.15375797
  0.10688462
  0.06001177
  0.01313033
 -0.03354344
 -0.07885946
 -0.12193403
 -0.16242926
 -0.19985716
 -0.25473999
 -0.29905311
 -0.34330854
 -0.32807905
 -0.28121406
 -0.23434910
 -0.18747592
 -0.14060345
 -0.09373207
 -0.04686272
