  0.01155245
  0.01155245
  0.04998287
  0.10346395
  0.16396074
  0.23159321
  0.29353416
  0.33179096
  0.36563775
  0.39500097
  0.41955749
  0.46443090
  0.54211296
  0.62653231
  0.71928624
  0.82277621
  0.91334855
  0.89660173
  0.72878568
  0.73448811
  0.85369734
  0.67999120
  0.71623309
  0.70972945
  0.69877845
  0.68436708
  0.66738512
  0.64873748
  0.61086903
  0.54504435
  0.47921968
  0.41339509
  0.33321485
  0.25323941
  0.18280925
  0.12001454
  0.06410701
  0.01937861
  0.00221644
  0.00016411
  0.00001315
  0.00000123
  0.00000014
  0.00000001
  0.00000000
  0.00000000
  0.00000000
  0.00000000
  0.00000002
  0.00000027
  0.00000430
  0.00006742
  0.00103135
