  0.00000000
  0.49983355
  0.49981448
  0.49975099
  0.49952833
  0.10475664
 -0.49946801
 -0.49968276
 -0.49976655
 -0.49997331
 -0.10565828
 -0.49997010
 -0.49996803
 -0.49996337
 -0.49994714
 -0.28466844
  0.49995480
  0.49997880
  0.49997490
  0.49997373
  0.49999263
 -0.00002695
  0.49999433
  0.49999454
  0.49999410
  0.49999264
  0.49998758
  0.30009876
  0.00000055
  0.00000002
 -0.00000045
 -0.30011462
 -0.49998805
 -0.49999310
 -0.49999469
 -0.49999539
 -0.49999569
 -0.49999435
 -0.49999402
 -0.49999289
 -0.49999064
 -0.49998328
 -0.38492096
 -0.00000091
 -0.00000064
  0.00000092
  0.00000227
  0.30022928
  0.49998230
  0.49998943
  0.49999166
  0.49999262
  0.49999301
  0.00000000
