  0.01155245
  0.01155245
  0.00102992
  0.00006362
  0.00000362
  0.00000022
  0.00000001
  0.00000000
  0.00000000
  0.00000000
  0.00000000
  0.00000000
  0.00000000
  0.00000000
  0.00000000
  0.00000000
  0.00000000
  0.00000000
  0.00000000
  0.00000000
 -0.00000000
  0.00000000
  0.00000000
  0.00000000
  0.00000000
  0.00000000
 -0.00000000
  0.00000000
 -0.00000000
 -0.00000000
 -0.00000000
  0.00000000
 -0.00000000
 -0.00000000
 -0.00000000
  0.00000000
  0.00000000
 -0.00000000
  0.00000000
  0.00000000
  0.00000000
  0.00000000
  0.00000000
  0.00000000
 -0.00000000
 -0.00000000
 -0.00000000
 -0.00000000
  0.00000000
  0.00000000
 -0.00000000
 -0.00000000
 -0.00000000
 -0.00000000
 -0.00000000
 -0.00000000
  0.00000000
  0.00000000
  0.00000000
  0.00000000
  0.00000000
 -0.00000000
  0.00000000
  0.00000000
 -0.00000000
 -0.00000000
  0.00000000
  0.00000000
  0.00000000
  0.00000000
 -0.00000000
  0.00000000
  0.00000000
  0.00000000
 -0.00000000
 -0.00000000
 -0.00000000
 -0.00000000
 -0.00000000
 -0.00000000
 -0.00000000
 -0.00000000
 -0.00000000
 -0.00000000
  0.00000000
  0.00000000
  0.00000000
  0.00000000
  0.00000000
  0.00000000
  0.00000000
  0.00000001
  0.00369653
  0.00399086
  0.00406140
  0.00413502
  0.00421300
  0.00429570
  0.00438356
  0.00447702
  0.00457660
  0.00468287
  0.00479649
  0.00491820
  0.00504882
  0.00518931
  0.00533989
  0.00299830
  0.00305935
  0.00597923
  0.00627028
  0.00656735
  0.00689826
  0.00726749
  0.00768394
  0.00815945
  0.00870971
  0.00933638
  0.01010826
  0.01359590
  0.02001128
  0.05607517
  0.09908932
  0.15470606
  0.21638894
  0.28489623
  0.36160011
  0.44876440
  0.53392871
  0.59973089
  0.66552681
  0.69802638
  0.71358225
  0.72775340
  0.73376275
  0.64360724
  0.56242919
  0.54665986
  0.52614400
  0.50153099
  0.47328353
  0.44170709
  0.37860530
  0.29580321
  0.22290506
  0.15785000
  0.09945907
  0.04784273
