  0.00691127
  0.24998206
  0.24998200
  0.24998211
  0.24998190
  0.24998189
  0.24998190
  0.24998190
  0.24998190
  0.24998190
  0.24998190
  0.24998196
  0.24998196
  0.24998198
  0.24998199
  0.24998199
  0.24998199
  0.24998283
  0.24998277
  0.24919119
  0.23336560
  0.23511100
  0.24998292
  0.24998293
  0.24998294
  0.24998294
  0.24999162
  0.19580078
  0.19318817
  0.19061060
  0.17593420
  0.17707997
  0.17966339
  0.18241811
  0.18492794
  0.18744418
  0.19010088
  0.24998689
  0.24998715
  0.24998715
  0.24998715
  0.24998715
  0.24998875
  0.18171928
  0.17866779
  0.17448887
  0.16989738
  0.16675957
  0.16395996
  0.17639201
  0.19023656
  0.19278323
  0.19525790
  0.19786834
  0.24996722
  0.24996720
  0.24996819
  0.24996817
  0.24996815
  0.24997770
  0.18156054
  0.17078813
  0.16131879
  0.15483091
  0.15016748
  0.15589448
  0.15822301
  0.15544293
  0.15264678
  0.14970839
  0.14655627
  0.14950612
  0.16043365
  0.16851065
  0.18201070
  0.19741872
  0.21542760
  0.23700284
  0.24997495
  0.24997573
  0.24997576
  0.24997597
  0.24997590
  0.24997592
  0.24998040
  0.24998811
  0.24998986
  0.24999023
  0.24998961
  0.24998909
  0.24998864
  0.24998824
  0.02924369
  0.02823240
  0.02858996
  0.02896651
  0.02935741
  0.02976365
  0.03018635
  0.03062683
  0.03108654
  0.03156716
  0.03207065
  0.03259925
  0.03315560
  0.03374285
  0.03437133
  0.06059587
  0.06716722
  0.03993207
  0.04071196
  0.04178482
  0.04299086
  0.04439169
  0.04606410
  0.04815429
  0.05102337
  0.05718118
  0.07992810
  0.17695665
  0.07967223
  0.24955657
  0.24998522
  0.24998461
  0.24998389
  0.24998296
  0.24998166
  0.24997966
  0.24998330
  0.24998265
  0.24998186
  0.24998250
  0.24998179
  0.24998151
  0.24998334
  0.24998393
  0.24999467
  0.24999471
  0.24999474
  0.24999477
  0.24999478
  0.24999480
  0.24999538
  0.24999523
  0.24999510
  0.24999500
  0.24999490
  0.24999121
