  0.02310491
  0.02310491
  0.02703698
  0.03268612
  0.02301539
  0.02294042
  0.02292471
  0.02290246
  0.02286973
  0.02281836
  0.02272830
  0.02269431
  0.11212175
  0.03088664
  0.02400191
  0.02357691
  0.02342020
  0.02320201
  0.05789836
  0.09442479
  0.10336976
  0.05967536
  0.02310503
  0.02310484
  0.02310486
  0.02310487
  0.02310494
  0.06263210
  0.09948997
  0.13401473
  0.16692029
  0.17263274
  0.18305699
  0.15240212
  0.12051473
  0.08689183
  0.05086381
  0.02310493
  0.02310488
  0.02310488
  0.02310488
  0.02310488
  0.02310488
  0.06261633
  0.09687610
  0.12893402
  0.15918349
  0.18802847
  0.21542577
  0.18777404
  0.15776527
  0.12466565
  0.08978608
  0.05240218
  0.02310494
  0.02310488
  0.02310488
  0.02310488
  0.02310488
  0.02310488
  0.06261481
  0.09684250
  0.12749382
  0.15542481
  0.17591768
  0.15083814
  0.14833688
  0.17514994
  0.20133218
  0.22704541
  0.25246632
  0.25477579
  0.22922834
  0.19759047
  0.18850770
  0.15761962
  0.12328788
  0.08417529
  0.03680056
  0.02287425
  0.02295293
  0.04715043
  0.08468796
  0.11891220
  0.15077277
  0.18126457
  0.19921214
  0.15656990
  0.10947212
  0.07353948
  0.04620690
  0.02627279
  0.02310505
  0.02311526
  0.02311525
  0.02311519
  0.02311514
  0.02311510
  0.02311505
  0.02311500
  0.02311496
  0.02311492
  0.02311487
  0.02311483
  0.02311479
  0.02311476
  0.02311469
  0.02311001
  0.02271966
  0.02311284
  0.02311454
  0.02311453
  0.02311450
  0.02311449
  0.02311447
  0.02311446
  0.02311475
  0.02313260
  0.02318051
  0.02303697
  0.02241654
  0.02106134
  0.02310552
  0.02252273
  0.03682978
  0.06100824
  0.09544483
  0.14327919
  0.19074243
  0.21703953
  0.24425789
  0.23115213
  0.19595657
  0.15748667
  0.11329139
  0.05570571
  0.02310293
  0.10742581
  0.18866112
  0.25727708
  0.31469207
  0.36184625
  0.31179778
  0.20101132
  0.12076432
  0.06491795
  0.03269169
  0.02310461
