task_id 1

[x]
1 3.355102040000
2 3.355102040000
3 3.355102040000
4 3.354563400000
5 3.353216270000
6 3.350385700000
7 3.346627740000
8 3.341967220000
9 3.336422700000
10 3.330016600000
11 3.322777720000
12 3.314746300000
13 3.305986390000
14 3.296545690000
15 3.268682370000
16 3.235741110000
17 3.199800270000
18 3.161023290000
19 3.119468830000
20 3.075254070000
21 3.070511000000
22 3.139875680000
23 3.299205640000
24 3.526167560000
25 3.764000700000
26 4.012702640000
27 4.272266000000
28 4.542454160000
29 4.745567460000
30 4.983774100000
31 5.282249220000
32 5.656882850000
33 6.132098040000
34 6.691985490000
35 7.361814900000
36 8.116505490000
37 8.936827860000
38 9.810291170000
39 11.001988720000
40 12.239996760000
41 13.478064050000
42 14.716131330000
43 15.954198610000
44 17.192270310000
45 18.059243070000
46 18.894546250000
47 19.697210150000
48 20.458711060000
49 21.162429340000
50 21.784804720000
51 22.345618590000
52 22.828210280000
53 23.229281520000
54 23.557164190000
55 23.830708480000
56 24.139012520000
57 24.459782110000
58 24.792925430000
59 25.126083520000
60 25.459241550000
61 25.792409920000
62 26.025727390000
63 26.204452400000
64 26.303190150000
65 26.301858230000
66 26.184997150000
67 25.930303990000
68 25.567344420000
69 25.124935610000
70 24.605164660000
71 24.020879400000
72 23.396926460000
73 22.742212850000
74 22.068392130000
75 21.430281940000
76 20.835689920000
77 20.309292610000
78 19.855771370000
79 19.466236870000
80 19.136125780000
81 18.844443050000
82 18.569812570000
83 18.312177080000
84 18.095456630000
85 17.940711220000
86 17.862630430000
87 17.869610620000
88 17.962997320000
89 18.130719870000
90 18.333774790000
91 18.541518480000
92 18.735547670000
93 18.905185240000
94 18.921495480000
95 18.936807190000
96 18.951887900000
97 18.966731300000
98 18.981327390000
99 18.995665530000
100 19.009734420000
101 19.023522030000
102 19.037015540000
103 19.050201250000
104 19.063064540000
105 19.075589730000
106 19.087759990000
107 19.099557190000
108 19.110963990000
109 19.129978260000
110 19.148912520000
111 19.158761750000
112 19.167948080000
113 19.176481460000
114 19.184316510000
115 19.191403340000
116 19.197682120000
117 19.203080000000
118 19.207508680000
119 19.210939880000
120 19.213338050000
121 19.211231130000
122 19.202863250000
123 19.166162020000
124 19.096271210000
125 18.993313880000
126 18.856042710000
127 18.681313100000
128 18.463404670000
129 18.193715300000
130 17.861527700000
131 17.460047800000
132 16.992800140000
133 16.472278730000
134 15.917865420000
135 15.344611360000
136 14.764577880000
137 14.250713960000
138 13.787456870000
139 13.362797460000
140 12.968334590000
141 12.600326440000
142 12.259134770000
143 11.948242380000
144 11.673014490000
145 11.439960710000
146 11.252636600000
147 11.112024110000
148 11.018290060000
149 10.971428570000

[y]
1 4.861224490000
2 4.861224490000
3 4.861224490000
4 4.908086610000
5 5.001807220000
6 5.142373790000
7 5.329795800000
8 5.564073540000
9 5.845207120000
10 6.173196700000
11 6.548042490000
12 6.969744890000
13 7.438304740000
14 7.953722280000
15 8.515397220000
16 9.123732500000
17 9.778833680000
18 10.480708210000
19 11.229359970000
20 12.024790420000
21 12.865614330000
22 13.693749390000
23 14.557562010000
24 15.508871710000
25 16.505748490000
26 17.548181580000
27 18.636140080000
28 19.768632280000
29 20.619980610000
30 21.420610290000
31 22.159639540000
32 22.820581030000
33 23.404757720000
34 23.890394540000
35 24.282757860000
36 24.582680920000
37 24.801768410000
38 24.960609400000
39 25.125594190000
40 25.296990460000
41 25.468394920000
42 25.639799350000
43 25.811203760000
44 25.982608760000
45 26.102636900000
46 26.171793770000
47 26.164376550000
48 26.060484810000
49 25.847027500000
50 25.519467480000
51 25.043325130000
52 24.443094760000
53 23.742275240000
54 22.962494450000
55 22.119649430000
56 21.005024820000
57 19.845333120000
58 18.640906040000
59 17.436425470000
60 16.231945040000
61 15.027427150000
62 14.183904440000
63 13.365030670000
64 12.566853660000
65 11.794066660000
66 11.053896640000
67 10.318768720000
68 9.627421080000
69 9.021521490000
70 8.523524080000
71 8.157431220000
72 7.945270970000
73 7.900395020000
74 8.032344720000
75 8.323211890000
76 8.754868500000
77 9.317235910000
78 9.987105880000
79 10.744801590000
80 11.532841080000
81 12.285910860000
82 12.995362990000
83 13.661164960000
84 14.292041340000
85 14.892638740000
86 15.460667790000
87 15.987152380000
88 16.457646190000
89 16.856634940000
90 17.184841170000
91 17.452822510000
92 17.671313070000
93 17.848558050000
94 17.865082240000
95 17.880594800000
96 17.895873650000
97 17.910912370000
98 17.925700820000
99 17.940228220000
100 17.954483100000
101 17.968453250000
102 17.982125670000
103 17.995486490000
104 18.008520850000
105 18.021212860000
106 18.033545450000
107 18.045500240000
108 18.057059630000
109 18.076328640000
110 18.095516750000
111 18.105490070000
112 18.114792290000
113 18.123433490000
114 18.131367690000
115 18.138544320000
116 18.144902790000
117 18.150369280000
118 18.154854330000
119 18.158329280000
120 18.160758140000
121 18.158623980000
122 18.150149850000
123 18.113055220000
124 18.042875490000
125 17.939492440000
126 17.804157260000
127 17.640171240000
128 17.454181170000
129 17.258249490000
130 17.073277370000
131 16.927656210000
132 16.848362740000
133 16.864754280000
134 16.986470720000
135 17.207602000000
136 17.514166200000
137 17.841470680000
138 18.160401760000
139 18.452761530000
140 18.705905510000
141 18.912099710000
142 19.067628580000
143 19.172482770000
144 19.230267200000
145 19.254948650000
146 19.262727980000
147 19.263376180000
148 19.262125690000
149 19.261224490000

[theta]
1 1.582290070000
2 1.582290070000
3 1.582290070000
4 1.585169210000
5 1.590930470000
6 1.590844440000
7 1.590686830000
8 1.590515780000
9 1.590325250000
10 1.590105550000
11 1.589839260000
12 1.589489540000
13 1.589110890000
14 1.620363240000
15 1.624893340000
16 1.625604420000
17 1.625987960000
18 1.626245150000
19 1.626325140000
20 1.576437240000
21 1.487231280000
22 1.388396720000
23 1.336595980000
24 1.336596080000
25 1.336596030000
26 1.336595990000
27 1.336595960000
28 1.336595990000
29 1.281612520000
30 1.186954270000
31 1.055132660000
32 0.887890640000
33 0.714499590000
34 0.529887600000
35 0.378273320000
36 0.260983460000
37 0.179886170000
38 0.137570690000
39 0.137570710000
40 0.137570690000
41 0.137570670000
42 0.137570660000
43 0.137570640000
44 0.137570620000
45 0.082604130000
46 -0.009240490000
47 -0.135593080000
48 -0.294507000000
49 -0.484470420000
50 -0.703925020000
51 -0.893614570000
52 -1.051001890000
53 -1.172759900000
54 -1.256972630000
55 -1.300944160000
56 -1.300944130000
57 -1.300944150000
58 -1.300944170000
59 -1.300944190000
60 -1.300944200000
61 -1.300944220000
62 -1.355909070000
63 -1.447717520000
64 -1.572519850000
65 -1.727387840000
66 -1.904314890000
67 -2.054245660000
68 -2.201484020000
69 -2.377584650000
70 -2.581868530000
71 -2.813830800000
72 -3.073156820000
73 -3.334968810000
74 -3.569280850000
75 -3.769537060000
76 -3.960016340000
77 -4.117246880000
78 -4.237521830000
79 -4.315694960000
80 -4.342856880000
81 -4.343050600000
82 -4.343178510000
83 -4.381496070000
84 -4.460221050000
85 -4.575785910000
86 -4.725646310000
87 -4.908328890000
88 -5.110330700000
89 -5.266431300000
90 -5.371834600000
91 -5.438559060000
92 -5.475859870000
93 -5.491271170000
94 -5.491271030000
95 -5.491260930000
96 -5.491250850000
97 -5.491240810000
98 -5.491230820000
99 -5.491220880000
100 -5.491210980000
101 -5.491201130000
102 -5.491191320000
103 -5.491181560000
104 -5.491171830000
105 -5.491162150000
106 -5.491152500000
107 -5.491142890000
108 -5.491133340000
109 -5.491128360000
110 -5.491526720000
111 -5.491518980000
112 -5.491509590000
113 -5.491500220000
114 -5.491490870000
115 -5.491481550000
116 -5.491472260000
117 -5.491463000000
118 -5.491453500000
119 -5.491427520000
120 -5.491364790000
121 -5.491478280000
122 -5.492456270000
123 -5.495724540000
124 -5.495723920000
125 -5.504888790000
126 -5.529495150000
127 -5.576648950000
128 -5.654888890000
129 -5.775113230000
130 -5.935231890000
131 -6.115083520000
132 -6.314665520000
133 -6.499297750000
134 -6.651344930000
135 -6.769394350000
136 -6.850330170000
137 -6.886120000000
138 -6.886122260000
139 -6.853734390000
140 -6.793900380000
141 -6.710885310000
142 -6.608473270000
143 -6.490130770000
144 -6.388696540000
145 -6.324690170000
146 -6.287795130000
147 -6.269845180000
148 -6.263956610000
149 -6.263956910000

[v]
1 0.000000000000
2 0.000000000000
3 0.187474350000
4 0.374948000000
5 0.562420990000
6 0.749893060000
7 0.937364250000
8 1.124834450000
9 1.312303540000
10 1.499771350000
11 1.687237660000
12 1.874702230000
13 2.062164750000
14 2.249624740000
15 2.437081600000
16 2.624534460000
17 2.811982070000
18 2.999422470000
19 3.186853030000
20 3.374265770000
21 3.561086060000
22 3.736039130000
23 3.912303880000
24 4.099700210000
25 4.287052510000
26 4.474277770000
27 4.657262930000
28 4.470065190000
29 4.323838680000
30 4.181439810000
31 4.318278410000
32 4.252626860000
33 4.125266060000
34 4.255532970000
35 4.391457830000
36 4.529747680000
37 4.670092120000
38 4.812508520000
39 4.999521900000
40 4.999761150000
41 4.999761130000
42 4.999761120000
43 4.999746840000
44 4.816450790000
45 4.691170960000
46 4.600282890000
47 4.523643840000
48 4.409820540000
49 4.289530390000
50 4.170705300000
51 4.048517900000
52 4.188481370000
53 4.332274510000
54 4.478347240000
55 4.626515320000
56 4.813577260000
57 4.999242410000
58 4.999464840000
59 4.999464600000
60 4.999429110000
61 4.820407330000
62 4.907546730000
63 4.985537970000
64 4.991174980000
65 4.990018270000
66 4.990545340000
67 4.935019610000
68 4.826379320000
69 4.715694630000
70 4.605634810000
71 4.496816060000
72 4.389450890000
73 4.279766580000
74 4.161613660000
75 4.036886240000
76 3.901823340000
77 3.755110480000
78 3.594734950000
79 3.417896160000
80 3.230652040000
81 3.043304740000
82 2.855916780000
83 2.668508370000
84 2.481088420000
85 2.293661410000
86 2.106223650000
87 1.918766910000
88 1.731300190000
89 1.543829070000
90 1.356356750000
91 1.168884670000
92 0.981414120000
93 0.793946940000
94 0.772038810000
95 0.750889800000
96 0.729473330000
97 0.707775200000
98 0.685784710000
99 0.663490410000
100 0.640880030000
101 0.617940310000
102 0.594656920000
103 0.571014280000
104 0.546995350000
105 0.522581440000
106 0.497751880000
107 0.472483700000
108 0.446746190000
109 0.401344410000
110 0.351019230000
111 0.321124370000
112 0.290649350000
113 0.259375490000
114 0.227204350000
115 0.193991910000
116 0.159537630000
117 0.123533270000
118 0.085403810000
119 0.042704590000
120 -0.016947430000
121 -0.149478940000
122 -0.209100070000
123 -0.396203570000
124 -0.583655920000
125 -0.771116330000
126 -0.958579630000
127 -1.146043160000
128 -1.333504620000
129 -1.520960740000
130 -1.708411860000
131 -1.895849930000
132 -2.083263590000
133 -2.270633210000
134 -2.457885670000
135 -2.624432380000
136 -2.437152700000
137 -2.249756050000
138 -2.062313650000
139 -1.874852830000
140 -1.687381380000
141 -1.499903200000
142 -1.312420470000
143 -1.124934520000
144 -0.937446200000
145 -0.749956950000
146 -0.562467200000
147 -0.374977220000
148 -0.187487200000
149 0.000000000000

[a]
1 0.000000000000
2 0.749951220000
3 0.749948590000
4 0.749945660000
5 0.749942560000
6 0.749939070000
7 0.749935140000
8 0.749930670000
9 0.749925530000
10 0.749919560000
11 0.749912560000
12 0.749904230000
13 0.749894070000
14 0.749881480000
15 0.749865460000
16 0.749844440000
17 0.749815630000
18 0.749773720000
19 0.749702620000
20 0.749706640000
21 0.749695220000
22 0.749708640000
23 0.749636560000
24 0.749460350000
25 0.748952160000
26 0.731990620000
27 -0.748816090000
28 -0.746812700000
29 -0.737099300000
30 0.717896040000
31 -0.373159670000
32 -0.719227550000
33 0.725060970000
34 0.745128060000
35 0.747803950000
36 0.748726570000
37 0.749162250000
38 0.748092760000
39 0.000957030000
40 -0.000000060000
41 -0.000000060000
42 -0.000057090000
43 -0.733217200000
44 -0.689414100000
45 -0.508698720000
46 -0.439220130000
47 -0.669953210000
48 -0.721338770000
49 -0.724720210000
50 -0.692703670000
51 0.735733830000
52 0.745879870000
53 0.748101520000
54 0.748821580000
55 0.748345880000
56 0.742758030000
57 0.000889840000
58 -0.000000960000
59 -0.000141960000
60 -0.716151000000
61 0.479946840000
62 0.456659410000
63 0.034943280000
64 -0.007470750000
65 0.003509840000
66 -0.356175080000
67 -0.686627620000
68 -0.712059980000
69 -0.721009760000
70 -0.726871410000
71 -0.732586680000
72 -0.733644290000
73 -0.736459710000
74 -0.740175290000
75 -0.742060230000
76 -0.743155750000
77 -0.744452100000
78 -0.746146330000
79 -0.749051530000
80 -0.749461950000
81 -0.749624510000
82 -0.749705710000
83 -0.749752050000
84 -0.749780270000
85 -0.749809820000
86 -0.749862640000
87 -0.749897270000
88 -0.749913820000
89 -0.749920420000
90 -0.749921070000
91 -0.749916300000
92 -0.749904000000
93 -0.749157540000
94 -0.749104000000
95 -0.749090550000
96 -0.749076310000
97 -0.749061000000
98 -0.749044490000
99 -0.749026650000
100 -0.749007300000
101 -0.748986250000
102 -0.748963260000
103 -0.748938070000
104 -0.748910340000
105 -0.748879680000
106 -0.748845580000
107 -0.748807670000
108 -0.749255370000
109 -0.749252160000
110 -0.748642750000
111 -0.748551980000
112 -0.748467360000
113 -0.748325220000
114 -0.748168020000
115 -0.747963860000
116 -0.747687400000
117 -0.747293990000
118 -0.746735560000
119 -0.746320960000
120 -0.748949020000
121 -0.748330140000
122 -0.749743840000
123 -0.749853710000
124 -0.749887810000
125 -0.749901520000
126 -0.749905230000
127 -0.749900870000
128 -0.749885490000
129 -0.749854550000
130 -0.749804300000
131 -0.749709070000
132 -0.749530930000
133 -0.749064430000
134 -0.666236110000
135 0.749168660000
136 0.749634800000
137 0.749785560000
138 0.749859160000
139 0.749901560000
140 0.749928430000
141 0.749946570000
142 0.749959380000
143 0.749967170000
144 0.749971320000
145 0.749973670000
146 0.749974920000
147 0.749975380000
148 0.749975160000
149 0.000000000000

[phy]
1 0.000000000000
2 0.000000000000
3 0.122256190000
4 0.122318890000
5 -0.001223790000
6 -0.001681550000
7 -0.001459950000
8 -0.001355140000
9 -0.001339420000
10 -0.001420570000
11 -0.001658300000
12 -0.001615920000
13 0.120660690000
14 0.016109480000
15 0.002334350000
16 0.001169180000
17 0.000731750000
18 0.000213370000
19 -0.124594150000
20 -0.209082690000
21 -0.233519570000
22 -0.117403160000
23 0.000000200000
24 -0.000000100000
25 -0.000000070000
26 -0.000000050000
27 0.000000040000
28 -0.124986770000
29 -0.222875810000
30 -0.319453870000
31 -0.414729160000
32 -0.431551620000
33 -0.462183260000
34 -0.372389200000
35 -0.281200510000
36 -0.188751110000
37 -0.095040630000
38 0.000000030000
39 -0.000000030000
40 -0.000000030000
41 -0.000000030000
42 -0.000000030000
43 -0.000000030000
44 -0.124948630000
45 -0.215746490000
46 -0.304996790000
47 -0.392123480000
48 -0.476871050000
49 -0.557923880000
50 -0.476117180000
51 -0.387987890000
52 -0.292905170000
53 -0.196535280000
54 -0.098920800000
55 0.000000040000
56 -0.000000030000
57 -0.000000030000
58 -0.000000030000
59 -0.000000030000
60 -0.000000030000
61 -0.124951470000
62 -0.215666690000
63 -0.300927550000
64 -0.381198610000
65 -0.441179270000
66 -0.367880590000
67 -0.360637770000
68 -0.438918390000
69 -0.516243740000
70 -0.592264190000
71 -0.666754530000
72 -0.673461280000
73 -0.598891040000
74 -0.518912980000
75 -0.478324230000
76 -0.387585890000
77 -0.289032120000
78 -0.181493680000
79 -0.063496660000
80 -0.000479770000
81 -0.000336260000
82 -0.106936060000
83 -0.231792280000
84 -0.356719510000
85 -0.481669800000
86 -0.606627180000
87 -0.699977110000
88 -0.624904040000
89 -0.499932040000
90 -0.374949530000
91 -0.249963710000
92 -0.124976380000
93 0.000011770000
94 0.000926670000
95 0.000939770000
96 0.000950080000
97 0.000961480000
98 0.000974130000
99 0.000988170000
100 0.001003770000
101 0.001021120000
102 0.001040460000
103 0.001062090000
104 0.001086340000
105 0.001113620000
106 0.001144450000
107 0.001175340000
108 0.000368170000
109 -0.029546530000
110 0.001104720000
111 0.001436810000
112 0.001543370000
113 0.001674780000
114 0.001848090000
115 0.002079580000
116 0.002410400000
117 0.003016290000
118 0.010640300000
119 0.036735620000
120 0.075540690000
121 0.162785700000
122 0.124614390000
123 -0.000012420000
124 0.124973210000
125 0.249957660000
126 0.374940140000
127 0.499918820000
128 0.624886610000
129 0.699979720000
130 0.699978570000
131 0.699975170000
132 0.616781420000
133 0.491828140000
134 0.366863520000
135 0.241899930000
136 0.116952200000
137 0.000008020000
138 -0.124984780000
139 -0.249976760000
140 -0.374967340000
141 -0.499955080000
142 -0.624934230000
143 -0.624921720000
144 -0.499943770000
145 -0.374957410000
146 -0.249968370000
147 -0.124978140000
148 0.000012690000
149 0.000000000000

[w]
1 0.000000000000
2 0.489059880000
3 0.000250790000
4 -0.494206060000
5 -0.001831170000
6 0.000886450000
7 0.000419280000
8 0.000062870000
9 -0.000324610000
10 -0.000951020000
11 0.000169550000
12 0.489141740000
13 -0.418235010000
14 -0.055104490000
15 -0.004661040000
16 -0.001749830000
17 -0.002073660000
18 -0.499264370000
19 -0.337977470000
20 -0.098064780000
21 0.497572980000
22 0.499352880000
23 -0.000001200000
24 0.000000140000
25 0.000000070000
26 0.000000350000
27 -0.499964010000
28 -0.499942010000
29 -0.499917030000
30 -0.499842570000
31 -0.095617890000
32 -0.172982000000
33 0.499790530000
34 0.499888370000
35 0.499921210000
36 0.499938040000
37 0.499948560000
38 -0.000000240000
39 0.000000000000
40 0.000000000000
41 0.000000000000
42 -0.000000000000
43 -0.499816890000
44 -0.499660010000
45 -0.499532150000
46 -0.499325230000
47 -0.498816210000
48 -0.486046030000
49 0.498943160000
50 0.499621800000
51 0.499813070000
52 0.499887290000
53 0.499925910000
54 0.499932630000
55 -0.000000290000
56 0.000000020000
57 0.000000000000
58 0.000000000000
59 -0.000000000000
60 -0.499850360000
61 -0.499641710000
62 -0.499220050000
63 -0.497592740000
64 -0.387394680000
65 0.488112910000
66 0.046459720000
67 -0.494748640000
68 -0.497451700000
69 -0.498015420000
70 -0.497569590000
71 -0.045762260000
72 0.498777160000
73 0.498511720000
74 0.240867570000
75 0.498533030000
76 0.499211870000
77 0.499186020000
78 0.497871730000
79 0.252092840000
80 0.000574080000
81 -0.426440540000
82 -0.499472890000
83 -0.499757090000
84 -0.499849300000
85 -0.499868700000
86 -0.373417510000
87 0.300304490000
88 0.499907500000
89 0.499950850000
90 0.499965080000
91 0.499972060000
92 0.499976120000
93 0.031285030000
94 0.000464090000
95 0.000360490000
96 0.000393810000
97 0.000430900000
98 0.000471640000
99 0.000516620000
100 0.000566560000
101 0.000622330000
102 0.000685040000
103 0.000756060000
104 0.000837110000
105 0.000929860000
106 0.000915270000
107 -0.023483600000
108 -0.493675600000
109 0.456342420000
110 0.008316220000
111 0.002617970000
112 0.003185770000
113 0.004049120000
114 0.005214760000
115 0.007181720000
116 0.012582360000
117 0.149422830000
118 0.456361980000
119 0.485499710000
120 0.493030380000
121 -0.479104220000
122 -0.499393030000
123 0.499972080000
124 0.499968550000
125 0.499962160000
126 0.499948800000
127 0.499907800000
128 0.300396890000
129 -0.000004610000
130 -0.000013590000
131 -0.332799140000
132 -0.499848100000
133 -0.499894910000
134 -0.499891330000
135 -0.499824220000
136 -0.467806820000
137 -0.499981840000
138 -0.499978510000
139 -0.499972840000
140 -0.499961410000
141 -0.499927050000
142 0.000050070000
143 0.499921030000
144 0.499955000000
145 0.499965920000
146 0.499970950000
147 0.499973500000
148 -0.000050760000
149 0.000000000000

[dt]
1 0.006911270000
2 0.249982060000
3 0.249982000000
4 0.249982110000
5 0.249981900000
6 0.249981890000
7 0.249981900000
8 0.249981900000
9 0.249981900000
10 0.249981900000
11 0.249981900000
12 0.249981960000
13 0.249981960000
14 0.249981980000
15 0.249981990000
16 0.249981990000
17 0.249981990000
18 0.249982830000
19 0.249982770000
20 0.249191190000
21 0.233365600000
22 0.235111000000
23 0.249982920000
24 0.249982930000
25 0.249982940000
26 0.249982940000
27 0.249991620000
28 0.195800780000
29 0.193188170000
30 0.190610600000
31 0.175934200000
32 0.177079970000
33 0.179663390000
34 0.182418110000
35 0.184927940000
36 0.187444180000
37 0.190100880000
38 0.249986890000
39 0.249987150000
40 0.249987150000
41 0.249987150000
42 0.249987150000
43 0.249988750000
44 0.181719280000
45 0.178667790000
46 0.174488870000
47 0.169897380000
48 0.166759570000
49 0.163959960000
50 0.176392010000
51 0.190236560000
52 0.192783230000
53 0.195257900000
54 0.197868340000
55 0.249967220000
56 0.249967200000
57 0.249968190000
58 0.249968170000
59 0.249968150000
60 0.249977700000
61 0.181560540000
62 0.170788130000
63 0.161318790000
64 0.154830910000
65 0.150167480000
66 0.155894480000
67 0.158223010000
68 0.155442930000
69 0.152646780000
70 0.149708390000
71 0.146556270000
72 0.149506120000
73 0.160433650000
74 0.168510650000
75 0.182010700000
76 0.197418720000
77 0.215427600000
78 0.237002840000
79 0.249974950000
80 0.249975730000
81 0.249975760000
82 0.249975970000
83 0.249975900000
84 0.249975920000
85 0.249980400000
86 0.249988110000
87 0.249989860000
88 0.249990230000
89 0.249989610000
90 0.249989090000
91 0.249988640000
92 0.249988240000
93 0.029243690000
94 0.028232400000
95 0.028589960000
96 0.028966510000
97 0.029357410000
98 0.029763650000
99 0.030186350000
100 0.030626830000
101 0.031086540000
102 0.031567160000
103 0.032070650000
104 0.032599250000
105 0.033155600000
106 0.033742850000
107 0.034371330000
108 0.060595870000
109 0.067167220000
110 0.039932070000
111 0.040711960000
112 0.041784820000
113 0.042990860000
114 0.044391690000
115 0.046064100000
116 0.048154290000
117 0.051023370000
118 0.057181180000
119 0.079928100000
120 0.176956650000
121 0.079672230000
122 0.249556570000
123 0.249985220000
124 0.249984610000
125 0.249983890000
126 0.249982960000
127 0.249981660000
128 0.249979660000
129 0.249983300000
130 0.249982650000
131 0.249981860000
132 0.249982500000
133 0.249981790000
134 0.249981510000
135 0.249983340000
136 0.249983930000
137 0.249994670000
138 0.249994710000
139 0.249994740000
140 0.249994770000
141 0.249994780000
142 0.249994800000
143 0.249995380000
144 0.249995230000
145 0.249995100000
146 0.249995000000
147 0.249994900000
148 0.249991210000

[s]
1 0.000000000000
2 0.000000000000
3 0.046865210000
4 0.093730290000
5 0.140595070000
6 0.187459690000
7 0.234324090000
8 0.281188250000
9 0.328052130000
10 0.374915690000
11 0.421778870000
12 0.468641730000
13 0.515503990000
14 0.562365640000
15 0.609226510000
16 0.656086350000
17 0.702944880000
18 0.749804130000
19 0.796658350000
20 0.840837290000
21 0.831034980000
22 0.878383900000
23 0.978009130000
24 1.024855070000
25 1.071689970000
26 1.118493110000
27 1.164276690000
28 0.875242240000
29 0.835314480000
30 0.797026740000
31 0.759732850000
32 0.753055040000
33 0.741159270000
34 0.776286300000
35 0.812103270000
36 0.849074860000
37 0.887788610000
38 1.203064020000
39 1.249816230000
40 1.249876030000
41 1.249876020000
42 1.249876020000
43 1.249880470000
44 0.875241980000
45 0.838161130000
46 0.802698160000
47 0.768555220000
48 0.735379790000
49 0.703311230000
50 0.735679100000
51 0.770176100000
52 0.807468980000
53 0.845910830000
54 0.886123130000
55 1.156477160000
56 1.203236450000
57 1.249651580000
58 1.249707070000
59 1.249706920000
60 1.249745770000
61 0.875195750000
62 0.838150870000
63 0.804260950000
64 0.772788150000
65 0.749338490000
66 0.777998490000
67 0.780833670000
68 0.750226550000
69 0.719835580000
70 0.689502180000
71 0.659036600000
72 0.656249760000
73 0.686618590000
74 0.701276210000
75 0.734756490000
76 0.770292960000
77 0.808954440000
78 0.851962390000
79 0.854388420000
80 0.807584610000
81 0.760752410000
82 0.713910570000
83 0.667062790000
84 0.620212370000
85 0.573370390000
86 0.526530870000
87 0.479672280000
88 0.432808130000
89 0.385941230000
90 0.339074390000
91 0.292207880000
92 0.245341990000
93 0.023217940000
94 0.021796510000
95 0.021467910000
96 0.021130300000
97 0.020778450000
98 0.020411460000
99 0.020028360000
100 0.019628130000
101 0.019209630000
102 0.018771640000
103 0.018312800000
104 0.017831640000
105 0.017326510000
106 0.016795570000
107 0.016239900000
108 0.027070970000
109 0.026957180000
110 0.014016930000
111 0.013073640000
112 0.012144500000
113 0.011150760000
114 0.010085990000
115 0.008936060000
116 0.007682420000
117 0.006303080000
118 0.004883490000
119 0.003413300000
120 -0.002998960000
121 -0.011909330000
122 -0.052182300000
123 -0.099045040000
124 -0.145905000000
125 -0.192766660000
126 -0.239628570000
127 -0.286489770000
128 -0.333349030000
129 -0.380214790000
130 -0.427073330000
131 -0.473928080000
132 -0.520779440000
133 -0.567616960000
134 -0.614425960000
135 -0.656064360000
136 -0.609249000000
137 -0.562427030000
138 -0.515567510000
139 -0.468703350000
140 -0.421836510000
141 -0.374967980000
142 -0.328098290000
143 -0.281228430000
144 -0.234357080000
145 -0.187485560000
146 -0.140613990000
147 -0.093742390000
148 -0.046870150000

[splus]
1 0.011552450000
2 0.011552450000
3 0.047837780000
4 0.093790360000
5 0.140598680000
6 0.187459900000
7 0.234324100000
8 0.281188250000
9 0.328052130000
10 0.374915690000
11 0.421778870000
12 0.468641730000
13 0.515503990000
14 0.562365640000
15 0.609226510000
16 0.656086350000
17 0.702944880000
18 0.749804130000
19 0.796658350000
20 0.840837290000
21 0.831034980000
22 0.878383900000
23 0.978009130000
24 1.024855070000
25 1.071689970000
26 1.118493110000
27 1.164276690000
28 0.875242240000
29 0.835314480000
30 0.797026740000
31 0.759732850000
32 0.753055040000
33 0.741159270000
34 0.776286300000
35 0.812103270000
36 0.849074860000
37 0.887788610000
38 1.203064020000
39 1.249816230000
40 1.249876030000
41 1.249876020000
42 1.249876020000
43 1.249880470000
44 0.875241980000
45 0.838161130000
46 0.802698160000
47 0.768555220000
48 0.735379790000
49 0.703311230000
50 0.735679100000
51 0.770176100000
52 0.807468980000
53 0.845910830000
54 0.886123130000
55 1.156477160000
56 1.203236450000
57 1.249651580000
58 1.249707070000
59 1.249706920000
60 1.249745770000
61 0.875195750000
62 0.838150870000
63 0.804260950000
64 0.772788150000
65 0.749338490000
66 0.777998490000
67 0.780833670000
68 0.750226550000
69 0.719835580000
70 0.689502180000
71 0.659036600000
72 0.656249760000
73 0.686618590000
74 0.701276210000
75 0.734756490000
76 0.770292960000
77 0.808954440000
78 0.851962390000
79 0.854388420000
80 0.807584610000
81 0.760752410000
82 0.713910570000
83 0.667062790000
84 0.620212370000
85 0.573370390000
86 0.526530870000
87 0.479672280000
88 0.432808130000
89 0.385941230000
90 0.339074390000
91 0.292207880000
92 0.245341990000
93 0.026914450000
94 0.025785590000
95 0.025527480000
96 0.025263440000
97 0.024989500000
98 0.024705150000
99 0.024409840000
100 0.024102990000
101 0.023783980000
102 0.023452170000
103 0.023106850000
104 0.022747280000
105 0.022372630000
106 0.021982030000
107 0.021576780000
108 0.030068740000
109 0.029973740000
110 0.019992990000
111 0.019339590000
112 0.018706990000
113 0.018043480000
114 0.017347030000
115 0.016612340000
116 0.015832450000
117 0.015000200000
118 0.014172430000
119 0.013346330000
120 0.010120330000
121 0.006639640000
122 0.000712500000
123 0.000043690000
124 0.000002630000
125 0.000000160000
126 0.000000010000
127 0.000000000000
128 0.000000000000
129 0.000000000000
130 0.000000000000
131 0.000000000000
132 0.000000000000
133 0.000000000000
134 0.000000000000
135 0.000000000000
136 0.000000000000
137 0.000000000000
138 0.000000000000
139 0.000000000000
140 0.000000000000
141 0.000000000000
142 0.000000000000
143 0.000000000000
144 0.000000010000
145 0.000000220000
146 0.000003610000
147 0.000060030000
148 0.000972280000

[sminus]
1 0.011552450000
2 0.011552450000
3 0.000972560000
4 0.000060070000
5 0.000003620000
6 0.000000220000
7 0.000000010000
8 0.000000000000
9 0.000000000000
10 0.000000000000
11 0.000000000000
12 0.000000000000
13 0.000000000000
14 0.000000000000
15 0.000000000000
16 0.000000000000
17 0.000000000000
18 0.000000000000
19 0.000000000000
20 0.000000000000
21 -0.000000000000
22 0.000000000000
23 0.000000000000
24 0.000000000000
25 0.000000000000
26 0.000000000000
27 -0.000000000000
28 0.000000000000
29 -0.000000000000
30 -0.000000000000
31 -0.000000000000
32 0.000000000000
33 -0.000000000000
34 -0.000000000000
35 -0.000000000000
36 0.000000000000
37 0.000000000000
38 -0.000000000000
39 0.000000000000
40 0.000000000000
41 0.000000000000
42 0.000000000000
43 0.000000000000
44 0.000000000000
45 -0.000000000000
46 -0.000000000000
47 -0.000000000000
48 -0.000000000000
49 0.000000000000
50 0.000000000000
51 -0.000000000000
52 -0.000000000000
53 -0.000000000000
54 -0.000000000000
55 -0.000000000000
56 -0.000000000000
57 0.000000000000
58 0.000000000000
59 0.000000000000
60 0.000000000000
61 0.000000000000
62 -0.000000000000
63 0.000000000000
64 0.000000000000
65 -0.000000000000
66 -0.000000000000
67 0.000000000000
68 0.000000000000
69 0.000000000000
70 0.000000000000
71 -0.000000000000
72 0.000000000000
73 0.000000000000
74 0.000000000000
75 -0.000000000000
76 -0.000000000000
77 -0.000000000000
78 -0.000000000000
79 -0.000000000000
80 -0.000000000000
81 -0.000000000000
82 -0.000000000000
83 -0.000000000000
84 -0.000000000000
85 0.000000000000
86 0.000000000000
87 0.000000000000
88 0.000000000000
89 0.000000000000
90 0.000000000000
91 0.000000000000
92 0.000000010000
93 0.003696510000
94 0.003989080000
95 0.004059570000
96 0.004133140000
97 0.004211050000
98 0.004293700000
99 0.004381480000
100 0.004474860000
101 0.004574350000
102 0.004680530000
103 0.004794050000
104 0.004915640000
105 0.005046120000
106 0.005186460000
107 0.005336880000
108 0.002997770000
109 0.003016560000
110 0.005976060000
111 0.006265960000
112 0.006562490000
113 0.006892720000
114 0.007261050000
115 0.007676280000
116 0.008150030000
117 0.008697120000
118 0.009288940000
119 0.009933030000
120 0.013119300000
121 0.018548970000
122 0.052894790000
123 0.099088730000
124 0.145907630000
125 0.192766820000
126 0.239628580000
127 0.286489770000
128 0.333349030000
129 0.380214790000
130 0.427073330000
131 0.473928080000
132 0.520779440000
133 0.567616960000
134 0.614425960000
135 0.656064360000
136 0.609249000000
137 0.562427030000
138 0.515567510000
139 0.468703350000
140 0.421836510000
141 0.374967980000
142 0.328098290000
143 0.281228430000
144 0.234357090000
145 0.187485780000
146 0.140617600000
147 0.093802420000
148 0.047842440000

[k]
1 0.000000000000
2 0.000000000000
3 0.061434480000
4 0.061466300000
5 -0.000611890000
6 -0.000840770000
7 -0.000729970000
8 -0.000677570000
9 -0.000669710000
10 -0.000710280000
11 -0.000829150000
12 -0.000807960000
13 0.060624840000
14 0.008055440000
15 0.001167180000
16 0.000584590000
17 0.000365880000
18 0.000106690000
19 -0.062621450000
20 -0.106091830000
21 -0.118929480000
22 -0.058972780000
23 0.000000100000
24 -0.000000050000
25 -0.000000030000
26 -0.000000020000
27 0.000000020000
28 -0.062820850000
29 -0.113320490000
30 -0.165391700000
31 -0.220132670000
32 -0.230250170000
33 -0.249085450000
34 -0.195307170000
35 -0.144427270000
36 -0.095512530000
37 -0.047663910000
38 0.000000020000
39 -0.000000010000
40 -0.000000010000
41 -0.000000010000
42 -0.000000010000
43 -0.000000010000
44 -0.062801480000
45 -0.109578710000
46 -0.157409850000
47 -0.206769680000
48 -0.258320150000
49 -0.312030560000
50 -0.257842790000
51 -0.204352380000
52 -0.150789710000
53 -0.099552730000
54 -0.049622360000
55 0.000000020000
56 -0.000000020000
57 -0.000000010000
58 -0.000000010000
59 -0.000000010000
60 -0.000000010000
61 -0.062802920000
62 -0.109536900000
63 -0.155176420000
64 -0.200401600000
65 -0.236110980000
66 -0.192713450000
67 -0.188565580000
68 -0.234729930000
69 -0.283792420000
70 -0.336419930000
71 -0.393492580000
72 -0.398951750000
73 -0.341255020000
74 -0.285559680000
75 -0.259241370000
76 -0.204117850000
77 -0.148679510000
78 -0.091756540000
79 -0.031791070000
80 -0.000239880000
81 -0.000168130000
82 -0.053672770000
83 -0.118017350000
84 -0.186331100000
85 -0.261367540000
86 -0.346955120000
87 -0.421124630000
88 -0.360669270000
89 -0.273107130000
90 -0.196784140000
91 -0.127651630000
92 -0.062815570000
93 0.000005890000
94 0.000463330000
95 0.000469880000
96 0.000475040000
97 0.000480740000
98 0.000487070000
99 0.000494090000
100 0.000501880000
101 0.000510560000
102 0.000520230000
103 0.000531040000
104 0.000543170000
105 0.000556810000
106 0.000572230000
107 0.000587670000
108 0.000184090000
109 -0.014777560000
110 0.000552360000
111 0.000718410000
112 0.000771680000
113 0.000837390000
114 0.000924040000
115 0.001039790000
116 0.001205200000
117 0.001508150000
118 0.005320350000
119 0.018376080000
120 0.037842350000
121 0.082119500000
122 0.062631730000
123 -0.000006210000
124 0.062813960000
125 0.127648410000
126 0.196778720000
127 0.273098550000
128 0.360656020000
129 0.421126860000
130 0.421125870000
131 0.421122970000
132 0.354530570000
133 0.267869350000
134 0.192129600000
135 0.123365680000
136 0.058744180000
137 0.000004010000
138 -0.062819840000
139 -0.127658580000
140 -0.196794430000
141 -0.273122080000
142 -0.360692220000
143 -0.360682710000
144 -0.273114740000
145 -0.196788690000
146 -0.127654120000
147 -0.062816460000
148 0.000006340000

[up]
1 0.011552450000
2 0.011552450000
3 0.050659110000
4 0.099324710000
5 0.140681270000
6 0.187611210000
7 0.234488310000
8 0.281371150000
9 0.328263040000
10 0.375171330000
11 0.422114600000
12 0.469005230000
13 0.545506240000
14 0.566714530000
15 0.609909140000
16 0.656454550000
17 0.703191780000
18 0.749880930000
19 0.844550740000
20 0.926475020000
21 0.925916160000
22 0.928112610000
23 0.978009230000
24 1.024855120000
25 1.071690010000
26 1.118493140000
27 1.164276720000
28 0.928026370000
29 0.926186400000
30 0.923575490000
31 0.920285190000
32 0.919510440000
33 0.918386780000
34 0.921836010000
35 0.924701540000
36 0.926928260000
37 0.928411470000
38 1.203064030000
39 1.249816240000
40 1.249876050000
41 1.249876040000
42 1.249876030000
43 1.249880490000
44 0.928009810000
45 0.926331970000
46 0.923996650000
47 0.921112590000
48 0.917744670000
49 0.913987640000
50 0.917781060000
51 0.921267930000
52 0.924356670000
53 0.926755050000
54 0.928335790000
55 1.156477180000
56 1.203236470000
57 1.249651590000
58 1.249707090000
59 1.249706940000
60 1.249745790000
61 0.927962010000
62 0.926286980000
63 0.924071200000
64 0.921461410000
65 0.919188460000
66 0.921932040000
67 0.922182480000
68 0.919283150000
69 0.915948110000
70 0.912185960000
71 0.907989570000
72 0.907589280000
73 0.911558150000
74 0.893522170000
75 0.917616600000
76 0.921234280000
77 0.924418400000
78 0.927008590000
79 0.880463870000
80 0.807770590000
81 0.760875200000
82 0.750695430000
83 0.742638770000
84 0.731154620000
85 0.717236380000
86 0.701906140000
87 0.673594020000
88 0.582664700000
89 0.487128400000
90 0.403129870000
91 0.328016670000
92 0.260136840000
93 0.026914600000
94 0.025797060000
95 0.025539000000
96 0.025274960000
97 0.025001040000
98 0.024716700000
99 0.024421420000
100 0.024114600000
101 0.023795640000
102 0.023463880000
103 0.023118630000
104 0.022759140000
105 0.022384590000
106 0.021994110000
107 0.021588950000
108 0.030074060000
109 0.030398960000
110 0.020003590000
111 0.019352930000
112 0.018720850000
113 0.018057990000
114 0.017362420000
115 0.016628930000
116 0.015850760000
117 0.015021920000
118 0.014244810000
119 0.013581770000
120 0.010487990000
121 0.007163070000
122 0.000755340000
123 0.000043690000
124 0.000002790000
125 0.000000180000
126 0.000000010000
127 0.000000000000
128 0.000000000000
129 0.000000000000
130 0.000000000000
131 0.000000000000
132 0.000000000000
133 0.000000000000
134 0.000000000000
135 0.000000000000
136 0.000000000000
137 0.000000000000
138 0.000000000000
139 0.000000000000
140 0.000000000000
141 0.000000000000
142 0.000000000000
143 0.000000000000
144 0.000000020000
145 0.000000260000
146 0.000004050000
147 0.000063650000
148 0.000972290000

[down]
1 0.011552450000
2 0.011552450000
3 0.001029920000
4 0.000063620000
5 0.000003620000
6 0.000000220000
7 0.000000010000
8 0.000000000000
9 0.000000000000
10 0.000000000000
11 0.000000000000
12 0.000000000000
13 0.000000000000
14 0.000000000000
15 0.000000000000
16 0.000000000000
17 0.000000000000
18 0.000000000000
19 0.000000000000
20 0.000000000000
21 -0.000000000000
22 0.000000000000
23 0.000000000000
24 0.000000000000
25 0.000000000000
26 0.000000000000
27 -0.000000000000
28 0.000000000000
29 -0.000000000000
30 -0.000000000000
31 -0.000000000000
32 0.000000000000
33 -0.000000000000
34 -0.000000000000
35 -0.000000000000
36 0.000000000000
37 0.000000000000
38 -0.000000000000
39 0.000000000000
40 0.000000000000
41 0.000000000000
42 0.000000000000
43 0.000000000000
44 0.000000000000
45 -0.000000000000
46 -0.000000000000
47 -0.000000000000
48 -0.000000000000
49 0.000000000000
50 0.000000000000
51 -0.000000000000
52 -0.000000000000
53 -0.000000000000
54 -0.000000000000
55 -0.000000000000
56 -0.000000000000
57 0.000000000000
58 0.000000000000
59 0.000000000000
60 0.000000000000
61 0.000000000000
62 -0.000000000000
63 0.000000000000
64 0.000000000000
65 -0.000000000000
66 -0.000000000000
67 0.000000000000
68 0.000000000000
69 0.000000000000
70 0.000000000000
71 -0.000000000000
72 0.000000000000
73 0.000000000000
74 0.000000000000
75 -0.000000000000
76 -0.000000000000
77 -0.000000000000
78 -0.000000000000
79 -0.000000000000
80 -0.000000000000
81 -0.000000000000
82 -0.000000000000
83 -0.000000000000
84 -0.000000000000
85 0.000000000000
86 0.000000000000
87 0.000000000000
88 0.000000000000
89 0.000000000000
90 0.000000000000
91 0.000000000000
92 0.000000010000
93 0.003696530000
94 0.003990860000
95 0.004061400000
96 0.004135020000
97 0.004213000000
98 0.004295700000
99 0.004383560000
100 0.004477020000
101 0.004576600000
102 0.004682870000
103 0.004796490000
104 0.004918200000
105 0.005048820000
106 0.005189310000
107 0.005339890000
108 0.002998300000
109 0.003059350000
110 0.005979230000
111 0.006270280000
112 0.006567350000
113 0.006898260000
114 0.007267490000
115 0.007683940000
116 0.008159450000
117 0.008709710000
118 0.009336380000
119 0.010108260000
120 0.013595900000
121 0.020011280000
122 0.056075170000
123 0.099089320000
124 0.154706060000
125 0.216388940000
126 0.284896230000
127 0.361600110000
128 0.448764400000
129 0.533928710000
130 0.599730890000
131 0.665526810000
132 0.698026380000
133 0.713582250000
134 0.727753400000
135 0.733762750000
136 0.643607240000
137 0.562429190000
138 0.546659860000
139 0.526144000000
140 0.501530990000
141 0.473283530000
142 0.441707090000
143 0.378605300000
144 0.295803210000
145 0.222905060000
146 0.157850000000
147 0.099459070000
148 0.047842730000

[left]
1 0.023104910000
2 0.023104910000
3 0.027036980000
4 0.032686120000
5 0.023015390000
6 0.022940420000
7 0.022924710000
8 0.022902460000
9 0.022869730000
10 0.022818360000
11 0.022728300000
12 0.022694310000
13 0.112121750000
14 0.030886640000
15 0.024001910000
16 0.023576910000
17 0.023420200000
18 0.023202010000
19 0.057898360000
20 0.094424790000
21 0.103369760000
22 0.059675360000
23 0.023105030000
24 0.023104840000
25 0.023104860000
26 0.023104870000
27 0.023104940000
28 0.062632100000
29 0.099489970000
30 0.134014730000
31 0.166920290000
32 0.172632740000
33 0.183056990000
34 0.152402120000
35 0.120514730000
36 0.086891830000
37 0.050863810000
38 0.023104930000
39 0.023104880000
40 0.023104880000
41 0.023104880000
42 0.023104880000
43 0.023104880000
44 0.062616330000
45 0.096876100000
46 0.128934020000
47 0.159183490000
48 0.188028470000
49 0.215425770000
50 0.187774040000
51 0.157765270000
52 0.124665650000
53 0.089786080000
54 0.052402180000
55 0.023104940000
56 0.023104880000
57 0.023104880000
58 0.023104880000
59 0.023104880000
60 0.023104880000
61 0.062614810000
62 0.096842500000
63 0.127493820000
64 0.155424810000
65 0.175917680000
66 0.150838140000
67 0.148336880000
68 0.175149940000
69 0.201332180000
70 0.227045410000
71 0.252466320000
72 0.254775790000
73 0.229228340000
74 0.197590470000
75 0.188507700000
76 0.157619620000
77 0.123287880000
78 0.084175290000
79 0.036800560000
80 0.022874250000
81 0.022952930000
82 0.047150430000
83 0.084687960000
84 0.118912200000
85 0.150772770000
86 0.181264570000
87 0.199212140000
88 0.156569900000
89 0.109472120000
90 0.073539480000
91 0.046206900000
92 0.026272790000
93 0.023105050000
94 0.023115260000
95 0.023115250000
96 0.023115190000
97 0.023115140000
98 0.023115100000
99 0.023115050000
100 0.023115000000
101 0.023114960000
102 0.023114920000
103 0.023114870000
104 0.023114830000
105 0.023114790000
106 0.023114760000
107 0.023114690000
108 0.023110010000
109 0.022719660000
110 0.023112840000
111 0.023114540000
112 0.023114530000
113 0.023114500000
114 0.023114490000
115 0.023114470000
116 0.023114460000
117 0.023114750000
118 0.023132600000
119 0.023180510000
120 0.023036970000
121 0.022416540000
122 0.021061340000
123 0.023105520000
124 0.022522730000
125 0.036829780000
126 0.061008240000
127 0.095444830000
128 0.143279190000
129 0.190742430000
130 0.217039530000
131 0.244257890000
132 0.231152130000
133 0.195956570000
134 0.157486670000
135 0.113291390000
136 0.055705710000
137 0.023102930000
138 0.107425810000
139 0.188661120000
140 0.257277080000
141 0.314692070000
142 0.361846250000
143 0.311797780000
144 0.201011320000
145 0.120764320000
146 0.064917950000
147 0.032691690000
148 0.023104610000

[right]
1 0.023104910000
2 0.023104910000
3 0.021119120000
4 0.020714660000
5 0.023196160000
6 0.023275300000
7 0.023292150000
8 0.023316200000
9 0.023351980000
10 0.023409130000
11 0.023512340000
12 0.023552060000
13 0.040592880000
14 0.020412220000
15 0.022341110000
16 0.022672120000
17 0.022807450000
18 0.023009550000
19 0.179092490000
20 0.313105960000
21 0.345170240000
22 0.187633130000
23 0.023104780000
24 0.023104970000
25 0.023104950000
26 0.023104940000
27 0.023104880000
28 0.198365440000
29 0.331275580000
30 0.454277090000
31 0.570118470000
32 0.590076460000
33 0.626417400000
34 0.519178770000
35 0.406356180000
36 0.286029260000
37 0.155590150000
38 0.023104880000
39 0.023104930000
40 0.023104930000
41 0.023104930000
42 0.023104930000
43 0.023104930000
44 0.198307760000
45 0.321902820000
46 0.436267640000
47 0.543004720000
48 0.643691790000
49 0.738310500000
50 0.642808830000
51 0.538026900000
52 0.421114080000
53 0.296440380000
54 0.161190430000
55 0.023104880000
56 0.023104930000
57 0.023104930000
58 0.023104930000
59 0.023104930000
60 0.023104930000
61 0.198300920000
62 0.321780120000
63 0.431154200000
64 0.529801760000
65 0.601545640000
66 0.513670510000
67 0.504862310000
68 0.598868000000
69 0.689758150000
70 0.778130040000
71 0.864610120000
72 0.872422970000
73 0.785557600000
74 0.674528290000
75 0.645349060000
76 0.537511640000
77 0.416214790000
78 0.276245180000
79 0.103569840000
80 0.023345940000
81 0.023261360000
82 0.138651050000
83 0.270835650000
84 0.389461780000
85 0.498102020000
86 0.600386900000
87 0.657925150000
88 0.507391010000
89 0.343885960000
90 0.220369140000
91 0.127414650000
92 0.059463660000
93 0.023104770000
94 0.023094590000
95 0.023094600000
96 0.023094650000
97 0.023094700000
98 0.023094750000
99 0.023094800000
100 0.023094840000
101 0.023094890000
102 0.023094930000
103 0.023094970000
104 0.023095010000
105 0.023095050000
106 0.023095090000
107 0.023095160000
108 0.023099810000
109 0.023535440000
110 0.023097000000
111 0.023095320000
112 0.023095340000
113 0.023095370000
114 0.023095390000
115 0.023095420000
116 0.023095460000
117 0.023095220000
118 0.023079060000
119 0.023050570000
120 0.023262270000
121 0.024386900000
122 0.027611560000
123 0.023104300000
124 0.040467960000
125 0.084433640000
126 0.151127910000
127 0.243142670000
128 0.367416480000
129 0.485503690000
130 0.543913270000
131 0.602315180000
132 0.558063860000
133 0.461612120000
134 0.360978720000
135 0.251122490000
136 0.117492400000
137 0.023106880000
138 0.049995120000
139 0.081160450000
140 0.106182850000
141 0.125893850000
142 0.140906620000
143 0.120047950000
144 0.078514560000
145 0.049289150000
146 0.029723660000
147 0.021008370000
148 0.023105200000
