  0.00000000
  0.00000000
  0.12225619
  0.12231889
 -0.00122379
 -0.00168155
 -0.00145995
 -0.00135514
 -0.00133942
 -0.00142057
 -0.00165830
 -0.00161592
  0.12066069
  0.01610948
  0.00233435
  0.00116918
  0.00073175
  0.00021337
 -0.12459415
 -0.20908269
 -0.23351957
 -0.11740316
  0.00000020
 -0.00000010
 -0.00000007
 -0.00000005
  0.00000004
 -0.12498677
 -0.22287581
 -0.31945387
 -0.41472916
 -0.43155162
 -0.46218326
 -0.37238920
 -0.28120051
 -0.18875111
 -0.09504063
  0.00000003
 -0.00000003
 -0.00000003
 -0.00000003
 -0.00000003
 -0.00000003
 -0.12494863
 -0.21574649
 -0.30499679
 -0.39212348
 -0.47687105
 -0.55792388
 -0.47611718
 -0.38798789
 -0.29290517
 -0.19653528
 -0.09892080
  0.00000004
 -0.00000003
 -0.00000003
 -0.00000003
 -0.00000003
 -0.00000003
 -0.12495147
 -0.21566669
 -0.30092755
 -0.38119861
 -0.44117927
 -0.36788059
 -0.36063777
 -0.43891839
 -0.51624374
 -0.59226419
 -0.66675453
 -0.67346128
 -0.59889104
 -0.51891298
 -0.47832423
 -0.38758589
 -0.28903212
 -0.18149368
 -0.06349666
 -0.00047977
 -0.00033626
 -0.10693606
 -0.23179228
 -0.35671951
 -0.48166980
 -0.60662718
 -0.69997711
 -0.62490404
 -0.49993204
 -0.37494953
 -0.24996371
 -0.12497638
  0.00001177
  0.00092667
  0.00093977
  0.00095008
  0.00096148
  0.00097413
  0.00098817
  0.00100377
  0.00102112
  0.00104046
  0.00106209
  0.00108634
  0.00111362
  0.00114445
  0.00117534
  0.00036817
 -0.02954653
  0.00110472
  0.00143681
  0.00154337
  0.00167478
  0.00184809
  0.00207958
  0.00241040
  0.00301629
  0.01064030
  0.03673562
  0.07554069
  0.16278570
  0.12461439
 -0.00001242
  0.12497321
  0.24995766
  0.37494014
  0.49991882
  0.62488661
  0.69997972
  0.69997857
  0.69997517
  0.61678142
  0.49182814
  0.36686352
  0.24189993
  0.11695220
  0.00000802
 -0.12498478
 -0.24997676
 -0.37496734
 -0.49995508
 -0.62493423
 -0.62492172
 -0.49994377
 -0.37495741
 -0.24996837
 -0.12497814
  0.00001269
  0.00000000
