  0.02310491
  0.02310491
  0.02111912
  0.02071466
  0.02319616
  0.02327530
  0.02329215
  0.02331620
  0.02335198
  0.02340913
  0.02351234
  0.02355206
  0.04059288
  0.02041222
  0.02234111
  0.02267212
  0.02280745
  0.02300955
  0.17909249
  0.31310596
  0.34517024
  0.18763313
  0.02310478
  0.02310497
  0.02310495
  0.02310494
  0.02310488
  0.19836544
  0.33127558
  0.45427709
  0.57011847
  0.59007646
  0.62641740
  0.51917877
  0.40635618
  0.28602926
  0.15559015
  0.02310488
  0.02310493
  0.02310493
  0.02310493
  0.02310493
  0.02310493
  0.19830776
  0.32190282
  0.43626764
  0.54300472
  0.64369179
  0.73831050
  0.64280883
  0.53802690
  0.42111408
  0.29644038
  0.16119043
  0.02310488
  0.02310493
  0.02310493
  0.02310493
  0.02310493
  0.02310493
  0.19830092
  0.32178012
  0.43115420
  0.52980176
  0.60154564
  0.51367051
  0.50486231
  0.59886800
  0.68975815
  0.77813004
  0.86461012
  0.87242297
  0.78555760
  0.67452829
  0.64534906
  0.53751164
  0.41621479
  0.27624518
  0.10356984
  0.02334594
  0.02326136
  0.13865105
  0.27083565
  0.38946178
  0.49810202
  0.60038690
  0.65792515
  0.50739101
  0.34388596
  0.22036914
  0.12741465
  0.05946366
  0.02310477
  0.02309459
  0.02309460
  0.02309465
  0.02309470
  0.02309475
  0.02309480
  0.02309484
  0.02309489
  0.02309493
  0.02309497
  0.02309501
  0.02309505
  0.02309509
  0.02309516
  0.02309981
  0.02353544
  0.02309700
  0.02309532
  0.02309534
  0.02309537
  0.02309539
  0.02309542
  0.02309546
  0.02309522
  0.02307906
  0.02305057
  0.02326227
  0.02438690
  0.02761156
  0.02310430
  0.04046796
  0.08443364
  0.15112791
  0.24314267
  0.36741648
  0.48550369
  0.54391327
  0.60231518
  0.55806386
  0.46161212
  0.36097872
  0.25112249
  0.11749240
  0.02310688
  0.04999512
  0.08116045
  0.10618285
  0.12589385
  0.14090662
  0.12004795
  0.07851456
  0.04928915
  0.02972366
  0.02100837
  0.02310520
