  0.00000000
  0.00000000
  0.04686521
  0.09373029
  0.14059507
  0.18745969
  0.23432409
  0.28118825
  0.32805213
  0.37491569
  0.42177887
  0.46864173
  0.51550399
  0.56236564
  0.60922651
  0.65608635
  0.70294488
  0.74980413
  0.79665835
  0.84083729
  0.83103498
  0.87838390
  0.97800913
  1.02485507
  1.07168997
  1.11849311
  1.16427669
  0.87524224
  0.83531448
  0.79702674
  0.75973285
  0.75305504
  0.74115927
  0.77628630
  0.81210327
  0.84907486
  0.88778861
  1.20306402
  1.24981623
  1.24987603
  1.24987602
  1.24987602
  1.24988047
  0.87524198
  0.83816113
  0.80269816
  0.76855522
  0.73537979
  0.70331123
  0.73567910
  0.77017610
  0.80746898
  0.84591083
  0.88612313
  1.15647716
  1.20323645
  1.24965158
  1.24970707
  1.24970692
  1.24974577
  0.87519575
  0.83815087
  0.80426095
  0.77278815
  0.74933849
  0.77799849
  0.78083367
  0.75022655
  0.71983558
  0.68950218
  0.65903660
  0.65624976
  0.68661859
  0.70127621
  0.73475649
  0.77029296
  0.80895444
  0.85196239
  0.85438842
  0.80758461
  0.76075241
  0.71391057
  0.66706279
  0.62021237
  0.57337039
  0.52653087
  0.47967228
  0.43280813
  0.38594123
  0.33907439
  0.29220788
  0.24534199
  0.02321794
  0.02179651
  0.02146791
  0.02113030
  0.02077845
  0.02041146
  0.02002836
  0.01962813
  0.01920963
  0.01877164
  0.01831280
  0.01783164
  0.01732651
  0.01679557
  0.01623990
  0.02707097
  0.02695718
  0.01401693
  0.01307364
  0.01214450
  0.01115076
  0.01008599
  0.00893606
  0.00768242
  0.00630308
  0.00488349
  0.00341330
 -0.00299896
 -0.01190933
 -0.05218230
 -0.09904504
 -0.14590500
 -0.19276666
 -0.23962857
 -0.28648977
 -0.33334903
 -0.38021479
 -0.42707333
 -0.47392808
 -0.52077944
 -0.56761696
 -0.61442596
 -0.65606436
 -0.60924900
 -0.56242703
 -0.51556751
 -0.46870335
 -0.42183651
 -0.37496798
 -0.32809829
 -0.28122843
 -0.23435708
 -0.18748556
 -0.14061399
 -0.09374239
 -0.04687015
