  0.01155245
  0.01155245
  0.00097256
  0.00006007
  0.00000362
  0.00000022
  0.00000001
  0.00000000
  0.00000000
  0.00000000
  0.00000000
  0.00000000
  0.00000000
  0.00000000
  0.00000000
  0.00000000
  0.00000000
  0.00000000
  0.00000000
  0.00000000
 -0.00000000
  0.00000000
  0.00000000
  0.00000000
  0.00000000
  0.00000000
 -0.00000000
  0.00000000
 -0.00000000
 -0.00000000
 -0.00000000
  0.00000000
 -0.00000000
 -0.00000000
 -0.00000000
  0.00000000
  0.00000000
 -0.00000000
  0.00000000
  0.00000000
  0.00000000
  0.00000000
  0.00000000
  0.00000000
 -0.00000000
 -0.00000000
 -0.00000000
 -0.00000000
  0.00000000
  0.00000000
 -0.00000000
 -0.00000000
 -0.00000000
 -0.00000000
 -0.00000000
 -0.00000000
  0.00000000
  0.00000000
  0.00000000
  0.00000000
  0.00000000
 -0.00000000
  0.00000000
  0.00000000
 -0.00000000
 -0.00000000
  0.00000000
  0.00000000
  0.00000000
  0.00000000
 -0.00000000
  0.00000000
  0.00000000
  0.00000000
 -0.00000000
 -0.00000000
 -0.00000000
 -0.00000000
 -0.00000000
 -0.00000000
 -0.00000000
 -0.00000000
 -0.00000000
 -0.00000000
  0.00000000
  0.00000000
  0.00000000
  0.00000000
  0.00000000
  0.00000000
  0.00000000
  0.00000001
  0.00369651
  0.00398908
  0.00405957
  0.00413314
  0.00421105
  0.00429370
  0.00438148
  0.00447486
  0.00457435
  0.00468053
  0.00479405
  0.00491564
  0.00504612
  0.00518646
  0.00533688
  0.00299777
  0.00301656
  0.00597606
  0.00626596
  0.00656249
  0.00689272
  0.00726105
  0.00767628
  0.00815003
  0.00869712
  0.00928894
  0.00993303
  0.01311930
  0.01854897
  0.05289479
  0.09908873
  0.14590763
  0.19276682
  0.23962858
  0.28648977
  0.33334903
  0.38021479
  0.42707333
  0.47392808
  0.52077944
  0.56761696
  0.61442596
  0.65606436
  0.60924900
  0.56242703
  0.51556751
  0.46870335
  0.42183651
  0.37496798
  0.32809829
  0.28122843
  0.23435709
  0.18748578
  0.14061760
  0.09380242
  0.04784244
