  0.00000000
  0.48905988
  0.00025079
 -0.49420606
 -0.00183117
  0.00088645
  0.00041928
  0.00006287
 -0.00032461
 -0.00095102
  0.00016955
  0.48914174
 -0.41823501
 -0.05510449
 -0.00466104
 -0.00174983
 -0.00207366
 -0.49926437
 -0.33797747
 -0.09806478
  0.49757298
  0.49935288
 -0.00000120
  0.00000014
  0.00000007
  0.00000035
 -0.49996401
 -0.49994201
 -0.49991703
 -0.49984257
 -0.09561789
 -0.17298200
  0.49979053
  0.49988837
  0.49992121
  0.49993804
  0.49994856
 -0.00000024
  0.00000000
  0.00000000
  0.00000000
 -0.00000000
 -0.49981689
 -0.49966001
 -0.49953215
 -0.49932523
 -0.49881621
 -0.48604603
  0.49894316
  0.49962180
  0.49981307
  0.49988729
  0.49992591
  0.49993263
 -0.00000029
  0.00000002
  0.00000000
  0.00000000
 -0.00000000
 -0.49985036
 -0.49964171
 -0.49922005
 -0.49759274
 -0.38739468
  0.48811291
  0.04645972
 -0.49474864
 -0.49745170
 -0.49801542
 -0.49756959
 -0.04576226
  0.49877716
  0.49851172
  0.24086757
  0.49853303
  0.49921187
  0.49918602
  0.49787173
  0.25209284
  0.00057408
 -0.42644054
 -0.49947289
 -0.49975709
 -0.49984930
 -0.49986870
 -0.37341751
  0.30030449
  0.49990750
  0.49995085
  0.49996508
  0.49997206
  0.49997612
  0.03128503
  0.00046409
  0.00036049
  0.00039381
  0.00043090
  0.00047164
  0.00051662
  0.00056656
  0.00062233
  0.00068504
  0.00075606
  0.00083711
  0.00092986
  0.00091527
 -0.02348360
 -0.49367560
  0.45634242
  0.00831622
  0.00261797
  0.00318577
  0.00404912
  0.00521476
  0.00718172
  0.01258236
  0.14942283
  0.45636198
  0.48549971
  0.49303038
 -0.47910422
 -0.49939303
  0.49997208
  0.49996855
  0.49996216
  0.49994880
  0.49990780
  0.30039689
 -0.00000461
 -0.00001359
 -0.33279914
 -0.49984810
 -0.49989491
 -0.49989133
 -0.49982422
 -0.46780682
 -0.49998184
 -0.49997851
 -0.49997284
 -0.49996141
 -0.49992705
  0.00005007
  0.49992103
  0.49995500
  0.49996592
  0.49997095
  0.49997350
 -0.00005076
  0.00000000
