  3.35510204
  3.35510204
  3.35510204
  3.35456340
  3.35321627
  3.35038570
  3.34662774
  3.34196722
  3.33642270
  3.33001660
  3.32277772
  3.31474630
  3.30598639
  3.29654569
  3.26868237
  3.23574111
  3.19980027
  3.16102329
  3.11946883
  3.07525407
  3.07051100
  3.13987568
  3.29920564
  3.52616756
  3.76400070
  4.01270264
  4.27226600
  4.54245416
  4.74556746
  4.98377410
  5.28224922
  5.65688285
  6.13209804
  6.69198549
  7.36181490
  8.11650549
  8.93682786
  9.81029117
 11.00198872
 12.23999676
 13.47806405
 14.71613133
 15.95419861
 17.19227031
 18.05924307
 18.89454625
 19.69721015
 20.45871106
 21.16242934
 21.78480472
 22.34561859
 22.82821028
 23.22928152
 23.55716419
 23.83070848
 24.13901252
 24.45978211
 24.79292543
 25.12608352
 25.45924155
 25.79240992
 26.02572739
 26.20445240
 26.30319015
 26.30185823
 26.18499715
 25.93030399
 25.56734442
 25.12493561
 24.60516466
 24.02087940
 23.39692646
 22.74221285
 22.06839213
 21.43028194
 20.83568992
 20.30929261
 19.85577137
 19.46623687
 19.13612578
 18.84444305
 18.56981257
 18.31217708
 18.09545663
 17.94071122
 17.86263043
 17.86961062
 17.96299732
 18.13071987
 18.33377479
 18.54151848
 18.73554767
 18.90518524
 18.92149548
 18.93680719
 18.95188790
 18.96673130
 18.98132739
 18.99566553
 19.00973442
 19.02352203
 19.03701554
 19.05020125
 19.06306454
 19.07558973
 19.08775999
 19.09955719
 19.11096399
 19.12997826
 19.14891252
 19.15876175
 19.16794808
 19.17648146
 19.18431651
 19.19140334
 19.19768212
 19.20308000
 19.20750868
 19.21093988
 19.21333805
 19.21123113
 19.20286325
 19.16616202
 19.09627121
 18.99331388
 18.85604271
 18.68131310
 18.46340467
 18.19371530
 17.86152770
 17.46004780
 16.99280014
 16.47227873
 15.91786542
 15.34461136
 14.76457788
 14.25071396
 13.78745687
 13.36279746
 12.96833459
 12.60032644
 12.25913477
 11.94824238
 11.67301449
 11.43996071
 11.25263660
 11.11202411
 11.01829006
 10.97142857
