  0.00000000
  0.00000000
  0.00869715
  0.03533368
  0.08160064
  0.11259915
  0.09291697
  0.05780799
  0.00712356
  0.00298811
  0.00301015
  0.00314934
  0.00353830
  0.00454575
  0.00817697
  0.00579316
  0.00313541
  0.00318055
  0.00662331
  0.00382202
  0.00052486
  0.08185749
  0.08876004
  0.00093961
  0.19842788
  0.42286417
  0.68010975
  0.98235907
  1.33111089
  1.55821746
  1.02624657
  0.84416499
  0.72819279
  0.47237196
  0.23245639
  0.00000015
  0.00000127
  0.05784010
  0.11610792
  0.17579206
  0.11714851
  0.05839568
  0.00000492
  0.00010893
  0.00011957
  0.00000157
  0.07195688
  0.14534126
  0.22202651
  0.30431849
  0.38030078
  0.25935147
  0.26645595
  0.22074342
  0.14467450
  0.07157043
  0.00000029
  0.00000572
  0.00000573
  0.00000573
  0.00000574
  0.00000078
  0.06374190
  0.12387438
  0.18145356
  0.23761284
  0.29351006
  0.39998821
  0.28918367
  0.15776593
  0.11636840
  0.08351656
  0.03903294
  0.00000055
  0.02633087
  0.05132850
  0.07514254
  0.09791322
  0.11916740
  0.13997398
  0.16007602
  0.17956261
  0.19852227
  0.21704244
  0.23521172
  0.25312439
  0.27371332
  0.26203352
  0.25046654
  0.23905154
  0.22779021
  0.21668141
  0.20571770
  0.19489036
  0.18418733
  0.17359584
  0.16310258
  0.15269483
  0.14236036
  0.13208762
  0.12186638
  0.11168730
  0.10154211
  0.09142369
  0.08132602
  0.07124405
  0.06245814
  0.04636517
  0.03300166
  0.02196636
  0.01295658
  0.00570473
  0.00017322
  0.00126316
  0.00213895
  0.00260045
  0.00266835
  0.00235771
  0.00167880
  0.00063783
  0.00000121
  0.00000122
  0.00000123
  0.00000124
  0.00000125
  0.00000125
  0.00000126
  0.00000127
  0.00000129
  0.00000130
  0.00000131
  0.00000133
  0.00000134
  0.00000136
  0.00000138
  0.00000069
  0.01692115
  0.02001832
  0.00000070
  0.00000036
  0.02721903
  0.05687491
  0.08917912
  0.10998424
  0.07616464
  0.03963385
  0.00000035
  0.00000181
  0.00000184
  0.00000026
  0.07428908
  0.15551820
  0.24491238
  0.34411960
  0.41844354
  0.43664795
  0.49783888
  0.60971411
  0.79163873
  0.76700937
  0.62709446
  0.43279784
  0.31670853
  0.26391204
  0.25212674
  0.27240226
  0.28128147
  0.19623504
  0.12130593
  0.05556696
  0.00037362
  0.00003040
  0.01445328
  0.02707782
  0.03803682
  0.04745545
  0.05541364
  0.06194629
  0.06703931
  0.05907827
  0.04148941
  0.02777244
  0.01726342
  0.00949678
  0.00415410
  0.00102820
