  0.00000000
  0.00000000
 -0.00000000
  0.00000000
  0.00000000
  0.00000000
  0.00000000
  0.00000000
  0.00000000
  0.00000000
  0.00000000
  0.00000000
  0.00000000
  0.00000000
  0.00000000
  0.00000000
  0.00000000
  0.00000000
  0.00000000
  0.00000000
  0.00000000
  0.00000000
  0.00000000
  0.00000000
  0.00000000
  0.00000000
  0.00000000
  0.00000000
  0.00000000
  0.00000000
  0.00000000
  0.00000000
  0.00000000
  0.00000000
  0.00000000
  0.00000000
  0.00000000
  0.00000000
  0.00000000
  0.00000000
  0.00000000
  0.00000000
  0.00000000
  0.00000000
  0.00000000
  0.00000000
  0.00000000
  0.00000000
  0.00000000
  0.00000000
  0.00000000
  0.00000000
  0.00000000
  0.00000000
  0.00000000
  0.00000000
  0.00000000
  0.00000000
  0.00000000
  0.00000000
  0.00000000
  0.00000000
  0.00000000
  0.00000000
  0.00000000
  0.00000000
  0.00000000
  0.00000000
  0.00000000
  0.00000000
  0.00000000
  0.00000000
  0.00000000
  0.00000000
  0.00000000
  0.00000000
  0.00000000
  0.00000000
  0.00000000
  0.00000000
  0.00000000
  0.00000000
  0.00000000
  0.00000000
  0.00000000
  0.00000000
  0.00000000
  0.00000000
  0.00000000
  0.00000000
  0.00000000
  0.00000000
  0.00000000
  0.00000000
  0.00000000
  0.00000000
  0.00000000
  0.00000000
  0.00000000
  0.00000000
  0.00000000
  0.00000000
  0.00000000
  0.00000000
  0.00000000
  0.00000000
  0.00000000
  0.00000000
  0.00000000
  0.00000000
  0.00000000
  0.00000000
  0.00000000
  0.00783030
  0.01587441
  0.02385020
  0.03176158
  0.03961099
  0.04739969
  0.05512885
  0.06353666
  0.07151171
  0.07948675
  0.08746179
  0.09543684
  0.10341189
  0.11138696
  0.11936204
  0.12733713
  0.13531224
  0.14328736
  0.15126251
  0.15923769
  0.16721291
  0.17518815
  0.19392591
  0.20237264
  0.22474731
  0.20829329
  0.26613058
  0.27740189
  0.28851859
  0.29947235
  0.33827615
  0.35295202
  0.36777874
  0.28218769
  0.28986268
  0.29754155
  0.51620470
  0.53661893
  0.55664116
  0.57636577
  0.59596024
  0.56969290
  0.49479411
  0.48639265
  0.51794483
  0.57890855
  0.62247665
  0.61406368
  0.52884561
  0.48144136
  0.50456959
  0.50149107
  0.48937321
  0.47967752
  0.45753576
  0.43443740
  0.41085030
  0.38730270
  0.36812882
  0.34363441
  0.31915618
  0.29470502
  0.27026804
  0.24582324
  0.22134949
  0.19683380
  0.17300907
  0.14798508
  0.12306244
  0.09826038
  0.07356992
  0.04897363
  0.02445461
