  0.00000000
  0.00000000
 -0.00000000
  0.00000000
  0.00000000
  0.00000000
  0.00000000
  0.00000000
  0.00000000
  0.00000000
  0.00000000
  0.00000000
  0.00000000
  0.00000000
  0.00000000
  0.00000000
  0.00000000
  0.00000000
  0.00000000
  0.00000000
  0.00000000
  0.00000000
  0.00000000
  0.00000000
  0.00000000
  0.00000000
  0.00000000
  0.00000000
  0.00000000
  0.00000000
  0.00000000
  0.00000000
 -0.00000000
  0.00000000
 -0.00000000
  0.00000000
  0.00000000
  0.00000000
  0.00000000
  0.00000000
  0.00000000
  0.00000000
  0.00000000
  0.00000000
  0.00000000
  0.00000000
  0.00000000
  0.00000000
  0.00000000
  0.00000000
  0.00000000
  0.00000000
  0.00000000
  0.00000000
  0.00000000
  0.00000000
  0.00000000
  0.00000000
  0.00000000
  0.00000000
  0.00000000
  0.00000000
  0.00000000
  0.00000000
  0.00000000
  0.00000000
  0.00000000
  0.00000000
  0.00000000
  0.00000000
  0.00000000
  0.00000000
  0.00000000
  0.00000000
  0.00000000
  0.00000000
  0.00000000
  0.00000000
  0.00000000
  0.00000000
  0.00000000
  0.00000000
  0.00000000
  0.00000000
  0.00000000
  0.00000000
  0.00000000
  0.00000000
  0.00000000
  0.00000000
  0.00000000
  0.00000000
 -0.00000000
  0.00000000
 -0.00000000
  0.00000000
  0.00000000
  0.00000000
 -0.00000000
  0.00000000
  0.00000000
  0.00000000
 -0.00000000
  0.00000000
  0.00000000
  0.00000000
 -0.00000000
  0.00000000
  0.00000000
  0.00000000
  0.00000000
  0.00000000
 -0.00000000
  0.00913561
  0.01808474
  0.02653742
  0.03451897
  0.04204737
  0.04913451
  0.05578796
  0.06353792
  0.07151297
  0.07948802
  0.08746307
  0.09543813
  0.10341319
  0.11138826
  0.11936335
  0.12733846
  0.13531358
  0.14328871
  0.15126388
  0.15923908
  0.16721431
  0.17518957
  0.19392662
  0.20767918
  0.23100227
  0.20829401
  0.26613095
  0.28583454
  0.30610730
  0.32700264
  0.37201863
  0.37626419
  0.37988111
  0.28218805
  0.28986455
  0.29754346
  0.51620497
  0.55871022
  0.60274454
  0.64874961
  0.69735893
  0.69349099
  0.62548640
  0.63559531
  0.69978102
  0.81278580
  0.84756848
  0.79833207
  0.65770166
  0.57643256
  0.58344037
  0.57687594
  0.57097437
  0.56406620
  0.51661362
  0.47109011
  0.42770247
  0.38741646
  0.36813811
  0.35856998
  0.34713757
  0.33401110
  0.31930703
  0.30308599
  0.28536288
  0.26611016
  0.23405874
  0.19085896
  0.15176162
  0.11609986
  0.08338360
  0.05326635
  0.02551712
