  0.00000000
  0.00000000
 -0.18749813
 -0.37499625
 -0.56249436
 -0.74999245
 -0.93749054
 -1.12498861
 -1.31248667
 -1.49998471
 -1.68748273
 -1.87498074
 -2.06247872
 -2.24997667
 -2.43747459
 -2.62497248
 -2.81247033
 -2.99996813
 -3.18746587
 -3.37496354
 -3.56246112
 -3.74995859
 -3.93745591
 -4.12495306
 -4.31244986
 -4.49994613
 -4.68744135
 -4.87493355
 -4.99999439
 -4.99999392
 -4.99998680
 -4.99998478
 -4.99998962
 -4.99998741
 -4.99998501
 -4.99995874
 -4.99996507
 -4.99996741
 -4.99996911
 -4.99997020
 -4.99996938
 -4.99996879
 -4.99996660
 -4.99996660
 -4.99996664
 -4.99998039
 -4.99998146
 -4.99998288
 -4.99998463
 -4.99998661
 -4.99998796
 -4.99997797
 -4.99998203
 -4.99998181
 -4.99997731
 -4.99997021
 -4.99984431
 -4.99983466
 -4.99380864
 -4.95287931
 -4.91191662
 -4.87093471
 -4.72377984
 -4.57624597
 -4.42843470
 -4.28039176
 -4.13214398
 -3.98374819
 -3.81951405
 -3.65765440
 -3.52585363
 -3.39088236
 -3.24362037
 -3.09651113
 -3.01504023
 -2.93363958
 -2.85230335
 -2.77102792
 -2.68980666
 -2.60904262
 -2.52835032
 -2.44773569
 -2.36721300
 -2.28680217
 -2.20652903
 -2.12642587
 -2.04653166
 -1.96606038
 -1.88587441
 -1.80596916
 -1.72633131
 -1.64694432
 -1.56778879
 -1.48884412
 -1.41008878
 -1.33150146
 -1.25306155
 -1.17474958
 -1.09654734
 -1.01843813
 -0.94040689
 -0.86244007
 -0.78452576
 -0.70665361
 -0.62881477
 -0.55100176
 -0.47320839
 -0.39378764
 -0.31481090
 -0.23621408
 -0.15794850
 -0.07997686
 -0.00276140
  0.07538636
  0.15328727
  0.23095646
  0.30840603
  0.38564497
  0.46267944
  0.53951323
  0.61614940
  0.69348781
  0.77082620
  0.84816456
  0.92550290
  1.00284123
  1.08017954
  1.15751785
  1.23485616
  1.31219449
  1.38953282
  1.46687116
  1.54420952
  1.62154791
  1.69888634
  1.77622482
  1.85810772
  1.93979154
  2.02668652
  2.10376675
  2.19864192
  2.29326780
  2.38762471
  2.48169335
  2.58392315
  2.68636791
  2.78904516
  2.86492599
  2.94080609
  3.01668646
  3.14502128
  3.27298706
  3.40053707
  3.52765202
  3.65435015
  3.77125960
  3.86963718
  3.79961135
  3.69739499
  3.57997449
  3.44957143
  3.31606625
  3.19645914
  3.08349871
  2.96077426
  2.83374228
  2.70422256
  2.57118822
  2.43772902
  2.30406962
  2.17033433
  2.03649548
  1.90092188
  1.76534322
  1.62975148
  1.49413095
  1.35846669
  1.22274993
  1.08698097
  0.95116917
  0.81475139
  0.67852765
  0.54250289
  0.40666015
  0.27097611
  0.13542862
  0.00000000
