  0.00000000
  0.49886925
  0.49859126
  0.49722984
  0.04779530
 -0.49537224
 -0.49508304
 -0.49334948
 -0.03714550
 -0.00225206
 -0.00112588
  0.00038804
  0.00329511
  0.01442695
 -0.09244732
  0.02832269
  0.00184129
 -0.02407369
  0.06233126
 -0.01064953
 -0.49878160
 -0.00769939
  0.49984293
  0.49994905
  0.49998039
  0.49998918
  0.49999224
  0.49999188
  0.30516007
 -0.44927049
 -0.49999427
 -0.49999716
 -0.49999845
 -0.49999879
 -0.49999895
 -0.00002619
  0.49998070
  0.49996791
  0.49992935
 -0.49414022
 -0.49988167
 -0.49993253
 -0.00244888
  0.00372617
 -0.00115262
 -0.49999720
 -0.49999694
 -0.49999646
 -0.49999540
 -0.49999198
  0.15908560
  0.49998435
  0.49999434
  0.49999676
  0.49999761
  0.49999809
  0.00024922
 -0.00000221
  0.00000251
  0.00000247
 -0.00025194
 -0.49999832
 -0.49999801
 -0.49999755
 -0.49999679
 -0.49999519
 -0.49998943
  0.49998157
  0.49999480
  0.49999553
  0.49999649
  0.49999735
  0.49999763
  0.49997857
  0.49998177
  0.49998354
  0.49998450
  0.49998492
  0.49998475
  0.49998429
  0.49998331
  0.49998161
  0.49997870
  0.49997342
  0.49996200
  0.49992271
  0.00026675
  0.00000214
  0.00000129
  0.00000061
  0.00000002
 -0.00000050
 -0.00000100
 -0.00000150
 -0.00000200
 -0.00000254
 -0.00000313
 -0.00000380
 -0.00000459
 -0.00000554
 -0.00000671
 -0.00000820
 -0.00001015
 -0.00001280
 -0.00001658
 -0.00054585
 -0.49980060
 -0.49989983
 -0.49992650
 -0.49993791
 -0.49994332
 -0.49994478
 -0.49994561
 -0.49994323
 -0.49993817
 -0.49992910
 -0.49991259
 -0.49987807
 -0.49977258
 -0.24330614
 -0.00004190
 -0.00003407
 -0.00002766
 -0.00002287
 -0.00001917
 -0.00001627
 -0.00001394
 -0.00001204
 -0.00001047
 -0.00000916
 -0.00000805
 -0.00000709
 -0.00000626
 -0.00000555
 -0.00008996
 -0.49993073
 -0.03068948
  0.49994022
 -0.00004207
 -0.49998477
 -0.49997743
 -0.49995545
 -0.12489150
  0.49996292
  0.49998144
  0.49998765
  0.00010600
 -0.00000081
 -0.00012103
 -0.49999623
 -0.49999548
 -0.49999433
 -0.49999229
 -0.49998757
 -0.49997528
 -0.49995416
 -0.49992879
 -0.49988327
  0.34485683
  0.49989698
  0.49994013
  0.49990112
  0.49915879
  0.06918994
 -0.18214538
 -0.09825569
  0.49909658
  0.49898850
  0.49795784
  0.47462365
  0.00314455
  0.49984649
  0.49984187
  0.49983594
  0.49982527
  0.49980282
  0.49974976
  0.49957486
  0.00685297
 -0.49963537
 -0.49981207
 -0.49986855
 -0.49989480
 -0.49990870
 -0.49991603
 -0.49991897
  0.00000000
