 -1.58314138
 -1.58314138
 -1.58314138
 -1.58355439
 -1.58521212
 -1.58896562
 -1.59570045
 -1.60635361
 -1.62193327
 -1.64354265
 -1.67240992
 -1.70992659
 -1.75769852
 -1.81612780
 -1.87829205
 -1.93719003
 -1.99232467
 -2.04319920
 -2.08930610
 -2.13012025
 -2.16509320
 -2.19364843
 -2.21517764
 -2.22904037
 -2.23457370
 -2.23113645
 -2.21828094
 -2.19655340
 -2.17607440
 -2.16396683
 -2.16217074
 -2.17193359
 -2.19433405
 -2.23047371
 -2.28157059
 -2.34902312
 -2.43446837
 -2.54055250
 -2.62985881
 -2.70480931
 -2.76506864
 -2.81019982
 -2.83967367
 -2.85286324
 -2.84903176
 -2.82731039
 -2.78666366
 -2.72583865
 -2.64329146
 -2.53708228
 -2.40472828
 -2.24300646
 -2.04771718
 -1.80315582
 -1.60224638
 -1.42862982
 -1.28194888
 -1.16112179
 -1.06945907
 -1.00564535
 -0.96825827
 -0.95590720
 -0.96733820
 -1.00151718
 -1.01309943
 -1.00279818
 -0.98386627
 -0.98621139
 -1.00870772
 -1.05042345
 -1.11064840
 -1.18890393
 -1.28495088
 -1.39879922
 -1.53072092
 -1.68126590
 -1.86370010
 -2.05321022
 -2.23487974
 -2.40819618
 -2.57282183
 -2.72857820
 -2.87541457
 -3.01337278
 -3.14255607
 -3.30984670
 -3.39145595
 -3.46812041
 -3.53993283
 -3.60699261
 -3.66939728
 -3.72723896
 -3.78060243
 -3.82956402
 -3.87419131
 -3.91454323
 -3.95067048
 -3.98309642
 -4.00794525
 -4.02655420
 -4.04003004
 -4.04931156
 -4.05521314
 -4.05845584
 -4.05969013
 -4.05951319
 -4.05848224
 -4.05712531
 -4.05594998
 -4.05545086
 -4.05611612
 -4.05843337
 -4.06289527
 -4.07000491
 -4.08028807
 -4.08929224
 -4.09639995
 -4.10115063
 -4.10307161
 -4.10167195
 -4.09643611
 -4.08681677
 -4.07222667
 -4.05202895
 -4.02552574
 -3.99194441
 -3.94785473
 -3.89911915
 -3.84610777
 -3.78917395
 -3.72865634
 -3.59187244
 -3.47483345
 -3.37754160
 -3.29997828
 -3.25549087
 -3.23388809
 -3.22684703
 -3.22686564
 -3.22866741
 -3.22806365
 -3.22144667
 -3.20553087
 -3.17307168
 -3.14539573
 -3.13342695
 -3.13048200
