 26.69491525
 26.69491525
 26.69491525
 26.69475865
 26.69443515
 26.69388720
 26.69296698
 26.69139148
 26.68869440
 26.68417365
 26.67683316
 26.66531780
 26.64783989
 26.62204857
 26.58522372
 26.53550293
 26.47211374
 26.39452830
 26.30246807
 26.19590637
 26.07507014
 25.94044317
 25.79277323
 25.63308611
 25.46270941
 25.28330729
 25.09692109
 24.90598112
 24.71311462
 24.51850896
 24.32021466
 24.11536646
 23.90035855
 23.67092760
 23.42222725
 23.14893926
 22.84546833
 22.50360345
 22.12936150
 21.72186370
 21.28617756
 20.82669926
 20.34713215
 19.85059088
 19.33978978
 18.81733853
 18.28615634
 17.75002645
 17.21432655
 16.68698847
 16.17976121
 15.70986486
 15.30207771
 14.97729977
 14.82076541
 14.79904951
 14.89823829
 15.10129989
 15.38131696
 15.71314721
 16.07522001
 16.44965316
 16.82164352
 17.17886125
 17.50974663
 17.82619603
 18.14019557
 18.45455418
 18.75889950
 19.04428962
 19.30269266
 19.52660989
 19.70886108
 19.84253965
 19.92115149
 19.93896304
 19.88813494
 19.75820588
 19.55808196
 19.30443353
 19.01402862
 18.70241156
 18.38306572
 18.06702026
 17.76279257
 17.36556230
 17.17449469
 16.99810069
 16.83658793
 16.68981875
 16.55739693
 16.43874086
 16.33314382
 16.23982287
 16.15795816
 16.08672413
 16.02531434
 15.97217270
 15.92789999
 15.89150215
 15.86223452
 15.83955122
 15.82306353
 15.81250532
 15.80770383
 15.80855460
 15.81499954
 15.82700749
 15.84455667
 15.86761853
 15.89614259
 15.93004180
 15.96917811
 16.01334779
 16.06229775
 16.11593269
 16.17416487
 16.23704859
 16.30472715
 16.37744892
 16.45558389
 16.53964034
 16.63028112
 16.72833899
 16.83482967
 16.95096008
 17.08598883
 17.22025818
 17.35343242
 17.48497865
 17.61420206
 17.88461417
 18.13482138
 18.35313067
 18.53220139
 18.66777981
 18.75664135
 18.79806893
 18.79789358
 18.75994434
 18.68712022
 18.58188011
 18.44649440
 18.25938214
 18.11882883
 18.02508092
 17.97820823
