 28.92857143
 28.92857143
 28.92857143
 28.91588640
 28.89053168
 28.85252384
 28.80188237
 28.73863281
 28.66281305
 28.57448535
 28.47375814
 28.36082346
 28.23601247
 28.09962966
 27.95255101
 27.79598426
 27.63078832
 27.45776428
 27.27760529
 27.09084726
 26.89782146
 26.69861016
 26.49300669
 26.28048154
 26.06015703
 25.83079508
 25.59080869
 25.33832437
 25.07143131
 24.79017314
 24.49603500
 24.19099409
 23.87748107
 23.55849786
 23.23783462
 22.92037826
 22.61252033
 22.32038376
 22.06377881
 21.83491297
 21.63151013
 21.44983828
 21.28482814
 21.13018541
 20.97846242
 20.82109805
 20.64843414
 20.44973117
 20.21322511
 19.92630085
 19.57591871
 19.14955510
 18.63716786
 18.00861092
 17.34710619
 16.65684518
 15.96385798
 15.28051323
 14.63567606
 14.03019109
 13.45923239
 12.91489505
 12.38816197
 11.86987361
 11.35282677
 10.84548980
 10.35344146
  9.88080588
  9.42088991
  8.96779109
  8.51687079
  8.06509049
  7.61128760
  7.15643439
  6.70389713
  6.25968474
  5.80144828
  5.37061743
  4.98847025
  4.66438880
  4.40271863
  4.20352187
  4.06357820
  3.97740911
  3.93818589
  3.93856857
  3.97102334
  4.01603846
  4.07073475
  4.13250082
  4.19900204
  4.26817518
  4.33821438
  4.40755238
  4.47483955
  4.53892227
  4.59882196
  4.65454189
  4.70408365
  4.74690901
  4.78267287
  4.81116587
  4.83227557
  4.84595929
  4.85222403
  4.85111114
  4.84268365
  4.82701539
  4.80418104
  4.77424668
  4.73726058
  4.69324420
  4.64218338
  4.58401991
  4.51860118
  4.44536317
  4.36432695
  4.27549194
  4.17891367
  4.07471332
  3.96308982
  3.84433531
  3.71885577
  3.58719846
  3.45008873
  3.30847948
  3.15466274
  3.01467039
  2.88872025
  2.77690118
  2.67915726
  2.49924903
  2.37829882
  2.30273107
  2.25967759
  2.23802253
  2.22785737
  2.22402290
  2.22403789
  2.22728180
  2.23363902
  2.24276198
  2.25359611
  2.26557607
  2.27000201
  2.27035854
  2.26997579
