  0.00000000
  0.74906711
  0.74905186
  0.74903608
  0.74901973
  0.74900279
  0.74898525
  0.74896708
  0.74894825
  0.74892875
  0.74890856
  0.74888765
  0.74886598
  0.74884349
  0.74882011
  0.74879576
  0.74877037
  0.74874385
  0.74871611
  0.74868706
  0.74865662
  0.74862469
  0.74859118
  0.74855594
  0.74851886
  0.74847991
  0.74843902
  0.74839595
  0.74835042
  0.74830225
  0.74825140
  0.74819760
  0.74814048
  0.74807824
  0.74801184
  0.74794089
  0.74786416
  0.74778055
  0.74769044
  0.74759094
  0.74749339
  0.74729946
  0.74717756
  0.74704427
  0.74689343
  0.74671426
  0.74650921
  0.74626805
  0.74598074
  0.74563924
  0.74523759
  0.74475090
  0.74417430
  0.74347503
  0.74260516
  0.74148807
  0.73999358
  0.73788395
  0.73467416
  0.72921544
  0.71788545
  0.68128345
  0.19077772
  0.00140188
  0.00027031
  0.00014533
  0.00002493
  0.00009768
  0.00017191
  0.00025939
 -0.00052422
 -0.00018613
 -0.00006730
 -0.00041747
 -0.00028667
 -0.00023390
 -0.00023890
 -0.00019084
 -0.00026747
 -0.00030360
 -0.00039475
 -0.00045025
 -0.00036706
 -0.00020967
 -0.00001645
  0.00043259
  0.00122372
  0.00147155
 -0.00985904
  0.00105898
  0.00196281
  0.00174921
  0.00048604
  0.00090208
  0.00063216
  0.00117446
  0.00221207
 -0.00059450
 -0.01198249
  0.00057967
 -0.00096330
 -0.11350443
 -0.65398286
 -0.70613166
 -0.72257276
 -0.73021141
 -0.73457427
 -0.73737300
 -0.73931220
 -0.74073392
 -0.74182472
 -0.74269054
 -0.74339675
 -0.74398512
 -0.74448399
 -0.74491245
 -0.74528535
 -0.74561303
 -0.74590297
 -0.74615590
 -0.74637913
 -0.74657761
 -0.74675775
 -0.74692614
 -0.74707552
 -0.74720968
 -0.74733025
 -0.74743880
 -0.74753703
 -0.74762600
 -0.74770543
 -0.74777446
 -0.74783557
 -0.74789062
 -0.74794099
 -0.74816597
 -0.74814535
 -0.74818804
 -0.74823147
 -0.74827536
 -0.74831985
 -0.74836581
 -0.74841354
 -0.74846685
 -0.74854408
 -0.74858887
 -0.74863061
 -0.74866960
 -0.74870576
 -0.74874023
 -0.74877317
 -0.74880484
 -0.74883424
 -0.74889252
 -0.74890434
 -0.74891163
 -0.74891491
 -0.74891463
 -0.74891103
 -0.74890427
 -0.74889439
 -0.74888140
 -0.74886524
 -0.74884580
 -0.74882285
 -0.74879604
 -0.74876490
 -0.74872898
 -0.74868769
 -0.74864024
 -0.74858561
 -0.74852251
 -0.74844929
 -0.74836386
 -0.74826351
 -0.74814452
 -0.74800198
 -0.74782921
 -0.74761683
 -0.74737341
 -0.74705381
 -0.74667436
 -0.74616295
 -0.74549027
 -0.74455816
 -0.74317104
 -0.74087376
 -0.73630695
 -0.72274427
  0.05447856
  0.72465486
  0.73728051
  0.74153613
  0.74367379
  0.74495980
  0.74581859
  0.74643273
  0.74689371
  0.74725259
  0.74753952
  0.74777435
  0.74797034
  0.74813650
  0.74827914
  0.74842164
  0.74852663
  0.74861540
  0.74869203
  0.74875885
  0.74881761
  0.74886965
  0.74891602
  0.74895759
  0.74899501
  0.00000000
