  0.00000000
  0.00000000
  0.08135936
  0.16271190
  0.24405560
  0.32538868
  0.40670972
  0.48801778
  0.56931274
  0.65059555
  0.73186857
  0.81313569
  0.89440206
  0.97567339
  1.05695520
  1.13825215
  1.21956767
  1.30090396
  1.38226218
  1.46364277
  1.54504592
  1.62647191
  1.70792157
  1.78939667
  1.87089800
  1.95242720
  2.03399362
  2.11561110
  2.19729144
  2.27903771
  2.36085724
  2.44276566
  2.52478118
  2.60692527
  2.68914231
  2.77145116
  2.85388744
  2.93646934
  3.01924168
  3.10224980
  3.18554557
  3.26965269
  3.35125651
  3.43303444
  3.51514918
  3.59767758
  3.68038446
  3.76329387
  3.84631246
  3.92926248
  4.01202311
  4.09461357
  4.17675066
  4.25848387
  4.33985216
  4.42089419
  4.50164143
  4.58210268
  4.66224708
  4.74198242
  4.82110159
  4.89899527
  4.97296944
  4.99373933
  4.99389247
  4.99392208
  4.99393805
  4.99394079
  4.99395154
  4.99397047
  4.99399908
  4.99394115
  4.99392067
  4.99391331
  4.99386749
  4.99383614
  4.99381062
  4.99378461
  4.99376388
  4.99373484
  4.99370190
  4.99365907
  4.99361024
  4.99357044
  4.99354769
  4.99354591
  4.99359298
  4.99372656
  4.99388808
  4.99280068
  4.99290852
  4.99310925
  4.99329024
  4.99334145
  4.99343609
  4.99350298
  4.99362809
  4.99386594
  4.99380086
  4.99248477
  4.99254352
  4.99244777
  4.98100645
  4.91449573
  4.84244276
  4.76855415
  4.69375287
  4.61840750
  4.54273059
  4.46685228
  4.39086554
  4.31478984
  4.23860984
  4.16228830
  4.08578389
  4.00905710
  3.93208318
  3.85483832
  3.77730945
  3.69949717
  3.62151194
  3.54341639
  3.46524488
  3.38691271
  3.30818963
  3.22923184
  3.15008455
  3.07077530
  2.99133177
  2.91175515
  2.83203890
  2.75221558
  2.67238423
  2.59257170
  2.51274873
  2.43283574
  2.34523674
  2.26142595
  2.17783787
  2.09439725
  2.01109436
  1.92793520
  1.84492413
  1.76207390
  1.67920413
  1.59481811
  1.51069087
  1.42679855
  1.34311723
  1.25964190
  1.17634065
  1.09316779
  1.01006032
  0.92702965
  0.84157554
  0.75689717
  0.67286086
  0.58936506
  0.50632063
  0.42365656
  0.34131544
  0.25925028
  0.17742218
  0.09579910
  0.01435714
 -0.06691349
 -0.14800253
 -0.22889103
 -0.30956783
 -0.39002877
 -0.47027083
 -0.55028933
 -0.63007723
 -0.70962518
 -0.78892197
 -0.86795534
 -0.94671209
 -1.02517433
 -1.10333259
 -1.18117769
 -1.25956117
 -1.33793783
 -1.41691179
 -1.49572365
 -1.57436925
 -1.65283665
 -1.73109164
 -1.80904478
 -1.88646512
 -1.96240705
 -1.95668385
 -1.87802159
 -1.79783790
 -1.71709861
 -1.63605826
 -1.55482578
 -1.47346109
 -1.39200294
 -1.31048069
 -1.22891578
 -1.14732427
 -1.06573980
 -0.98417653
 -0.90264937
 -0.82117789
 -0.73860008
 -0.65608510
 -0.57369752
 -0.49143316
 -0.40928311
 -0.32723887
 -0.24529329
 -0.16344073
 -0.08167713
  0.00000000
