  0.00000000
  0.74987430
  0.74987092
  0.74986736
  0.74986359
  0.74985961
  0.74985538
  0.74985089
  0.74984612
  0.74984104
  0.74983561
  0.74982979
  0.74982353
  0.74981678
  0.74980948
  0.74980157
  0.74979295
  0.74978353
  0.74977320
  0.74976184
  0.74974928
  0.74973532
  0.74971971
  0.74970215
  0.74968230
  0.74965958
  0.74963337
  0.74960282
  0.74956672
  0.74952342
  0.74947051
  0.74940436
  0.74931934
  0.74920603
  0.74904748
  0.74880979
  0.74841396
  0.74762296
  0.74525190
  0.03441597
 -0.74552713
 -0.74777011
 -0.74851779
 -0.74889102
 -0.74911381
 -0.74926164
 -0.74936699
 -0.74944621
 -0.74950805
 -0.74955773
 -0.74959843
 -0.74963228
 -0.74966076
 -0.74968523
 -0.74970623
 -0.74972445
 -0.74974022
 -0.74975491
 -0.74977180
 -0.74978434
 -0.74979658
 -0.74980630
 -0.74981491
 -0.74982276
 -0.74983003
 -0.74983645
 -0.74984307
 -0.74984792
 -0.74985177
 -0.74985506
 -0.74985780
 -0.74985964
 -0.74986149
 -0.74986294
 -0.74986406
 -0.74986487
 -0.74986541
 -0.74986575
 -0.74986581
 -0.74986560
 -0.74986513
 -0.74986440
 -0.74986327
 -0.74986185
 -0.74986013
 -0.74985808
 -0.74985567
 -0.74985294
 -0.74985117
 -0.74985000
 -0.74984777
 -0.74984565
 -0.74984361
 -0.74984158
 -0.74983953
 -0.74983741
 -0.74983510
 -0.74983257
 -0.74985917
 -0.74985285
 -0.74984585
 -0.74983805
 -0.74982946
 -0.74982001
 -0.74980994
 -0.74979877
 -0.74978582
 -0.74977072
 -0.74975308
 -0.74973233
 -0.74970773
 -0.74967807
 -0.74964148
 -0.74959526
 -0.74953487
 -0.74945370
 -0.74933913
 -0.74916503
 -0.74886969
 -0.74826885
 -0.74650339
 -0.72918904
 -0.00318184
  0.00004377
  0.00001872
 -0.00003633
 -0.00012857
 -0.00017480
  0.00128554
  0.51530756
  0.74542828
  0.74779182
  0.74856640
  0.74894708
  0.74917127
  0.74932461
  0.74942517
  0.74949955
  0.74955719
  0.74960376
  0.74964291
  0.74967621
  0.74967104
  0.74969651
  0.74971833
  0.74973690
  0.74975289
  0.74976686
  0.74977914
  0.74979009
  0.74979999
  0.74980902
  0.74981739
  0.74982509
  0.74983215
  0.74983863
  0.74984462
  0.74985019
  0.74985538
  0.74986025
  0.74986481
  0.74986908
  0.74987308
  0.74987683
  0.74988034
  0.74988362
  0.74988671
  0.74988964
  0.74989242
  0.74989507
  0.74989760
  0.74990000
  0.74990229
  0.74990447
  0.00000000
