  0.01027698
  0.12813414
  0.12813231
  0.12813017
  0.12812802
  0.12812656
  0.12812699
  0.12813074
  0.12813895
  0.12815192
  0.12816889
  0.12818832
  0.12820835
  0.12822733
  0.12824398
  0.12825742
  0.12826415
  0.12826368
  0.12825990
  0.12825354
  0.12824531
  0.12823644
  0.12822751
  0.12821866
  0.12820993
  0.12820372
  0.12820026
  0.12819939
  0.12820077
  0.12820409
  0.12820911
  0.12820761
  0.12820743
  0.12820861
  0.12821105
  0.12821302
  0.12822001
  0.12823617
  0.12826732
  0.12834297
  0.13208856
  0.13226322
  0.13243243
  0.13256646
  0.13262081
  0.13263678
  0.13263250
  0.13265801
  0.13273214
  0.13283885
  0.13296578
  0.13309481
  0.13320096
  0.13332833
  0.13343090
  0.13344205
  0.13329343
  0.13320583
  0.13438055
  0.13625447
  0.13629104
  0.13603682
  0.13577667
  0.13555765
  0.13538050
  0.13530353
  0.13569350
  0.13516727
  0.13456626
  0.13403100
  0.13356086
  0.13314441
  0.13276337
  0.13241805
  0.13210995
  0.13183793
  0.13159935
  0.13136871
  0.13111999
  0.13087111
  0.13061868
  0.13035538
  0.13007565
  0.12977381
  0.12944483
  0.12908530
  0.12869726
  0.12834533
  0.12908761
  0.13018044
  0.13021922
  0.13025210
  0.13027722
  0.13030915
  0.13033764
  0.13035526
  0.13032545
  0.13026395
  0.16087994
  0.16064962
  0.16045586
  0.16020536
  0.16000431
  0.15991816
  0.16031689
  0.16083217
  0.16122051
  0.16149413
  0.16171644
  0.16183440
  0.16197092
  0.16213809
  0.16229078
  0.16242282
  0.16234050
  0.16227999
  0.16226570
  0.16228332
  0.16225025
  0.16210722
  0.16208890
  0.16180377
  0.16479581
  0.16436037
  0.16435768
  0.16492388
  0.16622067
  0.16857925
  0.17045453
  0.14311456
  0.14644487
  0.14845994
  0.14991990
  0.15089670
  0.15153096
  0.15333239
  0.15346920
  0.15364948
  0.15394267
  0.15442440
  0.15513641
  0.15573626
  0.14357257
  0.14534553
  0.14665167
  0.14748859
  0.14798068
  0.14823843
  0.14833592
  0.14835607
  0.14836531
  0.14837068
  0.14844289
  0.14853094
  0.14858863
  0.14862102
  0.14864222
  0.14866446
  0.14869391
  0.14873121
  0.14877179
  0.14880904
  0.14883581
  0.14884604
  0.14883607
  0.14880607
  0.14876796
  0.14873851
  0.14871897
  0.14870638
  0.14869670
  0.14868786
  0.14867905
  0.14867008
