  0.00000000
  0.00000000
 -0.02945373
 -0.05788469
 -0.08425671
 -0.10756115
 -0.12687759
 -0.14145425
 -0.15078352
 -0.15464364
 -0.15312806
 -0.14669753
 -0.13618056
 -0.12264504
 -0.10721588
 -0.09093762
 -0.07470114
 -0.05949363
 -0.04581126
 -0.03409168
 -0.02472316
 -0.01747069
 -0.01223129
 -0.00888436
 -0.00792588
 -0.00720642
 -0.00708090
 -0.00734593
 -0.00770265
 -0.00793926
 -0.00794091
 -0.00764747
 -0.00706932
 -0.00625742
 -0.00534828
 -0.00440683
 -0.00364780
 -0.00359841
 -0.00503413
 -0.00890808
 -0.01641877
 -0.02893815
 -0.04491460
 -0.06041077
 -0.06818110
 -0.05672074
 -0.02117486
  0.02858150
  0.08543126
  0.14591747
  0.20840358
  0.27209435
  0.33654401
  0.40147630
  0.46671953
  0.53210494
  0.59739822
  0.66203090
  0.69899375
  0.69918068
  0.69934697
  0.69944369
  0.69950390
  0.69954380
  0.69956982
  0.69957423
  0.69953434
  0.63482808
  0.56768744
  0.50065041
  0.43381292
  0.36717671
  0.30072962
  0.23446133
  0.16835814
  0.10240428
  0.03658385
 -0.02911806
 -0.09470376
 -0.16016261
 -0.22549259
 -0.29068946
 -0.35574429
 -0.42064383
 -0.48536816
 -0.54988614
 -0.61413859
 -0.67793303
 -0.69948783
 -0.66582858
 -0.60132527
 -0.53652881
 -0.47162854
 -0.40667502
 -0.34168397
 -0.27666775
 -0.21163937
 -0.14662976
 -0.08166408
 -0.00144655
  0.07855108
  0.15823510
  0.23726674
  0.31434834
  0.37025071
  0.29981186
  0.22798161
  0.15789415
  0.09238539
  0.03632269
 -0.00291739
 -0.01776034
 -0.01425711
 -0.00490014
  0.00454474
  0.01010085
  0.00597610
 -0.01187953
 -0.04442140
 -0.08413126
 -0.08186113
 -0.01159069
  0.06710165
  0.14874941
  0.23056492
  0.31251718
  0.39480887
  0.47776333
  0.56185034
  0.48428628
  0.41319198
  0.34032699
  0.26649823
  0.19211461
  0.11785460
  0.08660710
  0.16206506
  0.23818767
  0.31458470
  0.39119799
  0.46804962
  0.54511075
  0.57249069
  0.50165844
  0.42975996
  0.35731899
  0.28478758
  0.21269281
  0.14183681
  0.07371531
  0.01126421
 -0.03988688
 -0.07183557
 -0.07959066
 -0.06822752
 -0.04597410
 -0.01681509
  0.01762884
  0.05650420
  0.09907331
  0.14454048
  0.19199575
  0.24039091
  0.28842969
  0.33423670
  0.37440078
  0.40085935
  0.39695782
  0.36226176
  0.31209616
  0.25457599
  0.19321701
  0.12974068
  0.06512093
  0.00000000
