  1.57079633
  1.57079633
  1.57079633
  1.57061496
  1.56990151
  1.56834188
  1.56568330
  1.56175735
  1.55649794
  1.54995089
  1.54227313
  1.53372040
  1.52462076
  1.51533630
  1.50622352
  1.49760206
  1.48973438
  1.48281533
  1.47694125
  1.47213766
  1.46835392
  1.46545817
  1.46330451
  1.46172151
  1.46051703
  1.45939373
  1.45832804
  1.45723733
  1.45606054
  1.45477914
  1.45340944
  1.45199049
  1.45057688
  1.44922660
  1.44799286
  1.44690541
  1.44598225
  1.44519560
  1.44439735
  1.44324937
  1.44116204
  1.43719758
  1.43038814
  1.42009594
  1.40662870
  1.39186776
  1.37996659
  1.37566724
  1.38128291
  1.39754990
  1.42451695
  1.46195943
  1.50955786
  1.56696429
  1.63386595
  1.70996789
  1.79497204
  1.88855210
  1.99048878
  2.09576303
  2.19677676
  2.29199806
  2.38121210
  2.46443960
  2.54173285
  2.61313902
  2.67872593
  2.73870418
  2.78593316
  2.82229451
  2.84966819
  2.86965374
  2.88362999
  2.89281213
  2.89829109
  2.90106598
  2.90206916
  2.90218768
  2.90228217
  2.90320337
  2.90580646
  2.91096591
  2.91959078
  2.93264173
  2.95114977
  2.97623890
  3.00915379
  3.05129487
  3.10427645
  3.16518487
  3.22747496
  3.28625920
  3.34101022
  3.39121696
  3.43636570
  3.47591954
  3.50931377
  3.53594490
  3.55518202
  3.56899172
  3.56924958
  3.55448126
  3.52305138
  3.47315651
  3.40299119
  3.31528443
  3.24221972
  3.18499451
  3.14410347
  3.11936955
  3.10930471
  3.11014212
  3.11542080
  3.11980277
  3.12135839
  3.11987144
  3.11646805
  3.11439576
  3.11863320
  3.13492222
  3.16662809
  3.19828071
  3.20286272
  3.17517876
  3.11360878
  3.01716603
  2.88396083
  2.71082395
  2.49263279
  2.22439290
  2.03619587
  1.87807006
  1.75147017
  1.65518194
  1.58777382
  1.54758255
  1.51851461
  1.46517209
  1.38801088
  1.28728834
  1.16289026
  1.01426159
  0.84077453
  0.67618876
  0.53868798
  0.42641291
  0.33746191
  0.26987677
  0.22170804
  0.19101433
  0.17574772
  0.17351176
  0.18110382
  0.19420618
  0.20807809
  0.21940213
  0.22664701
  0.22915635
  0.22667133
  0.21916582
  0.20679758
  0.18988875
  0.16891493
  0.14449734
  0.11740505
  0.08858231
  0.05923827
  0.03111481
  0.00678103
 -0.01207174
 -0.02544532
 -0.03407382
 -0.03893926
 -0.04110211
 -0.04164258
