  0.00000000
  0.00000000
  0.09608451
  0.19216721
  0.28824784
  0.38432638
  0.48040332
  0.57648004
  0.67255900
  0.76864350
  0.86473707
  0.96084268
  1.05696210
  1.15309574
  1.24924274
  1.34540130
  1.44156891
  1.53774047
  1.63391046
  1.73007629
  1.82623590
  1.92238773
  2.01853111
  2.11466580
  2.21079161
  2.30690831
  2.40301746
  2.49912064
  2.59521926
  2.69131430
  2.78740626
  2.88349521
  2.97957456
  3.07564286
  3.17169753
  3.26773369
  3.36374085
  3.45970246
  3.55557466
  3.65116574
  3.65558591
  3.55711078
  3.45820853
  3.35908067
  3.25980296
  3.16045496
  3.06107534
  2.96168493
  2.86226489
  2.76278108
  2.66321069
  2.56353975
  2.46376758
  2.36391202
  2.26395770
  2.16392366
  2.06387882
  1.96394329
  1.86407159
  1.76331721
  1.66115540
  1.55896478
  1.45696351
  1.35515615
  1.25351197
  1.15199965
  1.05054411
  0.94879528
  0.84744040
  0.74653568
  0.64603189
  0.54588028
  0.44604063
  0.34648646
  0.24719105
  0.14812652
  0.04926586
 -0.04941597
 -0.14792489
 -0.24624731
 -0.34438307
 -0.44232948
 -0.54007833
 -0.63761729
 -0.73492973
 -0.83199526
 -0.92879093
 -1.02529532
 -1.12153545
 -1.21833196
 -1.31594776
 -1.41359235
 -1.51126132
 -1.60894885
 -1.70666006
 -1.80439237
 -1.90213762
 -1.99986022
 -2.09753640
 -2.21817367
 -2.33863723
 -2.45895439
 -2.57908246
 -2.69905840
 -2.81896823
 -2.93917542
 -3.05976718
 -3.18064803
 -3.30173160
 -3.42297900
 -3.54431149
 -3.66574233
 -3.78729369
 -3.90895359
 -4.03070496
 -4.15238481
 -4.27400614
 -4.39559817
 -4.51717514
 -4.63867944
 -4.75997929
 -4.88097935
 -4.99896115
 -4.99947967
 -4.99947246
 -4.99946939
 -4.99947538
 -4.99949675
 -4.99952622
 -4.99930706
 -4.92556105
 -4.81639611
 -4.70537890
 -4.59315397
 -4.48014044
 -4.36661787
 -4.25172224
 -4.13670861
 -4.02154841
 -3.90615958
 -3.79040247
 -3.67410554
 -3.55735377
 -3.44972143
 -3.34075630
 -3.23080880
 -3.12023114
 -3.00928218
 -2.89813793
 -2.78691875
 -2.67568284
 -2.56443853
 -2.45318886
 -2.34188380
 -2.23051158
 -2.11909506
 -2.00765328
 -1.89619472
 -1.78471865
 -1.67321973
 -1.56169211
 -1.45013339
 -1.33854610
 -1.22693813
 -1.11532194
 -1.00371270
 -0.89212547
 -0.78056635
 -0.66902888
 -0.55750565
 -0.44599146
 -0.33448416
 -0.22298313
 -0.11148836
  0.00000000
