1 1 1 0.036674816626
1 1 2 23.856968215159
1 2 1 18.520782396088
1 2 2 23.783618581907
1 3 1 6.344743276284
1 3 2 21.436430317848
1 4 1 0.110024449878
1 4 2 21.436430317848
2 1 1 7.953995157385
2 1 2 0.054479418886
2 2 1 7.953995157385
2 2 2 6.918886198547
2 3 1 10.895883777240
2 3 2 6.918886198547
2 4 1 11.004842615012
2 4 2 0.018159806295
3 1 1 16.961259079903
3 1 2 10.042372881356
3 2 1 17.033898305085
3 2 2 0.054479418886
3 3 1 20.012106537530
3 3 2 0.018159806295
3 4 1 19.975786924939
3 4 2 10.986682808717
4 1 1 10.823244552058
4 1 2 18.359564164649
4 2 1 10.859564164649
4 2 2 14.546004842615
4 3 1 14.491525423729
4 3 2 14.582324455206
4 4 1 14.636803874092
4 4 2 18.468523002421
5 1 1 24.479418886199
5 1 2 18.577481840194
5 2 1 22.118644067797
5 2 2 15.998789346247
5 3 1 26.985472154964
5 3 2 14.328087167070
5 4 1 26.985472154964
5 4 2 14.328087167070
