  0.00000000
  0.00000000
  0.04649394
  0.09307340
  0.13964174
  0.18619928
  0.23274475
  0.27929717
  0.32586897
  0.37243957
  0.41901386
  0.46561862
  0.51217474
  0.55873269
  0.60530549
  0.65191653
  0.68897192
  0.72207959
  0.62897157
  0.62802974
  0.79740278
  0.76082023
  0.71426664
  0.66766417
  0.62103845
  0.57441755
  0.52778349
  0.48113047
  0.43466817
  0.38795176
  0.34124651
  0.29456792
  0.24826082
  0.20148032
  0.15475813
  0.10811005
  0.06155897
  0.01514343
 -0.03107829
 -0.07688230
 -0.12176809
 -0.16471412
 -0.20494290
 -0.24531332
 -0.28665602
 -0.32802445
 -0.31676612
 -0.27214057
 -0.22696740
 -0.18018044
 -0.13376388
 -0.08809652
 -0.04349197
