  0.01155245
  0.01155245
  0.00099379
  0.00006247
  0.00000383
  0.00000023
  0.00000001
  0.00000000
  0.00000000
  0.00000000
  0.00000000
  0.00000000
  0.00000000
  0.00000000
  0.00000000
 -0.00000000
  0.00000000
 -0.00000000
 -0.00000000
 -0.00000000
  0.00000000
 -0.00000000
 -0.00000000
 -0.00000000
 -0.00000000
  0.00000000
  0.00000000
  0.00000000
  0.00000000
  0.00000000
  0.00000000
  0.00000000
  0.00000001
  0.00000009
  0.00000154
  0.00002531
  0.00040833
  0.00562964
  0.03346808
  0.07704584
  0.12177923
  0.16471497
  0.20494297
  0.24531332
  0.28665602
  0.32802445
  0.31676612
  0.27214057
  0.22696742
  0.18018077
  0.13376931
  0.08818040
  0.04467344
