  7.00000000
  7.00000000
  7.00000000
  7.04147715
  7.12453963
  7.24916933
  7.41463571
  7.61894550
  7.85793573
  8.12369015
  8.41236038
  8.72305590
  9.05832874
  9.42491546
  9.83435453
 10.30270995
 10.84871332
 11.47948800
 12.18940920
 12.81829989
 13.43976439
 14.21469945
 14.93769973
 15.61010252
 16.24274782
 16.84200987
 17.40824281
 17.93563363
 18.41311322
 18.82628725
 19.16697798
 19.43612920
 19.64014955
 19.78863046
 19.89313869
 19.96541585
 20.01267906
 20.03871430
 20.04504950
 20.03204940
 19.99998878
 19.95013233
 19.88590613
 19.81373453
 19.74292566
 19.68881361
 19.66611150
 19.68789018
 19.74252276
 19.81319613
 19.88268747
 19.94009780
 19.97992061
 20.00000000
