  0.01080581
  0.23524703
  0.23524602
  0.24957099
  0.24949827
  0.24938749
  0.24918773
  0.24967402
  0.24969258
  0.24970987
  0.21359902
  0.21352941
  0.21351572
  0.22678618
  0.22568598
  0.23859255
  0.23987144
  0.24020829
  0.24057391
  0.24012253
  0.21801312
  0.19593425
  0.14691543
  0.14398007
  0.15565358
  0.19104064
  0.19347442
  0.19590914
  0.19850669
  0.12296530
  0.12279933
  0.12275276
  0.12271809
  0.13717015
  0.13758652
  0.13745679
  0.13743874
  0.13761697
  0.13809918
  0.13897292
  0.14003556
  0.14106668
  0.14421826
  0.14466644
  0.11956818
  0.11338452
  0.12928925
  0.14177438
  0.14225116
  0.11754201
  0.11739325
  0.12095601
  0.12078070
  0.12071038
  0.12075795
  0.12110421
  0.12149098
  0.12176258
  0.12212951
  0.12273260
  0.12364312
  0.12550289
  0.12638607
  0.10627664
  0.09662565
  0.09975618
  0.11843297
  0.12286543
  0.12300868
  0.12321707
  0.09692922
  0.09668837
  0.09660097
  0.09652749
  0.09942137
  0.09916721
  0.09901237
  0.09891097
  0.09902826
  0.09916634
  0.09928267
  0.09938760
  0.09951071
  0.09964763
  0.09974821
  0.09983075
  0.09994317
  0.10012733
  0.10029160
  0.10086636
  0.10095593
  0.10083861
  0.10093409
  0.10116839
  0.10161143
  0.10210720
  0.10247942
  0.08783440
  0.07732265
  0.07396696
  0.07626784
  0.08549034
  0.09862461
  0.09950455
  0.10009626
  0.10036130
  0.10027436
  0.10031617
  0.10038001
  0.10053330
  0.10127287
  0.10128853
  0.10129022
  0.10203580
  0.10210104
  0.10213278
  0.10216370
  0.10219665
  0.10223394
  0.10227575
  0.10231908
  0.10235246
  0.10239205
  0.10243827
  0.10249175
  0.10255341
  0.10262357
  0.10270531
  0.10280256
  0.10925266
  0.10927269
  0.11044097
  0.11250698
  0.10364268
  0.10383658
  0.10880059
  0.10879904
  0.10696745
  0.11547410
  0.11543504
  0.10546832
  0.10532466
  0.10531869
  0.10532370
  0.23012493
  0.23099352
  0.23165774
  0.23023590
  0.24100035
  0.24060068
  0.24972886
  0.24180910
  0.23368181
  0.24972641
  0.24966692
  0.24958630
  0.24948168
  0.21936822
  0.21673132
  0.21414061
  0.21123345
  0.20812996
  0.20466514
  0.20073011
  0.20788324
  0.20667822
  0.20540317
  0.21668541
  0.21591830
  0.21537689
  0.21490145
  0.22010884
  0.22150575
  0.22280098
  0.22343631
  0.22403186
  0.22460089
  0.22517894
  0.22628020
  0.22452833
  0.22157986
  0.21922998
  0.21731095
