  0.02310491
  0.02310491
  0.02317627
  0.02311489
  0.02149572
  0.03303801
  0.05300592
  0.06165278
  0.04959914
  0.03305183
  0.02313062
  0.02322954
  0.02324460
  0.02318882
  0.03902478
  0.04719160
  0.02068583
  0.13580015
  0.29408445
  0.48071181
  0.63455029
  0.76175782
  0.62567398
  0.54022466
  0.51202764
  0.53890956
  0.42176616
  0.29684931
  0.16135888
  0.02308088
  0.02281236
  0.02277299
  0.02272072
  0.02294453
  0.08881896
  0.16704454
  0.24627997
  0.32686998
  0.40624993
  0.46518888
  0.53795097
  0.62764672
  0.60702448
  0.50779877
  0.33456388
  0.25724283
  0.23244376
  0.17840539
  0.09486739
  0.02298386
  0.02219589
  0.02261215
  0.06871283
  0.12591872
  0.18001492
  0.21364964
  0.23790423
  0.29124177
  0.35344232
  0.42157674
  0.49593472
  0.57978073
  0.51528150
  0.36479455
  0.28400650
  0.25150290
  0.24968082
  0.19768293
  0.13503516
  0.07321832
  0.02301265
  0.02214469
  0.02201849
  0.02186920
  0.02256326
  0.04924066
  0.08578127
  0.12122140
  0.14862938
  0.13104256
  0.10358249
  0.07600484
  0.05251043
  0.03856296
  0.03344604
  0.03157556
  0.03244959
  0.04920629
  0.08244758
  0.12066245
  0.16052163
  0.20135147
  0.24381381
  0.28818751
  0.33515467
  0.38469454
  0.43607087
  0.41018680
  0.33822263
  0.30254564
  0.29297924
  0.30675029
  0.32055624
  0.28066119
  0.23981275
  0.19857589
  0.15742098
  0.11742226
  0.07840134
  0.04237314
  0.02535155
  0.02479935
  0.02457097
  0.02439621
  0.02425637
  0.02414393
  0.02405176
  0.02397468
  0.02390929
  0.02385327
  0.02380468
  0.02376201
  0.02372433
  0.02369084
  0.02366092
  0.02363408
  0.02361001
  0.02358842
  0.02356892
  0.02329362
  0.02268421
  0.03130316
  0.02273357
  0.02330942
  0.02354780
  0.02331542
  0.02175213
  0.02767794
  0.03009082
  0.02200371
  0.02326243
  0.02345858
  0.02340823
  0.02337023
  0.02312685
  0.04116745
  0.06750717
  0.09036849
  0.11562041
  0.13572322
  0.15899644
  0.13660248
  0.09909110
  0.07255898
  0.04697874
  0.02918605
  0.02079954
  0.02310996
  0.02387651
  0.02150861
  0.02257043
  0.03168148
  0.04660329
  0.06650175
  0.09101388
  0.10581986
  0.12071127
  0.13807451
  0.12564316
  0.11089676
  0.09343468
  0.07479690
  0.04288141
  0.02136336
  0.05532958
  0.10068692
  0.13612798
  0.16137929
  0.17640258
  0.11508203
  0.06687538
  0.03747925
  0.02551153
