  0.00000000
  0.00000000
 -0.11972688
 -0.23938350
 -0.35892188
 -0.47815218
 -0.47512592
 -0.35614134
 -0.23692978
 -0.11771102
  0.00143832
  0.05190440
 -0.01643534
 -0.02043030
 -0.11605108
 -0.04365441
  0.07560905
  0.19530254
  0.31512351
  0.43517003
  0.55128779
  0.54376744
  0.44437299
  0.36956349
  0.35259621
  0.41607837
  0.35445453
  0.26285164
  0.17001627
  0.07596997
  0.00008156
  0.00006868
  0.00006607
  0.03691853
  0.12811951
  0.21548292
  0.29929077
  0.37976817
  0.45707899
  0.38283917
  0.31560664
  0.32225389
  0.39510428
  0.33859728
  0.25969603
  0.17767939
  0.09239041
  0.00367118
  0.07698218
  0.16643044
  0.25220253
  0.33453032
  0.41360096
  0.33784359
  0.25887431
  0.24438412
  0.28634355
  0.36238528
  0.28440601
  0.20335730
  0.11908864
  0.03142356
  0.00008550
  0.00008045
  0.00007575
  0.00007128
  0.00006700
  0.00006304
  0.05681868
  0.14715994
  0.23373642
  0.31681260
  0.39659977
  0.47324840
  0.39961564
  0.33297646
  0.34103021
  0.41702893
  0.34128961
  0.26248095
  0.18056505
  0.09537749
  0.00673215
  0.00007872
  0.00006842
  0.00006376
  0.00006487
  0.00006852
  0.00007855
  0.00011783
  0.00064033
  0.01548061
 -0.00107426
 -0.00168448
 -0.00341595
  0.02632531
  0.06017362
  0.00500925
 -0.11322444
 -0.23199967
 -0.35101259
 -0.47013808
 -0.58946397
 -0.69999187
 -0.69999377
 -0.69998873
 -0.69999116
 -0.69999368
 -0.69998508
 -0.57501114
 -0.45012692
 -0.32740229
 -0.20659488
 -0.08726672
  0.03083961
  0.14785244
  0.26381563
  0.37869611
  0.49239798
  0.60477320
  0.57980513
  0.46522852
  0.35083450
  0.23660779
  0.12372009
  0.02472557
 -0.08716234
 -0.19890133
 -0.22161330
 -0.11034495
  0.01195286
  0.01724311
  0.02022368
 -0.01131995
 -0.00779697
 -0.00757377
 -0.00879105
 -0.01995354
 -0.13216105
 -0.25107900
 -0.36539746
 -0.24627479
 -0.12344741
  0.00000000
