  0.02310491
  0.02310491
  0.02303470
  0.02309494
  0.03917619
  0.08195229
  0.14871332
  0.17859488
  0.13936200
  0.08417631
  0.02307933
  0.02298334
  0.02296902
  0.02302237
  0.10677750
  0.13646357
  0.02809971
  0.04651826
  0.09053013
  0.14187685
  0.18543053
  0.22228400
  0.18812074
  0.16343541
  0.15398798
  0.15803557
  0.12486233
  0.08990910
  0.05245333
  0.02312905
  0.02341512
  0.02345971
  0.02352004
  0.02327035
  0.03331077
  0.05527983
  0.07756308
  0.10021479
  0.12249467
  0.13897706
  0.15929693
  0.18433723
  0.17815732
  0.15034886
  0.10363672
  0.08192809
  0.07405794
  0.05832197
  0.03491755
  0.02322886
  0.02421069
  0.02364975
  0.02797939
  0.04412917
  0.05953389
  0.06909841
  0.07598565
  0.09115214
  0.10882711
  0.12815888
  0.14920948
  0.17280821
  0.15440800
  0.11329313
  0.09061654
  0.08101430
  0.07949772
  0.06448093
  0.04666338
  0.02918698
  0.02319888
  0.02429339
  0.02449414
  0.02475033
  0.02371168
  0.02313776
  0.03309092
  0.04332311
  0.05125670
  0.04615982
  0.03821293
  0.03029675
  0.02392587
  0.02100379
  0.02047030
  0.02042881
  0.02043324
  0.02311821
  0.03211576
  0.04311312
  0.05463629
  0.06644973
  0.07872653
  0.09154560
  0.10509457
  0.11937314
  0.13418288
  0.12803365
  0.10780195
  0.09751911
  0.09454091
  0.09796861
  0.10108289
  0.08947028
  0.07761255
  0.06566714
  0.05376208
  0.04218991
  0.03096209
  0.02164792
  0.02156178
  0.02184049
  0.02197116
  0.02207788
  0.02216824
  0.02224402
  0.02230832
  0.02236366
  0.02241177
  0.02245385
  0.02249102
  0.02252418
  0.02255388
  0.02258061
  0.02260476
  0.02262665
  0.02264646
  0.02266436
  0.02268066
  0.02292309
  0.04667112
  0.07850517
  0.04684481
  0.02290856
  0.02269870
  0.02290303
  0.04192958
  0.06522557
  0.07382046
  0.04313627
  0.02295233
  0.02277527
  0.02281946
  0.02285338
  0.02308305
  0.11469695
  0.20530124
  0.28263127
  0.36838453
  0.43435871
  0.51125417
  0.43150708
  0.30303045
  0.21385056
  0.12812952
  0.06870372
  0.03392485
  0.02309986
  0.02259385
  0.02677004
  0.04185073
  0.07240381
  0.11644711
  0.17369247
  0.24182845
  0.28063430
  0.31862649
  0.35971218
  0.32061585
  0.27654367
  0.22668331
  0.17446807
  0.09341210
  0.02975622
  0.02807068
  0.04404313
  0.05617459
  0.06427656
  0.06853023
  0.04664751
  0.03007800
  0.02163988
  0.02163535
