  0.01155356
  0.01155356
  0.04687337
  0.09636048
  0.15243608
  0.21493927
  0.26834337
  0.30437435
  0.33627496
  0.36400466
  0.38757764
  0.44105523
  0.47707574
  0.52142984
  0.59068948
  0.61544961
  0.66951647
  0.75483995
  0.84857748
  0.91944156
  0.91434267
  0.91470301
  0.83455982
  0.85408800
  0.90279806
  0.92023060
  0.92246636
  0.92521502
  0.92730579
  0.92862038
  0.92907264
  0.92907654
  0.92907738
  0.92889608
  0.92800379
  0.92637858
  0.92420638
  0.92159886
  0.91862368
  0.92146722
  0.92368957
  0.92349305
  0.92103672
  0.92299382
  0.92530237
  0.92716536
  0.92845860
  0.92898625
  0.92861438
  0.92737576
  0.92549654
  0.92312571
  0.92035340
  0.92301992
  0.92349668
  0.92566764
  0.92456490
  0.92220196
  0.92463130
  0.92664273
  0.92812902
  0.92891751
  0.92907207
  0.92907289
  0.92907364
  0.92907432
  0.92907494
  0.92907549
  0.92877754
  0.92770769
  0.92595304
  0.92368022
  0.92098945
  0.91794165
  0.92082817
  0.92312521
  0.92288648
  0.92021372
  0.92290553
  0.92522824
  0.92710844
  0.92842408
  0.92897992
  0.92907282
  0.92907439
  0.92907403
  0.92907130
  0.92906703
  0.92905949
  0.92904142
  0.92895752
  0.92880668
  0.90120953
  0.85921660
  0.81758742
  0.78372482
  0.75282214
  0.69147013
  0.68271140
  0.67486053
  0.66326810
  0.64983843
  0.58761740
  0.63647821
  0.56629511
  0.43324852
  0.42678583
  0.40203686
  0.33701395
  0.25300678
  0.17697968
  0.11279044
  0.05854593
  0.01780005
  0.00233006
  0.00023177
  0.00002326
  0.00000250
  0.00000029
  0.00000004
  0.00000000
  0.00000000
  0.00000000
  0.00000000
  0.00000000
  0.00000000
  0.00000000
  0.00000000
  0.00000000
 -0.00000000
  0.00000000
  0.00000000
  0.00000000
  0.00000000
  0.00000000
  0.00000000
  0.00000000
  0.00000000
  0.00000001
  0.00000025
  0.00000430
  0.00006749
  0.00103180
