  0.00000000
  0.00000000
  0.17640749
  0.35281332
  0.53996184
  0.72705429
  0.91406149
  1.10091581
  1.28813119
  1.47535679
  1.66259171
  1.82274054
  1.98283382
  2.14291301
  2.31294036
  2.48213633
  2.66100408
  2.84082133
  3.02087938
  3.20119628
  3.38115307
  3.54450236
  3.69126091
  3.80123509
  3.90898617
  4.02546319
  4.16842636
  4.31314785
  4.45961104
  4.60791373
  4.69941754
  4.79055987
  4.88120130
  4.97049651
  4.99750178
  4.99760667
  4.99765366
  4.99768500
  4.99770971
  4.99773746
  4.99776908
  4.99780610
  4.99787405
  4.99783443
  4.99678887
  4.99641846
  4.99718545
  4.99756134
  4.99747484
  4.99684164
  4.99683281
  4.99692709
  4.99696555
  4.99699023
  4.99700512
  4.99702306
  4.99703526
  4.99703645
  4.99704199
  4.99706523
  4.99711808
  4.99722127
  4.99719263
  4.99596042
  4.99506595
  4.99532046
  4.99657240
  4.99669191
  4.99656991
  4.99645377
  4.99535978
  4.99533154
  4.99532295
  4.99531696
  4.99545362
  4.99548995
  4.99551578
  4.99553194
  4.99554733
  4.99555459
  4.99556470
  4.99557684
  4.99559091
  4.99560418
  4.99561323
  4.99562052
  4.99562789
  4.99562786
  4.99561849
  4.99564198
  4.99562403
  4.99559051
  4.99558185
  4.99559700
  4.99564811
  4.99572759
  4.99581771
  4.99432882
  4.99269772
  4.99204396
  4.99250627
  4.99396739
  4.99539548
  4.99545369
  4.99549434
  4.99552441
  4.99553795
  4.99557442
  4.99562118
  4.99567759
  4.99574389
  4.99574537
  4.99570616
  4.98945000
  4.91950343
  4.84558665
  4.77063563
  4.69520415
  4.61948821
  4.54357703
  4.46751790
  4.39134037
  4.31507193
  4.23872167
  4.16229447
  4.08579219
  4.00921425
  3.93255861
  3.85582001
  3.77898958
  3.69730400
  3.61558713
  3.53297924
  3.44880884
  3.37127645
  3.29358934
  3.21217028
  3.13074386
  3.05068361
  2.96423533
  2.87780938
  2.79885295
  2.71999917
  2.64114513
  2.56228290
  2.38981102
  2.21667785
  2.04303602
  1.87044998
  1.68977802
  1.50939389
  1.32215233
  1.14084445
  0.96562841
  0.77837452
  0.59116256
  0.40400956
  0.21693442
  0.05244451
 -0.11006702
 -0.27063433
 -0.42901938
 -0.58507403
 -0.73852605
 -0.88902091
 -1.04487179
 -1.19980681
 -1.35376791
 -1.51616168
 -1.67793218
 -1.83919782
 -1.99976314
 -1.83669284
 -1.67093663
 -1.50403785
 -1.33659690
 -1.16867431
 -1.00030309
 -0.83148328
 -0.66182645
 -0.49347635
 -0.32733272
 -0.16294802
  0.00000000
