  0.00000000
  0.01412620
 -0.01319805
 -0.49949330
 -0.49933059
 -0.49881555
 -0.00206598
  0.49896528
  0.49948623
  0.49966028
  0.00204892
  0.00005644
 -0.00130794
 -0.49861860
 -0.07114424
  0.49855158
  0.49922193
  0.49939485
  0.49944174
  0.49936750
  0.49891267
  0.16692166
 -0.49568592
 -0.49808327
 -0.49895371
 -0.49955366
 -0.49969079
 -0.49975718
 -0.49979670
 -0.00672647
 -0.00084636
 -0.00114572
  0.00604820
  0.49782313
  0.49645396
  0.49345630
  0.48531163
  0.45372715
  0.31139429
  0.36272045
  0.42078124
 -0.16839194
 -0.48425891
 -0.49437999
 -0.49393142
 -0.49371729
 -0.49640200
 -0.49802297
 -0.49852353
 -0.02209092
  0.01264077
  0.49001892
  0.47973417
  0.44568144
  0.26821280
  0.18748199
  0.41071311
  0.46011711
  0.47455542
  0.47844013
  0.47168846
 -0.41752314
 -0.48974118
 -0.49129945
 -0.49160958
 -0.49331165
 -0.49660681
 -0.49771557
 -0.49819472
 -0.49848224
 -0.03690203
 -0.00620852
 -0.00770191
  0.03346848
  0.48524163
  0.47423859
  0.44734480
  0.33927513
 -0.22041824
 -0.34402640
 -0.34796902
 -0.30385712
 -0.19567703
 -0.08124411
 -0.03243877
  0.01505685
  0.24610790
  0.42087784
  0.46040763
  0.47449030
  0.48107876
  0.48460083
  0.48644803
  0.48699365
  0.48586791
  0.48042661
  0.42158854
 -0.30376300
 -0.36197589
 -0.35022889
 -0.36413360
 -0.44479021
 -0.48114469
 -0.48607612
 -0.48734898
 -0.48689068
 -0.48476625
 -0.47961121
 -0.46406850
 -0.29434385
 -0.01420961
 -0.00613463
 -0.00507558
 -0.00334711
 -0.00267788
 -0.00220025
 -0.00184249
 -0.00156205
 -0.00133236
 -0.00114746
 -0.00099621
 -0.00086981
 -0.00076194
 -0.00066848
 -0.00058594
 -0.00050859
 -0.00043695
 -0.00037686
 -0.01175331
 -0.49361194
 -0.48013654
  0.46392315
  0.49215550
  0.01142360
 -0.01114864
 -0.49029015
 -0.45354509
 -0.09691320
  0.48479653
  0.49351532
  0.01130165
 -0.00225545
 -0.00169190
 -0.01565174
 -0.49984584
 -0.49982440
 -0.49979149
 -0.49972703
 -0.49952884
 -0.49150058
  0.00011850
  0.34953336
  0.49906339
  0.49957663
  0.49969772
  0.49975045
  0.49977677
  0.49950226
  0.49950682
  0.49947571
  0.49939298
  0.49919794
  0.49857269
  0.31555516
  0.00005351
 -0.00001098
 -0.11612068
 -0.49889711
 -0.49936705
 -0.49951041
 -0.49956641
 -0.49958865
 -0.49957262
 -0.49953199
 -0.49944807
 -0.49929627
 -0.49897801
 -0.49798925
  0.41792575
  0.49753713
  0.49852707
  0.49882258
  0.49892515
  0.00000000
