 21.89486553
 21.89486553
 21.89486553
 21.85278755
 21.76863003
 21.64218257
 21.47288394
 21.25968873
 21.00228425
 20.70110394
 20.35665330
 19.96945175
 19.53924249
 19.06593528
 18.54963484
 17.99037125
 17.38843090
 16.74384982
 16.05509054
 15.32157100
 14.57779865
 13.90767966
 13.29855224
 12.80218144
 12.36197691
 11.98197055
 11.70250196
 11.53979702
 11.48715572
 11.52650760
 11.63330016
 11.77541494
 11.91756539
 12.05974533
 12.19946297
 12.34778625
 12.53631500
 12.78844835
 13.11981558
 13.53768017
 14.08068549
 14.72335820
 15.41991144
 16.13478747
 16.90661743
 17.72506548
 18.57810631
 19.46140994
 20.37782789
 21.26249765
 22.10524331
 22.90075507
 23.63887913
 24.30395013
 24.92182699
 25.48605283
 25.98709628
 26.40915135
 26.73352927
 26.95829106
 27.09458263
 27.16071366
 27.18167167
 27.18958778
 27.19746702
 27.20531155
 27.21312341
 27.22090452
 27.22865674
 27.23617479
 27.22110852
 27.15338586
 27.01010369
 26.77519461
 26.44023611
 25.97048093
 25.39042742
 24.74483585
 24.06886470
 23.31645481
 22.50786262
 21.65666757
 20.76926751
 19.84534386
 18.91863385
 17.99192306
 17.06521405
 16.13850983
 15.21181235
 14.28512599
 13.35846770
 12.43209172
 11.51242220
 10.61439301
  9.75842433
  8.94455573
  8.17278645
  7.44377366
  6.75792247
  6.11438178
  5.50983209
  4.94571581
  4.42605514
  3.99351064
  3.57332252
  3.23493689
  3.00813881
  2.81330167
  2.65930958
  2.55549344
  2.48999458
  2.44977534
  2.42588313
  2.41378294
  2.41160455
  2.41876807
  2.43498146
  2.45942064
  2.48998784
  2.52258726
  2.55037607
  2.56358909
  2.55206354
  2.51275853
  2.44588340
  2.36492684
  2.25616356
  2.13571154
  2.01667986
  1.91770853
  1.84275212
  1.79516741
  1.74920365
  1.70458156
  1.66158468
  1.62400070
  1.59120623
  1.56297465
  1.53917975
  1.52000523
  1.50757459
  1.50162346
  1.50017343
  1.50000000
