  0.01225465
  0.11657278
  0.11656852
  0.11656122
  0.11655103
  0.11653817
  0.11652291
  0.11650556
  0.11648644
  0.11646595
  0.11644446
  0.11642240
  0.11640020
  0.11637828
  0.11635706
  0.11633692
  0.11631820
  0.11630122
  0.11628623
  0.11627343
  0.11626299
  0.11625504
  0.11624868
  0.11624500
  0.11624265
  0.11624206
  0.11624451
  0.11625021
  0.11625936
  0.11627222
  0.11628673
  0.11630547
  0.11632878
  0.11635705
  0.11639069
  0.11641896
  0.11645182
  0.11647595
  0.11650512
  0.11653975
  0.11656072
  0.11658582
  0.11660225
  0.11662634
  0.11665861
  0.11668430
  0.11671566
  0.11672905
  0.11674301
  0.11674488
  0.11679661
  0.11690776
  0.11704794
  0.11718011
  0.11732084
  0.11748339
  0.11772124
  0.11804825
  0.11874000
  0.12028938
  0.12128001
  0.12267846
  0.12238215
  0.11378556
  0.11529437
  0.11691345
  0.11840183
  0.12002050
  0.12179697
  0.12551831
  0.12466898
  0.12181458
  0.12265975
  0.12297802
  0.12319901
  0.12346016
  0.12357277
  0.12365709
  0.12369834
  0.12373807
  0.12383819
  0.12398153
  0.12407591
  0.12415582
  0.12423616
  0.12435202
  0.12460882
  0.12494699
  0.12519586
  0.12549229
  0.12590915
  0.12651808
  0.12736301
  0.12810165
  0.12896358
  0.13020129
  0.12877631
  0.12469630
  0.12635945
  0.12764436
  0.12845690
  0.12934560
  0.13024465
  0.13235229
  0.12451125
  0.12445261
  0.12359100
  0.12333964
  0.12316170
  0.12298912
  0.12281114
  0.12269824
  0.12271690
  0.12283601
  0.12301538
  0.12334975
  0.12321027
  0.12321593
  0.12327755
  0.12339509
  0.12397061
  0.12279360
  0.12284187
  0.12148625
  0.12087617
  0.12044999
  0.12052288
  0.12055888
  0.12041381
  0.12029649
  0.12022040
  0.12020511
  0.12028772
  0.12046106
  0.12073018
  0.12124315
  0.13647560
  0.13610275
  0.13572579
  0.13545591
  0.13524002
  0.13496809
  0.13448373
  0.13373146
  0.13278991
  0.21807044
  0.12579279
  0.12335269
  0.13241000
  0.12538191
  0.11890401
  0.11349277
  0.10905992
  0.10516176
  0.10192498
  0.09928782
  0.09717636
  0.09550514
  0.09419044
  0.09314341
  0.09228081
  0.09149361
  0.09077202
  0.09009433
  0.08945018
  0.08889398
  0.08837231
  0.08798305
  0.08763625
  0.08739283
  0.08723681
  0.08709541
  0.08701336
  0.08698030
  0.08698708
  0.08698796
  0.08701736
  0.08706191
  0.08712128
  0.08970047
  0.08923577
  0.08854742
  0.08791450
  0.08733141
  0.08679977
  0.08630847
  0.08584848
  0.08541260
  0.08499513
  0.08459137
  0.08419729
  0.08380922
  0.08342356
  0.08303643
  0.08264318
  0.08223764
  0.08181031
  0.08134369
  0.08079638
  0.08701363
  0.08793840
  0.08837992
  0.09169442
  0.09171587
  0.09134192
  0.09089665
  0.09043051
  0.08995689
