  0.00000000
 -0.06984373
 -0.06657273
 -0.06054786
 -0.05226992
 -0.04224660
 -0.03100246
 -0.01907355
 -0.00698784
  0.00476354
  0.01575681
  0.02543769
  0.03354258
  0.03992162
  0.04425117
  0.04654780
  0.04691112
  0.04551145
  0.04257825
  0.03838830
  0.03325228
  0.02749886
  0.02145703
  0.01543825
  0.00972073
  0.00453837
  0.00008481
 -0.00351626
 -0.00616605
 -0.00779244
 -0.00833469
 -0.00772814
 -0.00660978
 -0.00566011
 -0.00486788
 -0.00421074
 -0.00365601
 -0.00316134
 -0.00267529
 -0.00213822
 -0.00148423
 -0.00064527
  0.00044060
  0.00181559
  0.00347539
  0.00533246
  0.00716228
  0.00747792
  0.00444888
 -0.00309652
 -0.01663007
 -0.03758817
 -0.06656312
 -0.10202362
 -0.13934717
 -0.17132170
 -0.18915893
 -0.17958704
 -0.10774275
  0.10537716
  0.31606524
  0.40635065
  0.44568040
  0.46527971
  0.47611342
  0.48257057
  0.48663197
  0.48927392
  0.49100527
  0.49210055
  0.49270790
  0.49267948
  0.49169742
  0.48766501
  0.45384850
 -0.42381001
 -0.45721786
 -0.44913428
 -0.38805245
  0.29140341
  0.41637105
  0.35882287
 -0.45666532
 -0.48653986
 -0.48964746
 -0.49058108
 -0.49027886
 -0.48916541
 -0.48709380
 -0.48362844
 -0.47778266
 -0.46739345
 -0.44716175
 -0.40173923
 -0.27569100
  0.03591467
  0.20911924
  0.25457706
  0.26387419
  0.25569993
  0.22099475
  0.10139397
 -0.19904313
 -0.37313136
 -0.43450426
 -0.46071627
 -0.47377769
 -0.48097304
 -0.48517003
 -0.48763007
 -0.48891058
 -0.48911328
 -0.48763609
 -0.48016649
 -0.34392000
  0.43149526
  0.42891580
  0.14848928
 -0.43699866
 -0.46689278
 -0.47011900
 -0.41831638
  0.48368595
  0.49365781
  0.49508126
  0.49543859
  0.49525719
  0.49465847
  0.49355862
  0.49168814
  0.48844698
  0.48241742
  0.46972998
  0.43653900
  0.30205022
 -0.16846007
 -0.26095180
 -0.17237482
  0.18192777
  0.36989108
  0.42597997
  0.44827215
  0.45751173
  0.45834408
  0.44431668
  0.10331321
 -0.46683250
 -0.48667297
 -0.49263876
 -0.49528536
 -0.49670618
 -0.49756122
 -0.49811535
 -0.49849290
 -0.49876175
 -0.49896033
 -0.49908872
 -0.49892168
 -0.49886536
 -0.49874594
 -0.49851743
 -0.49804470
 -0.49674114
 -0.48326345
 -0.00083075
 -0.00011749
 -0.00006931
 -0.00003094
  0.00000020
  0.00002727
  0.00005290
  0.00007837
  0.00010300
  0.00012962
  0.00015779
  0.00019172
  0.00022849
  0.00027211
  0.00334150
  0.49103830
  0.49683399
  0.49792707
  0.49838278
  0.49862846
  0.49877863
  0.49887686
  0.49894318
  0.49898800
  0.49901712
  0.49903393
  0.49904058
  0.49904978
  0.49903641
  0.49901333
  0.49897911
  0.49893093
  0.49886412
  0.49877092
  0.49863754
  0.49843745
  0.49811277
  0.49750924
  0.49603503
  0.48739593
  0.00303828
  0.00032661
  0.00028972
  0.00025832
  0.00023363
  0.00014948
 -0.00012739
 -0.00014958
 -0.00017489
 -0.00020608
 -0.00402731
 -0.49361516
 -0.49747184
 -0.49830873
 -0.49867007
 -0.49886820
 -0.49899060
 -0.49907123
 -0.49912598
 -0.49916315
 -0.49918735
 -0.49920127
 -0.49920635
  0.00000000
