  2.89731051
  2.89731051
  2.89731051
  2.89785438
  2.89894171
  2.90057060
  2.90273643
  2.90543114
  2.90864278
  2.91235568
  2.91655103
  2.92120793
  2.92630479
  2.93182101
  2.93773873
  2.94404450
  2.95073084
  2.95779734
  2.96525140
  2.97310835
  2.98139122
  2.99012985
  2.99935971
  3.00912026
  3.01945318
  3.03040049
  3.04200271
  3.05429726
  3.06731716
  3.08109021
  3.09563861
  3.11097914
  3.12712395
  3.14408202
  3.16186160
  3.18047183
  3.19992263
  3.22022468
  3.24138941
  3.26342891
  3.28635601
  3.31018452
  3.33492970
  3.36060898
  3.38724310
  3.41485798
  3.44348675
  3.47317216
  3.50396861
  3.53594382
  3.56917227
  3.60371610
  3.63959575
  3.67674633
  3.71495764
  3.75380105
  3.79255647
  3.83016349
  3.86522248
  3.89607002
  3.92098457
  3.93871292
  3.94976364
  3.95663654
  3.96292089
  3.97290970
  3.99147028
  4.02401040
  4.07647851
  4.15536022
  4.26772143
  4.42134801
  4.62102884
  4.87235912
  5.18004792
  5.53465429
  5.93928290
  6.39347452
  6.88225900
  7.39281729
  7.91355033
  8.43491350
  8.94802927
  9.44788317
  9.90585281
 10.29505578
 10.64172380
 10.94452306
 11.20756575
 11.43502095
 11.63198358
 11.80419246
 11.95781118
 12.09918016
 12.23462553
 12.37025430
 12.51160676
 12.66246839
 12.82229105
 12.98819459
 13.15672663
 13.32433557
 13.48758144
 13.64354052
 13.79084794
 13.93213890
 14.07250985
 14.21796651
 14.37491340
 14.54995311
 14.74970861
 14.98061352
 15.24892981
 15.56039638
 15.91987534
 16.31777356
 16.76410707
 17.25419000
 17.77416355
 18.31510191
 18.86586909
 19.41840740
 19.96018026
 20.48979332
 20.93770885
 21.30606552
 21.60568986
 21.83729466
 22.00560661
 22.11761605
 22.18179847
 22.20751559
 22.20449306
 22.18249605
 22.15113222
 22.11943104
 22.09678338
 22.08863623
 22.09109830
 22.09889823
 22.10875481
 22.12358189
 22.14904544
 22.19114602
 22.25562343
 22.34772166
 22.47200842
 22.63358544
 22.82962469
 23.05040175
 23.28714465
 23.53265409
 23.78095129
 24.02697928
 24.26642555
 24.49563569
 24.71141157
 24.93334247
 25.10166576
 25.24970168
 25.37561966
 25.47771153
 25.55451262
 25.60487189
 25.62806448
 25.62351150
 25.58754085
 25.52488144
 25.44013820
 25.33766658
 25.22147736
 25.09520314
 24.96210772
 24.82509241
 24.68666635
 24.54900933
 24.41396484
 24.28312848
 24.15778925
 24.03899987
 23.92411940
 23.81875811
 23.72324411
 23.63767483
 23.56205261
 23.49632944
 23.44043175
 23.39427472
 23.35777013
 23.33083055
 23.31337157
 23.30531425
 23.30661937
 23.31744282
 23.33768577
 23.36725365
 23.40605534
 23.45400123
 23.51100096
 23.57695951
 23.65177072
 23.73530676
 23.82740138
 23.92782741
 24.03627341
 24.15684075
 24.28592946
 24.42292320
 24.56707373
 24.71739397
 24.87273969
 25.02832966
 25.16910898
 25.29538091
 25.40772795
 25.50689338
 25.59757049
 25.67498540
 25.74110020
 25.79750241
 25.84543303
 25.88585012
 25.91947835
 25.94685498
 25.96836691
 25.98428396
 25.99478832
 26.00000000
