 27.70782396
 27.70782396
 27.70782396
 27.70069937
 27.68645069
 27.66507862
 27.63658389
 27.60096720
 27.55822919
 27.50837043
 27.45139142
 27.38729270
 27.31607503
 27.23773931
 27.15228675
 27.05971910
 26.96003845
 26.85324732
 26.73934869
 26.61834593
 26.49024281
 26.35504340
 26.21275200
 26.06337309
 25.90691121
 25.74337089
 25.57275657
 25.39507269
 25.21032353
 25.01851270
 24.81964338
 24.61371828
 24.40073969
 24.18071089
 23.95363489
 23.71951365
 23.47834902
 23.23014275
 22.97489650
 22.71261178
 22.44329003
 22.16693255
 21.88354059
 21.59311537
 21.29565977
 20.99117550
 20.67966468
 20.36113011
 20.03557860
 19.70301766
 19.36345286
 19.01688814
 18.66332241
 18.30274429
 17.93512548
 17.56041427
 17.17853255
 16.78937958
 16.39284578
 15.98882996
 15.57717753
 15.15767016
 14.73044498
 14.29570995
 13.85358582
 13.40414511
 12.94752168
 12.48406387
 12.01456701
 11.54057726
 11.06439017
 10.58916483
 10.12846998
  9.68984487
  9.28320035
  8.93367543
  8.64489312
  8.42799965
  8.28512521
  8.21451506
  8.21242046
  8.27412652
  8.40541378
  8.61629422
  8.90692029
  9.24395981
  9.62855254
 10.04819248
 10.49533926
 10.96281533
 11.44474949
 11.93646187
 12.43440070
 12.93587290
 13.43879430
 13.94148894
 14.44268214
 14.94137027
 15.43745621
 15.93166324
 16.42504885
 16.91879139
 17.41404848
 17.91200712
 18.41321991
 18.91665894
 19.42077629
 19.92391178
 20.42421714
 20.91945398
 21.40655558
 21.88119722
 22.33800687
 22.76988481
 23.16767498
 23.50858801
 23.79269573
 24.00647550
 24.15048066
 24.22847935
 24.23943890
 24.17247856
 24.01604291
 23.75099135
 23.39126757
 22.96438113
 22.48084101
 21.95712515
 21.40628772
 20.83858476
 20.26165209
 19.68056769
 19.09832372
 18.51630722
 17.93480703
 17.34865692
 16.77173117
 16.20439199
 15.64725634
 15.10029791
 14.56336136
 14.03670188
 13.52063805
 13.01580657
 12.52340814
 12.04539984
 11.58463896
 11.14076934
 10.72126930
 10.32560495
  9.95205066
  9.59751410
  9.25854313
  8.93176158
  8.61403091
  8.30247142
  7.99461550
  7.65398535
  7.36539196
  7.07774958
  6.79111346
  6.50621271
  6.22433955
  5.94735236
  5.67751761
  5.39657509
  5.13062031
  4.88252218
  4.65398057
  4.44593913
  4.25865631
  4.09187425
  3.94496063
  3.81699142
  3.70678838
  3.61303560
  3.53430769
  3.46915462
  3.41608541
  3.37363116
  3.33932868
  3.31357206
  3.29428233
  3.27984570
  3.26903555
  3.26093147
  3.25485580
  3.25032330
  3.24700019
  3.24466995
  3.24320412
  3.24253681
  3.24264452
  3.24353784
  3.24520420
  3.24760900
  3.25067593
  3.25426745
  3.25816521
  3.26205030
  3.26548280
  3.26788091
  3.26849961
  3.26640956
  3.26047679
  3.24890889
  3.22985050
  3.20186914
  3.16347329
  3.11314278
  3.04932335
  2.97214341
  2.88898062
  2.80214967
  2.71371117
  2.62549171
  2.53526621
  2.44947470
  2.36956133
  2.29647721
  2.23085792
  2.17311546
  2.12350571
  2.08217054
  2.04917053
  2.02450738
  2.00814030
  2.00000000
