  0.00000000
  0.74999707
  0.74999703
  0.74999699
  0.74999694
  0.74999690
  0.74999685
  0.74999680
  0.74999675
  0.74999670
  0.74999664
  0.74999658
  0.74999653
  0.74999649
  0.74999643
  0.74999636
  0.74999630
  0.74999623
  0.74999616
  0.74999609
  0.74999601
  0.74999593
  0.74999585
  0.74999577
  0.74999568
  0.74999558
  0.74999549
  0.74999538
  0.74999528
  0.74999517
  0.74999505
  0.74999493
  0.74999480
  0.74999466
  0.74999452
  0.74999437
  0.74999421
  0.74999405
  0.74999388
  0.74999369
  0.74999350
  0.74999330
  0.74999308
  0.74999285
  0.74999261
  0.74999234
  0.74999198
  0.74999074
  0.74999024
  0.74998978
  0.74998943
  0.74998915
  0.74998974
  0.74998990
  0.74998945
  0.74998895
  0.74998780
  0.74998623
  0.74998569
  0.74998633
  0.74998588
  0.74998497
  0.74998392
  0.74998271
  0.74998127
  0.74997955
  0.74997753
  0.74997499
  0.74997179
  0.74996766
  0.74996795
  0.74995834
  0.74993919
  0.74988186
  0.23989302
 -0.00001032
 -0.00001353
 -0.00009025
  0.00000001
  0.00012300
  0.00002008
  0.00001621
  0.00001340
 -0.00006277
  0.00006134
  0.00001369
 -0.00001118
 -0.00008051
  0.00000003
  0.00003447
  0.00001489
  0.00001114
 -0.00000988
 -0.00002034
 -0.00000857
 -0.00000714
 -0.00000530
 -0.00000306
 -0.00000044
  0.00000246
  0.00000554
  0.00000864
 -0.00010727
 -0.00016042
 -0.00010220
  0.00000415
  0.00009971
  0.00014532
  0.00014028
  0.00002014
  0.00000831
  0.00000705
  0.00000680
  0.00000582
  0.00000448
  0.00000422
  0.00000210
 -0.00006273
 -0.00009312
 -0.00004330
  0.00004319
  0.00011164
 -0.09916132
 -0.74975314
 -0.74987597
 -0.74991727
 -0.74993803
 -0.74995053
 -0.74995891
 -0.74996491
 -0.74996952
 -0.74997298
 -0.74997574
 -0.74997799
 -0.74997985
 -0.74998255
 -0.74998393
 -0.74998512
 -0.74998611
 -0.74998603
 -0.74998679
 -0.74998747
 -0.74998812
 -0.74999120
 -0.74999182
 -0.74999235
 -0.74999282
 -0.74999324
 -0.74999361
 -0.74999394
 -0.74999424
 -0.74999452
 -0.74999479
 -0.74999500
 -0.74999520
 -0.74999539
 -0.74999556
 -0.74999573
 -0.74999588
 -0.74999602
 -0.74999799
 -0.74999813
 -0.74999829
 -0.74999844
 -0.74999860
 -0.74999875
 -0.74999894
 -0.74999901
 -0.74999905
 -0.74999907
 -0.74999908
 -0.74999908
 -0.74999873
 -0.74999870
 -0.74999867
 -0.74999863
 -0.74999860
 -0.74999856
 -0.74999851
 -0.74999844
 -0.74999835
 -0.74999824
 -0.74999814
 -0.74999799
 -0.74999781
 -0.74999760
 -0.74999735
 -0.74999705
 -0.74999668
 -0.74999621
 -0.74999559
 -0.74999486
 -0.74999371
 -0.74999203
 -0.74998929
 -0.74998387
 -0.74996773
 -0.46357260
  0.74997189
  0.74998619
  0.74999097
  0.74999525
  0.74999646
  0.74999722
  0.74999774
  0.74999813
  0.74999842
  0.74999866
  0.74999893
  0.74999903
  0.74999910
  0.74999915
  0.74999919
  0.74999922
  0.00000000
