  0.01000325
  0.09095231
  0.09095223
  0.09106267
  0.09105271
  0.09104295
  0.09103334
  0.09108511
  0.09109317
  0.09110128
  0.09086569
  0.09086523
  0.09086523
  0.09130378
  0.09129717
  0.09129080
  0.09128448
  0.09127830
  0.09127245
  0.09126728
  0.09126356
  0.09129974
  0.09130279
  0.09130530
  0.09130719
  0.09130838
  0.09130884
  0.09130884
  0.09131897
  0.09132243
  0.09132269
  0.09132290
  0.09132636
  0.09134079
  0.09134474
  0.09135034
  0.09135915
  0.09137313
  0.09139468
  0.09142681
  0.09147327
  0.09153793
  0.09162613
  0.09174349
  0.09189594
  0.09208896
  0.09170381
  0.08166710
  0.07929105
  0.07795490
  0.07745027
  0.07778825
  0.08500582
  0.09070201
  0.09093053
  0.09113678
  0.08660136
  0.07958906
  0.07958073
  0.08748990
  0.09008670
  0.09012254
  0.09014265
  0.09014783
  0.09014066
  0.09012677
  0.09043954
  0.09043955
  0.09043958
  0.09043963
  0.11110553
  0.11102758
  0.11094278
  0.11086499
  0.11084883
  0.11178916
  0.11182592
  0.11182968
  0.07813132
  0.07813109
  0.12222697
  0.12219675
  0.12212774
  0.12203185
  0.09562216
  0.12022105
  0.13634265
  0.13635083
  0.08297169
  0.08297082
  0.09420000
  0.09419062
  0.09441639
  0.09444791
  0.08941321
  0.08941679
  0.08942907
  0.08945575
  0.08950227
  0.08957267
  0.08966925
  0.08979023
  0.08992843
  0.07503529
  0.06390080
  0.05946109
  0.05929815
  0.06267846
  0.06971636
  0.08112184
  0.08348702
  0.08468904
  0.08584377
  0.08692365
  0.08790419
  0.08875852
  0.08977770
  0.09059353
  0.08018484
  0.07057410
  0.06735628
  0.07005810
  0.08020460
  0.08749443
  0.08766957
  0.08779927
  0.08789035
  0.08795149
  0.08799108
  0.08801900
  0.08835843
  0.08835857
  0.08835868
  0.08835879
  0.08835892
  0.09345295
  0.09348997
  0.09374985
  0.09370995
  0.08764789
  0.08764786
  0.08764837
  0.08791913
  0.10976582
  0.10976597
  0.10976620
  0.10976664
  0.10976639
  0.10976732
  0.10976942
  0.10977665
  0.10994731
  0.11014412
  0.10988089
  0.10975586
  0.10975660
  0.10975680
  0.10975679
  0.10975677
  0.10975665
  0.20328565
  0.20404102
  0.20468397
  0.20522595
  0.20566966
  0.20601450
  0.21454776
  0.20928384
  0.20535685
  0.20229054
  0.19978970
  0.19766008
  0.14365459
  0.14270405
  0.14177791
  0.14085346
  0.14106267
  0.14002945
  0.13911183
  0.13810653
  0.13698877
  0.13573122
  0.13765422
  0.13739004
  0.13708497
  0.13674229
  0.13636683
  0.13596544
  0.13554754
  0.13512518
  0.13471314
  0.13794016
  0.13763531
  0.13741182
  0.13724652
  0.13711790
  0.13700653
  0.13689473
  0.14584267
  0.14628047
  0.14664018
  0.19021884
  0.19070691
  0.19114661
  0.19155838
  0.19195275
  0.19233828
  0.19273073
  0.20708885
  0.20396784
  0.20151309
  0.19952898
  0.19786929
  0.19642272
