  0.00000000
  0.00000000
  0.02269506
  0.02472061
  0.00611829
 -0.02960897
 -0.06222793
 -0.08685276
 -0.06831350
 -0.03452555
  0.00511339
  0.01814262
  0.01749813
  0.00480562
 -0.03373512
 -0.06729349
 -0.09588647
 -0.11777529
 -0.12954071
 -0.12967471
 -0.12234545
 -0.11181804
 -0.10097849
 -0.09312111
 -0.09463072
 -0.11108449
 -0.14057181
 -0.17997087
 -0.22608228
 -0.27507243
 -0.30779976
 -0.32873419
 -0.34024785
 -0.34227954
 -0.33700093
 -0.32779304
 -0.31632578
 -0.30308661
 -0.28797725
 -0.27050048
 -0.24972564
 -0.22408439
 -0.19222895
 -0.16441027
 -0.13907487
 -0.11392751
 -0.08707605
 -0.06925102
 -0.06204599
 -0.06045855
 -0.06036069
 -0.06039484
 -0.06029240
 -0.06001921
 -0.05957986
 -0.05898035
 -0.05822322
 -0.05730750
 -0.05622882
 -0.05497905
 -0.05354821
 -0.05192164
 -0.05006646
 -0.04796502
 -0.04556247
 -0.04276072
 -0.03937079
 -0.03500274
 -0.02884123
 -0.01946661
 -0.00477927
  0.03314737
  0.06779802
  0.09834716
  0.11457757
  0.08112051
  0.04077809
 -0.00231432
 -0.00448752
 -0.00438982
 -0.00118947
  0.03952120
  0.07751501
  0.09699383
  0.11433372
  0.07982115
  0.03961651
 -0.00262443
 -0.00472325
 -0.00492562
 -0.00317720
  0.00276764
  0.00394873
  0.00216826
 -0.04137405
 -0.08367908
 -0.12530984
 -0.16717018
 -0.20957471
 -0.23585607
 -0.25423270
 -0.26840643
 -0.28006360
 -0.29010889
 -0.29908868
 -0.30736342
 -0.31517903
 -0.32268882
 -0.32993886
 -0.33674780
 -0.34229767
 -0.34390990
 -0.33839915
 -0.32729857
 -0.31226686
 -0.29552910
 -0.27888638
 -0.26372119
 -0.25703195
 -0.27286985
 -0.29235023
 -0.28834821
 -0.27707417
 -0.26550774
 -0.25448824
 -0.24381003
 -0.23311045
 -0.22195370
 -0.20979701
 -0.19589728
 -0.17910907
 -0.15735777
 -0.12565060
 -0.08457100
 -0.04117213
  0.00495112
  0.00692377
  0.00751329
 -0.03659625
 -0.03776382
 -0.03876505
 -0.03955974
 -0.04012028
 -0.04042805
 -0.04047090
 -0.04024210
 -0.03973897
 -0.03896161
 -0.03791129
 -0.03658908
 -0.03499591
 -0.03313798
 -0.03106005
  0.01731076
  0.06519168
  0.06657796
  0.10917126
  0.15419732
  0.18041961
  0.14490681
  0.10235724
  0.05554793
  0.00016830
 -0.06253899
 -0.12725974
 -0.19627185
 -0.27245360
 -0.35978115
 -0.42105814
 -0.42106496
 -0.35878904
 -0.27279303
 -0.19657628
 -0.12751283
 -0.06272998
  0.00004445
 -0.00007935
  0.06256840
  0.12712521
  0.19566351
  0.26950568
  0.34396693
  0.41930338
  0.42100212
  0.42100052
  0.42098992
  0.41897928
  0.32522698
  0.24752229
  0.18035436
  0.11984606
  0.06348330
  0.00072752
 -0.06198038
 -0.12665839
 -0.19555001
 -0.27144739
 -0.19611869
 -0.12724863
 -0.06257343
  0.00012274
  0.00182381
