  0.02310491
  0.02310491
  0.02311902
  0.02310655
  0.02270736
  0.02214049
  0.02152580
  0.02129120
  0.02154186
  0.02209530
  0.02310878
  0.02311885
  0.02311977
  0.02310732
  0.02158517
  0.02075176
  0.02083320
  0.02189748
  0.02386188
  0.02657053
  0.02987058
  0.03101171
  0.02904771
  0.02693677
  0.02476086
  0.02268794
  0.02108497
  0.02069293
  0.02269256
  0.02303138
  0.02304562
  0.02305541
  0.02307219
  0.02068022
  0.02166479
  0.02514743
  0.02986456
  0.03523866
  0.04108864
  0.04738882
  0.05416812
  0.06147735
  0.06938207
  0.07796225
  0.08731509
  0.09755821
  0.10817666
  0.09634228
  0.08926067
  0.08638543
  0.08729420
  0.09202490
  0.10082755
  0.09982750
  0.09271183
  0.08561708
  0.07505003
  0.06391309
  0.05838750
  0.05694116
  0.05131769
  0.04405782
  0.03667386
  0.02924773
  0.02254977
  0.02140827
  0.02310000
  0.02310081
  0.02310140
  0.02310185
  0.02310452
  0.05897554
  0.10751644
  0.15877928
  0.21283787
  0.16483401
  0.11325920
  0.06257513
  0.02310468
  0.02310390
  0.02310471
  0.07274323
  0.13400312
  0.19618400
  0.20215698
  0.20658660
  0.16591439
  0.08842594
  0.02310476
  0.02310377
  0.02310443
  0.04805328
  0.08288575
  0.04823057
  0.02310312
  0.02219955
  0.03029154
  0.03959686
  0.04913283
  0.05886023
  0.06882786
  0.07909415
  0.08971809
  0.08586491
  0.08152761
  0.08214279
  0.08719429
  0.09721834
  0.11379883
  0.13992169
  0.15551019
  0.17071205
  0.15938590
  0.14823874
  0.13723204
  0.15025798
  0.13929976
  0.12782268
  0.10371716
  0.08464661
  0.07479832
  0.07104708
  0.07236419
  0.06889806
  0.05889192
  0.04924628
  0.03994794
  0.03104852
  0.02321157
  0.02110850
  0.02309880
  0.02309979
  0.02310050
  0.02310103
  0.02310145
  0.02310396
  0.04174271
  0.06795044
  0.04097422
  0.02310379
  0.02310283
  0.02310295
  0.02310375
  0.02310383
  0.02310378
  0.02310373
  0.02310368
  0.02310364
  0.02310360
  0.02310358
  0.02310363
  0.02310317
  0.02305838
  0.02297211
  0.02311555
  0.02310839
  0.02310701
  0.02310643
  0.02310611
  0.02310590
  0.02310498
  0.03195984
  0.04984684
  0.06566304
  0.07950609
  0.09150103
  0.10535532
  0.07492189
  0.05282497
  0.03662686
  0.02537929
  0.02067345
  0.02310493
  0.02500530
  0.02573660
  0.02507915
  0.02346622
  0.02189507
  0.02192274
  0.02465974
  0.03002185
  0.03745301
  0.04759427
  0.05359383
  0.05964999
  0.06574020
  0.07185156
  0.07797672
  0.08411282
  0.09026164
  0.09643029
  0.10533462
  0.09869675
  0.09175967
  0.08442075
  0.07658599
  0.06816730
  0.05908021
  0.05132499
  0.03654463
  0.02442547
  0.02310478
  0.05947510
  0.10017237
  0.13505619
  0.16412342
  0.18748591
  0.20507893
  0.20257305
  0.13504948
  0.08632505
  0.05247317
  0.03266736
  0.02481844
