  0.00000000
  0.00000000
  0.00474673
  0.00025870
 -0.04511515
 -0.09043582
 -0.13558648
 -0.13594182
 -0.09071740
 -0.04532011
  0.00013495
  0.00043972
  0.00042602
  0.00006239
 -0.04555279
 -0.09115749
 -0.13674822
 -0.18231875
 -0.22785634
 -0.27332830
 -0.31859913
 -0.32202407
 -0.27683722
 -0.23145804
 -0.18602545
 -0.14057964
 -0.09514708
 -0.04976483
 -0.00453248
 -0.00077318
 -0.00059647
 -0.00048404
 -0.00030629
 -0.04018103
 -0.08566415
 -0.13125526
 -0.17688119
 -0.22252656
 -0.26818742
 -0.31386434
 -0.35956077
 -0.40528269
 -0.45103830
 -0.49683857
 -0.54269705
 -0.58862927
 -0.63464750
 -0.61716824
 -0.58133975
 -0.56355685
 -0.56393913
 -0.58167090
 -0.58075277
 -0.53827971
 -0.49293967
 -0.44748134
 -0.40191805
 -0.35862205
 -0.31883296
 -0.27904941
 -0.23531066
 -0.19027286
 -0.14521715
 -0.10015202
 -0.05508607
 -0.01002959
 -0.00002220
 -0.00001822
 -0.00001535
 -0.00001318
 -0.00000129
  0.05555071
  0.11106354
  0.16653359
  0.22196362
  0.16771732
  0.11182500
  0.05591312
 -0.00000104
 -0.00000462
 -0.00000055
  0.06111257
  0.12221042
  0.18327330
  0.24426165
  0.19645458
  0.13634517
  0.06817440
 -0.00000064
 -0.00000489
 -0.00000176
  0.04709681
  0.09418911
  0.04721319
 -0.00000710
 -0.04470908
 -0.08941498
 -0.13412769
 -0.17885403
 -0.22360377
 -0.26838873
 -0.31322192
 -0.35811539
 -0.40307738
 -0.44059230
 -0.47253960
 -0.50226668
 -0.53191183
 -0.56324645
 -0.59809853
 -0.63864626
 -0.68032114
 -0.63803772
 -0.59516988
 -0.55181395
 -0.59228887
 -0.54968640
 -0.50484349
 -0.45956058
 -0.41947938
 -0.38420595
 -0.35054905
 -0.31555494
 -0.27546946
 -0.23173087
 -0.18790299
 -0.14400999
 -0.10007212
 -0.05610577
 -0.01212675
 -0.00002726
 -0.00002321
 -0.00002032
 -0.00001817
 -0.00001652
 -0.00000433
  0.04671902
  0.09345810
  0.04684307
 -0.00000592
 -0.00001118
 -0.00001071
 -0.00000644
 -0.00000482
 -0.00000515
 -0.00000551
 -0.00000589
 -0.00000628
 -0.00000664
 -0.00000691
 -0.00000689
 -0.00000959
 -0.00026567
 -0.00079134
  0.00006513
  0.00002194
  0.00001370
  0.00001024
  0.00000835
  0.00000718
  0.00000029
 -0.10164236
 -0.20366267
 -0.30600441
 -0.40861707
 -0.51145143
 -0.61445771
 -0.50718771
 -0.40254656
 -0.29986861
 -0.19872370
 -0.09882915
  0.00000062
  0.07182668
  0.14317768
  0.21406571
  0.28449155
  0.35502201
  0.42503580
  0.49459066
  0.56364263
  0.63213511
  0.69999562
  0.69999789
  0.69999805
  0.69999815
  0.69999821
  0.69999823
  0.69999821
  0.69999814
  0.69999802
  0.69999552
  0.63102948
  0.56221344
  0.49350864
  0.42488629
  0.35632816
  0.28782569
  0.21937913
  0.14645868
  0.07331949
  0.00000074
 -0.09510835
 -0.19046143
 -0.28603428
 -0.38181288
 -0.47778840
 -0.57395590
 -0.60319059
 -0.49964776
 -0.39766474
 -0.29690888
 -0.19714496
 -0.09821085
  0.00000000
