  0.02310491
  0.02310491
  0.02308874
  0.02310326
  0.02356836
  0.02444777
  0.02586842
  0.02652524
  0.02560870
  0.02441595
  0.02310101
  0.02309070
  0.02308974
  0.02310249
  0.02541079
  0.02902695
  0.03420165
  0.04103282
  0.04947317
  0.05940654
  0.07071261
  0.07458536
  0.06807501
  0.06090522
  0.05316423
  0.04500886
  0.03678974
  0.02923007
  0.02350090
  0.02317464
  0.02316027
  0.02315180
  0.02313531
  0.02924282
  0.04055584
  0.05511586
  0.07170315
  0.08980528
  0.10932004
  0.13031560
  0.15293278
  0.17735565
  0.20381100
  0.23257354
  0.26397678
  0.29842469
  0.33411159
  0.29345024
  0.26979634
  0.26025511
  0.26339268
  0.27936664
  0.31007491
  0.30793807
  0.28435225
  0.26078196
  0.22486079
  0.18686009
  0.16847875
  0.16450171
  0.14589418
  0.12146989
  0.09653652
  0.07111886
  0.04592908
  0.02573402
  0.02310978
  0.02310898
  0.02310839
  0.02310795
  0.02310529
  0.02553474
  0.03918901
  0.05388326
  0.06934434
  0.05550988
  0.04072321
  0.02641901
  0.02310513
  0.02310591
  0.02310510
  0.02906813
  0.04639125
  0.06408495
  0.06690369
  0.06712180
  0.05499650
  0.03322029
  0.02310505
  0.02310604
  0.02310538
  0.02289913
  0.03233437
  0.02293814
  0.02310669
  0.04474716
  0.07548240
  0.10763571
  0.14034143
  0.17368868
  0.20786543
  0.24307538
  0.27952176
  0.26333386
  0.24654173
  0.24776423
  0.26463455
  0.29895225
  0.35651451
  0.44858872
  0.50257644
  0.55494313
  0.51673364
  0.47903843
  0.44172562
  0.48662935
  0.44944702
  0.41036093
  0.32509708
  0.25832856
  0.22453167
  0.21233203
  0.21843741
  0.20774893
  0.17339056
  0.14030939
  0.10844537
  0.07779923
  0.04897691
  0.02658792
  0.02311097
  0.02310999
  0.02310929
  0.02310876
  0.02310835
  0.02310585
  0.02167081
  0.02833229
  0.02154125
  0.02310602
  0.02310698
  0.02310686
  0.02310606
  0.02310598
  0.02310603
  0.02310608
  0.02310613
  0.02310617
  0.02310621
  0.02310622
  0.02310618
  0.02310663
  0.02315184
  0.02324134
  0.02309412
  0.02310140
  0.02310279
  0.02310338
  0.02310371
  0.02310391
  0.02310483
  0.08110484
  0.14179250
  0.19469931
  0.24042495
  0.27948171
  0.32487886
  0.22183505
  0.14769022
  0.09373728
  0.05541939
  0.03213453
  0.02310489
  0.02179356
  0.02160143
  0.02222023
  0.02405025
  0.02818494
  0.03619535
  0.04929405
  0.06754056
  0.09057598
  0.12105009
  0.13848031
  0.15578955
  0.17294715
  0.18993459
  0.20674289
  0.22337294
  0.23983672
  0.25615912
  0.27939039
  0.25879124
  0.23761343
  0.21558337
  0.19245896
  0.16802052
  0.14206278
  0.11932751
  0.07963851
  0.04491112
  0.02310503
  0.02952902
  0.04402189
  0.05623415
  0.06605404
  0.07359200
  0.07890233
  0.07755058
  0.05350237
  0.03656977
  0.02546890
  0.02097259
  0.02194805
