  0.01155245
  0.01155245
  0.00873739
  0.00647244
  0.00471268
  0.00338325
  0.00240206
  0.00168873
  0.00118042
  0.00082126
  0.00057450
  0.00039833
  0.00027573
  0.00018661
  0.00012851
  0.00008845
  0.00006087
  0.00004187
  0.00002880
  0.00001981
  0.00001363
  0.00000934
  0.00000642
  0.00000441
  0.00000303
  0.00000208
  0.00000143
  0.00000098
  0.00000067
  0.00000046
  0.00000032
  0.00000022
  0.00000015
  0.00000010
  0.00000007
  0.00000005
  0.00000003
  0.00000002
  0.00000002
  0.00000001
  0.00000001
  0.00000000
  0.00000000
  0.00000000
  0.00000000
  0.00000000
  0.00000000
  0.00000000
  0.00000000
  0.00000000
  0.00000000
  0.00000000
  0.00000000
  0.00000000
  0.00000000
  0.00000000
  0.00000000
  0.00000000
  0.00000000
  0.00000000
  0.00000000
  0.00000000
  0.00000000
  0.00000000
  0.00000000
  0.00000000
  0.00000000
  0.00000000
  0.00000000
  0.00000000
  0.00000000
  0.00000000
  0.00000000
  0.00000000
  0.00000000
  0.00000000
  0.00000000
  0.00000000
  0.00000000
  0.00000000
  0.00000000
  0.00000000
  0.00000000
  0.00000000
  0.00000000
  0.00000000
  0.00000000
  0.00000000
  0.00000000
  0.00000000
  0.00000000
  0.00000000
  0.00000000
  0.00000000
  0.00000000
  0.00000000
  0.00000000
  0.00000000
  0.00000000
  0.00000000
  0.00000000
  0.00000000
  0.00000000
  0.00000000
  0.00000000
  0.00000000
  0.00000000
  0.00000000
  0.00000000
  0.00000000
  0.00000000
  0.00000000
  0.00000000
  0.00000000
  0.00000000
  0.00000000
  0.00000000
  0.00000000
  0.00000000
  0.00000000
  0.00000000
  0.00000000
  0.00000000
  0.00000000
  0.00000000
  0.00000000
  0.00000000
  0.00000000
  0.00000000
  0.00000000
  0.00000000
  0.00000000
  0.00000000
  0.00000000
  0.00000000
  0.00000000
  0.00000000
  0.00000000
  0.00000000
  0.00000000
  0.00000000
  0.00000000
  0.00000000
  0.00000000
  0.00000000
  0.00000000
  0.00000000
  0.00000000
  0.00000000
  0.00000000
  0.00000000
  0.00000000
  0.00000000
  0.00000000
  0.00000000
  0.00000000
  0.00000000
  0.00000000
  0.00000000
  0.00000000
  0.00000000
  0.00000000
  0.00000000
  0.00000000
  0.00000000
  0.00000000
  0.00000000
  0.00000001
  0.00000006
  0.00000048
  0.00000334
  0.00002159
  0.00047015
  0.00118495
  0.00284686
  0.00633653
  0.01260008
  0.02200950
  0.03369950
  0.04656735
  0.05980344
  0.07294740
  0.08786589
  0.10183291
  0.11571147
  0.12947215
  0.14309802
  0.15658094
  0.16992120
  0.18312824
  0.19622196
  0.21485900
  0.22862312
  0.24243630
  0.25628897
  0.27016280
  0.28403260
  0.29786683
  0.32659174
  0.31157230
  0.29625080
  0.36337085
  0.33709634
  0.31053394
  0.28374120
  0.25674783
  0.22957368
  0.20224011
  0.18737255
  0.15287064
  0.12021482
  0.08894367
  0.05900423
  0.03164108
