  0.01155245
  0.01155245
  0.01937378
  0.02940308
  0.04710297
  0.06239789
  0.07586037
  0.09180432
  0.11560428
  0.14566632
  0.11352964
  0.11160305
  0.12467579
  0.20252916
  0.20276649
  0.20339019
  0.20314389
  0.20384418
  0.21028185
  0.22359006
  0.24172709
  0.26407307
  0.29048914
  0.31990326
  0.35215321
  0.39411274
  0.44875073
  0.49358016
  0.52741374
  0.36801432
  0.26854619
  0.21474978
  0.18432445
  0.16848592
  0.16251664
  0.16376348
  0.17168434
  0.18729999
  0.21326637
  0.25481453
  0.32167196
  0.41660177
  0.39416917
  0.38986011
  0.42333625
  0.49830433
  0.43131171
  0.34127832
  0.27521527
  0.21560118
  0.17455935
  0.14809008
  0.13130598
  0.12064714
  0.11371587
  0.10915840
  0.10621986
  0.10447851
  0.10370772
  0.10368985
  0.10424862
  0.10611395
  0.10873672
  0.11322390
  0.12056670
  0.13294748
  0.15521747
  0.19775633
  0.27643871
  0.40628932
  0.76868093
  0.75705003
  0.76462150
  0.80483708
  0.80763349
  0.84109083
  0.87744331
  0.08240745
  0.07716043
  0.10641793
  0.84246878
  0.80284881
  0.45377737
  0.43488062
  0.72570735
  0.81918300
  0.85983828
  0.07471067
  0.06890456
  0.07269555
  0.13836228
  0.07224819
  0.07558238
  0.88262115
  0.84370045
  0.80663557
  0.77906557
  0.75016307
  0.44641842
  0.30476307
  0.23193386
  0.18961394
  0.16337214
  0.14685823
  0.13693124
  0.13190801
  0.13087337
  0.13350955
  0.13987825
  0.15054378
  0.16652738
  0.19085048
  0.22677023
  0.27267505
  0.30629805
  0.32933315
  0.35873958
  0.41914464
  0.57723557
  0.50731633
  0.34635295
  0.27174998
  0.23117128
  0.20786414
  0.19608650
  0.19380230
  0.20072902
  0.21840402
  0.25041332
  0.30485028
  0.40060282
  0.59037335
  0.77545942
  0.82426790
  0.86897895
  0.06562321
  0.06084420
  0.84619135
  0.05916349
  0.06024418
  0.06081828
  0.06112991
  0.06134707
  0.06156391
  0.06186030
  0.06227909
  0.06285486
  0.06361636
  0.06458200
  0.06573031
  0.06690700
  0.06726313
  0.87149909
  0.88661224
  0.08975367
  0.83268919
  0.78713341
  0.74636956
  0.54201180
  0.53927740
  0.56784074
  0.64807468
  0.68859349
  0.64183961
  0.59518592
  0.54858664
  0.50176650
  0.45494209
  0.40816593
  0.36132575
  0.31008325
  0.26827975
  0.22143541
  0.17459545
  0.12776716
  0.01327917
  0.07903524
  0.03444501
  0.00588991
  0.00047077
  0.00006555
  0.00001982
  0.00000445
  0.00000112
  0.00000039
  0.00000019
  0.00000000
  0.00000000
  0.00000000
  0.00000000
  0.00000000
  0.00000000
  0.00000000
  0.00000000
  0.00000000
  0.00000000
  0.00000000
  0.00000002
  0.00000025
  0.00000416
  0.00007570
  0.00112739
