  0.70661420
  0.70661420
  0.70661420
  0.70662893
  0.70663054
  0.70620977
  0.70508277
  0.70296351
  0.70041208
  0.69843210
  0.69730377
  0.69730754
  0.69732119
  0.69733573
  0.69733807
  0.69549140
  0.69150282
  0.68506893
  0.67587332
  0.66358399
  0.64785145
  0.62831217
  0.60749737
  0.58888211
  0.57270395
  0.55919639
  0.54859717
  0.54115072
  0.53710881
  0.53672667
  0.53665905
  0.53660501
  0.53655964
  0.53652998
  0.53251178
  0.52365970
  0.50963753
  0.49009004
  0.46463331
  0.43284843
  0.39427490
  0.34840257
  0.29466214
  0.23241283
  0.16092758
  0.07937469
 -0.01320416
 -0.11721299
 -0.20848299
 -0.29213014
 -0.37268232
 -0.45421272
 -0.54083538
 -0.63693344
 -0.73195502
 -0.81931710
 -0.89904222
 -0.96739267
 -1.02375502
 -1.07416940
 -1.12302688
 -1.16583070
 -1.20081685
 -1.22783390
 -1.24670501
 -1.25722758
 -1.25917187
 -1.25917626
 -1.25917991
 -1.25918304
 -1.25918577
 -1.25918610
 -1.24460374
 -1.21486582
 -1.16930004
 -1.10709134
 -1.05977455
 -1.02838135
 -1.01273323
 -1.01273344
 -1.01273434
 -1.01273450
 -0.99404190
 -0.95654193
 -0.89999458
 -0.84041306
 -0.78059676
 -0.73383258
 -0.71055748
 -0.71055761
 -0.71055862
 -0.71055904
 -0.69946068
 -0.67716228
 -0.66600608
 -0.66600766
 -0.67600864
 -0.69605274
 -0.72623002
 -0.76668169
 -0.81760496
 -0.87925772
 -0.95196137
 -1.03610091
 -1.11609279
 -1.19141589
 -1.26740119
 -1.34882405
 -1.44103705
 -1.55109773
 -1.68927776
 -1.84423765
 -2.01556122
 -2.17469303
 -2.32182575
 -2.45711055
 -2.60641683
 -2.74392738
 -2.86908371
 -2.96829221
 -3.04697268
 -3.11505219
 -3.17909377
 -3.24455312
 -3.30628143
 -3.35723882
 -3.39781262
 -3.42836850
 -3.44924907
 -3.46077126
 -3.46322475
 -3.46323021
 -3.46323479
 -3.46323873
 -3.46324221
 -3.46324532
 -3.46324617
 -3.45422118
 -3.43638550
 -3.42762366
 -3.42762467
 -3.42762656
 -3.42762834
 -3.42762939
 -3.42763036
 -3.42763136
 -3.42763242
 -3.42763352
 -3.42763466
 -3.42763585
 -3.42763704
 -3.42763821
 -3.42763978
 -3.42768243
 -3.42780556
 -3.42779573
 -3.42779252
 -3.42779058
 -3.42778917
 -3.42778806
 -3.42778714
 -3.42778707
 -3.44967234
 -3.49089269
 -3.54913874
 -3.62228582
 -3.70834457
 -3.80931644
 -3.87752896
 -3.92195532
 -3.94891708
 -3.96320848
 -3.96870165
 -3.96870163
 -3.96713794
 -3.96511896
 -3.96372224
 -3.96401953
 -3.96713979
 -3.97423076
 -3.98650394
 -4.00525521
 -4.03189101
 -4.06885877
 -4.11172932
 -4.16045356
 -4.21497683
 -4.27524020
 -4.34118253
 -4.41274334
 -4.48986632
 -4.57250367
 -4.66298945
 -4.74651606
 -4.82288801
 -4.89181738
 -4.95293444
 -5.00579525
 -5.04988645
 -5.08629614
 -5.10927692
 -5.12015691
 -5.12015704
 -5.10407819
 -5.07414297
 -5.03241897
 -4.98087475
 -4.92143778
 -4.85605723
 -4.79152329
 -4.74980191
 -4.72455678
 -4.71096281
 -4.70511907
 -4.70369355
