  0.01155245
  0.01155245
  0.01497564
  0.01889827
  0.02385948
  0.02946842
  0.03566314
  0.04155474
  0.04666472
  0.05168218
  0.05641779
  0.06244323
  0.06851381
  0.07496441
  0.08292606
  0.09118857
  0.09975263
  0.10862744
  0.11782580
  0.12736337
  0.13725355
  0.14476930
  0.14891026
  0.15282415
  0.15651422
  0.15997579
  0.16320207
  0.16618616
  0.16894409
  0.17490290
  0.18114503
  0.18739186
  0.19363891
  0.20375480
  0.21466151
  0.22589565
  0.23747964
  0.24944675
  0.26183805
  0.27470337
  0.28810327
  0.30210906
  0.31680937
  0.33230961
  0.34873578
  0.36623567
  0.38238207
  0.34484715
  0.33490186
  0.33227613
  0.33609302
  0.34662517
  0.38512657
  0.40950096
  0.40913534
  0.40875686
  0.38722364
  0.35484312
  0.35385178
  0.38793659
  0.39815853
  0.39688464
  0.39540817
  0.39370377
  0.39175364
  0.38955263
  0.39514882
  0.40128248
  0.40741639
  0.41355049
  0.51558178
  0.53847022
  0.56185676
  0.58590158
  0.61101526
  0.60436837
  0.58926538
  0.57416873
  0.39065471
  0.39065425
  0.61113291
  0.62892689
  0.64663711
  0.66444337
  0.53530730
  0.65852737
  0.72660535
  0.70409655
  0.41485662
  0.41485312
  0.47099842
  0.48160571
  0.49348668
  0.48294769
  0.44706571
  0.45668293
  0.46638565
  0.47624687
  0.48634288
  0.49674759
  0.50753080
  0.51874461
  0.53041417
  0.45196631
  0.39181142
  0.37024836
  0.37465376
  0.40191406
  0.45423765
  0.53825999
  0.56619463
  0.58791391
  0.58198348
  0.57586377
  0.56939254
  0.58712478
  0.58089682
  0.57311589
  0.49616232
  0.42840143
  0.40213529
  0.41176810
  0.46386194
  0.49603324
  0.48081639
  0.46571510
  0.45075370
  0.43596147
  0.42136079
  0.40697669
  0.40035431
  0.39449892
  0.38864355
  0.38278834
  0.37693325
  0.39246885
  0.39473495
  0.39769299
  0.38223130
  0.34347867
  0.33771789
  0.33195822
  0.32720361
  0.40127107
  0.39223534
  0.38319986
  0.37416505
  0.36512781
  0.35609443
  0.34706454
  0.33804985
  0.32952360
  0.32107041
  0.31130346
  0.30179563
  0.29275654
  0.28372100
  0.27468561
  0.26565042
  0.25661510
  0.45855387
  0.45015867
  0.43874977
  0.42464665
  0.40809237
  0.38927592
  0.38314466
  0.31099751
  0.25132271
  0.20028506
  0.15565694
  0.11609888
  0.05970294
  0.04619281
  0.03299160
  0.02118807
  0.01204999
  0.00609759
  0.00288121
  0.00132442
  0.00060905
  0.00028483
  0.00012046
  0.00005203
  0.00002261
  0.00000990
  0.00000437
  0.00000195
  0.00000087
  0.00000040
  0.00000018
  0.00000006
  0.00000002
  0.00000001
  0.00000000
  0.00000000
  0.00000000
  0.00000000
  0.00000000
  0.00000000
  0.00000000
  0.00000000
  0.00000000
  0.00000000
  0.00000000
  0.00000000
  0.00000002
  0.00000012
  0.00000029
  0.00000219
  0.00001477
  0.00009220
  0.00053762
  0.00283261
