  0.00000000
  0.00000000
  0.09972556
  0.19842797
  0.29775332
  0.41375167
  0.52611985
  0.63399413
  0.74250100
  0.85924061
  0.98636885
  1.07266189
  1.15066274
  1.23190278
  1.35518725
  1.46738555
  1.57132184
  1.66826383
  1.75988573
  1.84947958
  1.94012843
  2.03355153
  2.13092245
  2.23313964
  2.34055482
  2.45337229
  2.57382660
  2.70456220
  2.84140670
  2.98058773
  3.07315724
  3.13866117
  3.18994143
  3.23324245
  3.27228822
  3.30949867
  3.34657211
  3.38500878
  3.42646756
  3.47310676
  3.52808978
  3.59642584
  3.68325652
  3.76346837
  3.84110768
  3.92370922
  4.01889535
  4.09931843
  4.16168557
  4.21120731
  4.24952517
  4.28025004
  4.30611247
  4.32889226
  4.34970133
  4.36921155
  4.38784825
  4.40589959
  4.42357681
  4.44104914
  4.45844626
  4.47586606
  4.49352739
  4.51155365
  4.53025035
  4.55008171
  4.57186277
  4.59718709
  4.62930229
  4.67392602
  4.73892903
  4.86028854
  4.97649722
  4.99947895
  4.99944576
  4.99947082
  4.99950908
  4.98803892
  4.98947174
  4.99245092
  4.99989600
  4.99945064
  4.99900743
  4.99893412
  4.99939658
  4.99946215
  4.99951732
  4.98724648
  4.98760526
  4.98849667
  4.99014475
  4.99358369
  4.99594309
  4.99997351
  4.99950827
  4.99947455
  4.99945822
  4.99944005
  4.99906517
  4.99865506
  4.99836722
  4.99789555
  4.99724639
  4.99661123
  4.99612660
  4.99584536
  4.99578103
  4.99592372
  4.99624770
  4.99671226
  4.99725264
  4.99780329
  4.99825561
  4.99853224
  4.99857272
  4.99864070
  4.99875114
  4.99893399
  4.99924258
  4.99913231
  4.99872783
  4.99838880
  4.99806522
  4.99774723
  4.99751237
  4.99744145
  4.99756635
  4.99787203
  4.99833563
  4.99942781
  4.99700826
  4.94009370
  4.85108711
  4.73148936
  4.60101807
  4.45950140
  4.44866025
  4.43861457
  4.29573296
  4.28559305
  4.27523228
  4.26474076
  4.25416512
  4.24352195
  4.23281087
  4.22201700
  4.21111749
  4.20008300
  4.18887867
  4.17746599
  4.16581007
  4.15390402
  4.14189683
  3.98415724
  3.81731515
  3.79975585
  3.63544964
  3.47310804
  3.31197447
  3.18927365
  3.06249116
  2.92346104
  2.75723148
  2.56995434
  2.38267035
  2.19534699
  2.00795581
  1.82056076
  1.63316279
  1.44573899
  1.25831310
  1.07350942
  0.88609388
  0.69868418
  0.51128130
  0.32388620
  0.31627572
  0.12921974
 -0.05758671
 -0.24371639
 -0.42584754
 -0.58828374
 -0.73134178
 -0.87193979
 -1.00958493
 -1.14147529
 -1.26636636
 -1.44770284
 -1.62330655
 -1.79356176
 -1.95986682
 -2.05190745
 -1.86471513
 -1.67746741
 -1.49018254
 -1.30288012
 -1.11556961
 -0.92823657
 -0.74090959
 -0.55358910
 -0.36627596
 -0.18227575
  0.00000000
