  0.00000000
  0.05217002
 -0.04932710
 -0.49827113
 -0.49774178
 -0.49592850
 -0.00390207
  0.49650851
  0.49836156
  0.49895107
  0.00335314
 -0.00015068
 -0.00400068
 -0.49959810
 -0.49951940
 -0.49940143
 -0.49921478
 -0.49888778
 -0.49820113
 -0.49602662
 -0.03752796
  0.49493138
  0.49702018
  0.49759110
  0.49772553
  0.49757407
  0.49702098
  0.49538183
  0.04116199
  0.00193502
  0.00123085
  0.00194628
 -0.43661790
 -0.49794961
 -0.49911025
 -0.49946095
 -0.49962560
 -0.49971864
 -0.49977653
 -0.49981431
 -0.49983907
 -0.49985412
 -0.49986033
 -0.49985544
 -0.49982864
 -0.49971489
  0.19060551
  0.43870404
  0.22426826
 -0.00490418
 -0.22894676
  0.01180524
  0.49965067
  0.49987921
  0.49992387
  0.49994408
  0.49994585
  0.49993152
  0.49991445
  0.49992939
  0.49993843
  0.49993835
  0.49993136
  0.49991176
  0.49984651
  0.11103481
  0.00004394
  0.00003176
  0.00002395
  0.00013145
  0.49999309
  0.49999140
  0.49998798
  0.49997776
 -0.48937192
 -0.49997972
 -0.49999041
 -0.49999393
 -0.00004580
  0.00005217
  0.49999698
  0.49999569
  0.49999190
  0.49977367
 -0.49995803
 -0.49999071
 -0.49999593
 -0.49999718
 -0.00005128
  0.00003770
  0.49998491
  0.49996807
 -0.49753790
 -0.49996108
 -0.49994817
 -0.49997214
 -0.49997957
 -0.49998287
 -0.49998438
 -0.49998474
 -0.49998400
 -0.49998161
 -0.49997529
 -0.49996355
 -0.49995138
 -0.49994162
 -0.49993385
 -0.49992630
 -0.49991237
 -0.49983761
 -0.49917796
  0.49927945
  0.49937111
  0.49878342
 -0.46045588
  0.47998943
  0.49948851
  0.49984722
  0.49986008
  0.49980687
  0.49968462
  0.49950114
  0.49979042
  0.49990144
  0.49992128
  0.49992445
  0.49991700
  0.49989316
  0.49981234
  0.13746419
  0.00004579
  0.00003269
  0.00002433
  0.00001876
  0.00013799
  0.49996661
  0.49993685
 -0.49722592
 -0.49993591
 -0.00006009
  0.00000537
  0.00004880
  0.00001844
 -0.00000304
 -0.00000328
 -0.00000348
 -0.00000353
 -0.00000330
 -0.00000245
  0.00000022
 -0.00002469
 -0.00232931
 -0.00477249
  0.00779467
 -0.00039362
 -0.00007508
 -0.00003158
 -0.00001721
 -0.00001068
 -0.00006277
 -0.49999914
 -0.49999901
 -0.49999881
 -0.49999847
 -0.49999774
 -0.49999528
  0.49998194
  0.49999629
  0.49999770
  0.49999823
  0.49999850
  0.49999865
  0.49999138
  0.49999280
  0.49999348
  0.49999374
  0.49999374
  0.49999334
  0.49999246
  0.49999063
  0.49998604
  0.49996244
  0.00001650
  0.00000117
  0.00000076
  0.00000042
  0.00000013
 -0.00000016
 -0.00000048
 -0.00000088
 -0.00001863
 -0.49997071
 -0.49998823
 -0.49999189
 -0.49999335
 -0.49999400
 -0.49999422
 -0.49999409
 -0.49999392
 -0.49999288
 -0.49999084
 -0.49999828
 -0.49999802
 -0.49999762
 -0.49999694
 -0.49999556
 -0.49999142
 -0.15168675
  0.49999232
  0.49999558
  0.49999662
  0.49999709
  0.49999732
  0.49999741
  0.00000000
