Ipopt 3.13.4: option_file_name=../public/solver/ipopt.opt

Using option file "../public/solver/ipopt.opt".


******************************************************************************
This program contains Ipopt, a library for large-scale nonlinear optimization.
 Ipopt is released as open source code under the Eclipse Public License (EPL).
         For more information visit https://github.com/coin-or/Ipopt
******************************************************************************

This is Ipopt version 3.13.4, running with linear solver ma27.

Number of nonzeros in equality constraint Jacobian...:    19822
Number of nonzeros in inequality constraint Jacobian.:     9106
Number of nonzeros in Lagrangian Hessian.............:     9453

Total number of variables............................:     7746
                     variables with only lower bounds:     3750
                variables with lower and upper bounds:     1625
                     variables with only upper bounds:        0
Total number of equality constraints.................:     4625
Total number of inequality constraints...............:     1620
        inequality constraints with only lower bounds:      500
   inequality constraints with lower and upper bounds:        0
        inequality constraints with only upper bounds:     1120

iter    objective    inf_pr   inf_du lg(mu)  ||d||  lg(rg) alpha_du alpha_pr  ls
   0  5.2625761e+00 1.30e+00 1.33e+00   0.0 0.00e+00    -  0.00e+00 0.00e+00   0
   1  5.2582584e+00 1.26e+00 1.79e+01  -0.8 2.89e+00    -  2.09e-02 3.12e-02f  1
   2  5.2775229e+00 1.16e+00 1.64e+01  -1.1 2.85e+00    -  4.06e-02 8.37e-02f  1
   3  5.2859987e+00 1.10e+00 1.57e+01  -1.3 2.89e+00    -  6.77e-02 4.62e-02f  1
   4  5.3108434e+00 1.04e+00 1.48e+01  -0.4 6.12e+00    -  5.47e-02 5.57e-02f  1
   5  5.3187638e+00 9.70e-01 1.52e+01  -0.8 3.36e+00    -  1.28e-01 6.90e-02f  1
   6  5.3403267e+00 8.77e-01 5.27e+01  -0.7 3.46e+00    -  1.87e-01 9.52e-02f  1
   7  5.3989936e+00 6.93e-01 6.07e+01  -0.7 3.71e+00    -  2.41e-01 2.10e-01f  1
   8  5.4742081e+00 6.50e-01 1.37e+03   0.1 4.37e+00   0.0 5.39e-01 6.32e-02f  1
   9  5.6176066e+00 5.08e-01 1.05e+03   0.1 3.10e+00    -  1.72e-01 2.18e-01f  1
iter    objective    inf_pr   inf_du lg(mu)  ||d||  lg(rg) alpha_du alpha_pr  ls
  10  5.7852552e+00 4.12e-01 8.20e+02   0.1 2.67e+00    -  2.97e-01 1.90e-01f  1
  11  5.8266041e+00 3.86e-01 1.68e+03   0.1 2.49e+00    -  3.06e-01 6.24e-02f  1
  12  6.0804810e+00 2.45e-01 2.13e+03   0.1 2.26e+00    -  5.08e-01 3.65e-01f  1
  13  6.1891391e+00 2.03e-01 1.28e+04   0.1 4.13e+00    -  6.08e-01 1.73e-01f  1
  14  6.3204386e+00 1.84e-01 2.18e+05   0.7 1.13e+01    -  1.00e+00 9.33e-02f  1
  15  6.5005251e+00 1.42e-01 1.13e+06   0.9 2.40e+00    -  1.00e+00 2.29e-01h  1
  16  6.5670307e+00 1.32e-01 1.01e+06  -5.1 2.78e+00    -  6.56e-02 7.01e-02h  1
  17  6.5842264e+00 1.25e-01 8.17e+05   0.6 4.77e+00    -  8.29e-02 5.28e-02h  1
  18  6.7075244e+00 7.74e-02 1.12e+06   0.7 1.35e+00    -  1.52e-01 3.80e-01h  1
  19  6.8216246e+00 1.81e-02 3.05e+05   0.6 3.36e-01    -  7.28e-01 7.66e-01h  1
iter    objective    inf_pr   inf_du lg(mu)  ||d||  lg(rg) alpha_du alpha_pr  ls
  20  6.8418258e+00 5.70e-03 6.58e+04  -0.4 8.86e-02    -  7.81e-01 6.85e-01h  1
  21  6.8483148e+00 7.38e-04 4.17e+03  -0.5 5.75e-02   0.4 9.89e-01 8.71e-01h  1
  22  6.8401754e+00 1.69e-05 7.78e+01  -2.2 2.18e-02  -0.1 9.66e-01 9.77e-01h  1
  23  6.6956937e+00 1.07e-03 7.36e+01  -3.7 5.74e-01    -  5.98e-01 6.24e-01f  1
  24  6.6420990e+00 4.14e-04 2.05e+04  -2.8 1.95e-01  -0.5 9.09e-01 6.86e-01h  1
  25  6.4169020e+00 2.03e-03 1.92e+04  -3.4 5.45e-01  -1.0 5.38e-01 1.00e+00h  1
  26  6.4200128e+00 1.98e-03 1.66e+06  -2.1 3.50e+00    -  6.59e-01 2.29e-02f  1
  27  6.1522608e+00 7.73e-02 6.19e+05  -2.3 7.00e-01    -  4.70e-01 1.00e+00f  1
  28  6.0888104e+00 2.56e-02 2.52e+05  -2.5 4.56e-01  -1.5 5.82e-01 6.04e-01h  1
  29  6.0440175e+00 2.39e-02 2.74e+05  -8.4 1.03e+01    -  1.89e-02 6.47e-02h  1
iter    objective    inf_pr   inf_du lg(mu)  ||d||  lg(rg) alpha_du alpha_pr  ls
  30  5.9105936e+00 1.48e-02 7.55e+04  -2.7 7.92e-01    -  7.40e-01 4.70e-01h  1
  31  5.8258499e+00 1.03e-02 1.88e+05  -2.9 1.01e+00    -  7.87e-01 2.40e-01h  1
  32  5.8181266e+00 9.40e-03 3.01e+05  -3.2 2.10e-01  -1.1 1.00e+00 9.61e-02h  1
  33  5.8272866e+00 9.32e-03 4.18e+05  -2.0 2.48e+00  -1.5 3.37e-01 1.05e-02h  1
  34  5.8325074e+00 9.29e-03 2.41e+07  -0.9 1.24e+01  -0.2 1.00e+00 3.54e-03h  2
  35  5.9788016e+00 9.20e-03 3.56e+07   0.5 4.32e+01    -  3.00e-02 9.48e-03f  1
  36  5.9804025e+00 9.20e-03 3.58e+07  -0.8 3.23e+01    -  5.18e-03 1.95e-04h  6
  37  5.9825769e+00 9.20e-03 3.64e+07  -0.8 3.38e+01    -  8.73e-03 2.48e-04h  6
  38  5.9838395e+00 9.20e-03 3.66e+07  -0.8 2.78e+01    -  3.96e-03 1.26e-04h  8
  39  5.9855267e+00 9.20e-03 3.68e+07  -0.8 2.79e+01    -  3.43e-03 1.62e-04h  8
iter    objective    inf_pr   inf_du lg(mu)  ||d||  lg(rg) alpha_du alpha_pr  ls
  40  5.9872238e+00 9.19e-03 3.74e+07  -0.8 2.86e+01    -  1.18e-02 1.59e-04h  8
  41  5.9890475e+00 9.19e-03 3.75e+07  -0.8 3.07e+01    -  2.28e-03 1.59e-04h  8
  42  5.9909677e+00 9.19e-03 3.86e+07  -0.8 3.11e+01    -  1.98e-02 1.65e-04h  8
  43  5.9936316e+00 9.19e-03 3.88e+07  -0.8 3.44e+01    -  2.45e-03 2.08e-04h  8
  44  5.9956844e+00 9.19e-03 3.90e+07  -0.8 3.49e+01    -  3.31e-03 1.58e-04h  8
  45  5.9975801e+00 9.19e-03 3.98e+07  -0.8 3.52e+01    -  8.86e-03 1.44e-04h  8
  46  6.3018984e+00 5.45e-02 3.75e+07  -0.8 3.59e+01    -  4.37e-03 2.10e-02w  1
  47  6.3733365e+00 5.51e-02 3.75e+07  -0.8 6.11e+01    -  7.70e-03 2.90e-03w  1
  48  6.3778996e+00 5.51e-02 3.77e+07  -0.8 3.10e+01    -  5.87e-03 3.10e-04w  1
  49  5.9997807e+00 9.19e-03 4.01e+07  -0.8 2.83e+01    -  4.37e-03 1.64e-04h  7
iter    objective    inf_pr   inf_du lg(mu)  ||d||  lg(rg) alpha_du alpha_pr  ls
  50  6.0019427e+00 9.18e-03 4.07e+07  -0.8 3.63e+01    -  6.63e-03 1.60e-04h  8
  51  6.0043732e+00 9.18e-03 4.14e+07  -0.8 3.68e+01    -  8.47e-03 1.77e-04h  8
  52  6.0069900e+00 9.18e-03 4.18e+07  -0.8 3.83e+01    -  4.49e-03 1.88e-04h  8
  53  6.0098118e+00 9.18e-03 4.30e+07  -0.8 3.93e+01    -  1.35e-02 2.00e-04h  8
  54  6.0114501e+00 9.18e-03 4.34e+07  -0.8 4.13e+01    -  4.23e-03 1.15e-04h  9
  55  6.0131533e+00 9.18e-03 4.46e+07  -0.8 4.13e+01    -  1.16e-02 1.19e-04h  9
  56  6.0147975e+00 9.18e-03 4.51e+07  -0.8 4.10e+01    -  4.74e-03 1.15e-04h  9
  57  6.0164018e+00 9.17e-03 4.62e+07  -0.8 4.11e+01    -  1.06e-02 1.13e-04h  9
  58  6.0178029e+00 9.17e-03 4.68e+07  -0.8 4.89e+01    -  5.23e-03 9.83e-05h  9
  59  6.4329910e+00 8.84e-02 4.37e+07  -0.8 4.60e+01    -  1.11e-02 2.66e-02w  1
iter    objective    inf_pr   inf_du lg(mu)  ||d||  lg(rg) alpha_du alpha_pr  ls
  60  6.4805513e+00 1.13e-01 4.35e+07  -0.8 2.43e+01   1.1 2.05e-03 6.70e-03w  1
  61  6.4919664e+00 1.13e-01 4.33e+07  -0.8 1.42e+01    -  1.14e-03 6.99e-03w  1
  62  6.0192719e+00 9.17e-03 4.82e+07  -0.8 8.90e+00    -  1.11e-02 1.04e-04h  8
  63  6.0216798e+00 9.17e-03 4.89e+07  -0.8 5.83e+01    -  5.59e-03 1.71e-04h  8
  64  6.0233775e+00 9.17e-03 4.92e+07  -0.8 5.11e+01    -  2.57e-03 1.22e-04h  8
  65  6.0244930e+00 9.17e-03 5.02e+07  -0.8 4.82e+01    -  7.21e-03 8.08e-05h  8
  66  6.0263917e+00 9.17e-03 5.06e+07  -0.8 3.72e+01    -  2.56e-03 1.39e-04h  6
  67  6.0274436e+00 9.17e-03 5.29e+07  -0.8 3.73e+01    -  1.44e-02 7.75e-05h  7
  68  6.0292392e+00 9.17e-03 5.33e+07  -0.8 3.57e+01    -  2.53e-03 1.37e-04h  7
  69  6.0312578e+00 9.17e-03 5.60e+07  -0.8 3.59e+01    -  1.69e-02 1.55e-04h  7
iter    objective    inf_pr   inf_du lg(mu)  ||d||  lg(rg) alpha_du alpha_pr  ls
  70  6.0328745e+00 9.16e-03 5.64e+07  -0.8 3.46e+01    -  2.75e-03 1.28e-04h  8
  71  6.0346110e+00 9.16e-03 6.00e+07  -0.8 3.47e+01    -  2.11e-02 1.38e-04h  8
  72  6.3635080e+00 7.53e-02 5.45e+07  -0.8 4.27e+01    -  2.84e-03 2.43e-02w  1
  73  6.4048360e+00 7.54e-02 5.45e+07  -0.8 2.05e+02    -  8.01e-04 1.05e-03w  1
  74  6.4070000e+00 7.54e-02 5.45e+07  -0.8 5.25e+01    -  1.19e-03 1.62e-04w  1
  75  6.0357931e+00 9.16e-03 6.05e+07  -0.8 1.14e+01    -  2.84e-03 9.50e-05h  8
  76  6.0370153e+00 9.16e-03 6.33e+07  -0.8 4.09e+01    -  1.53e-02 9.86e-05h  9
  77  6.0384034e+00 9.16e-03 6.39e+07  -0.8 3.53e+01    -  3.06e-03 1.14e-04h  9
  78  6.0398362e+00 9.16e-03 6.75e+07  -0.8 3.40e+01    -  1.78e-02 1.18e-04h  9
  79  6.0409257e+00 9.16e-03 6.82e+07  -0.8 3.35e+01    -  3.22e-03 8.92e-05h  9
iter    objective    inf_pr   inf_du lg(mu)  ||d||  lg(rg) alpha_du alpha_pr  ls
  80  6.0419100e+00 9.16e-03 6.96e+07  -0.8 3.39e+01    -  6.54e-03 8.04e-05h  9
  81  6.0437664e+00 9.16e-03 7.09e+07  -0.8 3.29e+01    -  5.82e-03 1.47e-04h  8
  82  6.0454084e+00 9.15e-03 7.34e+07  -0.8 3.31e+01    -  1.09e-02 1.29e-04h  8
  83  6.0469055e+00 9.15e-03 7.45e+07  -0.8 7.25e+01    -  4.65e-03 1.13e-04h  8
  84  6.0483642e+00 9.15e-03 7.53e+07  -0.8 6.55e+01    -  3.41e-03 1.11e-04h  8
  85  6.2414773e+00 2.91e-02 7.50e+07  -0.8 6.07e+01    -  1.66e-02 1.40e-02w  1
  86  6.2775918e+00 2.90e-02 7.49e+07  -0.8 2.40e+02    -  1.00e-03 1.07e-03w  1
  87  6.2782841e+00 2.90e-02 7.49e+07  -0.8 2.46e+01    -  4.08e-04 8.99e-05w  1
  88  6.0498048e+00 9.15e-03 7.96e+07  -0.8 1.12e+01    -  1.66e-02 1.09e-04h  7
  89  6.0510140e+00 9.15e-03 8.03e+07  -0.8 4.03e+01    -  2.18e-03 9.11e-05h  9
iter    objective    inf_pr   inf_du lg(mu)  ||d||  lg(rg) alpha_du alpha_pr  ls
  90  6.0522747e+00 9.15e-03 8.24e+07  -0.8 3.86e+01    -  6.56e-03 9.40e-05h  9
  91  6.0536963e+00 9.15e-03 8.34e+07  -0.8 3.59e+01    -  2.94e-03 1.04e-04h  9
  92  6.0552407e+00 9.15e-03 8.62e+07  -0.8 3.59e+01    -  7.91e-03 1.11e-04h  9
  93  6.0565971e+00 9.15e-03 8.78e+07  -0.8 3.90e+01    -  4.13e-03 8.98e-05h  9
  94  6.0580466e+00 9.15e-03 8.93e+07  -0.8 3.90e+01    -  3.69e-03 9.58e-05h  9
  95  6.0595638e+00 9.15e-03 8.92e+07  -0.8 4.06e+01    -  3.29e-05 9.61e-05f  9
  96  6.0625024e+00 9.14e-03 8.91e+07  -0.8 7.11e+01    -  1.68e-05 1.76e-04f  7
  97  6.0643675e+00 9.14e-03 8.94e+07  -0.8 2.89e+01    -  1.50e-03 2.13e-04f  8
  98  6.1947474e+00 1.99e-02 8.63e+07  -0.8 2.38e+01    -  4.00e-04 3.28e-02w  1
  99  6.1977430e+00 1.36e-02 6.69e+07  -0.8 6.84e-02   6.1 1.78e-01 3.19e-01w  1
iter    objective    inf_pr   inf_du lg(mu)  ||d||  lg(rg) alpha_du alpha_pr  ls
 100  6.1977949e+00 1.34e-02 5.22e+07  -0.8 4.83e-02   5.6 2.90e-01 8.51e-03w  1
 101  6.2044283e+00 2.77e-05 2.06e+07  -0.8 4.68e-02   6.0 4.45e-01 1.00e+00h  1
 102  6.2044609e+00 4.01e-09 4.20e+05  -1.3 4.77e-04   5.5 9.91e-01 1.00e+00h  1
 103  6.2051061e+00 5.96e-07 5.59e+02  -0.4 1.94e-03   5.1 1.00e+00 1.00e+00f  1
 104  6.2059515e+00 2.17e-06 5.10e+02  -0.5 1.33e-02   4.6 1.00e+00 1.00e+00f  1
 105  6.2063319e+00 1.63e-08 3.73e+05  -1.2 4.95e-04   4.1 9.92e-01 1.00e+00f  1
 106  6.2081437e+00 2.64e-02 3.33e+05  -1.2 2.53e+00    -  1.03e-01 1.81e-01f  1
 107  6.2977088e+00 2.02e-02 2.72e+05  -1.2 8.99e-01    -  1.86e-01 2.57e-01f  1
 108  6.3946290e+00 7.75e-01 1.38e+05  -1.2 2.39e+00    -  4.90e-01 3.99e-01f  1
 109  6.4949438e+00 6.33e-01 7.14e+04  -1.2 7.64e-01    -  6.70e-01 3.28e-01f  1
iter    objective    inf_pr   inf_du lg(mu)  ||d||  lg(rg) alpha_du alpha_pr  ls
 110  6.4949721e+00 6.29e-01 4.54e+04  -1.2 1.86e-01   3.6 1.00e+00 9.54e-03h  1
 111  6.7020467e+00 6.02e-02 2.62e+03  -1.2 5.11e-01    -  9.66e-01 1.00e+00f  1
 112  6.7053948e+00 7.82e-04 1.25e+02  -1.2 3.15e-02   3.2 1.00e+00 9.40e-01h  1
 113  6.7063580e+00 2.32e-06 1.45e+00  -1.2 2.64e-03   2.7 1.00e+00 1.00e+00f  1
 114  6.6673117e+00 2.30e-04 3.87e+06  -1.9 1.12e-01    -  5.76e-01 1.00e+00f  1
 115  6.6175974e+00 9.10e-02 1.51e+06  -1.9 1.24e+00    -  6.08e-01 5.67e-01F  1
 116  6.6175563e+00 8.50e-02 1.22e+06  -1.9 1.10e-01   2.2 2.02e-01 7.84e-02h  1
 117  6.6172385e+00 6.64e-02 1.13e+06  -1.9 1.46e-01   1.7 6.29e-02 2.19e-01h  1
 118  6.6166032e+00 3.97e-02 6.74e+04  -1.9 8.58e-02   1.2 1.00e+00 3.94e-01h  1
 119  6.6138853e+00 7.53e-04 6.48e+03  -1.9 6.36e-02   0.8 6.83e-01 1.00e+00h  1
iter    objective    inf_pr   inf_du lg(mu)  ||d||  lg(rg) alpha_du alpha_pr  ls
 120  6.6077190e+00 7.96e-05 3.68e+01  -1.9 6.36e-02   0.3 1.00e+00 1.00e+00f  1
 121  6.5927135e+00 3.44e-04 2.55e+00  -1.9 1.78e-01  -0.2 1.00e+00 1.00e+00f  1
 122  6.5663561e+00 1.49e-02 6.24e+03  -1.9 1.13e+00  -0.7 4.08e-01 8.88e-01f  1
 123  6.5205110e+00 3.45e-01 9.84e+03  -1.9 1.06e+00    -  1.00e-01 5.75e-01h  1
 124  6.5171761e+00 6.99e-02 1.91e+04  -1.9 3.88e+00  -1.1 4.00e-01 7.71e-02f  1
 125  6.5112762e+00 5.77e-03 1.45e+04  -1.9 6.70e-01    -  6.23e-01 1.52e-01h  1
 126  6.4681791e+00 3.42e-03 2.18e+02  -1.9 3.57e-01    -  1.00e+00 1.00e+00f  1
 127  6.4785695e+00 1.15e-03 2.02e+01  -1.9 7.69e-02    -  1.00e+00 1.00e+00h  1
 128  6.4834899e+00 8.10e-05 4.26e+00  -1.9 2.94e-02    -  1.00e+00 1.00e+00h  1
 129  6.4841431e+00 1.62e-06 8.66e-02  -1.9 4.26e-03    -  1.00e+00 1.00e+00h  1
iter    objective    inf_pr   inf_du lg(mu)  ||d||  lg(rg) alpha_du alpha_pr  ls
 130  6.2492346e+00 3.34e-03 7.37e+05  -2.9 6.07e-01    -  6.39e-01 1.00e+00f  1
 131  6.0202273e+00 1.09e-02 3.93e+05  -2.9 1.09e+00    -  4.58e-01 5.52e-01h  1
 132  5.7834129e+00 1.01e-02 2.26e+03  -2.8 6.67e-01    -  1.00e+00 1.00e+00h  1
 133  5.9130541e+00 7.07e-03 1.12e+05  -2.5 6.55e-01    -  1.00e+00 5.58e-01h  1
 134  5.7650172e+00 5.11e-03 3.76e+03  -2.8 4.27e-01    -  1.00e+00 1.00e+00h  1
 135  5.9467527e+00 1.01e-02 9.06e+04  -2.5 6.38e-01    -  1.00e+00 8.35e-01h  1
 136  5.8617313e+00 1.58e-03 2.74e+04  -2.6 2.38e-01    -  1.00e+00 1.00e+00h  1
 137  5.7011759e+00 5.20e-03 3.93e+03  -2.8 4.70e-01    -  1.00e+00 1.00e+00h  1
 138  5.6418679e+00 8.35e-04 1.47e+03  -3.0 1.65e-01  -1.6 1.00e+00 1.00e+00h  1
 139  5.6395954e+00 6.84e-04 1.61e+05  -4.9 2.16e-02   0.6 7.56e-01 1.81e-01h  1
iter    objective    inf_pr   inf_du lg(mu)  ||d||  lg(rg) alpha_du alpha_pr  ls
 140  5.6093276e+00 4.49e-05 1.76e+03  -4.3 5.74e-02   0.1 9.52e-01 1.00e+00h  1
 141  5.5863155e+00 3.54e-05 1.43e+03  -4.8 1.11e-01  -0.3 6.52e-01 5.19e-01h  1
 142  5.5798088e+00 2.17e-05 1.88e+03  -5.7 3.99e-02   0.1 7.26e-01 4.27e-01h  1
 143  5.5704948e+00 1.76e-05 2.45e+03  -5.7 9.16e-02  -0.4 1.00e+00 2.81e-01h  1
 144  5.5588970e+00 2.67e-05 2.07e+03  -5.8 2.12e-01  -0.9 1.00e+00 1.53e-01h  1
 145  5.5436732e+00 5.15e-05 1.59e+03  -5.4 4.69e-01  -1.3 7.56e-01 9.22e-02f  1
 146  5.5380190e+00 4.73e-05 1.73e+03  -6.4 1.64e-01  -0.9 6.15e-01 1.02e-01h  1
 147  5.5200803e+00 1.30e-04 1.57e+03  -6.1 3.89e-01  -1.4 1.00e+00 1.34e-01h  1
 148  5.4963128e+00 1.86e-04 1.29e+03  -5.7 8.18e-01  -1.9 4.18e-01 8.48e-02h  1
 149  5.4944696e+00 1.69e-04 1.51e+03  -6.4 6.04e-02  -0.5 1.00e+00 9.84e-02h  1
iter    objective    inf_pr   inf_du lg(mu)  ||d||  lg(rg) alpha_du alpha_pr  ls
 150  5.4878214e+00 1.52e-04 1.28e+03  -6.6 1.35e-01  -1.0 1.00e+00 1.52e-01h  1
 151  5.4729559e+00 1.81e-04 1.03e+03  -6.7 2.99e-01  -1.5 1.00e+00 1.49e-01h  1
 152  5.4600567e+00 2.15e-04 6.08e+02  -5.3 6.24e-01  -2.0 4.99e-01 6.11e-02h  1
 153  5.4587041e+00 1.95e-04 9.24e+02  -6.5 4.61e-02  -0.6 8.32e-01 9.79e-02h  1
 154  5.4509275e+00 1.75e-04 7.01e+02  -6.1 1.07e-01  -1.1 1.00e+00 2.25e-01h  1
 155  5.4365177e+00 2.31e-04 5.39e+02  -6.1 2.80e-01  -1.6 1.00e+00 1.73e-01h  1
 156  5.4293182e+00 2.40e-04 3.03e+02  -5.2 6.52e-01  -2.1 2.61e-01 4.05e-02h  1
 157  5.4288836e+00 1.94e-04 6.13e+02  -6.4 8.07e-03   0.2 9.54e-01 1.91e-01h  1
 158  5.4286772e+00 1.56e-04 7.76e+02  -6.0 3.38e-03   0.6 1.00e+00 1.99e-01h  1
 159  5.4267729e+00 4.43e-05 1.24e+02  -6.1 8.91e-03   0.1 1.00e+00 7.18e-01h  1
iter    objective    inf_pr   inf_du lg(mu)  ||d||  lg(rg) alpha_du alpha_pr  ls
 160  5.4259959e+00 2.56e-06 4.05e+01  -6.1 3.07e-03   0.5 8.37e-01 9.46e-01h  1
 161  5.4253638e+00 2.00e-06 1.01e+02  -6.8 7.81e-03   0.1 1.00e+00 2.86e-01h  1
 162  5.4240168e+00 2.55e-06 9.67e+01  -7.7 2.01e-02  -0.4 1.00e+00 2.29e-01h  1
 163  5.4220457e+00 4.60e-06 8.57e+01  -8.0 5.95e-02  -0.9 1.00e+00 1.23e-01h  1
 164  5.4203586e+00 5.88e-06 7.88e+01  -7.8 1.70e-01  -1.4 1.00e+00 3.86e-02h  1
 165  5.4168329e+00 1.14e-05 2.83e+01  -6.6 4.53e-01  -1.9 1.00e+00 3.20e-02f  1
 166  5.4081966e+00 5.78e-05 2.61e+02  -5.9 1.24e+00  -2.3 8.94e-01 3.82e-02f  1
 167  5.3983774e+00 2.26e-04 2.04e+02  -5.7 3.55e+00  -2.8 8.14e-02 2.50e-02f  1
 168  5.3894526e+00 2.23e-04 1.47e+02  -5.4 5.07e+00  -3.3 7.10e-02 1.49e-02h  1
 169  5.3765660e+00 3.78e-04 1.46e+02  -5.2 1.73e+00  -2.9 4.96e-02 4.43e-02h  1
iter    objective    inf_pr   inf_du lg(mu)  ||d||  lg(rg) alpha_du alpha_pr  ls
 170  5.3728956e+00 3.89e-04 4.19e+02  -5.0 5.20e+00  -3.3 1.00e-01 7.98e-03h  1
 171  5.3594338e+00 4.51e-04 4.58e+02  -5.3 1.74e+00  -2.9 1.75e-01 5.45e-02h  1
 172  5.3466330e+00 1.24e-03 2.87e+02  -4.2 5.74e+00  -3.4 2.67e-02 4.03e-02f  1
 173  5.3387604e+00 1.37e-03 1.13e+03  -4.3 4.64e+00  -3.0 1.65e-01 4.23e-02h  1
 174  5.3204490e+00 1.19e-02 2.39e+03  -4.2 1.57e+00  -3.4 2.20e-01 6.71e-02h  1
 175  5.3056370e+00 1.23e-02 2.37e+03  -4.3 2.04e+00  -3.9 6.96e-02 4.98e-02h  1
 176  5.3018236e+00 1.26e-02 2.45e+03 -10.6 5.65e+01  -4.4 4.83e-04 1.28e-02h  1
 177  5.2977122e+00 1.36e-02 1.72e+03 -10.6 2.42e+00  -4.0 1.70e-01 2.58e-02h  1
 178  5.2946773e+00 3.64e-03 1.28e+03  -6.0 3.14e-02  -0.8 3.42e-01 4.23e-01h  1
 179  5.2936858e+00 2.49e-03 1.36e+02  -6.1 1.89e-02  -0.4 6.31e-01 3.15e-01h  1
iter    objective    inf_pr   inf_du lg(mu)  ||d||  lg(rg) alpha_du alpha_pr  ls
 180  5.2921741e+00 1.80e-03 3.61e+02  -6.3 2.34e-02  -0.9 6.98e-01 2.76e-01h  1
 181  5.2908548e+00 4.48e-05 5.56e+00  -5.3 9.65e-03  -0.5 1.00e+00 9.84e-01h  1
 182  5.2893678e+00 2.39e-05 6.13e+00  -5.3 2.52e-02  -0.9 8.39e-01 5.04e-01h  1
 183  5.2884739e+00 7.85e-05 8.89e+02  -5.0 4.83e-02  -1.4 1.00e+00 2.51e-01h  1
 184  5.2857516e+00 9.10e-05 4.39e+02  -5.4 1.25e-01  -1.9 4.17e-01 2.22e-01h  1
 185  5.2823497e+00 1.07e-03 4.22e+02  -5.1 1.18e+01    -  3.26e-02 3.56e-02h  1
 186  5.2780606e+00 3.27e-03 3.94e+02  -5.2 4.08e+00    -  6.87e-02 6.50e-02h  1
 187  5.2782555e+00 4.08e-03 8.79e+03  -3.9 8.21e+00    -  3.32e-01 1.41e-02h  1
 188  5.2749635e+00 3.46e-03 7.43e+03  -4.4 2.21e+00    -  1.26e-01 1.55e-01h  1
 189  5.2910197e+00 2.55e-03 1.25e+04  -3.7 8.11e-01    -  4.31e-01 2.42e-01f  1
iter    objective    inf_pr   inf_du lg(mu)  ||d||  lg(rg) alpha_du alpha_pr  ls
 190  5.2939896e+00 2.44e-03 2.60e+03  -4.0 1.82e-01    -  6.45e-01 1.00e+00h  1
 191  5.2945865e+00 2.15e-04 9.56e+00  -4.0 8.83e-02    -  1.00e+00 1.00e+00h  1
 192  5.2946228e+00 1.54e-06 1.11e-01  -4.0 1.34e-02    -  1.00e+00 1.00e+00h  1
 193  5.2744428e+00 3.58e-04 5.26e+02  -4.4 8.71e-02    -  9.97e-01 1.00e+00h  1
 194  5.2653979e+00 3.98e-04 3.76e+01  -4.8 1.31e-01    -  1.00e+00 1.00e+00h  1
 195  5.2615303e+00 5.38e-04 9.30e+00  -5.2 5.62e-02    -  1.00e+00 1.00e+00h  1
 196  5.2598603e+00 8.26e-04 1.03e+00  -5.7 1.13e-01    -  1.00e+00 1.00e+00h  1
 197  5.2591888e+00 7.92e-04 1.16e-01  -6.5 1.60e-01    -  1.00e+00 1.00e+00h  1
 198  5.2590641e+00 8.00e-04 9.21e-03  -7.3 1.36e-01    -  1.00e+00 1.00e+00h  1
 199  5.2590496e+00 2.98e-04 2.47e-04  -7.8 4.58e-02    -  1.00e+00 1.00e+00h  1
iter    objective    inf_pr   inf_du lg(mu)  ||d||  lg(rg) alpha_du alpha_pr  ls
 200  5.2590446e+00 8.96e-05 4.06e+00  -8.5 3.21e-02    -  1.00e+00 1.00e+00h  1
 201  5.2590436e+00 4.09e-05 2.02e+00 -11.0 1.28e-02    -  4.09e-01 6.83e-01h  1
 202  5.2590433e+00 7.20e-06 2.14e+00  -9.1 6.44e-03    -  1.22e-01 1.00e+00h  1
 203  5.2590430e+00 6.88e-06 2.06e+00  -8.5 1.39e-03    -  3.52e-02 4.45e-02h  1
 204  5.2589200e+00 4.72e-06 2.20e+00  -8.8 8.26e-03    -  1.11e-03 3.17e-01h  1
 205  5.2587323e+00 4.77e-06 4.01e+00  -6.7 1.67e-01  -2.4 1.24e-02 1.87e-02f  1
 206  5.2583309e+00 8.94e-06 3.56e+00  -7.2 5.64e-02  -1.9 1.66e-01 1.13e-01h  1
 207  5.2567441e+00 1.25e-04 5.25e+00  -6.7 1.71e-01  -2.4 2.68e-02 1.51e-01h  1
 208  5.2559411e+00 3.19e-04 1.09e+01  -5.7 2.08e+00  -2.9 6.99e-04 1.72e-02h  1
 209  5.2559116e+00 3.18e-04 1.13e+01 -11.0 1.88e-01  -2.5 7.16e-02 2.64e-03h  1
iter    objective    inf_pr   inf_du lg(mu)  ||d||  lg(rg) alpha_du alpha_pr  ls
 210  5.2558469e+00 3.18e-04 1.12e+01 -11.0 6.56e-01  -2.9 2.08e-03 1.82e-03h  1
 211  5.2551813e+00 3.18e-04 1.19e+01  -5.7 6.06e-01  -2.5 2.15e-02 2.37e-02f  1
 212  5.2550223e+00 3.12e-04 4.09e+00  -5.1 1.61e-01  -2.1 2.64e-02 2.03e-02h  1
 213  5.2526690e+00 3.23e-04 6.31e+01  -5.3 3.23e-01  -2.6 4.01e-02 9.93e-02h  1
 214  5.2522635e+00 3.18e-04 3.44e+02  -4.7 4.18e-01  -2.1 1.10e-01 2.10e-02h  1
 215  5.2518496e+00 3.18e-04 2.67e+02  -5.4 5.15e-01  -2.6 1.76e-02 1.10e-02h  1
 216  5.2501453e+00 1.86e-04 3.26e+03 -11.0 2.56e-02  -1.3 1.23e-02 5.28e-01h  1
 217  5.2501380e+00 1.74e-04 3.27e+03  -6.5 3.98e-03   0.9 5.23e-01 6.47e-02h  1
 218  5.2501459e+00 1.46e-04 2.99e+03  -5.6 9.45e-03   0.5 3.57e-01 1.62e-01h  1
 219  5.2499515e+00 1.05e-04 2.03e+03  -6.3 1.35e-02  -0.0 1.41e-01 2.84e-01h  1
iter    objective    inf_pr   inf_du lg(mu)  ||d||  lg(rg) alpha_du alpha_pr  ls
 220  5.2496693e+00 3.16e-04 1.36e+03  -4.9 3.14e-02  -0.5 3.39e-01 1.00e+00f  1
 221  5.2480033e+00 2.36e-04 1.25e+03  -4.7 4.33e-02  -1.0 4.70e-01 7.55e-01h  1
 222  5.2382291e+00 1.39e-03 1.58e+03  -4.6 1.25e-01  -1.4 2.69e-01 1.00e+00h  1
 223  5.2350037e+00 3.64e-04 1.38e+03 -10.8 1.03e-02  -0.1 1.64e-01 7.40e-01h  1
 224  5.2333739e+00 2.25e-05 1.68e+01  -5.0 2.19e-02  -0.6 9.59e-01 1.00e+00h  1
 225  5.2258923e+00 1.37e-04 7.67e+02  -6.1 6.80e-02  -1.1 5.39e-01 9.16e-01h  1
 226  5.2188930e+00 5.59e-04 5.89e+02  -5.0 2.40e-01  -1.6 7.36e-01 4.96e-01h  1
 227  5.2187581e+00 5.56e-04 1.16e+03  -4.8 2.89e-01  -2.0 4.33e-01 6.48e-03h  1
 228  5.2155802e+00 7.35e-04 1.36e+03 -10.9 1.11e-01  -1.6 6.31e-02 2.94e-01h  1
 229  5.2123459e+00 3.64e-03 1.04e+03  -5.0 5.76e-01  -2.1 1.45e-01 2.44e-01h  1
iter    objective    inf_pr   inf_du lg(mu)  ||d||  lg(rg) alpha_du alpha_pr  ls
 230  5.2112149e+00 7.66e-04 2.00e+01  -4.7 1.07e-01  -1.7 1.00e+00 1.00e+00h  1
 231  5.2128045e+00 6.84e-04 7.06e+03  -4.1 2.07e-01  -2.1 7.95e-01 1.68e-01h  1
 232  5.2076418e+00 2.50e-03 6.98e+03  -4.3 3.29e+00    -  4.00e-02 5.23e-02h  1
 233  5.2028863e+00 3.93e-03 7.12e+03 -10.2 5.28e+00    -  2.63e-02 3.33e-02h  1
 234  5.2020207e+00 5.15e-03 1.41e+04  -3.2 1.08e+01    -  8.37e-02 1.45e-02f  1
 235  5.2023791e+00 1.13e-02 1.62e+04  -2.9 1.59e+01    -  2.87e-02 1.80e-02f  1
 236  5.1948229e+00 1.88e-02 1.50e+04  -3.9 3.79e+00    -  5.42e-02 1.04e-01h  1
 237  5.1886249e+00 2.14e-02 1.58e+04  -5.9 4.27e+00    -  3.28e-02 5.05e-02h  1
 238  5.1842108e+00 3.01e-02 1.20e+04  -3.9 1.66e+00    -  2.46e-01 2.65e-01h  1
 239  5.1947244e+00 2.84e-02 1.86e+04  -3.3 1.95e+00    -  2.08e-01 8.94e-02h  1
iter    objective    inf_pr   inf_du lg(mu)  ||d||  lg(rg) alpha_du alpha_pr  ls
 240  5.2012140e+00 1.21e-02 1.10e+04  -3.8 9.69e-02  -1.7 2.25e-01 5.75e-01h  1
 241  5.1762076e+00 4.43e-03 2.04e+04  -9.7 1.13e-01  -2.2 2.32e-01 6.38e-01h  1
 242  5.1750846e+00 4.02e-03 2.12e+04  -9.8 5.76e-02  -0.9 5.17e-04 9.29e-02h  1
 243  5.1947325e+00 5.93e-03 2.47e+04  -3.5 7.92e-01    -  7.46e-01 3.15e-01h  1
 244  5.2022463e+00 2.38e-02 2.12e+04  -3.7 7.55e-01    -  2.50e-01 6.96e-01h  1
 245  5.2057277e+00 4.04e-05 1.84e+04  -3.7 2.38e-02  -0.4 6.10e-01 1.00e+00h  1
 246  5.1806874e+00 6.85e-05 7.75e+03  -4.9 6.70e-02  -0.9 7.55e-01 9.56e-01h  1
 247  5.1644917e+00 3.20e-04 1.44e+03  -4.8 6.16e-02  -1.4 8.24e-01 8.83e-01h  1
 248  5.1557268e+00 2.37e-04 7.48e+02  -4.9 9.11e-02  -1.9 4.71e-01 4.46e-01h  1
 249  5.1497607e+00 2.08e-04 1.40e+02  -5.0 2.55e-01  -2.3 5.37e-01 3.16e-01h  1
iter    objective    inf_pr   inf_du lg(mu)  ||d||  lg(rg) alpha_du alpha_pr  ls
 250  5.1485019e+00 1.98e-04 5.81e+02  -4.6 1.84e+00  -2.8 2.60e-01 6.07e-02h  1
 251  5.1471882e+00 2.16e-04 5.75e+02 -10.8 2.68e+01    -  4.66e-03 3.42e-03h  1
 252  5.1430493e+00 1.05e-03 3.57e+02  -4.9 1.62e+00  -3.3 3.36e-01 1.63e-01h  1
 253  5.1350421e+00 2.06e-03 2.94e+02  -5.2 5.12e-01  -2.9 4.58e-01 5.29e-01h  1
 254  5.1317646e+00 1.23e-03 1.12e+02  -5.4 1.93e-01  -2.4 5.53e-01 5.34e-01h  1
 255  5.1272051e+00 7.98e-03 4.16e+02 -11.0 9.95e-01  -2.9 1.24e-01 3.67e-01h  1
 256  5.1267390e+00 7.23e-03 1.64e+02  -5.8 2.37e-01  -2.5 6.90e-01 1.00e-01h  1
 257  5.1260893e+00 6.76e-03 2.35e+02  -5.8 6.25e-01  -3.0 3.72e-01 7.97e-02h  1
 258  5.1256032e+00 6.63e-03 1.89e+02  -5.3 7.17e+00  -3.4 1.26e-01 3.48e-02h  1
 259  5.1233780e+00 6.51e-03 1.84e+02 -11.0 8.91e+00    -  1.41e-02 1.70e-02h  1
iter    objective    inf_pr   inf_du lg(mu)  ||d||  lg(rg) alpha_du alpha_pr  ls
 260  5.1221818e+00 3.15e-03 1.46e+02  -6.8 1.25e-01  -2.1 5.91e-02 5.15e-01h  1
 261  5.1234039e+00 1.76e-03 9.02e+02  -5.0 6.99e-02  -0.8 1.00e+00 4.40e-01h  1
 262  5.1246571e+00 1.84e-05 2.11e+00  -5.0 3.98e-02  -1.3 9.89e-01 1.00e+00h  1
 263  5.1269210e+00 2.29e-03 1.44e+02  -3.0 2.31e+01    -  1.05e-02 1.14e-02f  1
 264  5.1258186e+00 2.68e-03 2.11e+02  -4.8 2.27e+00    -  1.13e-01 2.91e-02h  1
 265  5.1243029e+00 3.13e-03 1.82e+02  -4.8 2.99e+00    -  2.44e-02 4.95e-02h  1
 266  5.1227136e+00 3.30e-03 2.79e+02  -4.8 1.83e+00    -  2.29e-01 7.13e-02h  1
 267  5.1208875e+00 2.87e-03 1.53e+02  -4.8 3.29e-01    -  1.52e-01 2.59e-01h  1
 268  5.1162247e+00 2.15e-05 5.19e+00  -5.3 2.17e-02  -1.7 1.00e+00 1.00e+00h  1
 269  5.1143933e+00 2.26e-04 1.44e+01  -5.6 5.23e-02  -2.2 1.00e+00 9.58e-01h  1
iter    objective    inf_pr   inf_du lg(mu)  ||d||  lg(rg) alpha_du alpha_pr  ls
 270  5.1147400e+00 2.94e-04 5.81e+02  -5.1 2.78e-01  -2.7 1.00e+00 4.14e-01h  1
 271  5.1146989e+00 2.37e-04 1.12e+00  -5.2 9.53e-02  -2.3 1.00e+00 1.00e+00h  1
 272  5.1145174e+00 2.31e-04 1.09e+00  -5.2 1.67e+00  -2.7 1.61e-01 3.39e-02h  1
 273  5.1135485e+00 3.00e-04 9.81e-01  -5.2 9.35e-01    -  8.79e-02 9.68e-02h  1
 274  5.1170133e+00 3.28e-01 2.09e+02  -4.2 5.99e+00    -  1.97e-01 1.75e-01f  1
 275  5.1157763e+00 2.84e-01 2.17e+02  -4.9 2.23e+00    -  2.87e-02 6.36e-02h  1
 276  5.1150032e+00 1.72e-01 1.04e+02  -4.9 3.40e-01  -3.2 7.39e-01 3.14e-01h  1
 277  5.1131271e+00 7.56e-02 2.42e+01  -4.9 9.53e-01  -3.7 1.72e-01 4.09e-01f  1
 278  5.1131903e+00 6.51e-02 6.54e+02  -4.1 5.50e+00  -4.2 9.46e-02 3.14e-02f  1
 279  5.1124011e+00 5.29e-05 1.56e+02  -4.8 5.85e-02  -1.9 7.90e-01 1.00e+00h  1
iter    objective    inf_pr   inf_du lg(mu)  ||d||  lg(rg) alpha_du alpha_pr  ls
 280  5.1154491e+00 9.36e-04 1.96e+03  -4.3 3.74e-01    -  5.53e-01 2.59e-01h  1
 281  5.1163713e+00 3.60e-04 4.45e-02  -4.6 3.40e-02  -2.4 1.00e+00 1.00e+00h  1
 282  5.1162883e+00 8.18e-06 1.66e-03  -4.6 1.58e-02  -2.0 1.00e+00 1.00e+00h  1
 283  5.1100160e+00 1.23e-04 2.16e+02  -5.0 6.69e-02  -2.5 9.33e-01 1.00e+00h  1
 284  5.1073169e+00 8.59e-05 1.43e+00  -5.4 4.73e-02  -2.0 1.00e+00 1.00e+00h  1
 285  5.1064178e+00 3.67e-04 8.63e+00  -5.4 1.32e-01  -2.5 1.00e+00 8.43e-01h  1
 286  5.1058302e+00 8.83e-05 1.31e+00  -5.5 5.94e-02  -2.1 1.00e+00 9.91e-01h  1
 287  5.1054466e+00 1.35e-04 5.80e+01 -11.0 2.71e-01  -2.6 2.97e-01 1.90e-01h  1
 288  5.1045530e+00 1.49e-04 1.66e+00  -6.1 8.63e-02  -2.1 1.00e+00 9.94e-01h  1
 289  5.1033404e+00 8.71e-04 6.96e+01 -11.0 6.40e-01  -2.6 1.20e-01 5.61e-01h  1
iter    objective    inf_pr   inf_du lg(mu)  ||d||  lg(rg) alpha_du alpha_pr  ls
 290  5.1024042e+00 7.17e-04 8.89e+01 -11.0 1.76e-01  -2.2 1.51e-01 5.72e-01h  1
 291  5.1023418e+00 5.68e-04 5.98e+01 -11.0 2.45e-02  -0.9 2.97e-01 2.09e-01h  1
 292  5.1027734e+00 1.01e-05 6.98e+01  -5.8 1.76e-02  -0.4 6.67e-01 1.00e+00h  1
 293  5.1024559e+00 2.12e-06 3.80e-03  -6.1 7.54e-03  -0.9 1.00e+00 1.00e+00h  1
 294  5.1022512e+00 7.20e-06 6.31e+01  -6.7 2.35e-02  -1.4 1.00e+00 4.41e-01h  1
 295  5.1015685e+00 2.42e-04 3.78e-03  -6.4 7.57e-02  -1.9 1.00e+00 1.00e+00h  1
 296  5.1009375e+00 2.17e-03 2.32e+02  -5.4 3.10e-01  -2.4 1.00e+00 6.21e-01h  1
 297  5.1018220e+00 2.02e-03 2.72e+03  -4.5 1.39e+00  -2.8 5.05e-01 6.55e-02h  1
 298  5.1019788e+00 1.76e-03 2.21e+03  -4.8 8.88e-01  -3.3 1.08e-01 2.20e-01h  1
 299  5.1020136e+00 2.11e-03 1.93e+03  -4.8 7.28e-01  -2.9 2.57e-01 6.27e-02h  1
iter    objective    inf_pr   inf_du lg(mu)  ||d||  lg(rg) alpha_du alpha_pr  ls
 300  5.1020429e+00 1.91e-03 1.53e+03  -4.8 4.54e-01  -3.4 5.02e-01 9.28e-02h  1
 301  5.1019489e+00 1.62e-03 1.17e+03  -4.8 3.09e-01    -  6.22e-01 1.56e-01h  1
 302  5.1018545e+00 1.39e-03 1.01e+03  -4.8 1.97e+00    -  1.57e-01 1.39e-01h  1
 303  5.1018371e+00 1.37e-03 9.82e+02  -4.8 3.91e+00  -3.8 7.70e-02 2.07e-02f  1
 304  5.1020507e+00 1.16e-03 7.96e+02  -4.8 6.30e-01  -3.4 6.38e-01 1.53e-01f  1
 305  5.1023605e+00 6.31e-04 3.69e+02  -4.8 3.94e-01    -  1.00e+00 5.20e-01f  1
 306  5.1025603e+00 4.17e-04 6.30e+02  -4.8 1.07e-01    -  1.00e+00 4.38e-01h  1
 307  5.1028216e+00 1.24e-04 1.69e+02  -4.8 5.74e-02    -  1.00e+00 8.66e-01f  1
 308  5.1028619e+00 2.47e-06 4.59e+00  -4.8 1.20e-02    -  1.00e+00 1.00e+00f  1
 309  5.1028618e+00 1.98e-09 1.39e-02  -4.8 3.56e-04    -  1.00e+00 1.00e+00h  1
iter    objective    inf_pr   inf_du lg(mu)  ||d||  lg(rg) alpha_du alpha_pr  ls
 310  5.0996861e+00 3.53e-04 3.29e+02  -5.3 9.56e-02    -  9.96e-01 8.16e-01f  1
 311  5.0972799e+00 1.19e-03 2.30e+00  -5.8 1.21e-01    -  1.00e+00 1.00e+00h  1
 312  5.0977475e+00 5.07e-05 1.23e-01  -5.6 4.72e-02    -  1.00e+00 1.00e+00h  1
 313  5.0972658e+00 2.33e-04 1.33e+02  -6.0 5.15e-02    -  1.00e+00 6.21e-01h  1
 314  5.0967448e+00 7.38e-04 1.92e+00  -6.4 1.17e-01    -  1.00e+00 9.92e-01h  1
 315  5.0970760e+00 6.30e-04 4.33e-02  -5.9 1.41e-01    -  1.00e+00 1.00e+00h  1
 316  5.0970508e+00 8.00e-05 1.06e-02  -5.9 6.56e-02    -  1.00e+00 1.00e+00h  1
 317  5.0969831e+00 3.76e-09 3.69e-02  -6.1 1.98e-04   0.6 1.00e+00 1.00e+00h  1
 318  5.0968476e+00 1.85e-08 1.52e+01  -6.5 6.89e-04   0.2 1.00e+00 8.32e-01h  1
 319  5.0967354e+00 1.30e-08 1.25e+00  -7.1 3.79e-04   0.6 1.00e+00 9.81e-01h  1
iter    objective    inf_pr   inf_du lg(mu)  ||d||  lg(rg) alpha_du alpha_pr  ls
 320  5.0966989e+00 6.33e-08 1.45e+01  -7.3 9.34e-04   0.1 1.00e+00 5.42e-01h  1
 321  5.0966718e+00 1.92e-08 2.97e+00  -7.6 3.53e-04   0.5 1.00e+00 9.35e-01h  1
 322  5.0966573e+00 2.91e-08 1.34e+01  -8.1 9.22e-04   0.0 1.00e+00 4.25e-01h  1
 323  5.0966460e+00 3.43e-08 2.03e+01  -8.3 2.67e-03  -0.4 1.00e+00 1.48e-01h  1
 324  5.0966338e+00 2.69e-08 6.91e+00  -8.9 9.80e-04  -0.0 1.00e+00 4.07e-01h  1
 325  5.0966240e+00 9.26e-08 6.14e+01  -8.9 2.80e-03  -0.5 1.00e+00 1.49e-01h  1
 326  5.0966129e+00 1.19e-07 2.12e+01  -8.9 1.05e-03  -0.1 1.00e+00 4.47e-01h  1
 327  5.0966063e+00 7.62e-08 9.36e+00  -9.6 4.12e-04   0.4 1.00e+00 6.54e-01h  1
 328  5.0966031e+00 2.24e-08 1.58e+00  -9.5 1.69e-04   0.8 1.00e+00 8.27e-01h  1
 329  5.0966023e+00 3.37e-08 2.21e+01  -9.5 1.83e-03   0.3 3.53e-01 5.74e-02f  1
iter    objective    inf_pr   inf_du lg(mu)  ||d||  lg(rg) alpha_du alpha_pr  ls
 330  5.0965998e+00 2.30e-08 3.91e+01  -9.0 2.31e-04   0.7 1.67e-01 5.93e-01f  1
 331  5.0965976e+00 2.79e-08 5.17e+01  -9.5 8.73e-04   0.3 3.34e-02 1.49e-01h  1
 332  5.0965949e+00 3.33e-08 5.78e+01  -9.5 4.40e-03  -0.2 2.69e-02 4.55e-02f  1
 333  5.0965792e+00 5.40e-08 9.00e+01  -9.5 9.76e-03  -0.7 1.43e-03 7.37e-02f  1
 334  5.0965757e+00 5.37e-08 1.71e+02  -9.5 1.59e-02  -1.2 1.15e-02 5.95e-03f  1
 335  5.0965390e+00 5.64e-08 4.16e+02  -9.5 2.55e-02  -0.7 3.92e-04 1.39e-02h  1
 336  5.0958986e+00 2.59e-06 5.83e+02  -7.4 1.06e-01  -1.2 4.76e-03 6.44e-02f  1
 337  5.0956213e+00 2.81e-06 5.55e+02  -7.5 3.92e-02  -0.8 1.06e-01 6.27e-02h  1
 338  5.0955490e+00 2.81e-06 5.39e+02  -6.4 2.03e-02  -0.4 4.66e-02 3.37e-02h  1
 339  5.0953266e+00 2.90e-06 5.31e+02  -5.9 5.17e-02  -0.8 5.16e-02 3.79e-02h  1
iter    objective    inf_pr   inf_du lg(mu)  ||d||  lg(rg) alpha_du alpha_pr  ls
 340  5.0936518e+00 3.45e-05 4.43e+02  -5.9 1.57e-01  -1.3 1.10e-01 1.28e-01h  1
 341  5.0901438e+00 1.89e-04 3.85e+02  -5.6 4.43e-01  -1.8 9.68e-02 1.08e-01h  1
 342  5.0891570e+00 2.18e-04 9.36e+02  -5.2 2.37e-01  -1.4 3.22e-01 6.36e-02h  1
 343  5.0805739e+00 1.56e-03 6.82e+02  -5.3 4.95e-01  -1.8 2.34e-01 2.52e-01h  1
 344  5.0686289e+00 2.83e-03 8.82e+02  -5.0 1.41e+00  -2.3 4.04e-01 1.15e-01h  1
 345  5.0662509e+00 2.87e-03 2.26e+03  -3.7 1.36e+01  -2.8 2.37e-02 2.98e-03f  1
 346  5.0657091e+00 2.85e-03 2.71e+03  -4.7 8.51e-01  -3.3 1.02e-01 7.77e-03h  1
 347  5.0623159e+00 2.01e-02 1.93e+03  -4.7 2.85e+00  -3.8 2.35e-02 1.18e-01h  1
 348  5.0579929e+00 2.00e-02 2.73e+03  -3.6 2.01e+01  -3.3 1.27e-02 4.07e-03f  1
 349  5.0568390e+00 1.99e-02 3.14e+03  -4.4 3.47e+00  -3.8 9.42e-02 3.64e-02h  1
iter    objective    inf_pr   inf_du lg(mu)  ||d||  lg(rg) alpha_du alpha_pr  ls
 350  5.0573237e+00 1.32e-02 2.26e+03  -4.5 9.02e-02  -1.6 5.73e-01 3.40e-01h  1
 351  5.0584851e+00 7.61e-03 3.22e+03  -4.4 2.57e-01  -2.0 1.00e+00 4.40e-01h  1
 352  5.0583117e+00 6.86e-03 3.01e+03  -4.4 2.85e-01    -  3.45e-01 9.99e-02h  1
 353  5.0583873e+00 4.42e-03 2.10e+03  -4.4 1.30e+00    -  5.34e-01 3.69e-01h  1
 354  5.0579597e+00 1.81e-03 1.49e+03  -4.5 6.21e-02  -1.6 1.00e+00 5.93e-01h  1
 355  5.0518600e+00 9.63e-04 4.67e+02  -5.0 2.34e-01    -  6.54e-01 6.63e-01h  1
 356  5.0507666e+00 1.87e-03 1.22e+01  -4.8 2.46e-01    -  1.00e+00 1.00e+00h  1
 357  5.0476245e+00 2.45e-04 1.16e+01  -5.2 1.28e-01    -  1.00e+00 1.00e+00h  1
 358  5.0459699e+00 6.02e-04 2.01e+01  -5.6 9.79e-02    -  1.00e+00 9.75e-01h  1
 359  5.0452249e+00 1.03e-03 1.22e+00  -6.2 9.28e-02    -  1.00e+00 1.00e+00h  1
iter    objective    inf_pr   inf_du lg(mu)  ||d||  lg(rg) alpha_du alpha_pr  ls
 360  5.0450406e+00 5.94e-04 1.93e-01  -6.6 1.59e-01    -  1.00e+00 1.00e+00h  1
 361  5.0449669e+00 3.24e-04 3.05e-02  -7.1 9.80e-02    -  1.00e+00 1.00e+00h  1
 362  5.0449344e+00 2.81e-04 6.60e-03  -8.1 6.71e-02    -  1.00e+00 1.00e+00h  1
 363  5.0449313e+00 8.40e-05 3.24e-01  -8.7 4.35e-02    -  1.00e+00 1.00e+00h  1
 364  5.0449308e+00 3.94e-05 2.17e-01 -11.0 1.83e-02    -  4.13e-01 6.70e-01h  1
 365  5.0449307e+00 3.90e-05 1.75e-01 -11.0 1.09e-02    -  4.23e-01 9.60e-03h  1
 366  5.0449306e+00 9.56e-06 7.19e-01  -9.4 1.12e-02    -  1.32e-01 1.00e+00h  1
 367  5.0449118e+00 6.44e-06 1.80e+00  -7.9 4.30e-03  -2.1 2.56e-03 7.36e-01h  1
 368  5.0449017e+00 7.75e-06 4.18e+00  -7.0 1.33e-01  -1.7 2.80e-01 1.12e-02h  1
 369  5.0438011e+00 1.78e-02 8.17e+00  -6.4 1.01e+00  -2.2 4.74e-03 1.82e-01h  1
iter    objective    inf_pr   inf_du lg(mu)  ||d||  lg(rg) alpha_du alpha_pr  ls
 370  5.0437771e+00 1.69e-02 5.91e+00  -5.9 1.23e-01  -1.7 1.01e-01 5.03e-02h  1
 371  5.0431163e+00 1.82e-02 1.62e+01  -5.4 1.83e+00  -2.2 5.35e-02 8.07e-02h  1
 372  5.0423464e+00 4.15e-03 4.24e+01  -6.2 1.08e-01  -1.8 1.43e-01 7.75e-01h  1
 373  5.0425869e+00 3.82e-03 2.86e+02  -4.9 4.82e-01  -2.3 2.27e-01 1.04e-01h  1
 374  5.0409529e+00 7.66e-03 2.53e+02  -5.6 5.27e-01  -2.7 7.14e-03 2.13e-01h  1
 375  5.0409339e+00 7.61e-03 2.91e+01 -11.0 2.67e-01  -2.3 3.37e-01 6.96e-03h  1
 376  5.0401893e+00 3.49e-02 6.48e+02  -4.5 3.87e+00  -2.8 4.30e-02 1.62e-01f  1
 377  5.0390646e+00 2.29e-02 4.17e+02  -5.4 1.30e-01  -2.4 1.00e+00 3.38e-01h  1
 378  5.0412747e+00 1.99e-02 3.80e+03  -4.2 1.21e+00  -2.8 4.78e-01 1.28e-01h  1
 379  5.0408660e+00 4.14e-03 2.11e+03  -4.6 8.72e-01    -  1.79e-01 5.69e-01h  1
iter    objective    inf_pr   inf_du lg(mu)  ||d||  lg(rg) alpha_du alpha_pr  ls
 380  5.0413217e+00 2.43e-03 6.61e+02  -4.6 1.62e-01  -2.4 9.61e-01 4.13e-01h  1
 381  5.0416681e+00 1.28e-03 2.86e+02  -4.6 9.91e-02  -2.9 1.00e+00 4.78e-01h  1
 382  5.0421747e+00 3.51e-05 1.52e+00  -4.6 6.19e-02  -2.5 1.00e+00 1.00e+00f  1
 383  5.0376655e+00 7.00e-05 7.61e+02  -5.2 7.63e-02  -2.9 8.59e-01 6.50e-01h  1
 384  5.0343814e+00 9.64e-05 7.25e+00  -5.4 4.15e-02  -2.5 1.00e+00 9.96e-01h  1
 385  5.0351775e+00 1.76e-04 1.22e+03  -4.9 4.04e-01  -3.0 1.00e+00 2.68e-01h  1
 386  5.0360729e+00 8.21e-04 1.89e+02  -5.0 1.77e-01    -  6.45e-01 1.00e+00h  1
 387  5.0360267e+00 6.11e-05 3.01e+00  -5.0 6.67e-02    -  1.00e+00 9.16e-01h  1
 388  5.0360313e+00 2.13e-06 1.13e-03  -5.0 1.16e-02    -  1.00e+00 1.00e+00f  1
 389  5.0334246e+00 3.61e-04 7.91e+00  -5.5 9.60e-02    -  9.95e-01 1.00e+00h  1
iter    objective    inf_pr   inf_du lg(mu)  ||d||  lg(rg) alpha_du alpha_pr  ls
 390  5.0323808e+00 1.17e-03 1.78e+00  -6.1 8.08e-02    -  1.00e+00 1.00e+00h  1
 391  5.0320761e+00 7.62e-04 2.22e-01  -6.8 1.68e-01    -  1.00e+00 1.00e+00h  1
 392  5.0320189e+00 4.62e-04 9.30e-03  -7.3 1.45e-01    -  1.00e+00 1.00e+00h  1
 393  5.0320006e+00 2.51e-04 9.61e-04  -8.1 5.81e-02    -  1.00e+00 1.00e+00h  1
 394  5.0319988e+00 6.47e-05 1.13e-05  -8.4 3.93e-02    -  1.00e+00 1.00e+00h  1

Number of Iterations....: 394

                                   (scaled)                 (unscaled)
Objective...............:   5.0319988140681735e+00    5.0319988140681735e+00
Dual infeasibility......:   1.1273209054857259e-05    1.1273209054857259e-05
Constraint violation....:   6.4721565956923910e-05    6.4721565956923910e-05
Complementarity.........:   1.2083453187488867e-08    1.2083453187488867e-08
Overall NLP error.......:   6.4721565956923910e-05    6.4721565956923910e-05


Number of objective function evaluations             = 836
Number of objective gradient evaluations             = 395
Number of equality constraint evaluations            = 836
Number of inequality constraint evaluations          = 836
Number of equality constraint Jacobian evaluations   = 395
Number of inequality constraint Jacobian evaluations = 395
Number of Lagrangian Hessian evaluations             = 394
Total CPU secs in IPOPT (w/o function evaluations)   =      1.855
Total CPU secs in NLP function evaluations           =      0.993

EXIT: Optimal Solution Found.
 
Ipopt 3.13.4: Optimal Solution Found

suffix ipopt_zU_out OUT;
suffix ipopt_zL_out OUT;

"option abs_boundtol 7.18808368382895e-09;"
or "option rel_boundtol 1.02686909768985e-08;"
will change deduced dual values.

sum{i in 1 .. Nfe - 1} dt[i] = 24.6872

tf = 24.6872

