  0.00000000
  0.00000000
  0.00000000
  0.00000000
 -0.00000000
  0.00000000
 -0.00000000
  0.00000000
  0.00000000
  0.00000000
 -0.00000000
  0.00000000
 -0.00000000
  0.00000000
  0.00000000
  0.00000000
  0.00000000
  0.00000000
  0.00000000
  0.00000000
 -0.00000000
  0.00000000
  0.00000000
  0.00000000
  0.00000000
  0.00000000
  0.00000000
  0.00000000
 -0.00000000
  0.00000000
 -0.00000000
  0.00000000
 -0.00000000
  0.00000000
 -0.00000000
  0.00000000
 -0.00000000
  0.00000000
  0.00000000
  0.00000000
  0.00000000
  0.00000000
  0.00000000
  0.00000000
  0.00000000
  0.00000000
  0.00000000
  0.00000000
  0.00000000
  0.00000000
  0.00000000
  0.00000000
  0.00000000
  0.00000000
  0.00000000
  0.00000000
  0.00000000
  0.02349232
  0.05069534
  0.07921312
  0.10900298
  0.14010245
  0.17194888
  0.19995354
  0.22758456
  0.25477311
  0.28145964
  0.30759881
  0.33317870
  0.37755296
  0.36097772
  0.33514312
  0.32866402
  0.34187073
  0.38293452
  0.43080310
  0.43829918
  0.44427244
  0.36285682
  0.37721109
  0.39384826
  0.42091307
  0.44916409
  0.46533161
  0.46776531
  0.47466801
  0.49224505
  0.49451807
  0.53715603
  0.52158232
  0.50607647
  0.49067188
  0.47569293
  0.46200644
  0.44562250
  0.43195980
  0.42755257
  0.42351382
  0.41924746
  0.41454150
  0.40915300
  0.37033970
  0.31383222
  0.35021265
  0.31728395
  0.28671196
  0.18216582
  0.17369647
  0.16526769
  0.16659510
  0.16459715
  0.13898354
  0.13053469
  0.12208928
  0.11364489
  0.10520140
  0.09675871
  0.08831676
  0.07987549
  0.07143490
  0.06920853
  0.06094942
  0.05201614
  0.04237757
  0.03226649
  0.01963530
  0.00781313
  0.00000000
 -0.00000000
  0.00000000
  0.00000000
  0.00000000
  0.00000000
  0.00000000
  0.00000000
  0.00000000
  0.00000000
  0.00000000
  0.00000000
  0.00000000
  0.00000000
  0.00000000
  0.00000000
  0.00000000
 -0.00000000
  0.00000000
 -0.00000000
  0.00000000
  0.00000000
  0.00000000
  0.00000000
  0.00000000
 -0.00000000
  0.00000000
  0.00000000
  0.00000000
  0.00000000
  0.00000000
  0.00000000
  0.00000000
  0.00000000
  0.00000000
 -0.00000000
  0.03507832
  0.08782796
  0.14603603
  0.20853218
  0.27477345
  0.34481108
  0.37264714
  0.46793154
  0.52445200
  0.58021230
  0.63631425
  0.66338371
  0.67903111
  0.69402582
  0.71334031
  0.74322370
  0.60894477
  0.56841038
  0.52782621
  0.48726224
  0.44672335
  0.40622970
  0.36657051
  0.34338718
  0.31656119
  0.28594541
  0.25143586
  0.20147830
  0.14289260
  0.09021493
  0.04273428
