  0.01019016
  0.21543635
  0.21550259
  0.21570574
  0.21589866
  0.21610503
  0.21633795
  0.21660862
  0.21692595
  0.21965294
  0.22147002
  0.22889959
  0.23193251
  0.19656346
  0.17977804
  0.19790894
  0.23038045
  0.19204092
  0.19078033
  0.18935028
  0.18782062
  0.22838062
  0.22947399
  0.23058859
  0.12933585
  0.12930340
  0.12933953
  0.15675254
  0.15708469
  0.15866344
  0.15863723
  0.13567666
  0.13566655
  0.16364490
  0.16389760
  0.16414551
  0.16441234
  0.15940774
  0.14121210
  0.14554118
  0.15211039
  0.16572551
  0.19635262
  0.19650898
  0.19663813
  0.19666798
  0.19663828
  0.19655819
  0.21343397
  0.20948254
  0.20637572
  0.20386915
  0.20178000
  0.17383024
  0.17252933
  0.17125853
  0.17005335
  0.16938285
  0.16944784
  0.16740057
  0.16505511
  0.16239297
  0.16467855
  0.16422292
  0.16366895
  0.16301555
  0.16226722
  0.16143351
  0.16053584
  0.16822208
  0.15624733
  0.14147692
  0.13585620
  0.13871309
  0.15271574
  0.16892746
  0.16915848
  0.16929677
  0.13699796
  0.13699357
  0.13793386
  0.13788617
  0.13787628
  0.13798072
  0.13801950
  0.13808015
  0.13805569
  0.13791970
  0.14563151
  0.14564233
  0.14565331
  0.14564776
  0.14562523
  0.14559553
  0.14558537
  0.14552354
  0.14551341
  0.14552676
  0.14557190
  0.14565338
  0.14577157
  0.13893907
  0.12726919
  0.15294967
  0.15193750
  0.15103469
  0.10599539
  0.10595716
  0.10595103
  0.11254313
  0.11482965
  0.10610427
  0.10609801
  0.10609444
  0.10609100
  0.10608762
  0.10608422
  0.10608070
  0.10607697
  0.10607291
  0.11655326
  0.11710167
  0.11767017
  0.11825710
  0.11983968
  0.11919107
  0.11853144
  0.11791322
  0.18072396
  0.17923427
  0.17774516
  0.17619930
  0.17454588
  0.17273339
  0.17070661
  0.16840600
  0.17118728
  0.17068870
  0.17013616
  0.16957215
  0.16902670
  0.16853071
  0.16813913
  0.17709491
  0.17704098
  0.17707848
  0.15903313
  0.14065036
  0.15379787
  0.17953564
  0.18030999
  0.24174160
  0.24265379
  0.24338758
  0.24396969
  0.24441634
  0.24476360
  0.24995227
  0.24993884
  0.24992205
  0.24990045
  0.24987095
  0.24982589
  0.24974282
  0.24952387
  0.24858621
  0.24555120
  0.24105401
  0.23538846
  0.21409218
  0.23800565
  0.23659126
  0.23529895
  0.23448809
  0.23670790
  0.23732534
  0.23810545
  0.24101059
  0.24993419
  0.23265712
  0.23262987
  0.23261532
  0.23260208
  0.23258845
  0.23257541
  0.23280137
  0.23275284
  0.23271696
  0.23269874
  0.23269143
  0.23308267
  0.23278435
  0.23252478
  0.23232701
