  0.00000000
  0.00000000
 -0.01400842
 -0.10919778
 -0.21515953
 -0.32219257
 -0.42963679
 -0.53729824
 -0.64500450
 -0.69976277
 -0.69987242
 -0.63252726
 -0.51815991
 -0.40222859
 -0.30397301
 -0.21410622
 -0.11516877
  0.00001033
 -0.09599718
 -0.19136795
 -0.28600450
 -0.34414152
 -0.22998315
 -0.11526290
  0.00001980
  0.00013886
  0.00014275
  0.00004651
 -0.07829309
 -0.15675860
 -0.07914227
  0.00009364
  0.00023344
  0.00005215
 -0.08173570
 -0.16363532
 -0.24562741
 -0.32762851
 -0.25124597
 -0.18540037
 -0.15275525
 -0.08267262
 -0.00006284
  0.09808610
  0.19631127
  0.29459574
  0.39288289
  0.49111628
  0.51721418
  0.41057039
  0.30586848
  0.20270893
  0.10079736
 -0.00007258
 -0.08694985
 -0.17318031
 -0.25877704
 -0.34377134
 -0.42842927
 -0.51311499
 -0.59676583
 -0.67920757
 -0.69992975
 -0.69993728
 -0.69994228
 -0.69994541
 -0.69994701
 -0.69994720
 -0.69994590
 -0.69987769
 -0.61586361
 -0.53778405
 -0.46708074
 -0.39918609
 -0.32986438
 -0.25354286
 -0.16911215
 -0.08456365
  0.00005573
  0.00169179
  0.00100553
 -0.06699034
 -0.13329476
 -0.13634539
 -0.07742654
 -0.04126095
 -0.05469668
  0.00471712
  0.00553652
  0.00667115
  0.00828352
  0.01072227
  0.01545721
  0.02650469
  0.02528531
 -0.03804717
 -0.09790162
 -0.16335467
 -0.23109527
 -0.29959624
 -0.36718135
 -0.35764850
 -0.29101909
 -0.22776728
 -0.15136850
 -0.07544150
  0.00004715
  0.00026205
  0.00026291
  0.00012695
 -0.05601645
  0.00025875
  0.00028574
  0.00029680
  0.00031057
  0.00032755
  0.00034846
  0.00037430
  0.00040652
  0.00044736
  0.00012501
 -0.05806557
 -0.11648830
 -0.17510418
 -0.23377667
 -0.17621517
 -0.11725328
 -0.05846594
 -0.00003013
  0.09031692
  0.17991847
  0.26877433
  0.35685539
  0.44410663
  0.53044586
  0.61575854
  0.69986508
  0.69994603
  0.69994736
  0.69994763
  0.69994689
  0.69994511
  0.69994224
  0.67206128
  0.58357476
  0.49508810
  0.40657374
  0.32708001
  0.25677901
  0.17990546
  0.09016167
  0.00003176
 -0.12082845
 -0.24214320
 -0.36382197
 -0.48578578
 -0.60795453
 -0.69951088
 -0.57457297
 -0.44962502
 -0.32468041
 -0.19974443
 -0.07482226
  0.05007755
  0.17493533
  0.29968229
  0.42395764
  0.54670935
  0.66719318
  0.69995020
  0.69996684
  0.69996525
  0.69996165
  0.69995526
  0.60131138
  0.48302197
  0.36439857
  0.24537780
  0.12490127
 -0.00004209
 -0.00047648
 -0.00062581
 -0.00085020
 -0.00120878
 -0.00183306
 -0.00517006
 -0.11765871
 -0.23231472
 -0.34707567
 -0.46105207
 -0.46098248
 -0.34635644
 -0.23098224
 -0.11548296
  0.00000000
