  0.00000000
  0.00000000
  0.00072564
  0.01144456
  0.03446419
  0.07069748
  0.12218151
  0.19207932
  0.28519514
  0.37184838
  0.42530693
  0.42946670
  0.37683310
  0.26013955
  0.18835036
  0.15444126
  0.10366116
  0.00000237
  0.08043990
  0.16968631
  0.26907140
  0.42736215
  0.29768053
  0.15659978
  0.00000436
  0.00003141
  0.00003312
  0.00001290
  0.07370750
  0.14490834
  0.07006824
  0.00001965
  0.00004750
  0.00001238
  0.06456435
  0.12461359
  0.18084980
  0.22589599
  0.14278005
  0.10292572
  0.08428112
  0.04706003
  0.00004011
  0.01716176
  0.03203030
  0.04478938
  0.05558297
  0.06450021
  0.06618308
  0.04292706
  0.02592231
  0.01365488
  0.00520123
  0.00000752
  0.00598911
  0.00612580
  0.00061172
  0.00336937
  0.00901822
  0.01686587
  0.02708715
  0.03992360
  0.05105757
  0.05997164
  0.06893086
  0.07790569
  0.08686820
  0.09579418
  0.10467022
  0.12038824
  0.10141751
  0.08230509
  0.07081184
  0.06423050
  0.06155978
  0.05562592
  0.03913337
  0.02067082
  0.00002984
  0.00094078
  0.00058407
  0.01549818
  0.03225637
  0.03436203
  0.02019394
  0.01115575
  0.01534886
  0.00344241
  0.00440033
  0.00514358
  0.00618973
  0.00775902
  0.01081660
  0.01791377
  0.01647890
  0.00921416
  0.02272201
  0.03639485
  0.04951967
  0.06186319
  0.07317698
  0.06372172
  0.04381131
  0.03968626
  0.02427975
  0.01116030
  0.00001278
  0.00006781
  0.00006474
  0.00003170
  0.00453486
  0.00005355
  0.00005565
  0.00005408
  0.00005270
  0.00005147
  0.00005039
  0.00004943
  0.00004859
  0.00004786
  0.00001301
  0.00165197
  0.00274761
  0.00327692
  0.00325213
  0.00151035
  0.00040603
  0.00027104
  0.00000090
  0.00188830
  0.00577939
  0.01168088
  0.01965623
  0.02982291
  0.04235500
  0.05749021
  0.07800801
  0.08636553
  0.09460543
  0.10275522
  0.11083248
  0.11886286
  0.12689769
  0.13451470
  0.11881035
  0.10306900
  0.07803368
  0.05701237
  0.04629034
  0.03568217
  0.01679502
  0.00000740
  0.08938381
  0.16381360
  0.22472686
  0.27310100
  0.30945197
  0.32015189
  0.19803936
  0.11215110
  0.05385934
  0.01796642
  0.00139446
  0.00254085
  0.02117713
  0.05815670
  0.11448881
  0.19153738
  0.29168959
  0.33077282
  0.41535994
  0.46552933
  0.51502224
  0.56481563
  0.50671558
  0.42106364
  0.33116038
  0.23601394
  0.13025651
  0.00001581
  0.00016437
  0.00019713
  0.00024303
  0.00031128
  0.00042161
  0.00105245
  0.02096245
  0.03602032
  0.04630367
  0.05196345
  0.04081819
  0.02175543
  0.00924174
  0.00222865
