  0.00000000
  0.00000000
  0.03481891
  0.06971409
  0.10470278
  0.13979375
  0.17500638
  0.21036887
  0.24591595
  0.28474131
  0.32357908
  0.37245178
  0.41720015
  0.38776687
  0.38115353
  0.44627405
  0.55368623
  0.49471971
  0.51894540
  0.54214314
  0.56443003
  0.71848089
  0.76121314
  0.80457664
  0.47363152
  0.48602740
  0.49865050
  0.59546225
  0.57831294
  0.56545965
  0.54650584
  0.45127478
  0.43744513
  0.51101753
  0.49169886
  0.47227225
  0.45280534
  0.41937095
  0.35462317
  0.35008430
  0.34928606
  0.36164750
  0.40408093
  0.37546775
  0.34673716
  0.31778870
  0.28873933
  0.25963630
  0.25046627
  0.21229866
  0.17672824
  0.14302865
  0.11071249
  0.06907252
  0.04606426
  0.02356636
  0.00156015
 -0.02004766
 -0.04158014
 -0.06235028
 -0.08219775
 -0.10097301
 -0.12244968
 -0.14239197
 -0.16206826
 -0.18142953
 -0.20043341
 -0.21904765
 -0.23726381
 -0.26887433
 -0.26944927
 -0.26055169
 -0.26461142
 -0.28430512
 -0.32888648
 -0.38314816
 -0.40509864
 -0.42690277
 -0.36284714
 -0.37690597
 -0.39365883
 -0.40778022
 -0.42200123
 -0.43657948
 -0.45097299
 -0.46544873
 -0.47963863
 -0.49340161
 -0.53572889
 -0.51991413
 -0.50406899
 -0.48815545
 -0.47218485
 -0.45619657
 -0.44027799
 -0.42420817
 -0.40830291
 -0.39246369
 -0.37670181
 -0.36101483
 -0.34538790
 -0.31401116
 -0.27438422
 -0.31514943
 -0.29563820
 -0.27667400
 -0.18216167
 -0.17367448
 -0.16524669
 -0.16658482
 -0.16028311
 -0.13896617
 -0.13051664
 -0.12207174
 -0.11362780
 -0.10518471
 -0.09674237
 -0.08830073
 -0.07985973
 -0.07141938
 -0.06920431
 -0.05929510
 -0.04925014
 -0.03906100
 -0.02895739
 -0.01808958
 -0.00739520
  0.00312407
  0.02076745
  0.04488817
  0.06840670
  0.09129865
  0.11350600
  0.13493768
  0.15546725
  0.17493074
  0.19943960
  0.22077070
  0.24183319
  0.26266577
  0.28331352
  0.30384214
  0.32438298
  0.36398663
  0.38738007
  0.41095899
  0.39017365
  0.36177865
  0.37953489
  0.42237901
  0.39993981
  0.50352142
  0.46143787
  0.41854723
  0.37502016
  0.33098906
  0.28659512
  0.24678975
  0.19992454
  0.15306450
  0.10621167
  0.05936899
  0.01254208
 -0.03425426
 -0.08095970
 -0.12717440
 -0.17140067
 -0.21265322
 -0.25020905
 -0.26536947
 -0.33322021
 -0.37346951
 -0.41317806
 -0.45313081
 -0.49904353
 -0.54246993
 -0.58662245
 -0.63679525
 -0.70097834
 -0.60893246
 -0.56828032
 -0.52766758
 -0.48706330
 -0.44646405
 -0.40587219
 -0.36566197
 -0.32494983
 -0.28427824
 -0.24364367
 -0.20302795
 -0.16269406
 -0.12179421
 -0.08106404
 -0.04048037
