  0.00000000
 -0.00000000
  0.03505287
  0.07338264
  0.11568610
  0.16219371
  0.21349502
  0.27052712
  0.33472265
  0.39980636
  0.45436774
  0.50349387
  0.53137037
  0.46694988
  0.43854505
  0.49285190
  0.58443061
  0.49472216
  0.54293141
  0.59255951
  0.64410043
  0.84208376
  0.84675847
  0.84928898
  0.47363603
  0.48605986
  0.49868473
  0.59547558
  0.60009068
  0.60835930
  0.56731013
  0.45129509
  0.43749422
  0.51103032
  0.51103282
  0.50970152
  0.50729180
  0.48778790
  0.39831309
  0.38160178
  0.37509759
  0.37603151
  0.40409310
  0.39320218
  0.37983629
  0.36407267
  0.34617706
  0.32628883
  0.31885782
  0.25665816
  0.20351556
  0.15713919
  0.11608728
  0.06907493
  0.04799168
  0.02554523
  0.00175849
  0.00000000
  0.00000000
  0.00000000
  0.00000000
  0.00000000
  0.00000000
  0.00000000
  0.00000000
  0.00000000
  0.00000000
  0.00000000
  0.00000000
  0.00000000
  0.00000000
  0.00000000
  0.00000000
  0.00000000
  0.00000000
  0.00000000
  0.00000000
  0.00000000
  0.00000000
  0.00000000
  0.00000000
  0.00000000
  0.00000000
  0.00000000
  0.00000000
  0.00000000
  0.00000000
  0.00000000
  0.00000000
  0.00000000
  0.00000000
  0.00000000
  0.00000000
  0.00000000
  0.00000000
  0.00000000
  0.00000000
  0.00000000
  0.00000000
  0.00000000
  0.00000000
  0.00000000
  0.00000000
  0.00000000
  0.00000000
  0.00000000
  0.00000000
  0.00000000
  0.00000000
  0.00000000
  0.00000000
  0.00000000
  0.00000000
  0.00000000
  0.00000000
  0.00000000
  0.00000000
  0.00000000
  0.00000000
  0.00000000
  0.00000000
  0.00000000
  0.00000000
  0.00000000
  0.00000000
  0.00000000
  0.00000000
  0.00321193
  0.02076775
  0.04683948
  0.07437895
  0.10336931
  0.13381815
  0.16575575
  0.19923560
  0.23433935
  0.28005067
  0.31001818
  0.33959553
  0.36884985
  0.39784439
  0.42667136
  0.45551515
  0.50298997
  0.51015502
  0.51746732
  0.47081125
  0.42069348
  0.42736990
  0.45925187
  0.41729527
  0.50352907
  0.48833104
  0.46816781
  0.44356257
  0.41487245
  0.38232362
  0.34646749
  0.26205530
  0.18852108
  0.12337169
  0.06513808
  0.01299338
  0.00000000
 -0.00000000
  0.00000000
  0.00000000
  0.00000000
  0.00000000
  0.00000000
  0.00000000
  0.00000000
  0.00000000
  0.00000000
  0.00000000
  0.00000000
  0.00000000
  0.00000000
  0.00000000
  0.00000000
  0.00000000
  0.00000000
  0.00000000
  0.00000000
  0.00000000
  0.00000000
  0.00000000
  0.00000000
  0.00000000
  0.00000000
  0.00000000
  0.00000000
 -0.00000000
  0.00000000
