  0.00000000
  0.74976344
  0.74975393
  0.74974376
  0.74973276
  0.74972077
  0.74970766
  0.74969324
  0.74967731
  0.74965965
  0.74964026
  0.74961776
  0.74959265
  0.74956413
  0.74953129
  0.74949304
  0.74944796
  0.74939454
  0.74932855
  0.74924710
  0.74914393
  0.74900629
  0.74881691
  0.74853449
  0.74810174
  0.74744039
  0.74633126
  0.74420904
  0.73908078
  0.71810261
  0.03518613
 -0.00134513
  0.00157321
  0.00094834
 -0.00196954
 -0.00130548
 -0.00185869
 -0.00216451
  0.00094394
  0.00126483
  0.00118750
  0.00429502
 -0.00043773
  0.00080576
  0.00159669
  0.00161951
  0.00150841
  0.00121846
  0.00013135
 -0.00000909
 -0.00002465
 -0.00015540
 -0.00126685
 -0.00145503
 -0.00147404
 -0.00132380
 -0.00049719
  0.00012800
  0.00179752
  0.00095438
 -0.00128551
 -0.00852796
 -0.00944374
  0.00230276
  0.01229732
  0.00080886
  0.00182069
  0.00195355
  0.00185009
  0.00165332
  0.00139812
  0.00061996
 -0.00002201
 -0.00051338
 -0.00129073
 -0.00144915
 -0.00147198
 -0.00167979
 -0.08746691
 -0.72036259
 -0.73596383
 -0.74078510
 -0.74312145
 -0.74325614
 -0.74419422
 -0.74569828
 -0.74708588
 -0.74771047
 -0.74820210
 -0.74849499
 -0.74867688
 -0.74882922
 -0.74896054
 -0.74893641
 -0.74916122
 -0.74928545
 -0.74940227
 -0.74946400
 -0.74950673
 -0.74953942
 -0.74956684
 -0.74959104
 -0.74961296
 -0.74963308
 -0.74966345
 -0.74966297
 -0.74965829
 -0.74964940
 -0.74963580
 -0.74961663
 -0.74959109
 -0.74955421
 -0.74950318
 -0.74942953
 -0.74931634
 -0.74912367
 -0.74872972
 -0.74750383
 -0.68916235
  0.74830944
  0.74916657
  0.74940808
  0.74950851
  0.74956034
  0.74958976
  0.74960579
  0.00000000
