task_id 2

[x]
1 2.897310510000
2 2.897310510000
3 2.897310510000
4 2.897344390000
5 2.897566610000
6 2.898561700000
7 2.901158750000
8 2.906222660000
9 2.914631320000
10 2.927378390000
11 2.945711910000
12 2.971055580000
13 3.002770630000
14 3.032702250000
15 3.057273610000
16 3.076447490000
17 3.090170360000
18 3.097687740000
19 3.097472530000
20 3.089956470000
21 3.098833110000
22 3.132966730000
23 3.190404150000
24 3.241807320000
25 3.286685950000
26 3.326366180000
27 3.362220840000
28 3.394828390000
29 3.435279330000
30 3.490993530000
31 3.592936690000
32 3.765281230000
33 4.024710240000
34 4.379739140000
35 4.861172620000
36 5.442916760000
37 6.081158300000
38 6.754596640000
39 7.445073910000
40 8.128996250000
41 8.813484610000
42 9.472551810000
43 10.056183400000
44 10.601036560000
45 11.055172020000
46 11.417156780000
47 11.690464060000
48 11.886949920000
49 12.025591390000
50 12.131683180000
51 12.232087200000
52 12.334618180000
53 12.434618120000
54 12.537449590000
55 12.642690580000
56 12.779681380000
57 12.973614760000
58 13.243121620000
59 13.616249640000
60 14.097309520000
61 14.638841150000
62 15.234230760000
63 15.860694800000
64 16.440396530000
65 16.991476970000
66 17.590205320000
67 18.303435460000
68 19.049426350000
69 19.810038620000
70 20.567809540000
71 21.314454240000
72 22.050754690000
73 22.785434420000
74 23.521131010000
75 24.252585090000
76 24.968750160000
77 25.646185570000
78 26.266706150000
79 26.812526600000
80 27.265362490000
81 27.628642150000
82 27.890766970000
83 28.031554510000
84 28.036386040000
85 27.914952040000
86 27.702152500000
87 27.377129370000
88 26.898137970000
89 26.318412890000
90 25.660813370000
91 24.987594740000
92 24.350199230000
93 23.773136790000
94 23.280830150000
95 22.935388410000
96 22.666473550000
97 22.543008350000
98 22.591272740000
99 22.784284160000
100 23.073048250000
101 23.413167210000
102 23.770672710000
103 24.121489550000
104 24.449458510000
105 24.744439680000
106 25.009290140000
107 25.224076000000
108 25.394209420000
109 25.524062580000
110 25.616720460000
111 25.674272240000
112 25.698155330000
113 25.689218870000
114 25.648521970000
115 25.577182240000
116 25.476618000000
117 25.348801850000
118 25.196604980000
119 25.023061700000
120 24.829796700000
121 24.574466290000
122 24.378577240000
123 24.235247590000
124 24.133813180000
125 24.064437800000
126 24.020932160000
127 24.000000000000

[y]
1 27.707823960000
2 27.707823960000
3 27.707823960000
4 27.665280350000
5 27.580227770000
6 27.452671150000
7 27.282616680000
8 27.070083010000
9 26.815107470000
10 26.517750820000
11 26.178086690000
12 25.795870690000
13 25.371806340000
14 24.905079110000
15 24.395423520000
16 23.842946780000
17 23.247778930000
18 22.610035530000
19 21.929254650000
20 21.206642840000
21 20.441896160000
22 19.635146340000
23 18.788878700000
24 17.903183140000
25 16.991269750000
26 16.071741850000
27 15.149594460000
28 14.232028780000
29 13.324476080000
30 12.455700870000
31 11.627291680000
32 10.844447100000
33 10.118535600000
34 9.467355520000
35 8.875066850000
36 8.358447670000
37 7.941337140000
38 7.640390160000
39 7.476282160000
40 7.462245140000
41 7.612204310000
42 7.919905360000
43 8.348534210000
44 8.906024030000
45 9.530981170000
46 10.235316430000
47 11.010403930000
48 11.841213690000
49 12.717743780000
50 13.632796030000
51 14.552717700000
52 15.472106750000
53 16.390962500000
54 17.306033870000
55 18.186134190000
56 19.026583930000
57 19.821939500000
58 20.562250930000
59 21.263703470000
60 21.934328690000
61 22.544547370000
62 23.130629070000
63 23.641792160000
64 24.010905050000
65 24.281290730000
66 24.489576590000
67 24.624722500000
68 24.617355480000
69 24.472083260000
70 24.203304010000
71 23.829151830000
72 23.369746330000
73 22.846897150000
74 22.293806800000
75 21.736167350000
76 21.181780000000
77 20.633034690000
78 20.069212950000
79 19.475161230000
80 18.843460820000
81 18.132576960000
82 17.407696980000
83 16.680890050000
84 15.972073210000
85 15.389021520000
86 14.838320800000
87 14.252715120000
88 13.605272510000
89 12.993868430000
90 12.408543690000
91 11.858067040000
92 11.328704590000
93 10.792445230000
94 10.232965140000
95 9.704572070000
96 9.093008750000
97 8.462297550000
98 7.837192360000
99 7.293291840000
100 6.856343880000
101 6.528959970000
102 6.301031050000
103 6.157201940000
104 6.080594300000
105 6.054660580000
106 6.064452330000
107 6.096581210000
108 6.134641980000
109 6.169774530000
110 6.197353690000
111 6.215247860000
112 6.222782790000
113 6.219959790000
114 6.207087440000
115 6.184210910000
116 6.150724390000
117 6.105025060000
118 6.044234360000
119 5.963467690000
120 5.853982560000
121 5.675941480000
122 5.497097720000
123 5.333415160000
124 5.199026070000
125 5.098529630000
126 5.032442880000
127 5.000000000000

[theta]
1 -1.570000000000
2 -1.570000000000
3 -1.570000000000
4 -1.568183650000
5 -1.562995300000
6 -1.555525600000
7 -1.546974490000
8 -1.537829990000
9 -1.527954660000
10 -1.516873310000
11 -1.504586120000
12 -1.496147060000
13 -1.506753270000
14 -1.522622010000
15 -1.536105010000
16 -1.547743300000
17 -1.559009420000
18 -1.571112460000
19 -1.581197220000
20 -1.559189530000
21 -1.528511550000
22 -1.503028800000
23 -1.512824300000
24 -1.521622280000
25 -1.527670240000
26 -1.531934200000
27 -1.535274240000
28 -1.526254420000
29 -1.506754820000
30 -1.448353690000
31 -1.354102310000
32 -1.227559910000
33 -1.071640670000
34 -0.888276410000
35 -0.726175220000
36 -0.578855630000
37 -0.420259740000
38 -0.233346590000
39 -0.020524280000
40 0.215680480000
41 0.436801830000
42 0.633449800000
43 0.796863100000
44 0.942397040000
45 1.096061020000
46 1.231794300000
47 1.338564140000
48 1.413924990000
49 1.455371000000
50 1.462082560000
51 1.459734440000
52 1.462392030000
53 1.458890410000
54 1.451782970000
55 1.409220170000
56 1.331630880000
57 1.221664200000
58 1.081927550000
59 0.948534040000
60 0.844963110000
61 0.777527390000
62 0.684381840000
63 0.567017880000
64 0.456148750000
65 0.334789460000
66 0.187263820000
67 -0.009875190000
68 -0.188720940000
69 -0.340853290000
70 -0.464536340000
71 -0.557834900000
72 -0.618514930000
73 -0.644646570000
74 -0.651371710000
75 -0.658750820000
76 -0.680828760000
77 -0.737560730000
78 -0.827685570000
79 -0.948849230000
80 -1.098365340000
81 -1.223815040000
82 -1.379459000000
83 -1.563979630000
84 -1.776135340000
85 -1.939540690000
86 -2.077491560000
87 -2.207751480000
88 -2.329605530000
89 -2.414278120000
90 -2.456163530000
91 -2.448523660000
92 -2.392828370000
93 -2.292415730000
94 -2.149810740000
95 -1.985066400000
96 -1.764107350000
97 -1.493739190000
98 -1.229793760000
99 -0.986820270000
100 -0.766321830000
101 -0.567575710000
102 -0.389083080000
103 -0.229467710000
104 -0.087691030000
105 0.036954030000
106 0.148484670000
107 0.220087520000
108 0.264229920000
109 0.289294950000
110 0.301447590000
111 0.305608960000
112 0.305975470000
113 0.306341250000
114 0.310310680000
115 0.321438170000
116 0.343375630000
117 0.380007480000
118 0.435584740000
119 0.515424840000
120 0.608909420000
121 0.739942980000
122 0.851594790000
123 0.924242060000
124 0.966591950000
125 0.988600740000
126 0.997802500000
127 1.000000000000

[v]
1 0.000000000000
2 0.000000000000
3 0.178645890000
4 0.357196150000
5 0.535719600000
6 0.714239000000
7 0.892762320000
8 1.071290720000
9 1.249820660000
10 1.428347390000
11 1.606877680000
12 1.785580680000
13 1.964107540000
14 2.142597870000
15 2.321102430000
16 2.499615940000
17 2.678120550000
18 2.856599810000
19 3.035194580000
20 3.213602670000
21 3.391914430000
22 3.570254060000
23 3.748201730000
24 3.925444100000
25 4.099545320000
26 4.267500610000
27 4.429134030000
28 4.583845990000
29 4.731337620000
30 4.867327310000
31 4.990468450000
32 4.996118550000
33 4.995911000000
34 4.996144560000
35 4.996289440000
36 4.995982740000
37 4.995783510000
38 4.995509080000
39 4.995201570000
40 4.995330840000
41 4.995508270000
42 4.995681190000
43 4.996303760000
44 4.996235470000
45 4.996360060000
46 4.996613130000
47 4.996879510000
48 4.997137230000
49 4.997353610000
50 4.997377830000
51 4.997376140000
52 4.997371580000
53 4.997342840000
54 4.997109400000
55 4.996851310000
56 4.996600120000
57 4.996383220000
58 4.996304820000
59 4.996325180000
60 4.996622110000
61 4.996777980000
62 4.996563210000
63 4.995183380000
64 4.993884160000
65 4.994167370000
66 4.995728430000
67 4.995845970000
68 4.996117850000
69 4.996420640000
70 4.996718360000
71 4.996994690000
72 4.997237510000
73 4.997349380000
74 4.997345330000
75 4.997250840000
76 4.997016920000
77 4.996764090000
78 4.996517110000
79 4.996245890000
80 4.982639010000
81 4.867221210000
82 4.750667280000
83 4.635227600000
84 4.521587270000
85 4.423688980000
86 4.324368950000
87 4.208875680000
88 4.065921420000
89 3.910978630000
90 3.742557780000
91 3.568636520000
92 3.394811690000
93 3.221045830000
94 3.047761720000
95 2.892632310000
96 2.719607800000
97 2.542540960000
98 2.357745710000
99 2.174291010000
100 1.993749410000
101 1.816272820000
102 1.641297030000
103 1.468134020000
104 1.296169090000
105 1.124910130000
106 0.948287700000
107 0.776600900000
108 0.608310480000
109 0.442532870000
110 0.278768360000
111 0.116701950000
112 -0.044155570000
113 -0.203243920000
114 -0.360650330000
115 -0.516329370000
116 -0.670150330000
117 -0.821886710000
118 -0.971187200000
119 -1.118517260000
120 -1.255375560000
121 -1.069829360000
122 -0.884083380000
123 -0.699659130000
124 -0.519290190000
125 -0.343023040000
126 -0.170123280000
127 0.000000000000

[a]
1 0.000000000000
2 0.749763440000
3 0.749753930000
4 0.749743760000
5 0.749732760000
6 0.749720770000
7 0.749707660000
8 0.749693240000
9 0.749677310000
10 0.749659650000
11 0.749640260000
12 0.749617760000
13 0.749592650000
14 0.749564130000
15 0.749531290000
16 0.749493040000
17 0.749447960000
18 0.749394540000
19 0.749328550000
20 0.749247100000
21 0.749143930000
22 0.749006290000
23 0.748816910000
24 0.748534490000
25 0.748101740000
26 0.747440390000
27 0.746331260000
28 0.744209040000
29 0.739080780000
30 0.718102610000
31 0.035186130000
32 -0.001345130000
33 0.001573210000
34 0.000948340000
35 -0.001969540000
36 -0.001305480000
37 -0.001858690000
38 -0.002164510000
39 0.000943940000
40 0.001264830000
41 0.001187500000
42 0.004295020000
43 -0.000437730000
44 0.000805760000
45 0.001596690000
46 0.001619510000
47 0.001508410000
48 0.001218460000
49 0.000131350000
50 -0.000009090000
51 -0.000024650000
52 -0.000155400000
53 -0.001266850000
54 -0.001455030000
55 -0.001474040000
56 -0.001323800000
57 -0.000497190000
58 0.000128000000
59 0.001797520000
60 0.000954380000
61 -0.001285510000
62 -0.008527960000
63 -0.009443740000
64 0.002302760000
65 0.012297320000
66 0.000808860000
67 0.001820690000
68 0.001953550000
69 0.001850090000
70 0.001653320000
71 0.001398120000
72 0.000619960000
73 -0.000022010000
74 -0.000513380000
75 -0.001290730000
76 -0.001449150000
77 -0.001471980000
78 -0.001679790000
79 -0.087466910000
80 -0.720362590000
81 -0.735963830000
82 -0.740785100000
83 -0.743121450000
84 -0.743256140000
85 -0.744194220000
86 -0.745698280000
87 -0.747085880000
88 -0.747710470000
89 -0.748202100000
90 -0.748494990000
91 -0.748676880000
92 -0.748829220000
93 -0.748960540000
94 -0.748936410000
95 -0.749161220000
96 -0.749285450000
97 -0.749402270000
98 -0.749464000000
99 -0.749506730000
100 -0.749539420000
101 -0.749566840000
102 -0.749591040000
103 -0.749612960000
104 -0.749633080000
105 -0.749663450000
106 -0.749662970000
107 -0.749658290000
108 -0.749649400000
109 -0.749635800000
110 -0.749616630000
111 -0.749591090000
112 -0.749554210000
113 -0.749503180000
114 -0.749429530000
115 -0.749316340000
116 -0.749123670000
117 -0.748729720000
118 -0.747503830000
119 -0.689162350000
120 0.748309440000
121 0.749166570000
122 0.749408080000
123 0.749508510000
124 0.749560340000
125 0.749589760000
126 0.749605790000
127 0.000000000000

[phy]
1 0.000000000000
2 0.000000000000
3 0.085180830000
4 0.121402900000
5 0.116584710000
6 0.100220090000
7 0.085816160000
8 0.077264440000
9 0.074326510000
10 0.072118420000
11 0.044033370000
12 -0.049841150000
13 -0.067756590000
14 -0.052799510000
15 -0.042080930000
16 -0.037830370000
17 -0.037934850000
18 -0.029618370000
19 0.060833030000
20 0.080053260000
21 0.063033730000
22 -0.023092610000
23 -0.019830680000
24 -0.013247490000
25 -0.009265320000
26 -0.007238450000
27 0.019645390000
28 0.042902270000
29 0.133372070000
30 0.222117640000
31 0.305823200000
32 0.384401340000
33 0.459207210000
34 0.401663300000
35 0.362013310000
36 0.394237000000
37 0.469073630000
38 0.540233960000
39 0.604387120000
40 0.562996150000
41 0.495692670000
42 0.423977530000
43 0.357359380000
44 0.378623670000
45 0.330246040000
46 0.254203130000
47 0.174744350000
48 0.093136650000
49 0.014570610000
50 -0.005074850000
51 0.005745520000
52 -0.007576810000
53 -0.015435770000
54 -0.095744800000
55 -0.180254710000
56 -0.262454240000
57 -0.340884810000
58 -0.323954780000
59 -0.245903490000
60 -0.163832520000
61 -0.219372560000
62 -0.282544190000
63 -0.312111820000
64 -0.376550820000
65 -0.435622180000
66 -0.497562530000
67 -0.447082390000
68 -0.374391140000
69 -0.298468500000
70 -0.219820200000
71 -0.138936300000
72 -0.057893740000
73 -0.014612290000
74 -0.016044090000
75 -0.048716090000
76 -0.129421060000
77 -0.211765160000
78 -0.291806640000
79 -0.367278140000
80 -0.304506680000
81 -0.383813460000
82 -0.462439800000
83 -0.539393730000
84 -0.501877090000
85 -0.437166850000
86 -0.370965800000
87 -0.293845560000
88 -0.198347740000
89 -0.094869120000
90 0.017566670000
91 0.133637360000
92 0.249612290000
93 0.365510800000
94 0.481034480000
95 0.584402500000
96 0.699465160000
97 0.699817990000
98 0.699833270000
99 0.699835820000
100 0.699830580000
101 0.699819400000
102 0.699802550000
103 0.699779340000
104 0.699748190000
105 0.699621120000
106 0.582955390000
107 0.468752930000
108 0.356711850000
109 0.246306970000
110 0.137224260000
111 0.029262060000
112 -0.077902050000
113 -0.183889600000
114 -0.288755990000
115 -0.392467040000
116 -0.494928100000
117 -0.595967540000
118 -0.695249670000
119 -0.699678810000
120 -0.699781270000
121 -0.699749740000
122 -0.588797430000
123 -0.466084170000
124 -0.345958460000
125 -0.228534910000
126 -0.113343960000
127 0.000000000000

[w]
1 0.000000000000
2 0.357497460000
3 0.152100270000
4 -0.020235290000
5 -0.068727020000
6 -0.060490180000
7 -0.035911800000
8 -0.012337020000
9 -0.009272100000
10 -0.117930330000
11 -0.393793620000
12 -0.075224750000
13 0.062814190000
14 0.045008630000
15 0.017846940000
16 -0.000438750000
17 0.034921210000
18 0.379539370000
19 0.080725800000
20 -0.071513610000
21 -0.361786970000
22 0.013730180000
23 0.027812700000
24 0.017120990000
25 0.009028110000
26 0.124319240000
27 0.112187910000
28 0.456488620000
29 0.482316480000
30 0.488131300000
31 0.489205020000
32 0.484824510000
33 -0.387609580000
34 -0.259535120000
35 0.206932530000
36 0.490370260000
37 0.481958160000
38 0.451564460000
39 -0.302232180000
40 -0.479800320000
41 -0.492544770000
42 -0.459601980000
43 0.136300020000
44 -0.312875130000
45 -0.479774010000
46 -0.483079240000
47 -0.477649990000
48 -0.442407090000
49 -0.106575460000
50 0.058433560000
51 -0.071967960000
52 -0.042491580000
53 -0.435836530000
54 -0.476443560000
55 -0.482347670000
56 -0.478693630000
57 0.107367230000
58 0.490822980000
59 0.496840370000
60 -0.340209240000
61 -0.378161890000
62 -0.182762130000
63 -0.468375510000
64 -0.480576350000
65 -0.487978710000
66 0.347390620000
67 0.486784240000
68 0.489847050000
69 0.488739960000
70 0.483932450000
71 0.466626460000
72 0.239856830000
73 -0.007773980000
74 -0.177514280000
75 -0.445309440000
76 -0.471981870000
77 -0.477029110000
78 -0.467435010000
79 0.403505840000
80 -0.494980630000
81 -0.496475260000
82 -0.493819160000
83 0.245329490000
84 0.491288510000
85 0.496037350000
86 0.497937550000
87 0.499076240000
88 0.499358790000
89 0.499490950000
90 0.499526800000
91 0.499512920000
92 0.499454790000
93 0.499311140000
94 0.499041850000
95 0.498198190000
96 0.001493040000
97 0.000061960000
98 0.000010430000
99 -0.000021750000
100 -0.000047220000
101 -0.000072180000
102 -0.000100450000
103 -0.000135800000
104 -0.000556230000
105 -0.495180800000
106 -0.498660070000
107 -0.499092730000
108 -0.499252940000
109 -0.499328560000
110 -0.499364800000
111 -0.499381470000
112 -0.499366620000
113 -0.499329700000
114 -0.499258730000
115 -0.499124100000
116 -0.498832480000
117 -0.497891760000
118 -0.022471810000
119 -0.000515960000
120 0.000127170000
121 0.447502350000
122 0.498645420000
123 0.499172640000
124 0.499333180000
125 0.499398940000
126 0.499421880000
127 0.000000000000

[dt]
1 0.004740960000
2 0.238269670000
3 0.238145160000
4 0.238112620000
5 0.238110710000
6 0.238119740000
7 0.238130690000
8 0.238137320000
9 0.238138100000
10 0.238148470000
11 0.238385000000
12 0.238157200000
13 0.238116440000
14 0.238144480000
15 0.238166860000
16 0.238167140000
17 0.238147630000
18 0.238318750000
19 0.238090600000
20 0.237987920000
21 0.238057900000
22 0.237578340000
23 0.236696520000
24 0.232589450000
25 0.224508630000
26 0.216249250000
27 0.207296640000
28 0.198185790000
29 0.183998530000
30 0.171481620000
31 0.160624140000
32 0.154294770000
33 0.148455820000
34 0.152771540000
35 0.155719850000
36 0.152612480000
37 0.147648390000
38 0.142068860000
39 0.136943440000
40 0.140273950000
41 0.145601270000
42 0.144948330000
43 0.156020140000
44 0.154623320000
45 0.158497270000
46 0.164483840000
47 0.170852230000
48 0.177587050000
49 0.184333900000
50 0.185174000000
51 0.185114800000
52 0.184953430000
53 0.184264090000
54 0.177376550000
55 0.170415500000
56 0.163842940000
57 0.157682430000
58 0.159021270000
59 0.165185800000
60 0.163281680000
61 0.167197960000
62 0.161818010000
63 0.137579640000
64 0.122917760000
65 0.126932590000
66 0.145308370000
67 0.149329520000
68 0.154992550000
69 0.160920550000
70 0.167138820000
71 0.173677630000
72 0.180446640000
73 0.184180040000
74 0.184052780000
75 0.181233590000
76 0.174464600000
77 0.167791640000
78 0.161458870000
79 0.155565150000
80 0.160221850000
81 0.158369100000
82 0.155834230000
83 0.152922970000
84 0.131715400000
85 0.133459830000
86 0.154879380000
87 0.191349160000
88 0.207222980000
89 0.225100760000
90 0.232361280000
91 0.232176050000
92 0.232050050000
93 0.231366140000
94 0.207132960000
95 0.230957640000
96 0.236314250000
97 0.246590200000
98 0.244781210000
99 0.240880560000
100 0.236780860000
101 0.233435870000
102 0.231009980000
103 0.229404960000
104 0.228457050000
105 0.235602290000
106 0.229018660000
107 0.224489500000
108 0.221140180000
109 0.218458770000
110 0.216199060000
111 0.214593700000
112 0.212243950000
113 0.210014330000
114 0.207730060000
115 0.205281740000
116 0.202551840000
117 0.199405060000
118 0.197096050000
119 0.198586460000
120 0.247953840000
121 0.247936830000
122 0.246093220000
123 0.240649620000
124 0.235160720000
125 0.230659190000
126 0.226950320000

[s]
1 0.000000000000
2 0.000000000000
3 0.042543630000
4 0.085052860000
5 0.127560500000
6 0.170074310000
7 0.212593980000
8 0.255114160000
9 0.297629750000
10 0.340158540000
11 0.383055320000
12 0.425248650000
13 0.467686020000
14 0.510247560000
15 0.552809350000
16 0.595326030000
17 0.637787710000
18 0.680780910000
19 0.722650900000
20 0.764798190000
21 0.807471590000
22 0.848214580000
23 0.887185950000
24 0.913017040000
25 0.920383660000
26 0.922844160000
27 0.918144880000
28 0.908453730000
29 0.870559660000
30 0.834657550000
31 0.801589970000
32 0.770874960000
33 0.741672070000
34 0.763268680000
35 0.778021440000
36 0.762449310000
37 0.737619380000
38 0.709706260000
39 0.684060090000
40 0.700714780000
41 0.727352330000
42 0.724115650000
43 0.779524010000
44 0.772534510000
45 0.791909420000
46 0.821862100000
47 0.853728020000
48 0.887426830000
49 0.921181700000
50 0.925384460000
51 0.925088290000
52 0.924281010000
53 0.920830820000
54 0.886370030000
55 0.851540910000
56 0.818657680000
57 0.787841860000
58 0.794518750000
59 0.825321960000
60 0.815856830000
61 0.835451080000
62 0.808533930000
63 0.687235440000
64 0.613837020000
65 0.633922580000
66 0.725921170000
67 0.746027260000
68 0.774361050000
69 0.804026780000
70 0.835145590000
71 0.867866210000
72 0.901734710000
73 0.920412000000
74 0.919775320000
75 0.905669690000
76 0.871802560000
77 0.838415220000
78 0.806732020000
79 0.777241760000
80 0.798327520000
81 0.770817440000
82 0.740316570000
83 0.708832760000
84 0.595562740000
85 0.590384950000
86 0.669756030000
87 0.805364990000
88 0.842552530000
89 0.880364380000
90 0.869625020000
91 0.828551530000
92 0.787765910000
93 0.745240700000
94 0.631291660000
95 0.668075500000
96 0.642682090000
97 0.626965670000
98 0.577131860000
99 0.523744430000
100 0.472081700000
101 0.423983220000
102 0.379156000000
103 0.336797220000
104 0.296118970000
105 0.265031400000
106 0.217175580000
107 0.174338750000
108 0.134521890000
109 0.096675190000
110 0.060269460000
111 0.025043510000
112 -0.009371750000
113 -0.042684130000
114 -0.074917910000
115 -0.105992980000
116 -0.135740180000
117 -0.163888360000
118 -0.191417150000
119 -0.222122380000
120 -0.311275190000
121 -0.265250100000
122 -0.217566930000
123 -0.168372700000
124 -0.122116660000
125 -0.079121420000
126 -0.038609530000

[splus]
1 0.011552450000
2 0.011552450000
3 0.043793520000
4 0.085153840000
5 0.127568410000
6 0.170074920000
7 0.212594030000
8 0.255114160000
9 0.297629750000
10 0.340158540000
11 0.383055320000
12 0.425248650000
13 0.467686020000
14 0.510247560000
15 0.552809350000
16 0.595326030000
17 0.637787710000
18 0.680780910000
19 0.722650900000
20 0.764798190000
21 0.807471590000
22 0.848214580000
23 0.887185950000
24 0.913017040000
25 0.920383660000
26 0.922844160000
27 0.918144880000
28 0.908453730000
29 0.870559660000
30 0.834657550000
31 0.801589970000
32 0.770874960000
33 0.741672070000
34 0.763268680000
35 0.778021440000
36 0.762449310000
37 0.737619380000
38 0.709706260000
39 0.684060090000
40 0.700714780000
41 0.727352330000
42 0.724115650000
43 0.779524010000
44 0.772534510000
45 0.791909420000
46 0.821862100000
47 0.853728020000
48 0.887426830000
49 0.921181700000
50 0.925384460000
51 0.925088290000
52 0.924281010000
53 0.920830820000
54 0.886370030000
55 0.851540910000
56 0.818657680000
57 0.787841860000
58 0.794518750000
59 0.825321960000
60 0.815856830000
61 0.835451080000
62 0.808533930000
63 0.687235440000
64 0.613837020000
65 0.633922580000
66 0.725921170000
67 0.746027260000
68 0.774361050000
69 0.804026780000
70 0.835145590000
71 0.867866210000
72 0.901734710000
73 0.920412000000
74 0.919775320000
75 0.905669690000
76 0.871802560000
77 0.838415220000
78 0.806732020000
79 0.777241760000
80 0.798327520000
81 0.770817440000
82 0.740316570000
83 0.708832760000
84 0.595562740000
85 0.590384950000
86 0.669756030000
87 0.805364990000
88 0.842552530000
89 0.880364380000
90 0.869625020000
91 0.828551530000
92 0.787765910000
93 0.745240700000
94 0.631291660000
95 0.668075500000
96 0.642682090000
97 0.626965670000
98 0.577131860000
99 0.523744430000
100 0.472081700000
101 0.423983220000
102 0.379156000000
103 0.336797220000
104 0.296118970000
105 0.265031400000
106 0.217175610000
107 0.174339230000
108 0.134527100000
109 0.096725550000
110 0.060711640000
111 0.028392460000
112 0.007516790000
113 0.001239780000
114 0.000185030000
115 0.000028810000
116 0.000004840000
117 0.000000890000
118 0.000000170000
119 0.000000030000
120 0.000000000000
121 0.000000000000
122 0.000000040000
123 0.000000680000
124 0.000010960000
125 0.000143960000
126 0.001567440000

[sminus]
1 0.011552450000
2 0.011552450000
3 0.001249890000
4 0.000100980000
5 0.000007900000
6 0.000000620000
7 0.000000050000
8 0.000000000000
9 0.000000000000
10 0.000000000000
11 0.000000000000
12 0.000000000000
13 0.000000000000
14 0.000000000000
15 0.000000000000
16 0.000000000000
17 -0.000000000000
18 -0.000000000000
19 -0.000000000000
20 -0.000000000000
21 -0.000000000000
22 -0.000000000000
23 -0.000000000000
24 -0.000000000000
25 -0.000000000000
26 -0.000000000000
27 -0.000000000000
28 0.000000000000
29 0.000000000000
30 0.000000000000
31 0.000000000000
32 0.000000000000
33 0.000000000000
34 -0.000000000000
35 0.000000000000
36 0.000000000000
37 0.000000000000
38 0.000000000000
39 0.000000000000
40 -0.000000000000
41 -0.000000000000
42 0.000000000000
43 -0.000000000000
44 -0.000000000000
45 -0.000000000000
46 -0.000000000000
47 -0.000000000000
48 -0.000000000000
49 0.000000000000
50 0.000000000000
51 -0.000000000000
52 0.000000000000
53 -0.000000000000
54 -0.000000000000
55 -0.000000000000
56 -0.000000000000
57 -0.000000000000
58 0.000000000000
59 0.000000000000
60 -0.000000000000
61 0.000000000000
62 -0.000000000000
63 0.000000000000
64 0.000000000000
65 0.000000000000
66 -0.000000000000
67 0.000000000000
68 0.000000000000
69 0.000000000000
70 0.000000000000
71 0.000000000000
72 0.000000000000
73 0.000000000000
74 -0.000000000000
75 0.000000000000
76 0.000000000000
77 0.000000000000
78 0.000000000000
79 0.000000000000
80 0.000000000000
81 -0.000000000000
82 0.000000000000
83 0.000000000000
84 0.000000000000
85 0.000000000000
86 -0.000000000000
87 -0.000000000000
88 -0.000000000000
89 -0.000000000000
90 0.000000000000
91 0.000000000000
92 0.000000000000
93 0.000000000000
94 0.000000000000
95 0.000000000000
96 -0.000000000000
97 -0.000000000000
98 0.000000000000
99 0.000000000000
100 0.000000000000
101 0.000000000000
102 0.000000000000
103 0.000000000000
104 0.000000000000
105 0.000000000000
106 0.000000040000
107 0.000000480000
108 0.000005210000
109 0.000050360000
110 0.000442170000
111 0.003348950000
112 0.016888540000
113 0.043923910000
114 0.075102940000
115 0.106021790000
116 0.135745010000
117 0.163889260000
118 0.191417320000
119 0.222122410000
120 0.311275190000
121 0.265250100000
122 0.217566960000
123 0.168373390000
124 0.122127610000
125 0.079265380000
126 0.040176980000

[k]
1 0.000000000000
2 0.000000000000
3 0.042693730000
4 0.061001440000
5 0.058557900000
6 0.050278490000
7 0.043013720000
8 0.038709280000
9 0.037231840000
10 0.036121850000
11 0.022030920000
12 -0.024941230000
13 -0.033930230000
14 -0.026424310000
15 -0.021052890000
16 -0.018924210000
17 -0.018976530000
18 -0.014813520000
19 0.030454090000
20 0.040112350000
21 0.031558670000
22 -0.011548360000
23 -0.009916640000
24 -0.006624130000
25 -0.004632790000
26 -0.003619290000
27 0.009823960000
28 0.021464270000
29 0.067084160000
30 0.112921820000
31 0.157863880000
32 0.202262320000
33 0.247230540000
34 0.212377470000
35 0.189351550000
36 0.208007740000
37 0.253399910000
38 0.299873140000
39 0.345297690000
40 0.315563540000
41 0.270359590000
42 0.225674410000
43 0.186694780000
44 0.198908750000
45 0.171399650000
46 0.129911800000
47 0.088272400000
48 0.046703410000
49 0.007285820000
50 -0.002537450000
51 0.002872790000
52 -0.003788480000
53 -0.007718500000
54 -0.048019220000
55 -0.091116340000
56 -0.134325580000
57 -0.177366350000
58 -0.167891970000
59 -0.125491290000
60 -0.082657030000
61 -0.111471240000
62 -0.145152370000
63 -0.161328750000
64 -0.197709120000
65 -0.232721170000
66 -0.271570020000
67 -0.239730850000
68 -0.196461760000
69 -0.153829490000
70 -0.111715310000
71 -0.069918610000
72 -0.028979250000
73 -0.007306660000
74 -0.008022730000
75 -0.024377320000
76 -0.065074240000
77 -0.107494230000
78 -0.150190670000
79 -0.192367550000
80 -0.157140550000
81 -0.201920660000
82 -0.249245570000
83 -0.299302900000
84 -0.274371110000
85 -0.233661980000
86 -0.194487260000
87 -0.151302670000
88 -0.100495130000
89 -0.047577330000
90 0.008784230000
91 0.067219250000
92 0.127464410000
93 0.191353700000
94 0.260963140000
95 0.330739450000
96 0.420687260000
97 0.420988640000
98 0.421001700000
99 0.421003880000
100 0.420999400000
101 0.420989850000
102 0.420975450000
103 0.420955620000
104 0.420929010000
105 0.420820450000
106 0.329700320000
107 0.253199020000
108 0.186326730000
109 0.125705900000
110 0.069046070000
111 0.014635210000
112 -0.039030010000
113 -0.092995390000
114 -0.148529250000
115 -0.206970860000
116 -0.269867510000
117 -0.339116600000
118 -0.417100100000
119 -0.420869740000
120 -0.420957270000
121 -0.420930330000
122 -0.333907680000
123 -0.251524710000
124 -0.180227580000
125 -0.116299240000
126 -0.056915920000

[up]
1 0.011553560000
2 0.011553560000
3 0.045588440000
4 0.090140580000
5 0.134739770000
6 0.178284040000
7 0.221372780000
8 0.264594510000
9 0.308267880000
10 0.351954290000
11 0.391156900000
12 0.435430700000
13 0.482920070000
14 0.523191330000
15 0.563982240000
16 0.606141660000
17 0.649406790000
18 0.690462500000
19 0.743778390000
20 0.794249140000
21 0.831935160000
22 0.857618620000
23 0.895632440000
24 0.918823750000
25 0.924478010000
26 0.926051820000
27 0.926804360000
28 0.927173550000
29 0.926624800000
30 0.925138910000
31 0.923070700000
32 0.920557450000
33 0.917701770000
34 0.918885840000
35 0.919448270000
36 0.914701380000
37 0.917056020000
38 0.914015690000
39 0.910816670000
40 0.912991290000
41 0.916134390000
42 0.880992440000
43 0.919236620000
44 0.920051950000
45 0.922213390000
46 0.924361180000
47 0.926074480000
48 0.927215090000
49 0.927625410000
50 0.927640400000
51 0.927641110000
52 0.927643730000
53 0.927654530000
54 0.927230400000
55 0.926026680000
56 0.924225720000
57 0.921989060000
58 0.922576550000
59 0.924750080000
60 0.880595170000
61 0.924870940000
62 0.921203350000
63 0.793669830000
64 0.730341950000
65 0.775547210000
66 0.915174630000
67 0.917719200000
68 0.920408130000
69 0.922762520000
70 0.924712250000
71 0.926119090000
72 0.926821230000
73 0.926868740000
74 0.926859820000
75 0.926864680000
76 0.926265320000
77 0.924935110000
78 0.923049160000
79 0.920777240000
80 0.918759260000
81 0.920235670000
82 0.917456390000
83 0.912502260000
84 0.752431880000
85 0.722817790000
86 0.794805570000
87 0.922344900000
88 0.923838260000
89 0.920574460000
90 0.876959770000
91 0.882019070000
92 0.884162070000
93 0.882141510000
94 0.789446240000
95 0.880196200000
96 0.902235540000
97 0.880353290000
98 0.810386410000
99 0.735422930000
100 0.662877980000
101 0.595336150000
102 0.532386760000
103 0.472902840000
104 0.415778230000
105 0.372100810000
106 0.285914370000
107 0.216716050000
108 0.158590460000
109 0.108398160000
110 0.064735860000
111 0.028791380000
112 0.007798440000
113 0.001350460000
114 0.000211420000
115 0.000034530000
116 0.000006090000
117 0.000001180000
118 0.000000240000
119 0.000000040000
120 0.000000000000
121 0.000000000000
122 0.000000050000
123 0.000000850000
124 0.000012850000
125 0.000160040000
126 0.001653090000

[down]
1 0.011553560000
2 0.011553560000
3 0.001301120000
4 0.000106890000
5 0.000008350000
6 0.000000650000
7 0.000000050000
8 0.000000000000
9 0.000000000000
10 0.000000000000
11 0.000000000000
12 0.000000000000
13 0.000000000000
14 0.000000000000
15 0.000000000000
16 0.000000000000
17 -0.000000000000
18 -0.000000000000
19 -0.000000000000
20 -0.000000000000
21 -0.000000000000
22 -0.000000000000
23 -0.000000000000
24 -0.000000000000
25 -0.000000000000
26 -0.000000000000
27 -0.000000000000
28 0.000000000000
29 0.000000000000
30 0.000000000000
31 0.000000000000
32 0.000000000000
33 0.000000000000
34 -0.000000000000
35 0.000000000000
36 0.000000000000
37 0.000000000000
38 0.000000000000
39 0.000000000000
40 -0.000000000000
41 -0.000000000000
42 0.000000000000
43 -0.000000000000
44 -0.000000000000
45 -0.000000000000
46 -0.000000000000
47 -0.000000000000
48 -0.000000000000
49 0.000000000000
50 0.000000000000
51 -0.000000000000
52 0.000000000000
53 -0.000000000000
54 -0.000000000000
55 -0.000000000000
56 -0.000000000000
57 -0.000000000000
58 0.000000000000
59 0.000000000000
60 -0.000000000000
61 0.000000000000
62 -0.000000000000
63 0.000000000000
64 0.000000000000
65 0.000000000000
66 -0.000000000000
67 0.000000000000
68 0.000000000000
69 0.000000000000
70 0.000000000000
71 0.000000000000
72 0.000000000000
73 0.000000000000
74 -0.000000000000
75 0.000000000000
76 0.000000000000
77 0.000000000000
78 0.000000000000
79 0.000000000000
80 0.000000000000
81 -0.000000000000
82 0.000000000000
83 0.000000000000
84 0.000000000000
85 0.000000000000
86 -0.000000000000
87 -0.000000000000
88 -0.000000000000
89 -0.000000000000
90 0.000000000000
91 0.000000000000
92 0.000000000000
93 0.000000000000
94 0.000000000000
95 0.000000000000
96 -0.000000000000
97 -0.000000000000
98 0.000000000000
99 0.000000000000
100 0.000000000000
101 0.000000000000
102 0.000000000000
103 0.000000000000
104 0.000000000000
105 0.000000000000
106 0.000000050000
107 0.000000590000
108 0.000006140000
109 0.000056430000
110 0.000471480000
111 0.003396010000
112 0.017521330000
113 0.047845240000
114 0.085811720000
115 0.127087480000
116 0.170912850000
117 0.217243720000
118 0.268063890000
119 0.311867630000
120 0.437067400000
121 0.372435850000
122 0.287308350000
123 0.209029450000
124 0.143257950000
125 0.088115150000
126 0.042372220000

[left]
1 0.023104910000
2 0.023104910000
3 0.025368050000
4 0.031434290000
5 0.036757550000
6 0.039630360000
7 0.041356770000
8 0.043518500000
9 0.047102580000
10 0.050828090000
11 0.040136190000
12 0.022588030000
13 0.026620190000
14 0.024651450000
15 0.023249610000
16 0.022974250000
17 0.023563090000
18 0.022163250000
19 0.084707880000
20 0.114096950000
21 0.097293170000
22 0.021923830000
23 0.021337840000
24 0.020301250000
25 0.020249820000
26 0.020478180000
27 0.043905400000
28 0.078230750000
29 0.209840760000
30 0.329870470000
31 0.436835640000
32 0.533170610000
33 0.622308800000
34 0.553235410000
35 0.504927360000
36 0.541457100000
37 0.633750900000
38 0.717027280000
39 0.791507760000
40 0.743543490000
41 0.665146980000
42 0.554420420000
43 0.499056810000
44 0.525753230000
45 0.467067290000
46 0.371466320000
47 0.266789490000
48 0.152623180000
49 0.037176200000
50 0.020948270000
51 0.027401790000
52 0.020423440000
53 0.020578150000
54 0.051093560000
55 0.083632910000
56 0.113711500000
57 0.141367790000
58 0.135475030000
59 0.107769850000
60 0.074200240000
61 0.098084760000
62 0.120583570000
63 0.114549880000
64 0.124295230000
65 0.148603780000
66 0.194694590000
67 0.177700160000
68 0.152883410000
69 0.126454000000
70 0.098226820000
71 0.067924200000
72 0.035847200000
73 0.020458320000
74 0.020676150000
75 0.032115560000
76 0.064256460000
77 0.095278440000
78 0.124113490000
79 0.150452920000
80 0.128095220000
81 0.156145700000
82 0.182972120000
83 0.208645110000
84 0.163356020000
85 0.139708810000
86 0.132563920000
87 0.124754860000
88 0.090213290000
89 0.050464310000
90 0.039626540000
91 0.199483950000
92 0.348324800000
93 0.486800750000
94 0.551196340000
95 0.739399790000
96 0.898722620000
97 0.875573280000
98 0.800867860000
99 0.721970240000
100 0.646753150000
101 0.577729580000
102 0.514273510000
103 0.455086430000
104 0.398956720000
105 0.356462690000
106 0.231272130000
107 0.146062530000
108 0.087476210000
109 0.049041590000
110 0.029341960000
111 0.023500090000
112 0.023532250000
113 0.028937440000
114 0.045705550000
115 0.076591520000
116 0.119988070000
117 0.176061750000
118 0.247879280000
119 0.288266860000
120 0.399411770000
121 0.342041820000
122 0.226588390000
123 0.136909160000
124 0.076792490000
125 0.040619130000
126 0.025906600000

[right]
1 0.023104910000
2 0.023104910000
3 0.021638080000
4 0.020675580000
5 0.021110110000
6 0.021535880000
7 0.021812260000
8 0.022202030000
9 0.022947290000
10 0.023783010000
11 0.021380140000
12 0.046384390000
13 0.062560400000
14 0.055475260000
15 0.050103850000
16 0.049209260000
17 0.052003940000
18 0.046078140000
19 0.032058350000
20 0.040058710000
21 0.035249430000
22 0.045972840000
23 0.043109280000
24 0.035345610000
25 0.030872150000
26 0.028802970000
27 0.021445380000
28 0.029769690000
29 0.065807100000
30 0.099111980000
31 0.129110350000
32 0.156401430000
33 0.181897850000
34 0.162144460000
35 0.148412360000
36 0.158888030000
37 0.185194770000
38 0.209264380000
39 0.230986670000
40 0.216974190000
41 0.194238410000
42 0.163363410000
43 0.146753490000
44 0.154306290000
45 0.137648670000
46 0.110741640000
47 0.081562680000
48 0.050056140000
49 0.020453730000
50 0.026803750000
51 0.020774980000
52 0.029153470000
53 0.038285720000
54 0.156401800000
55 0.274252010000
56 0.382066350000
57 0.480218110000
58 0.459389150000
59 0.360862170000
60 0.238670850000
61 0.326179290000
62 0.406397320000
63 0.377818550000
64 0.408021860000
65 0.494987390000
66 0.666637760000
67 0.607647800000
68 0.520766900000
69 0.427376500000
70 0.326675160000
71 0.217496420000
72 0.100702470000
73 0.037212040000
74 0.039056690000
75 0.086953560000
76 0.204208650000
77 0.316103040000
78 0.419070180000
79 0.512225220000
80 0.432958450000
81 0.532245130000
82 0.626035360000
83 0.714724820000
84 0.543891340000
85 0.460608960000
86 0.440742600000
87 0.421308980000
88 0.297853960000
89 0.153970800000
90 0.020787670000
91 0.063293390000
92 0.104835800000
93 0.144032480000
94 0.164599950000
95 0.216823410000
96 0.262724480000
97 0.256757760000
98 0.237274830000
99 0.216395500000
100 0.196187590000
101 0.177372110000
102 0.159835130000
103 0.143262990000
104 0.127347720000
105 0.115164410000
106 0.078071530000
107 0.052561420000
108 0.034883120000
109 0.023771540000
110 0.020762960000
111 0.022749710000
112 0.022796020000
113 0.020965320000
114 0.023524490000
115 0.033199790000
116 0.048075150000
117 0.067738620000
118 0.093365440000
119 0.108782170000
120 0.153676370000
121 0.130084820000
122 0.086944610000
123 0.054461840000
124 0.033436700000
125 0.022295710000
126 0.021489490000
