  0.00000000
  0.00000000
  0.08518083
  0.12140290
  0.11658471
  0.10022009
  0.08581616
  0.07726444
  0.07432651
  0.07211842
  0.04403337
 -0.04984115
 -0.06775659
 -0.05279951
 -0.04208093
 -0.03783037
 -0.03793485
 -0.02961837
  0.06083303
  0.08005326
  0.06303373
 -0.02309261
 -0.01983068
 -0.01324749
 -0.00926532
 -0.00723845
  0.01964539
  0.04290227
  0.13337207
  0.22211764
  0.30582320
  0.38440134
  0.45920721
  0.40166330
  0.36201331
  0.39423700
  0.46907363
  0.54023396
  0.60438712
  0.56299615
  0.49569267
  0.42397753
  0.35735938
  0.37862367
  0.33024604
  0.25420313
  0.17474435
  0.09313665
  0.01457061
 -0.00507485
  0.00574552
 -0.00757681
 -0.01543577
 -0.09574480
 -0.18025471
 -0.26245424
 -0.34088481
 -0.32395478
 -0.24590349
 -0.16383252
 -0.21937256
 -0.28254419
 -0.31211182
 -0.37655082
 -0.43562218
 -0.49756253
 -0.44708239
 -0.37439114
 -0.29846850
 -0.21982020
 -0.13893630
 -0.05789374
 -0.01461229
 -0.01604409
 -0.04871609
 -0.12942106
 -0.21176516
 -0.29180664
 -0.36727814
 -0.30450668
 -0.38381346
 -0.46243980
 -0.53939373
 -0.50187709
 -0.43716685
 -0.37096580
 -0.29384556
 -0.19834774
 -0.09486912
  0.01756667
  0.13363736
  0.24961229
  0.36551080
  0.48103448
  0.58440250
  0.69946516
  0.69981799
  0.69983327
  0.69983582
  0.69983058
  0.69981940
  0.69980255
  0.69977934
  0.69974819
  0.69962112
  0.58295539
  0.46875293
  0.35671185
  0.24630697
  0.13722426
  0.02926206
 -0.07790205
 -0.18388960
 -0.28875599
 -0.39246704
 -0.49492810
 -0.59596754
 -0.69524967
 -0.69967881
 -0.69978127
 -0.69974974
 -0.58879743
 -0.46608417
 -0.34595846
 -0.22853491
 -0.11334396
  0.00000000
