  0.02310491
  0.02310491
  0.02239709
  0.02218576
  0.02213763
  0.02206031
  0.02193661
  0.02173569
  0.02138931
  0.02114077
  0.04870480
  0.04023320
  0.03307805
  0.03343397
  0.04052187
  0.02051429
  0.02059722
  0.02092961
  0.02108443
  0.02109800
  0.02096322
  0.02060032
  0.02059237
  0.03125030
  0.02638234
  0.02525702
  0.02468089
  0.02310470
  0.02310500
  0.02310497
  0.05456946
  0.08950222
  0.12042395
  0.14884094
  0.17552460
  0.18156435
  0.20663269
  0.23084780
  0.25424333
  0.23595210
  0.21294539
  0.18907942
  0.16410839
  0.12870942
  0.11175512
  0.08156439
  0.04847160
  0.02310569
  0.02311901
  0.02311949
  0.02312000
  0.02310938
  0.02313702
  0.03291439
  0.04360910
  0.05542017
  0.04065709
  0.02638854
  0.02310890
  0.02313238
  0.02311556
  0.02133077
  0.02737688
  0.02939292
  0.02191162
  0.02311714
  0.02315553
  0.02316143
  0.02316890
  0.02317863
  0.02320104
  0.03528143
  0.05446924
  0.07577410
  0.09770116
  0.11997881
  0.14262678
  0.16570996
  0.18921238
  0.19020027
  0.18324762
  0.18897682
  0.20702374
  0.24015867
  0.29404229
  0.32883613
  0.35755573
  0.38773937
  0.41993295
  0.45460703
  0.49210402
  0.50977052
  0.51910368
  0.48745588
  0.45474052
  0.42188538
  0.38747804
  0.29457587
  0.23486764
  0.20052615
  0.18228774
  0.17585945
  0.18002280
  0.19597487
  0.18697141
  0.16595223
  0.14526193
  0.12483973
  0.10464880
  0.08467452
  0.06500425
  0.04616443
  0.03020530
  0.02313431
  0.02313079
  0.02311175
  0.02310016
  0.03298711
  0.02326273
  0.02311133
  0.02311903
  0.02311821
  0.02310494
  0.06021259
  0.09598024
  0.12946953
  0.16135228
  0.18827024
  0.15765305
  0.12370741
  0.06509943
  0.04377078
  0.02310299
  0.17946747
  0.33044231
  0.46914876
  0.60005319
  0.72803261
  0.77805064
  0.70899554
  0.64086535
  0.57366036
  0.50738066
  0.38027675
  0.24896140
  0.15293633
  0.08435245
  0.04010512
  0.02310490
  0.02310364
  0.02310364
  0.02310363
  0.02310363
  0.02310363
  0.02310363
  0.02310363
  0.02310363
  0.02310362
  0.02310362
  0.02310362
  0.02310361
  0.02310361
  0.02310360
  0.02310367
  0.02310522
  0.02310462
  0.02310276
  0.02310255
  0.02310252
  0.02310250
  0.02310249
  0.02310248
  0.02310248
  0.02310247
  0.02310479
  0.03107157
  0.05315206
  0.08829930
  0.13347030
  0.18788104
  0.25126642
  0.39695518
  0.37301965
  0.23909606
  0.14535310
  0.08409273
  0.04568847
  0.02767916
  0.02310488
  0.02310079
  0.02316472
  0.02310196
  0.02310137
  0.02310139
  0.02310141
  0.02310319
  0.02414786
  0.02310470
  0.04549435
  0.09689870
  0.17260946
  0.27664262
  0.41497553
  0.41758568
  0.35350896
  0.25037084
  0.15202725
  0.08418145
  0.04201470
  0.02536285
  0.02310462
  0.02910655
  0.05454402
  0.10428483
  0.17813076
  0.28158593
  0.25392830
  0.20866789
  0.12171019
  0.05745150
  0.02310471
  0.02310212
  0.02310208
  0.02310205
  0.02310202
  0.02310200
  0.02310199
