  0.00000000
  0.00000000
  0.04199952
  0.08386979
  0.12563134
  0.16764469
  0.20960750
  0.25150846
  0.29324367
  0.33500947
  0.37696230
  0.41909387
  0.46155737
  0.50133300
  0.54448589
  0.58561862
  0.62760712
  0.67027214
  0.71289035
  0.75411121
  0.79554986
  0.83728993
  0.87748281
  0.91049170
  0.91634088
  0.92082803
  0.92287860
  0.92377373
  0.92124035
  0.88355180
  0.84728411
  0.81399813
  0.78254859
  0.75359306
  0.71393828
  0.70624840
  0.67798348
  0.65054216
  0.67720848
  0.70452971
  0.73242070
  0.76088671
  0.73736034
  0.81991045
  0.85289027
  0.88888526
  0.19022536
  0.19019144
  0.49338360
  0.49403516
  0.49375627
  0.49327046
  0.50086816
  0.50801182
  0.50858608
  0.50904732
  0.27503265
  0.27360831
  0.27349932
  0.27346013
  0.27345934
  0.27345287
  0.27345952
  0.27347785
  0.27350099
  0.27351752
  0.27350292
  0.27340105
  0.28042006
  0.27972611
  0.27946733
  0.27940439
  0.27928701
  0.27941931
  0.27962786
  0.27988671
  0.28029968
  0.28066723
  0.28112588
  0.28168856
  0.28198101
  0.30466426
  0.27643699
  0.34948425
  0.43356064
  0.52220862
  0.39311307
  0.33741182
  0.31875785
  0.32472767
  0.35231289
  0.40369804
  0.49268376
  0.51539231
  0.52011166
  0.52481867
  0.52592820
  0.48755176
  0.48231580
  0.52936580
  0.52864837
  0.53020377
  0.53027443
  0.53053910
  0.53188332
  0.53192047
  0.53025313
  0.53147866
  0.53094497
  0.53068562
  0.53017111
  0.53208942
  0.53154925
  0.52384255
  0.51573255
  0.50745396
  0.50046420
  0.46065552
  0.45472444
  0.47420904
  0.46889910
  0.46151318
  0.42032089
  0.41177634
  0.40391470
  0.39625911
  0.38870387
  0.39372569
  0.38520811
  0.37654184
  0.34260299
  0.33476989
  0.36931851
  0.36153831
  0.35273605
  0.34392512
  0.33511010
  0.32625376
  0.31728254
  0.30818896
  0.29895649
  0.30249353
  0.29236437
  0.28201132
  0.27163710
  0.26143942
  0.25120781
  0.24150076
  0.23190667
  0.22255739
  0.21344614
  0.20457635
  0.19587958
  0.18685700
  0.17871716
  0.17033985
  0.16209620
  0.15394770
  0.14587462
  0.13785772
  0.12987812
  0.12192714
  0.11399229
  0.10604697
  0.09807742
  0.09010172
  0.08222743
  0.07456231
  0.06615694
  0.05787008
  0.04969381
  0.04161227
  0.03361167
  0.02567226
  0.01776533
  0.00989605
  0.00210461
 -0.00560637
 -0.01327756
 -0.02097052
 -0.03685823
 -0.04958033
 -0.06234461
 -0.07486873
 -0.08715161
 -0.09926337
 -0.11119617
 -0.12292329
 -0.13441919
 -0.14561753
 -0.15646401
 -0.17846614
 -0.19201265
 -0.20777019
 -0.19658048
 -0.18258939
 -0.16858493
 -0.15464214
 -0.15287937
 -0.13465719
 -0.11759091
 -0.10136898
 -0.08578068
 -0.07068721
 -0.05599265
 -0.04163508
 -0.02757508
 -0.01373455
