  0.01155245
  0.01155245
  0.03816433
  0.07297218
  0.10916280
  0.14552101
  0.18190121
  0.21828573
  0.25467083
  0.29105490
  0.32743655
  0.36381546
  0.40028013
  0.43658319
  0.47296248
  0.50936632
  0.54584672
  0.58210314
  0.61850363
  0.65491149
  0.69139022
  0.72763023
  0.76410166
  0.80023421
  0.83650864
  0.87249721
  0.90658545
  0.92269313
  0.92549156
  0.90900467
  0.86827167
  0.83159945
  0.79818444
  0.76711726
  0.73749107
  0.76262877
  0.77535708
  0.73534039
  0.72506866
  0.69660787
  0.69168551
  0.71890625
  0.74687459
  0.73645315
  0.79238817
  0.77438185
  0.80438331
  0.83609723
  0.86984050
  0.90603707
  1.16102527
  1.16108316
  1.16110253
  1.16117831
  0.90510339
  0.86781492
  0.83304367
  0.80047612
  0.81044986
  0.84231641
  0.84657667
  0.84772219
  0.78941852
  0.64773879
  0.71814754
  0.71805800
  0.72032911
  0.73456044
  0.74701973
  0.75547915
  0.76068806
  0.76691266
  0.76760909
  0.76919786
  0.78440308
  0.79430710
  0.79851649
  0.80029260
  1.21821913
  0.87638889
  0.84055605
  0.80704764
  0.77527974
  0.74403308
  0.71287807
  0.62697055
  0.65129950
  0.78895714
  0.82527825
  0.86546318
  0.91090486
  0.89352218
  0.84311503
  0.79494125
  0.74265579
  0.69951570
  0.65196921
  0.64183466
  0.59491077
  0.54768755
  0.49951808
  0.44906934
  0.39957606
  0.35254565
  0.30731985
  0.26834236
  0.21618823
  0.16970409
  0.12666900
  0.08595633
  0.04770251
  0.01673566
  0.00270741
  0.00032102
  0.00003874
  0.00000509
  0.00000075
  0.00000013
  0.00000001
  0.00000000
  0.00000000
  0.00000003
  0.00000056
  0.00001004
  0.00013931
  0.00155740
