  0.00000000
  0.00000000
  0.16631104
  0.33262119
  0.49893239
  0.66524469
  0.83155743
  0.99787010
  1.16418224
  1.33049335
  1.49681157
  1.66312400
  1.82944011
  1.99575995
  2.16208018
  2.32840169
  2.49471372
  2.66102977
  2.82734722
  2.99366476
  3.15998161
  3.32629690
  3.49260943
  3.65891723
  3.82521130
  3.99150286
  4.15777265
  4.32379827
  4.49005644
  4.65635014
  4.82267010
  4.95998224
  4.99985286
  4.99984124
  4.99983173
  4.99982177
  4.99979848
  4.99978819
  4.99978073
  4.99977834
  4.99977049
  4.99974916
  4.99973285
  4.99966141
  4.99963928
  4.99948833
  4.99914740
  4.99902346
  4.99902265
  4.99902256
  4.99902278
  4.99936445
  4.99946518
  4.99953468
  4.99958560
  4.99966189
  4.99962248
  4.99957742
  4.99925807
  4.99925770
  4.99935252
  4.99939784
  4.99943444
  4.99947327
  4.99944383
  4.99930966
  4.99930939
  4.99930942
  4.99930945
  4.99930948
  4.99931097
  4.99929848
  4.99928722
  4.99927905
  4.99927444
  4.99927360
  4.99927701
  4.99928487
  4.99929648
  4.99911936
  4.99883973
  4.99871530
  4.99876495
  4.99895085
  4.99919952
  4.99925547
  4.99926684
  4.99927663
  4.99928718
  4.99929948
  4.99931467
  4.99933244
  4.99935206
  4.99935623
  4.99935227
  4.99933984
  4.99931210
  4.99894757
  4.99848717
  4.99808465
  4.99788650
  4.99798679
  4.99835962
  4.99886369
  4.99898699
  4.99898629
  4.99899920
  4.99902404
  4.99905860
  4.99910044
  4.99914715
  4.99919666
  4.99924734
  4.99931649
  4.99931666
  4.99946753
  4.99953078
  4.99958918
  4.99952790
  4.97730961
  4.92548529
  4.87326812
  4.82091433
  4.64286389
  4.50115608
  4.36139999
  4.22351374
  4.08751185
  3.95265252
  3.80651054
  3.64723367
  3.51989067
  3.37128101
  3.18381410
  2.99634868
  2.80888048
  2.62140401
  2.43391932
  2.24642942
  2.05893588
  1.87144122
  1.68394598
  1.49645039
  1.30895454
  1.12145830
  0.93396228
  0.74646659
  0.55897142
  0.37147719
  0.34906696
  0.32668514
  0.30430182
  0.28191693
  0.25953039
  0.23714209
  0.21475192
  0.19235969
  0.16996520
  0.14756814
  0.12516811
  0.10276448
  0.08035627
  0.05794171
  0.03551688
  0.01306437
 -0.01239983
 -0.03991519
 -0.06667254
 -0.09340924
 -0.12013578
 -0.14685523
 -0.17356919
 -0.20027864
 -0.22698426
 -0.25368656
 -0.42095123
 -0.58396364
 -0.74285725
 -0.89758301
 -1.04794547
 -1.19362128
 -1.33416821
 -1.16044130
 -0.97304579
 -0.79021946
 -0.61403313
 -0.44258923
 -0.27490637
 -0.11043983
 -0.04336894
  0.02370985
  0.09059202
  0.15718470
  0.22378043
  0.29037976
  0.35698184
  0.42637433
  0.49625063
  0.68373392
  0.87121522
  1.05869268
  1.24615991
  1.42564405
  1.23816425
  1.05067470
  0.86318293
  0.67568994
  0.48819691
  0.30070405
  0.11321149
 -0.07428067
 -0.26177344
 -0.44926565
 -0.63675703
 -0.82424705
 -1.01173438
 -1.19921473
 -1.35352322
 -1.16604333
 -0.97855632
 -0.79106718
 -0.67804663
 -0.56503393
 -0.45202207
 -0.33901150
 -0.22600293
 -0.11299774
  0.00000000
