 27.70782396
 27.70782396
 27.70782396
 27.67143939
 27.59867782
 27.48954126
 27.34403473
 27.16216728
 26.94395093
 26.68940081
 26.39853649
 26.07138522
 25.70798783
 25.30832398
 24.87258584
 24.40024005
 23.89123341
 23.34555681
 22.76350637
 22.14518308
 21.49065947
 20.79994087
 20.07336805
 19.30978386
 18.50968414
 17.67349820
 16.80154125
 15.89574723
 14.97414557
 14.04994073
 13.14232535
 12.27652018
 11.45271741
 10.67649015
  9.96007814
  9.32218439
  8.74564174
  8.24800002
  7.86640808
  7.59934482
  7.47609167
  7.50896591
  7.70587117
  8.05241181
  8.50476722
  9.07608930
  9.70190526
 10.41664458
 11.20145700
 12.04241850
 12.93070956
 14.07403399
 15.21741543
 16.36081594
 17.50429108
 18.39559538
 19.24624706
 20.05098893
 20.80068893
 21.51713748
 22.20988246
 22.86150922
 23.46688515
 23.98381190
 24.36889957
 24.74199723
 25.03517097
 25.22396162
 25.28100664
 25.21039154
 25.03229034
 24.77019216
 24.44618491
 24.08274104
 23.66177514
 23.15903649
 22.57602430
 21.94028889
 21.27333468
 20.23702047
 19.49149431
 18.75378564
 18.01379537
 17.27057017
 16.53341865
 15.82128518
 15.21476081
 14.62023469
 13.95330952
 13.32370495
 12.72527196
 12.13913677
 11.57662329
 11.02293631
 10.45124683
  9.85341874
  9.22616322
  8.59250554
  7.95091587
  7.38221146
  6.91485117
  6.55941853
  6.31281262
  6.16007341
  6.08177398
  6.05859242
  6.07305232
  6.10896899
  6.14886150
  6.18375559
  6.20925830
  6.22357579
  6.22639691
  6.21746231
  6.19707193
  6.16497534
  6.11988505
  6.05907737
  5.97814293
  5.86309855
  5.68442071
  5.50408052
  5.33757017
  5.20073557
  5.09907851
  5.03253699
  5.00000000
