task_id 14

[x]
1 1.640816330000
2 1.640816330000
3 1.640816330000
4 1.674386030000
5 1.741444580000
6 1.842305030000
7 1.978008260000
8 2.152357220000
9 2.366863240000
10 2.622060330000
11 2.917750220000
12 3.240275980000
13 3.597436780000
14 3.989232290000
15 4.417600100000
16 4.880797560000
17 5.383464860000
18 5.931083120000
19 6.519655830000
20 7.145073810000
21 7.811616550000
22 8.523572690000
23 9.260701570000
24 10.006889220000
25 10.738795080000
26 11.418550040000
27 12.001150590000
28 12.478847320000
29 12.848296590000
30 13.063150230000
31 13.195176910000
32 13.264311130000
33 13.245458940000
34 13.162572420000
35 13.049575600000
36 12.954087420000
37 12.912288000000
38 12.952254000000
39 13.094424740000
40 13.376859980000
41 13.783322600000
42 14.251209610000
43 14.429045450000
44 14.602745690000
45 14.772312170000
46 15.073410590000
47 15.363016150000
48 15.648089560000
49 15.925321390000
50 16.067702720000
51 16.205893470000
52 16.575136630000
53 16.912572210000
54 17.228385670000
55 17.527398980000
56 17.809845850000
57 18.072405740000
58 18.309404660000
59 18.513287210000
60 18.677350930000
61 18.797768800000
62 18.872531150000
63 18.900888360000
64 18.882643010000
65 18.817794060000
66 18.706386800000
67 18.548392210000
68 18.343593120000
69 18.091575520000
70 17.792073110000
71 17.446166340000
72 17.059318000000
73 16.645434150000
74 16.225917470000
75 15.830944070000
76 15.499275970000
77 15.265786290000
78 15.137183670000
79 15.074081910000
80 15.046622680000
81 15.037320320000
82 15.028790720000
83 15.021033800000
84 15.014049570000
85 15.005604290000
86 14.998580890000
87 14.995632450000
88 14.996624020000
89 14.998830310000
90 15.000000000000

[y]
1 24.918367350000
2 24.918367350000
3 24.918367350000
4 24.938828880000
5 24.979494910000
6 25.039405660000
7 25.116212740000
8 25.206249760000
9 25.304166680000
10 25.407861590000
11 25.517059420000
12 25.629548320000
13 25.754117400000
14 25.890768650000
15 26.040178990000
16 26.201739980000
17 26.361790440000
18 26.500869870000
19 26.628581650000
20 26.761871530000
21 26.879696000000
22 26.950572080000
23 26.932989370000
24 26.817132950000
25 26.608144180000
26 26.306194060000
27 25.907618810000
28 25.398594230000
29 24.767160780000
30 24.151683160000
31 23.492818980000
32 22.671915930000
33 21.812290700000
34 20.917529500000
35 20.008896780000
36 19.143275430000
37 18.315658990000
38 17.528583360000
39 16.793868690000
40 16.063694700000
41 15.344552630000
42 14.686638430000
43 14.461662510000
44 14.241918430000
45 14.027403690000
46 13.646490610000
47 13.280116810000
48 12.933996260000
49 12.622951140000
50 12.468824890000
51 12.319234870000
52 11.919532870000
53 11.554262230000
54 11.233131520000
55 10.962158710000
56 10.744384520000
57 10.579990970000
58 10.466192630000
59 10.394774700000
60 10.353588810000
61 10.332333270000
62 10.322513090000
63 10.319380940000
64 10.321292560000
65 10.328240580000
66 10.340638890000
67 10.358221810000
68 10.378944960000
69 10.397771340000
70 10.405208200000
71 10.385467070000
72 10.314274980000
73 10.164297170000
74 9.916776100000
75 9.557444570000
76 9.080604940000
77 8.525569430000
78 7.985394040000
79 7.480927140000
80 7.020221450000
81 6.715677990000
82 6.436433300000
83 6.182486400000
84 5.953837180000
85 5.677357460000
86 5.447427500000
87 5.264283930000
88 5.127992660000
89 5.038599600000
90 5.000000000000

[theta]
1 0.547392890000
2 0.547392890000
3 0.547392890000
4 0.545130950000
5 0.535993380000
6 0.515038950000
7 0.476695920000
8 0.428226550000
9 0.385953590000
10 0.353762720000
11 0.335583050000
12 0.335583920000
13 0.335589450000
14 0.335596320000
15 0.335601010000
16 0.308253070000
17 0.248713060000
18 0.213673240000
19 0.209979580000
20 0.174961930000
21 0.099224070000
22 -0.023848470000
23 -0.154034540000
24 -0.278138810000
25 -0.418023810000
26 -0.599996220000
27 -0.817136940000
28 -1.041407650000
29 -1.234937380000
30 -1.373030320000
31 -1.486777310000
32 -1.592723520000
33 -1.663168060000
34 -1.694520310000
35 -1.680663840000
36 -1.621259230000
37 -1.520062080000
38 -1.379653970000
39 -1.201716100000
40 -1.056354490000
41 -0.952614850000
42 -0.901895810000
43 -0.901895870000
44 -0.901896250000
45 -0.901896610000
46 -0.901896710000
47 -0.881815180000
48 -0.842813490000
49 -0.824988350000
50 -0.824988440000
51 -0.824988680000
52 -0.824988710000
53 -0.793746030000
54 -0.736242760000
55 -0.656823200000
56 -0.559403100000
57 -0.447653200000
58 -0.336932760000
59 -0.245953400000
60 -0.174715130000
61 -0.130604110000
62 -0.110007390000
63 -0.104392410000
64 -0.106734550000
65 -0.110832150000
66 -0.110832160000
67 -0.100844500000
68 -0.074564150000
69 -0.024825640000
70 0.057008820000
71 0.181994660000
72 0.347649350000
73 0.533045130000
74 0.738182000000
75 0.963059940000
76 1.172594510000
77 1.337071670000
78 1.446356630000
79 1.511264220000
80 1.540260560000
81 1.540260550000
82 1.540260380000
83 1.540260220000
84 1.540260050000
85 1.540259990000
86 1.554698600000
87 1.578071590000
88 1.595472170000
89 1.601090110000
90 1.601090090000

[v]
1 0.000000000000
2 0.000000000000
3 0.171857820000
4 0.343427320000
5 0.514698310000
6 0.685641140000
7 0.856209440000
8 1.028093240000
9 1.200108830000
10 1.372255480000
11 1.544531250000
12 1.710396660000
13 1.876261810000
14 2.042126900000
15 2.208745730000
16 2.375321210000
17 2.541887540000
18 2.708594970000
19 2.875360650000
20 3.042155850000
21 3.209029490000
22 3.376246520000
23 3.540038260000
24 3.700020410000
25 3.854307330000
26 3.999040380000
27 4.131425390000
28 4.258147320000
29 4.386998420000
30 4.498442610000
31 4.610467040000
32 4.635410770000
33 4.496299830000
34 4.346415000000
35 4.188419580000
36 4.032478450000
37 3.878355350000
38 3.725954920000
39 3.575321240000
40 3.411093180000
41 3.229467060000
42 3.041977990000
43 2.971274250000
44 2.900571410000
45 2.829868720000
46 2.701185020000
47 2.571516640000
48 2.440737080000
49 2.312704150000
50 2.244658660000
51 2.176613830000
52 1.989114540000
53 1.801615210000
54 1.614115820000
55 1.426616360000
56 1.239116840000
57 1.051617260000
58 0.864117590000
59 0.676617900000
60 0.489118200000
61 0.301618480000
62 0.114118760000
63 -0.073380950000
64 -0.260880660000
65 -0.448380360000
66 -0.635880170000
67 -0.823379980000
68 -1.010879780000
69 -1.198379570000
70 -1.385879340000
71 -1.573379080000
72 -1.760878800000
73 -1.948378450000
74 -2.135877970000
75 -2.323377060000
76 -2.408591740000
77 -2.221092810000
78 -2.033593430000
79 -1.846093920000
80 -1.658594350000
81 -1.520818900000
82 -1.383043980000
83 -1.245269190000
84 -1.107494520000
85 -0.920174170000
86 -0.732679580000
87 -0.545182440000
88 -0.357683620000
89 -0.170185070000
90 0.000000000000

[a]
1 0.000000000000
2 0.749999320000
3 0.749999290000
4 0.749999260000
5 0.749999220000
6 0.749999180000
7 0.749999140000
8 0.749999090000
9 0.749999030000
10 0.749998980000
11 0.749998870000
12 0.749998800000
13 0.749998710000
14 0.749998620000
15 0.749998510000
16 0.749998380000
17 0.749998220000
18 0.749998030000
19 0.749997790000
20 0.749997490000
21 0.749997100000
22 0.749996510000
23 0.749995690000
24 0.749994500000
25 0.749992690000
26 0.749989920000
27 0.749986410000
28 0.749981170000
29 0.749969050000
30 0.749946200000
31 0.139598200000
32 -0.749956290000
33 -0.749981150000
34 -0.749988800000
35 -0.749991720000
36 -0.749993440000
37 -0.749994620000
38 -0.749995470000
39 -0.749996460000
40 -0.749997220000
41 -0.749997550000
42 -0.749993580000
43 -0.749993670000
44 -0.749993760000
45 -0.749996660000
46 -0.749996850000
47 -0.749997110000
48 -0.749997160000
49 -0.749994710000
50 -0.749994740000
51 -0.749998130000
52 -0.749998280000
53 -0.749998510000
54 -0.749998760000
55 -0.749998990000
56 -0.749999200000
57 -0.749999350000
58 -0.749999460000
59 -0.749999530000
60 -0.749999580000
61 -0.749999610000
62 -0.749999630000
63 -0.749999630000
64 -0.749999630000
65 -0.749999630000
66 -0.749999620000
67 -0.749999590000
68 -0.749999560000
69 -0.749999500000
70 -0.749999410000
71 -0.749999260000
72 -0.749999000000
73 -0.749998470000
74 -0.749996740000
75 -0.340858860000
76 0.749996020000
77 0.749997790000
78 0.749998350000
79 0.749998600000
80 0.749998200000
81 0.749998310000
82 0.749998400000
83 0.749998480000
84 0.749998960000
85 0.749999060000
86 0.749999190000
87 0.749999290000
88 0.749999340000
89 0.749999290000
90 0.000000000000

[phy]
1 0.000000000000
2 0.000000000000
3 -0.114566250000
4 -0.228939660000
5 -0.343112300000
6 -0.457060170000
7 -0.458850960000
8 -0.344273890000
9 -0.229602860000
10 -0.114842430000
11 0.000005100000
12 0.000029260000
13 0.000033110000
14 0.000020710000
15 -0.111037150000
16 -0.222009330000
17 -0.123403830000
18 -0.012265850000
19 -0.109087200000
20 -0.220158960000
21 -0.331346530000
22 -0.339455500000
23 -0.317572290000
24 -0.352230150000
25 -0.455054020000
26 -0.551537270000
27 -0.571117340000
28 -0.486638060000
29 -0.400737110000
30 -0.326439810000
31 -0.251753510000
32 -0.162413250000
33 -0.069667900000
34 0.030257230000
35 0.135588490000
36 0.239549770000
37 0.342298580000
38 0.443898030000
39 0.355561630000
40 0.246076670000
41 0.124992530000
42 -0.000000370000
43 -0.000002740000
44 -0.000002630000
45 -0.000000400000
46 0.085788810000
47 0.172234160000
48 0.085354190000
49 -0.000000800000
50 -0.000002370000
51 -0.000000110000
52 0.124999650000
53 0.249999390000
54 0.374999110000
55 0.499998770000
56 0.624998250000
57 0.699999630000
58 0.699999560000
59 0.699999440000
60 0.624996390000
61 0.499997380000
62 0.374998070000
63 0.249998710000
64 0.124999390000
65 0.000000230000
66 -0.124999600000
67 -0.249999420000
68 -0.374999200000
69 -0.499998940000
70 -0.624998530000
71 -0.699999730000
72 -0.699999750000
73 -0.699999770000
74 -0.699999790000
75 -0.624999120000
76 -0.499999400000
77 -0.374999560000
78 -0.249999690000
79 -0.124999800000
80 0.000000090000
81 0.000001200000
82 0.000001300000
83 0.000001420000
84 0.000000440000
85 -0.124879600000
86 -0.249875350000
87 -0.249995620000
88 -0.124997360000
89 0.000001120000
90 0.000000000000

[w]
1 0.000000000000
2 -0.499974970000
3 -0.499972210000
4 -0.499964360000
5 -0.499938020000
6 -0.007874230000
7 0.499946520000
8 0.499973110000
9 0.499981930000
10 0.499986320000
11 0.000109350000
12 0.000017410000
13 -0.000056120000
14 -0.499902940000
15 -0.499647210000
16 0.443990950000
17 0.499996400000
18 -0.435433750000
19 -0.499435900000
20 -0.499721600000
21 -0.036369760000
22 0.100202450000
23 -0.162475780000
24 -0.499831240000
25 -0.499966880000
26 -0.110925420000
27 0.499979070000
28 0.499988710000
29 0.499987290000
30 0.499986540000
31 0.499994920000
32 0.499996330000
33 0.499996940000
34 0.499997240000
35 0.499996960000
36 0.499996040000
37 0.499992270000
38 -0.439821260000
39 -0.499995730000
40 -0.499998410000
41 -0.499999110000
42 -0.000025080000
43 0.000001080000
44 0.000023720000
45 0.499998210000
46 0.499996540000
47 -0.498239670000
48 -0.499996350000
49 -0.000017300000
50 0.000024940000
51 0.499999690000
52 0.499999610000
53 0.499999490000
54 0.499999240000
55 0.499998520000
56 0.300005890000
57 -0.000000290000
58 -0.000000470000
59 -0.300012500000
60 -0.499996500000
61 -0.499997720000
62 -0.499997960000
63 -0.499997820000
64 -0.499997200000
65 -0.499999570000
66 -0.499999510000
67 -0.499999420000
68 -0.499999220000
69 -0.499998620000
70 -0.300004980000
71 -0.000000090000
72 -0.000000080000
73 -0.000000080000
74 0.300002840000
75 0.499999120000
76 0.499999540000
77 0.499999680000
78 0.499999740000
79 0.499999780000
80 0.000006040000
81 0.000000540000
82 0.000000680000
83 -0.000005360000
84 -0.499998540000
85 -0.499996780000
86 -0.000481070000
87 0.499995710000
88 0.499997370000
89 -0.000004930000
90 0.000000000000

[dt]
1 0.010004750000
2 0.229143970000
3 0.228759550000
4 0.228361550000
5 0.227924000000
6 0.227424650000
7 0.229178670000
8 0.229354400000
9 0.229529160000
10 0.229701350000
11 0.221154210000
12 0.221153880000
13 0.221153840000
14 0.222158850000
15 0.222101080000
16 0.222088920000
17 0.222277110000
18 0.222354820000
19 0.222394240000
20 0.222498940000
21 0.222956900000
22 0.218390000000
23 0.213310760000
24 0.205717400000
25 0.192979290000
26 0.176515720000
27 0.168965630000
28 0.171805780000
29 0.148598390000
30 0.149376610000
31 0.178682340000
32 0.185492070000
33 0.199851470000
34 0.210663700000
35 0.207923810000
36 0.205499260000
37 0.203202030000
38 0.200846130000
39 0.218971780000
40 0.242169060000
41 0.249986240000
42 0.094272460000
43 0.094271250000
44 0.094271040000
45 0.171579030000
46 0.172891900000
47 0.174373420000
48 0.170711220000
49 0.090727960000
50 0.090727080000
51 0.249999670000
52 0.249999680000
53 0.249999690000
54 0.249999690000
55 0.249999700000
56 0.249999710000
57 0.249999770000
58 0.249999770000
59 0.249999770000
60 0.249999770000
61 0.249999750000
62 0.249999740000
63 0.249999730000
64 0.249999720000
65 0.249999880000
66 0.249999870000
67 0.249999870000
68 0.249999870000
69 0.249999860000
70 0.249999850000
71 0.249999870000
72 0.249999870000
73 0.249999870000
74 0.249999870000
75 0.249999890000
76 0.249999900000
77 0.249999900000
78 0.249999900000
79 0.249999900000
80 0.183701030000
81 0.183700320000
82 0.183700110000
83 0.183699930000
84 0.249760810000
85 0.249993100000
86 0.249996460000
87 0.249998660000
88 0.249998280000
89 0.226913650000

[s]
1 0.000000000000
2 0.000000000000
3 0.039314120000
4 0.078425590000
5 0.117312100000
6 0.155931690000
7 0.196224940000
8 0.235797700000
9 0.275459960000
10 0.315208930000
11 0.341579600000
12 0.378260880000
13 0.414942500000
14 0.453676560000
15 0.490564820000
16 0.527532510000
17 0.565003410000
18 0.602269150000
19 0.639463650000
20 0.676876440000
21 0.715475260000
22 0.737338480000
23 0.755128250000
24 0.761158640000
25 0.743801500000
26 0.705893500000
27 0.698068900000
28 0.731574310000
29 0.651900900000
30 0.671962090000
31 0.823809060000
32 0.859831920000
33 0.898592110000
34 0.915631860000
35 0.870872160000
36 0.828671320000
37 0.788089670000
38 0.748343610000
39 0.782894450000
40 0.826061240000
41 0.807322330000
42 0.286774740000
43 0.280105750000
44 0.273439880000
45 0.485546120000
46 0.467013000000
47 0.448404150000
48 0.416661200000
49 0.209826930000
50 0.203651320000
51 0.544152730000
52 0.497278000000
53 0.450403240000
54 0.403528460000
55 0.356653660000
56 0.309778840000
57 0.262904070000
58 0.216029200000
59 0.169154320000
60 0.122279440000
61 0.075404540000
62 0.028529660000
63 -0.018345220000
64 -0.065220090000
65 -0.112095030000
66 -0.158969960000
67 -0.205844890000
68 -0.252719810000
69 -0.299594720000
70 -0.346469630000
71 -0.393344570000
72 -0.440219470000
73 -0.487094360000
74 -0.533969220000
75 -0.580844010000
76 -0.602147700000
77 -0.555272980000
78 -0.508398150000
79 -0.461523290000
80 -0.304685500000
81 -0.279374920000
82 -0.254065340000
83 -0.228755870000
84 -0.276608680000
85 -0.230037200000
86 -0.183167300000
87 -0.136294880000
88 -0.089420290000
89 -0.038617310000

[splus]
1 0.011552450000
2 0.011552450000
3 0.040819520000
4 0.078575670000
5 0.117326710000
6 0.155933130000
7 0.196225060000
8 0.235797710000
9 0.275459960000
10 0.315208930000
11 0.341579600000
12 0.378260880000
13 0.414942500000
14 0.453676560000
15 0.490564820000
16 0.527532510000
17 0.565003410000
18 0.602269150000
19 0.639463650000
20 0.676876440000
21 0.715475260000
22 0.737338480000
23 0.755128250000
24 0.761158640000
25 0.743801500000
26 0.705893500000
27 0.698068900000
28 0.731574310000
29 0.651900900000
30 0.671962090000
31 0.823809060000
32 0.859831920000
33 0.898592110000
34 0.915631860000
35 0.870872160000
36 0.828671320000
37 0.788089670000
38 0.748343610000
39 0.782894450000
40 0.826061240000
41 0.807322330000
42 0.286774740000
43 0.280105750000
44 0.273439880000
45 0.485546120000
46 0.467013000000
47 0.448404150000
48 0.416661200000
49 0.209826990000
50 0.203651400000
51 0.544152730000
52 0.497278000000
53 0.450403240000
54 0.403528460000
55 0.356653660000
56 0.309778840000
57 0.262904070000
58 0.216029240000
59 0.169154970000
60 0.122290290000
61 0.075584280000
62 0.031295900000
63 0.004785930000
64 0.000329660000
65 0.000019980000
66 0.000001200000
67 0.000000070000
68 0.000000000000
69 0.000000000000
70 0.000000000000
71 0.000000000000
72 0.000000000000
73 0.000000000000
74 0.000000000000
75 0.000000000000
76 0.000000000000
77 0.000000000000
78 0.000000000000
79 0.000000000000
80 0.000000000000
81 0.000000000000
82 0.000000000000
83 0.000000020000
84 0.000000000000
85 0.000000020000
86 0.000000280000
87 0.000004680000
88 0.000077760000
89 0.001566750000

[sminus]
1 0.011552450000
2 0.011552450000
3 0.001505400000
4 0.000150070000
5 0.000014610000
6 0.000001440000
7 0.000000130000
8 0.000000010000
9 0.000000000000
10 0.000000000000
11 0.000000000000
12 0.000000000000
13 0.000000000000
14 0.000000000000
15 0.000000000000
16 0.000000000000
17 0.000000000000
18 0.000000000000
19 0.000000000000
20 0.000000000000
21 0.000000000000
22 0.000000000000
23 0.000000000000
24 -0.000000000000
25 -0.000000000000
26 0.000000000000
27 -0.000000000000
28 -0.000000000000
29 0.000000000000
30 0.000000000000
31 0.000000000000
32 0.000000000000
33 0.000000000000
34 -0.000000000000
35 -0.000000000000
36 -0.000000000000
37 -0.000000000000
38 -0.000000000000
39 -0.000000000000
40 -0.000000000000
41 -0.000000000000
42 0.000000000000
43 0.000000000000
44 0.000000000000
45 0.000000000000
46 0.000000000000
47 0.000000000000
48 0.000000000000
49 0.000000060000
50 0.000000080000
51 0.000000000000
52 0.000000000000
53 0.000000000000
54 0.000000000000
55 0.000000000000
56 0.000000000000
57 0.000000000000
58 0.000000040000
59 0.000000650000
60 0.000010850000
61 0.000179740000
62 0.002766240000
63 0.023131150000
64 0.065549750000
65 0.112115020000
66 0.158971160000
67 0.205844960000
68 0.252719810000
69 0.299594720000
70 0.346469630000
71 0.393344570000
72 0.440219470000
73 0.487094360000
74 0.533969220000
75 0.580844010000
76 0.602147700000
77 0.555272980000
78 0.508398150000
79 0.461523290000
80 0.304685500000
81 0.279374920000
82 0.254065340000
83 0.228755880000
84 0.276608680000
85 0.230037210000
86 0.183167580000
87 0.136299560000
88 0.089498050000
89 0.040184060000

[k]
1 0.000000000000
2 0.000000000000
3 -0.057535070000
4 -0.116512580000
5 -0.178621240000
6 -0.245896300000
7 -0.247009240000
8 -0.179276430000
9 -0.116862240000
10 -0.057674990000
11 0.000002550000
12 0.000014630000
13 0.000016560000
14 0.000010360000
15 -0.055747870000
16 -0.112865090000
17 -0.062017040000
18 -0.006133210000
19 -0.054760990000
20 -0.111893170000
21 -0.172015030000
22 -0.176562140000
23 -0.164348610000
24 -0.183778930000
25 -0.244651850000
26 -0.307611160000
27 -0.321273040000
28 -0.264538720000
29 -0.211831180000
30 -0.169275900000
31 -0.128605300000
32 -0.081928260000
33 -0.034890410000
34 0.015133230000
35 0.068212770000
36 0.122119780000
37 0.178162590000
38 0.237775630000
39 0.185672040000
40 0.125583480000
41 0.062823770000
42 -0.000000190000
43 -0.000001370000
44 -0.000001320000
45 -0.000000200000
46 0.042999950000
47 0.086978850000
48 0.042781040000
49 -0.000000400000
50 -0.000001180000
51 -0.000000050000
52 0.062827390000
53 0.127670640000
54 0.196812770000
55 0.273150440000
56 0.360740890000
57 0.421143870000
58 0.421143810000
59 0.421143710000
60 0.360739470000
61 0.273149540000
62 0.196812170000
63 0.127670270000
64 0.062827260000
65 0.000000110000
66 -0.062827370000
67 -0.127670650000
68 -0.196812830000
69 -0.273150560000
70 -0.360741100000
71 -0.421143960000
72 -0.421143980000
73 -0.421144000000
74 -0.421144010000
75 -0.360741550000
76 -0.273150850000
77 -0.196813030000
78 -0.127670800000
79 -0.062827470000
80 0.000000040000
81 0.000000600000
82 0.000000650000
83 0.000000710000
84 0.000000220000
85 -0.062766420000
86 -0.127604570000
87 -0.127668630000
88 -0.062826230000
89 0.000000560000

[up]
1 0.011552450000
2 0.011552450000
3 0.043074130000
4 0.087364520000
5 0.137445470000
6 0.192742780000
7 0.242755690000
8 0.276379760000
9 0.306363200000
10 0.332661420000
11 0.341580430000
12 0.378266190000
13 0.414949090000
14 0.453681070000
15 0.516818850000
16 0.584690920000
17 0.598641640000
18 0.605815060000
19 0.673080590000
20 0.749584790000
21 0.833624890000
22 0.862317110000
23 0.874268350000
24 0.895448240000
25 0.918495010000
26 0.914348590000
27 0.913368790000
28 0.917362850000
29 0.784470120000
30 0.781159200000
31 0.925517420000
32 0.927458680000
33 0.928690270000
34 0.928934070000
35 0.927900580000
36 0.925820600000
37 0.922881450000
38 0.919163970000
39 0.922441590000
40 0.925651300000
41 0.856012600000
42 0.286774790000
43 0.280106120000
44 0.273440220000
45 0.485546210000
46 0.486291270000
47 0.485845770000
48 0.433773330000
49 0.209827070000
50 0.203651630000
51 0.544152760000
52 0.527270970000
53 0.505606380000
54 0.479771240000
55 0.450176960000
56 0.417058740000
57 0.369195700000
58 0.303369440000
59 0.237543980000
60 0.164640620000
61 0.095404260000
62 0.037208940000
63 0.005372510000
64 0.000349540000
65 0.000019980000
66 0.000001270000
67 0.000000080000
68 0.000000010000
69 0.000000000000
70 0.000000000000
71 0.000000000000
72 0.000000000000
73 0.000000000000
74 0.000000000000
75 0.000000000000
76 0.000000000000
77 0.000000000000
78 0.000000000000
79 0.000000000000
80 0.000000000000
81 0.000000000000
82 0.000000000000
83 0.000000020000
84 0.000000000000
85 0.000000020000
86 0.000000320000
87 0.000005250000
88 0.000082450000
89 0.001566750000

[down]
1 0.011552450000
2 0.011552450000
3 0.001588550000
4 0.000166860000
5 0.000017120000
6 0.000001780000
7 0.000000160000
8 0.000000010000
9 0.000000000000
10 0.000000000000
11 0.000000000000
12 0.000000000000
13 0.000000000000
14 0.000000000000
15 0.000000000000
16 0.000000000000
17 0.000000000000
18 0.000000000000
19 0.000000000000
20 0.000000000000
21 0.000000000000
22 0.000000000000
23 0.000000000000
24 -0.000000000000
25 -0.000000000000
26 0.000000000000
27 -0.000000000000
28 -0.000000000000
29 0.000000000000
30 0.000000000000
31 0.000000000000
32 0.000000000000
33 0.000000000000
34 -0.000000000000
35 -0.000000000000
36 -0.000000000000
37 -0.000000000000
38 -0.000000000000
39 -0.000000000000
40 -0.000000000000
41 -0.000000000000
42 0.000000000000
43 0.000000000000
44 0.000000000000
45 0.000000000000
46 0.000000000000
47 0.000000000000
48 0.000000000000
49 0.000000060000
50 0.000000080000
51 0.000000000000
52 0.000000000000
53 0.000000000000
54 0.000000000000
55 0.000000000000
56 0.000000000000
57 0.000000000000
58 0.000000050000
59 0.000000920000
60 0.000014610000
61 0.000226870000
62 0.003288900000
63 0.025966190000
64 0.069503330000
65 0.112115030000
66 0.168559390000
67 0.231074100000
68 0.300468770000
69 0.378155810000
70 0.466456030000
71 0.552373070000
72 0.618199420000
73 0.684025760000
74 0.749852050000
75 0.781997200000
76 0.760045780000
77 0.660186540000
78 0.570709440000
79 0.489359780000
80 0.304685510000
81 0.279375080000
82 0.254065500000
83 0.228756040000
84 0.276608740000
85 0.243898280000
86 0.205605680000
87 0.153004690000
88 0.094895960000
89 0.040184080000

[left]
1 0.023104910000
2 0.023104910000
3 0.021409160000
4 0.021898150000
5 0.031140220000
6 0.047175620000
7 0.056580710000
8 0.050824690000
9 0.041464750000
10 0.028641940000
11 0.023105860000
12 0.023111030000
13 0.023112560000
14 0.023110200000
15 0.036977550000
16 0.066865120000
17 0.044107040000
18 0.020505630000
19 0.044086250000
20 0.081912930000
21 0.125886830000
22 0.132495320000
23 0.126845320000
24 0.141505610000
25 0.180604820000
26 0.213276180000
27 0.219899950000
28 0.191341570000
29 0.139840790000
30 0.117223410000
31 0.109976480000
32 0.076995430000
33 0.040683450000
34 0.059354480000
35 0.213257000000
36 0.353025640000
37 0.482487520000
38 0.604827900000
39 0.498724210000
40 0.361469450000
41 0.182154130000
42 0.023104850000
43 0.023104490000
44 0.023104520000
45 0.023104800000
46 0.075798580000
47 0.135742830000
48 0.068235340000
49 0.023104820000
50 0.023104650000
51 0.023104870000
52 0.111806060000
53 0.194711970000
54 0.262658360000
55 0.317288590000
56 0.359641020000
57 0.353839380000
58 0.290678490000
59 0.228443460000
60 0.144826570000
61 0.073522850000
62 0.032896040000
63 0.021762590000
64 0.020895690000
65 0.023104890000
66 0.042593920000
67 0.089373050000
68 0.158778520000
69 0.253782470000
70 0.381510530000
71 0.501890330000
72 0.560323970000
73 0.618757580000
74 0.677191160000
75 0.631774780000
76 0.498404840000
77 0.335035930000
78 0.203678940000
79 0.097394470000
80 0.023104890000
81 0.023104750000
82 0.023104750000
83 0.023104750000
84 0.023104850000
85 0.054802080000
86 0.080799170000
87 0.063324840000
88 0.032112060000
89 0.023104880000

[right]
1 0.023104910000
2 0.023104910000
3 0.026051160000
4 0.040816230000
5 0.074928080000
6 0.128039810000
7 0.159777450000
8 0.141665020000
9 0.111278050000
10 0.068430050000
11 0.023103950000
12 0.023098750000
13 0.023097200000
14 0.023099590000
15 0.099229200000
16 0.203495510000
17 0.125171730000
18 0.029119680000
19 0.126403350000
20 0.261369120000
21 0.419874830000
22 0.444898840000
23 0.425758430000
24 0.478849340000
25 0.617866430000
26 0.730928100000
27 0.753671970000
28 0.655191150000
29 0.465319000000
30 0.386460370000
31 0.368792960000
32 0.250353510000
33 0.118446320000
34 0.024868280000
35 0.066739330000
36 0.105564610000
37 0.141991580000
38 0.176856740000
39 0.146593390000
40 0.107926580000
41 0.058670470000
42 0.023104960000
43 0.023105320000
44 0.023105300000
45 0.023105020000
46 0.030323830000
47 0.047786130000
48 0.028319000000
49 0.023105000000
50 0.023105160000
51 0.023104940000
52 0.040584030000
53 0.064973000000
54 0.085333220000
55 0.102055730000
56 0.115368110000
57 0.114411740000
58 0.096072310000
59 0.077733350000
60 0.052539680000
61 0.030910660000
62 0.021394870000
63 0.026483860000
64 0.029082930000
65 0.023104920000
66 0.023102850000
67 0.038702500000
68 0.064044580000
69 0.099835260000
70 0.149316190000
71 0.198025340000
72 0.224592550000
73 0.252085110000
74 0.280503010000
75 0.267063520000
76 0.213871500000
77 0.143419670000
78 0.088351060000
79 0.045194150000
80 0.023104920000
81 0.023105060000
82 0.023105060000
83 0.023105060000
84 0.023104960000
85 0.027137970000
86 0.035469230000
87 0.029170150000
88 0.020953640000
89 0.023104930000
