  0.00000000
  0.00000000
  0.12839036
  0.25660913
  0.38465426
  0.51251640
  0.64017954
  0.76762248
  0.89482145
  1.02175525
  1.14841949
  1.27517008
  1.40187295
  1.52858901
  1.65545379
  1.78246643
  1.90964024
  2.03697211
  2.16456747
  2.29229371
  2.42083027
  2.54726520
  2.67393644
  2.80078670
  2.92774864
  3.05476128
  3.18178076
  3.30880580
  3.43584433
  3.56287886
  3.68989548
  3.81641967
  3.68112282
  3.54580297
  3.41039226
  3.27497859
  3.13954851
  3.00401237
  2.86823940
  2.73208387
  2.59472861
  2.45729275
  2.32002938
  2.18304432
  2.04635703
  1.90994045
  1.77374543
  1.62470891
  1.49774286
  1.37103799
  1.24462584
  1.11853667
  0.98659849
  0.85704768
  0.72935138
  0.60312617
  0.47809711
  0.35406626
  0.23089204
  0.10847567
 -0.01324832
 -0.13728538
 -0.26055563
 -0.38304512
 -0.50471541
 -0.62550364
 -0.74532237
 -0.86405868
 -0.98157346
 -1.10020450
 -1.21845221
 -1.33628485
 -1.45368512
 -1.57065343
 -1.68721278
 -1.80613211
 -1.92478541
 -2.04325301
 -2.16158255
 -2.27979129
 -2.39787162
 -2.51579443
 -2.63351480
 -2.75920627
 -2.87837730
 -2.82963667
 -2.70734453
 -2.58497322
 -2.46250017
 -2.34249066
 -2.22217141
 -2.10142803
 -1.98018763
 -1.86131832
 -1.74234454
 -1.62011143
 -1.49790326
 -1.37580521
 -1.25387567
 -1.13214889
 -1.01064129
 -0.88521405
 -0.76109987
 -0.63803915
 -0.51584206
 -0.39436891
 -0.27351729
 -0.15321305
 -0.03340449
  0.08594172
  0.20484309
  0.32330297
  0.44131144
  0.55884561
  0.67586929
  0.79233229
  0.90816912
  1.02329745
  1.13761764
  1.25419504
  1.37056410
  1.48672283
  1.60413933
  1.72145254
  1.83869436
  1.95588852
  2.07305167
  2.20774259
  2.33711672
  2.46641142
  2.59558560
  2.72461324
  2.85350807
  2.98303893
  3.11263922
  3.24228197
  3.37196864
  3.50176182
  3.63179876
  3.76229991
  3.74267767
  3.59374648
  3.46288393
  3.33176079
  3.20053281
  3.06927834
  2.93802573
  2.80676859
  2.67548599
  2.54415950
  2.41279313
  2.28143144
  2.15018012
  2.01381919
  1.87788098
  1.74250892
  1.60776515
  1.47365297
  1.34013701
  1.20715851
  1.07464721
  0.94161959
  0.81092585
  0.68200187
  0.55446809
  0.42807236
  0.30264337
  0.17806434
  0.05425744
 -0.06882532
 -0.19120748
 -0.31289105
 -0.43385783
 -0.55406954
 -0.67346704
 -0.79196863
 -0.90946759
 -1.02582853
 -1.14608360
 -1.26628177
 -1.38645203
 -1.50663461
 -1.62683141
 -1.48985953
 -1.35244434
 -1.21474566
 -1.07689122
 -0.93897542
 -0.80087030
 -0.66451353
 -0.52956425
 -0.39578250
 -0.26299920
 -0.13109734
  0.00000000
