 22.00000000
 22.00000000
 22.00000000
 22.01529245
 22.04578594
 22.09125155
 22.15119343
 22.22470246
 22.31027687
 22.40558653
 22.50715165
 22.61014768
 22.70918226
 22.79856935
 22.87182953
 22.92534314
 22.95729835
 22.96693459
 22.95457210
 22.92035340
 22.85329133
 22.74259823
 22.59083795
 22.40215110
 22.18183153
 21.93632048
 21.67331906
 21.40191292
 21.12927547
 20.84996039
 20.56028012
 20.25953703
 19.92756527
 19.61004101
 19.31637906
 19.03915167
 18.76341160
 18.47694866
 18.17068285
 17.83885415
 17.47752281
 17.10343586
 16.73120764
 16.37040382
 16.02724177
 15.70584281
 15.40904982
 15.11307790
 14.88947224
 14.69172764
 14.52020548
 14.37477674
 14.24886041
 14.15101985
 14.07453592
 14.01467902
 13.96821069
 13.93298817
 13.90766146
 13.89143750
 13.88389097
 13.88482968
 13.89449576
 13.91266507
 13.93893047
 13.97257581
 14.01244728
 14.05681671
 14.10323233
 14.14932848
 14.18989615
 14.22096210
 14.23817485
 14.23688009
 14.21222138
 14.15802576
 14.07087740
 13.95088407
 13.79887239
 13.61632903
 13.40534537
 13.16858237
 12.90926371
 12.61173777
 12.31269195
 11.99214858
 11.65859583
 11.32789308
 11.00058202
 10.68263073
 10.36817397
 10.05646304
  9.74810628
  9.45222621
  9.16519994
  8.88334391
  8.61935020
  8.37692744
  8.15823068
  7.96414480
  7.79458150
  7.64377363
  7.51809956
  7.41443554
  7.33033937
  7.26401167
  7.21419556
  7.18006079
  7.16109032
  7.15697559
  7.16752149
  7.19256001
  7.23186979
  7.28509778
  7.35167763
  7.43073758
  7.52098883
  7.62058281
  7.72692537
  7.83950645
  7.95189437
  8.05989063
  8.15994605
  8.24756506
  8.32110296
  8.37964544
  8.42307234
  8.45646629
  8.47221669
  8.47612303
  8.47350281
  8.47146964
  8.47916275
  8.50820279
  8.55370051
  8.60568293
  8.65175071
  8.67664877
  8.66169304
  8.58416417
  8.40218473
  8.09036250
  7.75010166
  7.37997301
  6.99938964
  6.62297144
  6.26197375
  5.92544753
  5.62108667
  5.35573644
  5.13560406
  4.96619022
  4.85198216
  4.79362840
  4.79903523
  4.85589069
  4.95177443
  5.07504304
  5.21532924
  5.36375568
  5.51295710
  5.65797894
  5.79095649
  5.90843532
  6.00860835
  6.09057270
  6.15395188
  6.19868548
  6.22490499
  6.23285362
  6.22282780
  6.19512856
  6.15001772
  6.08767813
  6.00818109
  5.91146803
  5.79735800
  5.66559888
  5.50922488
  5.33107569
  5.13105278
  4.90962798
  4.66802866
  4.37274478
  4.10739730
  3.87431758
  3.67391756
  3.50516667
  3.36587551
  3.25419291
  3.16586794
  3.09792285
  3.04837627
  3.01598196
  3.00000000
