 19.00000000
 19.00000000
 19.00000000
 18.98425430
 18.95279783
 18.90553994
 18.84215355
 18.76196511
 18.66385152
 18.54615709
 18.40665007
 18.24214656
 18.05083306
 17.83149066
 17.58351633
 17.30831454
 17.00775856
 16.68368437
 16.33735317
 15.97030560
 15.58320060
 15.19038342
 14.78780425
 14.37677563
 13.95692724
 13.52613440
 13.08058127
 12.61498287
 12.12524332
 11.61460069
 11.08510696
 10.53715015
  9.93379624
  9.35034055
  8.78141954
  8.23156049
  7.70836950
  7.21860492
  6.76920228
  6.36790607
  6.02177198
  5.72825868
  5.47584818
  5.25361235
  5.05227179
  4.86452812
  4.68505401
  4.49363878
  4.33347576
  4.17560704
  4.02074129
  3.87029092
  3.71908030
  3.57954250
  3.45526815
  3.34809954
  3.25893604
  3.18814890
  3.13580422
  3.10178801
  3.08588169
  3.08786149
  3.10825087
  3.14673137
  3.20304877
  3.27704483
  3.36867697
  3.47801494
  3.60519838
  3.75346064
  3.92211574
  4.11101341
  4.31948225
  4.54619750
  4.78905444
  5.05103816
  5.32317158
  5.60253549
  5.88682927
  6.17450742
  6.46490659
  6.75834352
  7.05618902
  7.38225124
  7.70302013
  8.02952886
  8.34848973
  8.64143556
  8.90805075
  9.14083556
  9.34663859
  9.52223293
  9.66479678
  9.76949089
  9.83879252
  9.87338678
  9.87405693
  9.84761675
  9.80069825
  9.73948279
  9.66953858
  9.59322207
  9.51794935
  9.44830964
  9.38719645
  9.33639231
  9.29693794
  9.26937417
  9.25390947
  9.25054428
  9.25917129
  9.27966276
  9.31195160
  9.35610889
  9.41241830
  9.48144505
  9.56409365
  9.66164475
  9.77575522
  9.91211676
 10.07098531
 10.25373469
 10.46389096
 10.69901677
 10.95788146
 11.23917269
 11.54162188
 11.91242392
 12.29293994
 12.69583355
 13.12063273
 13.56717823
 14.03538283
 14.52736961
 15.04085205
 15.57640607
 16.13518890
 16.71825328
 17.32529084
 17.95260810
 18.64632013
 19.32112144
 19.84792914
 20.32710752
 20.76875587
 21.18357661
 21.58135311
 21.97014513
 22.35584848
 22.74195995
 23.12943217
 23.51660004
 23.89918259
 24.28574590
 24.65071988
 24.98487390
 25.28289052
 25.54262229
 25.76430897
 25.94986478
 26.10227802
 26.22597903
 26.32211216
 26.39715059
 26.45558850
 26.50046281
 26.53375513
 26.55669237
 26.56998062
 26.57399400
 26.56893309
 26.55496287
 26.53233780
 26.50152053
 26.46330014
 26.41891595
 26.37019268
 26.31969142
 26.26867045
 26.22391812
 26.18983840
 26.17134916
 26.17382964
 26.20704591
 26.27118213
 26.35682425
 26.45528954
 26.55892149
 26.66136437
 26.75479153
 26.83538624
 26.90101140
 26.95056158
 26.98357737
 27.00000000
