  0.00000000
 -0.00000000
  0.04503996
  0.09014488
  0.13521395
  0.18020961
  0.22513045
  0.26996276
  0.31468128
  0.35981342
  0.40406495
  0.44834469
  0.49245647
  0.53630070
  0.57984227
  0.62303542
  0.66567622
  0.70736419
  0.74689148
  0.77887020
  0.79744723
  0.80789997
  0.82248684
  0.84958049
  0.88550832
  1.01884526
  1.05518624
  1.08933679
  1.11907805
  1.13690220
  1.13669212
  0.87482177
  0.83993776
  0.81468355
  0.80001631
  0.79352468
  0.78986409
  0.78676052
  0.78319550
  0.78048050
  0.78005440
  0.78379998
  0.79507321
  0.81571407
  0.84649345
  0.88430259
  1.07160390
  1.10655390
  1.11535349
  1.10856733
  1.09207936
  1.06934948
  1.04506336
  0.87958542
  0.83181274
  0.80004130
  0.76956095
  0.74066981
  0.71273830
  0.68610183
  0.66322283
  0.64406104
  0.63977709
  0.64890724
  0.67717247
  0.71184097
  0.73697979
  0.74955189
  0.58723990
  0.43053244
  0.38835903
  0.46903510
  0.66302165
  0.58398153
  0.59831700
  0.65086145
  0.43988967
  0.31073549
  0.38458711
  0.59462238
  0.50033720
  0.51912960
  0.59559401
  0.42933812
  0.34213579
  0.43308896
  0.58952926
  0.55989718
  0.53353702
  0.50667917
  0.47125921
  0.43094946
  0.39099393
  0.36312324
  0.34055190
  0.33019023
  0.34860501
  0.36125638
  0.38980543
  0.43447104
  0.45162502
  0.48138716
  0.50484425
  0.50206863
  0.48903715
  0.46775613
  0.44154844
  0.38396225
  0.36232798
  0.36548791
  0.41236292
  0.45923792
  0.50611292
  0.20764725
  0.18762258
  0.21470409
  0.32491834
  0.62842800
  0.58332766
  0.53645266
  0.40850393
  0.35822504
  0.32942551
  0.31069855
  0.29780160
  0.28869988
  0.24987496
  0.20299995
  0.15612495
  0.10924994
  0.06237494
  0.01549993
