  0.00000000
  0.00000000
  0.18263611
  0.36531476
  0.54793801
  0.73038796
  0.91259776
  1.09451976
  1.27609780
  1.45725553
  1.63817052
  1.81831565
  1.99770262
  2.17621436
  2.35367841
  2.52985722
  2.70440348
  2.87677827
  3.04620076
  3.21182609
  3.37306122
  3.52868389
  3.67845098
  3.82439223
  3.96972478
  4.11644902
  4.27478901
  4.42237337
  4.54916937
  4.62262900
  4.58632991
  4.48589103
  4.42491265
  4.37350397
  4.33323907
  4.30131984
  4.27712296
  4.26105351
  4.25236874
  4.25100883
  4.25696738
  4.27043022
  4.29187052
  4.32246737
  4.36415854
  4.41932674
  4.49023681
  4.57058506
  4.60861533
  4.59381956
  4.53681058
  4.45044506
  4.34440065
  4.22428399
  4.12889058
  4.03937714
  3.95391704
  3.87399160
  3.79881052
  3.72846336
  3.66272600
  3.60097895
  3.54229990
  3.48425007
  3.42477798
  3.36090553
  3.29193870
  3.22096844
  3.14910711
  3.10199989
  3.07514435
  3.05367034
  3.02519910
  2.97629277
  2.93693697
  2.89178837
  2.83576696
  2.80979939
  2.79523212
  2.77607876
  2.74076072
  2.71529601
  2.68562434
  2.64574085
  2.62518499
  2.61117732
  2.59087844
  2.55699335
  2.52438974
  2.49134171
  2.45771153
  2.42746797
  2.40108143
  2.37946401
  2.36081554
  2.34593345
  2.33374052
  2.32035858
  2.30725747
  2.29232192
  2.26810710
  2.23394079
  2.17824707
  2.09704623
  2.00115573
  1.89549097
  1.78197413
  1.66327822
  1.55469785
  1.46195159
  1.64945160
  1.83695161
  2.02445162
  2.21195163
  2.28235797
  2.34401217
  2.41270979
  2.51371189
  2.33331057
  2.14581056
  1.95831055
  1.80186041
  1.65275409
  1.50326474
  1.34825284
  1.18259311
  0.99949978
  0.81199977
  0.62449976
  0.43699975
  0.24949974
  0.06199974
  0.00000000
