  0.00100204
  0.24877887
  0.24877887
  0.24877888
  0.24878102
  0.24878053
  0.24878267
  0.24878306
  0.24878308
  0.24878308
  0.24878306
  0.24878308
  0.24878309
  0.24878310
  0.24878310
  0.24878311
  0.24878311
  0.24878311
  0.24878312
  0.24878304
  0.24290711
  0.22576288
  0.22591098
  0.24539938
  0.24539928
  0.24539934
  0.24999998
  0.18213092
  0.16957233
  0.16087551
  0.15456698
  0.14852057
  0.15217676
  0.15813044
  0.16436837
  0.17097776
  0.17807175
  0.20910422
  0.20910574
  0.20910578
  0.17807174
  0.25000000
  0.17505460
  0.16790097
  0.16122032
  0.15489555
  0.14883705
  0.14297480
  0.14629347
  0.15202660
  0.15797398
  0.16420360
  0.17080232
  0.18255888
  0.19874691
  0.17807172
  0.20293992
  0.20294070
  0.21797338
  0.17639141
  0.16913854
  0.16238313
  0.16366768
  0.15770311
  0.15154678
  0.14899007
  0.14628262
  0.14514713
  0.15026344
  0.15753556
  0.16906078
  0.16108243
  0.15510917
  0.18268617
  0.19783631
  0.23876995
  0.24513131
  0.24513127
  0.24998475
  0.24979911
  0.24964154
  0.24982766
  0.22702252
  0.24999959
  0.24999993
  0.24999992
  0.24999990
  0.24999988
  0.24999985
  0.24999982
  0.24999986
  0.24999967
  0.24999539
  0.24606822
  0.24239884
  0.24176570
  0.23862137
  0.23544202
  0.23204384
  0.22824983
  0.22387909
  0.23787030
  0.24767158
  0.24907526
  0.24630659
  0.24042416
  0.23595145
  0.23234869
  0.22927193
