  0.02310491
  0.02310491
  0.02311511
  0.02311765
  0.02311952
  0.02330415
  0.02083354
  0.02249124
  0.02258223
  0.02222286
  0.02365113
  0.02337176
  0.02330057
  0.02327097
  0.02325884
  0.02325840
  0.02327080
  0.02330712
  0.02342822
  0.04834228
  0.07578608
  0.09387999
  0.05793688
  0.02310497
  0.02310484
  0.02310486
  0.02310486
  0.06263931
  0.09699819
  0.12747952
  0.15547130
  0.18183933
  0.16594765
  0.13972158
  0.11176095
  0.08156787
  0.04847338
  0.02310480
  0.02310482
  0.02310482
  0.04847332
  0.02310486
  0.06263931
  0.09569818
  0.12593504
  0.15402583
  0.18047004
  0.20564525
  0.19144210
  0.16660342
  0.14041660
  0.11250623
  0.08237812
  0.04936843
  0.02310472
  0.04847337
  0.02310478
  0.02310480
  0.02310493
  0.05637857
  0.09003012
  0.12071446
  0.11492700
  0.14161867
  0.16875031
  0.19445785
  0.21963832
  0.23757134
  0.23128389
  0.21833933
  0.19171499
  0.14554240
  0.10976853
  0.09562637
  0.06601467
  0.03396552
  0.02310488
  0.02310485
  0.02310470
  0.05443236
  0.09305412
  0.12869180
  0.14849507
  0.19203659
  0.20927318
  0.19093367
  0.17259416
  0.15425465
  0.13591514
  0.11757564
  0.08575096
  0.05591431
  0.03502999
  0.02251664
  0.02145089
  0.02310491
  0.02111162
  0.02372034
  0.03618249
  0.05566535
  0.08194582
  0.12624330
  0.15425465
  0.13141085
  0.08795991
  0.05498641
  0.03387485
  0.02244403
  0.02145326
