  0.00000000
  0.00000000
  0.00043843
  0.00027205
  0.00020759
 -0.12378982
 -0.02855529
 -0.00425821
 -0.00303271
 -0.00453178
  0.00227388
  0.00100302
  0.00066408
  0.00051221
  0.00043418
  0.00039809
  0.00039744
  0.00044904
  0.00066492
 -0.09450748
 -0.15922470
 -0.20759053
 -0.11295491
  0.00000010
 -0.00000010
 -0.00000007
 -0.00000007
 -0.12500004
 -0.21606548
 -0.30085162
 -0.38128932
 -0.45857276
 -0.41186258
 -0.33577425
 -0.25670906
 -0.17452489
 -0.08903603
 -0.00000016
 -0.00000013
 -0.00000013
 -0.08903590
 -0.00000006
 -0.12500005
 -0.21252735
 -0.29647782
 -0.37708797
 -0.45453574
 -0.52895424
 -0.48692966
 -0.41378295
 -0.33776967
 -0.25878269
 -0.17668090
 -0.09127974
 -0.00000030
 -0.08903602
 -0.00000020
 -0.00000016
  0.00000004
 -0.10898659
 -0.19718214
 -0.28175084
 -0.26553190
 -0.34122399
 -0.42007468
 -0.49584769
 -0.57034235
 -0.62316561
 -0.60468948
 -0.56650420
 -0.48773650
 -0.40320614
 -0.32266496
 -0.24511040
 -0.15376734
 -0.05484924
 -0.00000005
 -0.00000011
 -0.00000042
 -0.12499260
 -0.24989207
 -0.37471279
 -0.49962657
 -0.61313778
 -0.69999998
 -0.69999998
 -0.69999998
 -0.69999998
 -0.69999998
 -0.69999998
 -0.61923157
 -0.49423168
 -0.36923187
 -0.24423419
 -0.12120009
 -0.00000068
  0.12088215
  0.24019283
  0.35791382
  0.47393572
  0.58806060
  0.69999997
  0.69999998
  0.69999998
  0.59215128
  0.46899803
  0.34878598
  0.23081028
  0.11463595
  0.00000000
