  0.01155245
  0.01155245
  0.04741642
  0.09289977
  0.13925971
  0.18567466
  0.23209524
  0.27851528
  0.32493506
  0.37135482
  0.41777455
  0.46419435
  0.51061414
  0.55703392
  0.60345370
  0.64987349
  0.69629327
  0.74271304
  0.78913283
  0.83555236
  0.86114105
  0.84149183
  0.88029557
  0.99781380
  1.04297901
  1.08814490
  1.15455728
  0.87527188
  0.83808190
  0.80437747
  0.77283484
  0.74260279
  0.76088372
  0.79065213
  0.82184178
  0.85488868
  0.89035863
  1.04552105
  1.04552869
  1.04552884
  0.89035864
  1.24999995
  0.87527191
  0.83950451
  0.80610140
  0.77447763
  0.74418519
  0.71487392
  0.73146728
  0.76013289
  0.78986975
  0.82101777
  0.85401042
  0.88940959
  0.99373450
  0.89035856
  1.01469957
  1.01470346
  1.08986688
  0.88195700
  0.84569264
  0.81191561
  0.81833833
  0.78851549
  0.75767293
  0.72795624
  0.69838184
  0.67703646
  0.68454368
  0.69991884
  0.73114977
  0.67622065
  0.63240605
  0.72358985
  0.75649061
  0.87758551
  0.85706883
  0.81200167
  0.78211962
  0.73470435
  0.68747072
  0.64120774
  0.54013869
  0.55223977
  0.50536562
  0.45849062
  0.41161563
  0.36474063
  0.31786564
  0.27099067
  0.22411579
  0.17724109
  0.13037026
  0.08229868
  0.03801498
  0.00809346
  0.00076391
  0.00006485
  0.00000602
  0.00000063
  0.00000008
  0.00000000
  0.00000000
  0.00000000
  0.00000003
  0.00000065
  0.00001012
  0.00013303
  0.00149592
