  1.54641092
  1.54641092
  1.54641092
  1.54642109
  1.54643372
  1.54644818
  1.53489693
  1.53158226
  1.53098927
  1.53049655
  1.52965510
  1.53013009
  1.53036289
  1.53053243
  1.53067509
  1.53080610
  1.53093545
  1.53107382
  1.53124058
  1.53150293
  1.49190204
  1.42275927
  1.33413974
  1.28421036
  1.28421041
  1.28421036
  1.28421032
  1.28421028
  1.22921906
  1.13724302
  1.01245608
  0.85753806
  0.67423679
  0.50804174
  0.37007713
  0.26221007
  0.18684364
  0.14710157
  0.14710148
  0.14710142
  0.14710135
  0.10735934
  0.10735930
  0.05236808
 -0.03820860
 -0.16133302
 -0.31469510
 -0.49652243
 -0.70544902
 -0.89908696
 -1.06598789
 -1.20470064
 -1.31336994
 -1.38960855
 -1.43031421
 -1.43031436
 -1.47005642
 -1.47005652
 -1.47005660
 -1.47005658
 -1.51830853
 -1.60278394
 -1.72028879
 -1.83156387
 -1.97157056
 -2.14078246
 -2.33766664
 -2.56165573
 -2.80494840
 -3.04147309
 -3.26406391
 -3.45799560
 -3.60222590
 -3.70794827
 -3.79844764
 -3.85707219
 -3.88116381
 -3.88116383
 -3.88116387
 -3.88116404
 -3.92732096
 -4.01505149
 -4.14114336
 -4.28855200
 -4.48282986
 -4.69566165
 -4.88875230
 -5.06210183
 -5.21571022
 -5.34957748
 -5.46370362
 -5.54357283
 -5.59132467
 -5.61654870
 -5.62678855
 -5.62899420
 -5.62899419
 -5.63209149
 -5.64341319
 -5.66811592
 -5.71162630
 -5.77987882
 -5.88830957
 -6.01981651
 -6.13258385
 -6.20616658
 -6.24901813
 -6.27146369
 -6.28091564
 -6.28318531
