  0.01155245
  0.01155245
  0.04742640
  0.09291190
  0.13927358
  0.19676387
  0.23527733
  0.27908455
  0.32540807
  0.37216261
  0.41823054
  0.46441784
  0.51077690
  0.55717087
  0.60357947
  0.64999767
  0.69642610
  0.74287312
  0.78938469
  0.87356922
  0.92751811
  0.92656658
  0.92822778
  0.99781385
  1.04297906
  1.08814494
  1.15455732
  0.92806346
  0.92637890
  0.92417293
  0.92155615
  0.91857200
  0.92043096
  0.92309817
  0.92539416
  0.92724045
  0.92851101
  1.04552113
  1.04552875
  1.04552891
  0.92851097
  1.24999998
  0.92806349
  0.92645811
  0.92430084
  0.92170523
  0.91873942
  0.91544345
  0.91735971
  0.92035779
  0.92303399
  0.92534029
  0.92719949
  0.92848702
  0.99373465
  0.92851094
  1.01469967
  1.01470354
  1.08986690
  0.92827886
  0.92678904
  0.92472027
  0.92516240
  0.92292191
  0.92011636
  0.91696505
  0.91341137
  0.91059742
  0.91160737
  0.91360603
  0.91732419
  0.81468173
  0.73389952
  0.81046925
  0.81277018
  0.90071346
  0.85706885
  0.81200171
  0.78211978
  0.77901500
  0.77169203
  0.76225593
  0.68165098
  0.73874652
  0.70968413
  0.64385765
  0.57803117
  0.51220469
  0.44637822
  0.38055176
  0.30079024
  0.22308296
  0.15458657
  0.09214328
  0.04023743
  0.00809346
  0.00080846
  0.00007248
  0.00000710
  0.00000079
  0.00000010
  0.00000000
  0.00000000
  0.00000000
  0.00000004
  0.00000081
  0.00001188
  0.00014804
  0.00157860
