  2.96004843
  2.96004843
  2.96004843
  3.00645282
  3.09926163
  3.23847610
  3.42409549
  3.65604120
  3.93434238
  4.25902003
  4.63007335
  5.04749453
  5.51130516
  6.02150199
  6.57808446
  7.18105254
  7.83040645
  8.52614663
  9.26827380
 10.05678938
 10.89169688
 11.75015932
 12.58244735
 13.43820669
 14.39532420
 15.39576485
 16.43952926
 17.54699737
 18.38657087
 19.17623468
 19.90619014
 20.56165886
 21.12324034
 21.59826103
 21.98288740
 22.28013717
 22.50173774
 22.66712934
 22.82037305
 22.97361780
 23.12686251
 23.25736363
 23.39130515
 23.48509332
 23.52903647
 23.49824396
 23.37383647
 23.14349139
 22.80294634
 22.32868070
 21.73367982
 21.04233278
 20.27572214
 19.44985273
 18.57500246
 17.59105763
 16.70947033
 15.69991526
 14.69035630
 13.60601501
 12.72852949
 11.88400151
 11.07250124
 10.26329001
  9.50143236
  8.80379802
  8.19092551
  7.68803063
  7.31703417
  7.09091463
  7.02095607
  7.11027722
  7.32068333
  7.60179759
  7.99004715
  8.45198247
  9.02766052
  9.60530019
 10.15256592
 10.67969202
 11.17486169
 11.66113736
 12.15265818
 12.60703805
 13.11041434
 13.60252261
 14.06094909
 14.46617984
 14.80884314
 15.08728882
 15.30510342
 15.46888546
 15.58834598
 15.67151417
 15.72232910
 15.74443192
 15.73966779
 15.70863638
 15.65260536
 15.57374473
 15.47585107
 15.36510264
 15.24091994
 15.12079513
 15.05108682
 15.01826321
 15.00524932
 15.00103238
 15.00008948
 15.00000000
