1 1 1 0.000000000000
1 1 2 4.957627118644
1 2 1 9.007263922518
1 2 2 4.921307506053
1 3 1 9.007263922518
1 3 2 -0.018159806295
1 4 1 0.036319612591
1 4 2 0.090799031477
2 1 1 20.012106537530
2 1 2 4.957627118644
2 2 1 19.939467312349
2 2 2 0.090799031477
2 3 1 30.000000000000
2 3 2 0.018159806295
2 4 1 30.000000000000
2 4 2 4.993946731235
3 1 1 17.070217917676
3 1 2 29.909200968523
3 2 1 17.033898305085
3 2 2 22.863196125908
3 3 1 21.791767554479
3 3 2 23.008474576271
3 4 1 22.191283292978
3 4 2 29.909200968523
4 1 1 24.152542372881
4 1 2 15.889830508475
4 2 1 19.140435835351
4 2 2 12.802663438257
4 3 1 25.169491525424
4 3 2 9.497578692494
4 4 1 26.622276029056
4 4 2 12.947941888620
5 1 1 9.152542372881
5 1 2 19.739709443099
5 2 1 5.629539951574
5 2 2 17.088377723971
5 3 1 10.496368038741
5 3 2 15.345036319613
5 4 1 11.912832929782
5 4 2 17.378934624697
