  0.00000000
  0.00000000
  0.10133413
  0.20255859
  0.30366722
  0.40464254
  0.50544790
  0.60596947
  0.63487884
  0.53439863
  0.43378304
  0.33315936
  0.23264232
  0.13235892
  0.03215046
 -0.06843747
 -0.16940296
 -0.27057352
 -0.37191507
 -0.48103177
 -0.59068904
 -0.69997070
 -0.69998120
 -0.69998578
 -0.69998796
 -0.69998893
 -0.69998914
 -0.69997837
 -0.58262158
 -0.46854140
 -0.35677062
 -0.24671806
 -0.13801372
 -0.03042603
  0.07618409
  0.18280256
  0.28846471
  0.39312862
  0.49670371
  0.59904930
  0.69996529
  0.69998713
  0.69998663
  0.64612602
  0.54322274
  0.44078025
  0.33871446
  0.23696955
  0.13552202
  0.02347977
 -0.08821987
 -0.20031894
 -0.31217936
 -0.37783828
 -0.26520634
 -0.15195977
 -0.03862655
  0.06768896
  0.00902659
 -0.00044108
 -0.00010810
 -0.00016640
 -0.00056495
 -0.00055857
 -0.00088138
 -0.00009194
  0.00025466
  0.00001710
 -0.00002349
 -0.00003424
 -0.00008221
 -0.00005328
 -0.00005168
 -0.00005690
 -0.00016008
 -0.00048214
  0.00220554
  0.01389655
  0.02543005
 -0.05631120
 -0.16150390
 -0.27257668
 -0.38370455
 -0.34798473
 -0.23379350
 -0.11717575
  0.00000000
