  0.00000000
  0.49971837
  0.49969813
  0.49965054
  0.49955237
  0.49932754
  0.49857991
  0.14356813
 -0.49779717
 -0.49825745
 -0.49795205
 -0.49702351
 -0.49549372
 -0.49483708
 -0.49653483
 -0.49829685
 -0.49915102
 -0.49949987
 -0.49965220
 -0.49957979
 -0.49471508
 -0.00004577
 -0.00001984
 -0.00000944
 -0.00000422
 -0.00000092
  0.00004760
  0.49990832
  0.49996222
  0.49997326
  0.49997772
  0.49997983
  0.49998073
  0.49998079
  0.49998025
  0.49997857
  0.49997541
  0.49996929
  0.49995505
  0.49989586
  0.00010737
 -0.00000247
 -0.26749595
 -0.49992342
 -0.49995520
 -0.49996441
 -0.49996718
 -0.49996591
 -0.49996163
 -0.49993625
 -0.49988231
 -0.49968716
 -0.29352897
  0.49914080
  0.49901217
  0.49768390
  0.46624456
 -0.25722792
 -0.04149754
  0.00145929
 -0.00025565
 -0.00167076
  0.00002672
 -0.00135317
  0.00330922
  0.00145296
 -0.00099583
 -0.00017014
 -0.00004506
 -0.00020107
  0.00012123
  0.00000674
 -0.00002176
 -0.00043245
 -0.00135043
  0.01126583
  0.04900841
  0.04835255
 -0.34264647
 -0.44094437
 -0.46558494
 -0.46579542
  0.14971061
  0.47856661
  0.48880416
  0.49120288
  0.00000000
