 25.00000000
 25.00000000
 25.00000000
 24.96919191
 24.90767238
 24.81554672
 24.69295449
 24.54013996
 24.35762962
 24.14595897
 23.90767387
 23.64472146
 23.35876332
 23.05082165
 22.72093062
 22.36782816
 21.98872310
 21.57918507
 21.13327505
 20.60811620
 20.09579424
 19.60233976
 19.12448645
 18.69654752
 18.33230950
 18.03576807
 17.80374553
 17.62880006
 17.49593699
 17.40651965
 17.34546620
 17.30402614
 17.27732637
 17.26287282
 17.25956012
 17.26702119
 17.28504312
 17.31289632
 17.34900076
 17.39047008
 17.43264057
 17.46947325
 17.48989114
 17.48498535
 17.44411423
 17.36042535
 17.23316009
 17.06344036
 16.85418553
 16.58378975
 16.27843653
 15.94779409
 15.60972509
 15.28687598
 15.00923706
 14.81236138
 14.68191059
 14.59391956
 14.51546137
 14.40712581
 14.29029459
 14.16882826
 14.03681962
 13.91017997
 13.78909820
 13.67353551
 13.56359287
 13.45892296
 13.35939973
 13.26510948
 13.17606402
 13.09226484
 13.01372080
 12.94042290
 12.87236873
 12.80955711
 12.75199843
 12.69971973
 12.65248875
 12.60959951
 12.57078391
 12.53965176
 12.51813261
 12.50599130
 12.50129145
 12.50014119
 12.50000000
