  0.00112082
  0.21069344
  0.21059755
  0.21050153
  0.21039877
  0.21028707
  0.21017466
  0.21039780
  0.21042084
  0.21046606
  0.21051784
  0.21055984
  0.21058102
  0.21058335
  0.21058904
  0.21059649
  0.21059649
  0.21059662
  0.21059666
  0.21059658
  0.21059652
  0.21059655
  0.21059667
  0.21059687
  0.21059717
  0.21059756
  0.21059806
  0.21059873
  0.21731566
  0.21733469
  0.21743317
  0.21800557
  0.21885789
  0.22163623
  0.22289753
  0.22329071
  0.22349498
  0.22351545
  0.24999887
  0.24999881
  0.24999880
  0.24999879
  0.24999876
  0.24803695
  0.24475741
  0.24141326
  0.23840569
  0.24990257
  0.24414598
  0.23930251
  0.23579004
  0.23306601
  0.23080428
  0.22878485
  0.22684258
  0.22484352
  0.22267613
  0.22025238
  0.21751941
  0.21894673
  0.21800245
  0.21729764
  0.21764590
  0.21775561
  0.21796148
  0.23197278
  0.23328168
  0.23404552
  0.23597341
  0.23597085
  0.23603822
  0.23602513
  0.23603294
  0.23604974
  0.23610397
  0.23599625
  0.23590638
