  0.00000000
  0.00000000
  0.10532494
  0.21059975
  0.31582098
  0.42097725
  0.52603084
  0.56969395
  0.46461463
  0.35949488
  0.25436449
  0.14926373
  0.04434986
 -0.05919162
 -0.05623688
 -0.00419187
  0.00162386
 -0.00009555
 -0.00007836
  0.00001216
  0.00000669
  0.00000240
  0.00000430
  0.00000705
 -0.00000652
  0.00003833
  0.00000558
 -0.02116217
 -0.03753972
  0.07069631
  0.17930206
  0.28798446
  0.39688747
  0.28747895
  0.17668567
  0.06529614
  0.04753290
  0.15912397
  0.14605586
  0.27105281
  0.39605070
  0.52104867
  0.64604603
  0.69999633
  0.69999805
  0.69999847
  0.69999858
  0.68695828
  0.56200836
  0.43993617
  0.32028553
  0.20239105
  0.08585855
 -0.02954309
 -0.14393501
 -0.25735573
 -0.36977684
 -0.48111407
 -0.59123901
 -0.69999562
 -0.69999799
 -0.69999758
 -0.60176591
 -0.49294696
 -0.38407181
 -0.27509358
 -0.15911035
 -0.04247516
  0.00211247
 -0.00196955
  0.03133372
  0.14900583
  0.26693333
  0.38479301
  0.35373363
  0.23581702
  0.11789318
  0.00000000
