  0.00000000
  0.49989659
  0.49988618
  0.49985966
  0.49979503
  0.49957224
  0.20774669
 -0.49943157
 -0.49956907
 -0.49951231
 -0.49924868
 -0.49826159
 -0.49169440
  0.01403103
  0.24714029
  0.02761542
 -0.00816447
  0.00008161
  0.00042979
 -0.00002597
 -0.00002038
  0.00000903
  0.00001309
 -0.00006447
  0.00021301
 -0.00015561
 -0.10051292
 -0.07776521
  0.49805683
  0.49971614
  0.49984251
  0.49954136
 -0.49990646
 -0.49988804
 -0.49973450
 -0.07955172
  0.49930086
 -0.05846700
  0.49999004
  0.49999396
  0.49999428
  0.49999186
  0.21580230
  0.00000690
  0.00000171
  0.00000048
 -0.05469812
 -0.49999454
 -0.49999674
 -0.49999743
 -0.49999772
 -0.49999784
 -0.49999784
 -0.49999774
 -0.49999752
 -0.49999710
 -0.49999627
 -0.49999433
 -0.49998575
 -0.00001084
  0.00000190
  0.45206008
  0.49998160
  0.49998779
  0.49998845
  0.49998639
  0.49997580
  0.19051342
 -0.01730439
  0.14113283
  0.49853000
  0.49963964
  0.49933591
 -0.13157971
 -0.49942706
 -0.49968543
 -0.49974572
  0.00000000
