  6.99183673
  6.99183673
  6.99183673
  6.99183673
  6.99195373
  6.99283784
  6.99617892
  7.00528118
  7.02577777
  7.06438920
  7.12370828
  7.20492586
  7.30755109
  7.42910951
  7.56477434
  7.70694180
  7.85469880
  8.01255404
  8.18114264
  8.36025936
  8.54990438
  8.75009173
  8.96082078
  9.18209086
  9.41390263
  9.65625709
  9.90915069
 10.17259748
 10.44658802
 10.73214222
 10.99201327
 11.26737789
 11.59162285
 11.98902027
 12.47676457
 13.00407278
 13.53573949
 14.04877709
 14.53870095
 15.07294262
 15.58493749
 16.08075211
 16.55943210
 17.01377333
 17.42841464
 17.78910442
 18.09086305
 18.33519215
 18.53832473
 18.68756275
 18.79354133
 18.86332268
 18.90079010
 18.90793781
 18.88579676
 18.83514233
 18.75707690
 18.65356021
 18.52796062
 18.38571384
 18.23206683
 18.08129402
 17.94544951
 17.83840665
 17.76653884
 17.73223670
 17.73490844
 17.76877344
 17.81468290
 17.85966112
 17.89951057
 17.93448526
 17.96332043
 17.98344178
 17.99478213
 17.99905171
 17.99996330
 18.00000000
