  0.00161654
  0.22216877
  0.22216528
  0.22216272
  0.22216319
  0.22216354
  0.22216289
  0.22216235
  0.22216205
  0.22216179
  0.22216142
  0.22216141
  0.22216200
  0.22216279
  0.22216509
  0.22217246
  0.22219584
  0.22221996
  0.22222841
  0.22233085
  0.22306478
  0.22365452
  0.22399503
  0.22403832
  0.22405243
  0.22508189
  0.22545383
  0.22564208
  0.23096870
  0.23245016
  0.23540403
  0.23976314
  0.24678539
  0.24955236
  0.24912963
  0.24487793
  0.23787260
  0.23125994
  0.22584224
  0.22175010
  0.21886348
  0.21698512
  0.21590955
  0.21544746
  0.21543287
  0.21572428
  0.21620460
  0.22689246
  0.22413139
  0.22213414
  0.22051972
  0.21910316
  0.21778486
