  0.00000000
  0.00000000
  0.16662541
  0.33324815
  0.49986893
  0.66648999
  0.83311126
  0.99973198
  1.16635222
  1.33297217
  1.49959182
  1.66621110
  1.83283027
  1.99944975
  2.16606969
  2.33269118
  2.49931802
  2.66596216
  2.83262412
  2.99929210
  3.16603650
  3.33333082
  3.50106674
  3.66905705
  3.83707833
  4.00510769
  4.17390406
  4.34296403
  4.26797971
  4.09478317
  3.92046066
  3.74391768
  3.56410273
  3.37901938
  3.19185970
  3.00501633
  2.82136122
  2.64295975
  2.46951750
  2.30013830
  2.13382804
  1.96968259
  1.80694579
  1.64501556
  1.48343179
  1.32185888
  1.16006733
  0.99791547
  0.82774765
  0.65965058
  0.49305144
  0.32766310
  0.16333718
  0.00000000
