  7.00000000
  7.00000000
  7.00000000
  7.03302395
  7.09911245
  7.19847031
  7.33146452
  7.49839349
  7.69932414
  7.93409795
  8.20245166
  8.50420878
  8.83936146
  9.20799223
  9.61020075
 10.04606340
 10.51539057
 11.01726814
 11.55102699
 12.11987885
 12.73299194
 13.40193776
 14.12932643
 14.90432202
 15.71970380
 16.57036081
 17.45157600
 18.36073751
 19.30811575
 20.27411592
 21.22252005
 22.14194894
 22.99499519
 23.71563822
 24.18474694
 24.36976602
 24.29625564
 24.02875618
 23.63846753
 23.18480179
 22.71225443
 22.25205555
 21.82480300
 21.44288063
 21.11243446
 20.83495953
 20.60859458
 20.42920107
 20.28483993
 20.17969659
 20.10367773
 20.05050774
 20.01656704
 20.00000000
