  0.00000000
 -0.74999998
 -0.74999998
 -0.74999997
 -0.74999997
 -0.74999997
 -0.74999997
 -0.74999997
 -0.74999996
 -0.74999996
 -0.74999996
 -0.74999996
 -0.74999995
 -0.74999995
 -0.74999994
 -0.74999994
 -0.74999993
 -0.74999992
 -0.74999991
 -0.74999989
 -0.74999987
 -0.74999986
 -0.74999981
 -0.74999972
 -0.74999946
  0.14015393
  0.74999946
  0.74999970
  0.74999973
  0.74999982
  0.74999972
  0.74999975
  0.74999978
  0.74999980
  0.74999982
  0.74999983
  0.74999985
  0.74999986
  0.74999987
  0.74999987
  0.74999993
  0.74999993
  0.74999994
  0.74999995
  0.74999995
  0.74999996
  0.74999997
  0.74999997
  0.74999997
  0.74999998
  0.74999998
  0.74999998
  0.74999998
  0.74999998
  0.74999998
  0.74999997
  0.74999997
  0.74999997
  0.74999997
  0.74999996
  0.74999995
  0.74999996
  0.74999996
  0.74999995
  0.74999995
  0.74999994
  0.74999992
  0.74999992
  0.74999991
  0.74999990
  0.74999990
  0.74999988
  0.74999987
  0.74999985
  0.74999983
  0.74999981
  0.74999977
  0.74999972
  0.74999964
  0.74999950
  0.74999920
  0.74999801
  0.67390204
 -0.00000014
 -0.00000011
  0.00000021
  0.00000013
 -0.00000015
 -0.00000022
  0.00000023
  0.00000001
 -0.00000024
 -0.00000023
 -0.00000033
  0.00000007
 -0.00000024
 -0.00000000
  0.00000071
 -0.00000003
  0.00000003
 -0.25086858
 -0.74999794
 -0.74999898
 -0.74999936
 -0.74999953
 -0.74999963
 -0.74999970
 -0.74999974
 -0.74999978
 -0.74999981
 -0.74999983
 -0.74999984
 -0.74999986
 -0.74999987
 -0.74999988
 -0.74999989
 -0.74999990
 -0.74999990
 -0.74999991
 -0.74999992
 -0.74999992
 -0.74999992
 -0.74999993
 -0.74999993
 -0.74999994
 -0.74999994
 -0.74999994
 -0.74999994
 -0.74999995
 -0.74999995
 -0.74999995
 -0.74999995
 -0.74999995
 -0.74999996
 -0.74999996
 -0.74999996
 -0.74999996
  0.00000000
