  0.01155245
  0.01155245
  0.04147412
  0.08336671
  0.11867965
  0.15131940
  0.18894933
  0.22666661
  0.26444240
  0.30243944
  0.34019763
  0.37758985
  0.41525397
  0.45299969
  0.49092569
  0.52890637
  0.56642816
  0.62561262
  0.67662057
  0.67826389
  0.71589827
  0.84096436
  0.94138853
  1.04927608
  1.16705080
  1.29815299
  1.27786920
  1.14878846
  0.91163899
  0.93792157
  0.50278459
  0.48589832
  0.49286801
  0.49273473
  0.49146913
  0.45517254
  0.42249548
  0.40345751
  0.38441964
  0.36538177
  0.51133443
  0.49837649
  0.48090293
  0.45944262
  0.43433988
  0.40581259
  0.38864755
  0.31339536
  0.23363810
  0.16359989
  0.10133498
  0.04675133
  0.00958674
  0.00085572
  0.00006568
  0.00000537
  0.00000049
  0.00000005
  0.00000000
  0.00000000
  0.00000000
  0.00000000
  0.00000000
  0.00000000
  0.00000000
  0.00000000
  0.00000000
  0.00000000
  0.00000000
  0.00000000
 -0.00000000
 -0.00000000
 -0.00000000
 -0.00000000
 -0.00000000
 -0.00000000
 -0.00000000
 -0.00000000
 -0.00000000
 -0.00000000
 -0.00000000
 -0.00000000
 -0.00000000
 -0.00000000
  0.00000000
 -0.00000000
  0.00000000
 -0.00000000
 -0.00000000
  0.00000000
 -0.00000000
 -0.00000000
 -0.00000000
  0.00000000
  0.00000000
 -0.00000000
  0.00000000
  0.00000000
 -0.00000000
 -0.00000000
 -0.00000000
  0.00000000
 -0.00000000
 -0.00000000
 -0.00000000
 -0.00000000
 -0.00000000
 -0.00000000
 -0.00000000
  0.00000000
  0.00000000
  0.00000000
  0.00000000
  0.00000000
  0.00000000
  0.00000000
  0.00000000
  0.00000000
  0.00000000
  0.00000000
  0.00000000
  0.00000000
  0.00000000
  0.00000000
  0.00000000
  0.00000000
  0.00000000
  0.00000000
  0.00000002
  0.00000008
  0.00000038
  0.00000173
  0.00000801
  0.00003702
  0.00017386
  0.00081269
  0.00339872
