  0.00000000
  0.00000000
 -0.05559321
 -0.10660349
 -0.05051617
 -0.00290877
 -0.00181639
 -0.00148294
 -0.00147490
 -0.00223251
  0.00208904
  0.00096351
  0.00072521
  0.00071443
  0.00108824
 -0.00151658
 -0.00104276
 -0.03801377
 -0.05635068
  0.00000171
  0.00000115
  0.00000002
 -0.06282742
 -0.12767066
 -0.19681281
 -0.27315055
 -0.26372350
 -0.18840890
 -0.11990404
 -0.06282754
  0.00000000
  0.00000010
  0.00000007
 -0.03950231
 -0.07954437
 -0.03964960
 -0.00000121
 -0.00000037
 -0.00000025
 -0.00000020
 -0.00000001
  0.05907781
  0.12006550
  0.18484557
  0.25579543
  0.33617622
  0.42114415
  0.37843167
  0.28819570
  0.21014793
  0.13993042
  0.07448378
  0.01146032
 -0.05057313
 -0.11355809
 -0.17948486
 -0.25063084
 -0.32987201
 -0.42114413
 -0.42114415
 -0.41164418
 -0.33465370
 -0.25544887
 -0.18513165
 -0.12058378
 -0.05949798
  0.00000002
  0.00000020
  0.00000019
  0.00000018
  0.00000018
  0.00000017
  0.00000017
  0.00000016
  0.00000016
  0.00000015
  0.00000015
  0.00000014
  0.00000013
  0.00000011
 -0.00000017
 -0.05363869
 -0.10131319
 -0.14724487
 -0.19243851
 -0.19634380
 -0.15282148
 -0.14513410
 -0.17441124
 -0.22011232
 -0.17614964
 -0.17092002
 -0.21654395
 -0.26343521
 -0.30228972
 -0.25579819
 -0.21091515
 -0.17008940
 -0.13125027
 -0.08815924
 -0.04463593
  0.00000001
  0.00000008
  0.00000004
 -0.04559368
 -0.09197650
 -0.13999729
 -0.10038866
 -0.05334776
 -0.00710998
 -0.00003944
  0.00864278
  0.00055724
  0.00036877
  0.00031358
  0.00029858
  0.00030603
  0.00033370
  0.00038845
  0.00049312
  0.00072992
  0.00168650
 -0.00180635
 -0.00097143
 -0.00078662
 -0.00074421
 -0.00076729
 -0.00084099
 -0.00097092
 -0.00117923
 -0.00151466
 -0.00208688
 -0.00319167
 -0.00642539
 -0.02993179
 -0.06406123
 -0.04081070
