  0.02310491
  0.02310491
  0.02575679
  0.03770740
  0.03229191
  0.02353079
  0.02343968
  0.02343130
  0.02348197
  0.02376508
  0.02248008
  0.02277863
  0.02283638
  0.02281986
  0.02264734
  0.02385595
  0.02364335
  0.07952018
  0.11862125
  0.02310393
  0.02310422
  0.02310489
  0.17666315
  0.36478568
  0.58339280
  0.84309228
  0.80755668
  0.55409045
  0.30170843
  0.17605538
  0.02310490
  0.02310486
  0.02310488
  0.06722107
  0.11906208
  0.06324186
  0.02310537
  0.02310504
  0.02310499
  0.02310497
  0.02310491
  0.04402425
  0.07081124
  0.09263032
  0.10996982
  0.12318973
  0.13595965
  0.10236924
  0.06537555
  0.04009689
  0.02458499
  0.02111990
  0.02316156
  0.02125545
  0.02276648
  0.03438641
  0.05291327
  0.07792295
  0.11547542
  0.13192206
  0.12226580
  0.12927468
  0.11142457
  0.09124920
  0.06825702
  0.04191205
  0.02310492
  0.02310503
  0.02310503
  0.02310503
  0.02310503
  0.02310504
  0.02310504
  0.02310504
  0.02310504
  0.02310505
  0.02310505
  0.02310505
  0.02310504
  0.02310502
  0.02310470
  0.05554499
  0.09104488
  0.12236380
  0.15068723
  0.15302672
  0.12401060
  0.12098246
  0.13966970
  0.16691481
  0.14074802
  0.13749378
  0.16486752
  0.19075960
  0.21065495
  0.18668787
  0.15122674
  0.12404199
  0.11176085
  0.08156778
  0.04847329
  0.02310491
  0.02310499
  0.02310495
  0.04667366
  0.08035593
  0.11333137
  0.08259675
  0.04814579
  0.02030962
  0.02307262
  0.03386908
  0.02353028
  0.02337173
  0.02332066
  0.02330015
  0.02329484
  0.02330113
  0.02332091
  0.02336380
  0.02346670
  0.02390599
  0.02237051
  0.02272944
  0.02282291
  0.02285964
  0.02287434
  0.02287657
  0.02286927
  0.02285248
  0.02282379
  0.02277675
  0.02269366
  0.02246825
  0.02131311
  0.02092864
  0.02219783
