task_id 12

[x]
1 22.000000000000
2 22.000000000000
3 22.000000000000
4 21.962276070000
5 21.886828430000
6 21.773662540000
7 21.622785360000
8 21.434190160000
9 21.207877120000
10 20.943846660000
11 20.642099500000
12 20.302637870000
13 19.925453550000
14 19.510548190000
15 19.057921830000
16 18.567573920000
17 18.039502340000
18 17.473718670000
19 16.870222070000
20 16.228843040000
21 15.552554320000
22 14.838740380000
23 14.000223520000
24 13.114968310000
25 12.188397130000
26 11.237671020000
27 10.309198690000
28 9.546316760000
29 9.016169950000
30 8.703053140000
31 8.445858690000
32 8.326617850000
33 8.211381790000
34 8.094492760000
35 7.981904900000
36 7.881953690000
37 7.801568240000
38 7.731345900000
39 7.664287980000
40 7.600394350000
41 7.539665010000
42 7.454677200000
43 7.376288870000
44 7.292801800000
45 7.197543760000
46 7.088266960000
47 6.966552820000
48 6.831185770000
49 6.696192160000
50 6.576261440000
51 6.481753130000
52 6.417975440000
53 6.387332950000
54 6.390549490000
55 6.426721910000
56 6.495046330000
57 6.595391450000
58 6.728763230000
59 6.897578080000
60 7.115971460000
61 7.386895500000
62 7.657425050000
63 8.024781540000
64 8.442691770000
65 8.906052580000
66 9.410816400000
67 9.954910810000
68 10.444102350000
69 10.962517300000
70 11.510155710000
71 12.087017580000
72 12.693102910000
73 13.328411700000
74 13.992943940000
75 14.686699640000
76 15.409678790000
77 16.161881390000
78 16.943307440000
79 17.753956930000
80 18.593829880000
81 19.462926370000
82 20.428681370000
83 21.298979660000
84 22.123913540000
85 22.897401820000
86 23.607711920000
87 24.260381090000
88 24.854305830000
89 25.393546440000
90 25.845806040000
91 26.190570170000
92 26.426713540000
93 26.556746280000
94 26.578936020000
95 26.479718790000
96 26.250771350000
97 25.869879200000
98 25.393628250000
99 24.844031000000
100 24.151105760000
101 23.385019320000
102 22.559659970000
103 21.744128820000
104 20.950181890000
105 20.146866150000
106 19.366490510000
107 18.598895180000
108 17.837448360000
109 17.081453460000
110 16.343914120000
111 15.630569190000
112 14.942659270000
113 14.280227130000
114 13.643281190000
115 13.031814880000
116 12.445827460000
117 11.885318650000
118 11.350288300000
119 10.840736340000
120 10.356662730000
121 9.898067480000
122 9.464950660000
123 9.057312550000
124 8.675154480000
125 8.318471110000
126 7.987264020000
127 7.681533650000
128 7.401280220000
129 7.146503870000
130 6.917204730000
131 6.713382870000
132 6.535038370000
133 6.382171320000
134 6.254781770000
135 6.152869810000
136 6.076435480000
137 6.025478640000
138 6.000000000000

[y]
1 26.632653060000
2 26.632653060000
3 26.632653060000
4 26.632653060000
5 26.632494830000
6 26.631347270000
7 26.628954580000
8 26.625880940000
9 26.622115030000
10 26.617632840000
11 26.612392820000
12 26.606269080000
13 26.599732450000
14 26.592692960000
15 26.585149720000
16 26.577136470000
17 26.568788630000
18 26.559391350000
19 26.549011480000
20 26.523251120000
21 26.471540600000
22 26.416961640000
23 26.352848460000
24 26.285161680000
25 26.162051850000
26 25.917845040000
27 25.475489810000
28 24.798872630000
29 23.983187060000
30 23.227991540000
31 22.381638290000
32 21.893197950000
33 21.421162170000
34 20.942355530000
35 20.481167610000
36 20.035639850000
37 19.604588890000
38 19.187970550000
39 18.790125000000
40 18.411052460000
41 18.050752960000
42 17.546530820000
43 17.081462590000
44 16.658420550000
45 16.280025820000
46 15.948880980000
47 15.667257870000
48 15.425867180000
49 15.239797430000
50 15.101566550000
51 15.003587990000
52 14.941145880000
53 14.911885640000
54 14.914937740000
55 14.949264380000
56 15.013775690000
57 15.106515430000
58 15.223847230000
59 15.359521290000
60 15.510715590000
61 15.656504990000
62 15.759603480000
63 15.851424420000
64 15.901058160000
65 15.906019930000
66 15.868050960000
67 15.793529010000
68 15.710163720000
69 15.621818350000
70 15.528492930000
71 15.430187490000
72 15.326902020000
73 15.218636530000
74 15.105391030000
75 14.987165530000
76 14.863960040000
77 14.735774560000
78 14.602609110000
79 14.464463680000
80 14.321338290000
81 14.173232930000
82 14.008655790000
83 13.860345550000
84 13.679209500000
85 13.438488130000
86 13.120435690000
87 12.701392730000
88 12.177267700000
89 11.570685390000
90 10.922083760000
91 10.245033050000
92 9.491680000000
93 8.709253730000
94 7.947457350000
95 7.221949340000
96 6.550947010000
97 5.920016380000
98 5.389612710000
99 4.937125280000
100 4.495221990000
101 4.115819600000
102 3.781873010000
103 3.489042060000
104 3.203961300000
105 2.915516440000
106 2.635308590000
107 2.392026000000
108 2.211436430000
109 2.117742040000
110 2.083175950000
111 2.077866260000
112 2.076235070000
113 2.074682260000
114 2.069542400000
115 2.064391100000
116 2.059322300000
117 2.054370880000
118 2.049554980000
119 2.044884970000
120 2.040366160000
121 2.035998940000
122 2.031776390000
123 2.027673350000
124 2.023564010000
125 2.019974860000
126 2.016756850000
127 2.013866030000
128 2.011279880000
129 2.008983620000
130 2.006966120000
131 2.005218170000
132 2.003731580000
133 2.002498650000
134 2.001511850000
135 2.000763850000
136 2.000252900000
137 2.000028850000
138 2.000000000000

[theta]
1 0.000000000000
2 0.000000000000
3 0.000000000000
4 0.002097190000
5 0.010140200000
6 0.015857200000
7 0.016296120000
8 0.016638730000
9 0.016974380000
10 0.017363860000
11 0.018037610000
12 0.017328350000
13 0.016964870000
14 0.016663940000
15 0.016340520000
16 0.015806840000
17 0.016607800000
18 0.017197860000
19 0.040142430000
20 0.076313720000
21 0.076312560000
22 0.076311730000
23 0.076311710000
24 0.132092350000
25 0.251427900000
26 0.444617210000
27 0.725542830000
28 0.994463180000
29 1.177753040000
30 1.275778710000
31 1.331354020000
32 1.331354020000
33 1.331353970000
34 1.331353940000
35 1.350106940000
36 1.386427050000
37 1.403812690000
38 1.403813200000
39 1.403813350000
40 1.403813450000
41 1.403813520000
42 1.403813520000
43 1.375950760000
44 1.324178350000
45 1.252051460000
46 1.162853160000
47 1.059714480000
48 0.943160440000
49 0.856166230000
50 0.803424720000
51 0.774817100000
52 0.762327490000
53 0.759171690000
54 0.759222510000
55 0.756700550000
56 0.746029760000
57 0.721505400000
58 0.676984170000
59 0.605541250000
60 0.493675830000
61 0.364106820000
62 0.244932070000
63 0.118212780000
64 0.010707810000
65 -0.075079870000
66 -0.136118150000
67 -0.168792900000
68 -0.168792890000
69 -0.168792790000
70 -0.168792680000
71 -0.168792580000
72 -0.168792470000
73 -0.168792360000
74 -0.168792240000
75 -0.168792130000
76 -0.168792010000
77 -0.168791900000
78 -0.168791780000
79 -0.168791670000
80 -0.168791560000
81 -0.168791460000
82 -0.168791630000
83 -0.216146270000
84 -0.301714020000
85 -0.420994260000
86 -0.570762590000
87 -0.723049200000
88 -0.844102110000
89 -0.961895450000
90 -1.099804210000
91 -1.267040330000
92 -1.406109830000
93 -1.541676390000
94 -1.706708750000
95 -1.899612030000
96 -2.113931190000
97 -2.302451560000
98 -2.452800630000
99 -2.573887320000
100 -2.681754270000
101 -2.757120610000
102 -2.796862590000
103 -2.796862580000
104 -2.796862510000
105 -2.796862480000
106 -2.834666830000
107 -2.908728700000
108 -3.018286200000
109 -3.094760150000
110 -3.134149420000
111 -3.139221430000
112 -3.139248560000
113 -3.133523290000
114 -3.133168350000
115 -3.132942850000
116 -3.132759090000
117 -3.132591730000
118 -3.132427990000
119 -3.132257950000
120 -3.132069900000
121 -3.131843750000
122 -3.131527600000
123 -3.130840080000
124 -3.131530430000
125 -3.131876940000
126 -3.132137490000
127 -3.132365020000
128 -3.132580070000
129 -3.132794340000
130 -3.133016980000
131 -3.133257340000
132 -3.133527480000
133 -3.133846500000
134 -3.134253100000
135 -3.134907940000
136 -3.137195810000
137 -3.140460200000
138 -3.141500000000

[v]
1 0.000000000000
2 0.000000000000
3 -0.168205380000
4 -0.336410140000
5 -0.504615100000
6 -0.672820070000
7 -0.841025600000
8 -1.009231130000
9 -1.177436670000
10 -1.345642200000
11 -1.513847740000
12 -1.682053250000
13 -1.850258790000
14 -2.018464330000
15 -2.186669870000
16 -2.354875410000
17 -2.523080940000
18 -2.691286500000
19 -2.859492050000
20 -3.027851330000
21 -3.195857280000
22 -3.363863220000
23 -3.551362860000
24 -3.738862470000
25 -3.926362070000
26 -4.113861660000
27 -4.078823210000
28 -3.891323370000
29 -3.703823570000
30 -3.538278280000
31 -3.350778390000
32 -3.238240870000
33 -3.125703350000
34 -3.007441690000
35 -2.889052430000
36 -2.770518310000
37 -2.651817900000
38 -2.532325840000
39 -2.412833730000
40 -2.293341610000
41 -2.173849500000
42 -1.997433990000
43 -1.820346210000
44 -1.642687130000
45 -1.464533560000
46 -1.285956480000
47 -1.107023850000
48 -0.919524050000
49 -0.732024160000
50 -0.544524320000
51 -0.357024590000
52 -0.169525180000
53 0.017920030000
54 0.203500130000
55 0.387286630000
56 0.569259860000
57 0.749279780000
58 0.927087180000
59 1.102295380000
60 1.283024590000
61 1.462868870000
62 1.611297640000
63 1.787549050000
64 1.964123490000
65 2.141067820000
66 2.318382310000
67 2.496040920000
68 2.645150250000
69 2.794259550000
70 2.943368850000
71 3.092478130000
72 3.241587410000
73 3.390696680000
74 3.539805940000
75 3.688915200000
76 3.838024440000
77 3.987133670000
78 4.136242890000
79 4.285352100000
80 4.434461280000
81 4.583570450000
82 4.743872880000
83 4.883449110000
84 4.999999620000
85 4.999999600000
86 4.999999580000
87 4.999999620000
88 4.999999640000
89 4.999999610000
90 4.999999580000
91 4.999999610000
92 4.999999620000
93 4.999999580000
94 4.999999540000
95 4.999999490000
96 4.999999510000
97 4.999999470000
98 4.999999470000
99 4.999999570000
100 4.999999570000
101 4.999999570000
102 4.955326970000
103 4.824178940000
104 4.693030790000
105 4.556626760000
106 4.420151250000
107 4.283522620000
108 4.146503070000
109 4.008716150000
110 3.870576780000
111 3.732348450000
112 3.594115430000
113 3.455882430000
114 3.317647170000
115 3.179411900000
116 3.041176610000
117 2.902941310000
118 2.764706020000
119 2.626470710000
120 2.488235410000
121 2.350000100000
122 2.211764800000
123 2.073529510000
124 1.935294240000
125 1.797058940000
126 1.658823630000
127 1.520588320000
128 1.382353000000
129 1.244117690000
130 1.105882370000
131 0.967647060000
132 0.829411750000
133 0.691176440000
134 0.552941140000
135 0.414705840000
136 0.276470570000
137 0.138235260000
138 0.000000000000

[a]
1 0.000000000000
2 -0.749999980000
3 -0.749999980000
4 -0.749999970000
5 -0.749999970000
6 -0.749999970000
7 -0.749999970000
8 -0.749999970000
9 -0.749999960000
10 -0.749999960000
11 -0.749999960000
12 -0.749999960000
13 -0.749999950000
14 -0.749999950000
15 -0.749999940000
16 -0.749999940000
17 -0.749999930000
18 -0.749999920000
19 -0.749999910000
20 -0.749999890000
21 -0.749999870000
22 -0.749999860000
23 -0.749999810000
24 -0.749999720000
25 -0.749999460000
26 0.140153930000
27 0.749999460000
28 0.749999700000
29 0.749999730000
30 0.749999820000
31 0.749999720000
32 0.749999750000
33 0.749999780000
34 0.749999800000
35 0.749999820000
36 0.749999830000
37 0.749999850000
38 0.749999860000
39 0.749999870000
40 0.749999870000
41 0.749999930000
42 0.749999930000
43 0.749999940000
44 0.749999950000
45 0.749999950000
46 0.749999960000
47 0.749999970000
48 0.749999970000
49 0.749999970000
50 0.749999980000
51 0.749999980000
52 0.749999980000
53 0.749999980000
54 0.749999980000
55 0.749999980000
56 0.749999970000
57 0.749999970000
58 0.749999970000
59 0.749999970000
60 0.749999960000
61 0.749999950000
62 0.749999960000
63 0.749999960000
64 0.749999950000
65 0.749999950000
66 0.749999940000
67 0.749999920000
68 0.749999920000
69 0.749999910000
70 0.749999900000
71 0.749999900000
72 0.749999880000
73 0.749999870000
74 0.749999850000
75 0.749999830000
76 0.749999810000
77 0.749999770000
78 0.749999720000
79 0.749999640000
80 0.749999500000
81 0.749999200000
82 0.749998010000
83 0.673902040000
84 -0.000000140000
85 -0.000000110000
86 0.000000210000
87 0.000000130000
88 -0.000000150000
89 -0.000000220000
90 0.000000230000
91 0.000000010000
92 -0.000000240000
93 -0.000000230000
94 -0.000000330000
95 0.000000070000
96 -0.000000240000
97 -0.000000000000
98 0.000000710000
99 -0.000000030000
100 0.000000030000
101 -0.250868580000
102 -0.749997940000
103 -0.749998980000
104 -0.749999360000
105 -0.749999530000
106 -0.749999630000
107 -0.749999700000
108 -0.749999740000
109 -0.749999780000
110 -0.749999810000
111 -0.749999830000
112 -0.749999840000
113 -0.749999860000
114 -0.749999870000
115 -0.749999880000
116 -0.749999890000
117 -0.749999900000
118 -0.749999900000
119 -0.749999910000
120 -0.749999920000
121 -0.749999920000
122 -0.749999920000
123 -0.749999930000
124 -0.749999930000
125 -0.749999940000
126 -0.749999940000
127 -0.749999940000
128 -0.749999940000
129 -0.749999950000
130 -0.749999950000
131 -0.749999950000
132 -0.749999950000
133 -0.749999950000
134 -0.749999960000
135 -0.749999960000
136 -0.749999960000
137 -0.749999960000
138 0.000000000000

[phy]
1 0.000000000000
2 0.000000000000
3 -0.110732230000
4 -0.210093720000
5 -0.100695880000
6 -0.005817870000
7 -0.003632830000
8 -0.002965900000
9 -0.002949820000
10 -0.004465050000
11 0.004178100000
12 0.001927030000
13 0.001450410000
14 0.001428860000
15 0.002176490000
16 -0.003033170000
17 -0.002085520000
18 -0.075881640000
19 -0.112227810000
20 0.000003420000
21 0.000002300000
22 0.000000050000
23 -0.124999700000
24 -0.249999440000
25 -0.374999180000
26 -0.499998930000
27 -0.485363350000
28 -0.360363400000
29 -0.235363500000
30 -0.124999940000
31 0.000000010000
32 0.000000200000
33 0.000000130000
34 -0.078840860000
35 -0.157766630000
36 -0.079133610000
37 -0.000002410000
38 -0.000000730000
39 -0.000000500000
40 -0.000000390000
41 -0.000000010000
42 0.117610330000
43 0.235668840000
44 0.354108220000
45 0.472877250000
46 0.591928580000
47 0.699999960000
48 0.647879200000
49 0.522879320000
50 0.397879460000
51 0.272879660000
52 0.147880070000
53 0.022916620000
54 -0.100803420000
55 -0.223327740000
56 -0.344643210000
57 -0.464656450000
58 -0.583194670000
59 -0.699999930000
60 -0.699999950000
61 -0.688780730000
62 -0.589828580000
63 -0.472327740000
64 -0.354611500000
65 -0.236648650000
66 -0.118439020000
67 0.000000030000
68 0.000000400000
69 0.000000380000
70 0.000000370000
71 0.000000350000
72 0.000000340000
73 0.000000330000
74 0.000000320000
75 0.000000310000
76 0.000000300000
77 0.000000290000
78 0.000000280000
79 0.000000260000
80 0.000000220000
81 -0.000000340000
82 -0.106868670000
83 -0.199919640000
84 -0.286393880000
85 -0.367401740000
86 -0.374186730000
87 -0.296625740000
88 -0.282504790000
89 -0.335625420000
90 -0.414695070000
91 -0.338721700000
92 -0.329386950000
93 -0.408701180000
94 -0.484912140000
95 -0.543779930000
96 -0.472881610000
97 -0.399182830000
98 -0.327898760000
99 -0.256708830000
100 -0.174524680000
101 -0.089035830000
102 0.000000010000
103 0.000000170000
104 0.000000080000
105 -0.090935860000
106 -0.181919220000
107 -0.273003670000
108 -0.198142870000
109 -0.106293400000
110 -0.014219010000
111 -0.000078880000
112 0.017283900000
113 0.001114470000
114 0.000737530000
115 0.000627160000
116 0.000597150000
117 0.000612050000
118 0.000667390000
119 0.000776890000
120 0.000986250000
121 0.001459830000
122 0.003373010000
123 -0.003612720000
124 -0.001942860000
125 -0.001573230000
126 -0.001488420000
127 -0.001534570000
128 -0.001681970000
129 -0.001941850000
130 -0.002358470000
131 -0.003029330000
132 -0.004173760000
133 -0.006383350000
134 -0.012850330000
135 -0.059800310000
136 -0.127505410000
137 -0.081445480000
138 0.000000000000

[w]
1 0.000000000000
2 -0.493736690000
3 -0.443038020000
4 0.487788090000
5 0.423046300000
6 0.009742750000
7 0.002973700000
8 0.000071700000
9 -0.006756160000
10 0.038538410000
11 -0.010037170000
12 -0.002125140000
13 -0.000096120000
14 0.003333560000
15 -0.023229010000
16 0.004225410000
17 -0.329044300000
18 -0.162061360000
19 0.499962950000
20 -0.000004990000
21 -0.000010040000
22 -0.499999870000
23 -0.499999860000
24 -0.499999840000
25 -0.499999760000
26 0.058542410000
27 0.499999860000
28 0.499999930000
29 0.499999940000
30 0.499999970000
31 0.000001320000
32 -0.000000490000
33 -0.499999080000
34 -0.499997320000
35 0.497533970000
36 0.499984620000
37 0.000010540000
38 0.000001480000
39 0.000000670000
40 0.000002380000
41 0.499999950000
42 0.499999940000
43 0.499999920000
44 0.499999880000
45 0.499999760000
46 0.452983490000
47 -0.208483260000
48 -0.499999750000
49 -0.499999860000
50 -0.499999890000
51 -0.499999910000
52 -0.499999910000
53 -0.499999910000
54 -0.499999900000
55 -0.499999890000
56 -0.499999850000
57 -0.499999760000
58 -0.499999090000
59 -0.000000100000
60 0.046787220000
61 0.499998130000
62 0.499999560000
63 0.499999730000
64 0.499999810000
65 0.499999850000
66 0.499999870000
67 0.000001830000
68 -0.000000080000
69 -0.000000070000
70 -0.000000060000
71 -0.000000060000
72 -0.000000050000
73 -0.000000050000
74 -0.000000050000
75 -0.000000050000
76 -0.000000060000
77 -0.000000070000
78 -0.000000110000
79 -0.000000200000
80 -0.000002790000
81 -0.499999680000
82 -0.499999500000
83 -0.499999230000
84 -0.499998570000
85 -0.043590440000
86 0.499998540000
87 0.089133930000
88 -0.327251690000
89 -0.499991220000
90 0.499971940000
91 0.059118380000
92 -0.499990140000
93 -0.499993500000
94 -0.401959090000
95 0.499997980000
96 0.499999400000
97 0.499999330000
98 0.499999310000
99 0.499999760000
100 0.499999850000
101 0.499999890000
102 0.000000910000
103 -0.000000510000
104 -0.499999130000
105 -0.499997960000
106 -0.499992580000
107 0.409763260000
108 0.499953680000
109 0.499899300000
110 0.076721560000
111 0.094203870000
112 -0.087729180000
113 -0.002045100000
114 -0.000598810000
115 -0.000162830000
116 0.000080830000
117 0.000300260000
118 0.000594090000
119 0.001135870000
120 0.002569460000
121 0.010380010000
122 -0.037901320000
123 0.009059890000
124 0.002005420000
125 0.000460180000
126 -0.000250440000
127 -0.000799710000
128 -0.001409950000
129 -0.002260420000
130 -0.003639740000
131 -0.006209180000
132 -0.011988160000
133 -0.035086850000
134 -0.254728540000
135 -0.367336160000
136 0.249899590000
137 0.441885130000
138 0.000000000000

[dt]
1 0.010000210000
2 0.224273840000
3 0.224273020000
4 0.224273290000
5 0.224273290000
6 0.224274050000
7 0.224274060000
8 0.224274060000
9 0.224274060000
10 0.224274050000
11 0.224274030000
12 0.224274060000
13 0.224274070000
14 0.224274070000
15 0.224274070000
16 0.224274050000
17 0.224274100000
18 0.224274090000
19 0.224479080000
20 0.224007950000
21 0.224007960000
22 0.249999560000
23 0.249999550000
24 0.249999560000
25 0.249999630000
26 0.249999750000
27 0.249999970000
28 0.249999830000
29 0.220727130000
30 0.249999920000
31 0.150050090000
32 0.150050070000
33 0.157682260000
34 0.157852390000
35 0.158045530000
36 0.158267250000
37 0.159322780000
38 0.159322850000
39 0.159322850000
40 0.159322840000
41 0.235220710000
42 0.236117060000
43 0.236878790000
44 0.237538110000
45 0.238102780000
46 0.238576860000
47 0.249999740000
48 0.249999870000
49 0.249999790000
50 0.249999650000
51 0.249999230000
52 0.249926940000
53 0.247440140000
54 0.245048680000
55 0.242630980000
56 0.240026560000
57 0.237076550000
58 0.233610940000
59 0.240972280000
60 0.239792380000
61 0.197905050000
62 0.235001890000
63 0.235432600000
64 0.235925780000
65 0.236419340000
66 0.236878170000
67 0.198812460000
68 0.198812420000
69 0.198812420000
70 0.198812410000
71 0.198812400000
72 0.198812390000
73 0.198812380000
74 0.198812380000
75 0.198812370000
76 0.198812360000
77 0.198812350000
78 0.198812350000
79 0.198812340000
80 0.198812360000
81 0.213736800000
82 0.186102130000
83 0.172948740000
84 0.162016170000
85 0.155653190000
86 0.155122420000
87 0.158423950000
88 0.162323460000
89 0.158142080000
90 0.151955270000
91 0.157899280000
92 0.158631580000
93 0.152423910000
94 0.146452180000
95 0.141797200000
96 0.147397750000
97 0.142568320000
98 0.142380070000
99 0.164368370000
100 0.170977740000
101 0.178071730000
102 0.174864510000
103 0.174864440000
104 0.181872200000
105 0.181967450000
106 0.182171610000
107 0.182692800000
108 0.183715960000
109 0.184185880000
110 0.184304490000
111 0.184310730000
112 0.184310710000
113 0.184313710000
114 0.184313730000
115 0.184313750000
116 0.184313750000
117 0.184313760000
118 0.184313760000
119 0.184313760000
120 0.184313760000
121 0.184313760000
122 0.184313750000
123 0.184313710000
124 0.184313750000
125 0.184313760000
126 0.184313770000
127 0.184313770000
128 0.184313770000
129 0.184313770000
130 0.184313760000
131 0.184313760000
132 0.184313750000
133 0.184313740000
134 0.184313740000
135 0.184313710000
136 0.184313750000
137 0.184313690000

[s]
1 0.000000000000
2 0.000000000000
3 -0.037723930000
4 -0.075447810000
5 -0.113171690000
6 -0.150896080000
7 -0.188620220000
8 -0.226344360000
9 -0.264068500000
10 -0.301792630000
11 -0.339516740000
12 -0.377240920000
13 -0.414965070000
14 -0.452689220000
15 -0.490413350000
16 -0.528137450000
17 -0.565861700000
18 -0.603585830000
19 -0.641896140000
20 -0.678262780000
21 -0.715897480000
22 -0.840964340000
23 -0.887839120000
24 -0.934713960000
25 -0.981589070000
26 -1.028464400000
27 -1.019705670000
28 -0.972830190000
29 -0.817534350000
30 -0.884569270000
31 -0.502784590000
32 -0.485898270000
33 -0.492867980000
34 -0.474731850000
35 -0.456601830000
36 -0.438482320000
37 -0.422495000000
38 -0.403457360000
39 -0.384419540000
40 -0.365381700000
41 -0.511334420000
42 -0.471628230000
43 -0.431201410000
44 -0.390200800000
45 -0.348709510000
46 -0.306799460000
47 -0.276755680000
48 -0.229880890000
49 -0.183005890000
50 -0.136130890000
51 -0.089255870000
52 -0.042368910000
53 0.004434130000
54 0.049867440000
55 0.093967740000
56 0.136637490000
57 0.177636670000
58 0.216577710000
59 0.265622640000
60 0.307659530000
61 0.289509140000
62 0.378657990000
63 0.420847320000
64 0.463387370000
65 0.506189840000
66 0.549174150000
67 0.496244030000
68 0.525888730000
69 0.555533490000
70 0.585178250000
71 0.614823000000
72 0.644467740000
73 0.674112490000
74 0.703757230000
75 0.733401970000
76 0.763046700000
77 0.792691430000
78 0.822336160000
79 0.851980900000
80 0.881625710000
81 0.979677680000
82 0.882844860000
83 0.844586390000
84 0.810080800000
85 0.778265890000
86 0.775612050000
87 0.792119710000
88 0.811617240000
89 0.790710320000
90 0.759776270000
91 0.789496360000
92 0.793157860000
93 0.762119480000
94 0.732260830000
95 0.708985940000
96 0.736988670000
97 0.712841510000
98 0.711900280000
99 0.821841780000
100 0.854888650000
101 0.890358570000
102 0.866510830000
103 0.843577370000
104 0.853531840000
105 0.829157750000
106 0.805226060000
107 0.782568750000
108 0.761778790000
109 0.738348890000
110 0.713364690000
111 0.687911860000
112 0.662433960000
113 0.636966520000
114 0.611487940000
115 0.586009320000
116 0.560530670000
117 0.535052020000
118 0.509573360000
119 0.484094690000
120 0.458616020000
121 0.433137350000
122 0.407658660000
123 0.382179910000
124 0.356701330000
125 0.331222690000
126 0.305744030000
127 0.280265360000
128 0.254786690000
129 0.229308020000
130 0.203829340000
131 0.178350670000
132 0.152871990000
133 0.127393320000
134 0.101914650000
135 0.076435970000
136 0.050957330000
137 0.025478650000

[splus]
1 0.011552450000
2 0.011552450000
3 0.001648890000
4 0.000179270000
5 0.000018730000
6 0.000001950000
7 0.000000200000
8 0.000000020000
9 0.000000000000
10 0.000000000000
11 0.000000000000
12 0.000000000000
13 0.000000000000
14 0.000000000000
15 0.000000000000
16 0.000000000000
17 0.000000000000
18 0.000000000000
19 0.000000000000
20 0.000000000000
21 0.000000000000
22 -0.000000000000
23 -0.000000000000
24 -0.000000000000
25 -0.000000000000
26 -0.000000000000
27 0.000000000000
28 0.000000000000
29 0.000000000000
30 0.000000000000
31 0.000000000000
32 0.000000000000
33 0.000000000000
34 0.000000000000
35 0.000000000000
36 0.000000000000
37 0.000000000000
38 0.000000000000
39 0.000000000000
40 0.000000000000
41 0.000000000000
42 0.000000000000
43 0.000000000000
44 0.000000000000
45 0.000000000000
46 0.000000000000
47 0.000000000000
48 0.000000020000
49 0.000000280000
50 0.000004730000
51 0.000078530000
52 0.001262580000
53 0.013916550000
54 0.050683540000
55 0.094026960000
56 0.136642070000
57 0.177637060000
58 0.216577740000
59 0.265622640000
60 0.307659530000
61 0.289509140000
62 0.378657990000
63 0.420847320000
64 0.463387370000
65 0.506189840000
66 0.549174150000
67 0.496244030000
68 0.525888730000
69 0.555533490000
70 0.585178250000
71 0.614823000000
72 0.644467740000
73 0.674112490000
74 0.703757230000
75 0.733401970000
76 0.763046700000
77 0.792691430000
78 0.822336160000
79 0.851980900000
80 0.881625710000
81 0.979677680000
82 0.882844860000
83 0.844586390000
84 0.810080800000
85 0.778265890000
86 0.775612050000
87 0.792119710000
88 0.811617240000
89 0.790710320000
90 0.759776270000
91 0.789496360000
92 0.793157860000
93 0.762119480000
94 0.732260830000
95 0.708985940000
96 0.736988670000
97 0.712841510000
98 0.711900280000
99 0.821841780000
100 0.854888650000
101 0.890358570000
102 0.866510830000
103 0.843577370000
104 0.853531840000
105 0.829157750000
106 0.805226060000
107 0.782568750000
108 0.761778790000
109 0.738348890000
110 0.713364690000
111 0.687911860000
112 0.662433960000
113 0.636966520000
114 0.611487940000
115 0.586009320000
116 0.560530670000
117 0.535052020000
118 0.509573360000
119 0.484094690000
120 0.458616020000
121 0.433137350000
122 0.407658660000
123 0.382179910000
124 0.356701330000
125 0.331222690000
126 0.305744030000
127 0.280265360000
128 0.254786700000
129 0.229308040000
130 0.203829420000
131 0.178351040000
132 0.152873720000
133 0.127401300000
134 0.101951440000
135 0.076604980000
136 0.051722930000
137 0.028749240000

[sminus]
1 0.011552450000
2 0.011552450000
3 0.039372820000
4 0.075627080000
5 0.113190420000
6 0.150898030000
7 0.188620420000
8 0.226344380000
9 0.264068500000
10 0.301792630000
11 0.339516740000
12 0.377240920000
13 0.414965070000
14 0.452689220000
15 0.490413350000
16 0.528137450000
17 0.565861700000
18 0.603585830000
19 0.641896140000
20 0.678262780000
21 0.715897480000
22 0.840964340000
23 0.887839120000
24 0.934713960000
25 0.981589070000
26 1.028464400000
27 1.019705670000
28 0.972830190000
29 0.817534350000
30 0.884569270000
31 0.502784590000
32 0.485898270000
33 0.492867980000
34 0.474731850000
35 0.456601830000
36 0.438482320000
37 0.422495000000
38 0.403457360000
39 0.384419540000
40 0.365381700000
41 0.511334420000
42 0.471628230000
43 0.431201410000
44 0.390200800000
45 0.348709510000
46 0.306799460000
47 0.276755680000
48 0.229880910000
49 0.183006170000
50 0.136135620000
51 0.089334400000
52 0.043631490000
53 0.009482410000
54 0.000816100000
55 0.000059220000
56 0.000004580000
57 0.000000390000
58 0.000000040000
59 0.000000000000
60 0.000000000000
61 0.000000000000
62 0.000000000000
63 0.000000000000
64 0.000000000000
65 0.000000000000
66 0.000000000000
67 0.000000000000
68 0.000000000000
69 0.000000000000
70 0.000000000000
71 -0.000000000000
72 -0.000000000000
73 -0.000000000000
74 -0.000000000000
75 -0.000000000000
76 -0.000000000000
77 -0.000000000000
78 -0.000000000000
79 -0.000000000000
80 -0.000000000000
81 -0.000000000000
82 -0.000000000000
83 -0.000000000000
84 -0.000000000000
85 0.000000000000
86 -0.000000000000
87 0.000000000000
88 -0.000000000000
89 -0.000000000000
90 0.000000000000
91 -0.000000000000
92 -0.000000000000
93 -0.000000000000
94 0.000000000000
95 0.000000000000
96 -0.000000000000
97 0.000000000000
98 0.000000000000
99 -0.000000000000
100 -0.000000000000
101 -0.000000000000
102 0.000000000000
103 -0.000000000000
104 -0.000000000000
105 -0.000000000000
106 -0.000000000000
107 -0.000000000000
108 -0.000000000000
109 -0.000000000000
110 0.000000000000
111 0.000000000000
112 0.000000000000
113 0.000000000000
114 0.000000000000
115 0.000000000000
116 0.000000000000
117 0.000000000000
118 0.000000000000
119 0.000000000000
120 0.000000000000
121 0.000000000000
122 0.000000000000
123 0.000000000000
124 0.000000000000
125 0.000000000000
126 0.000000000000
127 0.000000000000
128 0.000000000000
129 0.000000020000
130 0.000000080000
131 0.000000380000
132 0.000001730000
133 0.000007980000
134 0.000036790000
135 0.000169010000
136 0.000765610000
137 0.003270590000

[k]
1 0.000000000000
2 0.000000000000
3 -0.055593210000
4 -0.106603490000
5 -0.050516170000
6 -0.002908770000
7 -0.001816390000
8 -0.001482940000
9 -0.001474900000
10 -0.002232510000
11 0.002089040000
12 0.000963510000
13 0.000725210000
14 0.000714430000
15 0.001088240000
16 -0.001516580000
17 -0.001042760000
18 -0.038013770000
19 -0.056350680000
20 0.000001710000
21 0.000001150000
22 0.000000020000
23 -0.062827420000
24 -0.127670660000
25 -0.196812810000
26 -0.273150550000
27 -0.263723500000
28 -0.188408900000
29 -0.119904040000
30 -0.062827540000
31 0.000000000000
32 0.000000100000
33 0.000000070000
34 -0.039502310000
35 -0.079544370000
36 -0.039649600000
37 -0.000001210000
38 -0.000000370000
39 -0.000000250000
40 -0.000000200000
41 -0.000000010000
42 0.059077810000
43 0.120065500000
44 0.184845570000
45 0.255795430000
46 0.336176220000
47 0.421144150000
48 0.378431670000
49 0.288195700000
50 0.210147930000
51 0.139930420000
52 0.074483780000
53 0.011460320000
54 -0.050573130000
55 -0.113558090000
56 -0.179484860000
57 -0.250630840000
58 -0.329872010000
59 -0.421144130000
60 -0.421144150000
61 -0.411644180000
62 -0.334653700000
63 -0.255448870000
64 -0.185131650000
65 -0.120583780000
66 -0.059497980000
67 0.000000020000
68 0.000000200000
69 0.000000190000
70 0.000000180000
71 0.000000180000
72 0.000000170000
73 0.000000170000
74 0.000000160000
75 0.000000160000
76 0.000000150000
77 0.000000150000
78 0.000000140000
79 0.000000130000
80 0.000000110000
81 -0.000000170000
82 -0.053638690000
83 -0.101313190000
84 -0.147244870000
85 -0.192438510000
86 -0.196343800000
87 -0.152821480000
88 -0.145134100000
89 -0.174411240000
90 -0.220112320000
91 -0.176149640000
92 -0.170920020000
93 -0.216543950000
94 -0.263435210000
95 -0.302289720000
96 -0.255798190000
97 -0.210915150000
98 -0.170089400000
99 -0.131250270000
100 -0.088159240000
101 -0.044635930000
102 0.000000010000
103 0.000000080000
104 0.000000040000
105 -0.045593680000
106 -0.091976500000
107 -0.139997290000
108 -0.100388660000
109 -0.053347760000
110 -0.007109980000
111 -0.000039440000
112 0.008642780000
113 0.000557240000
114 0.000368770000
115 0.000313580000
116 0.000298580000
117 0.000306030000
118 0.000333700000
119 0.000388450000
120 0.000493120000
121 0.000729920000
122 0.001686500000
123 -0.001806350000
124 -0.000971430000
125 -0.000786620000
126 -0.000744210000
127 -0.000767290000
128 -0.000840990000
129 -0.000970920000
130 -0.001179230000
131 -0.001514660000
132 -0.002086880000
133 -0.003191670000
134 -0.006425390000
135 -0.029931790000
136 -0.064061230000
137 -0.040810700000

[up]
1 0.011552450000
2 0.011552450000
3 0.001736890000
4 0.000197620000
5 0.000019640000
6 0.000001950000
7 0.000000200000
8 0.000000020000
9 0.000000000000
10 0.000000000000
11 0.000000000000
12 0.000000000000
13 0.000000000000
14 0.000000000000
15 0.000000000000
16 0.000000000000
17 0.000000000000
18 0.000000000000
19 0.000000000000
20 0.000000000000
21 0.000000000000
22 -0.000000000000
23 -0.000000000000
24 -0.000000000000
25 -0.000000000000
26 -0.000000000000
27 0.000000000000
28 0.000000000000
29 0.000000000000
30 0.000000000000
31 0.000000000000
32 0.000000000000
33 0.000000000000
34 0.000000000000
35 0.000000000000
36 0.000000000000
37 0.000000000000
38 0.000000000000
39 0.000000000000
40 0.000000000000
41 0.000000000000
42 0.000000000000
43 0.000000000000
44 0.000000000000
45 0.000000000000
46 0.000000000000
47 0.000000000000
48 0.000000020000
49 0.000000360000
50 0.000005680000
51 0.000089080000
52 0.001352860000
53 0.014069660000
54 0.053144230000
55 0.104277380000
56 0.160186250000
57 0.220377530000
58 0.285162960000
59 0.373013440000
60 0.432045770000
61 0.403916900000
62 0.500308510000
63 0.524052090000
64 0.545743540000
65 0.564786590000
66 0.580541910000
67 0.496244040000
68 0.525888840000
69 0.555533590000
70 0.585178350000
71 0.614823100000
72 0.644467850000
73 0.674112600000
74 0.703757340000
75 0.733402080000
76 0.763046810000
77 0.792691540000
78 0.822336270000
79 0.851981000000
80 0.881625800000
81 0.979677840000
82 0.928305320000
83 0.926731420000
84 0.924589830000
85 0.922043480000
86 0.921807200000
87 0.908330500000
88 0.924698840000
89 0.923102740000
90 0.920322940000
91 0.923003080000
92 0.923301750000
93 0.920550550000
94 0.917447990000
95 0.914732330000
96 0.917968220000
97 0.857176620000
98 0.828143510000
99 0.925394050000
100 0.927240330000
101 0.928510870000
102 0.866510830000
103 0.843577440000
104 0.853531880000
105 0.865449930000
106 0.876325460000
107 0.887743950000
108 0.835193790000
109 0.776162580000
110 0.718233820000
111 0.687937900000
112 0.667930220000
113 0.637307260000
114 0.611704420000
115 0.586185730000
116 0.560691340000
117 0.535209210000
118 0.509736600000
119 0.484275220000
120 0.458833130000
121 0.433440850000
122 0.408318670000
123 0.382842650000
124 0.357033980000
125 0.331472810000
126 0.305962470000
127 0.280471810000
128 0.254992400000
129 0.229521770000
130 0.204060170000
131 0.178610380000
132 0.153179990000
133 0.127791660000
134 0.102580310000
135 0.078806190000
136 0.054903830000
137 0.029875590000

[down]
1 0.011552450000
2 0.011552450000
3 0.041474120000
4 0.083366710000
5 0.118679650000
6 0.151319400000
7 0.188949330000
8 0.226666610000
9 0.264442400000
10 0.302439440000
11 0.340197630000
12 0.377589850000
13 0.415253970000
14 0.452999690000
15 0.490925690000
16 0.528906370000
17 0.566428160000
18 0.625612620000
19 0.676620570000
20 0.678263890000
21 0.715898270000
22 0.840964360000
23 0.941388530000
24 1.049276080000
25 1.167050800000
26 1.298152990000
27 1.277869200000
28 1.148788460000
29 0.911638990000
30 0.937921570000
31 0.502784590000
32 0.485898320000
33 0.492868010000
34 0.492734730000
35 0.491469130000
36 0.455172540000
37 0.422495480000
38 0.403457510000
39 0.384419640000
40 0.365381770000
41 0.511334430000
42 0.498376490000
43 0.480902930000
44 0.459442620000
45 0.434339880000
46 0.405812590000
47 0.388647550000
48 0.313395360000
49 0.233638100000
50 0.163599890000
51 0.101334980000
52 0.046751330000
53 0.009586740000
54 0.000855720000
55 0.000065680000
56 0.000005370000
57 0.000000490000
58 0.000000050000
59 0.000000000000
60 0.000000000000
61 0.000000000000
62 0.000000000000
63 0.000000000000
64 0.000000000000
65 0.000000000000
66 0.000000000000
67 0.000000000000
68 0.000000000000
69 0.000000000000
70 0.000000000000
71 -0.000000000000
72 -0.000000000000
73 -0.000000000000
74 -0.000000000000
75 -0.000000000000
76 -0.000000000000
77 -0.000000000000
78 -0.000000000000
79 -0.000000000000
80 -0.000000000000
81 -0.000000000000
82 -0.000000000000
83 -0.000000000000
84 -0.000000000000
85 0.000000000000
86 -0.000000000000
87 0.000000000000
88 -0.000000000000
89 -0.000000000000
90 0.000000000000
91 -0.000000000000
92 -0.000000000000
93 -0.000000000000
94 0.000000000000
95 0.000000000000
96 -0.000000000000
97 0.000000000000
98 0.000000000000
99 -0.000000000000
100 -0.000000000000
101 -0.000000000000
102 0.000000000000
103 -0.000000000000
104 -0.000000000000
105 -0.000000000000
106 -0.000000000000
107 -0.000000000000
108 -0.000000000000
109 -0.000000000000
110 0.000000000000
111 0.000000000000
112 0.000000000000
113 0.000000000000
114 0.000000000000
115 0.000000000000
116 0.000000000000
117 0.000000000000
118 0.000000000000
119 0.000000000000
120 0.000000000000
121 0.000000000000
122 0.000000000000
123 0.000000000000
124 0.000000000000
125 0.000000000000
126 0.000000000000
127 0.000000000000
128 0.000000000000
129 0.000000020000
130 0.000000080000
131 0.000000380000
132 0.000001730000
133 0.000008010000
134 0.000037020000
135 0.000173860000
136 0.000812690000
137 0.003398720000

[left]
1 0.023104910000
2 0.023104910000
3 0.025756790000
4 0.037707400000
5 0.032291910000
6 0.023530790000
7 0.023439680000
8 0.023431300000
9 0.023481970000
10 0.023765080000
11 0.022480080000
12 0.022778630000
13 0.022836380000
14 0.022819860000
15 0.022647340000
16 0.023855950000
17 0.023643350000
18 0.079520180000
19 0.118621250000
20 0.023103930000
21 0.023104220000
22 0.023104890000
23 0.176663150000
24 0.364785680000
25 0.583392800000
26 0.843092280000
27 0.807556680000
28 0.554090450000
29 0.301708430000
30 0.176055380000
31 0.023104900000
32 0.023104860000
33 0.023104880000
34 0.067221070000
35 0.119062080000
36 0.063241860000
37 0.023105370000
38 0.023105040000
39 0.023104990000
40 0.023104970000
41 0.023104910000
42 0.044024250000
43 0.070811240000
44 0.092630320000
45 0.109969820000
46 0.123189730000
47 0.135959650000
48 0.102369240000
49 0.065375550000
50 0.040096890000
51 0.024584990000
52 0.021119900000
53 0.023161560000
54 0.021255450000
55 0.022766480000
56 0.034386410000
57 0.052913270000
58 0.077922950000
59 0.115475420000
60 0.131922060000
61 0.122265800000
62 0.129274680000
63 0.111424570000
64 0.091249200000
65 0.068257020000
66 0.041912050000
67 0.023104920000
68 0.023105030000
69 0.023105030000
70 0.023105030000
71 0.023105030000
72 0.023105040000
73 0.023105040000
74 0.023105040000
75 0.023105040000
76 0.023105050000
77 0.023105050000
78 0.023105050000
79 0.023105040000
80 0.023105020000
81 0.023104700000
82 0.055544990000
83 0.091044880000
84 0.122363800000
85 0.150687230000
86 0.153026720000
87 0.124010600000
88 0.120982460000
89 0.139669700000
90 0.166914810000
91 0.140748020000
92 0.137493780000
93 0.164867520000
94 0.190759600000
95 0.210654950000
96 0.186687870000
97 0.151226740000
98 0.124041990000
99 0.111760850000
100 0.081567780000
101 0.048473290000
102 0.023104910000
103 0.023104990000
104 0.023104950000
105 0.046673660000
106 0.080355930000
107 0.113331370000
108 0.082596750000
109 0.048145790000
110 0.020309620000
111 0.023072620000
112 0.033869080000
113 0.023530280000
114 0.023371730000
115 0.023320660000
116 0.023300150000
117 0.023294840000
118 0.023301130000
119 0.023320910000
120 0.023363800000
121 0.023466700000
122 0.023905990000
123 0.022370510000
124 0.022729440000
125 0.022822910000
126 0.022859640000
127 0.022874340000
128 0.022876570000
129 0.022869270000
130 0.022852480000
131 0.022823790000
132 0.022776750000
133 0.022693660000
134 0.022468250000
135 0.021313110000
136 0.020928640000
137 0.022197830000

[right]
1 0.023104910000
2 0.023104910000
3 0.021540560000
4 0.021676920000
5 0.021004290000
6 0.022672460000
7 0.022776150000
8 0.022787570000
9 0.022742370000
10 0.022498360000
11 0.023800190000
12 0.023448290000
13 0.023385140000
14 0.023403500000
15 0.023600400000
16 0.022440710000
17 0.022611890000
18 0.039844260000
19 0.056766480000
20 0.023105890000
21 0.023105590000
22 0.023104920000
23 0.088134790000
24 0.178187480000
25 0.285841580000
26 0.416993350000
27 0.398489260000
28 0.270983690000
29 0.142687970000
30 0.087762030000
31 0.023104910000
32 0.023104950000
33 0.023104930000
34 0.033585040000
35 0.053587860000
36 0.031743260000
37 0.023104440000
38 0.023104770000
39 0.023104820000
40 0.023104840000
41 0.023104900000
42 0.094043090000
43 0.164798840000
44 0.225048040000
45 0.275579420000
46 0.316842950000
47 0.356552400000
48 0.269055330000
49 0.167667540000
50 0.096251650000
51 0.049393030000
52 0.027458370000
53 0.023056730000
54 0.026442500000
55 0.044940860000
56 0.085870970000
57 0.147290200000
58 0.230760000000
59 0.357531070000
60 0.415008290000
61 0.381560800000
62 0.410633210000
63 0.352388760000
64 0.285360420000
65 0.207674260000
66 0.117246540000
67 0.023104900000
68 0.023104790000
69 0.023104780000
70 0.023104780000
71 0.023104780000
72 0.023104780000
73 0.023104770000
74 0.023104770000
75 0.023104770000
76 0.023104770000
77 0.023104770000
78 0.023104770000
79 0.023104770000
80 0.023104790000
81 0.023105120000
82 0.172625680000
83 0.300967640000
84 0.412935300000
85 0.513146500000
86 0.521378500000
87 0.417813250000
88 0.408022280000
89 0.474285350000
90 0.570102390000
91 0.478095600000
92 0.466592300000
93 0.562935440000
94 0.653173930000
95 0.721911800000
96 0.639041420000
97 0.510173250000
98 0.413069880000
99 0.375163410000
100 0.266851710000
101 0.146881570000
102 0.023104900000
103 0.023104820000
104 0.023104860000
105 0.139127180000
106 0.260593870000
107 0.378710790000
108 0.267043470000
109 0.142686890000
110 0.032419970000
111 0.023137060000
112 0.020344740000
113 0.022696360000
114 0.022844800000
115 0.022893600000
116 0.022913330000
117 0.022918480000
118 0.022912450000
119 0.022893480000
120 0.022852630000
121 0.022756120000
122 0.022369510000
123 0.023904540000
124 0.023495000000
125 0.023395220000
126 0.023356550000
127 0.023341230000
128 0.023339050000
129 0.023346980000
130 0.023365160000
131 0.023396540000
132 0.023449080000
133 0.023545370000
134 0.023831630000
135 0.026047590000
136 0.027644320000
137 0.024326750000
