  0.00000000
  0.00000000
 -0.11073223
 -0.21009372
 -0.10069588
 -0.00581787
 -0.00363283
 -0.00296590
 -0.00294982
 -0.00446505
  0.00417810
  0.00192703
  0.00145041
  0.00142886
  0.00217649
 -0.00303317
 -0.00208552
 -0.07588164
 -0.11222781
  0.00000342
  0.00000230
  0.00000005
 -0.12499970
 -0.24999944
 -0.37499918
 -0.49999893
 -0.48536335
 -0.36036340
 -0.23536350
 -0.12499994
  0.00000001
  0.00000020
  0.00000013
 -0.07884086
 -0.15776663
 -0.07913361
 -0.00000241
 -0.00000073
 -0.00000050
 -0.00000039
 -0.00000001
  0.11761033
  0.23566884
  0.35410822
  0.47287725
  0.59192858
  0.69999996
  0.64787920
  0.52287932
  0.39787946
  0.27287966
  0.14788007
  0.02291662
 -0.10080342
 -0.22332774
 -0.34464321
 -0.46465645
 -0.58319467
 -0.69999993
 -0.69999995
 -0.68878073
 -0.58982858
 -0.47232774
 -0.35461150
 -0.23664865
 -0.11843902
  0.00000003
  0.00000040
  0.00000038
  0.00000037
  0.00000035
  0.00000034
  0.00000033
  0.00000032
  0.00000031
  0.00000030
  0.00000029
  0.00000028
  0.00000026
  0.00000022
 -0.00000034
 -0.10686867
 -0.19991964
 -0.28639388
 -0.36740174
 -0.37418673
 -0.29662574
 -0.28250479
 -0.33562542
 -0.41469507
 -0.33872170
 -0.32938695
 -0.40870118
 -0.48491214
 -0.54377993
 -0.47288161
 -0.39918283
 -0.32789876
 -0.25670883
 -0.17452468
 -0.08903583
  0.00000001
  0.00000017
  0.00000008
 -0.09093586
 -0.18191922
 -0.27300367
 -0.19814287
 -0.10629340
 -0.01421901
 -0.00007888
  0.01728390
  0.00111447
  0.00073753
  0.00062716
  0.00059715
  0.00061205
  0.00066739
  0.00077689
  0.00098625
  0.00145983
  0.00337301
 -0.00361272
 -0.00194286
 -0.00157323
 -0.00148842
 -0.00153457
 -0.00168197
 -0.00194185
 -0.00235847
 -0.00302933
 -0.00417376
 -0.00638335
 -0.01285033
 -0.05980031
 -0.12750541
 -0.08144548
  0.00000000
