  0.02310491
  0.02310491
  0.02154056
  0.02167692
  0.02100429
  0.02267246
  0.02277615
  0.02278757
  0.02274237
  0.02249836
  0.02380019
  0.02344829
  0.02338514
  0.02340350
  0.02360040
  0.02244071
  0.02261189
  0.03984426
  0.05676648
  0.02310589
  0.02310559
  0.02310492
  0.08813479
  0.17818748
  0.28584158
  0.41699335
  0.39848926
  0.27098369
  0.14268797
  0.08776203
  0.02310491
  0.02310495
  0.02310493
  0.03358504
  0.05358786
  0.03174326
  0.02310444
  0.02310477
  0.02310482
  0.02310484
  0.02310490
  0.09404309
  0.16479884
  0.22504804
  0.27557942
  0.31684295
  0.35655240
  0.26905533
  0.16766754
  0.09625165
  0.04939303
  0.02745837
  0.02305673
  0.02644250
  0.04494086
  0.08587097
  0.14729020
  0.23076000
  0.35753107
  0.41500829
  0.38156080
  0.41063321
  0.35238876
  0.28536042
  0.20767426
  0.11724654
  0.02310490
  0.02310479
  0.02310478
  0.02310478
  0.02310478
  0.02310478
  0.02310477
  0.02310477
  0.02310477
  0.02310477
  0.02310477
  0.02310477
  0.02310477
  0.02310479
  0.02310512
  0.17262568
  0.30096764
  0.41293530
  0.51314650
  0.52137850
  0.41781325
  0.40802228
  0.47428535
  0.57010239
  0.47809560
  0.46659230
  0.56293544
  0.65317393
  0.72191180
  0.63904142
  0.51017325
  0.41306988
  0.37516341
  0.26685171
  0.14688157
  0.02310490
  0.02310482
  0.02310486
  0.13912718
  0.26059387
  0.37871079
  0.26704347
  0.14268689
  0.03241997
  0.02313706
  0.02034474
  0.02269636
  0.02284480
  0.02289360
  0.02291333
  0.02291848
  0.02291245
  0.02289348
  0.02285263
  0.02275612
  0.02236951
  0.02390454
  0.02349500
  0.02339522
  0.02335655
  0.02334123
  0.02333905
  0.02334698
  0.02336516
  0.02339654
  0.02344908
  0.02354537
  0.02383163
  0.02604759
  0.02764432
  0.02432675
