  0.00000000
  0.00000000
  0.00000000
  0.00209719
  0.01014020
  0.01585720
  0.01629612
  0.01663873
  0.01697438
  0.01736386
  0.01803761
  0.01732835
  0.01696487
  0.01666394
  0.01634052
  0.01580684
  0.01660780
  0.01719786
  0.04014243
  0.07631372
  0.07631256
  0.07631173
  0.07631171
  0.13209235
  0.25142790
  0.44461721
  0.72554283
  0.99446318
  1.17775304
  1.27577871
  1.33135402
  1.33135402
  1.33135397
  1.33135394
  1.35010694
  1.38642705
  1.40381269
  1.40381320
  1.40381335
  1.40381345
  1.40381352
  1.40381352
  1.37595076
  1.32417835
  1.25205146
  1.16285316
  1.05971448
  0.94316044
  0.85616623
  0.80342472
  0.77481710
  0.76232749
  0.75917169
  0.75922251
  0.75670055
  0.74602976
  0.72150540
  0.67698417
  0.60554125
  0.49367583
  0.36410682
  0.24493207
  0.11821278
  0.01070781
 -0.07507987
 -0.13611815
 -0.16879290
 -0.16879289
 -0.16879279
 -0.16879268
 -0.16879258
 -0.16879247
 -0.16879236
 -0.16879224
 -0.16879213
 -0.16879201
 -0.16879190
 -0.16879178
 -0.16879167
 -0.16879156
 -0.16879146
 -0.16879163
 -0.21614627
 -0.30171402
 -0.42099426
 -0.57076259
 -0.72304920
 -0.84410211
 -0.96189545
 -1.09980421
 -1.26704033
 -1.40610983
 -1.54167639
 -1.70670875
 -1.89961203
 -2.11393119
 -2.30245156
 -2.45280063
 -2.57388732
 -2.68175427
 -2.75712061
 -2.79686259
 -2.79686258
 -2.79686251
 -2.79686248
 -2.83466683
 -2.90872870
 -3.01828620
 -3.09476015
 -3.13414942
 -3.13922143
 -3.13924856
 -3.13352329
 -3.13316835
 -3.13294285
 -3.13275909
 -3.13259173
 -3.13242799
 -3.13225795
 -3.13206990
 -3.13184375
 -3.13152760
 -3.13084008
 -3.13153043
 -3.13187694
 -3.13213749
 -3.13236502
 -3.13258007
 -3.13279434
 -3.13301698
 -3.13325734
 -3.13352748
 -3.13384650
 -3.13425310
 -3.13490794
 -3.13719581
 -3.14046020
 -3.14150000
