  0.01155245
  0.01155245
  0.00173689
  0.00019762
  0.00001964
  0.00000195
  0.00000020
  0.00000002
  0.00000000
  0.00000000
  0.00000000
  0.00000000
  0.00000000
  0.00000000
  0.00000000
  0.00000000
  0.00000000
  0.00000000
  0.00000000
  0.00000000
  0.00000000
 -0.00000000
 -0.00000000
 -0.00000000
 -0.00000000
 -0.00000000
  0.00000000
  0.00000000
  0.00000000
  0.00000000
  0.00000000
  0.00000000
  0.00000000
  0.00000000
  0.00000000
  0.00000000
  0.00000000
  0.00000000
  0.00000000
  0.00000000
  0.00000000
  0.00000000
  0.00000000
  0.00000000
  0.00000000
  0.00000000
  0.00000000
  0.00000002
  0.00000036
  0.00000568
  0.00008908
  0.00135286
  0.01406966
  0.05314423
  0.10427738
  0.16018625
  0.22037753
  0.28516296
  0.37301344
  0.43204577
  0.40391690
  0.50030851
  0.52405209
  0.54574354
  0.56478659
  0.58054191
  0.49624404
  0.52588884
  0.55553359
  0.58517835
  0.61482310
  0.64446785
  0.67411260
  0.70375734
  0.73340208
  0.76304681
  0.79269154
  0.82233627
  0.85198100
  0.88162580
  0.97967784
  0.92830532
  0.92673142
  0.92458983
  0.92204348
  0.92180720
  0.90833050
  0.92469884
  0.92310274
  0.92032294
  0.92300308
  0.92330175
  0.92055055
  0.91744799
  0.91473233
  0.91796822
  0.85717662
  0.82814351
  0.92539405
  0.92724033
  0.92851087
  0.86651083
  0.84357744
  0.85353188
  0.86544993
  0.87632546
  0.88774395
  0.83519379
  0.77616258
  0.71823382
  0.68793790
  0.66793022
  0.63730726
  0.61170442
  0.58618573
  0.56069134
  0.53520921
  0.50973660
  0.48427522
  0.45883313
  0.43344085
  0.40831867
  0.38284265
  0.35703398
  0.33147281
  0.30596247
  0.28047181
  0.25499240
  0.22952177
  0.20406017
  0.17861038
  0.15317999
  0.12779166
  0.10258031
  0.07880619
  0.05490383
  0.02987559
