  0.00000000
  0.00000000
  0.00024278
  0.00025453
  0.00027267
  0.00030012
  0.00034193
  0.00040872
  0.00052645
  0.00049765
  0.02422308
  0.04534869
  0.02157826
  0.02134419
  0.00312643
  0.00158052
  0.00103337
  0.00075939
  0.00059445
  0.00719281
  0.19367484
  0.36116662
  0.51583297
  0.64746244
  0.76367046
  0.70849453
  0.59751473
  0.47291117
  0.32928344
  0.17349165
  0.00000306
  0.00003057
  0.00000004
  0.18665125
  0.32191890
  0.43900191
  0.54297621
  0.63702139
  0.61266167
  0.52525548
  0.43192933
  0.33216063
  0.28535226
  0.38989777
  0.36224192
  0.25483336
  0.13516355
  0.00000006
  0.00000006
  0.00000006
  0.00000002
  0.18679903
  0.31051355
  0.42353434
  0.52447421
  0.61633790
  0.67483900
  0.58810487
  0.49411337
  0.39028187
  0.27358938
  0.14357020
  0.00000003
  0.00000002
  0.00000002
  0.00000002
  0.00000008
  0.00000002
  0.18647797
  0.30555343
  0.41307449
  0.51086102
  0.51660123
  0.48183533
  0.57137652
  0.65762146
  0.61585477
  0.52831885
  0.39962669
  0.36308375
  0.25501221
  0.13519132
  0.00000002
  0.00000002
  0.00000002
  0.00000002
  0.00000002
  0.00000009
  0.00000011
  0.04478641
  0.00668122
  0.00353844
  0.00000073
  0.05063390
  0.09545545
  0.09695248
  0.04501064
  0.00006022
  0.00013780
  0.00001585
  0.03535433
  0.06629001
  0.09362466
  0.11804748
  0.14019154
  0.14536097
  0.12703809
  0.09307126
  0.05859090
  0.03365152
  0.01627234
  0.00527233
  0.00000476
  0.00019447
  0.00611295
  0.01866776
  0.03933528
  0.07046535
  0.08977936
  0.08321500
  0.07136501
  0.05397146
  0.03047334
  0.00001588
  0.00014427
  0.00019689
  0.00480103
  0.00489761
  0.00398959
  0.00056521
  0.00070007
  0.00086756
  0.00124843
  0.00200649
  0.03922290
  0.10255756
  0.15155015
  0.10290945
  0.04216000
  0.00012994
  0.00032735
  0.00029485
  0.00027285
