  0.00000000
  0.00000000
  0.04214911
  0.08818624
  0.13324414
  0.17710667
  0.22297451
  0.26915458
  0.31581062
  0.36293151
  0.33980606
  0.37163796
  0.40347576
  0.45238184
  0.48537626
  0.54003327
  0.57790695
  0.61577908
  0.65401580
  0.69310339
  0.73355374
  0.70909426
  0.65838206
  0.61772044
  0.63142942
  0.73724240
  0.80568763
  0.84469566
  0.88549298
  0.60369284
  0.61677191
  0.62988261
  0.64299134
  0.70604638
  0.71731775
  0.71734456
  0.71805124
  0.72003515
  0.72438503
  0.72841076
  0.73453192
  0.72749166
  0.73364570
  0.72363259
  0.60102142
  0.58209448
  0.68070150
  0.74195913
  0.74273665
  0.57923873
  0.57918933
  0.57918483
  0.59879584
  0.59872744
  0.59876806
  0.59918982
  0.60002661
  0.60152757
  0.60406335
  0.60781822
  0.61313806
  0.63581378
  0.59943506
  0.50501324
  0.47629252
  0.51077459
  0.61509271
  0.61671691
  0.61751293
  0.61788286
  0.51465926
  0.51458107
  0.51455163
  0.52216422
  0.52207018
  0.52204638
  0.52233523
  0.52295957
  0.52326399
  0.52351198
  0.52399791
  0.52402051
  0.52404500
  0.52407183
  0.52413864
  0.52555603
  0.52561626
  0.52586399
  0.52624652
  0.52674767
  0.52784357
  0.52950998
  0.53183068
  0.53499319
  0.53871206
  0.46714834
  0.40095818
  0.37239317
  0.37432653
  0.41069434
  0.49820807
  0.51546549
  0.51706060
  0.51819502
  0.51885910
  0.51930332
  0.51954959
  0.52242004
  0.52268142
  0.52268011
  0.52268512
  0.52684904
  0.51850024
  0.51013215
  0.50175925
  0.49338427
  0.48500867
  0.47663179
  0.46825225
  0.45987132
  0.45149124
  0.44311205
  0.43473384
  0.42635640
  0.41798021
  0.40960551
  0.40123188
  0.39285883
  0.38448829
  0.41602150
  0.40548787
  0.41925610
  0.45494873
  0.44032238
  0.42561211
  0.41842108
  0.41207503
  0.39291015
  0.37458573
  0.16520914
  0.16200941
  0.15885877
  0.15570982
  0.15256274
  0.14942782
  0.14626643
  0.14310795
  0.53951380
  0.49264939
  0.44578345
  0.39891638
  0.35204843
  0.30517980
  0.25831571
  0.21144329
  0.16457121
  0.11769957
  0.07082840
  0.02296116
 -0.02015993
 -0.06253041
 -0.10272517
 -0.14048488
 -0.17540489
 -0.22373806
 -0.26317555
 -0.30161641
 -0.33922409
 -0.38221179
 -0.42119053
 -0.46041648
 -0.52137280
 -0.48085403
 -0.43878539
 -0.39574026
 -0.35217513
 -0.30823772
 -0.26400007
 -0.21974756
 -0.17143556
 -0.12582653
 -0.08243218
 -0.04061608
