 -2.92292371
 -2.92292371
 -2.92292371
 -2.92284233
 -2.92275768
 -2.92266770
 -2.92256942
 -2.92245831
 -2.92232649
 -2.92215797
 -2.92199986
 -2.94807422
 -2.99688874
 -3.02011614
 -3.04309159
 -3.04213394
 -3.04165326
 -3.04134121
 -3.04111351
 -3.04093650
 -3.03880962
 -2.98178978
 -2.87465980
 -2.72053302
 -2.52581469
 -2.29476888
 -2.08103131
 -1.90178321
 -1.76077172
 -1.66324055
 -1.61220722
 -1.61221052
 -1.61224342
 -1.61224347
 -1.55730623
 -1.46198579
 -1.33129235
 -1.16883828
 -0.97735728
 -0.79342339
 -0.63640699
 -0.50786253
 -0.40946456
 -0.32511131
 -0.20930308
 -0.10184645
 -0.02661741
  0.01307679
  0.01307680
  0.01307682
  0.01307684
  0.01307682
  0.06805639
  0.15995013
  0.28594465
  0.44271915
  0.62778779
  0.83102145
  1.00736896
  1.15485201
  1.27077462
  1.35160681
  1.39378434
  1.39378431
  1.39378429
  1.39378427
  1.39378424
  1.39378427
  1.39378425
  1.44867043
  1.53907890
  1.66190533
  1.81451445
  1.96888093
  2.11261856
  2.28380872
  2.48168878
  2.66661198
  2.82456945
  2.94454713
  3.05225901
  3.12754240
  3.16724534
  3.16724532
  3.16724530
  3.16724528
  3.16724526
  3.16724524
  3.16724526
  3.16724529
  3.18034934
  3.18230120
  3.18333496
  3.18333517
  3.12883151
  3.02608075
  2.92171856
  2.87326792
  2.87328649
  2.87332918
  2.87333400
  2.83527767
  2.76392136
  2.66314132
  2.53607190
  2.38516605
  2.22869569
  2.09194855
  1.99176421
  1.92869542
  1.89247205
  1.87495607
  1.86928080
  1.86928239
  1.86907343
  1.86266636
  1.84356938
  1.80427160
  1.73548355
  1.64980116
  1.57212059
  1.50692773
  1.45865721
  1.43196208
  1.43196745
  1.43201619
  1.43208270
  1.42816341
  1.42423839
  1.42111576
  1.42130670
  1.42154322
  1.42183631
  1.42225808
  1.42293594
  1.43618692
  1.47083475
  1.52203412
  1.55680083
  1.57104408
  1.57091686
  1.57058894
  1.57028658
  1.57000000
