  0.00000000
  0.00000000
  0.18749578
  0.37499144
  0.56248697
  0.74998235
  0.93747756
  1.12497257
  1.31246735
  1.49996186
  1.68745605
  1.87494984
  2.06244313
  2.24993578
  2.43742758
  2.62491818
  2.81240698
  2.99989279
  3.18737262
  3.37483449
  3.49385448
  3.30693888
  3.49223616
  3.65779716
  3.80679090
  3.74512303
  3.60523800
  3.46124530
  3.63103850
  3.80267247
  3.97590947
  4.08798446
  4.19996219
  4.38708158
  4.53634895
  4.67386914
  4.80125536
  4.91933356
  4.99846625
  4.99863315
  4.99874874
  4.99885372
  4.99888752
  4.99880295
  4.99879749
  4.99882150
  4.99879639
  4.99960184
  4.99960183
  4.99960185
  4.99950055
  4.81396137
  4.75126965
  4.87877950
  4.99537472
  4.99772991
  4.89056816
  4.78186307
  4.66558139
  4.54182190
  4.54742564
  4.68653648
  4.82822708
  4.99891793
  4.99941889
  4.99941892
  4.99941889
  4.99945694
  4.99882278
  4.99881113
  4.99876210
  4.99868123
  4.99867480
  4.99870665
  4.99860009
  4.99849966
  4.99850122
  4.99853704
  4.99855892
  4.99869133
  4.99866092
  4.99864541
  4.99946168
  4.99946144
  4.99946131
  4.99945689
  4.87181722
  4.68890964
  4.50573918
  4.32249066
  4.16378441
  3.99710737
  3.82348801
  3.63700853
  3.45684432
  3.27761349
  3.09029622
  2.90292739
  2.75705031
  2.61119275
  2.42375097
  2.23630511
  2.04885446
  1.86139881
  1.67393839
  1.48647368
  1.29901327
  1.11154124
  0.92406700
  0.73659218
  0.54911715
  0.36164215
  0.17416742
 -0.01330206
 -0.20077053
 -0.38823761
 -0.57570273
 -0.76316497
 -0.95062265
 -1.13808077
 -1.32553388
 -1.51298080
 -1.70042015
 -1.88785026
 -2.06983729
 -2.25182297
 -2.43386673
 -2.61610164
 -2.79844832
 -2.61237453
 -2.42571451
 -2.23896334
 -2.05217063
 -1.86536459
 -1.67855008
 -1.49170910
 -1.30487155
 -1.11803106
 -0.93115723
 -0.74431290
 -0.55822013
 -0.37213986
 -0.18606415
  0.00000000
