  0.00000000
  0.01388873
 -0.00666497
 -0.00210461
 -0.00092572
 -0.00040048
 -0.00004325
  0.00035909
 -0.00073564
 -0.49534907
 -0.32942360
  0.46197483
  0.03336969
  0.33862791
 -0.00671293
 -0.00230935
 -0.00112165
 -0.00065190
  0.01839024
  0.49927194
  0.49992790
  0.49997307
  0.49995319
  0.49989521
 -0.26193984
 -0.49987343
 -0.49993803
 -0.49995977
 -0.49996805
 -0.49997301
 -0.00064516
  0.00071903
  0.49991362
  0.49983222
  0.49969150
  0.49934161
  0.49802776
 -0.13886343
 -0.49433066
 -0.49445787
 -0.48962503
 -0.21357551
  0.47562556
 -0.13320860
 -0.49542848
 -0.49865370
 -0.49941188
 -0.00000000
  0.00000000
 -0.00000022
  0.49995957
  0.49993425
  0.49991494
  0.49987205
  0.49974614
  0.33660370
 -0.49974151
 -0.49981621
 -0.49990283
 -0.49993480
 -0.49995020
 -0.49995864
  0.00000006
  0.00000000
 -0.00000000
  0.00000033
 -0.00000029
  0.49968454
  0.49914922
  0.49794202
  0.49221714
  0.03058290
 -0.18491672
  0.47335305
  0.48394977
 -0.24471460
 -0.49610087
 -0.49843886
 -0.38088563
 -0.49887153
 -0.49943114
 -0.49961901
 -0.00000000
 -0.00000000
  0.00000000
 -0.00000001
  0.00000032
  0.00000005
  0.11701959
 -0.11521727
 -0.00891381
 -0.00963959
 -0.49880772
 -0.49789602
 -0.02449227
  0.49936388
  0.49979070
  0.00048012
 -0.00074229
 -0.49996581
 -0.49995900
 -0.49994777
 -0.49992555
 -0.49985944
 -0.30040662
 -0.00004371
  0.30087596
  0.49979264
  0.49988175
  0.49991034
  0.49992349
  0.49993008
  0.49987612
  0.49987535
  0.49986316
  0.49982892
  0.49971343
 -0.00009655
 -0.49975586
 -0.49987481
 -0.49991434
 -0.49993401
 -0.49994570
 -0.00070277
 -0.00020289
  0.05552110
 -0.00382241
 -0.01376649
 -0.03830077
 -0.00078627
 -0.00107603
 -0.00240386
 -0.00508625
 -0.24225867
 -0.48576004
 -0.48478649
  0.24298991
  0.49115273
  0.49585160
  0.01352846
  0.00731041
  0.02364224
 -0.05003797
  0.00000000
