  0.00000000
  0.74884048
  0.74880657
  0.74878251
  0.74874053
  0.74870167
  0.74866254
  0.74862271
  0.74858244
  0.74855094
  0.74849394
  0.74843685
  0.74837667
  0.74831324
  0.74824797
  0.74817856
  0.74810421
  0.74802753
  0.74790663
  0.74780000
  0.74768711
  0.74756367
  0.74742748
  0.74728833
  0.74712113
  0.74689365
  0.74666176
  0.74639733
  0.74608780
  0.74571927
  0.74527401
  0.74472492
  0.74403079
  0.74314987
  0.74194487
  0.74026550
  0.73777934
  0.73370263
  0.72565186
  0.70175982
  0.11119085
 -0.69382998
 -0.72104068
 -0.72558899
 -0.72819336
 -0.73104977
 -0.73493627
 -0.73943093
 -0.74116455
 -0.74201213
 -0.74264254
 -0.74312113
 -0.73266751
 -0.73323591
 -0.73345547
 -0.74136710
 -0.74164298
 -0.74193510
 -0.74224159
 -0.74254936
 -0.74285670
 -0.74316886
 -0.74348746
 -0.74379778
 -0.74428456
 -0.74515699
 -0.74549898
 -0.74610762
 -0.74630951
 -0.74633093
 -0.74670196
 -0.74697706
 -0.74715202
 -0.74729494
 -0.74741829
 -0.74753133
 -0.74763348
 -0.74772804
 -0.74781582
 -0.74789777
 -0.74797356
 -0.74804427
 -0.74811026
 -0.74817217
 -0.74825671
 -0.74828718
 -0.74830543
 -0.74831400
 -0.74831405
 -0.74830607
 -0.74829043
 -0.74826715
 -0.74823615
 -0.74819746
 -0.74815341
 -0.74812208
 -0.74806917
 -0.74801141
 -0.74794989
 -0.74788412
 -0.74781399
 -0.74773903
 -0.74765872
 -0.74757227
 -0.74747917
 -0.74737869
 -0.74726998
 -0.74780741
 -0.74763057
 -0.74740077
 -0.74709122
 -0.74672575
 -0.74624511
 -0.74563628
 -0.74486888
 -0.74229602
 -0.74096973
 -0.73914431
 -0.73640065
 -0.73181158
 -0.72338958
 -0.68762235
  0.61095720
  0.71597090
  0.73067712
  0.73658050
  0.73974937
  0.74171592
  0.74305261
  0.74401882
  0.74474987
  0.74532350
  0.74579238
  0.74620967
  0.74649796
  0.74675472
  0.74697857
  0.74717462
  0.74734769
  0.74750157
  0.74763887
  0.74776396
  0.74787852
  0.74798265
  0.74807757
  0.74816476
  0.74824853
  0.74827798
  0.74836271
  0.74841413
  0.74846694
  0.74852150
  0.74857469
  0.74862801
  0.74865405
  0.00000000
