  0.01287568
  0.15566423
  0.15530188
  0.15645495
  0.15549675
  0.15517986
  0.15508795
  0.15519111
  0.15554472
  0.15720365
  0.15642994
  0.15606434
  0.15581362
  0.15569245
  0.15586622
  0.15615016
  0.15652178
  0.15725113
  0.15505637
  0.15469065
  0.15462408
  0.15466008
  0.15478837
  0.15576834
  0.15633331
  0.15483156
  0.15466736
  0.15468924
  0.15473911
  0.15477452
  0.15482365
  0.15488286
  0.15495505
  0.15564052
  0.15569238
  0.15567471
  0.15574954
  0.15603310
  0.15648550
  0.15649365
  0.15311514
  0.14799934
  0.14464555
  0.12658474
  0.11754494
  0.11727095
  0.12852155
  0.15522077
  0.16171952
  0.16118613
  0.16140471
  0.16200862
  0.06259458
  0.06345177
  0.06307142
  0.11722595
  0.11662435
  0.11623253
  0.11605498
  0.11593161
  0.11585418
  0.11591124
  0.11613557
  0.11629829
  0.11964035
  0.13121521
  0.13079572
  0.13906820
  0.13623932
  0.12907652
  0.13480438
  0.13803248
  0.13802407
  0.13745222
  0.13673971
  0.13620664
  0.13571884
  0.13536195
  0.13510617
  0.13494367
  0.13480234
  0.13470408
  0.13463044
  0.13459002
  0.13665736
  0.13579699
  0.13498281
  0.13426775
  0.13364032
  0.13307968
  0.13257607
  0.13212175
  0.13172208
  0.13140677
  0.13137949
  0.13283139
  0.13297131
  0.13300980
  0.13304415
  0.13306507
  0.13309164
  0.13312572
  0.13316694
  0.13320557
  0.13325321
  0.13331692
  0.13340525
  0.17608165
  0.17505047
  0.17423774
  0.17339364
  0.17634045
  0.17758102
  0.17819541
  0.17897529
  0.13633845
  0.13584526
  0.13578474
  0.13574102
  0.13578983
  0.14509865
  0.14379254
  0.14500295
  0.14527362
  0.14528246
  0.14580616
  0.14628649
  0.14659701
  0.14679271
  0.14691336
  0.14700250
  0.14711274
  0.14745295
  0.14891929
  0.14792027
  0.14752730
  0.14731562
  0.14719857
  0.14714782
  0.14714219
  0.14714778
  0.14727536
  0.14752074
  0.14779756
  0.14810285
  0.14847041
  0.14917887
  0.14591360
  0.14773684
  0.14699973
  0.14669953
  0.14689088
  0.14732843
  0.14817016
  0.14647001
