  0.00000000
  0.00000000
  0.02643938
  0.01519328
 -0.01807011
 -0.04276161
 -0.05550643
 -0.05287273
 -0.03671139
 -0.01044003
  0.02490515
  0.05760640
  0.08686441
  0.10875569
  0.11035217
  0.08956441
  0.06041697
  0.02753168
 -0.00795180
 -0.02651247
 -0.02987825
 -0.02721051
 -0.02202907
 -0.01060763
  0.02045246
 -0.00953980
 -0.01390370
 -0.01294877
 -0.01163637
 -0.01048425
 -0.00950945
 -0.00867295
 -0.00816437
 -0.01268937
 -0.04439538
 -0.08133689
 -0.12032935
 -0.16128005
 -0.20463875
 -0.25108770
 -0.30131386
 -0.35501618
 -0.41171960
 -0.37175593
 -0.32631479
 -0.28666862
 -0.24941303
 -0.21080461
 -0.16668023
 -0.12300545
 -0.08114371
 -0.04029080
  0.00019693
  0.00549114
  0.00591095
  0.00032528
 -0.02883908
 -0.05803401
 -0.08750953
 -0.11752424
 -0.14831059
 -0.18012005
 -0.21325908
 -0.24808752
 -0.28494809
 -0.32536891
 -0.37300130
 -0.41957307
 -0.41983409
 -0.41966879
 -0.41977331
 -0.41984843
 -0.41985616
 -0.41983709
 -0.41979847
 -0.41974640
 -0.41967595
 -0.41958710
 -0.41947535
 -0.41933489
 -0.41915481
 -0.41892199
 -0.41861282
 -0.41815724
 -0.41188970
 -0.36228691
 -0.31507647
 -0.27132002
 -0.23059073
 -0.19236752
 -0.15619047
 -0.12168361
 -0.08857385
 -0.05676490
 -0.02676415
 -0.00622074
 -0.00460175
 -0.00408102
 -0.00369122
 -0.00338286
 -0.00313493
 -0.00293327
 -0.00276812
 -0.00263277
 -0.00252205
 -0.00243250
 -0.00235151
 -0.00034615
  0.04356951
  0.08782052
  0.13306636
  0.17961277
  0.13508441
  0.08913523
  0.04415188
 -0.00044033
 -0.00264725
 -0.00285633
 -0.00314127
 -0.00353965
 -0.00124219
  0.03420040
  0.06905276
  0.10347533
  0.13458980
  0.14397665
  0.12475503
  0.10282187
  0.08337863
  0.06905507
  0.05991498
  0.05149582
  0.03685165
  0.01254728
 -0.02035405
 -0.04965110
 -0.07589100
 -0.09945828
 -0.12076836
 -0.13954373
 -0.15365497
 -0.15800550
 -0.14623538
 -0.12265544
 -0.09358375
 -0.06193223
 -0.02882875
  0.00557487
  0.00794145
 -0.02464228
 -0.05265454
 -0.06762944
 -0.05073073
 -0.02299400
  0.00929812
