task_id 8

[x]
1 5.000000000000
2 5.000000000000
3 5.000000000000
4 5.018103180000
5 5.054535070000
6 5.108960370000
7 5.181341860000
8 5.271698710000
9 5.380131570000
10 5.506874090000
11 5.653260110000
12 5.817325590000
13 5.999290410000
14 6.199182610000
15 6.417061570000
16 6.653208580000
17 6.907661890000
18 7.180515170000
19 7.472537180000
20 7.778368310000
21 8.101396040000
22 8.442371270000
23 8.801563000000
24 9.179188020000
25 9.577416190000
26 9.995362130000
27 10.427080180000
28 10.876311310000
29 11.343622210000
30 11.829092380000
31 12.332668800000
32 12.854386540000
33 13.394274230000
34 13.952374310000
35 14.530966630000
36 15.127876590000
37 15.742889360000
38 16.375310320000
39 17.022346210000
40 17.676357970000
41 18.319527730000
42 18.911665880000
43 19.401877600000
44 19.753490540000
45 19.923972620000
46 19.979975990000
47 19.955736160000
48 19.857382490000
49 19.663671810000
50 19.392623540000
51 19.076000050000
52 18.733184680000
53 18.379150650000
54 18.243341710000
55 18.107549510000
56 17.974641020000
57 17.731450520000
58 17.496036780000
59 17.264968520000
60 17.035356450000
61 16.805145150000
62 16.572797680000
63 16.337099750000
64 16.097262860000
65 15.853471150000
66 15.599557880000
67 15.318895470000
68 15.039040090000
69 14.744637270000
70 14.463864030000
71 14.209440480000
72 13.958443560000
73 13.719645140000
74 13.501177980000
75 13.304682660000
76 13.130196950000
77 12.976752830000
78 12.843210810000
79 12.728100570000
80 12.629863350000
81 12.546899410000
82 12.477660800000
83 12.420630040000
84 12.374389420000
85 12.337641850000
86 12.308805560000
87 12.287695800000
88 12.273305910000
89 12.264973730000
90 12.262314670000
91 12.265144630000
92 12.273413660000
93 12.287151000000
94 12.306419690000
95 12.331282310000
96 12.361812710000
97 12.398383360000
98 12.440684260000
99 12.488701210000
100 12.542448210000
101 12.601934810000
102 12.667177900000
103 12.738196670000
104 12.815011800000
105 12.897639650000
106 12.986104400000
107 13.080437430000
108 13.180680120000
109 13.320732940000
110 13.469969260000
111 13.623397050000
112 13.774160710000
113 13.916430610000
114 14.036176940000
115 14.135576590000
116 14.220259160000
117 14.279403690000
118 14.340466450000
119 14.404001660000
120 14.470091160000
121 14.538875490000
122 14.615362710000
123 14.693809960000
124 14.766278130000
125 14.818871060000
126 14.843900920000
127 14.836232380000
128 14.796514270000
129 14.731918550000
130 14.649514190000
131 14.555076870000
132 14.452753350000
133 14.345309060000
134 14.234893070000
135 14.123465030000
136 14.016376880000
137 13.916823150000
138 13.827136460000
139 13.748798450000
140 13.682579980000
141 13.628680280000
142 13.586801290000
143 13.556084250000
144 13.535065500000
145 13.521663680000
146 13.513664500000
147 13.509130960000
148 13.506535110000
149 13.504829750000
150 13.503235640000
151 13.501789020000
152 13.500779050000
153 13.500244820000
154 13.500056100000
155 13.500010390000
156 13.500000000000

[y]
1 26.644254280000
2 26.644254280000
3 26.644254280000
4 26.644254280000
5 26.644271720000
6 26.644327890000
7 26.644331420000
8 26.644056150000
9 26.643181960000
10 26.641433410000
11 26.638732500000
12 26.635454530000
13 26.632562840000
14 26.631482120000
15 26.634087490000
16 26.642510780000
17 26.658238300000
18 26.681367020000
19 26.710993830000
20 26.744520640000
21 26.779133070000
22 26.812700620000
23 26.844352460000
24 26.873897870000
25 26.901714170000
26 26.929129840000
27 26.961165280000
28 26.992635380000
29 27.022432970000
30 27.050434040000
31 27.076621400000
32 27.100987270000
33 27.123515080000
34 27.144183260000
35 27.162969010000
36 27.177961240000
37 27.177102190000
38 27.144554740000
39 27.061529920000
40 26.906445850000
41 26.656707270000
42 26.298846650000
43 25.840252720000
44 25.304038980000
45 24.783286190000
46 24.288425660000
47 23.802209550000
48 23.289044310000
49 22.703884030000
50 22.142232050000
51 21.629920120000
52 21.157411220000
53 20.715120120000
54 20.553174730000
55 20.391235600000
56 20.232361340000
57 19.940935300000
58 19.658757700000
59 19.387681340000
60 19.129326530000
61 18.885561500000
62 18.658186830000
63 18.448793660000
64 18.258945960000
65 18.090598510000
66 17.941537440000
67 17.807016780000
68 17.706228770000
69 17.635824980000
70 17.605460810000
71 17.608218690000
72 17.637877640000
73 17.692209650000
74 17.766195400000
75 17.854742030000
76 17.953228920000
77 18.057750040000
78 18.164838750000
79 18.271590880000
80 18.375534530000
81 18.474596870000
82 18.567010760000
83 18.651345680000
84 18.726436650000
85 18.791362880000
86 18.846236740000
87 18.889026010000
88 18.919511200000
89 18.937659940000
90 18.943535520000
91 18.937257460000
92 18.918977930000
93 18.888861810000
94 18.847066100000
95 18.793709730000
96 18.728757820000
97 18.651342190000
98 18.561919660000
99 18.460533050000
100 18.347181750000
101 18.221875660000
102 18.084610060000
103 17.935376390000
104 17.774164130000
105 17.600973190000
106 17.415788710000
107 17.218582560000
108 17.009308040000
109 16.717331780000
110 16.406299570000
111 16.073808850000
112 15.717394490000
113 15.326042610000
114 14.899821820000
115 14.442633930000
116 13.956254310000
117 13.566455670000
118 13.164485240000
119 12.749249340000
120 12.320759270000
121 11.878793500000
122 11.392402750000
123 10.895528500000
124 10.378986850000
125 9.872003340000
126 9.378013000000
127 8.897145110000
128 8.432035400000
129 7.984746330000
130 7.556022540000
131 7.145848000000
132 6.753891340000
133 6.379721710000
134 6.022368040000
135 5.678610530000
136 5.353277970000
137 5.043581730000
138 4.748293430000
139 4.466826850000
140 4.199011500000
141 3.944978200000
142 3.705092680000
143 3.479653180000
144 3.269043830000
145 3.073756560000
146 2.894156450000
147 2.730444270000
148 2.582481450000
149 2.454033630000
150 2.340110990000
151 2.243008830000
152 2.162239920000
153 2.097490130000
154 2.048744520000
155 2.016061220000
156 2.000000000000

[theta]
1 0.000000000000
2 0.000000000000
3 0.000000000000
4 0.000478640000
5 0.001032160000
6 0.000048690000
7 -0.003046460000
8 -0.008061870000
9 -0.013795190000
10 -0.018448520000
11 -0.019977060000
12 -0.015890160000
13 -0.005406500000
14 0.011957280000
15 0.035654570000
16 0.061730490000
17 0.084563960000
18 0.101108060000
19 0.109189190000
20 0.106742720000
21 0.098129450000
22 0.087892490000
23 0.078080860000
24 0.069736730000
25 0.065502200000
26 0.074068600000
27 0.069938780000
28 0.063677520000
29 0.057614150000
30 0.051955670000
31 0.046668940000
32 0.041702310000
33 0.037015840000
34 0.032456210000
35 0.025110540000
36 -0.001397620000
37 -0.051420610000
38 -0.127619780000
39 -0.232828870000
40 -0.370375640000
41 -0.543613700000
42 -0.752084350000
43 -0.990397980000
44 -1.254396960000
45 -1.458095980000
46 -1.620605320000
47 -1.760160590000
48 -1.890480070000
49 -2.020417700000
50 -2.124364720000
51 -2.198445140000
52 -2.245814080000
53 -2.268640070000
54 -2.268598450000
55 -2.267437960000
56 -2.266213580000
57 -2.266090110000
58 -2.276687990000
59 -2.297359420000
60 -2.327606450000
61 -2.367011020000
62 -2.415225560000
63 -2.472013100000
64 -2.537245250000
65 -2.610745860000
66 -2.694644160000
67 -2.795910340000
68 -2.906860050000
69 -3.033866490000
70 -3.152431980000
71 -3.259211870000
72 -3.365306710000
73 -3.468128140000
74 -3.564970120000
75 -3.655455400000
76 -3.739567060000
77 -3.817497310000
78 -3.889336060000
79 -3.955207740000
80 -4.015201270000
81 -4.069385380000
82 -4.117786980000
83 -4.160436630000
84 -4.197352600000
85 -4.228548920000
86 -4.254081680000
87 -4.271367520000
88 -4.281988990000
89 -4.287407260000
90 -4.288894400000
91 -4.287569670000
92 -4.284436050000
93 -4.280408160000
94 -4.276331680000
95 -4.272990240000
96 -4.271069390000
97 -4.270536770000
98 -4.270081560000
99 -4.269623740000
100 -4.269160680000
101 -4.268691450000
102 -4.268214990000
103 -4.267730210000
104 -4.267235880000
105 -4.266730680000
106 -4.266213080000
107 -4.265681320000
108 -4.265135660000
109 -4.265023570000
110 -4.280054260000
111 -4.312212660000
112 -4.363707950000
113 -4.438500440000
114 -4.498305370000
115 -4.540008950000
116 -4.561806580000
117 -4.561632970000
118 -4.560556650000
119 -4.559356800000
120 -4.557994880000
121 -4.556411640000
122 -4.555800020000
123 -4.573003810000
124 -4.609021750000
125 -4.661763550000
126 -4.728334910000
127 -4.797577460000
128 -4.855813420000
129 -4.902281640000
130 -4.938682360000
131 -4.967748030000
132 -4.992019150000
133 -5.012065990000
134 -5.025849360000
135 -5.030383520000
136 -5.023412170000
137 -5.007260470000
138 -4.983839910000
139 -4.954781700000
140 -4.921464080000
141 -4.885226190000
142 -4.847809100000
143 -4.811859290000
144 -4.780907760000
145 -4.756898370000
146 -4.740074060000
147 -4.729931110000
148 -4.725664870000
149 -4.726381010000
150 -4.727285810000
151 -4.724892730000
152 -4.720639550000
153 -4.716260410000
154 -4.713787490000
155 -4.713035970000
156 -4.713185310000

[v]
1 0.000000000000
2 0.000000000000
3 0.116567670000
4 0.232858740000
5 0.350009480000
6 0.466436200000
7 0.582619620000
8 0.698728160000
9 0.814907750000
10 0.931345790000
11 1.049020730000
12 1.166107590000
13 1.282911900000
14 1.399519180000
15 1.516025900000
16 1.632652480000
17 1.749480680000
18 1.866575280000
19 1.984203460000
20 2.100171140000
21 2.215848810000
22 2.331459250000
23 2.447077500000
24 2.562770580000
25 2.679174450000
26 2.795974370000
27 2.911617070000
28 3.027101280000
29 3.142560910000
30 3.258009880000
31 3.373428220000
32 3.488814260000
33 3.604159390000
34 3.719450720000
35 3.835114950000
36 3.950630110000
37 4.065870730000
38 4.180779520000
39 4.295261410000
40 4.408815410000
41 4.518636370000
42 4.535659070000
43 4.432972680000
44 4.328677350000
45 4.236828890000
46 4.151233470000
47 4.065502580000
48 3.971047430000
49 3.856272390000
50 3.736411620000
51 3.616809570000
52 3.496943580000
53 3.376551560000
54 3.330690580000
55 3.284165480000
56 3.237905430000
57 3.150997960000
58 3.064504330000
59 2.978267340000
60 2.892126510000
61 2.806041570000
62 2.719978510000
63 2.633836880000
64 2.547491550000
65 2.460989140000
66 2.371942670000
67 2.274166740000
68 2.176658660000
69 2.072898820000
70 1.971222120000
71 1.874888320000
72 1.774229620000
73 1.671122530000
74 1.567997560000
75 1.465280210000
76 1.363078450000
77 1.261259720000
78 1.159791780000
79 1.058577850000
80 0.957543320000
81 0.856619260000
82 0.755790670000
83 0.655026050000
84 0.554307640000
85 0.453611130000
86 0.351356350000
87 0.249741200000
88 0.148732830000
89 0.048258390000
90 -0.051746540000
91 -0.151330870000
92 -0.250536270000
93 -0.349398630000
94 -0.447957860000
95 -0.546276070000
96 -0.644568080000
97 -0.743942180000
98 -0.843413920000
99 -0.942906770000
100 -1.042417120000
101 -1.141934380000
102 -1.241462170000
103 -1.341005470000
104 -1.440568890000
105 -1.540149680000
106 -1.639753680000
107 -1.739391900000
108 -1.839081650000
109 -1.970756810000
110 -2.101629890000
111 -2.231855310000
112 -2.361396180000
113 -2.493074130000
114 -2.625593100000
115 -2.758462060000
116 -2.891775180000
117 -2.992978670000
118 -3.093635890000
119 -3.194000410000
120 -3.293960180000
121 -3.393332750000
122 -3.498295600000
123 -3.597170570000
124 -3.508579980000
125 -3.404568290000
126 -3.298413720000
127 -3.191015750000
128 -3.082800410000
129 -2.974067070000
130 -2.864992360000
131 -2.755686060000
132 -2.646205970000
133 -2.536559380000
134 -2.426590090000
135 -2.315465080000
136 -2.205042900000
137 -2.094876190000
138 -1.984834580000
139 -1.874851550000
140 -1.764880970000
141 -1.654891950000
142 -1.544878540000
143 -1.434751340000
144 -1.324423750000
145 -1.213873740000
146 -1.103081320000
147 -0.992000990000
148 -0.880378120000
149 -0.771194180000
150 -0.660633440000
151 -0.550616760000
152 -0.440817010000
153 -0.330866030000
154 -0.220579700000
155 -0.109655370000
156 0.000000000000

[a]
1 0.000000000000
2 0.748840480000
3 0.748806570000
4 0.748782510000
5 0.748740530000
6 0.748701670000
7 0.748662540000
8 0.748622710000
9 0.748582440000
10 0.748550940000
11 0.748493940000
12 0.748436850000
13 0.748376670000
14 0.748313240000
15 0.748247970000
16 0.748178560000
17 0.748104210000
18 0.748027530000
19 0.747906630000
20 0.747800000000
21 0.747687110000
22 0.747563670000
23 0.747427480000
24 0.747288330000
25 0.747121130000
26 0.746893650000
27 0.746661760000
28 0.746397330000
29 0.746087800000
30 0.745719270000
31 0.745274010000
32 0.744724920000
33 0.744030790000
34 0.743149870000
35 0.741944870000
36 0.740265500000
37 0.737779340000
38 0.733702630000
39 0.725651860000
40 0.701759820000
41 0.111190850000
42 -0.693829980000
43 -0.721040680000
44 -0.725588990000
45 -0.728193360000
46 -0.731049770000
47 -0.734936270000
48 -0.739430930000
49 -0.741164550000
50 -0.742012130000
51 -0.742642540000
52 -0.743121130000
53 -0.732667510000
54 -0.733235910000
55 -0.733455470000
56 -0.741367100000
57 -0.741642980000
58 -0.741935100000
59 -0.742241590000
60 -0.742549360000
61 -0.742856700000
62 -0.743168860000
63 -0.743487460000
64 -0.743797780000
65 -0.744284560000
66 -0.745156990000
67 -0.745498980000
68 -0.746107620000
69 -0.746309510000
70 -0.746330930000
71 -0.746701960000
72 -0.746977060000
73 -0.747152020000
74 -0.747294940000
75 -0.747418290000
76 -0.747531330000
77 -0.747633480000
78 -0.747728040000
79 -0.747815820000
80 -0.747897770000
81 -0.747973560000
82 -0.748044270000
83 -0.748110260000
84 -0.748172170000
85 -0.748256710000
86 -0.748287180000
87 -0.748305430000
88 -0.748314000000
89 -0.748314050000
90 -0.748306070000
91 -0.748290430000
92 -0.748267150000
93 -0.748236150000
94 -0.748197460000
95 -0.748153410000
96 -0.748122080000
97 -0.748069170000
98 -0.748011410000
99 -0.747949890000
100 -0.747884120000
101 -0.747813990000
102 -0.747739030000
103 -0.747658720000
104 -0.747572270000
105 -0.747479170000
106 -0.747378690000
107 -0.747269980000
108 -0.747807410000
109 -0.747630570000
110 -0.747400770000
111 -0.747091220000
112 -0.746725750000
113 -0.746245110000
114 -0.745636280000
115 -0.744868880000
116 -0.742296020000
117 -0.740969730000
118 -0.739144310000
119 -0.736400650000
120 -0.731811580000
121 -0.723389580000
122 -0.687622350000
123 0.610957200000
124 0.715970900000
125 0.730677120000
126 0.736580500000
127 0.739749370000
128 0.741715920000
129 0.743052610000
130 0.744018820000
131 0.744749870000
132 0.745323500000
133 0.745792380000
134 0.746209670000
135 0.746497960000
136 0.746754720000
137 0.746978570000
138 0.747174620000
139 0.747347690000
140 0.747501570000
141 0.747638870000
142 0.747763960000
143 0.747878520000
144 0.747982650000
145 0.748077570000
146 0.748164760000
147 0.748248530000
148 0.748277980000
149 0.748362710000
150 0.748414130000
151 0.748466940000
152 0.748521500000
153 0.748574690000
154 0.748628010000
155 0.748654050000
156 0.000000000000

[phy]
1 0.000000000000
2 0.000000000000
3 0.052829560000
4 0.030377210000
5 -0.036124490000
6 -0.085315610000
7 -0.110560170000
8 -0.105353930000
9 -0.073291270000
10 -0.020877020000
11 0.049769180000
12 0.114707040000
13 0.172012000000
14 0.214175340000
15 0.217222040000
16 0.177248970000
17 0.120250950000
18 0.055007810000
19 -0.015902250000
20 -0.052975330000
21 -0.059685530000
22 -0.054367390000
23 -0.044029660000
24 -0.021212070000
25 0.040882120000
26 -0.019077290000
27 -0.027800230000
28 -0.025891750000
29 -0.023268550000
30 -0.020965420000
31 -0.019016610000
32 -0.017344160000
33 -0.016327290000
34 -0.025373310000
35 -0.088558600000
36 -0.161261350000
37 -0.236167960000
38 -0.312023840000
39 -0.388478990000
40 -0.465386990000
41 -0.542350090000
42 -0.617428100000
43 -0.688871220000
44 -0.639336660000
45 -0.578222070000
46 -0.520584070000
47 -0.462708230000
48 -0.398995300000
49 -0.321775130000
50 -0.241220780000
51 -0.160884820000
52 -0.080407860000
53 0.000393860000
54 0.010981850000
55 0.011821340000
56 0.000650560000
57 -0.057614330000
58 -0.115550990000
59 -0.173264160000
60 -0.230857900000
61 -0.288354080000
62 -0.345768120000
63 -0.403155840000
64 -0.460582960000
65 -0.517990170000
66 -0.576893730000
67 -0.640937860000
68 -0.698158990000
69 -0.698465250000
70 -0.698271320000
71 -0.698393950000
72 -0.698482060000
73 -0.698491130000
74 -0.698468760000
75 -0.698423460000
76 -0.698362370000
77 -0.698279730000
78 -0.698175460000
79 -0.698044300000
80 -0.697879400000
81 -0.697667920000
82 -0.697394400000
83 -0.697030980000
84 -0.696495060000
85 -0.689073330000
86 -0.627028790000
87 -0.562296230000
88 -0.497175010000
89 -0.432113430000
90 -0.367278070000
91 -0.302776390000
92 -0.238726360000
93 -0.175328790000
94 -0.113045770000
95 -0.053477250000
96 -0.012440830000
97 -0.009203250000
98 -0.008161870000
99 -0.007382300000
100 -0.006765620000
101 -0.006269780000
102 -0.005866480000
103 -0.005536190000
104 -0.005265500000
105 -0.005044050000
106 -0.004864970000
107 -0.004702990000
108 -0.000692300000
109 0.086919470000
110 0.173867580000
111 0.260103830000
112 0.344869810000
113 0.263869180000
114 0.176417170000
115 0.088075310000
116 -0.000880660000
117 -0.005294450000
118 -0.005712590000
119 -0.006282470000
120 -0.007079180000
121 -0.002484380000
122 0.068294420000
123 0.137237390000
124 0.204069870000
125 0.262947030000
126 0.280368480000
127 0.244517490000
128 0.202816300000
129 0.165236820000
130 0.137241930000
131 0.119261300000
132 0.102629790000
133 0.073570270000
134 0.025089300000
135 -0.040685640000
136 -0.098977710000
137 -0.150632270000
138 -0.196353570000
139 -0.236997500000
140 -0.272162300000
141 -0.298149590000
142 -0.306080300000
143 -0.284535000000
144 -0.240560530000
145 -0.185026730000
146 -0.123236770000
147 -0.057593730000
148 0.011149290000
149 0.015881570000
150 -0.049244720000
151 -0.104922360000
152 -0.134442960000
153 -0.101115430000
154 -0.045955620000
155 0.018594100000
156 0.000000000000

[w]
1 0.000000000000
2 0.339381500000
3 -0.144572290000
4 -0.425053340000
5 -0.316348240000
6 -0.162679380000
7 0.033569510000
8 0.206601160000
9 0.336972200000
10 0.449392860000
11 0.415124170000
12 0.367187920000
13 0.270600900000
14 0.019568600000
15 -0.256457330000
16 -0.365020420000
17 -0.416830970000
18 -0.450935100000
19 -0.239094410000
20 -0.043378300000
21 0.034393960000
22 0.066841770000
23 0.147411730000
24 0.398631580000
25 -0.383535700000
26 -0.056338360000
27 0.012339220000
28 0.016957940000
29 0.014883940000
30 0.012591320000
31 0.010802300000
32 0.006565350000
33 -0.058379950000
34 -0.405969980000
35 -0.466964150000
36 -0.481173870000
37 -0.487037600000
38 -0.489993160000
39 -0.491470370000
40 -0.491796970000
41 -0.490337050000
42 -0.482726050000
43 0.342450200000
44 0.482795290000
45 0.490348630000
46 0.493522420000
47 0.495737290000
48 0.497486110000
49 0.498111450000
50 0.498404940000
51 0.498603540000
52 0.498749570000
53 0.169148270000
54 0.013230570000
55 -0.177110840000
56 -0.497030620000
57 -0.496780130000
58 -0.496532060000
59 -0.496262560000
60 -0.495949130000
61 -0.495571510000
62 -0.495100600000
63 -0.494483420000
64 -0.493620420000
65 -0.492338610000
66 -0.488084610000
67 -0.437484750000
68 -0.002202190000
69 0.001423440000
70 -0.000950080000
71 -0.000653640000
72 -0.000065670000
73 0.000162060000
74 0.000329560000
75 0.000446740000
76 0.000606790000
77 0.000768260000
78 0.000968980000
79 0.001220530000
80 0.001567120000
81 0.002029040000
82 0.002697950000
83 0.003980670000
84 0.055143250000
85 0.454015380000
86 0.476686270000
87 0.482440800000
88 0.484565950000
89 0.485148210000
90 0.484684650000
91 0.483119080000
92 0.479842100000
93 0.472836570000
94 0.453313940000
95 0.312350280000
96 0.024373660000
97 0.007831620000
98 0.005860930000
99 0.004635170000
100 0.003726310000
101 0.003030260000
102 0.002481020000
103 0.002032710000
104 0.001662450000
105 0.001343940000
106 0.001214950000
107 0.030063970000
108 0.497563320000
109 0.496703120000
110 0.494934380000
111 0.488864420000
112 -0.459342270000
113 -0.492462610000
114 -0.495758340000
115 -0.497029380000
116 -0.032373780000
117 -0.003078040000
118 -0.004196910000
119 -0.005869340000
120 0.033837550000
121 0.487797810000
122 0.479461360000
123 0.460904260000
124 0.405284570000
125 0.119914340000
126 -0.245881160000
127 -0.285065200000
128 -0.256345500000
129 -0.190710290000
130 -0.122389350000
131 -0.113137650000
132 -0.197532300000
133 -0.328789390000
134 -0.441681820000
135 -0.394077650000
136 -0.350135580000
137 -0.310362860000
138 -0.276116360000
139 -0.238976020000
140 -0.176613450000
141 -0.053896220000
142 0.146292610000
143 0.298090120000
144 0.375742350000
145 0.417209810000
146 0.442128740000
147 0.460809340000
148 0.032432130000
149 -0.440826340000
150 -0.378760180000
151 -0.201231710000
152 0.226886290000
153 0.374400320000
154 0.435645870000
155 -0.126948170000
156 0.000000000000

[dt]
1 0.012875680000
2 0.155664230000
3 0.155301880000
4 0.156454950000
5 0.155496750000
6 0.155179860000
7 0.155087950000
8 0.155191110000
9 0.155544720000
10 0.157203650000
11 0.156429940000
12 0.156064340000
13 0.155813620000
14 0.155692450000
15 0.155866220000
16 0.156150160000
17 0.156521780000
18 0.157251130000
19 0.155056370000
20 0.154690650000
21 0.154624080000
22 0.154660080000
23 0.154788370000
24 0.155768340000
25 0.156333310000
26 0.154831560000
27 0.154667360000
28 0.154689240000
29 0.154739110000
30 0.154774520000
31 0.154823650000
32 0.154882860000
33 0.154955050000
34 0.155640520000
35 0.155692380000
36 0.155674710000
37 0.155749540000
38 0.156033100000
39 0.156485500000
40 0.156493650000
41 0.153115140000
42 0.147999340000
43 0.144645550000
44 0.126584740000
45 0.117544940000
46 0.117270950000
47 0.128521550000
48 0.155220770000
49 0.161719520000
50 0.161186130000
51 0.161404710000
52 0.162008620000
53 0.062594580000
54 0.063451770000
55 0.063071420000
56 0.117225950000
57 0.116624350000
58 0.116232530000
59 0.116054980000
60 0.115931610000
61 0.115854180000
62 0.115911240000
63 0.116135570000
64 0.116298290000
65 0.119640350000
66 0.131215210000
67 0.130795720000
68 0.139068200000
69 0.136239320000
70 0.129076520000
71 0.134804380000
72 0.138032480000
73 0.138024070000
74 0.137452220000
75 0.136739710000
76 0.136206640000
77 0.135718840000
78 0.135361950000
79 0.135106170000
80 0.134943670000
81 0.134802340000
82 0.134704080000
83 0.134630440000
84 0.134590020000
85 0.136657360000
86 0.135796990000
87 0.134982810000
88 0.134267750000
89 0.133640320000
90 0.133079680000
91 0.132576070000
92 0.132121750000
93 0.131722080000
94 0.131406770000
95 0.131379490000
96 0.132831390000
97 0.132971310000
98 0.133009800000
99 0.133044150000
100 0.133065070000
101 0.133091640000
102 0.133125720000
103 0.133166940000
104 0.133205570000
105 0.133253210000
106 0.133316920000
107 0.133405250000
108 0.176081650000
109 0.175050470000
110 0.174237740000
111 0.173393640000
112 0.176340450000
113 0.177581020000
114 0.178195410000
115 0.178975290000
116 0.136338450000
117 0.135845260000
118 0.135784740000
119 0.135741020000
120 0.135789830000
121 0.145098650000
122 0.143792540000
123 0.145002950000
124 0.145273620000
125 0.145282460000
126 0.145806160000
127 0.146286490000
128 0.146597010000
129 0.146792710000
130 0.146913360000
131 0.147002500000
132 0.147112740000
133 0.147452950000
134 0.148919290000
135 0.147920270000
136 0.147527300000
137 0.147315620000
138 0.147198570000
139 0.147147820000
140 0.147142190000
141 0.147147780000
142 0.147275360000
143 0.147520740000
144 0.147797560000
145 0.148102850000
146 0.148470410000
147 0.149178870000
148 0.145913600000
149 0.147736840000
150 0.146999730000
151 0.146699530000
152 0.146890880000
153 0.147328430000
154 0.148170160000
155 0.146470010000

[s]
1 0.000000000000
2 0.000000000000
3 0.018103180000
4 0.036431900000
5 0.054425330000
6 0.072381490000
7 0.090357270000
8 0.108436380000
9 0.126754580000
10 0.146410930000
11 0.164098230000
12 0.181987790000
13 0.199895120000
14 0.217894530000
15 0.236297190000
16 0.254938910000
17 0.273831790000
18 0.293521030000
19 0.307663340000
20 0.324876790000
21 0.342623540000
22 0.360583610000
23 0.378779070000
24 0.399198470000
25 0.418844140000
26 0.432904990000
27 0.450332060000
28 0.468259920000
29 0.486277000000
30 0.504256840000
31 0.522286370000
32 0.540357450000
33 0.558482600000
34 0.578897150000
35 0.597098060000
36 0.615013080000
37 0.633257370000
38 0.652339850000
39 0.672146020000
40 0.689951550000
41 0.691871790000
42 0.671274520000
43 0.641209650000
44 0.547943300000
45 0.498017140000
46 0.486818810000
47 0.522504750000
48 0.616389110000
49 0.623634120000
50 0.602257190000
51 0.583769620000
52 0.566534640000
53 0.211353680000
54 0.211338120000
55 0.207136910000
56 0.379566530000
57 0.367483090000
58 0.356195090000
59 0.345642740000
60 0.335288880000
61 0.325091660000
62 0.315276090000
63 0.305882140000
64 0.296268910000
65 0.294433610000
66 0.311234960000
67 0.297451270000
68 0.302704000000
69 0.282410330000
70 0.254438490000
71 0.252743160000
72 0.244901310000
73 0.230655140000
74 0.215524750000
75 0.200361990000
76 0.185660340000
77 0.171176700000
78 0.156991670000
79 0.143020400000
80 0.129214410000
81 0.115474280000
82 0.101808090000
83 0.088186440000
84 0.074604280000
85 0.061989300000
86 0.047713140000
87 0.033710770000
88 0.019970020000
89 0.006449270000
90 -0.006886410000
91 -0.020062850000
92 -0.033101290000
93 -0.046023510000
94 -0.058864690000
95 -0.071769470000
96 -0.085618880000
97 -0.098922970000
98 -0.112182320000
99 -0.125448230000
100 -0.138709310000
101 -0.151981920000
102 -0.165270550000
103 -0.178577590000
104 -0.191891800000
105 -0.205229880000
106 -0.218606910000
107 -0.232044020000
108 -0.323828540000
109 -0.344981910000
110 -0.366183240000
111 -0.386989510000
112 -0.416409680000
113 -0.442722640000
114 -0.467868640000
115 -0.493696540000
116 -0.394260140000
117 -0.406581950000
118 -0.420068540000
119 -0.433556870000
120 -0.447286290000
121 -0.492368010000
122 -0.503028820000
123 -0.521600330000
124 -0.509704120000
125 -0.494624050000
126 -0.480929030000
127 -0.466802500000
128 -0.451929330000
129 -0.436571380000
130 -0.420905640000
131 -0.405092740000
132 -0.389290620000
133 -0.374023170000
134 -0.361366070000
135 -0.342504220000
136 -0.325304020000
137 -0.308607980000
138 -0.292164820000
139 -0.275880310000
140 -0.259688460000
141 -0.243513680000
142 -0.227522540000
143 -0.211655580000
144 -0.195746600000
145 -0.179778160000
146 -0.163774930000
147 -0.147985590000
148 -0.128459140000
149 -0.113933790000
150 -0.097112940000
151 -0.080775220000
152 -0.064752000000
153 -0.048745970000
154 -0.032683330000
155 -0.016061220000

[splus]
1 0.000000000000
2 0.000000000000
3 0.018103180000
4 0.036431900000
5 0.054425330000
6 0.072381490000
7 0.090357270000
8 0.108436380000
9 0.126754580000
10 0.146410930000
11 0.164098230000
12 0.181987790000
13 0.199895120000
14 0.217894530000
15 0.236297190000
16 0.254938910000
17 0.273831790000
18 0.293521030000
19 0.307663340000
20 0.324876790000
21 0.342623540000
22 0.360583610000
23 0.378779070000
24 0.399198470000
25 0.418844140000
26 0.432904990000
27 0.450332060000
28 0.468259920000
29 0.486277000000
30 0.504256840000
31 0.522286370000
32 0.540357450000
33 0.558482600000
34 0.578897150000
35 0.597098060000
36 0.615013080000
37 0.633257370000
38 0.652339850000
39 0.672146020000
40 0.689951550000
41 0.691871790000
42 0.671274520000
43 0.641209650000
44 0.547943300000
45 0.498017140000
46 0.486818810000
47 0.522504750000
48 0.616389110000
49 0.623634120000
50 0.602257190000
51 0.583769620000
52 0.566534640000
53 0.211353680000
54 0.211338120000
55 0.207136910000
56 0.379566530000
57 0.367483090000
58 0.356195090000
59 0.345642740000
60 0.335288880000
61 0.325091660000
62 0.315276090000
63 0.305882140000
64 0.296268910000
65 0.294433610000
66 0.311234960000
67 0.297451270000
68 0.302704000000
69 0.282410330000
70 0.254438490000
71 0.252743160000
72 0.244901310000
73 0.230655140000
74 0.215524750000
75 0.200361990000
76 0.185660340000
77 0.171176700000
78 0.156991670000
79 0.143020400000
80 0.129214410000
81 0.115474280000
82 0.101808090000
83 0.088186440000
84 0.074604280000
85 0.061989300000
86 0.047713140000
87 0.033710770000
88 0.019970020000
89 0.006449270000
90 0.000000000000
91 0.000000000000
92 0.000000000000
93 0.000000000000
94 0.000000000000
95 0.000000000000
96 0.000000000000
97 0.000000000000
98 0.000000000000
99 0.000000000000
100 0.000000000000
101 0.000000000000
102 0.000000000000
103 0.000000000000
104 0.000000000000
105 0.000000000000
106 0.000000000000
107 0.000000000000
108 0.000000000000
109 0.000000000000
110 0.000000000000
111 0.000000000000
112 0.000000000000
113 0.000000000000
114 0.000000000000
115 0.000000000000
116 0.000000000000
117 0.000000000000
118 0.000000000000
119 0.000000000000
120 0.000000000000
121 0.000000000000
122 0.000000000000
123 0.000000000000
124 0.000000000000
125 0.000000000000
126 0.000000000000
127 0.000000000000
128 0.000000000000
129 0.000000000000
130 0.000000000000
131 0.000000000000
132 0.000000000000
133 0.000000000000
134 0.000000000000
135 0.000000000000
136 0.000000000000
137 0.000000000000
138 0.000000000000
139 0.000000000000
140 0.000000000000
141 0.000000000000
142 0.000000000000
143 0.000000000000
144 0.000000000000
145 0.000000000000
146 0.000000000000
147 0.000000000000
148 0.000000000000
149 0.000000000000
150 0.000000000000
151 0.000000000000
152 0.000000000000
153 0.000000000000
154 0.000000000000
155 0.000000000000

[sminus]
1 0.000000000000
2 0.000000000000
3 -0.000000000000
4 0.000000000000
5 0.000000000000
6 0.000000000000
7 0.000000000000
8 0.000000000000
9 0.000000000000
10 0.000000000000
11 0.000000000000
12 0.000000000000
13 0.000000000000
14 0.000000000000
15 0.000000000000
16 0.000000000000
17 0.000000000000
18 0.000000000000
19 0.000000000000
20 0.000000000000
21 0.000000000000
22 0.000000000000
23 0.000000000000
24 0.000000000000
25 0.000000000000
26 0.000000000000
27 0.000000000000
28 0.000000000000
29 0.000000000000
30 0.000000000000
31 0.000000000000
32 0.000000000000
33 0.000000000000
34 0.000000000000
35 0.000000000000
36 0.000000000000
37 0.000000000000
38 0.000000000000
39 0.000000000000
40 0.000000000000
41 0.000000000000
42 0.000000000000
43 0.000000000000
44 0.000000000000
45 0.000000000000
46 0.000000000000
47 0.000000000000
48 0.000000000000
49 0.000000000000
50 0.000000000000
51 0.000000000000
52 0.000000000000
53 0.000000000000
54 0.000000000000
55 0.000000000000
56 0.000000000000
57 0.000000000000
58 0.000000000000
59 0.000000000000
60 0.000000000000
61 0.000000000000
62 0.000000000000
63 0.000000000000
64 0.000000000000
65 0.000000000000
66 0.000000000000
67 0.000000000000
68 0.000000000000
69 0.000000000000
70 0.000000000000
71 0.000000000000
72 0.000000000000
73 0.000000000000
74 0.000000000000
75 0.000000000000
76 0.000000000000
77 0.000000000000
78 0.000000000000
79 0.000000000000
80 0.000000000000
81 0.000000000000
82 0.000000000000
83 0.000000000000
84 0.000000000000
85 0.000000000000
86 0.000000000000
87 0.000000000000
88 0.000000000000
89 0.000000000000
90 0.006886410000
91 0.020062850000
92 0.033101290000
93 0.046023510000
94 0.058864690000
95 0.071769470000
96 0.085618880000
97 0.098922970000
98 0.112182320000
99 0.125448230000
100 0.138709310000
101 0.151981920000
102 0.165270550000
103 0.178577590000
104 0.191891800000
105 0.205229880000
106 0.218606910000
107 0.232044020000
108 0.323828540000
109 0.344981910000
110 0.366183240000
111 0.386989510000
112 0.416409680000
113 0.442722640000
114 0.467868640000
115 0.493696540000
116 0.394260140000
117 0.406581950000
118 0.420068540000
119 0.433556870000
120 0.447286290000
121 0.492368010000
122 0.503028820000
123 0.521600330000
124 0.509704120000
125 0.494624050000
126 0.480929030000
127 0.466802500000
128 0.451929330000
129 0.436571380000
130 0.420905640000
131 0.405092740000
132 0.389290620000
133 0.374023170000
134 0.361366070000
135 0.342504220000
136 0.325304020000
137 0.308607980000
138 0.292164820000
139 0.275880310000
140 0.259688460000
141 0.243513680000
142 0.227522540000
143 0.211655580000
144 0.195746600000
145 0.179778160000
146 0.163774930000
147 0.147985590000
148 0.128459140000
149 0.113933790000
150 0.097112940000
151 0.080775220000
152 0.064752000000
153 0.048745970000
154 0.032683330000
155 0.016061220000

[k]
1 0.000000000000
2 0.000000000000
3 0.026439380000
4 0.015193280000
5 -0.018070110000
6 -0.042761610000
7 -0.055506430000
8 -0.052872730000
9 -0.036711390000
10 -0.010440030000
11 0.024905150000
12 0.057606400000
13 0.086864410000
14 0.108755690000
15 0.110352170000
16 0.089564410000
17 0.060416970000
18 0.027531680000
19 -0.007951800000
20 -0.026512470000
21 -0.029878250000
22 -0.027210510000
23 -0.022029070000
24 -0.010607630000
25 0.020452460000
26 -0.009539800000
27 -0.013903700000
28 -0.012948770000
29 -0.011636370000
30 -0.010484250000
31 -0.009509450000
32 -0.008672950000
33 -0.008164370000
34 -0.012689370000
35 -0.044395380000
36 -0.081336890000
37 -0.120329350000
38 -0.161280050000
39 -0.204638750000
40 -0.251087700000
41 -0.301313860000
42 -0.355016180000
43 -0.411719600000
44 -0.371755930000
45 -0.326314790000
46 -0.286668620000
47 -0.249413030000
48 -0.210804610000
49 -0.166680230000
50 -0.123005450000
51 -0.081143710000
52 -0.040290800000
53 0.000196930000
54 0.005491140000
55 0.005910950000
56 0.000325280000
57 -0.028839080000
58 -0.058034010000
59 -0.087509530000
60 -0.117524240000
61 -0.148310590000
62 -0.180120050000
63 -0.213259080000
64 -0.248087520000
65 -0.284948090000
66 -0.325368910000
67 -0.373001300000
68 -0.419573070000
69 -0.419834090000
70 -0.419668790000
71 -0.419773310000
72 -0.419848430000
73 -0.419856160000
74 -0.419837090000
75 -0.419798470000
76 -0.419746400000
77 -0.419675950000
78 -0.419587100000
79 -0.419475350000
80 -0.419334890000
81 -0.419154810000
82 -0.418921990000
83 -0.418612820000
84 -0.418157240000
85 -0.411889700000
86 -0.362286910000
87 -0.315076470000
88 -0.271320020000
89 -0.230590730000
90 -0.192367520000
91 -0.156190470000
92 -0.121683610000
93 -0.088573850000
94 -0.056764900000
95 -0.026764150000
96 -0.006220740000
97 -0.004601750000
98 -0.004081020000
99 -0.003691220000
100 -0.003382860000
101 -0.003134930000
102 -0.002933270000
103 -0.002768120000
104 -0.002632770000
105 -0.002522050000
106 -0.002432500000
107 -0.002351510000
108 -0.000346150000
109 0.043569510000
110 0.087820520000
111 0.133066360000
112 0.179612770000
113 0.135084410000
114 0.089135230000
115 0.044151880000
116 -0.000440330000
117 -0.002647250000
118 -0.002856330000
119 -0.003141270000
120 -0.003539650000
121 -0.001242190000
122 0.034200400000
123 0.069052760000
124 0.103475330000
125 0.134589800000
126 0.143976650000
127 0.124755030000
128 0.102821870000
129 0.083378630000
130 0.069055070000
131 0.059914980000
132 0.051495820000
133 0.036851650000
134 0.012547280000
135 -0.020354050000
136 -0.049651100000
137 -0.075891000000
138 -0.099458280000
139 -0.120768360000
140 -0.139543730000
141 -0.153654970000
142 -0.158005500000
143 -0.146235380000
144 -0.122655440000
145 -0.093583750000
146 -0.061932230000
147 -0.028828750000
148 0.005574870000
149 0.007941450000
150 -0.024642280000
151 -0.052654540000
152 -0.067629440000
153 -0.050730730000
154 -0.022994000000
155 0.009298120000

[up]
1 0.000000000000
2 0.000000000000
3 0.018562670000
4 0.036963280000
5 0.055369460000
6 0.075352840000
7 0.095172060000
8 0.113940370000
9 0.131221780000
10 0.147878320000
11 0.168021650000
12 0.192052110000
13 0.216564350000
14 0.240643930000
15 0.261330080000
16 0.276859030000
17 0.289714120000
18 0.301278920000
19 0.310011950000
20 0.333145530000
21 0.352451020000
22 0.370002780000
23 0.386789430000
24 0.403263620000
25 0.427067890000
26 0.436869620000
27 0.456342870000
28 0.474080760000
29 0.491709140000
30 0.509332110000
31 0.527054340000
32 0.544856460000
33 0.562859850000
34 0.585948980000
35 0.622545890000
36 0.663035150000
37 0.706408570000
38 0.753340570000
39 0.804190920000
40 0.856260080000
41 0.892003610000
42 0.900055610000
43 0.894648680000
44 0.743494400000
45 0.654026120000
46 0.620791870000
47 0.647611450000
48 0.741129240000
49 0.723423260000
50 0.673374400000
51 0.629243800000
52 0.588447600000
53 0.211393640000
54 0.212452200000
55 0.208312310000
56 0.379685060000
57 0.377657050000
58 0.376039660000
59 0.374679900000
60 0.373117270000
61 0.371377610000
62 0.369792130000
63 0.368504990000
64 0.366829500000
65 0.374975970000
66 0.408450490000
67 0.403962990000
68 0.424630190000
69 0.396233200000
70 0.356947190000
71 0.354594210000
72 0.343609880000
73 0.323623440000
74 0.302390620000
75 0.281109180000
76 0.260473390000
77 0.240141900000
78 0.220228480000
79 0.200614190000
80 0.181231150000
81 0.161939820000
82 0.142751750000
83 0.123625780000
84 0.104552740000
85 0.086500740000
86 0.064307550000
87 0.043907380000
88 0.025171560000
89 0.007876920000
90 0.000000000000
91 0.000000000000
92 0.000000000000
93 0.000000000000
94 0.000000000000
95 0.000000000000
96 0.000000000000
97 0.000000000000
98 0.000000000000
99 0.000000000000
100 0.000000000000
101 0.000000000000
102 0.000000000000
103 0.000000000000
104 0.000000000000
105 0.000000000000
106 0.000000000000
107 0.000000000000
108 0.000000000000
109 0.000000000000
110 0.000000000000
111 0.000000000000
112 0.000000000000
113 0.000000000000
114 0.000000000000
115 0.000000000000
116 0.000000000000
117 0.000000000000
118 0.000000000000
119 0.000000000000
120 0.000000000000
121 0.000000000000
122 0.000000000000
123 0.000000000000
124 0.000000000000
125 0.000000000000
126 0.000000000000
127 0.000000000000
128 0.000000000000
129 0.000000000000
130 0.000000000000
131 0.000000000000
132 0.000000000000
133 0.000000000000
134 0.000000000000
135 0.000000000000
136 0.000000000000
137 0.000000000000
138 0.000000000000
139 0.000000000000
140 0.000000000000
141 0.000000000000
142 0.000000000000
143 0.000000000000
144 0.000000000000
145 0.000000000000
146 0.000000000000
147 0.000000000000
148 0.000000000000
149 0.000000000000
150 0.000000000000
151 0.000000000000
152 0.000000000000
153 0.000000000000
154 0.000000000000
155 0.000000000000

[down]
1 0.000000000000
2 0.000000000000
3 -0.000000000000
4 0.000000000000
5 -0.000000000000
6 0.000000000000
7 -0.000000000000
8 0.000000000000
9 -0.000000000000
10 0.000000000000
11 -0.000000000000
12 0.000000000000
13 -0.000000000000
14 0.000000000000
15 0.000000000000
16 0.000000000000
17 -0.000000000000
18 0.000000000000
19 -0.000000000000
20 0.000000000000
21 0.000000000000
22 0.000000000000
23 0.000000000000
24 0.000000000000
25 -0.000000000000
26 0.000000000000
27 -0.000000000000
28 0.000000000000
29 0.000000000000
30 0.000000000000
31 -0.000000000000
32 0.000000000000
33 -0.000000000000
34 0.000000000000
35 0.000000000000
36 0.000000000000
37 -0.000000000000
38 0.000000000000
39 -0.000000000000
40 0.000000000000
41 -0.000000000000
42 0.000000000000
43 0.000000000000
44 0.000000000000
45 -0.000000000000
46 0.000000000000
47 0.000000000000
48 0.000000000000
49 0.000000000000
50 0.000000000000
51 0.000000000000
52 0.000000000000
53 0.000000000000
54 0.000000000000
55 -0.000000000000
56 0.000000000000
57 -0.000000000000
58 0.000000000000
59 -0.000000000000
60 0.000000000000
61 -0.000000000000
62 0.000000000000
63 0.000000000000
64 0.000000000000
65 -0.000000000000
66 0.000000000000
67 0.000000000000
68 0.000000000000
69 0.000000000000
70 0.000000000000
71 0.000000000000
72 0.000000000000
73 0.000000000000
74 0.000000000000
75 0.000000000000
76 0.000000000000
77 -0.000000000000
78 0.000000000000
79 -0.000000000000
80 0.000000000000
81 0.000000000000
82 0.000000000000
83 -0.000000000000
84 0.000000000000
85 0.000000000000
86 0.000000000000
87 -0.000000000000
88 0.000000000000
89 0.000000000000
90 0.008158150000
91 0.023071130000
92 0.036968060000
93 0.049936940000
94 0.062072480000
95 0.073613480000
96 0.086130180000
97 0.099359980000
98 0.112621820000
99 0.125892760000
100 0.139159770000
101 0.152439320000
102 0.165735940000
103 0.179052150000
104 0.192376800000
105 0.205726780000
106 0.219117410000
107 0.232567840000
108 0.323936150000
109 0.359411370000
110 0.397055300000
111 0.436424980000
112 0.488210470000
113 0.500135370000
114 0.507904070000
115 0.514622260000
116 0.394426800000
117 0.407615220000
118 0.421220400000
119 0.434864310000
120 0.448806190000
121 0.492955160000
122 0.519544460000
123 0.556177560000
124 0.560336250000
125 0.558532550000
126 0.547401880000
127 0.522709020000
128 0.496538820000
129 0.471516070000
130 0.448808680000
131 0.428393020000
132 0.408535590000
133 0.387255200000
134 0.365718870000
135 0.349196720000
136 0.340809650000
137 0.331091720000
138 0.320060700000
139 0.307865220000
140 0.294476830000
141 0.279434090000
142 0.262034360000
143 0.241369050000
144 0.218795610000
145 0.195929500000
146 0.173512160000
147 0.152081180000
148 0.129146640000
149 0.114802400000
150 0.099410300000
151 0.084858280000
152 0.068955970000
153 0.051119980000
154 0.033404790000
155 0.016204590000

[left]
1 0.000000000000
2 0.000000000000
3 0.001421100000
4 0.001648500000
5 0.000913640000
6 0.002875390000
7 0.004659310000
8 0.005326260000
9 0.004322950000
10 0.001420010000
11 0.012432530000
12 0.031985600000
13 0.053132250000
14 0.072725720000
15 0.080265580000
16 0.070497630000
17 0.051235670000
18 0.025106150000
19 0.002272770000
20 0.008001730000
21 0.009510140000
22 0.009115010000
23 0.007751690000
24 0.003933880000
25 0.027150540000
26 0.003836600000
27 0.005816710000
28 0.005632870000
29 0.005256730000
30 0.004911370000
31 0.004614000000
32 0.004353730000
33 0.004235900000
34 0.006824120000
35 0.024626080000
36 0.046471360000
37 0.070789030000
38 0.097739240000
39 0.127780950000
40 0.160938160000
41 0.193669230000
42 0.221393360000
43 0.245255060000
44 0.189236430000
45 0.150971190000
46 0.129646850000
47 0.121066800000
48 0.120712060000
49 0.096566780000
50 0.068820720000
51 0.044005740000
52 0.021205350000
53 0.000127600000
54 0.003557690000
55 0.003750960000
56 0.000388890000
57 0.009845430000
58 0.019203760000
59 0.028099500000
60 0.036606850000
61 0.044791300000
62 0.052755630000
63 0.060600660000
64 0.068282070000
65 0.077941510000
66 0.094076280000
67 0.103072280000
68 0.117988990000
69 0.110147340000
70 0.099198520000
71 0.098562100000
72 0.095521110000
73 0.089966200000
74 0.084060830000
75 0.078139730000
76 0.072397210000
77 0.066738200000
78 0.061194790000
79 0.055733990000
80 0.050337040000
81 0.044965090000
82 0.039621520000
83 0.034294940000
84 0.028981380000
85 0.023719930000
86 0.016058550000
87 0.009867350000
88 0.005033570000
89 0.001381550000
90 0.003921180000
91 0.009275530000
92 0.011922540000
93 0.012066380000
94 0.009890690000
95 0.005685710000
96 0.001576530000
97 0.001347450000
98 0.001355140000
99 0.001370650000
100 0.001388930000
101 0.001410300000
102 0.001434960000
103 0.001463200000
104 0.001495410000
105 0.001532090000
106 0.001574020000
107 0.001615140000
108 0.000331800000
109 0.016556170000
110 0.035763090000
111 0.057803190000
112 0.085054390000
113 0.068797280000
114 0.048498520000
115 0.025630710000
116 0.000513870000
117 0.003185920000
118 0.003551560000
119 0.004031290000
120 0.004686380000
121 0.001810380000
122 0.020309320000
123 0.042854150000
124 0.062438490000
125 0.078308680000
126 0.080976710000
127 0.067693550000
128 0.053669150000
129 0.041762030000
130 0.033118960000
131 0.027463900000
132 0.022525540000
133 0.015382400000
134 0.005031480000
135 0.020635190000
136 0.047809040000
137 0.069324880000
138 0.086012300000
139 0.098620130000
140 0.107264170000
141 0.110754580000
142 0.106411440000
143 0.091616540000
144 0.071067780000
145 0.049799970000
146 0.030023120000
147 0.012628070000
148 0.000711290000
149 0.000892100000
150 0.007083530000
151 0.012589420000
152 0.012962260000
153 0.007319840000
154 0.002224500000
155 0.000139940000

[right]
1 0.000000000000
2 0.000000000000
3 0.000444650000
4 0.000514220000
5 0.002937840000
6 0.009273650000
7 0.015072190000
8 0.017281490000
9 0.014068780000
10 0.004636350000
11 0.003796720000
12 0.009739320000
13 0.016130950000
14 0.022014780000
15 0.024224540000
16 0.021212290000
17 0.015369460000
18 0.007507370000
19 0.007617890000
20 0.026894390000
21 0.032055110000
22 0.030811390000
23 0.026278900000
24 0.013379430000
25 0.007958190000
26 0.013118160000
27 0.019943150000
28 0.019367180000
29 0.018124880000
30 0.016981650000
31 0.015998240000
32 0.015138130000
33 0.014769730000
34 0.023869300000
35 0.086378070000
36 0.163450360000
37 0.249676270000
38 0.345734800000
39 0.453364050000
40 0.572547460000
41 0.689190640000
42 0.785395360000
43 0.866076410000
44 0.658755290000
45 0.521493230000
46 0.447052480000
47 0.419791920000
48 0.424661450000
49 0.340095360000
50 0.241585480000
51 0.154038130000
52 0.074030720000
53 0.000038670000
54 0.001078100000
55 0.001137450000
56 0.000114700000
57 0.033316980000
58 0.064868970000
59 0.094758560000
60 0.123243490000
61 0.150552100000
62 0.177043010000
63 0.203063820000
64 0.228449800000
65 0.260690190000
66 0.315506680000
67 0.344912210000
68 0.395161760000
69 0.367695890000
70 0.329652940000
71 0.327448080000
72 0.316941990000
73 0.297820810000
74 0.277587340000
75 0.257396900000
76 0.237907840000
77 0.218791250000
78 0.200150830000
79 0.181871000000
80 0.163885650000
81 0.146063310000
82 0.128413990000
83 0.110899030000
84 0.093504790000
85 0.076368330000
86 0.051578480000
87 0.031618580000
88 0.016092170000
89 0.004406730000
90 0.001235230000
91 0.002942570000
92 0.003808570000
93 0.003880860000
94 0.003202550000
95 0.001853400000
96 0.000517600000
97 0.000445410000
98 0.000450990000
99 0.000459220000
100 0.000468460000
101 0.000478830000
102 0.000490420000
103 0.000503370000
104 0.000517810000
105 0.000533960000
106 0.000552130000
107 0.000570220000
108 0.000122280000
109 0.044490850000
110 0.095188870000
111 0.152426040000
112 0.221385790000
113 0.177022590000
114 0.123442590000
115 0.064520990000
116 0.000195500000
117 0.001218710000
118 0.001366670000
119 0.001560460000
120 0.001824910000
121 0.000718760000
122 0.050923210000
123 0.106613100000
124 0.156115740000
125 0.197051210000
126 0.204957960000
127 0.172378440000
128 0.137545930000
129 0.107746140000
130 0.086034380000
131 0.071842530000
132 0.059338650000
133 0.040798770000
134 0.013421120000
135 0.007670240000
136 0.017632040000
137 0.025371590000
138 0.031239970000
139 0.035547900000
140 0.038370290000
141 0.039316260000
142 0.037487070000
143 0.032029510000
144 0.024654600000
145 0.017142110000
146 0.010253380000
147 0.004279010000
148 0.002119780000
149 0.002678210000
150 0.002339380000
151 0.004122980000
152 0.004210000000
153 0.002357610000
154 0.000710440000
155 0.000442040000
