  0.00000000
  0.00000000
  0.05282956
  0.03037721
 -0.03612449
 -0.08531561
 -0.11056017
 -0.10535393
 -0.07329127
 -0.02087702
  0.04976918
  0.11470704
  0.17201200
  0.21417534
  0.21722204
  0.17724897
  0.12025095
  0.05500781
 -0.01590225
 -0.05297533
 -0.05968553
 -0.05436739
 -0.04402966
 -0.02121207
  0.04088212
 -0.01907729
 -0.02780023
 -0.02589175
 -0.02326855
 -0.02096542
 -0.01901661
 -0.01734416
 -0.01632729
 -0.02537331
 -0.08855860
 -0.16126135
 -0.23616796
 -0.31202384
 -0.38847899
 -0.46538699
 -0.54235009
 -0.61742810
 -0.68887122
 -0.63933666
 -0.57822207
 -0.52058407
 -0.46270823
 -0.39899530
 -0.32177513
 -0.24122078
 -0.16088482
 -0.08040786
  0.00039386
  0.01098185
  0.01182134
  0.00065056
 -0.05761433
 -0.11555099
 -0.17326416
 -0.23085790
 -0.28835408
 -0.34576812
 -0.40315584
 -0.46058296
 -0.51799017
 -0.57689373
 -0.64093786
 -0.69815899
 -0.69846525
 -0.69827132
 -0.69839395
 -0.69848206
 -0.69849113
 -0.69846876
 -0.69842346
 -0.69836237
 -0.69827973
 -0.69817546
 -0.69804430
 -0.69787940
 -0.69766792
 -0.69739440
 -0.69703098
 -0.69649506
 -0.68907333
 -0.62702879
 -0.56229623
 -0.49717501
 -0.43211343
 -0.36727807
 -0.30277639
 -0.23872636
 -0.17532879
 -0.11304577
 -0.05347725
 -0.01244083
 -0.00920325
 -0.00816187
 -0.00738230
 -0.00676562
 -0.00626978
 -0.00586648
 -0.00553619
 -0.00526550
 -0.00504405
 -0.00486497
 -0.00470299
 -0.00069230
  0.08691947
  0.17386758
  0.26010383
  0.34486981
  0.26386918
  0.17641717
  0.08807531
 -0.00088066
 -0.00529445
 -0.00571259
 -0.00628247
 -0.00707918
 -0.00248438
  0.06829442
  0.13723739
  0.20406987
  0.26294703
  0.28036848
  0.24451749
  0.20281630
  0.16523682
  0.13724193
  0.11926130
  0.10262979
  0.07357027
  0.02508930
 -0.04068564
 -0.09897771
 -0.15063227
 -0.19635357
 -0.23699750
 -0.27216230
 -0.29814959
 -0.30608030
 -0.28453500
 -0.24056053
 -0.18502673
 -0.12323677
 -0.05759373
  0.01114929
  0.01588157
 -0.04924472
 -0.10492236
 -0.13444296
 -0.10111543
 -0.04595562
  0.01859410
  0.00000000
