  0.00000000
  0.00000000
  0.01810318
  0.03643190
  0.05442533
  0.07238149
  0.09035727
  0.10843638
  0.12675458
  0.14641093
  0.16409823
  0.18198779
  0.19989512
  0.21789453
  0.23629719
  0.25493891
  0.27383179
  0.29352103
  0.30766334
  0.32487679
  0.34262354
  0.36058361
  0.37877907
  0.39919847
  0.41884414
  0.43290499
  0.45033206
  0.46825992
  0.48627700
  0.50425684
  0.52228637
  0.54035745
  0.55848260
  0.57889715
  0.59709806
  0.61501308
  0.63325737
  0.65233985
  0.67214602
  0.68995155
  0.69187179
  0.67127452
  0.64120965
  0.54794330
  0.49801714
  0.48681881
  0.52250475
  0.61638911
  0.62363412
  0.60225719
  0.58376962
  0.56653464
  0.21135368
  0.21133812
  0.20713691
  0.37956653
  0.36748309
  0.35619509
  0.34564274
  0.33528888
  0.32509166
  0.31527609
  0.30588214
  0.29626891
  0.29443361
  0.31123496
  0.29745127
  0.30270400
  0.28241033
  0.25443849
  0.25274316
  0.24490131
  0.23065514
  0.21552475
  0.20036199
  0.18566034
  0.17117670
  0.15699167
  0.14302040
  0.12921441
  0.11547428
  0.10180809
  0.08818644
  0.07460428
  0.06198930
  0.04771314
  0.03371077
  0.01997002
  0.00644927
 -0.00688641
 -0.02006285
 -0.03310129
 -0.04602351
 -0.05886469
 -0.07176947
 -0.08561888
 -0.09892297
 -0.11218232
 -0.12544823
 -0.13870931
 -0.15198192
 -0.16527055
 -0.17857759
 -0.19189180
 -0.20522988
 -0.21860691
 -0.23204402
 -0.32382854
 -0.34498191
 -0.36618324
 -0.38698951
 -0.41640968
 -0.44272264
 -0.46786864
 -0.49369654
 -0.39426014
 -0.40658195
 -0.42006854
 -0.43355687
 -0.44728629
 -0.49236801
 -0.50302882
 -0.52160033
 -0.50970412
 -0.49462405
 -0.48092903
 -0.46680250
 -0.45192933
 -0.43657138
 -0.42090564
 -0.40509274
 -0.38929062
 -0.37402317
 -0.36136607
 -0.34250422
 -0.32530402
 -0.30860798
 -0.29216482
 -0.27588031
 -0.25968846
 -0.24351368
 -0.22752254
 -0.21165558
 -0.19574660
 -0.17977816
 -0.16377493
 -0.14798559
 -0.12845914
 -0.11393379
 -0.09711294
 -0.08077522
 -0.06475200
 -0.04874597
 -0.03268333
 -0.01606122
