  0.00000000
  0.00000000
  0.00000000
  0.00047864
  0.00103216
  0.00004869
 -0.00304646
 -0.00806187
 -0.01379519
 -0.01844852
 -0.01997706
 -0.01589016
 -0.00540650
  0.01195728
  0.03565457
  0.06173049
  0.08456396
  0.10110806
  0.10918919
  0.10674272
  0.09812945
  0.08789249
  0.07808086
  0.06973673
  0.06550220
  0.07406860
  0.06993878
  0.06367752
  0.05761415
  0.05195567
  0.04666894
  0.04170231
  0.03701584
  0.03245621
  0.02511054
 -0.00139762
 -0.05142061
 -0.12761978
 -0.23282887
 -0.37037564
 -0.54361370
 -0.75208435
 -0.99039798
 -1.25439696
 -1.45809598
 -1.62060532
 -1.76016059
 -1.89048007
 -2.02041770
 -2.12436472
 -2.19844514
 -2.24581408
 -2.26864007
 -2.26859845
 -2.26743796
 -2.26621358
 -2.26609011
 -2.27668799
 -2.29735942
 -2.32760645
 -2.36701102
 -2.41522556
 -2.47201310
 -2.53724525
 -2.61074586
 -2.69464416
 -2.79591034
 -2.90686005
 -3.03386649
 -3.15243198
 -3.25921187
 -3.36530671
 -3.46812814
 -3.56497012
 -3.65545540
 -3.73956706
 -3.81749731
 -3.88933606
 -3.95520774
 -4.01520127
 -4.06938538
 -4.11778698
 -4.16043663
 -4.19735260
 -4.22854892
 -4.25408168
 -4.27136752
 -4.28198899
 -4.28740726
 -4.28889440
 -4.28756967
 -4.28443605
 -4.28040816
 -4.27633168
 -4.27299024
 -4.27106939
 -4.27053677
 -4.27008156
 -4.26962374
 -4.26916068
 -4.26869145
 -4.26821499
 -4.26773021
 -4.26723588
 -4.26673068
 -4.26621308
 -4.26568132
 -4.26513566
 -4.26502357
 -4.28005426
 -4.31221266
 -4.36370795
 -4.43850044
 -4.49830537
 -4.54000895
 -4.56180658
 -4.56163297
 -4.56055665
 -4.55935680
 -4.55799488
 -4.55641164
 -4.55580002
 -4.57300381
 -4.60902175
 -4.66176355
 -4.72833491
 -4.79757746
 -4.85581342
 -4.90228164
 -4.93868236
 -4.96774803
 -4.99201915
 -5.01206599
 -5.02584936
 -5.03038352
 -5.02341217
 -5.00726047
 -4.98383991
 -4.95478170
 -4.92146408
 -4.88522619
 -4.84780910
 -4.81185929
 -4.78090776
 -4.75689837
 -4.74007406
 -4.72993111
 -4.72566487
 -4.72638101
 -4.72728581
 -4.72489273
 -4.72063955
 -4.71626041
 -4.71378749
 -4.71303597
 -4.71318531
