  5.00000000
  5.00000000
  5.00000000
  5.01810318
  5.05453507
  5.10896037
  5.18134186
  5.27169871
  5.38013157
  5.50687409
  5.65326011
  5.81732559
  5.99929041
  6.19918261
  6.41706157
  6.65320858
  6.90766189
  7.18051517
  7.47253718
  7.77836831
  8.10139604
  8.44237127
  8.80156300
  9.17918802
  9.57741619
  9.99536213
 10.42708018
 10.87631131
 11.34362221
 11.82909238
 12.33266880
 12.85438654
 13.39427423
 13.95237431
 14.53096663
 15.12787659
 15.74288936
 16.37531032
 17.02234621
 17.67635797
 18.31952773
 18.91166588
 19.40187760
 19.75349054
 19.92397262
 19.97997599
 19.95573616
 19.85738249
 19.66367181
 19.39262354
 19.07600005
 18.73318468
 18.37915065
 18.24334171
 18.10754951
 17.97464102
 17.73145052
 17.49603678
 17.26496852
 17.03535645
 16.80514515
 16.57279768
 16.33709975
 16.09726286
 15.85347115
 15.59955788
 15.31889547
 15.03904009
 14.74463727
 14.46386403
 14.20944048
 13.95844356
 13.71964514
 13.50117798
 13.30468266
 13.13019695
 12.97675283
 12.84321081
 12.72810057
 12.62986335
 12.54689941
 12.47766080
 12.42063004
 12.37438942
 12.33764185
 12.30880556
 12.28769580
 12.27330591
 12.26497373
 12.26231467
 12.26514463
 12.27341366
 12.28715100
 12.30641969
 12.33128231
 12.36181271
 12.39838336
 12.44068426
 12.48870121
 12.54244821
 12.60193481
 12.66717790
 12.73819667
 12.81501180
 12.89763965
 12.98610440
 13.08043743
 13.18068012
 13.32073294
 13.46996926
 13.62339705
 13.77416071
 13.91643061
 14.03617694
 14.13557659
 14.22025916
 14.27940369
 14.34046645
 14.40400166
 14.47009116
 14.53887549
 14.61536271
 14.69380996
 14.76627813
 14.81887106
 14.84390092
 14.83623238
 14.79651427
 14.73191855
 14.64951419
 14.55507687
 14.45275335
 14.34530906
 14.23489307
 14.12346503
 14.01637688
 13.91682315
 13.82713646
 13.74879845
 13.68257998
 13.62868028
 13.58680129
 13.55608425
 13.53506550
 13.52166368
 13.51366450
 13.50913096
 13.50653511
 13.50482975
 13.50323564
 13.50178902
 13.50077905
 13.50024482
 13.50005610
 13.50001039
 13.50000000
