 26.64425428
 26.64425428
 26.64425428
 26.64425428
 26.64427172
 26.64432789
 26.64433142
 26.64405615
 26.64318196
 26.64143341
 26.63873250
 26.63545453
 26.63256284
 26.63148212
 26.63408749
 26.64251078
 26.65823830
 26.68136702
 26.71099383
 26.74452064
 26.77913307
 26.81270062
 26.84435246
 26.87389787
 26.90171417
 26.92912984
 26.96116528
 26.99263538
 27.02243297
 27.05043404
 27.07662140
 27.10098727
 27.12351508
 27.14418326
 27.16296901
 27.17796124
 27.17710219
 27.14455474
 27.06152992
 26.90644585
 26.65670727
 26.29884665
 25.84025272
 25.30403898
 24.78328619
 24.28842566
 23.80220955
 23.28904431
 22.70388403
 22.14223205
 21.62992012
 21.15741122
 20.71512012
 20.55317473
 20.39123560
 20.23236134
 19.94093530
 19.65875770
 19.38768134
 19.12932653
 18.88556150
 18.65818683
 18.44879366
 18.25894596
 18.09059851
 17.94153744
 17.80701678
 17.70622877
 17.63582498
 17.60546081
 17.60821869
 17.63787764
 17.69220965
 17.76619540
 17.85474203
 17.95322892
 18.05775004
 18.16483875
 18.27159088
 18.37553453
 18.47459687
 18.56701076
 18.65134568
 18.72643665
 18.79136288
 18.84623674
 18.88902601
 18.91951120
 18.93765994
 18.94353552
 18.93725746
 18.91897793
 18.88886181
 18.84706610
 18.79370973
 18.72875782
 18.65134219
 18.56191966
 18.46053305
 18.34718175
 18.22187566
 18.08461006
 17.93537639
 17.77416413
 17.60097319
 17.41578871
 17.21858256
 17.00930804
 16.71733178
 16.40629957
 16.07380885
 15.71739449
 15.32604261
 14.89982182
 14.44263393
 13.95625431
 13.56645567
 13.16448524
 12.74924934
 12.32075927
 11.87879350
 11.39240275
 10.89552850
 10.37898685
  9.87200334
  9.37801300
  8.89714511
  8.43203540
  7.98474633
  7.55602254
  7.14584800
  6.75389134
  6.37972171
  6.02236804
  5.67861053
  5.35327797
  5.04358173
  4.74829343
  4.46682685
  4.19901150
  3.94497820
  3.70509268
  3.47965318
  3.26904383
  3.07375656
  2.89415645
  2.73044427
  2.58248145
  2.45403363
  2.34011099
  2.24300883
  2.16223992
  2.09749013
  2.04874452
  2.01606122
  2.00000000
