  0.00000000
  0.00000000
 -0.05993801
 -0.12112419
 -0.18538853
 -0.25485923
 -0.33223316
 -0.42096463
 -0.33502331
 -0.25576891
 -0.18537750
 -0.12075953
 -0.05959116
  0.00003275
  0.00033331
  0.00036844
  0.00042366
  0.00051677
  0.00069682
  0.00116870
  0.00541757
  0.02943204
  0.03313344
  0.07586696
  0.12003061
  0.16661474
  0.21603048
  0.26943711
  0.32829256
  0.27085949
  0.21689590
  0.16608563
  0.12186947
  0.08499815
  0.04518762
 -0.00002212
 -0.00024415
 -0.00024964
 -0.00025708
 -0.00026621
 -0.00027605
 -0.00028669
 -0.00029817
 -0.00031062
 -0.00032405
 -0.00009709
  0.01993494
  0.03990878
  0.04426722
  0.02208384
 -0.00011539
 -0.00048379
 -0.00051865
 -0.00055852
 -0.00060431
 -0.00010626
  0.02107797
  0.04228317
  0.06358855
  0.08505936
  0.10674236
  0.12862393
  0.15035930
  0.15712838
  0.13994253
  0.12007909
  0.10036446
  0.08168149
  0.06647954
  0.07671791
  0.09529313
  0.11570285
  0.13707802
  0.15915184
  0.18174150
  0.20417906
  0.19160350
  0.17134346
  0.15598129
  0.15326012
  0.16395827
  0.17825999
  0.15957010
  0.13856386
  0.11750960
  0.09678545
  0.07654666
  0.05698698
  0.03853989
  0.02243635
  0.01185679
  0.00300208
 -0.01686459
 -0.03472968
 -0.03542142
 -0.01744841
  0.00257695
  0.00718545
  0.00719372
  0.00863114
  0.02137538
  0.04011000
  0.06030960
  0.08124357
  0.10274134
  0.12477693
  0.14739303
  0.17065311
  0.19463760
  0.21940089
  0.24480253
  0.26423289
  0.24594307
  0.23008376
  0.21683130
  0.20122120
  0.17959785
  0.15612239
  0.13299981
  0.11028152
  0.08791744
  0.06584210
  0.04398228
  0.02226042
  0.00058790
 -0.02218682
 -0.04502571
 -0.06803581
 -0.09131858
 -0.11497185
 -0.13910142
 -0.16379344
 -0.18911189
 -0.21491864
 -0.20498296
 -0.17910930
 -0.15610506
 -0.13625173
 -0.11790851
 -0.09978563
 -0.07918351
 -0.05683111
 -0.03463065
 -0.01280126
 -0.00107759
 -0.00001503
  0.05875069
  0.11933781
  0.18357409
  0.25372214
  0.32788525
  0.42105716
  0.42108864
  0.42109258
  0.42109521
  0.42108940
  0.42107955
  0.42103618
  0.32476221
  0.24503654
  0.17602775
  0.11376868
  0.05566568
 -0.00016056
  0.00009722
 -0.05451447
  0.00003438
 -0.06170556
 -0.12455408
 -0.12742619
 -0.06270984
  0.00003143
  0.00011511
  0.00012153
  0.00013273
  0.00015176
  0.00008618
 -0.05826584
 -0.11817347
 -0.07081671
 -0.01258326
 -0.00076657
 -0.00055582
 -0.00010907
  0.06238625
  0.12685719
  0.19544925
  0.19567684
  0.12703287
  0.06252403
