  0.00000000
  0.00000000
 -0.09400135
 -0.18766000
 -0.28097593
 -0.37385950
 -0.46611469
 -0.55727021
 -0.64559028
 -0.69250118
 -0.62682704
 -0.53878041
 -0.44836557
 -0.35710390
 -0.26543651
 -0.17355669
 -0.08156789
  0.01056940
  0.09935155
  0.18623564
  0.26815798
  0.27204945
  0.21518869
  0.18611324
  0.17971750
  0.18312269
  0.19063444
  0.16441077
  0.19764420
  0.27090309
  0.35125679
  0.42302974
  0.34544059
  0.27204609
  0.24004577
  0.24973438
  0.30301843
  0.23370635
  0.15691586
  0.07694663
 -0.00688844
 -0.02368753
 -0.02359255
  0.03413919
  0.03636679
  0.03317834
  0.03440447
  0.04539466
  0.08175328
  0.13826319
  0.19205805
  0.25083956
  0.32854679
  0.40002459
  0.33694145
  0.30986313
  0.31860650
  0.36028713
  0.33479834
  0.26264975
  0.18736224
  0.11222871
  0.04703213
  0.02152024
 -0.04414196
 -0.04241764
  0.02431415
  0.08061641
  0.15764184
  0.23726804
  0.31538859
  0.38999880
  0.43249591
  0.36535885
  0.32726271
  0.33014221
  0.31535727
  0.23052237
  0.14019222
  0.04815281
 -0.04471158
 -0.13756224
 -0.23030092
 -0.32272920
 -0.41362701
 -0.37749515
 -0.33005127
 -0.31216601
 -0.27498517
 -0.18598087
 -0.09365975
 -0.00058665
  0.10970298
  0.21985380
  0.32991548
  0.44000142
  0.54991864
  0.65916323
  0.69949581
  0.69947325
  0.69001969
  0.58528494
  0.47312327
  0.36054791
  0.24940168
  0.13944067
  0.03044491
 -0.07796199
 -0.18532215
 -0.29169070
 -0.39701646
 -0.50116289
 -0.60378749
 -0.69906398
 -0.69907780
 -0.69846232
 -0.59613798
 -0.52587254
 -0.42417641
 -0.31980935
 -0.21544403
 -0.11291687
 -0.02324080
 -0.02464517
 -0.02352008
  0.07421814
  0.16450703
  0.25672367
  0.35064926
  0.44135180
  0.50682856
  0.42801062
  0.32631103
  0.21934376
  0.11027799
  0.00000000
