  0.00000000
  0.00000000
  0.04240643
  0.08379323
  0.12407075
  0.16304071
  0.20039083
  0.24596463
  0.28861587
  0.33074171
  0.37319691
  0.41603907
  0.45933688
  0.35668275
  0.37809370
  0.39934648
  0.42061396
  0.44187033
  0.46310610
  0.48431409
  0.50552220
  0.52612436
  0.55042186
  0.57578818
  0.60483873
  0.62813057
  0.65265495
  0.67896192
  0.69193446
  0.72571018
  0.75983764
  0.72161239
  0.64217558
  0.72729498
  0.85896034
  0.31999347
  0.32245040
  0.32567850
  0.32692210
  0.32676703
  0.32660424
  0.32640780
  0.32619366
  0.32599499
  0.32581674
  0.40157229
  0.40075613
  0.40019820
  0.44435872
  0.44493889
  0.34004901
  0.33943155
  0.33923278
  0.33905212
  0.33889154
  0.42442288
  0.42373281
  0.42328936
  0.42295481
  0.42271752
  0.42257172
  0.42241854
  0.42000786
  0.40800911
  0.42662753
  0.42870819
  0.42958505
  0.43015153
  0.43104192
  0.43186320
  0.43245639
  0.43291701
  0.43323799
  0.43378674
  0.43444501
  0.43539756
  0.41281527
  0.37866179
  0.37576429
  0.38146392
  0.39029084
  0.41821418
  0.42477176
  0.42636820
  0.42709265
  0.42764582
  0.42807753
  0.42841924
  0.42872717
  0.42911254
  0.42960394
  0.43271722
  0.43199499
  0.43173890
  0.43297526
  0.43391348
  0.42981926
  0.42955734
  0.42965744
  0.42991828
  0.43022592
  0.43035863
  0.43056114
  0.43086335
  0.43115503
  0.43166603
  0.43229080
  0.43320178
  0.43436433
  0.43566237
  0.43898089
  0.37647954
  0.33823658
  0.32633872
  0.33667439
  0.37791125
  0.40312910
  0.39926124
  0.39449653
  0.38953828
  0.38441055
  0.37918971
  0.37394094
  0.36882568
  0.37924321
  0.37265331
  0.36629323
  0.36004457
  0.35381649
  0.34771148
  0.34151506
  0.33536091
  0.32920975
  0.32327591
  0.32013454
  0.28573482
  0.24917366
  0.23374815
  0.23751725
  0.26384480
  0.27842012
  0.27305454
  0.26736383
  0.26198719
  0.25885534
  0.64460687
  0.60527375
  0.56519399
  0.52436316
  0.45461252
  0.45048517
  0.42531462
  0.32525094
  0.31848469
  0.29293328
  0.24530382
  0.19844248
  0.15552670
  0.10599563
  0.06078337
  0.01914323
  0.00000000
  0.00000000
  0.00000000
  0.00000000
  0.00000000
  0.00000000
  0.00000000
  0.00000000
  0.00000000
  0.00000000
  0.00000000
  0.00000000
  0.00000000
  0.00000000
  0.00000000
  0.00000000
  0.00000000
  0.00000000
  0.00000000
  0.00000000
  0.00000000
  0.00000000
  0.00000000
  0.00000000
  0.00000000
  0.00000000
  0.00000000
  0.00000000
  0.00000000
