  0.00000000
  0.74999995
  0.74999995
  0.74999995
  0.74999994
  0.74999994
  0.74999994
  0.74999993
  0.74999993
  0.74999993
  0.74999992
  0.74999992
  0.74999991
  0.74999990
  0.74999989
  0.74999989
  0.74999987
  0.74999986
  0.74999985
  0.74999983
  0.74999980
  0.74999977
  0.74999973
  0.74999967
  0.74999958
  0.74999941
  0.74999904
  0.74999803
  0.74999539
  0.07259354
 -0.00000037
 -0.00000030
 -0.00000005
 -0.00000106
 -0.00000043
 -0.00000040
 -0.00000023
 -0.00000014
 -0.00000062
  0.00000023
 -0.00000022
 -0.00000088
 -0.00000127
 -0.00000103
  0.00000329
  0.00000137
  0.00000051
  0.00000033
  0.00000021
  0.00000001
  0.00000003
  0.00000009
  0.00000009
  0.00000155
 -0.00000081
 -0.00000012
 -0.00000001
  0.00000011
 -0.00000084
 -0.00000673
  0.00001179
 -0.00000058
 -0.00000472
 -0.00000139
  0.00000656
 -0.00000028
 -0.00000035
  0.00000032
  0.00000022
  0.00000010
 -0.00000006
 -0.00000028
 -0.00000062
 -0.00000308
 -0.00000000
 -0.00000000
 -0.00000000
  0.00000851
 -0.13997894
 -0.74996506
 -0.74999087
 -0.74999595
 -0.74999710
 -0.74999812
 -0.74999862
 -0.74999877
 -0.74999903
 -0.74999930
 -0.74999942
 -0.74999953
 -0.74999960
 -0.74999966
 -0.74999970
 -0.74999974
 -0.74999977
 -0.74999980
 -0.74999985
 -0.74999987
 -0.74999989
 -0.74999990
 -0.74999991
 -0.74999992
 -0.74999992
 -0.74999993
 -0.74999993
 -0.74999994
 -0.74999994
 -0.74999994
 -0.74999993
 -0.74999993
 -0.74999993
 -0.74999993
 -0.74999992
 -0.74999991
 -0.74999988
 -0.74999983
 -0.74999967
 -0.18710197
  0.74999967
  0.74999984
  0.74999989
  0.74999992
  0.74999993
  0.74999994
  0.74999994
  0.74999992
  0.00000000
