  0.00000000
 -0.00000000
  0.00790025
  0.03229134
  0.05955032
  0.04608536
  0.01713211
  0.00033938
  0.00031962
  0.00035292
  0.00040191
  0.00048461
  0.00065693
  0.00121857
  0.00073797
  0.00034543
  0.00032324
  0.00053369
  0.00200732
  0.00119592
  0.00139257
  0.02639379
  0.05642558
  0.00000015
  0.00000023
  0.00000015
  0.00000011
  0.05383841
  0.19602249
  0.31783822
  0.42502610
  0.52349038
  0.57874213
  0.58329194
  0.67146063
  0.75570264
  0.83616876
  0.80096568
  0.72233591
  0.64007349
  0.55331156
  0.45008152
  0.36361098
  0.25529927
  0.13532857
  0.00000000
  0.00000004
  0.09223332
  0.18546525
  0.28109865
  0.21579314
  0.12078131
  0.02649423
  0.00000161
  0.00000014
  0.04072551
  0.07477569
  0.10576055
  0.13442247
  0.13704835
  0.07337715
  0.08964208
  0.07669171
  0.08303906
  0.10052186
  0.15228912
  0.17823180
  0.20302000
  0.17926423
  0.15439494
  0.12816893
  0.10020831
  0.07001526
  0.03692026
  0.00000003
  0.00000020
  0.00000018
  0.00000016
  0.00000000
  0.05108681
  0.08437250
  0.11561713
  0.13787845
  0.17262925
  0.20071026
  0.15789348
  0.13813954
  0.12581537
  0.09020491
  0.04914798
  0.00000002
  0.15258534
  0.29048106
  0.41725950
  0.53544239
  0.64627462
  0.83311064
  0.76317166
  0.69415763
  0.62606673
  0.55587749
  0.48439362
  0.41799595
  0.35511009
  0.29459365
  0.24042257
  0.13460914
  0.06779677
  0.02632057
  0.00342173
  0.00148367
  0.00000000
  0.02234245
  0.06311608
  0.12460544
  0.21083579
  0.32849696
  0.44193395
  0.45651145
  0.39807773
  0.29093095
  0.18239100
  0.10411011
  0.04982093
  0.01579983
  0.00000000
