  0.00000000
  0.00000000
  0.12059628
  0.24108835
  0.29154640
  0.17123820
  0.05101823
  0.00083696
  0.00067098
  0.00064373
  0.00064711
  0.00069740
  0.00085355
  0.00144158
 -0.00279505
 -0.00121482
 -0.00106100
 -0.00164229
  0.00162106
  0.00090619
  0.00099318
  0.01776605
  0.03616078
 -0.00000033
  0.00000013
  0.00000008
  0.00000006
  0.03447214
  0.13152933
  0.22142755
  0.30522358
  0.38548828
  0.43164242
  0.43547284
  0.51063327
  0.58281937
  0.65215628
  0.62183863
  0.55408114
  0.48359299
  0.41031508
  0.33416656
  0.25670887
  0.17452471
  0.08903585
 -0.00000001
 -0.00000010
  0.07434849
  0.14868151
  0.22301023
  0.17110435
  0.09620147
  0.02114867
  0.00000128
 -0.00000031
 -0.09860068
 -0.18723258
 -0.27220464
 -0.35377379
 -0.36136131
 -0.28329852
 -0.22903753
 -0.20507271
 -0.28445125
 -0.34559441
 -0.40570051
 -0.48202952
 -0.55536850
 -0.48508102
 -0.41186200
 -0.33577381
 -0.25670869
 -0.17452459
 -0.08903578
  0.00000003
  0.00000022
  0.00000020
  0.00000018
  0.00000000
 -0.12499995
 -0.21314405
 -0.29997334
 -0.38553572
 -0.46548294
 -0.54853681
 -0.48819445
 -0.41212688
 -0.32902620
 -0.22907599
 -0.12002098
  0.00000002
  0.11737159
  0.23458318
  0.35161741
  0.46840028
  0.58469566
  0.69999995
  0.69999997
  0.69999997
  0.69999997
  0.69999997
  0.69999996
  0.69999996
  0.69999995
  0.69999994
  0.69999990
  0.57650282
  0.45692005
  0.33997812
  0.22504629
  0.11178295
  0.00000004
 -0.12499991
 -0.24999985
 -0.37499978
 -0.49999970
 -0.62499959
 -0.69999997
 -0.69999997
 -0.69999997
 -0.62499975
 -0.49999982
 -0.37499986
 -0.24999990
 -0.12499994
  0.00000002
  0.00000000
