  0.00000000
  0.00000000
  0.04372568
  0.08744793
  0.13117240
  0.17489707
  0.21862354
  0.26235135
  0.30607736
  0.34980337
  0.39352938
  0.43725538
  0.48098137
  0.52470741
  0.56843331
  0.61215943
  0.65588546
  0.69961148
  0.74333732
  0.78706337
  0.83078923
  0.87451448
  0.91304946
  0.96176518
  1.00549564
  1.04922615
  1.09295650
  0.91379703
  0.87255987
  0.83592866
  0.80265533
  0.77119314
  0.75314841
  0.75164958
  0.72186326
  0.69337325
  0.66514400
  0.67757759
  0.70488237
  0.73277958
  0.76148545
  0.77457709
  0.82184168
  0.85488855
  0.89035847
  0.64716773
  0.74348698
  0.74333217
  0.74329273
  0.74400254
  0.74904129
  0.75054090
  0.75105098
  0.75586784
  0.98600400
  0.88631943
  0.84972128
  0.81569286
  0.78359893
  0.78062908
  0.54261232
  0.82781087
  0.79379128
  0.61143354
  0.60106214
  0.76329188
  0.73339410
  0.70436861
  0.73219418
  0.76088362
  0.79065201
  0.82184153
  0.85488833
  0.89035816
  0.56862033
  0.56861964
  0.56861951
  0.56861942
  1.24999946
  0.87527184
  0.83925633
  0.80472346
  0.73139092
  0.73989266
  0.70709207
  0.64006752
  0.68028310
  0.79329947
  0.83286351
  0.87734509
  0.81571696
  0.77333319
  0.73100974
  0.68843691
  0.64481932
  0.59909677
  0.60623269
  0.55935754
  0.51248212
  0.46560515
  0.41660247
  0.36595394
  0.31820824
  0.27233760
  0.22757209
  0.18696030
  0.13672935
  0.09175701
  0.04985871
  0.01008217
 -0.02803237
 -0.07326546
 -0.12014042
 -0.16701538
 -0.21389034
 -0.26076527
 -0.30764017
 -0.35451521
 -0.36620913
 -0.31933417
 -0.27245919
 -0.22558421
 -0.17870922
 -0.13183424
 -0.08495926
 -0.03094214
