  0.00000000
  0.00000000
  0.18109445
  0.36218369
  0.54326844
  0.72435624
  0.90544503
  1.08653569
  1.26762822
  1.44872075
  1.62981328
  1.81090581
  1.99199833
  2.17309085
  2.35418337
  2.53527586
  2.71636838
  2.89746091
  3.07855343
  3.25964591
  3.44073840
  3.62183085
  3.80292315
  3.98299170
  4.16409264
  4.34519363
  4.52629465
  4.70739561
  4.85298482
  4.98783294
  4.99999914
  4.99999909
  4.99999904
  4.99999903
  4.99999887
  4.99999881
  4.99999875
  4.99999872
  4.99999870
  4.99999862
  4.99999865
  4.99999862
  4.99999848
  4.99999827
  4.99999809
  4.99999868
  4.99999886
  4.99999893
  4.99999898
  4.99999901
  4.99999901
  4.99999902
  4.99999903
  4.99999905
  4.99999928
  4.99999912
  4.99999910
  4.99999910
  4.99999912
  4.99999898
  4.99999793
  4.99999921
  4.99999912
  4.99999837
  4.99999820
  4.99999899
  4.99999894
  4.99999889
  4.99999894
  4.99999897
  4.99999899
  4.99999898
  4.99999893
  4.99999882
  4.99999828
  4.99999828
  4.99999828
  4.99999828
  4.99999924
  4.96500452
  4.83279451
  4.70255214
  4.57420921
  4.45428879
  4.32970816
  4.20722460
  4.09312329
  3.96847234
  3.81854714
  3.65496472
  3.47493333
  3.29887602
  3.12305867
  2.94750735
  2.77233306
  2.59788997
  2.42493328
  2.23743351
  2.04993382
  1.86243434
  1.67493575
  1.48839020
  1.30398598
  1.12096549
  0.93875365
  0.75693912
  0.57169277
  0.39231845
  0.21690546
  0.04450763
 -0.12538746
 -0.29306192
 -0.48056184
 -0.66806177
 -0.85556168
 -1.04306157
 -1.23056144
 -1.41806125
 -1.46483673
 -1.27733683
 -1.08983690
 -0.90233695
 -0.71483699
 -0.52733704
 -0.33983708
 -0.15233713
  0.00000000
