 27.70782396
 27.70782396
 27.70782396
 27.66409830
 27.57665089
 27.44549171
 27.27069500
 27.05233387
 26.79037321
 26.48475348
 26.13547510
 25.74253878
 25.30594542
 24.82569632
 24.30179369
 23.73424408
 23.12300953
 22.46810165
 21.76951968
 21.02725310
 20.24134913
 19.41179983
 18.53861031
 17.62736205
 16.66862226
 15.66628957
 14.62036393
 13.53084550
 12.61992297
 11.75130545
 10.92511792
 10.14680406
  9.42873776
  8.77884786
  8.20554349
  7.74456896
  7.41795964
  7.24571979
  7.24031269
  7.40432024
  7.72496192
  8.18295823
  8.74447711
  9.41077128
 10.15370848
 10.95844080
 11.55391064
 12.23800545
 12.92195779
 13.61366970
 14.32012146
 15.04862662
 15.78834980
 16.53269050
 17.28258216
 18.26079050
 19.14010239
 19.97762221
 20.76792485
 21.50018162
 22.18196647
 22.61187990
 23.22586064
 23.76057462
 24.13378299
 24.45669594
 24.79484210
 25.00808699
 25.08062943
 24.99634797
 24.76544535
 24.40418502
 23.93170445
 23.36777636
 22.73173281
 22.31003999
 21.88834768
 21.46665548
 21.04496338
 20.11795515
 19.46884752
 18.81644551
 18.14755403
 17.49384351
 16.79073602
 16.08968677
 15.45194207
 14.79368809
 14.06421430
 13.34956416
 12.64397170
 12.01449604
 11.41772725
 10.83301483
 10.24840920
  9.66231424
  9.08443963
  8.47963667
  7.92999118
  7.46250804
  7.08849780
  6.80860725
  6.61383275
  6.48783234
  6.41437523
  6.37847448
  6.36678277
  6.36899230
  6.37455029
  6.37869200
  6.37961808
  6.37701101
  6.37031196
  6.35932687
  6.34280083
  6.31710330
  6.27490725
  6.20364669
  6.08383829
  5.91018685
  5.71737107
  5.52522373
  5.35120783
  5.20661006
  5.09728162
  5.02603691
  5.00000000
