  0.02310491
  0.02310491
  0.02354753
  0.02243374
  0.02152788
  0.02118476
  0.02103957
  0.02095394
  0.02098129
  0.02237725
  0.03727530
  0.06573901
  0.10095335
  0.13825025
  0.16128566
  0.15192714
  0.13199503
  0.10762931
  0.08254307
  0.06185117
  0.05011777
  0.04495338
  0.04233418
  0.03913293
  0.02474866
  0.03375734
  0.05891142
  0.08621893
  0.11591497
  0.09757921
  0.07132892
  0.04248503
  0.02373058
  0.02498017
  0.02469249
  0.02447529
  0.02321462
  0.05385383
  0.09022301
  0.12234790
  0.15139179
  0.17818755
  0.20344493
  0.22757809
  0.24381782
  0.22076584
  0.19791317
  0.17306825
  0.14643798
  0.11749611
  0.08556459
  0.05021775
  0.02317649
  0.02409738
  0.02422144
  0.02437835
  0.02356089
  0.04754410
  0.08187915
  0.11466485
  0.14590821
  0.16448740
  0.13024298
  0.09152403
  0.04827776
  0.02833695
  0.03345782
  0.02801220
  0.02576201
  0.02481774
  0.02436989
  0.02322228
  0.04299206
  0.07000357
  0.09317990
  0.11301535
  0.12983724
  0.11425605
  0.07765857
  0.05072010
  0.03155093
  0.02116348
  0.02313442
  0.02541373
  0.02184815
  0.02442144
  0.04055196
  0.06676081
  0.09866530
  0.12099923
  0.14417461
  0.16817747
  0.19300631
  0.21867674
  0.24527091
  0.23323370
  0.19827245
  0.15995129
  0.11701064
  0.06793217
  0.02322384
  0.02465629
  0.02505091
  0.02574542
  0.02734457
  0.03108230
  0.02187810
  0.02287995
  0.08316634
  0.14470771
  0.19696030
  0.24072523
  0.27639581
  0.30429861
  0.27770446
  0.18310411
  0.11509809
  0.06747060
  0.03787859
  0.02559588
