task_id 16

[x]
1 2.106537530000
2 2.106537530000
3 2.106537530000
4 2.128078540000
5 2.170991940000
6 2.235215160000
7 2.320796180000
8 2.427788600000
9 2.556239230000
10 2.706278460000
11 2.882407010000
12 3.080248590000
13 3.299463730000
14 3.539305510000
15 3.798722470000
16 4.076639980000
17 4.371279120000
18 4.681641700000
19 5.007340060000
20 5.348578870000
21 5.706072040000
22 6.080516700000
23 6.472208920000
24 6.881085340000
25 7.307271800000
26 7.772096230000
27 8.255521260000
28 8.765358900000
29 9.309728170000
30 9.901043110000
31 10.546991850000
32 11.237121100000
33 11.964733530000
34 12.602791340000
35 13.257015710000
36 13.928905050000
37 14.617728720000
38 15.541382170000
39 16.420967560000
40 17.264362080000
41 18.072864320000
42 18.839909680000
43 19.551017800000
44 20.184636000000
45 20.714260330000
46 21.116548010000
47 21.384057190000
48 21.506931540000
49 21.484505650000
50 21.326285470000
51 21.047831880000
52 20.668432010000
53 20.210140160000
54 19.819724960000
55 19.416231320000
56 19.019694780000
57 18.630977060000
58 18.156731940000
59 17.697878680000
60 17.228360200000
61 16.728121500000
62 16.184528700000
63 15.579813960000
64 14.904294650000
65 14.209091870000
66 13.624683240000
67 12.909924180000
68 12.226917840000
69 11.587065620000
70 10.981002470000
71 10.408843940000
72 9.870840600000
73 9.290399030000
74 8.755910340000
75 8.264856370000
76 7.817117660000
77 7.414936910000
78 7.062160270000
79 6.762944170000
80 6.517759170000
81 6.322181200000
82 6.172074470000
83 6.064650870000
84 5.998710590000
85 5.973302640000
86 5.988365830000
87 6.043749730000
88 6.138621550000
89 6.270645510000
90 6.436399740000
91 6.627440390000
92 6.833400670000
93 7.040049870000
94 7.228839230000
95 7.376846620000
96 7.457403140000
97 7.441534890000
98 7.319102790000
99 7.096080800000
100 6.784115160000
101 6.399624590000
102 6.077807930000
103 5.751664560000
104 5.441279240000
105 5.146981110000
106 4.869064420000
107 4.607395840000
108 4.371071560000
109 4.096662480000
110 3.843866450000
111 3.620401750000
112 3.431258850000
113 3.279090230000
114 3.164389610000
115 3.085389610000
116 3.036839690000
117 3.013782860000
118 3.004170950000
119 3.000894480000
120 3.000100820000
121 3.000000000000

[y]
1 23.444309930000
2 23.444309930000
3 23.444309930000
4 23.449261880000
5 23.459145400000
6 23.473888610000
7 23.493358630000
8 23.517408370000
9 23.545889270000
10 23.578667780000
11 23.616591930000
12 23.659036350000
13 23.707807570000
14 23.765605120000
15 23.836135320000
16 23.924060080000
17 24.033156400000
18 24.164248290000
19 24.316845520000
20 24.489645600000
21 24.680904120000
22 24.888904710000
23 25.112613530000
24 25.351627270000
25 25.605996620000
26 25.888440930000
27 26.183016730000
28 26.477244030000
29 26.755433090000
30 26.999920940000
31 27.185471300000
32 27.316136680000
33 27.405920680000
34 27.463168090000
35 27.522198090000
36 27.583754450000
37 27.647684040000
38 27.734370330000
39 27.816998040000
40 27.857622280000
41 27.828056150000
42 27.707561600000
43 27.482638450000
44 27.148155210000
45 26.709011170000
46 26.175399180000
47 25.535508440000
48 24.822986300000
49 24.071503310000
50 23.305518480000
51 22.540048720000
52 21.779881950000
53 21.019817920000
54 20.429363810000
55 19.819051110000
56 19.218266340000
57 18.628234970000
58 17.906870510000
59 17.208376820000
60 16.550655210000
61 15.951500260000
62 15.430544280000
63 14.999277250000
64 14.668880620000
65 14.432985030000
66 14.289323190000
67 14.143307800000
68 14.016456900000
69 13.913133720000
70 13.813334970000
71 13.718015140000
72 13.627672470000
73 13.529613580000
74 13.439263020000
75 13.373255340000
76 13.341546840000
77 13.348450860000
78 13.393274410000
79 13.470859440000
80 13.564342110000
81 13.655324040000
82 13.733009810000
83 13.791555750000
84 13.828146690000
85 13.842244870000
86 13.833922450000
87 13.803165200000
88 13.748937040000
89 13.668224170000
90 13.553952020000
91 13.396861550000
92 13.188098920000
93 12.919259310000
94 12.583931310000
95 12.179668350000
96 11.710231330000
97 11.186688810000
98 10.629906300000
99 10.055326680000
100 9.470729550000
101 8.875954890000
102 8.423083000000
103 7.963993070000
104 7.525732430000
105 7.108634410000
106 6.712866400000
107 6.337642190000
108 5.994953340000
109 5.602252370000
110 5.240682260000
111 4.904014620000
112 4.589190170000
113 4.295728450000
114 4.025143910000
115 3.779758410000
116 3.554806470000
117 3.367756540000
118 3.219380670000
119 3.109132840000
120 3.036234500000
121 3.000000000000

[theta]
1 0.225959220000
2 0.225959220000
3 0.225959220000
4 0.226365620000
5 0.225652360000
6 0.223696490000
7 0.221104860000
8 0.218196500000
9 0.215086920000
10 0.212082800000
11 0.211334000000
12 0.218915670000
13 0.236473330000
14 0.265463000000
15 0.306406720000
16 0.354618330000
17 0.399652060000
18 0.438150650000
19 0.468746940000
20 0.491253360000
21 0.507049100000
22 0.518924190000
23 0.528990890000
24 0.538100020000
25 0.546015730000
26 0.547267320000
27 0.523411070000
28 0.472432690000
29 0.392059730000
30 0.279721180000
31 0.187119720000
32 0.122774750000
33 0.089481760000
34 0.089985310000
35 0.091361750000
36 0.092544700000
37 0.093577430000
38 0.093664510000
39 0.048130330000
40 -0.036552720000
41 -0.155815850000
42 -0.306342590000
43 -0.485712990000
44 -0.692271080000
45 -0.924806750000
46 -1.174823290000
47 -1.400026080000
48 -1.600629640000
49 -1.774489490000
50 -1.919683810000
51 -2.033724350000
52 -2.113392960000
53 -2.155012940000
54 -2.154953320000
55 -2.154190910000
56 -2.153338970000
57 -2.152375590000
58 -2.152019670000
59 -2.190761210000
60 -2.266462710000
61 -2.377455600000
62 -2.522079670000
63 -2.686702870000
64 -2.814464480000
65 -2.900547990000
66 -2.940079200000
67 -2.957960590000
68 -2.981494880000
69 -2.978390020000
70 -2.976511900000
71 -2.975222720000
72 -2.974234410000
73 -2.974134580000
74 -3.007973150000
75 -3.070891460000
76 -3.158757390000
77 -3.267974720000
78 -3.395299570000
79 -3.505852430000
80 -3.577010780000
81 -3.619171120000
82 -3.640589470000
83 -3.648197840000
84 -3.648169400000
85 -3.646353730000
86 -3.648531300000
87 -3.660863500000
88 -3.690316150000
89 -3.745173840000
90 -3.829776980000
91 -3.933747930000
92 -4.057045120000
93 -4.199620410000
94 -4.361429090000
95 -4.542441820000
96 -4.742689080000
97 -4.928836390000
98 -5.082636640000
99 -5.202586660000
100 -5.286262760000
101 -5.330202310000
102 -5.330069270000
103 -5.328610990000
104 -5.326853440000
105 -5.324604070000
106 -5.321344860000
107 -5.316112860000
108 -5.322291380000
109 -5.322552220000
110 -5.298372820000
111 -5.253388030000
112 -5.190750240000
113 -5.113327010000
114 -5.023852900000
115 -4.924952170000
116 -4.835035960000
117 -4.777079360000
118 -4.742099450000
119 -4.723275700000
120 -4.715171420000
121 -4.713185310000

[v]
1 0.000000000000
2 0.000000000000
3 0.128346680000
4 0.257298420000
5 0.385447960000
6 0.513443190000
7 0.641421210000
8 0.769412680000
9 0.897421610000
10 1.025520990000
11 1.157023040000
12 1.287915810000
13 1.418413680000
14 1.548570400000
15 1.678465900000
16 1.808396290000
17 1.938364470000
18 2.068370790000
19 2.198417370000
20 2.328513340000
21 2.458683790000
22 2.588897310000
23 2.719093970000
24 2.849212860000
25 2.979301920000
26 3.115611170000
27 3.251207820000
28 3.386239170000
29 3.520775080000
30 3.656072040000
31 3.792732390000
32 3.930133160000
33 4.068102980000
34 4.183691180000
35 4.297853740000
36 4.409314610000
37 4.502601330000
38 4.632204050000
39 4.749730720000
40 4.853711810000
41 4.936612870000
42 4.974097100000
43 4.983439470000
44 4.987597480000
45 4.982272740000
46 4.971121390000
47 4.911418720000
48 4.827147910000
49 4.734129250000
50 4.641802750000
51 4.618283790000
52 4.732325700000
53 4.863105550000
54 4.912579870000
55 4.813496800000
56 4.707189130000
57 4.598382550000
58 4.460190810000
59 4.321606000000
60 4.182889670000
61 4.044187240000
62 3.905605830000
63 3.763876450000
64 3.614814870000
65 3.463186390000
66 3.333491180000
67 3.169912340000
68 3.006043940000
69 2.844780900000
70 2.683253180000
71 2.521498050000
72 2.359578320000
73 2.172786680000
74 1.985965460000
75 1.799114370000
76 1.612234530000
77 1.425327580000
78 1.238394330000
79 1.051359040000
80 0.864328470000
81 0.677304690000
82 0.490289030000
83 0.303281980000
84 0.116930300000
85 -0.069305400000
86 -0.255397100000
87 -0.441287400000
88 -0.626855620000
89 -0.811828510000
90 -0.997638730000
91 -1.183373880000
92 -1.369007420000
93 -1.554511780000
94 -1.739872660000
95 -1.925090900000
96 -2.110213680000
97 -2.295816690000
98 -2.481316660000
99 -2.666566910000
100 -2.851219640000
101 -3.033304300000
102 -2.992046970000
103 -2.854830710000
104 -2.715751290000
105 -2.576123200000
106 -2.436344650000
107 -2.296336980000
108 -2.161066670000
109 -1.995381620000
110 -1.830054150000
111 -1.664886100000
112 -1.499819240000
113 -1.334855440000
114 -1.170033550000
115 -1.005060890000
116 -0.833576560000
117 -0.664232930000
118 -0.496559040000
119 -0.330168750000
120 -0.164758240000
121 0.000000000000

[a]
1 0.000000000000
2 0.748824660000
3 0.748795200000
4 0.748751950000
5 0.748713120000
6 0.748673340000
7 0.748631280000
8 0.748586420000
9 0.748539180000
10 0.748524680000
11 0.748460420000
12 0.748392730000
13 0.748319390000
14 0.748240280000
15 0.748157910000
16 0.748067580000
17 0.747967780000
18 0.747856750000
19 0.747732500000
20 0.747592780000
21 0.747433590000
22 0.747250410000
23 0.747037960000
24 0.746791520000
25 0.746644660000
26 0.746268960000
27 0.745804780000
28 0.745209840000
29 0.744453800000
30 0.743434070000
31 0.741930140000
32 0.739621920000
33 0.734014130000
34 0.727102900000
35 0.710004790000
36 0.594594030000
37 0.629019630000
38 0.616223310000
39 0.584910010000
40 0.497349690000
41 0.238326850000
42 0.062306500000
43 0.028920580000
44 -0.038601040000
45 -0.083139370000
46 -0.427923280000
47 -0.572429750000
48 -0.597239300000
49 -0.558822890000
50 -0.134024370000
51 0.619922400000
52 0.697312000000
53 0.339897890000
54 -0.665296170000
55 -0.710858930000
56 -0.724874450000
57 -0.736086520000
58 -0.739613090000
59 -0.741824380000
60 -0.743312620000
61 -0.744367680000
62 -0.745260680000
63 -0.746086690000
64 -0.746605430000
65 -0.746349510000
66 -0.747461090000
67 -0.747745640000
68 -0.747929750000
69 -0.748115140000
70 -0.748270570000
71 -0.748402320000
72 -0.748725680000
73 -0.748836160000
74 -0.748944350000
75 -0.749049050000
76 -0.749149400000
77 -0.749244880000
78 -0.749320910000
79 -0.749371020000
80 -0.749404570000
81 -0.749426290000
82 -0.749438760000
83 -0.749441340000
84 -0.749438080000
85 -0.749426820000
86 -0.749406200000
87 -0.749373450000
88 -0.749323180000
89 -0.749258590000
90 -0.749176530000
91 -0.749075340000
92 -0.748947510000
93 -0.748780760000
94 -0.748553470000
95 -0.748224110000
96 -0.747756310000
97 -0.747036470000
98 -0.745791530000
99 -0.743084510000
100 -0.733043320000
101 0.225255520000
102 0.729042990000
103 0.739327680000
104 0.742831700000
105 0.744594600000
106 0.745664770000
107 0.746204470000
108 0.747388750000
109 0.747749770000
110 0.748034100000
111 0.748264950000
112 0.748457300000
113 0.748621120000
114 0.748766360000
115 0.748929470000
116 0.749000590000
117 0.749054140000
118 0.749095380000
119 0.749127430000
120 0.749152710000
121 0.000000000000

[phy]
1 0.000000000000
2 0.000000000000
3 0.036757520000
4 -0.032382470000
5 -0.059294910000
6 -0.058987890000
7 -0.052992500000
8 -0.047233450000
9 -0.039101740000
10 -0.008312170000
11 0.074798830000
12 0.155107630000
13 0.230823760000
14 0.295674030000
15 0.319459460000
16 0.279180580000
17 0.224679080000
18 0.168519870000
19 0.117142810000
20 0.077761930000
21 0.055390540000
22 0.044604640000
23 0.038447690000
24 0.031886410000
25 0.004602170000
26 -0.084083390000
27 -0.171504060000
28 -0.257123370000
29 -0.337682800000
30 -0.268896700000
31 -0.181207390000
32 -0.090575630000
33 0.001572070000
34 0.004190790000
35 0.003506570000
36 0.002985690000
37 0.000187740000
38 -0.102718930000
39 -0.197955350000
40 -0.286702660000
41 -0.369884000000
42 -0.448327690000
43 -0.523026280000
44 -0.594417060000
45 -0.642384340000
46 -0.575963100000
47 -0.506589590000
48 -0.433204630000
49 -0.355494250000
50 -0.273018980000
51 -0.185393090000
52 -0.093513650000
53 0.000168460000
54 0.002084130000
55 0.002366970000
56 0.002726930000
57 0.000824570000
58 -0.092449120000
59 -0.185206870000
60 -0.277088170000
61 -0.366784650000
62 -0.417253790000
63 -0.327555900000
64 -0.230354710000
65 -0.130627180000
66 -0.048983070000
67 -0.067651780000
68 0.009580510000
69 0.006115360000
70 0.004445090000
71 0.003623260000
72 0.000339160000
73 -0.124206440000
74 -0.248715410000
75 -0.373163460000
76 -0.497488280000
77 -0.621441140000
78 -0.620917570000
79 -0.496960090000
80 -0.372644140000
81 -0.248217940000
82 -0.123743590000
83 0.000754260000
84 0.124327610000
85 0.247864350000
86 0.371272320000
87 0.494396060000
88 0.616756840000
89 0.698926330000
90 0.699090210000
91 0.699171230000
92 0.699211500000
93 0.699221360000
94 0.699205820000
95 0.699156420000
96 0.617924540000
97 0.494800260000
98 0.371187930000
99 0.247384910000
100 0.123451680000
101 -0.000478940000
102 -0.005179060000
103 -0.006545300000
104 -0.008812730000
105 -0.013478140000
106 -0.022870410000
107 0.029675920000
108 0.001088960000
109 -0.109176840000
110 -0.219078720000
111 -0.328721130000
112 -0.438070680000
113 -0.546932140000
114 -0.654481850000
115 -0.663317060000
116 -0.551402240000
117 -0.439784990000
118 -0.328930180000
119 -0.218772950000
120 -0.109189220000
121 0.000000000000

[w]
1 0.000000000000
2 0.214457640000
3 -0.401481190000
4 -0.157243810000
5 0.001796270000
6 0.035073130000
7 0.033685050000
8 0.047553430000
9 0.179916360000
10 0.473077280000
11 0.459215330000
12 0.434224810000
13 0.372848400000
14 0.137011740000
15 -0.231931750000
16 -0.313698600000
17 -0.323101840000
18 -0.295453240000
19 -0.226343480000
20 -0.128483000000
21 -0.061911670000
22 -0.035337160000
23 -0.037669580000
24 -0.156628180000
25 -0.485782440000
26 -0.481127870000
27 -0.472892250000
28 -0.446227830000
29 0.378486600000
30 0.477030930000
31 0.489389010000
32 0.493980940000
33 0.016629490000
34 -0.004357820000
35 -0.003317980000
36 -0.017833630000
37 -0.499451920000
38 -0.499349860000
39 -0.499217930000
40 -0.499032160000
41 -0.498738130000
42 -0.498179370000
43 -0.496551250000
44 -0.347732780000
45 0.495206380000
46 0.497239740000
47 0.498484990000
48 0.498950200000
49 0.499196010000
50 0.499350080000
51 0.499449050000
52 0.499508570000
53 0.013160980000
54 0.001899140000
55 0.002407020000
56 -0.012673630000
57 -0.496827850000
58 -0.495038760000
59 -0.491361000000
60 -0.480687590000
61 -0.271085870000
62 0.471661710000
63 0.486513820000
64 0.491049580000
65 0.469832490000
66 -0.085305220000
67 0.352417600000
68 -0.016071190000
69 -0.007735840000
70 -0.003801760000
71 -0.015179320000
72 -0.499221950000
73 -0.499069740000
74 -0.498817880000
75 -0.498316930000
76 -0.496820550000
77 0.002098520000
78 0.496611790000
79 0.498093800000
80 0.498576000000
81 0.498805000000
82 0.498930460000
83 0.496968830000
84 0.497128860000
85 0.496987470000
86 0.496366370000
87 0.494125130000
88 0.332867740000
89 0.000660820000
90 0.000326810000
91 0.000162500000
92 0.000039770000
93 -0.000062750000
94 -0.000199660000
95 -0.328320720000
96 -0.496042390000
97 -0.497805560000
98 -0.498413620000
99 -0.498735420000
100 -0.498924590000
101 -0.025661880000
102 -0.007258990000
103 -0.012053360000
104 -0.024820210000
105 -0.050031740000
106 0.279854550000
107 -0.157696040000
108 -0.497398010000
109 -0.497068710000
110 -0.496562490000
111 -0.495692700000
112 -0.493915350000
113 -0.488490820000
114 -0.040100640000
115 0.488769470000
116 0.493679010000
117 0.495224730000
118 0.495931980000
119 0.496293650000
120 0.496481370000
121 0.000000000000

[dt]
1 0.013397970000
2 0.171397510000
3 0.172212280000
4 0.171150870000
5 0.170953630000
6 0.170939730000
7 0.170967310000
8 0.171000870000
9 0.171132500000
10 0.175681650000
11 0.174882700000
12 0.174370830000
13 0.173932040000
14 0.173601330000
15 0.173667060000
16 0.173738560000
17 0.173812730000
18 0.173892360000
19 0.173987320000
20 0.174119460000
21 0.174214160000
22 0.174234320000
23 0.174179750000
24 0.174197290000
25 0.182562410000
26 0.181699430000
27 0.181054550000
28 0.180534260000
29 0.181739910000
30 0.183823090000
31 0.185193680000
32 0.186541000000
33 0.157474090000
34 0.157010170000
35 0.156986090000
36 0.156891490000
37 0.206039190000
38 0.190720840000
39 0.177772670000
40 0.166685340000
41 0.157284320000
42 0.149943160000
43 0.143773230000
44 0.137942960000
45 0.134128400000
46 0.139517210000
47 0.147215990000
48 0.155747770000
49 0.165216220000
50 0.175479870000
51 0.183961590000
52 0.187548550000
53 0.145556370000
54 0.148930760000
55 0.149548180000
56 0.150104040000
57 0.187738440000
58 0.187374740000
59 0.186993490000
60 0.186600410000
61 0.186173330000
62 0.190174240000
63 0.199791230000
64 0.203090520000
65 0.173772750000
66 0.218845950000
67 0.219149930000
68 0.215612540000
69 0.215912920000
70 0.216171980000
71 0.216353860000
72 0.249479420000
73 0.249482090000
74 0.249485950000
75 0.249489460000
76 0.249492230000
77 0.249495530000
78 0.249606400000
79 0.249583400000
80 0.249563170000
81 0.249545110000
82 0.249529460000
83 0.248654120000
84 0.248500460000
85 0.248312030000
86 0.248050120000
87 0.247631160000
88 0.246853290000
89 0.247992110000
90 0.247919070000
91 0.247816920000
92 0.247686730000
93 0.247550260000
94 0.247434890000
95 0.247416220000
96 0.248213220000
97 0.248314490000
98 0.248394140000
99 0.248494940000
100 0.248395490000
101 0.183156960000
102 0.188214200000
103 0.188116080000
104 0.187967320000
105 0.187724370000
106 0.187762210000
107 0.181277810000
108 0.221685250000
109 0.221099980000
110 0.220802840000
111 0.220599480000
112 0.220405090000
113 0.220167300000
114 0.220325950000
115 0.228972610000
116 0.226092780000
117 0.223847490000
118 0.222121640000
119 0.220804230000
120 0.219926110000

[s]
1 0.000000000000
2 0.000000000000
3 0.022102880000
4 0.044036850000
5 0.065893730000
6 0.087767840000
7 0.109662060000
8 0.131570240000
9 0.153578000000
10 0.180165220000
11 0.202343310000
12 0.224574950000
13 0.246707590000
14 0.268833880000
15 0.291494240000
16 0.314188160000
17 0.336912420000
18 0.359673880000
19 0.382496750000
20 0.405439480000
21 0.428337530000
22 0.451074750000
23 0.473611110000
24 0.496325150000
25 0.543908550000
26 0.566104790000
27 0.588645990000
28 0.611332190000
29 0.639865350000
30 0.672070460000
31 0.702390080000
32 0.733130970000
33 0.640620820000
34 0.656882070000
35 0.674703240000
36 0.691783950000
37 0.927712360000
38 0.883457860000
39 0.844372340000
40 0.809042650000
41 0.776451890000
42 0.745831870000
43 0.716485210000
44 0.688003940000
45 0.668264270000
46 0.693557000000
47 0.723039350000
48 0.751817530000
49 0.782154970000
50 0.814543030000
51 0.849586820000
52 0.887540840000
53 0.707855970000
54 0.731634270000
55 0.719849680000
56 0.706568090000
57 0.863293180000
58 0.835727070000
59 0.808112180000
60 0.780528910000
61 0.752919790000
62 0.742745630000
63 0.751989500000
64 0.734134610000
65 0.601807410000
66 0.729521060000
67 0.694686060000
68 0.648140780000
69 0.614224950000
70 0.580044150000
71 0.545535840000
72 0.588666230000
73 0.542071360000
74 0.495470470000
75 0.448860070000
76 0.402239980000
77 0.355612850000
78 0.309111150000
79 0.262401770000
80 0.215704550000
81 0.169018070000
82 0.122341560000
83 0.075412310000
84 0.029057230000
85 -0.017209370000
86 -0.063351280000
87 -0.109276510000
88 -0.154741370000
89 -0.201327070000
90 -0.247333670000
91 -0.293260070000
92 -0.339084970000
93 -0.384819800000
94 -0.430505200000
95 -0.476298710000
96 -0.523782930000
97 -0.570084540000
98 -0.616344510000
99 -0.662628370000
100 -0.708230110000
101 -0.555570800000
102 -0.563145690000
103 -0.537039510000
104 -0.510472470000
105 -0.483601080000
106 -0.457453450000
107 -0.416274930000
108 -0.479076600000
109 -0.441178850000
110 -0.404081150000
111 -0.367273010000
112 -0.330567800000
113 -0.293891520000
114 -0.257788750000
115 -0.230131410000
116 -0.188465640000
117 -0.148686870000
118 -0.110296510000
119 -0.072902660000
120 -0.036234640000

[splus]
1 0.011552450000
2 0.011552450000
3 0.026027220000
4 0.045183230000
5 0.066210450000
6 0.087853680000
7 0.109685180000
8 0.131576450000
9 0.153579660000
10 0.180165550000
11 0.202343400000
12 0.224574970000
13 0.246707590000
14 0.268833880000
15 0.291494240000
16 0.314188160000
17 0.336912420000
18 0.359673880000
19 0.382496750000
20 0.405439480000
21 0.428337530000
22 0.451074750000
23 0.473611110000
24 0.496325150000
25 0.543908550000
26 0.566104790000
27 0.588645990000
28 0.611332190000
29 0.639865350000
30 0.672070460000
31 0.702390080000
32 0.733130970000
33 0.640620820000
34 0.656882070000
35 0.674703240000
36 0.691783950000
37 0.927712360000
38 0.883457860000
39 0.844372340000
40 0.809042650000
41 0.776451890000
42 0.745831870000
43 0.716485210000
44 0.688003940000
45 0.668264270000
46 0.693557000000
47 0.723039350000
48 0.751817530000
49 0.782154970000
50 0.814543030000
51 0.849586820000
52 0.887540840000
53 0.707855970000
54 0.731634270000
55 0.719849680000
56 0.706568090000
57 0.863293180000
58 0.835727070000
59 0.808112180000
60 0.780528910000
61 0.752919790000
62 0.742745630000
63 0.751989500000
64 0.734134610000
65 0.601807410000
66 0.729521060000
67 0.694686060000
68 0.648140780000
69 0.614224950000
70 0.580044150000
71 0.545535840000
72 0.588666230000
73 0.542071360000
74 0.495470470000
75 0.448860070000
76 0.402239980000
77 0.355612850000
78 0.309111160000
79 0.262401770000
80 0.215704590000
81 0.169018730000
82 0.122352370000
83 0.075591970000
84 0.031743880000
85 0.005076800000
86 0.000368340000
87 0.000023660000
88 0.000001550000
89 0.000000090000
90 0.000000010000
91 0.000000000000
92 0.000000000000
93 0.000000000000
94 0.000000000000
95 0.000000000000
96 0.000000000000
97 0.000000000000
98 -0.000000000000
99 -0.000000000000
100 0.000000000000
101 0.000000000000
102 0.000000000000
103 0.000000000000
104 0.000000000000
105 0.000000000000
106 0.000000000000
107 0.000000000000
108 0.000000000000
109 0.000000000000
110 0.000000000000
111 0.000000000000
112 0.000000000000
113 0.000000000000
114 0.000000000000
115 0.000000020000
116 0.000000200000
117 0.000002230000
118 0.000022260000
119 0.000208670000
120 0.001794990000

[sminus]
1 0.011552450000
2 0.011552450000
3 0.003924340000
4 0.001146380000
5 0.000316720000
6 0.000085840000
7 0.000023120000
8 0.000006210000
9 0.000001660000
10 0.000000340000
11 0.000000090000
12 0.000000020000
13 0.000000010000
14 0.000000000000
15 0.000000000000
16 0.000000000000
17 0.000000000000
18 0.000000000000
19 0.000000000000
20 0.000000000000
21 0.000000000000
22 0.000000000000
23 0.000000000000
24 0.000000000000
25 0.000000000000
26 0.000000000000
27 0.000000000000
28 0.000000000000
29 0.000000000000
30 0.000000000000
31 0.000000000000
32 0.000000000000
33 -0.000000000000
34 -0.000000000000
35 -0.000000000000
36 -0.000000000000
37 0.000000000000
38 -0.000000000000
39 -0.000000000000
40 -0.000000000000
41 -0.000000000000
42 -0.000000000000
43 -0.000000000000
44 -0.000000000000
45 0.000000000000
46 -0.000000000000
47 0.000000000000
48 0.000000000000
49 0.000000000000
50 0.000000000000
51 0.000000000000
52 0.000000000000
53 0.000000000000
54 -0.000000000000
55 -0.000000000000
56 -0.000000000000
57 -0.000000000000
58 -0.000000000000
59 -0.000000000000
60 -0.000000000000
61 -0.000000000000
62 -0.000000000000
63 -0.000000000000
64 0.000000000000
65 0.000000000000
66 -0.000000000000
67 -0.000000000000
68 -0.000000000000
69 0.000000000000
70 0.000000000000
71 0.000000000000
72 0.000000000000
73 0.000000000000
74 0.000000000000
75 0.000000000000
76 0.000000000000
77 0.000000000000
78 0.000000000000
79 0.000000000000
80 0.000000040000
81 0.000000660000
82 0.000010810000
83 0.000179650000
84 0.002686650000
85 0.022286170000
86 0.063719630000
87 0.109300170000
88 0.154742920000
89 0.201327160000
90 0.247333670000
91 0.293260070000
92 0.339084970000
93 0.384819800000
94 0.430505200000
95 0.476298710000
96 0.523782930000
97 0.570084540000
98 0.616344510000
99 0.662628370000
100 0.708230110000
101 0.555570800000
102 0.563145690000
103 0.537039510000
104 0.510472470000
105 0.483601080000
106 0.457453450000
107 0.416274930000
108 0.479076600000
109 0.441178850000
110 0.404081150000
111 0.367273010000
112 0.330567800000
113 0.293891520000
114 0.257788760000
115 0.230131430000
116 0.188465840000
117 0.148689100000
118 0.110318770000
119 0.073111320000
120 0.038029630000

[k]
1 0.000000000000
2 0.000000000000
3 0.018387040000
4 -0.016196900000
5 -0.029682250000
6 -0.029528170000
7 -0.026521050000
8 -0.023634280000
9 -0.019560830000
10 -0.004156180000
11 0.037469320000
12 0.078181790000
13 0.117506200000
14 0.152301250000
15 0.165394760000
16 0.143333670000
17 0.114268820000
18 0.085066720000
19 0.058840790000
20 0.038959510000
21 0.027723610000
22 0.022317110000
23 0.019233320000
24 0.015948610000
25 0.002301100000
26 -0.042141050000
27 -0.086602800000
28 -0.131471840000
29 -0.175565930000
30 -0.137785340000
31 -0.091608590000
32 -0.045412070000
33 0.000786040000
34 0.002095410000
35 0.001753290000
36 0.001492850000
37 0.000093870000
38 -0.051540860000
39 -0.100291120000
40 -0.147412660000
41 -0.193864860000
42 -0.240497090000
43 -0.288293590000
44 -0.337985950000
45 -0.374128250000
46 -0.324706950000
47 -0.277444880000
48 -0.231252710000
49 -0.185633700000
50 -0.140005540000
51 -0.093773360000
52 -0.046893600000
53 0.000084230000
54 0.001042060000
55 0.001183490000
56 0.001363470000
57 0.000412280000
58 -0.046356700000
59 -0.093676980000
60 -0.142202170000
61 -0.192084330000
62 -0.221641300000
63 -0.169898100000
64 -0.117258740000
65 -0.065687620000
66 -0.024511140000
67 -0.033877590000
68 0.004790400000
69 0.003057720000
70 0.002222560000
71 0.001811640000
72 0.000169580000
73 -0.062424570000
74 -0.126987010000
75 -0.195753500000
76 -0.271522810000
77 -0.358043450000
78 -0.357647570000
79 -0.271180930000
80 -0.195454110000
81 -0.126722270000
82 -0.062189540000
83 0.000377130000
84 0.062486090000
85 0.126534130000
86 0.194663810000
87 0.269524100000
88 0.354512100000
89 0.420227330000
90 0.420367170000
91 0.420436320000
92 0.420470690000
93 0.420479100000
94 0.420465840000
95 0.420423670000
96 0.355390190000
97 0.269784990000
98 0.194615220000
99 0.126279090000
100 0.062041340000
101 -0.000239470000
102 -0.002589550000
103 -0.003272700000
104 -0.004406480000
105 -0.006739480000
106 -0.011437200000
107 0.014842320000
108 0.000544480000
109 -0.054806350000
110 -0.111326140000
111 -0.170548290000
112 -0.234212870000
113 -0.304446030000
114 -0.383650290000
115 -0.390716840000
116 -0.307518110000
117 -0.235258940000
118 -0.170664980000
119 -0.111165680000
120 -0.054812610000

[up]
1 0.011552450000
2 0.011552450000
3 0.026486640000
4 0.045885780000
5 0.068097120000
6 0.090344080000
7 0.112477790000
8 0.134561780000
9 0.156463650000
10 0.180884400000
11 0.209621800000
12 0.241430340000
13 0.274537670000
14 0.308139850000
15 0.337777380000
16 0.357420550000
17 0.373871060000
18 0.389046320000
19 0.404102910000
20 0.420603390000
21 0.439737610000
22 0.460738790000
23 0.482355880000
24 0.503924230000
25 0.545110080000
26 0.589006780000
27 0.637585230000
28 0.688490230000
29 0.747710360000
30 0.760967860000
31 0.764161240000
32 0.765092250000
33 0.641104230000
34 0.658203450000
35 0.675838880000
36 0.692775370000
37 0.927795960000
38 0.927170670000
39 0.925668070000
40 0.923535260000
41 0.920957550000
42 0.918027450000
43 0.914780990000
44 0.911238180000
45 0.908280160000
46 0.909751670000
47 0.915618770000
48 0.918722980000
49 0.921541520000
50 0.924021940000
51 0.926068690000
52 0.927496020000
53 0.707913210000
54 0.732366190000
55 0.720667540000
56 0.707492940000
57 0.863634870000
58 0.872918960000
59 0.880785620000
60 0.887082090000
61 0.891758900000
62 0.900783900000
63 0.874640640000
64 0.816774780000
65 0.639757380000
66 0.746687190000
67 0.717278980000
68 0.651121440000
69 0.616027950000
70 0.581281770000
71 0.546484620000
72 0.588762060000
73 0.574556390000
74 0.555872060000
75 0.533211360000
76 0.507088620000
77 0.477844710000
78 0.415241890000
79 0.330713790000
80 0.256178520000
81 0.189580430000
82 0.129657040000
83 0.075619330000
84 0.033648090000
85 0.005693490000
86 0.000437180000
87 0.000029780000
88 0.000002070000
89 0.000000130000
90 0.000000010000
91 0.000000000000
92 0.000000000000
93 0.000000000000
94 0.000000000000
95 0.000000000000
96 0.000000000000
97 0.000000000000
98 -0.000000000000
99 -0.000000000000
100 0.000000000000
101 0.000000000000
102 0.000000000000
103 0.000000000000
104 0.000000000000
105 0.000000000000
106 0.000000000000
107 0.000000000000
108 0.000000000000
109 0.000000000000
110 0.000000000000
111 0.000000000000
112 0.000000000000
113 0.000000000000
114 0.000000000000
115 0.000000020000
116 0.000000260000
117 0.000002730000
118 0.000025900000
119 0.000230940000
120 0.001889440000

[down]
1 0.011552450000
2 0.011552450000
3 0.003993610000
4 0.001164210000
5 0.000325750000
6 0.000088280000
7 0.000023710000
8 0.000006350000
9 0.000001690000
10 0.000000340000
11 0.000000090000
12 0.000000030000
13 0.000000010000
14 0.000000000000
15 0.000000000000
16 0.000000000000
17 0.000000000000
18 0.000000000000
19 0.000000000000
20 0.000000000000
21 0.000000000000
22 0.000000000000
23 0.000000000000
24 0.000000000000
25 0.000000000000
26 0.000000000000
27 0.000000000000
28 0.000000000000
29 0.000000000000
30 0.000000000000
31 0.000000000000
32 0.000000000000
33 -0.000000000000
34 -0.000000000000
35 -0.000000000000
36 -0.000000000000
37 0.000000000000
38 -0.000000000000
39 -0.000000000000
40 -0.000000000000
41 -0.000000000000
42 -0.000000000000
43 -0.000000000000
44 -0.000000000000
45 0.000000000000
46 -0.000000000000
47 0.000000000000
48 0.000000000000
49 0.000000000000
50 0.000000000000
51 0.000000000000
52 0.000000000000
53 0.000000000000
54 -0.000000000000
55 -0.000000000000
56 -0.000000000000
57 -0.000000000000
58 -0.000000000000
59 -0.000000000000
60 -0.000000000000
61 -0.000000000000
62 -0.000000000000
63 -0.000000000000
64 0.000000000000
65 0.000000000000
66 -0.000000000000
67 -0.000000000000
68 -0.000000000000
69 0.000000000000
70 0.000000000000
71 0.000000000000
72 0.000000000000
73 0.000000000000
74 0.000000000000
75 0.000000000000
76 0.000000000000
77 0.000000000000
78 0.000000000000
79 0.000000000000
80 0.000000050000
81 0.000000740000
82 0.000011450000
83 0.000179720000
84 0.002847810000
85 0.024993330000
86 0.075627380000
87 0.137580840000
88 0.207406820000
89 0.282546210000
90 0.347145790000
91 0.411625370000
92 0.475957250000
93 0.540156140000
94 0.604277420000
95 0.668536080000
96 0.702484350000
97 0.717732770000
98 0.731496530000
99 0.742957430000
100 0.750412070000
101 0.555698520000
102 0.564545630000
103 0.538726760000
104 0.512631860000
105 0.486729920000
106 0.462476170000
107 0.422206300000
108 0.479327010000
109 0.464391070000
110 0.447266550000
111 0.427405290000
112 0.404894100000
113 0.379786660000
114 0.352733460000
115 0.316451000000
116 0.244104230000
117 0.182270320000
118 0.128393220000
119 0.080913690000
120 0.040030750000

[left]
1 0.023104910000
2 0.023104910000
3 0.023547530000
4 0.022433740000
5 0.021527880000
6 0.021184760000
7 0.021039570000
8 0.020953940000
9 0.020981290000
10 0.022377250000
11 0.037275300000
12 0.065739010000
13 0.100953350000
14 0.138250250000
15 0.161285660000
16 0.151927140000
17 0.131995030000
18 0.107629310000
19 0.082543070000
20 0.061851170000
21 0.050117770000
22 0.044953380000
23 0.042334180000
24 0.039132930000
25 0.024748660000
26 0.033757340000
27 0.058911420000
28 0.086218930000
29 0.115914970000
30 0.097579210000
31 0.071328920000
32 0.042485030000
33 0.023730580000
34 0.024980170000
35 0.024692490000
36 0.024475290000
37 0.023214620000
38 0.053853830000
39 0.090223010000
40 0.122347900000
41 0.151391790000
42 0.178187550000
43 0.203444930000
44 0.227578090000
45 0.243817820000
46 0.220765840000
47 0.197913170000
48 0.173068250000
49 0.146437980000
50 0.117496110000
51 0.085564590000
52 0.050217750000
53 0.023176490000
54 0.024097380000
55 0.024221440000
56 0.024378350000
57 0.023560890000
58 0.047544100000
59 0.081879150000
60 0.114664850000
61 0.145908210000
62 0.164487400000
63 0.130242980000
64 0.091524030000
65 0.048277760000
66 0.028336950000
67 0.033457820000
68 0.028012200000
69 0.025762010000
70 0.024817740000
71 0.024369890000
72 0.023222280000
73 0.042992060000
74 0.070003570000
75 0.093179900000
76 0.113015350000
77 0.129837240000
78 0.114256050000
79 0.077658570000
80 0.050720100000
81 0.031550930000
82 0.021163480000
83 0.023134420000
84 0.025413730000
85 0.021848150000
86 0.024421440000
87 0.040551960000
88 0.066760810000
89 0.098665300000
90 0.120999230000
91 0.144174610000
92 0.168177470000
93 0.193006310000
94 0.218676740000
95 0.245270910000
96 0.233233700000
97 0.198272450000
98 0.159951290000
99 0.117010640000
100 0.067932170000
101 0.023223840000
102 0.024656290000
103 0.025050910000
104 0.025745420000
105 0.027344570000
106 0.031082300000
107 0.021878100000
108 0.022879950000
109 0.083166340000
110 0.144707710000
111 0.196960300000
112 0.240725230000
113 0.276395810000
114 0.304298610000
115 0.277704460000
116 0.183104110000
117 0.115098090000
118 0.067470600000
119 0.037878590000
120 0.025595880000

[right]
1 0.023104910000
2 0.023104910000
3 0.022715740000
4 0.023898910000
5 0.025565320000
6 0.026562310000
7 0.027105980000
8 0.027474070000
9 0.027313350000
10 0.023965520000
11 0.021109890000
12 0.028107880000
13 0.038499360000
14 0.049590020000
15 0.056341180000
16 0.053389090000
17 0.047319060000
18 0.039985900000
19 0.032528210000
20 0.026567910000
21 0.023456190000
22 0.022237480000
23 0.021676440000
24 0.021091740000
25 0.021866310000
26 0.088961940000
27 0.177452620000
28 0.274023710000
29 0.380015330000
30 0.316770140000
31 0.224611180000
32 0.122307170000
33 0.022546570000
34 0.021732550000
35 0.021890850000
36 0.022020610000
37 0.022997350000
38 0.166447510000
39 0.297966300000
40 0.412815810000
41 0.515549970000
42 0.609378910000
43 0.696962330000
44 0.779850750000
45 0.835139990000
46 0.756248170000
47 0.677861150000
48 0.591533030000
49 0.498109890000
50 0.395557900000
51 0.281214250000
52 0.153217650000
53 0.023034290000
54 0.022270020000
55 0.022184530000
56 0.022081370000
57 0.022684380000
58 0.142416850000
59 0.266216540000
60 0.383407990000
61 0.494084840000
62 0.559973720000
63 0.437764500000
64 0.297957990000
65 0.140460710000
66 0.071176490000
67 0.089430430000
68 0.020700040000
69 0.021370750000
70 0.021825530000
71 0.022093040000
72 0.022990150000
73 0.120889660000
74 0.213377750000
75 0.291355360000
76 0.356801530000
77 0.411073190000
78 0.355875460000
79 0.231517220000
80 0.140894840000
81 0.076861660000
82 0.037081560000
83 0.023075580000
84 0.021694390000
85 0.026237740000
86 0.049072940000
87 0.098760360000
88 0.173932310000
89 0.261977810000
90 0.319306480000
91 0.376512120000
92 0.433575320000
93 0.490506160000
94 0.547350140000
95 0.604284320000
96 0.562548500000
97 0.466801180000
98 0.366604510000
99 0.259233730000
100 0.141613730000
101 0.022990590000
102 0.022105130000
103 0.021953260000
104 0.021751060000
105 0.021513190000
106 0.021652810000
107 0.033140680000
108 0.023347250000
109 0.039391690000
110 0.062432350000
111 0.081245540000
112 0.096275450000
113 0.107821740000
114 0.116178980000
115 0.105430900000
116 0.070855690000
117 0.046654480000
118 0.030278080000
119 0.021715910000
120 0.021601800000
