  0.00000000
  0.00000000
  0.03675752
 -0.03238247
 -0.05929491
 -0.05898789
 -0.05299250
 -0.04723345
 -0.03910174
 -0.00831217
  0.07479883
  0.15510763
  0.23082376
  0.29567403
  0.31945946
  0.27918058
  0.22467908
  0.16851987
  0.11714281
  0.07776193
  0.05539054
  0.04460464
  0.03844769
  0.03188641
  0.00460217
 -0.08408339
 -0.17150406
 -0.25712337
 -0.33768280
 -0.26889670
 -0.18120739
 -0.09057563
  0.00157207
  0.00419079
  0.00350657
  0.00298569
  0.00018774
 -0.10271893
 -0.19795535
 -0.28670266
 -0.36988400
 -0.44832769
 -0.52302628
 -0.59441706
 -0.64238434
 -0.57596310
 -0.50658959
 -0.43320463
 -0.35549425
 -0.27301898
 -0.18539309
 -0.09351365
  0.00016846
  0.00208413
  0.00236697
  0.00272693
  0.00082457
 -0.09244912
 -0.18520687
 -0.27708817
 -0.36678465
 -0.41725379
 -0.32755590
 -0.23035471
 -0.13062718
 -0.04898307
 -0.06765178
  0.00958051
  0.00611536
  0.00444509
  0.00362326
  0.00033916
 -0.12420644
 -0.24871541
 -0.37316346
 -0.49748828
 -0.62144114
 -0.62091757
 -0.49696009
 -0.37264414
 -0.24821794
 -0.12374359
  0.00075426
  0.12432761
  0.24786435
  0.37127232
  0.49439606
  0.61675684
  0.69892633
  0.69909021
  0.69917123
  0.69921150
  0.69922136
  0.69920582
  0.69915642
  0.61792454
  0.49480026
  0.37118793
  0.24738491
  0.12345168
 -0.00047894
 -0.00517906
 -0.00654530
 -0.00881273
 -0.01347814
 -0.02287041
  0.02967592
  0.00108896
 -0.10917684
 -0.21907872
 -0.32872113
 -0.43807068
 -0.54693214
 -0.65448185
 -0.66331706
 -0.55140224
 -0.43978499
 -0.32893018
 -0.21877295
 -0.10918922
  0.00000000
