  0.02310491
  0.02310491
  0.02271574
  0.02389891
  0.02556532
  0.02656231
  0.02710598
  0.02747407
  0.02731335
  0.02396552
  0.02110989
  0.02810788
  0.03849936
  0.04959002
  0.05634118
  0.05338909
  0.04731906
  0.03998590
  0.03252821
  0.02656791
  0.02345619
  0.02223748
  0.02167644
  0.02109174
  0.02186631
  0.08896194
  0.17745262
  0.27402371
  0.38001533
  0.31677014
  0.22461118
  0.12230717
  0.02254657
  0.02173255
  0.02189085
  0.02202061
  0.02299735
  0.16644751
  0.29796630
  0.41281581
  0.51554997
  0.60937891
  0.69696233
  0.77985075
  0.83513999
  0.75624817
  0.67786115
  0.59153303
  0.49810989
  0.39555790
  0.28121425
  0.15321765
  0.02303429
  0.02227002
  0.02218453
  0.02208137
  0.02268438
  0.14241685
  0.26621654
  0.38340799
  0.49408484
  0.55997372
  0.43776450
  0.29795799
  0.14046071
  0.07117649
  0.08943043
  0.02070004
  0.02137075
  0.02182553
  0.02209304
  0.02299015
  0.12088966
  0.21337775
  0.29135536
  0.35680153
  0.41107319
  0.35587546
  0.23151722
  0.14089484
  0.07686166
  0.03708156
  0.02307558
  0.02169439
  0.02623774
  0.04907294
  0.09876036
  0.17393231
  0.26197781
  0.31930648
  0.37651212
  0.43357532
  0.49050616
  0.54735014
  0.60428432
  0.56254850
  0.46680118
  0.36660451
  0.25923373
  0.14161373
  0.02299059
  0.02210513
  0.02195326
  0.02175106
  0.02151319
  0.02165281
  0.03314068
  0.02334725
  0.03939169
  0.06243235
  0.08124554
  0.09627545
  0.10782174
  0.11617898
  0.10543090
  0.07085569
  0.04665448
  0.03027808
  0.02171591
  0.02160180
