  0.00000000
  0.00000000
  0.02210288
  0.04403685
  0.06589373
  0.08776784
  0.10966206
  0.13157024
  0.15357800
  0.18016522
  0.20234331
  0.22457495
  0.24670759
  0.26883388
  0.29149424
  0.31418816
  0.33691242
  0.35967388
  0.38249675
  0.40543948
  0.42833753
  0.45107475
  0.47361111
  0.49632515
  0.54390855
  0.56610479
  0.58864599
  0.61133219
  0.63986535
  0.67207046
  0.70239008
  0.73313097
  0.64062082
  0.65688207
  0.67470324
  0.69178395
  0.92771236
  0.88345786
  0.84437234
  0.80904265
  0.77645189
  0.74583187
  0.71648521
  0.68800394
  0.66826427
  0.69355700
  0.72303935
  0.75181753
  0.78215497
  0.81454303
  0.84958682
  0.88754084
  0.70785597
  0.73163427
  0.71984968
  0.70656809
  0.86329318
  0.83572707
  0.80811218
  0.78052891
  0.75291979
  0.74274563
  0.75198950
  0.73413461
  0.60180741
  0.72952106
  0.69468606
  0.64814078
  0.61422495
  0.58004415
  0.54553584
  0.58866623
  0.54207136
  0.49547047
  0.44886007
  0.40223998
  0.35561285
  0.30911115
  0.26240177
  0.21570455
  0.16901807
  0.12234156
  0.07541231
  0.02905723
 -0.01720937
 -0.06335128
 -0.10927651
 -0.15474137
 -0.20132707
 -0.24733367
 -0.29326007
 -0.33908497
 -0.38481980
 -0.43050520
 -0.47629871
 -0.52378293
 -0.57008454
 -0.61634451
 -0.66262837
 -0.70823011
 -0.55557080
 -0.56314569
 -0.53703951
 -0.51047247
 -0.48360108
 -0.45745345
 -0.41627493
 -0.47907660
 -0.44117885
 -0.40408115
 -0.36727301
 -0.33056780
 -0.29389152
 -0.25778875
 -0.23013141
 -0.18846564
 -0.14868687
 -0.11029651
 -0.07290266
 -0.03623464
