  0.01155245
  0.01155245
  0.00392434
  0.00114638
  0.00031672
  0.00008584
  0.00002312
  0.00000621
  0.00000166
  0.00000034
  0.00000009
  0.00000002
  0.00000001
  0.00000000
  0.00000000
  0.00000000
  0.00000000
  0.00000000
  0.00000000
  0.00000000
  0.00000000
  0.00000000
  0.00000000
  0.00000000
  0.00000000
  0.00000000
  0.00000000
  0.00000000
  0.00000000
  0.00000000
  0.00000000
  0.00000000
 -0.00000000
 -0.00000000
 -0.00000000
 -0.00000000
  0.00000000
 -0.00000000
 -0.00000000
 -0.00000000
 -0.00000000
 -0.00000000
 -0.00000000
 -0.00000000
  0.00000000
 -0.00000000
  0.00000000
  0.00000000
  0.00000000
  0.00000000
  0.00000000
  0.00000000
  0.00000000
 -0.00000000
 -0.00000000
 -0.00000000
 -0.00000000
 -0.00000000
 -0.00000000
 -0.00000000
 -0.00000000
 -0.00000000
 -0.00000000
  0.00000000
  0.00000000
 -0.00000000
 -0.00000000
 -0.00000000
  0.00000000
  0.00000000
  0.00000000
  0.00000000
  0.00000000
  0.00000000
  0.00000000
  0.00000000
  0.00000000
  0.00000000
  0.00000000
  0.00000004
  0.00000066
  0.00001081
  0.00017965
  0.00268665
  0.02228617
  0.06371963
  0.10930017
  0.15474292
  0.20132716
  0.24733367
  0.29326007
  0.33908497
  0.38481980
  0.43050520
  0.47629871
  0.52378293
  0.57008454
  0.61634451
  0.66262837
  0.70823011
  0.55557080
  0.56314569
  0.53703951
  0.51047247
  0.48360108
  0.45745345
  0.41627493
  0.47907660
  0.44117885
  0.40408115
  0.36727301
  0.33056780
  0.29389152
  0.25778876
  0.23013143
  0.18846584
  0.14868910
  0.11031877
  0.07311132
  0.03802963
