  2.10653753
  2.10653753
  2.10653753
  2.12807854
  2.17099194
  2.23521516
  2.32079618
  2.42778860
  2.55623923
  2.70627846
  2.88240701
  3.08024859
  3.29946373
  3.53930551
  3.79872247
  4.07663998
  4.37127912
  4.68164170
  5.00734006
  5.34857887
  5.70607204
  6.08051670
  6.47220892
  6.88108534
  7.30727180
  7.77209623
  8.25552126
  8.76535890
  9.30972817
  9.90104311
 10.54699185
 11.23712110
 11.96473353
 12.60279134
 13.25701571
 13.92890505
 14.61772872
 15.54138217
 16.42096756
 17.26436208
 18.07286432
 18.83990968
 19.55101780
 20.18463600
 20.71426033
 21.11654801
 21.38405719
 21.50693154
 21.48450565
 21.32628547
 21.04783188
 20.66843201
 20.21014016
 19.81972496
 19.41623132
 19.01969478
 18.63097706
 18.15673194
 17.69787868
 17.22836020
 16.72812150
 16.18452870
 15.57981396
 14.90429465
 14.20909187
 13.62468324
 12.90992418
 12.22691784
 11.58706562
 10.98100247
 10.40884394
  9.87084060
  9.29039903
  8.75591034
  8.26485637
  7.81711766
  7.41493691
  7.06216027
  6.76294417
  6.51775917
  6.32218120
  6.17207447
  6.06465087
  5.99871059
  5.97330264
  5.98836583
  6.04374973
  6.13862155
  6.27064551
  6.43639974
  6.62744039
  6.83340067
  7.04004987
  7.22883923
  7.37684662
  7.45740314
  7.44153489
  7.31910279
  7.09608080
  6.78411516
  6.39962459
  6.07780793
  5.75166456
  5.44127924
  5.14698111
  4.86906442
  4.60739584
  4.37107156
  4.09666248
  3.84386645
  3.62040175
  3.43125885
  3.27909023
  3.16438961
  3.08538961
  3.03683969
  3.01378286
  3.00417095
  3.00089448
  3.00010082
  3.00000000
