  0.00000000
  0.00000000
  0.02154235
  0.04002559
  0.05462107
  0.06359984
  0.06485940
  0.05820272
  0.04559383
  0.02879522
  0.00872585
 -0.01482233
 -0.03681229
 -0.05742790
 -0.07638374
 -0.09305311
 -0.10636112
 -0.11473177
 -0.11666836
 -0.11216144
 -0.10255862
 -0.08928309
 -0.07332460
 -0.05537221
 -0.03570710
 -0.01443663
  0.00877798
  0.02572546
  0.02664496
  0.01034968
 -0.01247782
 -0.03172827
 -0.04649397
 -0.05331990
 -0.04756244
 -0.03293648
 -0.01325457
  0.00982171
  0.02779368
  0.03957575
  0.04486017
  0.04554461
  0.04378130
  0.04097617
  0.03795509
  0.03520326
  0.03279111
  0.03071647
  0.02894413
  0.02741852
  0.02608870
  0.02493157
  0.02388929
  0.02293416
  0.02211153
  0.02143476
  0.02091062
  0.02079828
  0.02201351
  0.02737676
  0.04024798
  0.05964585
  0.08248133
  0.10739664
  0.13388626
  0.16178629
  0.19123500
  0.22245333
  0.25548311
  0.29071524
  0.32839012
  0.36881826
  0.38113340
  0.34357530
  0.31262187
  0.28566595
  0.26057114
  0.23541191
  0.20801141
  0.17641659
  0.14514846
  0.11467319
  0.08481923
  0.05549705
  0.02678309
  0.00010349
 -0.04022031
 -0.08098641
 -0.12275882
 -0.16600658
 -0.19171211
 -0.16205750
 -0.12684564
 -0.08360954
 -0.04138757
  0.00015763
  0.03158179
  0.06422488
  0.09749433
  0.13152280
  0.16660283
  0.20306007
  0.24123953
  0.28154330
  0.32440097
  0.37003588
  0.41218908
  0.36163250
  0.31527020
  0.27253370
  0.23280271
  0.19550624
  0.16014927
  0.12633206
  0.09369260
  0.06191233
  0.03070107
 -0.00022353
 -0.01435064
 -0.02602071
 -0.03835369
 -0.04958210
 -0.05219911
 -0.03884794
 -0.01893386
  0.00347992
  0.00850803
  0.00715370
  0.00602538
  0.00025892
 -0.02926195
 -0.05891837
 -0.08894285
 -0.11956302
 -0.15101735
 -0.18354555
 -0.21741298
 -0.25290781
 -0.29033609
 -0.33000276
 -0.37131681
 -0.34540307
 -0.30629675
 -0.26852328
 -0.23252514
 -0.19813602
 -0.16511088
 -0.13330825
 -0.10257545
 -0.07268281
 -0.04371121
 -0.01657214
 -0.00423078
 -0.00338467
 -0.00285298
 -0.00241327
 -0.00208157
 -0.01611839
 -0.04632211
 -0.07740953
 -0.10927356
 -0.14211754
 -0.17594230
 -0.20914095
 -0.24164645
 -0.27619290
 -0.31659006
 -0.36182853
 -0.41115075
 -0.42082442
 -0.40840216
 -0.37267501
 -0.34089526
 -0.30795633
 -0.27158015
 -0.23697112
 -0.20407614
 -0.17262893
 -0.14227512
 -0.11280781
 -0.08406941
 -0.05582327
 -0.02787987
 -0.00004168
  0.05838399
  0.11854267
  0.18223220
  0.25165765
  0.32974040
  0.42056978
  0.42102934
  0.42102474
  0.42101550
  0.42100193
  0.42076069
  0.32455290
  0.24357622
  0.17293452
  0.10902679
  0.04920807
 -0.00851930
 -0.06560645
 -0.12369822
 -0.18433994
 -0.24926251
 -0.32056325
 -0.40089135
 -0.42098765
 -0.42100527
 -0.42100123
 -0.42069078
 -0.32548509
 -0.24610660
 -0.17703491
 -0.11457378
 -0.05619097
