  0.02310491
  0.02310491
  0.02294345
  0.02253420
  0.02201851
  0.02155336
  0.02125220
  0.02114091
  0.02122240
  0.02158759
  0.02249355
  0.02451303
  0.02771328
  0.03225427
  0.03801293
  0.04455131
  0.05113096
  0.05673015
  0.06025636
  0.06116419
  0.05957218
  0.05580811
  0.05016036
  0.04303414
  0.03491985
  0.02702335
  0.02158966
  0.02060651
  0.02064368
  0.02123790
  0.02725617
  0.03765870
  0.04838884
  0.05464370
  0.05138390
  0.04140978
  0.02889580
  0.02097155
  0.02135766
  0.02368337
  0.02521215
  0.02570174
  0.02554456
  0.02508086
  0.02453234
  0.02403596
  0.02361058
  0.02326112
  0.02297935
  0.02275139
  0.02256464
  0.02241080
  0.02227873
  0.02215997
  0.02206936
  0.02200940
  0.02198317
  0.02206559
  0.02255335
  0.02462932
  0.03041782
  0.03990961
  0.05150299
  0.06449771
  0.07865023
  0.09404583
  0.10969916
  0.12554700
  0.14125529
  0.15745496
  0.17530515
  0.19293011
  0.17893682
  0.13993039
  0.11655947
  0.10337241
  0.09755948
  0.09798783
  0.10134112
  0.08830069
  0.07385893
  0.06007052
  0.04683735
  0.03422312
  0.02317735
  0.02303462
  0.08396092
  0.15162627
  0.21550557
  0.25588301
  0.22058467
  0.20739314
  0.19946192
  0.12982102
  0.06721948
  0.02304893
  0.02207352
  0.02916112
  0.03671438
  0.04374915
  0.05019018
  0.05604357
  0.06136123
  0.06618939
  0.07055677
  0.07426638
  0.07860162
  0.06574746
  0.05492810
  0.04573142
  0.03798494
  0.03155532
  0.02643017
  0.02281513
  0.02096322
  0.02082249
  0.02181535
  0.02311172
  0.02345511
  0.02355159
  0.02348259
  0.02323603
  0.02287634
  0.02265302
  0.02273495
  0.02320266
  0.02340564
  0.02339940
  0.02339956
  0.02312229
  0.02142174
  0.02090715
  0.02215361
  0.02519977
  0.02972112
  0.03540688
  0.04211344
  0.04983587
  0.05863064
  0.06856399
  0.08006221
  0.07973711
  0.07592812
  0.07145994
  0.06651643
  0.06109676
  0.05502536
  0.04840755
  0.04138495
  0.03381783
  0.02619682
  0.02125580
  0.02198078
  0.02213336
  0.02224250
  0.02234256
  0.02241525
  0.02174919
  0.03227155
  0.04706916
  0.06341174
  0.08063159
  0.09361071
  0.10417749
  0.12244788
  0.15678778
  0.19041788
  0.22171716
  0.25322100
  0.24089722
  0.17524478
  0.14865274
  0.14875251
  0.15789395
  0.13877529
  0.11986268
  0.10236450
  0.08654519
  0.07179083
  0.05797156
  0.04521820
  0.03342412
  0.02364916
  0.02308034
  0.12542804
  0.22880697
  0.32374441
  0.41201714
  0.49507249
  0.58779681
  0.54042253
  0.48507020
  0.42915186
  0.37446428
  0.33987235
  0.21788898
  0.13179470
  0.07370562
  0.03885986
  0.02532975
  0.02313371
  0.02675436
  0.04212556
  0.07465050
  0.12267220
  0.18621771
  0.26720140
  0.33081668
  0.37698728
  0.36473841
  0.34614687
  0.21840742
  0.13192700
  0.07450393
  0.03990150
  0.02582529
