  0.01155245
  0.01155245
  0.01607717
  0.02149135
  0.02766346
  0.03442781
  0.04163062
  0.04914823
  0.05689402
  0.06483472
  0.07320585
  0.08100835
  0.08893489
  0.09688984
  0.10485360
  0.11281985
  0.12079056
  0.12877714
  0.13679338
  0.14484463
  0.15293077
  0.16105622
  0.16915725
  0.17745177
  0.18587885
  0.19485232
  0.20161702
  0.20934895
  0.21782830
  0.22741287
  0.23445960
  0.24212453
  0.24995351
  0.25802020
  0.26550481
  0.27534901
  0.28525191
  0.29121151
  0.29871008
  0.30668503
  0.31503497
  0.32360385
  0.33229346
  0.34107255
  0.34993652
  0.35891194
  0.36785850
  0.37690442
  0.38605768
  0.39532350
  0.40470689
  0.41401973
  0.42344348
  0.43283933
  0.44237845
  0.45194245
  0.46150650
  0.47114672
  0.48096500
  0.49126063
  0.50163689
  0.51159391
  0.52133300
  0.53061776
  0.53941495
  0.54881749
  0.55243806
  0.55160053
  0.54646682
  0.54022970
  0.53676767
  0.52937517
  0.47276031
  0.40216888
  0.36153537
  0.34597038
  0.35528345
  0.39522083
  0.46465227
  0.46828798
  0.46206459
  0.45542921
  0.44778054
  0.43898659
  0.42979069
  0.57588091
  0.55554999
  0.53582355
  0.51627024
  0.46128836
  0.34775989
  0.38336513
  0.46411097
  0.44449786
  0.42245374
  0.32193971
  0.30699371
  0.29216964
  0.27754310
  0.26347614
  0.24963283
  0.23584777
  0.22225448
  0.20889033
  0.19575346
  0.18240331
  0.17508586
  0.16131462
  0.14809069
  0.13497950
  0.12211529
  0.10953477
  0.09715496
  0.08502988
  0.07315554
  0.06155765
  0.05031914
  0.03280426
  0.02663768
  0.02108370
  0.01620677
  0.01209343
  0.00876646
  0.00616966
  0.00422002
  0.00290732
  0.00195578
  0.00129900
  0.00085557
  0.00027530
  0.00014831
  0.00007967
  0.00004273
  0.00002290
  0.00001230
  0.00000664
  0.00000360
  0.00000197
  0.00000108
  0.00000061
  0.00000032
  0.00000016
  0.00000008
  0.00000004
  0.00000002
  0.00000001
  0.00000001
  0.00000000
  0.00000000
  0.00000000
  0.00000000
  0.00000000
  0.00000000
  0.00000000
  0.00000000
  0.00000000
  0.00000000
  0.00000000
  0.00000000
  0.00000000
  0.00000000
  0.00000000
  0.00000000
  0.00000000
  0.00000000
  0.00000000
  0.00000000
  0.00000000
  0.00000000
  0.00000000
  0.00000000
  0.00000000
  0.00000000
  0.00000000
  0.00000000
  0.00000000
  0.00000000
  0.00000000
  0.00000000
  0.00000000
  0.00000000
  0.00000000
  0.00000000
 -0.00000000
 -0.00000000
 -0.00000000
  0.00000000
  0.00000000
  0.00000000
  0.00000000
  0.00000000
  0.00000000
  0.00000000
  0.00000000
  0.00000000
  0.00000004
  0.00000075
  0.00001158
  0.00015381
  0.00174485
  0.01313577
  0.04252508
  0.07808220
  0.11326641
  0.14695959
  0.17868866
  0.20812732
  0.24598459
  0.28000149
  0.27101226
  0.25750492
  0.20743761
  0.16086882
  0.11757229
  0.07683624
  0.03926807
