  0.01155245
  0.01155245
  0.01640966
  0.02231714
  0.02911403
  0.03652986
  0.04422280
  0.05189441
  0.05938430
  0.06662694
  0.07381895
  0.08216106
  0.09207781
  0.10223144
  0.11254234
  0.12289816
  0.13312410
  0.14296103
  0.15211455
  0.16044090
  0.16798789
  0.17486072
  0.18106467
  0.18688464
  0.19225041
  0.19755248
  0.20331602
  0.21451912
  0.22340018
  0.22967244
  0.23726795
  0.24949938
  0.26111006
  0.27122759
  0.27762864
  0.28405493
  0.28888073
  0.29395732
  0.30668024
  0.31833680
  0.32860220
  0.33775279
  0.34625983
  0.35448939
  0.36268711
  0.37104138
  0.37943847
  0.38801852
  0.39678488
  0.40572930
  0.41484325
  0.42392952
  0.43315524
  0.44236979
  0.45176971
  0.46124327
  0.47077206
  0.48055513
  0.49113039
  0.50417212
  0.52101860
  0.54088880
  0.56261628
  0.58532975
  0.60875172
  0.63406361
  0.65385984
  0.66939899
  0.68049773
  0.69100086
  0.70598466
  0.71680526
  0.64573016
  0.53483069
  0.47004639
  0.44085430
  0.44416046
  0.48454049
  0.55743711
  0.54759724
  0.52645018
  0.50556625
  0.48424141
  0.46237193
  0.44083406
  0.57593812
  0.57700062
  0.57748223
  0.57711142
  0.53480244
  0.41179263
  0.44301826
  0.52062433
  0.48017581
  0.43923777
  0.32198804
  0.31630096
  0.31018361
  0.30351978
  0.29674319
  0.28955910
  0.28182335
  0.27372529
  0.26535043
  0.25672666
  0.24720984
  0.24437221
  0.21731765
  0.19291273
  0.17029478
  0.14940677
  0.13009243
  0.11209112
  0.09534153
  0.07973514
  0.06521625
  0.05180224
  0.03281120
  0.02700382
  0.02160950
  0.01680291
  0.01266886
  0.00920586
  0.00639980
  0.00429669
  0.00291704
  0.00197176
  0.00130792
  0.00086054
  0.00027537
  0.00015248
  0.00008417
  0.00004638
  0.00002553
  0.00001409
  0.00000781
  0.00000435
  0.00000244
  0.00000138
  0.00000080
  0.00000043
  0.00000021
  0.00000010
  0.00000005
  0.00000003
  0.00000001
  0.00000001
  0.00000000
  0.00000000
  0.00000000
  0.00000000
  0.00000000
  0.00000000
  0.00000000
  0.00000000
  0.00000000
  0.00000000
  0.00000000
  0.00000000
  0.00000000
  0.00000000
  0.00000000
  0.00000000
  0.00000000
  0.00000000
  0.00000000
  0.00000000
  0.00000000
  0.00000000
  0.00000000
  0.00000000
  0.00000000
  0.00000000
  0.00000000
  0.00000000
  0.00000000
  0.00000000
  0.00000000
  0.00000000
  0.00000000
  0.00000000
  0.00000000
  0.00000000
 -0.00000000
 -0.00000000
 -0.00000000
  0.00000000
  0.00000000
  0.00000000
  0.00000000
  0.00000000
  0.00000000
  0.00000000
  0.00000000
  0.00000000
  0.00000006
  0.00000093
  0.00001351
  0.00016990
  0.00182728
  0.01324303
  0.04520301
  0.08735392
  0.13331000
  0.18212488
  0.23367725
  0.28822477
  0.34539905
  0.39316863
  0.38054479
  0.36149900
  0.27225455
  0.19887607
  0.13755408
  0.08528748
  0.04138630
