  0.00000000
  0.00000000
  0.04196122
  0.08390512
  0.12584934
  0.16779435
  0.20974033
  0.25168778
  0.29363787
  0.33629699
  0.39989705
  0.46898165
  0.50752189
  0.52521356
  0.55057466
  0.59417628
  0.63849982
  0.67699677
  0.71764609
  0.75940190
  0.80140178
  0.84350833
  0.88568876
  0.92795125
  0.97035794
  1.01320044
  1.06285885
  1.15993759
  1.13449673
  1.22867577
  1.31235955
  1.39690332
  1.50651787
  1.32567243
  1.14233072
  1.39825828
  1.26834317
  1.14832367
  0.70775885
  1.00417250
  1.01504337
  1.02202130
  0.99304419
  0.82708842
  0.88380790
  0.78459562
  0.69287765
  0.66872083
  0.65605208
  0.63959022
  0.62012885
  0.59841225
  0.56668855
  0.50086403
  0.40392359
  0.35847356
  0.27692657
  0.20511935
  0.14105018
  0.08352880
  0.03187535
  0.00000000
  0.00000000
  0.00000000
  0.00000000
  0.00000000
  0.00000000
  0.00000000
  0.00000000
  0.00000000
 -0.00000000
  0.00000000
 -0.00000000
  0.00000000
 -0.00000000
  0.00000000
 -0.00000000
  0.00000000
  0.00000000
  0.00000000
  0.00000000
  0.00000000
 -0.00000000
  0.00000000
  0.00000000
  0.00000000
  0.00000000
