  0.00000000
  0.00000000
 -0.06280149
 -0.12755223
 -0.19583972
 -0.26926835
 -0.35062932
 -0.42113963
 -0.42114009
 -0.42114002
 -0.42113912
 -0.42113792
 -0.36069929
 -0.27312474
 -0.19679680
 -0.12766206
 -0.06282531
 -0.00000441
  0.06282033
  0.12766029
  0.19679805
  0.27312926
  0.36070845
  0.42113997
  0.42114052
  0.42114091
  0.42114117
  0.42114132
  0.42114136
  0.42114127
  0.42114100
  0.42114046
  0.36070753
  0.27312830
  0.19679751
  0.12766121
  0.06282149
 -0.00000292
 -0.05967811
 -0.06278331
  0.00000656
  0.00000630
 -0.05571350
 -0.11142899
 -0.12615348
 -0.06339429
 -0.00187850
 -0.00004778
 -0.00001310
  0.06278125
  0.12736596
  0.19253261
  0.18062879
  0.12177446
  0.16533938
  0.23790545
  0.27311408
  0.19679659
  0.12766160
  0.06282254
 -0.00000171
 -0.00000883
 -0.00000140
  0.06029438
  0.12160416
  0.18282704
  0.19678947
  0.12765664
  0.06281950
 -0.00000297
 -0.00002623
 -0.00003231
 -0.00004056
 -0.00005217
 -0.00006922
 -0.00004083
  0.05121102
  0.10354824
  0.15805329
  0.15580977
  0.10159544
  0.04958152
  0.00140536
  0.00099494
  0.00103436
  0.00117138
  0.00119280
  0.00379322
