  0.00000000
  0.00000000
  0.00876719
  0.03549797
  0.08014419
  0.14297349
  0.22484893
  0.35339912
  0.41627373
  0.42891099
  0.36451272
  0.30103720
  0.20426189
  0.11470110
  0.05428093
  0.01709202
  0.00011557
  0.00000020
  0.01779908
  0.05388214
  0.11036725
  0.19106856
  0.30237808
  0.41147023
  0.46990042
  0.52833034
  0.58675985
  0.64518876
  0.70361680
  0.76204364
  0.82046896
  0.87889264
  0.80282279
  0.64579160
  0.49261020
  0.33726960
  0.17468457
  0.00000384
  0.08283578
  0.09895891
  0.00001875
  0.00001926
  0.08438025
  0.18247741
  0.23442113
  0.11961179
  0.00356492
  0.00009088
  0.00002551
  0.23220819
  0.44586942
  0.69502572
  0.64910712
  0.44979643
  0.61110004
  0.88013758
  1.01046885
  0.71665416
  0.44718395
  0.21134467
  0.00000107
  0.00000540
  0.00000197
  0.16932309
  0.30818862
  0.49348318
  0.50498654
  0.30987311
  0.14377258
  0.00000211
  0.00001743
  0.00002004
  0.00002341
  0.00002790
  0.00003415
  0.00001889
  0.05735185
  0.10642375
  0.14787036
  0.13153212
  0.07631269
  0.03260955
  0.00079118
  0.00046698
  0.00038842
  0.00032994
  0.00022368
  0.00035656
