  0.00000000
  0.00000000
  0.18742488
  0.37466957
  0.55997587
  0.74100966
  0.91737382
  1.08844265
  1.27522404
  1.30449620
  1.11701579
  0.92952982
  0.74204186
  0.55455207
  0.36706294
  0.17957467
 -0.00791251
 -0.19539832
 -0.38289224
 -0.57038599
 -0.75787948
 -0.94537259
 -1.13286512
 -1.32035664
 -1.50785017
 -1.69534353
 -1.88283665
 -2.07032944
 -2.25782178
 -2.44531352
 -2.63280448
 -2.82029446
 -3.00778333
 -3.19527327
 -3.38276260
 -3.57024907
 -3.75773803
 -3.94522609
 -4.12345758
 -4.30145097
 -4.48885011
 -4.64996070
 -4.81645869
 -4.97895325
 -4.99995706
 -4.99995809
 -4.99995873
 -4.99995875
 -4.99995942
 -4.99996110
 -4.99995482
 -4.99995813
 -4.99995628
 -4.99995997
 -4.99996005
 -4.99996271
 -4.99996487
 -4.92124386
 -4.73378719
 -4.54631336
 -4.35883466
 -4.26984220
 -4.18084708
 -4.00083687
 -3.82299018
 -3.65502506
 -3.46791656
 -3.28043200
 -3.09294668
 -2.90546098
 -2.75500391
 -2.60454991
 -2.45409640
 -2.30364386
 -2.15319241
 -2.00274220
 -1.84941542
 -1.69598566
 -1.54244119
 -1.38875701
 -1.23474255
 -1.08060902
 -0.92640115
 -0.77200126
 -0.61759969
 -0.46319834
 -0.30879750
 -0.15439781
  0.00000000
