  2.00000000
  2.00000000
  2.00000000
  2.04679294
  2.13936534
  2.27451736
  2.44861694
  2.65704108
  2.92456170
  3.22948871
  3.52857494
  3.76702890
  3.94990180
  4.08400890
  4.17760257
  4.23694580
  4.26535450
  4.26411151
  4.23341092
  4.17325174
  4.08430265
  3.96883008
  3.83187577
  3.68299069
  3.53900136
  3.42315156
  3.35829173
  3.36998816
  3.48449265
  3.72544567
  4.10924192
  4.63928185
  5.29977410
  6.05032124
  6.83144119
  7.60049257
  8.33947734
  9.05232981
  9.72655006
 10.43029697
 11.24550703
 12.01763763
 12.84426240
 13.68001690
 14.60194861
 15.68644874
 16.85298412
 18.04956936
 19.24763321
 20.46475836
 21.68188369
 22.80931975
 23.90351512
 24.83811871
 25.60249710
 26.20914538
 26.57953716
 26.58394408
 26.17616000
 25.52766122
 24.76885890
 24.39690725
 24.03254216
 23.31095642
 22.62874417
 21.98007110
 21.23110790
 20.44686815
 19.65645194
 18.89376130
 18.31483068
 17.76589182
 17.24693452
 16.75795990
 16.29896767
 15.86995751
 15.46329628
 15.08751725
 14.74193815
 14.42646055
 14.14128925
 13.88767054
 13.66586744
 13.47561503
 13.31707304
 13.19024148
 13.09511938
 13.03170595
 13.00000000
