1 1 1 3.648979591837
1 1 2 29.987755102041
1 2 1 3.697959183673
1 2 2 7.800000000000
1 3 1 5.681632653061
1 3 2 7.824489795918
1 4 1 5.902040816327
1 4 2 29.914285714286
2 1 1 5.779591836735
2 1 2 9.661224489796
2 2 1 30.000000000000
2 2 2 10.028571428571
2 3 1 30.000000000000
2 3 2 7.824489795918
2 4 1 5.706122448980
2 4 2 7.824489795918
3 1 1 9.942857142857
3 1 2 3.710204081633
3 2 1 10.016326530612
3 2 2 0.036734693878
3 3 1 -0.048979591837
3 3 2 0.036734693878
3 4 1 -0.048979591837
3 4 2 3.710204081633
4 1 1 17.216326530612
4 1 2 3.710204081633
4 2 1 17.289795918367
4 2 2 0.036734693878
4 3 1 30.000000000000
4 3 2 -0.036734693878
4 4 1 29.951020408163
4 4 2 3.710204081633
