  0.00000000
  0.74999616
  0.74999602
  0.74999586
  0.74999569
  0.74999550
  0.74999529
  0.74999507
  0.74999482
  0.74999455
  0.74999425
  0.74999391
  0.74999354
  0.74999312
  0.74999264
  0.74999209
  0.74999146
  0.74999073
  0.74998987
  0.74998859
  0.74998549
  0.74998309
  0.74998222
  0.74998157
  0.74998109
  0.74997949
  0.74997621
  0.74997137
  0.74996359
  0.74994875
  0.74991698
  0.74981747
  0.57926793
 -0.00002504
 -0.00002944
 -0.00002932
 -0.00002467
 -0.00001363
 -0.00003373
 -0.00013965
 -0.37752439
 -0.74925408
 -0.74969343
 -0.74981967
 -0.74987221
 -0.74991618
 -0.74993979
 -0.74995595
 -0.74996756
 -0.74997614
 -0.74998225
 -0.74998515
 -0.74998724
 -0.74998880
 -0.74998986
 -0.74998884
 -0.74999195
 -0.74999261
 -0.74999310
 -0.74999360
 -0.74999409
 -0.74999454
 -0.74999500
 -0.74999514
 -0.74999567
 -0.74999596
 -0.74999621
 -0.74999635
 -0.74999641
 -0.74999641
 -0.74999632
 -0.74999615
 -0.74999591
 -0.74999557
 -0.74999511
 -0.74999447
 -0.74999352
 -0.74999247
 -0.74999065
 -0.74998803
 -0.74998378
 -0.74997549
 -0.74995101
  0.58650815
  0.74995375
  0.74997745
  0.74998547
  0.74998955
  0.74999224
  0.74999376
  0.74999464
  0.74999506
  0.74999530
  0.74999545
  0.74999553
  0.00000000
