task_id 24

[x]
1 4.000000000000
2 4.000000000000
3 4.000000000000
4 4.036313410000
5 4.108935400000
6 4.217859680000
7 4.363055130000
8 4.544369330000
9 4.761596320000
10 5.014474520000
11 5.302667380000
12 5.626226620000
13 5.985711050000
14 6.381103290000
15 6.813367840000
16 7.281977450000
17 7.788792170000
18 8.335305730000
19 8.920432670000
20 9.536063890000
21 10.141816880000
22 10.607435880000
23 10.981935060000
24 11.312733420000
25 11.605801350000
26 11.858934100000
27 12.038778140000
28 12.107859790000
29 12.085971440000
30 12.000795210000
31 11.890889880000
32 11.780801430000
33 11.670628260000
34 11.563026170000
35 11.480125140000
36 11.452767100000
37 11.504536720000
38 11.652974020000
39 11.908788710000
40 12.274214590000
41 12.740967050000
42 13.238134440000
43 13.799653450000
44 14.449954250000
45 15.115468570000
46 15.727149500000
47 16.325365760000
48 16.854155780000
49 17.307311380000
50 17.690351170000
51 18.020063720000
52 18.320881700000
53 18.607437080000
54 18.919753820000
55 19.285794830000
56 19.717509550000
57 20.117296550000
58 20.621615210000
59 21.109040190000
60 21.558271950000
61 21.960588750000
62 22.302434850000
63 22.574269670000
64 22.771242110000
65 22.887968180000
66 22.945753960000
67 22.956274740000
68 22.936938870000
69 22.902794680000
70 22.868575530000
71 22.842453650000
72 22.828478330000
73 22.827876150000
74 22.840404980000
75 22.865713950000
76 22.904207180000
77 22.957794570000
78 23.030551300000
79 23.135867330000
80 23.284913560000
81 23.480878220000
82 23.724495550000
83 24.013937960000
84 24.344602240000
85 24.708564420000
86 25.045668980000
87 25.334373310000
88 25.569248110000
89 25.747844100000
90 25.873295740000
91 25.945915570000
92 25.980859390000
93 25.994625410000
94 25.999003810000
95 25.999937330000
96 26.000000000000

[y]
1 22.000000000000
2 22.000000000000
3 22.000000000000
4 22.000000000000
5 22.000137600000
6 22.001168740000
7 22.004992980000
8 22.014552590000
9 22.031662680000
10 22.057555120000
11 22.094294830000
12 22.140406600000
13 22.191568530000
14 22.248596510000
15 22.311943570000
16 22.379515470000
17 22.437803710000
18 22.467640200000
19 22.442677720000
20 22.327667830000
21 22.084263340000
22 21.735598740000
23 21.328641440000
24 20.847917800000
25 20.287628940000
26 19.623194020000
27 18.864625730000
28 18.047766540000
29 17.186700030000
30 16.285622480000
31 15.364984990000
32 14.442655610000
33 13.520331570000
34 12.620279640000
35 11.756821160000
36 10.925037600000
37 10.127456750000
38 9.373981290000
39 8.681837450000
40 8.074531860000
41 7.579678360000
42 7.257986130000
43 7.063505800000
44 7.009271320000
45 7.131717980000
46 7.405716790000
47 7.836432490000
48 8.394556210000
49 9.057297070000
50 9.804849740000
51 10.622198850000
52 11.487379260000
53 12.311964140000
54 13.079219250000
55 13.770387710000
56 14.359008630000
57 14.784966640000
58 15.261311860000
59 15.689185840000
60 16.088436100000
61 16.478332960000
62 16.864395170000
63 17.246321780000
64 17.619434210000
65 17.961915340000
66 18.286659770000
67 18.569435930000
68 18.804761100000
69 18.990897670000
70 19.129089330000
71 19.220924200000
72 19.267213220000
73 19.269172950000
74 19.228409960000
75 19.146358300000
76 19.024718120000
77 18.865885440000
78 18.673466500000
79 18.438219900000
80 18.175921390000
81 17.891160640000
82 17.586952020000
83 17.263820300000
84 16.918937040000
85 16.545429390000
86 16.183324250000
87 15.838738340000
88 15.509809200000
89 15.198925520000
90 14.906073540000
91 14.644249130000
92 14.422261900000
93 14.249034210000
94 14.122652460000
95 14.040343380000
96 14.000000000000

[theta]
1 0.000000000000
2 0.000000000000
3 -0.000000000000
4 0.001894770000
5 0.009466270000
6 0.026332490000
7 0.052675230000
8 0.078603650000
9 0.102035360000
10 0.126799130000
11 0.141560900000
12 0.141370890000
13 0.143243570000
14 0.145511220000
15 0.143209450000
16 0.114505870000
17 0.054540090000
18 -0.042635800000
19 -0.184687290000
20 -0.382075530000
21 -0.642745180000
22 -0.826909730000
23 -0.968084130000
24 -1.088866810000
25 -1.206798070000
26 -1.338010810000
27 -1.486427250000
28 -1.596210900000
29 -1.665043370000
30 -1.689613610000
31 -1.689593450000
32 -1.689684700000
33 -1.689782580000
34 -1.666513380000
35 -1.603675290000
36 -1.505978950000
37 -1.376283670000
38 -1.216770420000
39 -1.029115530000
40 -0.814612880000
41 -0.574298720000
42 -0.333416630000
43 -0.083206510000
44 0.181953090000
45 0.421142860000
46 0.624023050000
47 0.812379670000
48 0.971053140000
49 1.097284570000
50 1.187368760000
51 1.236177380000
52 1.236337280000
53 1.184220980000
54 1.083752120000
55 0.937981900000
56 0.817081360000
57 0.756880900000
58 0.720427930000
59 0.726559210000
60 0.769721910000
61 0.846067700000
62 0.952230420000
63 1.085065250000
64 1.242318660000
65 1.394697180000
66 1.533608160000
67 1.652778760000
68 1.752215650000
69 1.813534640000
70 1.847921160000
71 1.864008640000
72 1.868911780000
73 1.868989730000
74 1.869988730000
75 1.877277200000
76 1.896186790000
77 1.932296280000
78 1.991722200000
79 2.087528900000
80 2.173540520000
81 2.246039030000
82 2.301253550000
83 2.335149510000
84 2.343251680000
85 2.320454240000
86 2.268182350000
87 2.190895670000
88 2.092238580000
89 1.975525550000
90 1.841356050000
91 1.726928770000
92 1.650097440000
93 1.605426750000
94 1.582137460000
95 1.572349700000
96 1.570000000000

[v]
1 0.000000000000
2 0.000000000000
3 0.165033680000
4 0.330060060000
5 0.495079390000
6 0.660096160000
7 0.825123170000
8 0.990157530000
9 1.155205790000
10 1.320240390000
11 1.485280300000
12 1.650312800000
13 1.815328750000
14 1.980373340000
15 2.145826060000
16 2.311304890000
17 2.476844550000
18 2.642575930000
19 2.808792140000
20 2.976018860000
21 3.140538130000
22 3.279451310000
23 3.405929130000
24 3.534424790000
25 3.668596200000
26 3.813952020000
27 3.967252570000
28 4.122224250000
29 4.278931850000
30 4.437566720000
31 4.594259200000
32 4.745878860000
33 4.892635900000
34 4.999957160000
35 4.999952820000
36 4.999947910000
37 4.999943230000
38 4.999939440000
39 4.999937430000
40 4.999932650000
41 4.999913650000
42 4.955201410000
43 4.865348370000
44 4.764796720000
45 4.658309140000
46 4.550416260000
47 4.428933990000
48 4.298747660000
49 4.158682320000
50 4.007203470000
51 3.842253490000
52 3.663459320000
53 3.484747110000
54 3.306462040000
55 3.129059260000
56 2.954096760000
57 2.805783810000
58 2.620352020000
59 2.434715870000
60 2.249580740000
61 2.062798030000
62 1.875314730000
63 1.687832400000
64 1.500353460000
65 1.319484080000
66 1.131999590000
67 0.944519220000
68 0.757029370000
69 0.569545180000
70 0.382073690000
71 0.194654470000
72 0.008353370000
73 -0.175717640000
74 -0.357734390000
75 -0.537754360000
76 -0.715695270000
77 -0.891357620000
78 -1.064447270000
79 -1.246050190000
80 -1.427634150000
81 -1.609229490000
82 -1.790865410000
83 -1.972535560000
84 -2.154189640000
85 -2.012200290000
86 -1.827812080000
87 -1.643357820000
88 -1.458901170000
89 -1.274587630000
90 -1.087122310000
91 -0.899673400000
92 -0.712339490000
93 -0.529379690000
94 -0.350221720000
95 -0.173946510000
96 0.000000000000

[a]
1 0.000000000000
2 0.749996160000
3 0.749996020000
4 0.749995860000
5 0.749995690000
6 0.749995500000
7 0.749995290000
8 0.749995070000
9 0.749994820000
10 0.749994550000
11 0.749994250000
12 0.749993910000
13 0.749993540000
14 0.749993120000
15 0.749992640000
16 0.749992090000
17 0.749991460000
18 0.749990730000
19 0.749989870000
20 0.749988590000
21 0.749985490000
22 0.749983090000
23 0.749982220000
24 0.749981570000
25 0.749981090000
26 0.749979490000
27 0.749976210000
28 0.749971370000
29 0.749963590000
30 0.749948750000
31 0.749916980000
32 0.749817470000
33 0.579267930000
34 -0.000025040000
35 -0.000029440000
36 -0.000029320000
37 -0.000024670000
38 -0.000013630000
39 -0.000033730000
40 -0.000139650000
41 -0.377524390000
42 -0.749254080000
43 -0.749693430000
44 -0.749819670000
45 -0.749872210000
46 -0.749916180000
47 -0.749939790000
48 -0.749955950000
49 -0.749967560000
50 -0.749976140000
51 -0.749982250000
52 -0.749985150000
53 -0.749987240000
54 -0.749988800000
55 -0.749989860000
56 -0.749988840000
57 -0.749991950000
58 -0.749992610000
59 -0.749993100000
60 -0.749993600000
61 -0.749994090000
62 -0.749994540000
63 -0.749995000000
64 -0.749995140000
65 -0.749995670000
66 -0.749995960000
67 -0.749996210000
68 -0.749996350000
69 -0.749996410000
70 -0.749996410000
71 -0.749996320000
72 -0.749996150000
73 -0.749995910000
74 -0.749995570000
75 -0.749995110000
76 -0.749994470000
77 -0.749993520000
78 -0.749992470000
79 -0.749990650000
80 -0.749988030000
81 -0.749983780000
82 -0.749975490000
83 -0.749951010000
84 0.586508150000
85 0.749953750000
86 0.749977450000
87 0.749985470000
88 0.749989550000
89 0.749992240000
90 0.749993760000
91 0.749994640000
92 0.749995060000
93 0.749995300000
94 0.749995450000
95 0.749995530000
96 0.000000000000

[phy]
1 0.000000000000
2 0.000000000000
3 0.103979920000
4 0.205572150000
5 0.300307490000
6 0.347973190000
7 0.278202000000
8 0.211841820000
9 0.192425890000
10 0.101273610000
11 -0.001162760000
12 0.010314400000
13 0.011352400000
14 -0.010536870000
15 -0.120662210000
16 -0.230895540000
17 -0.341204250000
18 -0.451656320000
19 -0.562436870000
20 -0.673879260000
21 -0.564474700000
22 -0.472036630000
23 -0.392485250000
24 -0.357032630000
25 -0.353573040000
26 -0.363804170000
27 -0.261696070000
28 -0.158485230000
29 -0.054239950000
30 0.000043480000
31 -0.000196480000
32 -0.000210750000
33 0.051295730000
34 0.143882340000
35 0.230604530000
36 0.313814620000
37 0.393730130000
38 0.470515900000
39 0.544293290000
40 0.615107290000
41 0.682955820000
42 0.699896880000
43 0.682423120000
44 0.615372350000
45 0.544373870000
46 0.472444930000
47 0.391456560000
48 0.304666320000
49 0.211291600000
50 0.110309720000
51 0.000349130000
52 -0.118839120000
53 -0.237969360000
54 -0.356805640000
55 -0.319873670000
56 -0.203255300000
57 -0.104710400000
58 0.018904440000
59 0.142658810000
60 0.266080130000
61 0.390600130000
62 0.515586440000
63 0.640569610000
64 0.699991780000
65 0.699994350000
66 0.699994500000
67 0.699985500000
68 0.575001350000
69 0.450015670000
70 0.325037250000
71 0.200093220000
72 0.075894410000
73 -0.046817710000
74 -0.168160210000
75 -0.288171200000
76 -0.406795480000
77 -0.523898950000
78 -0.639278320000
79 -0.518222170000
80 -0.397169860000
81 -0.276107790000
82 -0.155017250000
83 -0.033902200000
84 0.087206230000
85 0.208250370000
86 0.331180990000
87 0.454151250000
88 0.577120470000
89 0.699987660000
90 0.699994390000
91 0.599766420000
92 0.474883300000
93 0.352913380000
94 0.233477150000
95 0.115962410000
96 0.000000000000

[w]
1 0.000000000000
2 0.472537130000
3 0.461706600000
4 0.430562340000
5 0.216639020000
6 -0.317087950000
7 -0.301572460000
8 -0.088227850000
9 -0.414238840000
10 -0.465503850000
11 0.052158210000
12 0.004717690000
13 -0.099468950000
14 -0.499195430000
15 -0.499605830000
16 -0.499763360000
17 -0.499833570000
18 -0.499857330000
19 -0.499804460000
20 0.498738990000
21 0.499068650000
22 0.471720550000
23 0.206923970000
24 0.019338160000
25 -0.052788740000
26 0.499534940000
27 0.499482700000
28 0.498897160000
29 0.256630850000
30 -0.001148520000
31 -0.000070530000
32 0.263159100000
33 0.499737510000
34 0.499876290000
35 0.499915730000
36 0.499929650000
37 0.499929240000
38 0.499904950000
39 0.499548710000
40 0.498697380000
41 0.143040470000
42 -0.145707720000
43 -0.499917480000
44 -0.499927420000
45 -0.499917200000
46 -0.499945280000
47 -0.499956170000
48 -0.499958980000
49 -0.499958480000
50 -0.499956530000
51 -0.499955190000
52 -0.499942950000
53 -0.499905540000
54 0.156133780000
55 0.499893370000
56 0.498321800000
57 0.499968940000
58 0.499982650000
59 0.499986930000
60 0.499988450000
61 0.499985860000
62 0.499976170000
63 0.237713780000
64 0.000010690000
65 0.000000580000
66 -0.000036010000
67 -0.499961130000
68 -0.499982450000
69 -0.499987290000
70 -0.499989170000
71 -0.499989830000
72 -0.499989730000
73 -0.499989010000
74 -0.499987400000
75 -0.499984100000
76 -0.499975970000
77 -0.499936170000
78 0.499943520000
79 0.499978610000
80 0.499985880000
81 0.499988870000
82 0.499990320000
83 0.499990940000
84 0.499990840000
85 0.499990100000
86 0.499988000000
87 0.499982710000
88 0.499958430000
89 0.000026890000
90 -0.401017820000
91 -0.499971780000
92 -0.499983240000
93 -0.499986740000
94 -0.499988190000
95 -0.499988700000
96 0.000000000000

[dt]
1 0.001205650000
2 0.220046030000
3 0.220036350000
4 0.220026980000
5 0.220023630000
6 0.220037340000
7 0.220047190000
8 0.220065790000
9 0.220047650000
10 0.220054820000
11 0.220045010000
12 0.220023060000
13 0.220061350000
14 0.220605650000
15 0.220640600000
16 0.220721880000
17 0.220977700000
18 0.221624350000
19 0.222971980000
20 0.219362350000
21 0.185221160000
22 0.168640900000
23 0.171331600000
24 0.178899610000
25 0.193812650000
26 0.204406320000
27 0.206635470000
28 0.208951430000
29 0.211523430000
30 0.208937590000
31 0.202181930000
32 0.195723690000
33 0.185270500000
34 0.173487290000
35 0.166448240000
36 0.159853510000
37 0.153593270000
38 0.147582850000
39 0.141755950000
40 0.136051510000
41 0.118435370000
42 0.119923320000
43 0.134123680000
44 0.142017580000
45 0.143881700000
46 0.161994470000
47 0.173595700000
48 0.186764760000
49 0.201980540000
50 0.219940300000
51 0.238397870000
52 0.238287670000
53 0.237717470000
54 0.236540580000
55 0.233286490000
56 0.197753540000
57 0.247245040000
58 0.247517320000
59 0.246849110000
60 0.249045740000
61 0.249979700000
62 0.249978260000
63 0.249973590000
64 0.241160730000
65 0.249980760000
66 0.249975180000
67 0.249987730000
68 0.249980130000
69 0.249963190000
70 0.249893480000
71 0.248402680000
72 0.245429280000
73 0.242690330000
74 0.240028030000
75 0.237256100000
76 0.234218180000
77 0.230788200000
78 0.242139650000
79 0.242114970000
80 0.242130980000
81 0.242186470000
82 0.242234780000
83 0.242221260000
84 0.242092700000
85 0.245866110000
86 0.245946410000
87 0.245946960000
88 0.245754820000
89 0.249956350000
90 0.249933960000
91 0.249780330000
92 0.243948020000
93 0.238878790000
94 0.235035030000
95 0.231930070000

[s]
1 0.000000000000
2 0.000000000000
3 0.036313410000
4 0.072622120000
5 0.108929160000
6 0.145245800000
7 0.181566040000
8 0.217899800000
9 0.254200320000
10 0.290525260000
11 0.326828520000
12 0.363106870000
13 0.399483690000
14 0.436881550000
15 0.473456360000
16 0.510155550000
17 0.547327400000
18 0.585659170000
19 0.626281940000
20 0.652826500000
21 0.581694120000
22 0.553049620000
23 0.583543290000
24 0.632307220000
25 0.711020360000
26 0.779595880000
27 0.819775090000
28 0.861344670000
29 0.905094330000
30 0.927174510000
31 0.928876170000
32 0.928880920000
33 0.906461080000
34 0.867429030000
35 0.832233350000
36 0.799259220000
37 0.767957620000
38 0.737905320000
39 0.708770870000
40 0.680248370000
41 0.592166620000
42 0.594244220000
43 0.652558440000
44 0.676684920000
45 0.670245420000
46 0.737142260000
47 0.768843920000
48 0.802854560000
49 0.839972890000
50 0.881345530000
51 0.915985040000
52 0.872957170000
53 0.828385260000
54 0.782112440000
55 0.729967250000
56 0.584183080000
57 0.693716130000
58 0.648582500000
59 0.601007440000
60 0.560248490000
61 0.515657630000
62 0.468787910000
63 0.421913530000
64 0.361826340000
65 0.329845630000
66 0.282971800000
67 0.236118220000
68 0.189242300000
69 0.142365330000
70 0.095477720000
71 0.048352690000
72 0.002050160000
73 -0.042644970000
74 -0.085866280000
75 -0.127585500000
76 -0.167628850000
77 -0.205714820000
78 -0.257744890000
79 -0.301687400000
80 -0.345674460000
81 -0.389733610000
82 -0.433809890000
83 -0.477790040000
84 -0.521513600000
85 -0.494731870000
86 -0.449543820000
87 -0.404178860000
88 -0.358531990000
89 -0.318591270000
90 -0.271708780000
91 -0.224720720000
92 -0.173773810000
93 -0.126457580000
94 -0.082314370000
95 -0.040343430000

[splus]
1 0.011552450000
2 0.011552450000
3 0.038100370000
4 0.072834310000
5 0.108953320000
6 0.145248540000
7 0.181566350000
8 0.217899830000
9 0.254200320000
10 0.290525260000
11 0.326828520000
12 0.363106870000
13 0.399483690000
14 0.436881550000
15 0.473456360000
16 0.510155550000
17 0.547327400000
18 0.585659170000
19 0.626281940000
20 0.652826500000
21 0.581694120000
22 0.553049620000
23 0.583543290000
24 0.632307220000
25 0.711020360000
26 0.779595880000
27 0.819775090000
28 0.861344670000
29 0.905094330000
30 0.927174510000
31 0.928876170000
32 0.928880920000
33 0.906461080000
34 0.867429030000
35 0.832233350000
36 0.799259220000
37 0.767957620000
38 0.737905320000
39 0.708770870000
40 0.680248370000
41 0.592166620000
42 0.594244220000
43 0.652558440000
44 0.676684920000
45 0.670245420000
46 0.737142260000
47 0.768843920000
48 0.802854560000
49 0.839972890000
50 0.881345530000
51 0.915985040000
52 0.872957170000
53 0.828385260000
54 0.782112440000
55 0.729967250000
56 0.584183080000
57 0.693716130000
58 0.648582500000
59 0.601007440000
60 0.560248490000
61 0.515657630000
62 0.468787910000
63 0.421913530000
64 0.361826340000
65 0.329845630000
66 0.282971800000
67 0.236118230000
68 0.189242500000
69 0.142368580000
70 0.095531830000
71 0.049244400000
72 0.012609040000
73 0.001242600000
74 0.000096190000
75 0.000007890000
76 0.000000710000
77 0.000000070000
78 0.000000000000
79 0.000000000000
80 0.000000000000
81 0.000000000000
82 0.000000000000
83 0.000000000000
84 0.000000000000
85 0.000000000000
86 0.000000000000
87 0.000000000000
88 0.000000000000
89 0.000000000000
90 0.000000000000
91 0.000000020000
92 0.000000490000
93 0.000008440000
94 0.000118950000
95 0.001418970000

[sminus]
1 0.011552450000
2 0.011552450000
3 0.001786960000
4 0.000212190000
5 0.000024160000
6 0.000002740000
7 0.000000310000
8 0.000000030000
9 0.000000000000
10 0.000000000000
11 0.000000000000
12 0.000000000000
13 0.000000000000
14 0.000000000000
15 0.000000000000
16 0.000000000000
17 0.000000000000
18 0.000000000000
19 -0.000000000000
20 -0.000000000000
21 0.000000000000
22 0.000000000000
23 0.000000000000
24 -0.000000000000
25 -0.000000000000
26 0.000000000000
27 0.000000000000
28 0.000000000000
29 0.000000000000
30 -0.000000000000
31 0.000000000000
32 -0.000000000000
33 0.000000000000
34 0.000000000000
35 0.000000000000
36 0.000000000000
37 0.000000000000
38 0.000000000000
39 0.000000000000
40 0.000000000000
41 0.000000000000
42 0.000000000000
43 0.000000000000
44 0.000000000000
45 0.000000000000
46 -0.000000000000
47 0.000000000000
48 0.000000000000
49 -0.000000000000
50 -0.000000000000
51 0.000000000000
52 -0.000000000000
53 -0.000000000000
54 -0.000000000000
55 -0.000000000000
56 0.000000000000
57 -0.000000000000
58 -0.000000000000
59 0.000000000000
60 0.000000000000
61 0.000000000000
62 0.000000000000
63 0.000000000000
64 0.000000000000
65 0.000000000000
66 0.000000000000
67 0.000000010000
68 0.000000200000
69 0.000003250000
70 0.000054100000
71 0.000891700000
72 0.010558880000
73 0.043887570000
74 0.085962470000
75 0.127593400000
76 0.167629560000
77 0.205714890000
78 0.257744900000
79 0.301687400000
80 0.345674460000
81 0.389733610000
82 0.433809890000
83 0.477790040000
84 0.521513600000
85 0.494731870000
86 0.449543820000
87 0.404178860000
88 0.358531990000
89 0.318591270000
90 0.271708780000
91 0.224720740000
92 0.173774300000
93 0.126466020000
94 0.082433330000
95 0.041762400000

[k]
1 0.000000000000
2 0.000000000000
3 0.052178140000
4 0.104258890000
5 0.154836590000
6 0.181366660000
7 0.142804330000
8 0.107534350000
9 0.097418320000
10 0.050810630000
11 -0.000581380000
12 0.005157380000
13 0.005676440000
14 -0.005268630000
15 -0.060625610000
16 -0.117544100000
17 -0.177546190000
18 -0.242549750000
19 -0.315174730000
20 -0.399293910000
21 -0.316600330000
22 -0.255265340000
23 -0.206981530000
24 -0.186509420000
25 -0.184541470000
26 -0.190376120000
27 -0.133919230000
28 -0.079912810000
29 -0.027146600000
30 0.000021740000
31 -0.000098240000
32 -0.000105370000
33 0.025670380000
34 0.072441760000
35 0.117390560000
36 0.162269350000
37 0.207711010000
38 0.254307540000
39 0.302640330000
40 0.353274150000
41 0.406780920000
42 0.421056060000
43 0.406338470000
44 0.353472880000
45 0.302695380000
46 0.255522760000
47 0.206379300000
48 0.157228260000
49 0.107246550000
50 0.055379670000
51 0.000174570000
52 -0.059700870000
53 -0.121282760000
54 -0.186380140000
55 -0.165624600000
56 -0.103050670000
57 -0.052547390000
58 0.009453350000
59 0.071817260000
60 0.136271290000
61 0.205878310000
62 0.283358060000
63 0.372714780000
64 0.421137160000
65 0.421139370000
66 0.421139490000
67 0.421131800000
68 0.324023710000
69 0.241537200000
70 0.168494620000
71 0.101403540000
72 0.038020230000
73 -0.023425970000
74 -0.084881710000
75 -0.148211110000
76 -0.215413310000
77 -0.288875280000
78 -0.371711340000
79 -0.285101790000
80 -0.209730580000
81 -0.141672480000
82 -0.078135500000
83 -0.016957600000
84 0.043713990000
85 0.105657000000
86 0.171922480000
87 0.244092640000
88 0.325530320000
89 0.421133650000
90 0.421139390000
91 0.341896980000
92 0.257062280000
93 0.184166800000
94 0.118907070000
95 0.058242510000

[up]
1 0.011553560000
2 0.011553560000
3 0.040008860000
4 0.080124190000
5 0.125148490000
6 0.170538060000
7 0.206457680000
8 0.240394290000
9 0.277973550000
10 0.304696590000
11 0.327013610000
12 0.364904980000
13 0.401660970000
14 0.439091650000
15 0.501011830000
16 0.567722710000
17 0.640616280000
18 0.722028610000
19 0.815774660000
20 0.903069370000
21 0.758492100000
22 0.688577050000
23 0.699494680000
24 0.745521240000
25 0.836984600000
26 0.922075680000
27 0.925167430000
28 0.927423890000
29 0.928681910000
30 0.927265600000
31 0.929001180000
32 0.929010460000
33 0.928799680000
34 0.927753650000
35 0.926021870000
36 0.923766710000
37 0.921090360000
38 0.918054020000
39 0.914693430000
40 0.910949980000
41 0.823413420000
42 0.834445950000
43 0.907111660000
44 0.906307100000
45 0.865010410000
46 0.917964630000
47 0.921170470000
48 0.924036750000
49 0.926453760000
50 0.928201880000
51 0.916161950000
52 0.922988890000
53 0.924835390000
54 0.922051880000
55 0.846031790000
56 0.641975550000
57 0.728711050000
58 0.654468850000
59 0.642443690000
60 0.633540460000
61 0.617573850000
62 0.596309360000
63 0.572876810000
64 0.508109720000
65 0.463200180000
66 0.397375580000
67 0.331577650000
68 0.248108790000
69 0.175380400000
70 0.110984560000
71 0.054038210000
72 0.013069260000
73 0.001270540000
74 0.000104030000
75 0.000009010000
76 0.000000860000
77 0.000000090000
78 0.000000000000
79 0.000000000000
80 0.000000000000
81 0.000000000000
82 0.000000000000
83 0.000000000000
84 0.000000000000
85 0.000000000000
86 0.000000000000
87 0.000000000000
88 0.000000000000
89 0.000000000000
90 0.000000000000
91 0.000000030000
92 0.000000620000
93 0.000009940000
94 0.000132530000
95 0.001498310000

[down]
1 0.011553560000
2 0.011553560000
3 0.001876480000
4 0.000233420000
5 0.000027750000
6 0.000003210000
7 0.000000350000
8 0.000000040000
9 0.000000000000
10 0.000000000000
11 0.000000000000
12 0.000000000000
13 0.000000000000
14 0.000000000000
15 0.000000000000
16 0.000000000000
17 0.000000000000
18 0.000000000000
19 -0.000000000000
20 -0.000000000000
21 0.000000000000
22 0.000000000000
23 0.000000000000
24 -0.000000000000
25 -0.000000000000
26 0.000000000000
27 0.000000000000
28 0.000000000000
29 0.000000000000
30 -0.000000000000
31 0.000000000000
32 -0.000000000000
33 0.000000000000
34 0.000000000000
35 0.000000000000
36 0.000000000000
37 0.000000000000
38 0.000000000000
39 0.000000000000
40 0.000000000000
41 0.000000000000
42 0.000000000000
43 0.000000000000
44 0.000000000000
45 0.000000000000
46 -0.000000000000
47 0.000000000000
48 0.000000000000
49 -0.000000000000
50 -0.000000000000
51 0.000000000000
52 -0.000000000000
53 -0.000000000000
54 -0.000000000000
55 -0.000000000000
56 0.000000000000
57 -0.000000000000
58 -0.000000000000
59 0.000000000000
60 0.000000000000
61 0.000000000000
62 0.000000000000
63 0.000000000000
64 0.000000000000
65 0.000000000000
66 0.000000000000
67 0.000000020000
68 0.000000260000
69 0.000004010000
70 0.000062850000
71 0.000978510000
72 0.010944270000
73 0.044874560000
74 0.092967250000
75 0.145747730000
76 0.202294820000
77 0.262763810000
78 0.349719330000
79 0.384258560000
80 0.415273030000
81 0.442739570000
82 0.466350030000
83 0.485568260000
84 0.543399190000
85 0.544912900000
86 0.523739050000
87 0.498889670000
88 0.470576510000
89 0.447394000000
90 0.381558960000
91 0.298478830000
92 0.216658290000
93 0.148825230000
94 0.091843160000
95 0.044097460000

[left]
1 0.023104910000
2 0.023104910000
3 0.025497670000
4 0.036860690000
5 0.062707790000
6 0.091472870000
7 0.090688600000
8 0.083523470000
9 0.088043320000
10 0.057852970000
11 0.022900870000
12 0.025608670000
13 0.026270780000
14 0.021177650000
15 0.038231750000
16 0.067260660000
17 0.101828860000
18 0.143518280000
19 0.194926130000
20 0.253714550000
21 0.182641320000
22 0.142703470000
23 0.123759570000
24 0.121110590000
25 0.133449090000
26 0.149431330000
27 0.113541460000
28 0.075497820000
29 0.034405860000
30 0.023130110000
31 0.022992230000
32 0.022984140000
33 0.091014370000
34 0.224806980000
35 0.341386700000
36 0.447280550000
37 0.544961400000
38 0.636246680000
39 0.722496920000
40 0.804619050000
41 0.795884580000
42 0.826517390000
43 0.882940930000
44 0.800482210000
45 0.680067570000
46 0.638510880000
47 0.542223500000
48 0.435870200000
49 0.316035800000
50 0.177534650000
51 0.023307520000
52 0.059968520000
53 0.104888020000
54 0.146972990000
55 0.123869050000
56 0.067478680000
57 0.045418840000
58 0.034897370000
59 0.152284950000
60 0.258922280000
61 0.353165910000
62 0.435879240000
63 0.510196220000
64 0.490160150000
65 0.445638550000
66 0.381158390000
67 0.317625090000
68 0.198858880000
69 0.115790630000
70 0.060325970000
71 0.030860430000
72 0.023231100000
73 0.024229160000
74 0.035884030000
75 0.067714000000
76 0.118439870000
77 0.187453250000
78 0.295140290000
79 0.266146840000
80 0.226148030000
81 0.174987480000
82 0.111888410000
83 0.037637090000
84 0.038732870000
85 0.073043360000
86 0.100723660000
87 0.123142440000
88 0.140901540000
89 0.157568540000
90 0.133400840000
91 0.091561580000
92 0.056933480000
93 0.034730400000
94 0.022651990000
95 0.021414300000

[right]
1 0.023104910000
2 0.023104910000
3 0.021611450000
4 0.021206430000
5 0.027533480000
6 0.036057600000
7 0.035674120000
8 0.033380780000
9 0.034600630000
10 0.025727470000
11 0.023317830000
12 0.021465270000
13 0.021212240000
14 0.026355340000
15 0.103323670000
16 0.204347090000
17 0.325786630000
18 0.473621730000
19 0.657631990000
20 0.868220630000
21 0.610243250000
22 0.468466900000
23 0.404310160000
24 0.397913360000
25 0.446589630000
26 0.508717540000
27 0.381511010000
28 0.244940810000
29 0.095427200000
30 0.023079820000
31 0.023219950000
32 0.023228390000
33 0.033208310000
34 0.069929040000
35 0.102312350000
36 0.132039370000
37 0.159740270000
38 0.185883840000
39 0.210825420000
40 0.234804310000
41 0.235331910000
42 0.243997660000
43 0.257885720000
44 0.233759750000
45 0.200028150000
46 0.186535760000
47 0.158960110000
48 0.128821440000
49 0.095240670000
50 0.056895710000
51 0.022909540000
52 0.188564390000
53 0.350553710000
54 0.500036680000
55 0.413544750000
56 0.207329860000
57 0.132098830000
58 0.020456430000
59 0.051650930000
60 0.082477690000
61 0.110177620000
62 0.134956010000
63 0.157640870000
64 0.153112100000
65 0.140600750000
66 0.122261940000
67 0.103929330000
68 0.068517930000
69 0.043503770000
70 0.026883430000
71 0.020779170000
72 0.023067640000
73 0.022222770000
74 0.021394750000
75 0.030515070000
76 0.048128030000
77 0.072871590000
78 0.112903720000
79 0.104431560000
80 0.091434000000
81 0.073606250000
82 0.050397930000
83 0.023117140000
84 0.079089880000
85 0.166277280000
86 0.240321040000
87 0.303577430000
88 0.357023030000
89 0.408694180000
90 0.350257170000
91 0.238973220000
92 0.143778340000
93 0.080558200000
94 0.042126930000
95 0.026135700000
