  0.01155245
  0.01155245
  0.03810037
  0.07283431
  0.10895332
  0.14524854
  0.18156635
  0.21789983
  0.25420032
  0.29052526
  0.32682852
  0.36310687
  0.39948369
  0.43688155
  0.47345636
  0.51015555
  0.54732740
  0.58565917
  0.62628194
  0.65282650
  0.58169412
  0.55304962
  0.58354329
  0.63230722
  0.71102036
  0.77959588
  0.81977509
  0.86134467
  0.90509433
  0.92717451
  0.92887617
  0.92888092
  0.90646108
  0.86742903
  0.83223335
  0.79925922
  0.76795762
  0.73790532
  0.70877087
  0.68024837
  0.59216662
  0.59424422
  0.65255844
  0.67668492
  0.67024542
  0.73714226
  0.76884392
  0.80285456
  0.83997289
  0.88134553
  0.91598504
  0.87295717
  0.82838526
  0.78211244
  0.72996725
  0.58418308
  0.69371613
  0.64858250
  0.60100744
  0.56024849
  0.51565763
  0.46878791
  0.42191353
  0.36182634
  0.32984563
  0.28297180
  0.23611823
  0.18924250
  0.14236858
  0.09553183
  0.04924440
  0.01260904
  0.00124260
  0.00009619
  0.00000789
  0.00000071
  0.00000007
  0.00000000
  0.00000000
  0.00000000
  0.00000000
  0.00000000
  0.00000000
  0.00000000
  0.00000000
  0.00000000
  0.00000000
  0.00000000
  0.00000000
  0.00000000
  0.00000002
  0.00000049
  0.00000844
  0.00011895
  0.00141897
