  0.00000000
  0.47253713
  0.46170660
  0.43056234
  0.21663902
 -0.31708795
 -0.30157246
 -0.08822785
 -0.41423884
 -0.46550385
  0.05215821
  0.00471769
 -0.09946895
 -0.49919543
 -0.49960583
 -0.49976336
 -0.49983357
 -0.49985733
 -0.49980446
  0.49873899
  0.49906865
  0.47172055
  0.20692397
  0.01933816
 -0.05278874
  0.49953494
  0.49948270
  0.49889716
  0.25663085
 -0.00114852
 -0.00007053
  0.26315910
  0.49973751
  0.49987629
  0.49991573
  0.49992965
  0.49992924
  0.49990495
  0.49954871
  0.49869738
  0.14304047
 -0.14570772
 -0.49991748
 -0.49992742
 -0.49991720
 -0.49994528
 -0.49995617
 -0.49995898
 -0.49995848
 -0.49995653
 -0.49995519
 -0.49994295
 -0.49990554
  0.15613378
  0.49989337
  0.49832180
  0.49996894
  0.49998265
  0.49998693
  0.49998845
  0.49998586
  0.49997617
  0.23771378
  0.00001069
  0.00000058
 -0.00003601
 -0.49996113
 -0.49998245
 -0.49998729
 -0.49998917
 -0.49998983
 -0.49998973
 -0.49998901
 -0.49998740
 -0.49998410
 -0.49997597
 -0.49993617
  0.49994352
  0.49997861
  0.49998588
  0.49998887
  0.49999032
  0.49999094
  0.49999084
  0.49999010
  0.49998800
  0.49998271
  0.49995843
  0.00002689
 -0.40101782
 -0.49997178
 -0.49998324
 -0.49998674
 -0.49998819
 -0.49998870
  0.00000000
