  4.00000000
  4.00000000
  4.00000000
  4.03631341
  4.10893540
  4.21785968
  4.36305513
  4.54436933
  4.76159632
  5.01447452
  5.30266738
  5.62622662
  5.98571105
  6.38110329
  6.81336784
  7.28197745
  7.78879217
  8.33530573
  8.92043267
  9.53606389
 10.14181688
 10.60743588
 10.98193506
 11.31273342
 11.60580135
 11.85893410
 12.03877814
 12.10785979
 12.08597144
 12.00079521
 11.89088988
 11.78080143
 11.67062826
 11.56302617
 11.48012514
 11.45276710
 11.50453672
 11.65297402
 11.90878871
 12.27421459
 12.74096705
 13.23813444
 13.79965345
 14.44995425
 15.11546857
 15.72714950
 16.32536576
 16.85415578
 17.30731138
 17.69035117
 18.02006372
 18.32088170
 18.60743708
 18.91975382
 19.28579483
 19.71750955
 20.11729655
 20.62161521
 21.10904019
 21.55827195
 21.96058875
 22.30243485
 22.57426967
 22.77124211
 22.88796818
 22.94575396
 22.95627474
 22.93693887
 22.90279468
 22.86857553
 22.84245365
 22.82847833
 22.82787615
 22.84040498
 22.86571395
 22.90420718
 22.95779457
 23.03055130
 23.13586733
 23.28491356
 23.48087822
 23.72449555
 24.01393796
 24.34460224
 24.70856442
 25.04566898
 25.33437331
 25.56924811
 25.74784410
 25.87329574
 25.94591557
 25.98085939
 25.99462541
 25.99900381
 25.99993733
 26.00000000
