  0.00000000
  0.74999955
  0.74999954
  0.74999953
  0.74999951
  0.74999949
  0.74999948
  0.74999946
  0.74999944
  0.74999942
  0.74999939
  0.74999937
  0.74999934
  0.74999931
  0.74999928
  0.74999924
  0.74999921
  0.74999916
  0.74999911
  0.74999906
  0.74999900
  0.74999893
  0.74999885
  0.74999876
  0.74999865
  0.74999853
  0.74999837
  0.74999818
  0.74999795
  0.74999764
  0.74999722
  0.74999662
  0.74999574
  0.74999419
  0.74999105
  0.74998419
  0.74996331
  0.04265616
 -0.00000143
  0.00000075
 -0.00000468
 -0.00001492
 -0.00001029
  0.00000685
 -0.00000341
 -0.00001165
 -0.00001325
 -0.00001430
 -0.00001372
 -0.00045487
  0.00120827
  0.00011310
  0.00008682
  0.00006904
  0.00005611
  0.00004632
  0.00003875
  0.00003408
 -0.00002891
 -0.00002948
 -0.00002893
 -0.00002806
 -0.00002681
 -0.00002462
  0.00023147
 -0.00001206
 -0.00000883
 -0.00000491
 -0.00000055
  0.00000404
  0.00000866
  0.00001305
  0.00001697
  0.00002022
  0.00002266
  0.00002424
  0.00002497
  0.00002493
  0.00000502
 -0.00015024
 -0.00016455
 -0.00012774
  0.00000377
  0.00010319
  0.00016497
  0.00017499
 -0.00001071
 -0.00001533
 -0.00001062
 -0.00000981
 -0.00024662
 -0.00034984
  0.00114817
 -0.25198664
 -0.74991068
 -0.74995634
 -0.74997146
 -0.74997896
 -0.74998342
 -0.74998648
 -0.74998851
 -0.74999002
 -0.74999117
 -0.74999209
 -0.74999283
 -0.74999345
 -0.74999397
 -0.74999441
 -0.74999479
 -0.74999513
 -0.74999543
 -0.74999570
 -0.74999593
 -0.74999613
 -0.74999630
 -0.74999646
 -0.74999618
 -0.74999631
 -0.74999643
 -0.74999803
 -0.74999814
 -0.74999825
 -0.74999836
 -0.74999847
 -0.74999857
 -0.74999871
 -0.74999891
 -0.74999910
 -0.74999918
 -0.74999925
 -0.74999931
 -0.74999936
 -0.74999940
 -0.74999944
 -0.74999947
 -0.74999950
 -0.74999954
 -0.74999955
 -0.74999955
 -0.74999955
 -0.74999955
 -0.74999954
 -0.74999953
 -0.74999963
 -0.74999961
 -0.74999958
 -0.74999954
 -0.74999947
 -0.74999936
 -0.74999922
 -0.74999896
 -0.74999841
 -0.74999664
  0.74997106
  0.74999701
  0.74999828
  0.74999872
  0.74999892
  0.74999902
  0.74999715
  0.74999719
  0.74999723
  0.74999727
  0.74999807
  0.74999813
  0.74999822
  0.74999831
  0.74999841
  0.74999851
  0.74999868
  0.74999873
  0.74999877
  0.74999880
  0.74999881
  0.00000000
