  0.00000000
  0.00000000
 -0.00719832
 -0.00296210
 -0.00216593
 -0.00197068
 -0.00190401
 -0.00198344
 -0.00242290
 -0.00287393
  0.03809672
  0.02010768
  0.02968021
  0.07253966
  0.04646985
 -0.00008448
 -0.00006225
 -0.00004115
 -0.00002938
 -0.00002209
 -0.00001722
 -0.00001378
 -0.00001126
 -0.00000936
 -0.00000788
 -0.00000672
 -0.00000578
 -0.00000501
 -0.00000438
 -0.00000386
 -0.00000341
 -0.00000303
 -0.02086258
 -0.06838990
 -0.11721430
 -0.16594271
 -0.21393391
 -0.26197210
 -0.31071403
 -0.36183558
 -0.41604659
 -0.39832136
 -0.34725229
 -0.30308276
 -0.26164927
 -0.21842272
 -0.17449385
 -0.13124965
 -0.08815873
 -0.04463558
  0.00000006
  0.00000041
 -0.01352447
 -0.02706849
 -0.04065114
 -0.05429218
 -0.06801183
 -0.08183085
 -0.09577016
 -0.08208498
 -0.06822011
 -0.05445589
 -0.04077211
 -0.02714841
 -0.01356457
 -0.00000045
  0.01933889
  0.03873637
  0.05825124
  0.07794443
  0.09787936
  0.11812265
  0.13874494
  0.15982170
  0.18143413
  0.20366990
  0.22662399
  0.25039966
  0.27510882
  0.30087241
  0.32702284
  0.34878426
  0.36813189
  0.35245462
  0.33487382
  0.31641962
  0.29609890
  0.27249003
  0.24951816
  0.22733904
  0.20584957
  0.18505778
  0.16847338
  0.15479769
  0.12556505
  0.09673091
  0.06841639
  0.04047297
  0.01274935
  0.00000516
  0.00000596
  0.00000700
  0.00000837
  0.00001028
  0.00001312
  0.02150187
  0.04957183
  0.07795679
  0.10684457
  0.13644022
  0.16696880
  0.14411845
  0.11416610
  0.08496533
  0.05632567
  0.02806324
 -0.00000094
 -0.00000403
 -0.00000373
 -0.00000013
  0.04311342
  0.08693501
  0.13214781
  0.17952678
  0.22999311
  0.28468989
  0.34648321
  0.42114358
  0.42114379
  0.42114378
  0.42114376
  0.42114373
  0.42114369
  0.42114363
  0.42114354
  0.42114341
  0.41124702
  0.33217889
  0.26424299
  0.20389519
  0.14878808
  0.09724855
  0.04800016
  0.00000014
 -0.06282676
 -0.12766917
 -0.19680954
 -0.27311981
 -0.35965288
 -0.42114389
 -0.42114392
 -0.42114394
 -0.42114397
 -0.42114400
 -0.36073964
 -0.27314941
 -0.19681197
 -0.12767005
 -0.06282706
  0.00000006
  0.00000160
  0.00000167
  0.00000174
  0.00000026
 -0.02932616
 -0.05902255
 -0.08930516
 -0.12041204
 -0.15261159
 -0.16145535
 -0.12705172
 -0.09403480
 -0.06205097
 -0.03079599
