  0.00000000
  0.00000000
 -0.01440747
 -0.00592849
 -0.00433264
 -0.00394175
 -0.00380833
 -0.00396721
 -0.00484635
 -0.00574797
  0.07604803
  0.04024695
  0.05932147
  0.14409696
  0.09267388
 -0.00016895
 -0.00012451
 -0.00008230
 -0.00005876
 -0.00004418
 -0.00003443
 -0.00002756
 -0.00002252
 -0.00001872
 -0.00001577
 -0.00001343
 -0.00001156
 -0.00001003
 -0.00000877
 -0.00000771
 -0.00000682
 -0.00000606
 -0.04170097
 -0.13593626
 -0.23027040
 -0.32044688
 -0.40429720
 -0.48261896
 -0.55602660
 -0.62643663
 -0.69400594
 -0.67269047
 -0.60702824
 -0.54494064
 -0.48211225
 -0.41186091
 -0.33577271
 -0.25670767
 -0.17452370
 -0.08903514
  0.00000013
  0.00000081
 -0.02704234
 -0.05408419
 -0.08112385
 -0.10816059
 -0.13519394
 -0.16222352
 -0.18924818
 -0.16271847
 -0.13560289
 -0.10848418
 -0.08136420
 -0.05424355
 -0.02712248
 -0.00000091
  0.03865851
  0.07731830
  0.11597964
  0.15464419
  0.19331410
  0.23199176
  0.27067956
  0.30937944
  0.34809243
  0.38681773
  0.42555166
  0.46428686
  0.50301029
  0.54170147
  0.57921404
  0.60909223
  0.63465181
  0.61401318
  0.59013256
  0.56421668
  0.53466285
  0.49898096
  0.46287638
  0.42673741
  0.39055098
  0.35448156
  0.32499910
  0.30023649
  0.24604201
  0.19110101
  0.13598827
  0.08076983
  0.02549318
  0.00001033
  0.00001193
  0.00001399
  0.00001674
  0.00002057
  0.00002624
  0.04297727
  0.09882072
  0.15466833
  0.21052289
  0.26639461
  0.32229431
  0.28063033
  0.22448381
  0.16832277
  0.11217841
  0.05606765
 -0.00000189
 -0.00000806
 -0.00000746
 -0.00000025
  0.08601409
  0.17214906
  0.25838746
  0.34471748
  0.43112736
  0.51760028
  0.60598983
  0.69999929
  0.69999953
  0.69999952
  0.69999950
  0.69999946
  0.69999941
  0.69999934
  0.69999924
  0.69999908
  0.68830712
  0.58640244
  0.48617585
  0.38720414
  0.28923161
  0.19209876
  0.09570703
  0.00000028
 -0.12499841
 -0.24999663
 -0.37499351
 -0.49995158
 -0.62356569
 -0.69999965
 -0.69999968
 -0.69999971
 -0.69999974
 -0.69999978
 -0.62499660
 -0.49999718
 -0.37499771
 -0.24999830
 -0.12499900
  0.00000012
  0.00000320
  0.00000333
  0.00000349
  0.00000052
 -0.05858520
 -0.11750133
 -0.17674655
 -0.23632404
 -0.29624179
 -0.31234104
 -0.24883697
 -0.18589815
 -0.12347065
 -0.06151427
  0.00000000
