  0.00000000
  0.00000000
  0.02623115
  0.05225049
  0.07831605
  0.10440189
  0.13049404
  0.15660475
  0.18278241
  0.20898512
  0.24303881
  0.26554696
  0.29473910
  0.33440003
  0.35386323
  0.36462288
  0.39064901
  0.41667454
  0.44270296
  0.46873278
  0.49476338
  0.52079444
  0.54682579
  0.57285733
  0.59888902
  0.62492078
  0.65095260
  0.67698446
  0.70301632
  0.72904818
  0.75508000
  0.78111194
  0.83289909
  0.89947543
  0.92603899
  0.92357697
  0.92071307
  0.91754581
  0.91412894
  0.91041312
  0.90640156
  0.90771570
  0.82785609
  0.81109059
  0.87897355
  0.92042794
  0.92309465
  0.92538971
  0.92723451
  0.92850171
  0.16267028
  0.27043324
  0.27393252
  0.27742778
  0.28092576
  0.28443465
  0.28796324
  0.29152092
  0.29584896
  0.29257058
  0.28897052
  0.28539262
  0.28183303
  0.27828795
  0.27475474
  0.38659487
  0.39377553
  0.40099050
  0.40826735
  0.41563456
  0.42311999
  0.43074935
  0.43854574
  0.44652758
  0.45470468
  0.46307487
  0.47162659
  0.48032312
  0.48910316
  0.48348720
  0.39260190
  0.34122363
  0.31277457
  0.31965520
  0.34249390
  0.38532433
  0.45825430
  0.45549773
  0.44796058
  0.44084339
  0.43197637
  0.34720465
  0.28767879
  0.62248807
  0.61228370
  0.58910269
  0.56583093
  0.54267995
  0.51980044
  0.50874131
  0.49940034
  0.49006012
  0.48072034
  0.47138092
  0.46204422
  0.46258320
  0.46496594
  0.46704444
  0.46892182
  0.47068787
  0.47242419
  0.45435019
  0.43244395
  0.41114808
  0.39048823
  0.37046128
  0.31483535
  0.30726012
  0.29968489
  0.50002424
  0.49830355
  0.49491170
  0.49011695
  0.48413524
  0.47714461
  0.47950205
  0.50053419
  0.52662868
  0.48113570
  0.43630714
  0.39229574
  0.34910950
  0.30667336
  0.26487309
  0.22358439
  0.18268926
  0.14703903
  0.09633452
  0.05311596
  0.01536605
 -0.00000000
  0.00000000
  0.00000000
 -0.00000000
  0.00000000
  0.00000000
  0.00000000
  0.00000000
  0.00000000
  0.00000000
  0.00000000
  0.00000000
  0.00000000
  0.00000000
  0.00000000
  0.00000000
  0.00000000
  0.00000000
  0.00000000
  0.00000000
  0.00000000
  0.00000000
  0.00000000
  0.00000000
  0.00000000
  0.00000000
  0.00000000
  0.00000000
  0.00000000
  0.00000000
  0.00000000
  0.00000000
  0.00000000
  0.00000000
