  0.00000000
  0.00000000
  0.13977968
  0.27955920
  0.41933900
  0.55911881
  0.69889861
  0.83867840
  0.97845816
  1.11823786
  1.25801802
  1.39779958
  1.53758238
  1.67736681
  1.81715238
  1.95696627
  2.09669515
  2.23642407
  2.37615303
  2.51588202
  2.65561102
  2.79534004
  2.93506905
  3.07479806
  3.21452705
  3.35425602
  3.49398496
  3.63371386
  3.77344271
  3.91317150
  4.05290021
  4.19262880
  4.33235727
  4.47371345
  4.61521549
  4.75047983
  4.87625358
  4.99373125
  4.99999386
  4.99999366
  4.99999376
  4.99999316
  4.99999120
  4.99998992
  4.99999078
  4.99999030
  4.99998853
  4.99998643
  4.99998408
  4.99998174
  4.99990074
  4.99994005
  4.99994615
  4.99995086
  4.99995460
  4.99995763
  4.99996014
  4.99996223
  4.99996407
  4.99996250
  4.99996091
  4.99995934
  4.99995782
  4.99995636
  4.99995502
  4.99996758
  4.99996665
  4.99996596
  4.99996558
  4.99996554
  4.99996585
  4.99996652
  4.99996753
  4.99996885
  4.99997041
  4.99997217
  4.99997405
  4.99997598
  4.99997791
  4.99997830
  4.99996703
  4.99995719
  4.99995066
  4.99995084
  4.99995577
  4.99996432
  4.99997465
  4.99997388
  4.99997278
  4.99997201
  4.99997130
  4.99995348
  4.99993282
  4.99998969
  4.97267675
  4.89027362
  4.80760730
  4.72477957
  4.64186006
  4.55889159
  4.47519862
  4.39150571
  4.30781284
  4.22411999
  4.14042718
  4.05673401
  3.97294300
  3.88915619
  3.80536128
  3.72153961
  3.63766840
  3.55372220
  3.46948794
  3.38524042
  3.30102057
  3.21685232
  3.13274660
  3.05737341
  2.98200052
  2.90662770
  2.77760631
  2.64840392
  2.51904636
  2.38955131
  2.25993638
  2.13022679
  1.99764203
  1.85662579
  1.70513660
  1.55443776
  1.40453124
  1.25536046
  1.10683708
  0.95886015
  0.81132882
  0.66414966
  0.51724051
  0.36438185
  0.21404098
  0.06558261
 -0.08137696
 -0.22707705
 -0.37166560
 -0.51522703
 -0.70272517
 -0.89022264
 -1.07771812
 -1.26515550
 -1.45057720
 -1.63296853
 -1.82046621
 -2.00796400
 -2.19546194
 -2.38295975
 -2.19546781
 -2.00796903
 -1.82047005
 -1.63297110
 -1.44547231
 -1.25797377
 -1.19430567
 -1.13063797
 -1.06697031
 -1.00330267
 -0.91542382
 -0.82704920
 -0.73818069
 -0.64881323
 -0.55893380
 -0.46851982
 -0.37326057
 -0.27885061
 -0.18520808
 -0.09227242
  0.00000000
