  0.00000000
 -0.07730449
  0.04549487
  0.00856289
  0.00209744
  0.00071586
 -0.00085246
 -0.00471713
 -0.00483762
  0.43888169
 -0.19209615
  0.10234465
  0.45485792
 -0.27590389
 -0.49803403
  0.00023857
  0.00022657
  0.00012636
  0.00007827
  0.00005231
  0.00003687
  0.00002704
  0.00002044
  0.00001584
  0.00001252
  0.00001006
  0.00000821
  0.00000678
  0.00000567
  0.00000478
  0.00000408
 -0.22379866
 -0.49998566
 -0.49999319
 -0.49999544
 -0.49999635
 -0.49999673
 -0.49999672
 -0.49999621
 -0.49999397
  0.16454589
  0.49999457
  0.49999700
  0.49999805
  0.49999875
  0.49999915
  0.49999934
  0.49999946
  0.49999954
  0.49999960
  0.00002105
 -0.49999097
 -0.49998912
 -0.49998651
 -0.49998255
 -0.49997589
 -0.49996235
 -0.49991997
  0.48958183
  0.49991530
  0.49995618
  0.49996943
  0.49997594
  0.49997978
  0.49998225
  0.49999614
  0.49999627
  0.49999635
  0.49999639
  0.49999640
  0.49999637
  0.49999629
  0.49999617
  0.49999597
  0.49999568
  0.49999525
  0.49999458
  0.49999347
  0.49999137
  0.49998628
  0.49997159
  0.49992831
 -0.44652312
 -0.49992075
 -0.49996490
 -0.49998038
 -0.49998878
 -0.49999108
 -0.49999222
 -0.49999285
 -0.49999315
 -0.49999124
 -0.49998803
 -0.49999324
 -0.49999127
 -0.49998775
 -0.49998055
 -0.49995862
 -0.23034911
  0.00001437
  0.00001847
  0.00002462
  0.00003430
  0.00005086
  0.38489358
  0.49984144
  0.49990415
  0.49991829
  0.49991250
  0.49986759
 -0.37223595
 -0.49991118
 -0.49996193
 -0.49997772
 -0.49998507
 -0.49998918
 -0.00006140
  0.00000592
  0.00007173
  0.49999914
  0.49999906
  0.49999896
  0.49999881
  0.49999859
  0.49999824
  0.49999750
  0.49999201
  0.00000117
 -0.00000004
 -0.00000010
 -0.00000017
 -0.00000025
 -0.00000036
 -0.00000053
 -0.00000079
 -0.05968970
 -0.49999438
 -0.49999643
 -0.49999698
 -0.49999708
 -0.49999690
 -0.49999638
 -0.49999515
 -0.49999946
 -0.49999939
 -0.49999926
 -0.49999900
 -0.49999817
 -0.31429907
 -0.00000012
 -0.00000012
 -0.00000013
 -0.00000014
  0.30001403
  0.49999895
  0.49999944
  0.49999960
  0.49999968
  0.49999973
  0.00003626
  0.00000158
  0.00000182
 -0.00003499
 -0.49999719
 -0.49999635
 -0.49999493
 -0.49999206
 -0.49998336
 -0.13354580
  0.49998254
  0.49999003
  0.49999235
  0.49999333
  0.49999370
  0.00000000
