 26.64425428
 26.64425428
 26.64425428
 26.64412402
 26.64385375
 26.64343627
 26.64286199
 26.64211740
 26.64118512
 26.64004093
 26.63864118
 26.63692600
 26.63734724
 26.63931184
 26.64411404
 26.65699675
 26.67659544
 26.69758148
 26.71995598
 26.74372083
 26.76887709
 26.79542538
 26.82336612
 26.85269961
 26.88342604
 26.91554558
 26.94905834
 26.98396442
 27.02026389
 27.05795681
 27.09704323
 27.13752320
 27.17939674
 27.22316799
 27.25405018
 27.23646402
 27.14212538
 26.95248551
 26.65734736
 26.25608346
 25.75968045
 25.19162443
 24.55253946
 23.93193781
 23.32248703
 22.68566344
 22.06626859
 21.50747594
 21.01212013
 20.57327871
 20.17505991
 20.10814185
 19.99689315
 19.88564919
 19.77531572
 19.66680284
 19.56103013
 19.45893171
 19.36146125
 19.26936878
 19.18383612
 19.10405065
 19.02907286
 18.95795180
 18.88972870
 18.82343938
 18.73033193
 18.63722371
 18.54130903
 18.43978797
 18.32987544
 18.20881543
 18.07390345
 17.92252057
 17.75218343
 17.56061559
 17.34584521
 17.10633116
 16.84112976
 16.55009768
 16.24326216
 15.98105978
 15.74584863
 15.52599250
 15.29334105
 15.03684832
 14.74178374
 14.38519401
 14.02777643
 13.67677228
 13.33449301
 13.00409422
 12.74355046
 12.53136242
 12.07903180
 11.64979700
 11.25021716
 10.87574197
 10.52100707
 10.18034124
  9.84534363
  9.51649814
  9.19380442
  8.87726239
  8.56687214
  8.26263233
  7.96419616
  7.67520812
  7.39961168
  7.14115803
  6.90352287
  6.69038039
  6.50502613
  6.34417930
  6.20284627
  6.07629137
  5.96015577
  5.86182212
  5.76585467
  5.67225284
  5.51607711
  5.36662445
  5.23293428
  5.12225048
  5.04027442
  4.99127543
  4.97779510
  5.00459195
  5.07966273
  5.20019027
  5.35017149
  5.51579132
  5.68565853
  5.85072382
  6.00402959
  6.14038971
  6.25605787
  6.35228994
  6.42019606
  6.45995225
  6.47205963
  6.45715134
  6.41590247
  6.34897052
  6.22793808
  6.06286089
  5.85291321
  5.59639005
  5.29385769
  4.94625669
  4.53842196
  4.08700443
  3.61037003
  3.13696889
  2.70586677
  2.41516500
  2.23824213
  2.13756316
  2.08322915
  2.05385761
  2.04759626
  2.04165185
  2.03602433
  2.03071368
  2.02382092
  2.01749641
  2.01206002
  2.00768861
  2.00443455
  2.00224500
  2.00092297
  2.00033050
  2.00009931
  2.00002205
  2.00000000
