  0.00000000
  0.74999911
  0.74999909
  0.74999905
  0.74999900
  0.74999894
  0.74999886
  0.74999879
  0.74999870
  0.74999861
  0.74999851
  0.74999841
  0.74999830
  0.74999782
  0.74999769
  0.74999756
  0.74999737
  0.74999718
  0.74999692
  0.74999664
  0.74999633
  0.74999597
  0.74999535
  0.74999497
  0.74999433
  0.74999353
  0.74999241
  0.74999036
  0.74998816
  0.74998541
  0.74997957
  0.74997337
  0.74996553
  0.74992369
  0.11267530
 -0.00001174
 -0.00000000
 -0.00000000
 -0.00000000
  0.00000587
  0.00000292
  0.00000231
  0.00000224
 -0.00000127
 -0.00000629
 -0.00000000
  0.00000192
  0.00000096
  0.00000092
 -0.00000335
 -0.00000462
  0.00001244
 -0.00001485
 -0.00002875
 -0.00000895
  0.00000439
  0.00001319
  0.00002823
  0.00000678
  0.00000124
  0.00000093
  0.00000061
  0.00000038
  0.00000027
  0.00000042
 -0.00000115
  0.00000000
 -0.00000031
 -0.00000075
 -0.00000055
  0.00000003
  0.00000109
 -0.00000189
 -0.00000607
 -0.37082781
 -0.74981948
 -0.74988209
 -0.74991535
 -0.74994573
 -0.74996944
 -0.74997652
 -0.74998102
 -0.74998419
 -0.74998643
 -0.74999300
 -0.74999406
 -0.74999499
 -0.74999577
 -0.74999497
 -0.74999533
 -0.74999647
 -0.74999739
 -0.74999762
 -0.74999780
 -0.74999795
 -0.74999809
 -0.74999820
 -0.74999842
 -0.74999859
 -0.74999873
 -0.74999868
 -0.74999889
 -0.74999896
 -0.74999902
 -0.74999908
 -0.74999916
 -0.74999915
 -0.74999913
 -0.74999910
 -0.74999905
 -0.74999898
 -0.74999893
 -0.74999884
 -0.74999872
 -0.74999858
 -0.74999841
 -0.74999830
 -0.74999795
 -0.74999732
 -0.74999603
 -0.74999191
 -0.03942169
  0.74999173
  0.74999583
  0.74999720
  0.74999790
  0.74999832
  0.74999860
  0.74999880
  0.74999895
  0.74999907
  0.74999916
  0.74999924
  0.74999930
  0.74999935
  0.00000000
