task_id 13

[x]
1 22.000000000000
2 22.000000000000
3 22.000000000000
4 21.958004270000
5 21.874815510000
6 21.751342230000
7 21.588767670000
8 21.388899230000
9 21.147480740000
10 20.871871840000
11 20.566228520000
12 20.233965860000
13 19.877038360000
14 19.495132420000
15 19.157360380000
16 18.796566050000
17 18.414307310000
18 18.018271010000
19 17.599666420000
20 17.155619570000
21 16.682681640000
22 16.180652710000
23 15.647905840000
24 15.112596710000
25 14.524225010000
26 13.888202410000
27 13.196806780000
28 12.457871280000
29 11.742020740000
30 11.040236520000
31 10.357982790000
32 9.802072810000
33 9.302367030000
34 8.725015600000
35 8.175350800000
36 7.735198790000
37 7.291799350000
38 6.892753690000
39 6.493708510000
40 6.094663550000
41 5.695618620000
42 5.272689910000
43 4.849813140000
44 4.444695790000
45 4.067586510000
46 3.730816420000
47 3.432043060000
48 3.133269330000
49 2.828373100000
50 2.523487930000
51 2.237503260000
52 1.994836380000
53 1.811711690000
54 1.693989310000
55 1.683720500000
56 1.774205470000
57 1.931489060000
58 2.149044610000
59 2.434032780000
60 2.824168710000
61 3.314345610000
62 3.871099770000
63 4.472583260000
64 5.101027330000
65 5.742173640000
66 6.383742190000
67 7.016658400000
68 7.631686320000
69 8.246724740000
70 8.863174030000
71 9.488730170000
72 10.135466310000
73 10.813564020000
74 11.529488480000
75 12.264153010000
76 12.986166930000
77 13.567566610000
78 14.049326410000
79 14.498492880000
80 14.979524920000
81 15.544244700000
82 16.071056400000
83 16.567942030000
84 17.044683100000
85 17.509374970000
86 18.226073590000
87 18.898265980000
88 19.561755490000
89 20.233210410000
90 20.764489370000
91 21.302028110000
92 21.937028450000
93 22.670042340000
94 23.359087150000
95 24.002038130000
96 24.598969630000
97 25.148663310000
98 25.642682180000
99 26.096240190000
100 26.483137200000
101 26.795704300000
102 27.011977820000
103 27.192913490000
104 27.320403780000
105 27.406678830000
106 27.462184420000
107 27.496478380000
108 27.512827430000
109 27.516734560000
110 27.510057230000
111 27.493050920000
112 27.465496960000
113 27.425668180000
114 27.374722340000
115 27.312659410000
116 27.239479350000
117 27.155182110000
118 27.052141030000
119 26.936134640000
120 26.819013500000
121 26.719897890000
122 26.667679910000
123 26.703825250000
124 26.812342740000
125 26.955227440000
126 27.103743260000
127 27.238757480000
128 27.360267890000
129 27.467125910000
130 27.552274590000
131 27.613090560000
132 27.650461090000
133 27.668021820000
134 27.674008740000
135 27.675406760000
136 27.675544790000

[y]
1 22.935835350000
2 22.935835350000
3 22.935835350000
4 22.936812000000
5 22.938955120000
6 22.943376320000
7 22.952916220000
8 22.972970060000
9 23.013572110000
10 23.089766330000
11 23.206347210000
12 23.365661590000
13 23.567488090000
14 23.808833520000
15 24.035084310000
16 24.276756050000
17 24.544635000000
18 24.835871810000
19 25.143698630000
20 25.453281400000
21 25.762530330000
22 26.074119380000
23 26.388256420000
24 26.685616190000
25 26.974894680000
26 27.223396730000
27 27.401567460000
28 27.496016380000
29 27.464536870000
30 27.284351000000
31 26.953652500000
32 26.556721900000
33 26.102536520000
34 25.476372620000
35 24.777437410000
36 24.168021560000
37 23.554109910000
38 22.966916890000
39 22.379727500000
40 21.792541750000
41 21.205359750000
42 20.583038010000
43 19.960794820000
44 19.326731660000
45 18.654935090000
46 17.960686420000
47 17.294908320000
48 16.629134030000
49 15.949735740000
50 15.270370410000
51 14.582609550000
52 13.892665360000
53 13.197894890000
54 12.442719790000
55 11.740030240000
56 11.122662360000
57 10.536917370000
58 9.962058390000
59 9.387192270000
60 8.781126780000
61 8.215837190000
62 7.708520300000
63 7.250312600000
64 6.827469430000
65 6.423307230000
66 6.019841440000
67 5.596937300000
68 5.159677410000
69 4.722425190000
70 4.284190620000
71 3.858671310000
72 3.464118620000
73 3.120787880000
74 2.852341290000
75 2.691232180000
76 2.661214380000
77 2.755167460000
78 2.903023900000
79 3.091712780000
80 3.342119810000
81 3.693332910000
82 4.077214850000
83 4.476840120000
84 4.878861970000
85 5.270800850000
86 5.875295110000
87 6.442249800000
88 6.946475000000
89 7.361150210000
90 7.594524610000
91 7.745421020000
92 7.852503040000
93 7.907338100000
94 7.913500720000
95 7.907286070000
96 7.914766410000
97 7.953558900000
98 8.033287060000
99 8.162126670000
100 8.336673410000
101 8.548841540000
102 8.752533110000
103 8.971657150000
104 9.170317780000
105 9.339682630000
106 9.474295700000
107 9.574491180000
108 9.630258900000
109 9.644583160000
110 9.619746280000
111 9.557617840000
112 9.459792660000
113 9.321413500000
114 9.144410040000
115 8.928782280000
116 8.674530190000
117 8.381653740000
118 8.023655680000
119 7.620612090000
120 7.169280600000
121 6.665789110000
122 6.108199100000
123 5.502372480000
124 4.902744280000
125 4.358700300000
126 3.864933600000
127 3.416054640000
128 3.012062720000
129 2.652614500000
130 2.335734120000
131 2.061141470000
132 1.829767740000
133 1.643094060000
134 1.502598200000
135 1.408859720000
136 1.361985470000

[theta]
1 3.118341030000
2 3.118341030000
3 3.118341030000
4 3.115836150000
5 3.105801010000
6 3.082979740000
7 3.041592100000
8 2.974970750000
9 2.871871670000
10 2.777198530000
11 2.694492760000
12 2.626961160000
13 2.578011230000
14 2.551401320000
15 2.551401580000
16 2.530343960000
17 2.507514800000
18 2.507524450000
19 2.532758500000
20 2.562488360000
21 2.586120640000
22 2.608814250000
23 2.634542950000
24 2.684639740000
25 2.769118200000
26 2.889382780000
27 3.014464430000
28 3.185539320000
29 3.392917790000
30 3.592937520000
31 3.761665880000
32 3.879306250000
33 3.967526850000
34 4.045976330000
35 4.086884150000
36 4.086883810000
37 4.115498390000
38 4.115496060000
39 4.115493450000
40 4.115490510000
41 4.115487140000
42 4.115485580000
43 4.143840410000
44 4.200877760000
45 4.260743850000
46 4.290568240000
47 4.290565650000
48 4.290555140000
49 4.290550560000
50 4.318319560000
51 4.374183070000
52 4.454674450000
53 4.557746100000
54 4.697776430000
55 4.857918550000
56 4.974719810000
57 5.074181140000
58 5.172628430000
59 5.284336120000
60 5.426741530000
61 5.544214260000
62 5.632177420000
63 5.690920080000
64 5.720730610000
65 5.721805040000
66 5.694133360000
67 5.665141830000
68 5.665158180000
69 5.665180480000
70 5.685854390000
71 5.735396120000
72 5.814498820000
73 5.924445350000
74 6.067306450000
75 6.241634150000
76 6.443398380000
77 6.580968560000
78 6.680887040000
79 6.763146920000
80 6.839570010000
81 6.912907350000
82 6.960518460000
83 6.983759760000
84 6.983857560000
85 6.983860220000
86 6.983859250000
87 6.933030130000
88 6.836429020000
89 6.697079620000
90 6.556859010000
91 6.450246580000
92 6.357853890000
93 6.292128790000
94 6.273519790000
95 6.295715970000
96 6.353639620000
97 6.443192530000
98 6.559958770000
99 6.706991210000
100 6.879535640000
101 7.038632900000
102 7.163751820000
103 7.283428500000
104 7.382839590000
105 7.462887650000
106 7.524209230000
107 7.568808830000
108 7.587696420000
109 7.591344660000
110 7.586798120000
111 7.579429350000
112 7.573732970000
113 7.573732610000
114 7.573732220000
115 7.573731820000
116 7.573731390000
117 7.573730920000
118 7.573730800000
119 7.600080700000
120 7.659610410000
121 7.760604570000
122 7.913573830000
123 8.033018450000
124 8.110815760000
125 8.146155110000
126 8.146154710000
127 8.146148680000
128 8.142944370000
129 8.116489980000
130 8.071940370000
131 8.014114560000
132 7.947777460000
133 7.896568620000
134 7.868894550000
135 7.856926440000
136 7.853981630000

[v]
1 0.000000000000
2 0.000000000000
3 0.178050400000
4 0.354996240000
5 0.530807090000
6 0.705379330000
7 0.878535080000
8 1.050017990000
9 1.224878240000
10 1.399965080000
11 1.575213170000
12 1.750657050000
13 1.926321310000
14 2.102216030000
15 2.247257430000
16 2.392185450000
17 2.538529330000
18 2.683768310000
19 2.828974850000
20 2.972483590000
21 3.115058410000
22 3.257317750000
23 3.399719480000
24 3.534808110000
25 3.673917900000
26 3.813314120000
27 3.953738730000
28 4.095049210000
29 4.226280810000
30 4.354857580000
31 4.485429320000
32 4.599641660000
33 4.709744780000
34 4.845369060000
35 4.982988600000
36 4.999987070000
37 4.999985290000
38 4.999985290000
39 4.999985290000
40 4.999985290000
41 4.999986120000
42 4.999986560000
43 4.999986910000
44 4.999987250000
45 4.999987050000
46 4.999986080000
47 4.999986080000
48 4.999986360000
49 4.999986510000
50 4.999986640000
51 4.999986140000
52 4.999985470000
53 4.999987260000
54 4.999984980000
55 4.999980940000
56 4.999979830000
57 4.999980360000
58 4.999981980000
59 4.999985600000
60 4.999986580000
61 4.999986770000
62 4.999986910000
63 4.999987000000
64 4.999987060000
65 4.999987100000
66 4.999987160000
67 4.999986990000
68 4.999986990000
69 4.999986940000
70 4.999986830000
71 4.999986740000
72 4.999986750000
73 4.999986910000
74 4.999986630000
75 4.999985710000
76 4.946390730000
77 4.857113470000
78 4.779311190000
79 4.702866870000
80 4.616387740000
81 4.508348960000
82 4.399913480000
83 4.291223990000
84 4.182232670000
85 4.073218110000
86 3.900582120000
87 3.731500330000
88 3.564006450000
89 3.397934170000
90 3.269855010000
91 3.141795830000
92 2.988070980000
93 2.803572470000
94 2.619235290000
95 2.435122640000
96 2.251258160000
97 2.067674360000
98 1.886162520000
99 1.698678110000
100 1.511276400000
101 1.323798890000
102 1.155480530000
103 0.971031030000
104 0.788711830000
105 0.607968060000
106 0.428344310000
107 0.242917950000
108 0.063490900000
109 -0.111898960000
110 -0.284278450000
111 -0.454218910000
112 -0.622031420000
113 -0.795652170000
114 -0.969272980000
115 -1.142893800000
116 -1.316514650000
117 -1.490135510000
118 -1.677634130000
119 -1.865132610000
120 -2.052630860000
121 -2.240128710000
122 -2.427625880000
123 -2.437481260000
124 -2.249983870000
125 -2.062485460000
126 -1.874987170000
127 -1.687488720000
128 -1.499990130000
129 -1.312491480000
130 -1.124992780000
131 -0.937494030000
132 -0.749995260000
133 -0.562496450000
134 -0.374997630000
135 -0.187498820000
136 0.000000000000

[a]
1 0.000000000000
2 0.749999110000
3 0.749999090000
4 0.749999050000
5 0.749999000000
6 0.749998940000
7 0.749998860000
8 0.749998790000
9 0.749998700000
10 0.749998610000
11 0.749998510000
12 0.749998410000
13 0.749998300000
14 0.749997820000
15 0.749997690000
16 0.749997560000
17 0.749997370000
18 0.749997180000
19 0.749996920000
20 0.749996640000
21 0.749996330000
22 0.749995970000
23 0.749995350000
24 0.749994970000
25 0.749994330000
26 0.749993530000
27 0.749992410000
28 0.749990360000
29 0.749988160000
30 0.749985410000
31 0.749979570000
32 0.749973370000
33 0.749965530000
34 0.749923690000
35 0.112675300000
36 -0.000011740000
37 -0.000000000000
38 -0.000000000000
39 -0.000000000000
40 0.000005870000
41 0.000002920000
42 0.000002310000
43 0.000002240000
44 -0.000001270000
45 -0.000006290000
46 -0.000000000000
47 0.000001920000
48 0.000000960000
49 0.000000920000
50 -0.000003350000
51 -0.000004620000
52 0.000012440000
53 -0.000014850000
54 -0.000028750000
55 -0.000008950000
56 0.000004390000
57 0.000013190000
58 0.000028230000
59 0.000006780000
60 0.000001240000
61 0.000000930000
62 0.000000610000
63 0.000000380000
64 0.000000270000
65 0.000000420000
66 -0.000001150000
67 0.000000000000
68 -0.000000310000
69 -0.000000750000
70 -0.000000550000
71 0.000000030000
72 0.000001090000
73 -0.000001890000
74 -0.000006070000
75 -0.370827810000
76 -0.749819480000
77 -0.749882090000
78 -0.749915350000
79 -0.749945730000
80 -0.749969440000
81 -0.749976520000
82 -0.749981020000
83 -0.749984190000
84 -0.749986430000
85 -0.749993000000
86 -0.749994060000
87 -0.749994990000
88 -0.749995770000
89 -0.749994970000
90 -0.749995330000
91 -0.749996470000
92 -0.749997390000
93 -0.749997620000
94 -0.749997800000
95 -0.749997950000
96 -0.749998090000
97 -0.749998200000
98 -0.749998420000
99 -0.749998590000
100 -0.749998730000
101 -0.749998680000
102 -0.749998890000
103 -0.749998960000
104 -0.749999020000
105 -0.749999080000
106 -0.749999160000
107 -0.749999150000
108 -0.749999130000
109 -0.749999100000
110 -0.749999050000
111 -0.749998980000
112 -0.749998930000
113 -0.749998840000
114 -0.749998720000
115 -0.749998580000
116 -0.749998410000
117 -0.749998300000
118 -0.749997950000
119 -0.749997320000
120 -0.749996030000
121 -0.749991910000
122 -0.039421690000
123 0.749991730000
124 0.749995830000
125 0.749997200000
126 0.749997900000
127 0.749998320000
128 0.749998600000
129 0.749998800000
130 0.749998950000
131 0.749999070000
132 0.749999160000
133 0.749999240000
134 0.749999300000
135 0.749999350000
136 0.000000000000

[phy]
1 0.000000000000
2 0.000000000000
3 -0.118699320000
4 -0.236662220000
5 -0.353868300000
6 -0.470248320000
7 -0.585683140000
8 -0.699996280000
9 -0.584884530000
10 -0.468162720000
11 -0.351332010000
12 -0.234370290000
13 -0.117261410000
14 0.000001250000
15 -0.096680300000
16 -0.097505890000
17 0.000039240000
18 0.096824510000
19 0.109405030000
20 0.083449340000
21 0.076664400000
22 0.083010340000
23 0.162182990000
24 0.252210460000
25 0.338673720000
26 0.337010440000
27 0.430555910000
28 0.524708620000
29 0.504472230000
30 0.418763180000
31 0.331716710000
32 0.255575680000
33 0.182173270000
34 0.091754070000
35 -0.000000900000
36 0.075427450000
37 -0.000006550000
38 -0.000007360000
39 -0.000008290000
40 -0.000009470000
41 -0.000004150000
42 0.075235700000
43 0.150461880000
44 0.154181390000
45 0.077150000000
46 -0.000007100000
47 -0.000028810000
48 -0.000012300000
49 0.074445640000
50 0.148889210000
51 0.216654820000
52 0.279403210000
53 0.351235900000
54 0.427624470000
55 0.358231240000
56 0.316931770000
57 0.310008310000
58 0.335070010000
59 0.376312670000
60 0.304258060000
61 0.229451220000
62 0.154144040000
63 0.078550360000
64 0.002835270000
65 -0.072893720000
66 -0.076026040000
67 0.000043340000
68 0.000059090000
69 0.054613490000
70 0.130224140000
71 0.205869220000
72 0.281620660000
73 0.357620830000
74 0.434074700000
75 0.509277480000
76 0.437046380000
77 0.377528950000
78 0.325667530000
79 0.274718760000
80 0.217079560000
81 0.145056080000
82 0.072768200000
83 0.000313630000
84 0.000008750000
85 -0.000002070000
86 -0.115093440000
87 -0.227815060000
88 -0.339477620000
89 -0.450189560000
90 -0.364811970000
91 -0.279440860000
92 -0.176958180000
93 -0.053959310000
94 0.068932080000
95 0.191673810000
96 0.314250070000
97 0.436639180000
98 0.557646880000
99 0.682635920000
100 0.699999250000
101 0.699999030000
102 0.699999150000
103 0.699999050000
104 0.699998880000
105 0.699998590000
106 0.699995950000
107 0.576381830000
108 0.456765580000
109 0.339840610000
110 0.224922850000
111 0.111632460000
112 0.000005120000
113 0.000004140000
114 0.000003590000
115 0.000003260000
116 0.000003090000
117 0.000000670000
118 -0.124998240000
119 -0.249996920000
120 -0.374995040000
121 -0.499990200000
122 -0.374993890000
123 -0.249995820000
124 -0.124997210000
125 0.000001560000
126 0.000025730000
127 0.015189800000
128 0.140166540000
129 0.265150110000
130 0.390133130000
131 0.515107250000
132 0.499947170000
133 0.374969540000
134 0.249981940000
135 0.124991460000
136 0.000000000000

[w]
1 0.000000000000
2 -0.499995440000
3 -0.499995150000
4 -0.499994470000
5 -0.499993010000
6 -0.499989100000
7 -0.499960730000
8 0.493729540000
9 0.499987350000
10 0.499993300000
11 0.499995280000
12 0.499996260000
13 0.499996840000
14 -0.499932810000
15 -0.004272410000
16 0.499908910000
17 0.499787980000
18 0.064978890000
19 -0.135648090000
20 -0.035691340000
21 0.033456050000
22 0.416983480000
23 0.499821340000
24 0.466157100000
25 -0.008948960000
26 0.499616780000
27 0.499706920000
28 -0.115651250000
29 -0.499940830000
30 -0.499982490000
31 -0.499982890000
32 -0.499984510000
33 -0.499993660000
34 -0.499996010000
35 0.499981070000
36 -0.498049920000
37 -0.000005720000
38 -0.000006490000
39 -0.000008330000
40 0.000037440000
41 0.499976740000
42 0.499948490000
43 0.024716470000
44 -0.499940340000
45 -0.499967840000
46 -0.000148720000
47 0.000113100000
48 0.499933140000
49 0.499859860000
50 0.454892890000
51 0.428973990000
52 0.499878810000
53 0.499730520000
54 -0.493714580000
55 -0.330943310000
56 -0.057077430000
57 0.203869250000
58 0.321388490000
59 -0.499837510000
60 -0.499900630000
61 -0.499897980000
62 -0.499869190000
63 -0.499797830000
64 -0.499594800000
65 -0.020664750000
66 0.499663890000
67 0.000104390000
68 0.361465090000
69 0.499840350000
70 0.499924730000
71 0.499950180000
72 0.499959730000
73 0.499959370000
74 0.499935790000
75 -0.499772590000
76 -0.499873340000
77 -0.499856290000
78 -0.499805100000
79 -0.499846260000
80 -0.499963150000
81 -0.499967470000
82 -0.499952280000
83 -0.002097900000
84 -0.000074420000
85 -0.499998460000
86 -0.499997920000
87 -0.499996540000
88 -0.499983990000
89 0.499946750000
90 0.499987080000
91 0.499994940000
92 0.499997680000
93 0.499998180000
94 0.499998370000
95 0.499998400000
96 0.499998330000
97 0.499998020000
98 0.499996690000
99 0.069489600000
100 -0.000000890000
101 0.000000540000
102 -0.000000400000
103 -0.000000700000
104 -0.000001210000
105 -0.000011030000
106 -0.499985460000
107 -0.499991980000
108 -0.499992570000
109 -0.499991130000
110 -0.499985020000
111 -0.498892410000
112 -0.000004260000
113 -0.000002370000
114 -0.000001410000
115 -0.000000760000
116 -0.000010430000
117 -0.499998210000
118 -0.499997390000
119 -0.499995380000
120 -0.499983700000
121 0.499987400000
122 0.499994360000
123 0.499995890000
124 0.499996520000
125 0.000096680000
126 0.060656610000
127 0.499909600000
128 0.499936940000
129 0.499934750000
130 0.499899110000
131 -0.060640620000
132 -0.499913120000
133 -0.499953070000
134 -0.499964610000
135 -0.499968550000
136 0.000000000000

[dt]
1 0.001056310000
2 0.237400810000
3 0.235928080000
4 0.234414760000
5 0.232763300000
6 0.230874660000
7 0.228644230000
8 0.233147370000
9 0.233449530000
10 0.233664550000
11 0.233925650000
12 0.234219500000
13 0.234526820000
14 0.193389100000
15 0.193237950000
16 0.195125810000
17 0.193652660000
18 0.193609440000
19 0.191345780000
20 0.190100610000
21 0.189680050000
22 0.189869990000
23 0.180119290000
24 0.185480960000
25 0.185863040000
26 0.187234430000
27 0.188415880000
28 0.174977720000
29 0.171438390000
30 0.174099040000
31 0.152287270000
32 0.146809370000
33 0.180840690000
34 0.183511390000
35 0.150862400000
36 0.151458710000
37 0.141990990000
38 0.141990340000
39 0.141989710000
40 0.141989090000
41 0.150486700000
42 0.150467860000
43 0.150487090000
44 0.154081160000
45 0.154324130000
46 0.145949160000
47 0.145948500000
48 0.148935790000
49 0.148928870000
50 0.148970490000
51 0.146275520000
52 0.143700190000
53 0.152859540000
54 0.140553340000
55 0.124793200000
56 0.121299350000
57 0.122930260000
58 0.128326500000
59 0.144156080000
60 0.149643410000
61 0.150645100000
62 0.151226940000
63 0.151491420000
64 0.151580820000
65 0.151578070000
66 0.152241100000
67 0.150924950000
68 0.150925770000
69 0.151269590000
70 0.151312950000
71 0.151517990000
72 0.152012570000
73 0.152920170000
74 0.150424880000
75 0.144527940000
76 0.119065010000
77 0.103752680000
78 0.101937260000
79 0.115313860000
80 0.144057570000
81 0.144585170000
82 0.144922980000
83 0.145324830000
84 0.145355380000
85 0.230183460000
86 0.225444180000
87 0.223326660000
88 0.221430960000
89 0.170773350000
90 0.170746650000
91 0.204967430000
92 0.245998870000
93 0.245783680000
94 0.245484250000
95 0.245153310000
96 0.244779030000
97 0.242016370000
98 0.249979740000
99 0.249869420000
100 0.249970430000
101 0.224424880000
102 0.245933030000
103 0.243092600000
104 0.240992000000
105 0.239498630000
106 0.247235430000
107 0.239236340000
108 0.233853410000
109 0.229839600000
110 0.226587560000
111 0.223750320000
112 0.231494670000
113 0.231494760000
114 0.231494830000
115 0.231494900000
116 0.231494980000
117 0.249998730000
118 0.249998650000
119 0.249998560000
120 0.249998450000
121 0.249998920000
122 0.249998960000
123 0.249999270000
124 0.249999280000
125 0.249998640000
126 0.249998640000
127 0.249998680000
128 0.249998670000
129 0.249998670000
130 0.249998670000
131 0.249998670000
132 0.249998700000
133 0.249998680000
134 0.249998660000
135 0.249998640000

[s]
1 0.000000000000
2 0.000000000000
3 0.042007090000
4 0.083216360000
5 0.123552410000
6 0.162854220000
7 0.200871970000
8 0.244808930000
9 0.285947250000
10 0.327122210000
11 0.368482760000
12 0.410038020000
13 0.451774010000
14 0.406545660000
15 0.434255420000
16 0.466777120000
17 0.491592950000
18 0.519602880000
19 0.541312390000
20 0.565070950000
21 0.590864440000
22 0.618466900000
23 0.612355050000
24 0.655639610000
25 0.682845530000
26 0.713983700000
27 0.744947160000
28 0.716542360000
29 0.724546780000
30 0.758176530000
31 0.683073800000
32 0.675270480000
33 0.851713520000
34 0.889180420000
35 0.751745610000
36 0.757291610000
37 0.709952870000
38 0.709949610000
39 0.709946470000
40 0.709943340000
41 0.752431420000
42 0.752337260000
43 0.752433490000
44 0.770403820000
45 0.771618630000
46 0.729743790000
47 0.729740470000
48 0.744676930000
49 0.744642350000
50 0.744850470000
51 0.731375560000
52 0.718498880000
53 0.764295760000
54 0.702764580000
55 0.623963640000
56 0.606494290000
57 0.614648900000
58 0.641630210000
59 0.720778330000
60 0.748215030000
61 0.753223490000
62 0.756132710000
63 0.757455150000
64 0.757902160000
65 0.757888410000
66 0.761203550000
67 0.754622800000
68 0.754626900000
69 0.756345990000
70 0.756562730000
71 0.757587930000
72 0.760060850000
73 0.764598850000
74 0.752122410000
75 0.722637650000
76 0.588942080000
77 0.503938520000
78 0.487189910000
79 0.542305740000
80 0.665025610000
81 0.651840410000
82 0.637648560000
83 0.623621380000
84 0.607910040000
85 0.937587440000
86 0.879363540000
87 0.833343500000
88 0.789181380000
89 0.580276610000
90 0.558316780000
91 0.643965830000
92 0.735062070000
93 0.689072370000
94 0.642981010000
95 0.596978370000
96 0.551060800000
97 0.500411050000
98 0.471502410000
99 0.424447710000
100 0.377774410000
101 0.297093410000
102 0.284170830000
103 0.236050460000
104 0.190073240000
105 0.145607520000
106 0.105901890000
107 0.058114800000
108 0.014847560000
109 -0.025718810000
110 -0.064413960000
111 -0.101631620000
112 -0.143996960000
113 -0.184189310000
114 -0.224381680000
115 -0.264574080000
116 -0.304766530000
117 -0.372531980000
118 -0.419406270000
119 -0.466280470000
120 -0.513154540000
121 -0.560029760000
122 -0.606903930000
123 -0.609368540000
124 -0.562494340000
125 -0.515618560000
126 -0.468744250000
127 -0.421869950000
128 -0.374995540000
129 -0.328121130000
130 -0.281246700000
131 -0.234372260000
132 -0.187497840000
133 -0.140623370000
134 -0.093748900000
135 -0.046874450000

[splus]
1 0.011552450000
2 0.011552450000
3 0.043296340000
4 0.083329070000
5 0.123562460000
6 0.162855170000
7 0.200872070000
8 0.244808940000
9 0.285947250000
10 0.327122210000
11 0.368482760000
12 0.410038020000
13 0.451774010000
14 0.406545660000
15 0.434255420000
16 0.466777120000
17 0.491592950000
18 0.519602880000
19 0.541312390000
20 0.565070950000
21 0.590864440000
22 0.618466900000
23 0.612355050000
24 0.655639610000
25 0.682845530000
26 0.713983700000
27 0.744947160000
28 0.716542360000
29 0.724546780000
30 0.758176530000
31 0.683073800000
32 0.675270480000
33 0.851713520000
34 0.889180420000
35 0.751745610000
36 0.757291610000
37 0.709952870000
38 0.709949610000
39 0.709946470000
40 0.709943340000
41 0.752431420000
42 0.752337260000
43 0.752433490000
44 0.770403820000
45 0.771618630000
46 0.729743790000
47 0.729740470000
48 0.744676930000
49 0.744642350000
50 0.744850470000
51 0.731375560000
52 0.718498880000
53 0.764295760000
54 0.702764580000
55 0.623963640000
56 0.606494290000
57 0.614648900000
58 0.641630210000
59 0.720778330000
60 0.748215030000
61 0.753223490000
62 0.756132710000
63 0.757455150000
64 0.757902160000
65 0.757888410000
66 0.761203550000
67 0.754622800000
68 0.754626900000
69 0.756345990000
70 0.756562730000
71 0.757587930000
72 0.760060850000
73 0.764598850000
74 0.752122410000
75 0.722637650000
76 0.588942080000
77 0.503938520000
78 0.487189910000
79 0.542305740000
80 0.665025610000
81 0.651840410000
82 0.637648560000
83 0.623621380000
84 0.607910040000
85 0.937587440000
86 0.879363540000
87 0.833343500000
88 0.789181380000
89 0.580276610000
90 0.558316780000
91 0.643965830000
92 0.735062070000
93 0.689072370000
94 0.642981010000
95 0.596978370000
96 0.551060800000
97 0.500411050000
98 0.471502410000
99 0.424447710000
100 0.377774410000
101 0.297093410000
102 0.284170830000
103 0.236050470000
104 0.190073430000
105 0.145610190000
106 0.105930860000
107 0.058617090000
108 0.020577670000
109 0.003228050000
110 0.000345830000
111 0.000037420000
112 0.000002950000
113 0.000000260000
114 0.000000020000
115 0.000000000000
116 0.000000000000
117 0.000000000000
118 0.000000000000
119 0.000000000000
120 0.000000000000
121 0.000000000000
122 0.000000000000
123 0.000000000000
124 0.000000000000
125 0.000000000000
126 0.000000000000
127 0.000000000000
128 0.000000000000
129 0.000000000000
130 0.000000000000
131 0.000000010000
132 0.000000220000
133 0.000003610000
134 0.000060010000
135 0.000972040000

[sminus]
1 0.011552450000
2 0.011552450000
3 0.001289250000
4 0.000112710000
5 0.000010050000
6 0.000000950000
7 0.000000100000
8 0.000000010000
9 0.000000000000
10 0.000000000000
11 0.000000000000
12 0.000000000000
13 0.000000000000
14 0.000000000000
15 0.000000000000
16 0.000000000000
17 0.000000000000
18 0.000000000000
19 0.000000000000
20 0.000000000000
21 0.000000000000
22 0.000000000000
23 -0.000000000000
24 -0.000000000000
25 -0.000000000000
26 -0.000000000000
27 -0.000000000000
28 -0.000000000000
29 -0.000000000000
30 -0.000000000000
31 0.000000000000
32 0.000000000000
33 0.000000000000
34 0.000000000000
35 -0.000000000000
36 0.000000000000
37 0.000000000000
38 0.000000000000
39 0.000000000000
40 -0.000000000000
41 0.000000000000
42 -0.000000000000
43 -0.000000000000
44 -0.000000000000
45 -0.000000000000
46 0.000000000000
47 -0.000000000000
48 -0.000000000000
49 -0.000000000000
50 -0.000000000000
51 -0.000000000000
52 0.000000000000
53 -0.000000000000
54 0.000000000000
55 -0.000000000000
56 0.000000000000
57 -0.000000000000
58 0.000000000000
59 0.000000000000
60 0.000000000000
61 0.000000000000
62 0.000000000000
63 0.000000000000
64 0.000000000000
65 0.000000000000
66 0.000000000000
67 0.000000000000
68 0.000000000000
69 0.000000000000
70 0.000000000000
71 0.000000000000
72 0.000000000000
73 0.000000000000
74 0.000000000000
75 -0.000000000000
76 0.000000000000
77 0.000000000000
78 0.000000000000
79 0.000000000000
80 -0.000000000000
81 -0.000000000000
82 -0.000000000000
83 0.000000000000
84 0.000000000000
85 0.000000000000
86 -0.000000000000
87 -0.000000000000
88 -0.000000000000
89 0.000000000000
90 0.000000000000
91 -0.000000000000
92 0.000000000000
93 0.000000000000
94 0.000000000000
95 0.000000000000
96 0.000000000000
97 0.000000000000
98 0.000000000000
99 0.000000000000
100 0.000000000000
101 0.000000000000
102 0.000000000000
103 0.000000010000
104 0.000000190000
105 0.000002680000
106 0.000028970000
107 0.000502290000
108 0.005730100000
109 0.028946860000
110 0.064759790000
111 0.101669040000
112 0.143999910000
113 0.184189570000
114 0.224381710000
115 0.264574090000
116 0.304766530000
117 0.372531980000
118 0.419406270000
119 0.466280470000
120 0.513154540000
121 0.560029760000
122 0.606903930000
123 0.609368540000
124 0.562494340000
125 0.515618560000
126 0.468744250000
127 0.421869950000
128 0.374995540000
129 0.328121130000
130 0.281246700000
131 0.234372280000
132 0.187498060000
133 0.140626980000
134 0.093808910000
135 0.047846490000

[k]
1 0.000000000000
2 0.000000000000
3 -0.059629980000
4 -0.120590950000
5 -0.184709230000
6 -0.254139170000
7 -0.331660750000
8 -0.421141010000
9 -0.331086060000
10 -0.252828350000
11 -0.183269360000
12 -0.119379000000
13 -0.058900920000
14 0.000000630000
15 -0.048491330000
16 -0.048908040000
17 0.000019620000
18 0.048564110000
19 0.054921820000
20 0.041821800000
21 0.038407470000
22 0.041600770000
23 0.081810050000
24 0.128848920000
25 0.176122670000
26 0.175188390000
27 0.229647010000
28 0.289415510000
29 0.276061850000
30 0.222544950000
31 0.172222060000
32 0.130644830000
33 0.092107830000
34 0.046006210000
35 -0.000000450000
36 0.037785410000
37 -0.000003280000
38 -0.000003680000
39 -0.000004140000
40 -0.000004730000
41 -0.000002080000
42 0.037688990000
43 0.075803840000
44 0.077707420000
45 0.038651720000
46 -0.000003550000
47 -0.000014400000
48 -0.000006150000
49 0.037291740000
50 0.074999620000
51 0.110054790000
52 0.143454150000
53 0.183214850000
54 0.227874480000
55 0.187192420000
56 0.163993830000
57 0.160168330000
58 0.174099810000
59 0.197571710000
60 0.157003970000
61 0.116782290000
62 0.077688300000
63 0.039356160000
64 0.001417640000
65 -0.036511550000
66 -0.038086430000
67 0.000021670000
68 0.000029550000
69 0.027333930000
70 0.065482650000
71 0.104413890000
72 0.144654910000
73 0.186844510000
74 0.231781020000
75 0.279205260000
76 0.233588640000
77 0.198275140000
78 0.168845620000
79 0.140922510000
80 0.110277470000
81 0.073041050000
82 0.036448460000
83 0.000156810000
84 0.000004380000
85 -0.000001030000
86 -0.057802170000
87 -0.115919910000
88 -0.176574620000
89 -0.241644440000
90 -0.190953300000
91 -0.143474520000
92 -0.089414360000
93 -0.027005870000
94 0.034520730000
95 0.097028060000
96 0.162510040000
97 0.233340650000
98 0.311838160000
99 0.406515170000
100 0.421143550000
101 0.421143360000
102 0.421143460000
103 0.421143380000
104 0.421143230000
105 0.421142980000
106 0.421140720000
107 0.325004700000
108 0.245713410000
109 0.176778780000
110 0.114397090000
111 0.056049250000
112 0.000002560000
113 0.000002070000
114 0.000001790000
115 0.000001630000
116 0.000001540000
117 0.000000340000
118 -0.062826680000
119 -0.127669320000
120 -0.196810430000
121 -0.273144880000
122 -0.196809760000
123 -0.127668730000
124 -0.062826150000
125 0.000000780000
126 0.000012870000
127 0.007595480000
128 0.070545870000
129 0.135771860000
130 0.205605280000
131 0.283041600000
132 0.273116950000
133 0.196795700000
134 0.127661340000
135 0.062823230000

[up]
1 0.011552450000
2 0.011552450000
3 0.045774820000
4 0.092975850000
5 0.145472660000
6 0.202587530000
7 0.264828600000
8 0.343784060000
9 0.376833470000
10 0.406519750000
11 0.433313090000
12 0.457029960000
13 0.477319520000
14 0.406545910000
15 0.454470740000
16 0.488693110000
17 0.491602210000
18 0.543827570000
19 0.569853050000
20 0.587757950000
21 0.612650310000
22 0.643166450000
23 0.660447970000
24 0.736738930000
25 0.798299530000
26 0.834062080000
27 0.909179060000
28 0.915625690000
29 0.916565720000
30 0.920155750000
31 0.796008560000
32 0.759962250000
33 0.927025020000
34 0.928451930000
35 0.751745930000
36 0.784761600000
37 0.709955100000
38 0.709952120000
39 0.709949290000
40 0.709946570000
41 0.752432920000
42 0.779557900000
43 0.807189340000
44 0.827875270000
45 0.800250040000
46 0.729746270000
47 0.729750560000
48 0.744681330000
49 0.771300600000
50 0.798479430000
51 0.808647290000
52 0.817447670000
53 0.898724880000
54 0.856501010000
55 0.736092850000
56 0.701977160000
57 0.709158300000
58 0.748869590000
59 0.857487520000
60 0.860988840000
61 0.837668120000
62 0.812525670000
63 0.786073250000
64 0.758933610000
65 0.784453220000
66 0.789035410000
67 0.754638490000
68 0.754648310000
69 0.776192940000
70 0.804122790000
71 0.833526520000
72 0.865609520000
73 0.901745500000
74 0.919477000000
75 0.916331320000
76 0.721009450000
77 0.599860260000
78 0.566159400000
79 0.615671900000
80 0.735429460000
81 0.697547070000
82 0.659960210000
83 0.623715260000
84 0.607912590000
85 0.937588370000
86 0.928159490000
87 0.926080560000
88 0.922956800000
89 0.714888400000
90 0.660664710000
91 0.732662810000
92 0.798158170000
93 0.706937010000
94 0.664289340000
95 0.652585080000
96 0.637031600000
97 0.612506640000
98 0.612653550000
99 0.590090370000
100 0.530507770000
101 0.417207570000
102 0.399060450000
103 0.331485120000
104 0.266919640000
105 0.204480000000
106 0.148758180000
107 0.076905890000
108 0.025431630000
109 0.003775870000
110 0.000383800000
111 0.000039430000
112 0.000002950000
113 0.000000260000
114 0.000000020000
115 0.000000000000
116 0.000000000000
117 0.000000000000
118 0.000000000000
119 0.000000000000
120 0.000000000000
121 0.000000000000
122 0.000000000000
123 0.000000000000
124 0.000000000000
125 0.000000000000
126 0.000000000000
127 0.000000000000
128 0.000000000000
129 0.000000000000
130 0.000000000000
131 0.000000020000
132 0.000000270000
133 0.000004290000
134 0.000067360000
135 0.001030660000

[down]
1 0.011552450000
2 0.011552450000
3 0.001363050000
4 0.000125760000
5 0.000011830000
6 0.000001180000
7 0.000000130000
8 0.000000010000
9 0.000000000000
10 0.000000000000
11 0.000000000000
12 0.000000000000
13 0.000000000000
14 0.000000000000
15 0.000000000000
16 0.000000000000
17 0.000000000000
18 0.000000000000
19 0.000000000000
20 0.000000000000
21 0.000000000000
22 0.000000000000
23 -0.000000000000
24 -0.000000000000
25 -0.000000000000
26 -0.000000000000
27 -0.000000000000
28 -0.000000000000
29 -0.000000000000
30 -0.000000000000
31 0.000000000000
32 0.000000000000
33 0.000000000000
34 0.000000000000
35 -0.000000000000
36 0.000000000000
37 0.000000000000
38 0.000000000000
39 0.000000000000
40 -0.000000000000
41 0.000000000000
42 -0.000000000000
43 -0.000000000000
44 -0.000000000000
45 -0.000000000000
46 0.000000000000
47 -0.000000000000
48 -0.000000000000
49 -0.000000000000
50 -0.000000000000
51 -0.000000000000
52 0.000000000000
53 -0.000000000000
54 0.000000000000
55 -0.000000000000
56 0.000000000000
57 -0.000000000000
58 0.000000000000
59 0.000000000000
60 0.000000000000
61 0.000000000000
62 0.000000000000
63 0.000000000000
64 0.000000000000
65 0.000000000000
66 0.000000000000
67 0.000000000000
68 0.000000000000
69 0.000000000000
70 0.000000000000
71 0.000000000000
72 0.000000000000
73 0.000000000000
74 0.000000000000
75 -0.000000000000
76 0.000000000000
77 0.000000000000
78 0.000000000000
79 0.000000000000
80 -0.000000000000
81 -0.000000000000
82 -0.000000000000
83 0.000000000000
84 0.000000000000
85 0.000000000000
86 -0.000000000000
87 -0.000000000000
88 -0.000000000000
89 0.000000000000
90 0.000000000000
91 -0.000000000000
92 0.000000000000
93 0.000000000000
94 0.000000000000
95 0.000000000000
96 0.000000000000
97 0.000000000000
98 0.000000000000
99 0.000000000000
100 0.000000000000
101 0.000000000000
102 0.000000000000
103 0.000000020000
104 0.000000260000
105 0.000003760000
106 0.000040680000
107 0.000659000000
108 0.007081750000
109 0.033859360000
110 0.071871790000
111 0.107139580000
112 0.144000260000
113 0.184189940000
114 0.224382090000
115 0.264574500000
116 0.304766980000
117 0.372532100000
118 0.444702180000
119 0.523428990000
120 0.610108940000
121 0.706880250000
122 0.721570770000
123 0.684053960000
124 0.596420120000
125 0.515618950000
126 0.468750040000
127 0.424946080000
128 0.400391760000
129 0.370888760000
130 0.336759480000
131 0.298055900000
132 0.236658600000
133 0.167194770000
134 0.105305650000
135 0.050732120000

[left]
1 0.023104910000
2 0.023104910000
3 0.021287010000
4 0.022391130000
5 0.032831370000
6 0.050002910000
7 0.073443750000
8 0.107331500000
9 0.099503810000
10 0.088386110000
11 0.074289310000
12 0.057027040000
13 0.036296410000
14 0.023105190000
15 0.031207790000
16 0.032819460000
17 0.023115900000
18 0.092832240000
19 0.107609400000
20 0.088225880000
21 0.085485770000
22 0.095691090000
23 0.175177540000
24 0.289302380000
25 0.408596670000
26 0.426447280000
27 0.581655010000
28 0.699690450000
29 0.676072670000
30 0.574951320000
31 0.399946490000
32 0.302471800000
33 0.277171160000
34 0.150827230000
35 0.023104500000
36 0.107097330000
37 0.023102130000
38 0.023101790000
39 0.023101400000
40 0.023100900000
41 0.023103030000
42 0.106160700000
43 0.201841410000
44 0.211816630000
45 0.111347090000
46 0.023101800000
47 0.023092330000
48 0.023099410000
49 0.104101450000
50 0.197713410000
51 0.279241660000
52 0.353672960000
53 0.479554530000
54 0.541844220000
55 0.393724070000
56 0.336119330000
57 0.333211690000
58 0.378044740000
59 0.484393830000
60 0.403219160000
61 0.305051370000
62 0.207639370000
63 0.111089730000
64 0.024556790000
65 0.037273380000
66 0.038495490000
67 0.023124630000
68 0.023131820000
69 0.080649080000
70 0.176936740000
71 0.275660080000
72 0.378777220000
73 0.489037030000
74 0.593120310000
75 0.681675800000
76 0.459270620000
77 0.332487540000
78 0.275079800000
79 0.258487120000
80 0.253016590000
81 0.167998860000
82 0.087803700000
83 0.023220730000
84 0.023108010000
85 0.023103700000
86 0.058772740000
87 0.101294880000
88 0.141008050000
89 0.141817400000
90 0.110595400000
91 0.097385260000
92 0.072611070000
93 0.028987130000
94 0.084450060000
95 0.200296050000
96 0.301303630000
97 0.386396080000
98 0.481431550000
99 0.558902020000
100 0.512531760000
101 0.400490450000
102 0.382799760000
103 0.317542300000
104 0.256102370000
105 0.197531150000
106 0.145954320000
107 0.068526580000
108 0.029821570000
109 0.021391160000
110 0.021402620000
111 0.020990040000
112 0.023104540000
113 0.023104540000
114 0.023104520000
115 0.023104500000
116 0.023104460000
117 0.023104790000
118 0.089573710000
119 0.187760400000
120 0.310495180000
121 0.464341470000
122 0.365108520000
123 0.241832490000
124 0.116159350000
125 0.023104550000
126 0.023099490000
127 0.021451140000
128 0.041114510000
129 0.060248210000
130 0.073404300000
131 0.080953420000
132 0.063926440000
133 0.039232200000
134 0.024204810000
135 0.021167550000

[right]
1 0.023104910000
2 0.023104910000
3 0.026430360000
4 0.043191180000
5 0.080591410000
6 0.137431310000
7 0.215442900000
8 0.329345530000
9 0.305320730000
10 0.269888970000
11 0.223888110000
12 0.166480010000
13 0.096351960000
14 0.023104620000
15 0.078548010000
16 0.084513530000
17 0.023093940000
18 0.035026040000
19 0.039181480000
20 0.033551760000
21 0.032690620000
22 0.035479930000
23 0.058092430000
24 0.090032940000
25 0.123278250000
26 0.127753310000
27 0.170481030000
28 0.204207050000
29 0.197370780000
30 0.168301090000
31 0.120840360000
32 0.093509390000
33 0.084432020000
34 0.049556220000
35 0.023105310000
36 0.038146350000
37 0.023107680000
38 0.023108030000
39 0.023108420000
40 0.023108920000
41 0.023106790000
42 0.037905850000
43 0.064540160000
44 0.067168060000
45 0.039267240000
46 0.023108010000
47 0.023117510000
48 0.023110410000
49 0.037363610000
50 0.063449660000
51 0.086328950000
52 0.107306010000
53 0.141640630000
54 0.160324480000
55 0.120060830000
56 0.103952020000
57 0.103009990000
58 0.115328900000
59 0.143847080000
60 0.120684620000
61 0.093270230000
62 0.066124390000
63 0.039254490000
64 0.021967460000
65 0.103960590000
66 0.108411510000
67 0.023085250000
68 0.023078130000
69 0.030842070000
70 0.057576770000
71 0.085038860000
72 0.113692780000
73 0.144270410000
74 0.173502880000
75 0.198991430000
76 0.139355150000
77 0.104376720000
78 0.087971880000
79 0.082549500000
80 0.079682840000
81 0.055783270000
82 0.033190720000
83 0.022991620000
84 0.023101800000
85 0.023106120000
86 0.184355320000
87 0.337742660000
88 0.479012660000
89 0.467288840000
90 0.356886990000
91 0.314783680000
92 0.230254770000
93 0.073193480000
94 0.032233770000
95 0.065363530000
96 0.094747110000
97 0.120028290000
98 0.148145590000
99 0.171846230000
100 0.159353800000
101 0.127787930000
102 0.122732100000
103 0.103905360000
104 0.085917250000
105 0.068522400000
106 0.053009650000
107 0.029607500000
108 0.022355930000
109 0.030550200000
110 0.036128710000
111 0.032269710000
112 0.023105270000
113 0.023105280000
114 0.023105290000
115 0.023105320000
116 0.023105350000
117 0.023105020000
118 0.041582710000
119 0.080734330000
120 0.131288840000
121 0.196494570000
122 0.158762200000
123 0.107529770000
124 0.054324210000
125 0.023105260000
126 0.023110330000
127 0.027283190000
128 0.089883230000
129 0.143419650000
130 0.182716850000
131 0.207910280000
132 0.163130810000
133 0.093492340000
134 0.047950320000
135 0.027076510000
