  0.02310491
  0.02310491
  0.02643036
  0.04319118
  0.08059141
  0.13743131
  0.21544290
  0.32934553
  0.30532073
  0.26988897
  0.22388811
  0.16648001
  0.09635196
  0.02310462
  0.07854801
  0.08451353
  0.02309394
  0.03502604
  0.03918148
  0.03355176
  0.03269062
  0.03547993
  0.05809243
  0.09003294
  0.12327825
  0.12775331
  0.17048103
  0.20420705
  0.19737078
  0.16830109
  0.12084036
  0.09350939
  0.08443202
  0.04955622
  0.02310531
  0.03814635
  0.02310768
  0.02310803
  0.02310842
  0.02310892
  0.02310679
  0.03790585
  0.06454016
  0.06716806
  0.03926724
  0.02310801
  0.02311751
  0.02311041
  0.03736361
  0.06344966
  0.08632895
  0.10730601
  0.14164063
  0.16032448
  0.12006083
  0.10395202
  0.10300999
  0.11532890
  0.14384708
  0.12068462
  0.09327023
  0.06612439
  0.03925449
  0.02196746
  0.10396059
  0.10841151
  0.02308525
  0.02307813
  0.03084207
  0.05757677
  0.08503886
  0.11369278
  0.14427041
  0.17350288
  0.19899143
  0.13935515
  0.10437672
  0.08797188
  0.08254950
  0.07968284
  0.05578327
  0.03319072
  0.02299162
  0.02310180
  0.02310612
  0.18435532
  0.33774266
  0.47901266
  0.46728884
  0.35688699
  0.31478368
  0.23025477
  0.07319348
  0.03223377
  0.06536353
  0.09474711
  0.12002829
  0.14814559
  0.17184623
  0.15935380
  0.12778793
  0.12273210
  0.10390536
  0.08591725
  0.06852240
  0.05300965
  0.02960750
  0.02235593
  0.03055020
  0.03612871
  0.03226971
  0.02310527
  0.02310528
  0.02310529
  0.02310532
  0.02310535
  0.02310502
  0.04158271
  0.08073433
  0.13128884
  0.19649457
  0.15876220
  0.10752977
  0.05432421
  0.02310526
  0.02311033
  0.02728319
  0.08988323
  0.14341965
  0.18271685
  0.20791028
  0.16313081
  0.09349234
  0.04795032
  0.02707651
