  0.00000000
  0.00000000
  0.04200709
  0.08321636
  0.12355241
  0.16285422
  0.20087197
  0.24480893
  0.28594725
  0.32712221
  0.36848276
  0.41003802
  0.45177401
  0.40654566
  0.43425542
  0.46677712
  0.49159295
  0.51960288
  0.54131239
  0.56507095
  0.59086444
  0.61846690
  0.61235505
  0.65563961
  0.68284553
  0.71398370
  0.74494716
  0.71654236
  0.72454678
  0.75817653
  0.68307380
  0.67527048
  0.85171352
  0.88918042
  0.75174561
  0.75729161
  0.70995287
  0.70994961
  0.70994647
  0.70994334
  0.75243142
  0.75233726
  0.75243349
  0.77040382
  0.77161863
  0.72974379
  0.72974047
  0.74467693
  0.74464235
  0.74485047
  0.73137556
  0.71849888
  0.76429576
  0.70276458
  0.62396364
  0.60649429
  0.61464890
  0.64163021
  0.72077833
  0.74821503
  0.75322349
  0.75613271
  0.75745515
  0.75790216
  0.75788841
  0.76120355
  0.75462280
  0.75462690
  0.75634599
  0.75656273
  0.75758793
  0.76006085
  0.76459885
  0.75212241
  0.72263765
  0.58894208
  0.50393852
  0.48718991
  0.54230574
  0.66502561
  0.65184041
  0.63764856
  0.62362138
  0.60791004
  0.93758744
  0.87936354
  0.83334350
  0.78918138
  0.58027661
  0.55831678
  0.64396583
  0.73506207
  0.68907237
  0.64298101
  0.59697837
  0.55106080
  0.50041105
  0.47150241
  0.42444771
  0.37777441
  0.29709341
  0.28417083
  0.23605046
  0.19007324
  0.14560752
  0.10590189
  0.05811480
  0.01484756
 -0.02571881
 -0.06441396
 -0.10163162
 -0.14399696
 -0.18418931
 -0.22438168
 -0.26457408
 -0.30476653
 -0.37253198
 -0.41940627
 -0.46628047
 -0.51315454
 -0.56002976
 -0.60690393
 -0.60936854
 -0.56249434
 -0.51561856
 -0.46874425
 -0.42186995
 -0.37499554
 -0.32812113
 -0.28124670
 -0.23437226
 -0.18749784
 -0.14062337
 -0.09374890
 -0.04687445
