  0.01155245
  0.01155245
  0.04329634
  0.08332907
  0.12356246
  0.16285517
  0.20087207
  0.24480894
  0.28594725
  0.32712221
  0.36848276
  0.41003802
  0.45177401
  0.40654566
  0.43425542
  0.46677712
  0.49159295
  0.51960288
  0.54131239
  0.56507095
  0.59086444
  0.61846690
  0.61235505
  0.65563961
  0.68284553
  0.71398370
  0.74494716
  0.71654236
  0.72454678
  0.75817653
  0.68307380
  0.67527048
  0.85171352
  0.88918042
  0.75174561
  0.75729161
  0.70995287
  0.70994961
  0.70994647
  0.70994334
  0.75243142
  0.75233726
  0.75243349
  0.77040382
  0.77161863
  0.72974379
  0.72974047
  0.74467693
  0.74464235
  0.74485047
  0.73137556
  0.71849888
  0.76429576
  0.70276458
  0.62396364
  0.60649429
  0.61464890
  0.64163021
  0.72077833
  0.74821503
  0.75322349
  0.75613271
  0.75745515
  0.75790216
  0.75788841
  0.76120355
  0.75462280
  0.75462690
  0.75634599
  0.75656273
  0.75758793
  0.76006085
  0.76459885
  0.75212241
  0.72263765
  0.58894208
  0.50393852
  0.48718991
  0.54230574
  0.66502561
  0.65184041
  0.63764856
  0.62362138
  0.60791004
  0.93758744
  0.87936354
  0.83334350
  0.78918138
  0.58027661
  0.55831678
  0.64396583
  0.73506207
  0.68907237
  0.64298101
  0.59697837
  0.55106080
  0.50041105
  0.47150241
  0.42444771
  0.37777441
  0.29709341
  0.28417083
  0.23605047
  0.19007343
  0.14561019
  0.10593086
  0.05861709
  0.02057767
  0.00322805
  0.00034583
  0.00003742
  0.00000295
  0.00000026
  0.00000002
  0.00000000
  0.00000000
  0.00000000
  0.00000000
  0.00000000
  0.00000000
  0.00000000
  0.00000000
  0.00000000
  0.00000000
  0.00000000
  0.00000000
  0.00000000
  0.00000000
  0.00000000
  0.00000000
  0.00000001
  0.00000022
  0.00000361
  0.00006001
  0.00097204
