  3.11834103
  3.11834103
  3.11834103
  3.11583615
  3.10580101
  3.08297974
  3.04159210
  2.97497075
  2.87187167
  2.77719853
  2.69449276
  2.62696116
  2.57801123
  2.55140132
  2.55140158
  2.53034396
  2.50751480
  2.50752445
  2.53275850
  2.56248836
  2.58612064
  2.60881425
  2.63454295
  2.68463974
  2.76911820
  2.88938278
  3.01446443
  3.18553932
  3.39291779
  3.59293752
  3.76166588
  3.87930625
  3.96752685
  4.04597633
  4.08688415
  4.08688381
  4.11549839
  4.11549606
  4.11549345
  4.11549051
  4.11548714
  4.11548558
  4.14384041
  4.20087776
  4.26074385
  4.29056824
  4.29056565
  4.29055514
  4.29055056
  4.31831956
  4.37418307
  4.45467445
  4.55774610
  4.69777643
  4.85791855
  4.97471981
  5.07418114
  5.17262843
  5.28433612
  5.42674153
  5.54421426
  5.63217742
  5.69092008
  5.72073061
  5.72180504
  5.69413336
  5.66514183
  5.66515818
  5.66518048
  5.68585439
  5.73539612
  5.81449882
  5.92444535
  6.06730645
  6.24163415
  6.44339838
  6.58096856
  6.68088704
  6.76314692
  6.83957001
  6.91290735
  6.96051846
  6.98375976
  6.98385756
  6.98386022
  6.98385925
  6.93303013
  6.83642902
  6.69707962
  6.55685901
  6.45024658
  6.35785389
  6.29212879
  6.27351979
  6.29571597
  6.35363962
  6.44319253
  6.55995877
  6.70699121
  6.87953564
  7.03863290
  7.16375182
  7.28342850
  7.38283959
  7.46288765
  7.52420923
  7.56880883
  7.58769642
  7.59134466
  7.58679812
  7.57942935
  7.57373297
  7.57373261
  7.57373222
  7.57373182
  7.57373139
  7.57373092
  7.57373080
  7.60008070
  7.65961041
  7.76060457
  7.91357383
  8.03301845
  8.11081576
  8.14615511
  8.14615471
  8.14614868
  8.14294437
  8.11648998
  8.07194037
  8.01411456
  7.94777746
  7.89656862
  7.86889455
  7.85692644
  7.85398163
