  0.01155245
  0.01155245
  0.04577482
  0.09297585
  0.14547266
  0.20258753
  0.26482860
  0.34378406
  0.37683347
  0.40651975
  0.43331309
  0.45702996
  0.47731952
  0.40654591
  0.45447074
  0.48869311
  0.49160221
  0.54382757
  0.56985305
  0.58775795
  0.61265031
  0.64316645
  0.66044797
  0.73673893
  0.79829953
  0.83406208
  0.90917906
  0.91562569
  0.91656572
  0.92015575
  0.79600856
  0.75996225
  0.92702502
  0.92845193
  0.75174593
  0.78476160
  0.70995510
  0.70995212
  0.70994929
  0.70994657
  0.75243292
  0.77955790
  0.80718934
  0.82787527
  0.80025004
  0.72974627
  0.72975056
  0.74468133
  0.77130060
  0.79847943
  0.80864729
  0.81744767
  0.89872488
  0.85650101
  0.73609285
  0.70197716
  0.70915830
  0.74886959
  0.85748752
  0.86098884
  0.83766812
  0.81252567
  0.78607325
  0.75893361
  0.78445322
  0.78903541
  0.75463849
  0.75464831
  0.77619294
  0.80412279
  0.83352652
  0.86560952
  0.90174550
  0.91947700
  0.91633132
  0.72100945
  0.59986026
  0.56615940
  0.61567190
  0.73542946
  0.69754707
  0.65996021
  0.62371526
  0.60791259
  0.93758837
  0.92815949
  0.92608056
  0.92295680
  0.71488840
  0.66066471
  0.73266281
  0.79815817
  0.70693701
  0.66428934
  0.65258508
  0.63703160
  0.61250664
  0.61265355
  0.59009037
  0.53050777
  0.41720757
  0.39906045
  0.33148512
  0.26691964
  0.20448000
  0.14875818
  0.07690589
  0.02543163
  0.00377587
  0.00038380
  0.00003943
  0.00000295
  0.00000026
  0.00000002
  0.00000000
  0.00000000
  0.00000000
  0.00000000
  0.00000000
  0.00000000
  0.00000000
  0.00000000
  0.00000000
  0.00000000
  0.00000000
  0.00000000
  0.00000000
  0.00000000
  0.00000000
  0.00000000
  0.00000002
  0.00000027
  0.00000429
  0.00006736
  0.00103066
