  0.00000000
  0.74999998
  0.74999997
  0.74999997
  0.74999997
  0.74999997
  0.74999997
  0.74999996
  0.74999996
  0.74999996
  0.74999995
  0.74999995
  0.74999995
  0.74999994
  0.74999993
  0.74999993
  0.74999992
  0.74999991
  0.74999990
  0.74999987
  0.74999984
  0.74999980
  0.74999977
  0.74999977
  0.74999979
  0.74999976
  0.74999972
  0.74999952
  0.74999944
  0.74999932
  0.74999913
  0.74999879
  0.74999805
  0.59838781
  0.00000901
  0.00000709
  0.00000467
  0.00000303
  0.00000203
  0.00000093
 -0.00000073
 -0.74346524
 -0.74999333
 -0.74999710
 -0.74999821
 -0.74999881
 -0.74999917
 -0.74999941
 -0.74999958
 -0.74999971
 -0.74999979
 -0.74999987
 -0.74999989
 -0.74999991
 -0.74999992
 -0.74999993
 -0.74999994
 -0.74999995
 -0.74999996
 -0.74999996
 -0.74999997
 -0.74999997
 -0.74999997
 -0.74999998
 -0.74999998
 -0.74999998
 -0.74999998
 -0.74999998
 -0.74999999
 -0.74999999
 -0.74999999
 -0.74999998
 -0.74999998
 -0.74999998
 -0.74999998
 -0.74999998
 -0.74999997
 -0.74999996
 -0.74999995
 -0.74999993
 -0.74999990
 -0.74999984
 -0.74999966
  0.64010584
  0.74999965
  0.74999983
  0.74999989
  0.74999992
  0.74999994
  0.74999996
  0.74999996
  0.74999997
  0.74999997
  0.74999997
  0.74999997
  0.00000000
