  0.01155245
  0.01155245
  0.00177566
  0.00020826
  0.00002349
  0.00000264
  0.00000027
  0.00000003
  0.00000000
  0.00000000
  0.00000000
  0.00000000
  0.00000000
  0.00000000
  0.00000000
  0.00000000
  0.00000000
  0.00000000
 -0.00000000
  0.00000000
  0.00000000
  0.00000000
  0.00000000
  0.00000000
  0.00000000
 -0.00000000
 -0.00000000
  0.00000000
 -0.00000000
  0.00000000
  0.00000000
  0.00000000
  0.00000000
  0.00000000
 -0.00000000
 -0.00000000
 -0.00000000
 -0.00000000
 -0.00000000
 -0.00000000
 -0.00000000
  0.00000000
  0.00000000
  0.00000000
  0.00000000
  0.00000000
  0.00000000
  0.00000000
  0.00000000
  0.00000000
 -0.00000000
 -0.00000000
  0.00000000
  0.00000000
 -0.00000000
 -0.00000000
 -0.00000000
 -0.00000000
 -0.00000000
  0.00000000
  0.00000000
  0.00000000
  0.00000000
  0.00000000
  0.00000000
  0.00000000
  0.00000001
  0.00000017
  0.00000269
  0.00004211
  0.00065126
  0.00819324
  0.03969247
  0.09018299
  0.14799051
  0.21246586
  0.28472826
  0.36680473
  0.40306183
  0.43539177
  0.46370474
  0.48769311
  0.50682438
  0.58709549
  0.57665404
  0.55501978
  0.53006360
  0.50226714
  0.45807498
  0.39224853
  0.31207379
  0.23363781
  0.16450750
  0.10150795
  0.04812824
