  0.02310491
  0.02310491
  0.02579359
  0.03910157
  0.07044405
  0.11988978
  0.12851688
  0.10976450
  0.07954695
  0.03931637
  0.02310080
  0.07124229
  0.02309450
  0.02052793
  0.04285569
  0.07211906
  0.10970386
  0.15467986
  0.21094008
  0.26340066
  0.22773389
  0.17363880
  0.14338952
  0.13019879
  0.13083769
  0.09809992
  0.05681463
  0.02310491
  0.02310507
  0.03504758
  0.02339136
  0.02310463
  0.02310476
  0.02310490
  0.19839253
  0.31767904
  0.42562603
  0.52489189
  0.61741789
  0.70465320
  0.78769745
  0.78299067
  0.82123358
  0.88485296
  0.80625430
  0.72265597
  0.63279406
  0.53491514
  0.42652823
  0.30397771
  0.16166998
  0.02310492
  0.06263923
  0.10825670
  0.12631872
  0.07298561
  0.04461892
  0.02082541
  0.12990522
  0.24000422
  0.33595608
  0.42051512
  0.49619606
  0.52100808
  0.45546040
  0.39083809
  0.32714114
  0.22810972
  0.13541709
  0.07248329
  0.03576607
  0.02382077
  0.02310490
  0.03152315
  0.06167628
  0.11566194
  0.19393718
  0.30247511
  0.26973663
  0.22488938
  0.16765653
  0.09710259
  0.02310490
  0.05350366
  0.08932447
  0.11834980
  0.14220147
  0.16168250
  0.16157942
  0.13726315
  0.09825014
  0.06271388
  0.03842298
  0.02370729
  0.02125663
