task_id 7

[x]
1 4.000000000000
2 4.000000000000
3 4.000000000000
4 4.037344050000
5 4.112012760000
6 4.223980260000
7 4.373172710000
8 4.559340870000
9 4.782019510000
10 5.040826870000
11 5.335660260000
12 5.666913880000
13 6.034976010000
14 6.438433910000
15 6.878779380000
16 7.356396570000
17 7.862657860000
18 8.424365630000
19 9.029015010000
20 9.667763820000
21 10.264153790000
22 10.734587250000
23 11.075924420000
24 11.333555970000
25 11.540686940000
26 11.714680130000
27 11.798638860000
28 11.805101370000
29 11.779244460000
30 11.752529570000
31 11.724859450000
32 11.679175830000
33 11.632509300000
34 11.584690680000
35 11.504213800000
36 11.446124420000
37 11.436533400000
38 11.500271150000
39 11.655863400000
40 11.914980290000
41 12.280967500000
42 12.746938210000
43 13.244567480000
44 13.798801580000
45 14.447163850000
46 15.118067040000
47 15.770138360000
48 16.372883830000
49 16.908149550000
50 17.370205430000
51 17.765212490000
52 18.110894680000
53 18.440416110000
54 18.746021940000
55 19.076415120000
56 19.473766980000
57 19.926487460000
58 20.388066300000
59 20.836997620000
60 21.255559300000
61 21.626911680000
62 21.938923000000
63 22.183028920000
64 22.354181640000
65 22.451387440000
66 22.483155070000
67 22.469392870000
68 22.428343770000
69 22.375601020000
70 22.325370030000
71 22.286984640000
72 22.265107580000
73 22.261592760000
74 22.276822800000
75 22.310802150000
76 22.364174930000
77 22.439265760000
78 22.541192780000
79 22.679033230000
80 22.866837630000
81 23.107192390000
82 23.400051660000
83 23.742789480000
84 24.130063380000
85 24.553155470000
86 24.933915760000
87 25.258651170000
88 25.521868020000
89 25.720895940000
90 25.856324730000
91 25.936401030000
92 25.976443240000
93 25.993155680000
94 25.998717410000
95 25.999915230000
96 26.000000000000

[y]
1 22.000000000000
2 22.000000000000
3 22.000000000000
4 22.000000000000
5 22.000156210000
6 22.001339040000
7 22.005821070000
8 22.018075900000
9 22.041327100000
10 22.076745380000
11 22.123714730000
12 22.179291530000
13 22.241044320000
14 22.316609420000
15 22.399079170000
16 22.485611520000
17 22.559817240000
18 22.605044480000
19 22.589738340000
20 22.473918050000
21 22.225975170000
22 21.857012140000
23 21.428811130000
24 20.955558660000
25 20.399556900000
26 19.652735270000
27 18.820084380000
28 17.938619690000
29 17.314261080000
30 16.669185200000
31 16.001041470000
32 15.316639240000
33 14.615029690000
34 13.896101620000
35 12.686175690000
36 11.812833530000
37 10.973383800000
38 10.169806200000
39 9.411118750000
40 8.713501360000
41 8.099418250000
42 7.595600730000
43 7.262819570000
44 7.058782360000
45 6.991096640000
46 7.100571970000
47 7.378246530000
48 7.805945120000
49 8.361186990000
50 9.021374030000
51 9.766862720000
52 10.582697680000
53 11.467069050000
54 12.287255650000
55 13.043984680000
56 13.744856170000
57 14.353805220000
58 14.895819850000
59 15.386482750000
60 15.841394300000
61 16.275536350000
62 16.697044230000
63 17.107488900000
64 17.502693130000
65 17.873977790000
66 18.209400290000
67 18.499122100000
68 18.738805890000
69 18.927886040000
70 19.068613540000
71 19.163706960000
72 19.214902020000
73 19.222968000000
74 19.188070100000
75 19.110210260000
76 18.989671630000
77 18.827512520000
78 18.626277310000
79 18.391267110000
80 18.133005860000
81 17.856721470000
82 17.565404520000
83 17.258670000000
84 16.931729840000
85 16.574551640000
86 16.229728510000
87 15.894367710000
88 15.567152310000
89 15.251607610000
90 14.954854920000
91 14.687259310000
92 14.458289210000
93 14.273473380000
94 14.134892110000
95 14.044335500000
96 14.000000000000

[theta]
1 0.000000000000
2 0.000000000000
3 -0.000000000000
4 0.002092040000
5 0.010563620000
6 0.030032950000
7 0.065731810000
8 0.104038920000
9 0.136007050000
10 0.157980540000
11 0.166228980000
12 0.166229920000
13 0.185148590000
14 0.185139470000
15 0.179230950000
16 0.145539560000
17 0.080344070000
18 -0.025308680000
19 -0.179374790000
20 -0.394000860000
21 -0.665096890000
22 -0.897800270000
23 -1.072274270000
24 -1.214187150000
25 -1.341901180000
26 -1.470302930000
27 -1.563464900000
28 -1.612186240000
29 -1.612186240000
30 -1.612186100000
31 -1.637447120000
32 -1.637212040000
33 -1.637212270000
34 -1.637212390000
35 -1.637212390000
36 -1.582221190000
37 -1.491644560000
38 -1.368520160000
39 -1.215158100000
40 -1.033330790000
41 -0.824404220000
42 -0.589431840000
43 -0.352745230000
44 -0.104018130000
45 0.161750490000
46 0.402577390000
47 0.617129310000
48 0.803714330000
49 0.960146650000
50 1.083544520000
51 1.170013880000
52 1.214126800000
53 1.214126810000
54 1.159135680000
55 1.055040690000
56 0.931503260000
57 0.865375000000
58 0.829783460000
59 0.826989490000
60 0.863192560000
61 0.933579630000
62 1.034256950000
63 1.162106750000
64 1.314734220000
65 1.476368710000
66 1.618262070000
67 1.740414300000
68 1.842825400000
69 1.913638540000
70 1.954453760000
71 1.974636670000
72 1.981744560000
73 1.982297350000
74 1.982297350000
75 1.987634640000
76 2.004465040000
77 2.039635840000
78 2.101252300000
79 2.199536980000
80 2.286761360000
81 2.358834650000
82 2.411572500000
83 2.440470120000
84 2.440470120000
85 2.405682680000
86 2.340099160000
87 2.248223320000
88 2.133515490000
89 1.998934220000
90 1.861559150000
91 1.743925190000
92 1.660978570000
93 1.610908180000
94 1.584022900000
95 1.572708220000
96 1.570000000000

[v]
1 0.000000000000
2 0.000000000000
3 0.167370640000
4 0.334712040000
5 0.502024980000
6 0.669308100000
7 0.836562640000
8 1.003828410000
9 1.171104930000
10 1.338395430000
11 1.505695330000
12 1.673001830000
13 1.840308790000
14 2.007593210000
15 2.174958350000
16 2.342338320000
17 2.506171630000
18 2.674812980000
19 2.844406990000
20 3.015575610000
21 3.176210750000
22 3.317384600000
23 3.441187200000
24 3.558624950000
25 3.683672630000
26 3.839798460000
27 4.003258760000
28 4.168403230000
29 4.280837180000
30 4.393950860000
31 4.508093440000
32 4.622208930000
33 4.736303520000
34 4.850397990000
35 4.999994930000
36 4.999996510000
37 4.999997700000
38 4.999998450000
39 4.999998920000
40 4.999999230000
41 4.999999360000
42 4.999999260000
43 4.910984600000
44 4.820789870000
45 4.719372380000
46 4.611342960000
47 4.496073350000
48 4.372787160000
49 4.240508690000
50 4.097987320000
51 3.943581180000
52 3.775070230000
53 3.587570280000
54 3.404590210000
55 3.222693690000
56 3.035193760000
57 2.847693820000
58 2.660193860000
59 2.472693880000
60 2.285193900000
61 2.097693920000
62 1.910193940000
63 1.722693960000
64 1.535193970000
65 1.347693990000
66 1.160194000000
67 0.972694020000
68 0.785194030000
69 0.597694040000
70 0.410194060000
71 0.222694070000
72 0.035194090000
73 -0.152305890000
74 -0.339805880000
75 -0.527305860000
76 -0.714805840000
77 -0.902305820000
78 -1.089805800000
79 -1.277305780000
80 -1.464805750000
81 -1.652305720000
82 -1.839805680000
83 -2.027305630000
84 -2.214804790000
85 -2.054778810000
86 -1.867279200000
87 -1.679779580000
88 -1.492279970000
89 -1.304780430000
90 -1.117280560000
91 -0.929780710000
92 -0.742280850000
93 -0.554781150000
94 -0.367284480000
95 -0.182350440000
96 0.000000000000

[a]
1 0.000000000000
2 0.749999980000
3 0.749999970000
4 0.749999970000
5 0.749999970000
6 0.749999970000
7 0.749999970000
8 0.749999960000
9 0.749999960000
10 0.749999960000
11 0.749999950000
12 0.749999950000
13 0.749999950000
14 0.749999940000
15 0.749999930000
16 0.749999930000
17 0.749999920000
18 0.749999910000
19 0.749999900000
20 0.749999870000
21 0.749999840000
22 0.749999800000
23 0.749999770000
24 0.749999770000
25 0.749999790000
26 0.749999760000
27 0.749999720000
28 0.749999520000
29 0.749999440000
30 0.749999320000
31 0.749999130000
32 0.749998790000
33 0.749998050000
34 0.598387810000
35 0.000009010000
36 0.000007090000
37 0.000004670000
38 0.000003030000
39 0.000002030000
40 0.000000930000
41 -0.000000730000
42 -0.743465240000
43 -0.749993330000
44 -0.749997100000
45 -0.749998210000
46 -0.749998810000
47 -0.749999170000
48 -0.749999410000
49 -0.749999580000
50 -0.749999710000
51 -0.749999790000
52 -0.749999870000
53 -0.749999890000
54 -0.749999910000
55 -0.749999920000
56 -0.749999930000
57 -0.749999940000
58 -0.749999950000
59 -0.749999960000
60 -0.749999960000
61 -0.749999970000
62 -0.749999970000
63 -0.749999970000
64 -0.749999980000
65 -0.749999980000
66 -0.749999980000
67 -0.749999980000
68 -0.749999980000
69 -0.749999990000
70 -0.749999990000
71 -0.749999990000
72 -0.749999980000
73 -0.749999980000
74 -0.749999980000
75 -0.749999980000
76 -0.749999980000
77 -0.749999970000
78 -0.749999960000
79 -0.749999950000
80 -0.749999930000
81 -0.749999900000
82 -0.749999840000
83 -0.749999660000
84 0.640105840000
85 0.749999650000
86 0.749999830000
87 0.749999890000
88 0.749999920000
89 0.749999940000
90 0.749999960000
91 0.749999960000
92 0.749999970000
93 0.749999970000
94 0.749999970000
95 0.749999970000
96 0.000000000000

[phy]
1 0.000000000000
2 0.000000000000
3 0.111576250000
4 0.223132290000
5 0.334667190000
6 0.446174350000
7 0.389648260000
8 0.278167130000
9 0.166676870000
10 0.055200330000
11 0.000005530000
12 0.101040460000
13 -0.000044420000
14 -0.026371140000
15 -0.137939600000
16 -0.249522850000
17 -0.358744860000
18 -0.471172310000
19 -0.584234880000
20 -0.698347170000
21 -0.661461400000
22 -0.567345670000
23 -0.484810670000
24 -0.406518880000
25 -0.323153780000
26 -0.219069890000
27 -0.110096340000
28 0.000000000000
29 0.000000430000
30 -0.075407530000
31 0.000685460000
32 -0.000000650000
33 -0.000000330000
34 -0.000000000000
35 0.124999980000
36 0.212527250000
37 0.296477760000
38 0.377087930000
39 0.454535710000
40 0.528954230000
41 0.600441610000
42 0.669068130000
43 0.699999920000
44 0.684051350000
45 0.616439480000
46 0.544419720000
47 0.467573220000
48 0.385382360000
49 0.297196690000
50 0.202182440000
51 0.099245060000
52 0.000000020000
53 -0.124999840000
54 -0.246986340000
55 -0.297563680000
56 -0.172563830000
57 -0.099655780000
58 -0.008402090000
59 0.116597860000
60 0.241597830000
61 0.366597800000
62 0.491597760000
63 0.616597710000
64 0.699999970000
65 0.699999980000
66 0.699999980000
67 0.699999970000
68 0.624999930000
69 0.499999980000
70 0.375000010000
71 0.250000040000
72 0.125000070000
73 0.000000090000
74 -0.124999890000
75 -0.249999860000
76 -0.374999840000
77 -0.499999800000
78 -0.624999740000
79 -0.499999880000
80 -0.374999920000
81 -0.249999950000
82 -0.124999970000
83 0.000000010000
84 0.124999430000
85 0.249999010000
86 0.374998760000
87 0.499998490000
88 0.624998160000
89 0.699999950000
90 0.699999950000
91 0.619853660000
92 0.494853810000
93 0.369854040000
94 0.244856280000
95 0.121566950000
96 0.000000000000

[w]
1 0.000000000000
2 0.499981270000
3 0.499978030000
4 0.499968370000
5 0.499933070000
6 -0.253473430000
7 -0.499868260000
8 -0.499877000000
9 -0.499773820000
10 -0.247436480000
11 0.452918920000
12 -0.453141320000
13 -0.118032770000
14 -0.499962740000
15 -0.499984770000
16 -0.499999030000
17 -0.499999410000
18 -0.499999510000
19 -0.499999380000
20 0.172218280000
21 0.499999030000
22 0.499999430000
23 0.499999600000
24 0.499999730000
25 0.499999870000
26 0.499999920000
27 0.499999930000
28 0.000002860000
29 -0.499991930000
30 0.499985950000
31 -0.004509300000
32 0.000002110000
33 0.000002140000
34 0.499999980000
35 0.499999970000
36 0.499999960000
37 0.499999960000
38 0.499999940000
39 0.499999910000
40 0.499999830000
41 0.499999490000
42 0.258347450000
43 -0.132616590000
44 -0.499999660000
45 -0.499999810000
46 -0.499999800000
47 -0.499999820000
48 -0.499999800000
49 -0.499999740000
50 -0.499999540000
51 -0.441714690000
52 -0.499999470000
53 -0.499999070000
54 -0.208541630000
55 0.499999530000
56 0.291632280000
57 0.365014800000
58 0.499999830000
59 0.499999890000
60 0.499999900000
61 0.499999890000
62 0.499999810000
63 0.333609080000
64 0.000000010000
65 -0.000000000000
66 -0.000000010000
67 -0.300000190000
68 -0.499999820000
69 -0.499999900000
70 -0.499999920000
71 -0.499999930000
72 -0.499999930000
73 -0.499999950000
74 -0.499999940000
75 -0.499999930000
76 -0.499999900000
77 -0.499999770000
78 0.499999460000
79 0.499999870000
80 0.499999920000
81 0.499999950000
82 0.499999960000
83 0.499999680000
84 0.499999800000
85 0.499999820000
86 0.499999800000
87 0.499999670000
88 0.300007850000
89 0.000000020000
90 -0.320585410000
91 -0.499999740000
92 -0.499999860000
93 -0.499999890000
94 -0.499999910000
95 -0.499999910000
96 0.000000000000

[dt]
1 0.001002520000
2 0.223160860000
3 0.223121880000
4 0.223083920000
5 0.223044180000
6 0.223006060000
7 0.223021030000
8 0.223035380000
9 0.223054010000
10 0.223066540000
11 0.223075340000
12 0.223075970000
13 0.223045900000
14 0.223153550000
15 0.223173310000
16 0.218444440000
17 0.224855160000
18 0.226125370000
19 0.228224860000
20 0.214180220000
21 0.188231840000
22 0.165070180000
23 0.156583710000
24 0.166730300000
25 0.208167830000
26 0.217947140000
27 0.220192710000
28 0.149912030000
29 0.150818350000
30 0.152190240000
31 0.152154170000
32 0.152126360000
33 0.152126360000
34 0.249999980000
35 0.175054560000
36 0.167901020000
37 0.161220350000
38 0.154895570000
39 0.148837070000
40 0.142974800000
41 0.137253190000
42 0.119729410000
43 0.120260720000
44 0.135223840000
45 0.144039570000
46 0.153693050000
47 0.164381770000
48 0.176371420000
49 0.190028600000
50 0.205874940000
51 0.224681320000
52 0.249999980000
53 0.243973460000
54 0.242528720000
55 0.249999940000
56 0.249999940000
57 0.249999970000
58 0.249999990000
59 0.249999990000
60 0.249999990000
61 0.249999990000
62 0.249999990000
63 0.249999990000
64 0.249999990000
65 0.249999990000
66 0.249999990000
67 0.249999990000
68 0.249999990000
69 0.249999990000
70 0.249999980000
71 0.249999980000
72 0.249999980000
73 0.249999990000
74 0.249999980000
75 0.249999980000
76 0.249999980000
77 0.249999980000
78 0.249999980000
79 0.249999980000
80 0.249999980000
81 0.249999980000
82 0.249999980000
83 0.249999000000
84 0.249999250000
85 0.249999590000
86 0.249999560000
87 0.249999510000
88 0.249999420000
89 0.249999850000
90 0.249999810000
91 0.249999820000
92 0.249999610000
93 0.249995560000
94 0.246578720000
95 0.243133930000

[s]
1 0.000000000000
2 0.000000000000
3 0.037344050000
4 0.074668870000
5 0.111973750000
6 0.149259760000
7 0.186571060000
8 0.223889250000
9 0.261219650000
10 0.298551240000
11 0.335883500000
12 0.373206500000
13 0.410473340000
14 0.448001550000
15 0.485392660000
16 0.511670770000
17 0.563525620000
18 0.604843080000
19 0.649164370000
20 0.645876660000
21 0.597863990000
22 0.547601280000
23 0.538833850000
24 0.593330590000
25 0.766822130000
26 0.836873090000
27 0.881488380000
28 0.624893800000
29 0.645628820000
30 0.668716440000
31 0.685925220000
32 0.703159810000
33 0.720516610000
34 1.212599390000
35 0.875271910000
36 0.839504520000
37 0.806101400000
38 0.774477630000
39 0.744185180000
40 0.714873910000
41 0.686265840000
42 0.598646970000
43 0.590598520000
44 0.651885720000
45 0.679776390000
46 0.708731380000
47 0.739072510000
48 0.771234680000
49 0.805817940000
50 0.843672900000
51 0.886049020000
52 0.943767500000
53 0.875271950000
54 0.825710890000
55 0.805673230000
56 0.758798250000
57 0.711923370000
58 0.665048430000
59 0.618173440000
60 0.571298440000
61 0.524423450000
62 0.477548460000
63 0.430673460000
64 0.383798480000
65 0.336923480000
66 0.290048490000
67 0.243173490000
68 0.196298500000
69 0.149423500000
70 0.102548510000
71 0.055673510000
72 0.008798520000
73 -0.038076470000
74 -0.084951460000
75 -0.131826460000
76 -0.178701450000
77 -0.225576440000
78 -0.272451430000
79 -0.319326420000
80 -0.366201410000
81 -0.413076400000
82 -0.459951390000
83 -0.506824370000
84 -0.553699550000
85 -0.513693860000
86 -0.466818970000
87 -0.419944070000
88 -0.373069120000
89 -0.326194910000
90 -0.279319930000
91 -0.232445010000
92 -0.185569930000
93 -0.138692830000
94 -0.090564540000
95 -0.044335580000

[splus]
1 0.011552450000
2 0.011552450000
3 0.039029090000
4 0.074856680000
5 0.111993880000
6 0.149261910000
7 0.186571290000
8 0.223889270000
9 0.261219650000
10 0.298551240000
11 0.335883500000
12 0.373206500000
13 0.410473340000
14 0.448001550000
15 0.485392660000
16 0.511670770000
17 0.563525620000
18 0.604843080000
19 0.649164370000
20 0.645876660000
21 0.597863990000
22 0.547601280000
23 0.538833850000
24 0.593330590000
25 0.766822130000
26 0.836873090000
27 0.881488380000
28 0.624893800000
29 0.645628820000
30 0.668716440000
31 0.685925220000
32 0.703159810000
33 0.720516610000
34 1.212599390000
35 0.875271910000
36 0.839504520000
37 0.806101400000
38 0.774477630000
39 0.744185180000
40 0.714873910000
41 0.686265840000
42 0.598646970000
43 0.590598520000
44 0.651885720000
45 0.679776390000
46 0.708731380000
47 0.739072510000
48 0.771234680000
49 0.805817940000
50 0.843672900000
51 0.886049020000
52 0.943767500000
53 0.875271950000
54 0.825710890000
55 0.805673230000
56 0.758798250000
57 0.711923370000
58 0.665048430000
59 0.618173440000
60 0.571298440000
61 0.524423450000
62 0.477548460000
63 0.430673460000
64 0.383798480000
65 0.336923480000
66 0.290048490000
67 0.243173500000
68 0.196298630000
69 0.149425630000
70 0.102583920000
71 0.056253670000
72 0.016525700000
73 0.001616000000
74 0.000101600000
75 0.000006120000
76 0.000000370000
77 0.000000020000
78 0.000000000000
79 0.000000000000
80 0.000000000000
81 0.000000000000
82 0.000000000000
83 0.000000000000
84 0.000000000000
85 0.000000000000
86 0.000000000000
87 0.000000000000
88 0.000000000000
89 0.000000000000
90 0.000000000000
91 0.000000010000
92 0.000000240000
93 0.000004050000
94 0.000072610000
95 0.001126690000

[sminus]
1 0.011552450000
2 0.011552450000
3 0.001685040000
4 0.000187800000
5 0.000020130000
6 0.000002150000
7 0.000000230000
8 0.000000020000
9 0.000000000000
10 0.000000000000
11 0.000000000000
12 0.000000000000
13 0.000000000000
14 0.000000000000
15 0.000000000000
16 0.000000000000
17 0.000000000000
18 0.000000000000
19 -0.000000000000
20 0.000000000000
21 0.000000000000
22 0.000000000000
23 0.000000000000
24 0.000000000000
25 0.000000000000
26 -0.000000000000
27 -0.000000000000
28 0.000000000000
29 -0.000000000000
30 0.000000000000
31 0.000000000000
32 0.000000000000
33 0.000000000000
34 0.000000000000
35 -0.000000000000
36 -0.000000000000
37 -0.000000000000
38 -0.000000000000
39 -0.000000000000
40 -0.000000000000
41 -0.000000000000
42 0.000000000000
43 0.000000000000
44 0.000000000000
45 0.000000000000
46 0.000000000000
47 0.000000000000
48 0.000000000000
49 0.000000000000
50 0.000000000000
51 -0.000000000000
52 -0.000000000000
53 0.000000000000
54 0.000000000000
55 -0.000000000000
56 -0.000000000000
57 -0.000000000000
58 -0.000000000000
59 -0.000000000000
60 0.000000000000
61 0.000000000000
62 0.000000000000
63 0.000000000000
64 0.000000000000
65 0.000000000000
66 0.000000000000
67 0.000000010000
68 0.000000130000
69 0.000002130000
70 0.000035420000
71 0.000580160000
72 0.007727180000
73 0.039692470000
74 0.085053060000
75 0.131832580000
76 0.178701820000
77 0.225576460000
78 0.272451430000
79 0.319326420000
80 0.366201410000
81 0.413076400000
82 0.459951390000
83 0.506824370000
84 0.553699550000
85 0.513693860000
86 0.466818970000
87 0.419944070000
88 0.373069120000
89 0.326194910000
90 0.279319930000
91 0.232445030000
92 0.185570170000
93 0.138696880000
94 0.090637150000
95 0.045462270000

[k]
1 0.000000000000
2 0.000000000000
3 0.056020790000
4 0.113455330000
5 0.173874010000
6 0.239172700000
7 0.205321830000
8 0.142785400000
9 0.084118810000
10 0.027628200000
11 0.000002770000
12 0.050692310000
13 -0.000022210000
14 -0.013188630000
15 -0.069410590000
16 -0.127416860000
17 -0.187485280000
18 -0.254720780000
19 -0.330619000000
20 -0.419733430000
21 -0.389224620000
22 -0.318615030000
23 -0.263370390000
24 -0.215249360000
25 -0.167446600000
26 -0.111321500000
27 -0.055271670000
28 0.000000000000
29 0.000000220000
30 -0.037775390000
31 0.000342730000
32 -0.000000330000
33 -0.000000170000
34 -0.000000000000
35 0.062827560000
36 0.107892970000
37 0.152740580000
38 0.198020000000
39 0.244330730000
40 0.292256540000
41 0.342392650000
42 0.395369260000
43 0.421144120000
44 0.407692050000
45 0.354273710000
46 0.302726710000
47 0.252458350000
48 0.202833620000
49 0.153133670000
50 0.102491580000
51 0.049786090000
52 0.000000010000
53 -0.062827490000
54 -0.126067120000
55 -0.153334400000
56 -0.087148680000
57 -0.049993500000
58 -0.004201140000
59 0.058564570000
60 0.123205440000
61 0.191977140000
62 0.267721120000
63 0.354392550000
64 0.421144170000
65 0.421144170000
66 0.421144170000
67 0.421144170000
68 0.360742170000
69 0.273151230000
70 0.196813300000
71 0.127670980000
72 0.062827600000
73 0.000000050000
74 -0.062827510000
75 -0.127670890000
76 -0.196813190000
77 -0.273151120000
78 -0.360742020000
79 -0.273151170000
80 -0.196813240000
81 -0.127670930000
82 -0.062827550000
83 0.000000010000
84 0.062827280000
85 0.127670430000
86 0.196812570000
87 0.273150260000
88 0.360740820000
89 0.421144150000
90 0.421144150000
91 0.356844050000
92 0.269819560000
93 0.193847630000
94 0.124934990000
95 0.061084680000

[up]
1 0.011552450000
2 0.011552450000
3 0.041128080000
4 0.083009850000
5 0.130687790000
6 0.183533310000
7 0.223346170000
8 0.254578670000
9 0.282314200000
10 0.306469750000
11 0.335884410000
12 0.391368420000
13 0.410482090000
14 0.453673730000
15 0.517736400000
16 0.574258440000
17 0.664952260000
18 0.752746540000
19 0.855205400000
20 0.906128850000
21 0.821259240000
22 0.715096320000
23 0.675070220000
24 0.715936060000
25 0.890087810000
26 0.926308580000
27 0.928260860000
28 0.624893800000
29 0.645628960000
30 0.692967030000
31 0.686150900000
32 0.703160030000
33 0.720516730000
34 1.212599390000
35 0.928063450000
36 0.926458090000
37 0.924300820000
38 0.921705200000
39 0.918739400000
40 0.915443420000
41 0.911839320000
42 0.825866110000
43 0.829376540000
44 0.907023590000
45 0.910970210000
46 0.914701220000
47 0.918194140000
48 0.921409710000
49 0.924279890000
50 0.926683490000
51 0.928397430000
52 0.943767510000
53 0.928063440000
54 0.925642090000
55 0.924269150000
56 0.822281390000
57 0.746091250000
58 0.667730630000
59 0.652928370000
60 0.638870040000
61 0.621073670000
62 0.600284270000
63 0.577195830000
64 0.538967590000
65 0.473141110000
66 0.407314630000
67 0.341488160000
68 0.264279290000
69 0.188608790000
70 0.121966210000
71 0.063148350000
72 0.017522440000
73 0.001616000000
74 0.000107730000
75 0.000006870000
76 0.000000440000
77 0.000000030000
78 0.000000000000
79 0.000000000000
80 0.000000000000
81 0.000000000000
82 0.000000000000
83 0.000000000000
84 0.000000000000
85 0.000000000000
86 0.000000000000
87 0.000000000000
88 0.000000000000
89 0.000000000000
90 0.000000000000
91 0.000000020000
92 0.000000310000
93 0.000004810000
94 0.000081320000
95 0.001192760000

[down]
1 0.011552450000
2 0.011552450000
3 0.001775660000
4 0.000208260000
5 0.000023490000
6 0.000002640000
7 0.000000270000
8 0.000000030000
9 0.000000000000
10 0.000000000000
11 0.000000000000
12 0.000000000000
13 0.000000000000
14 0.000000000000
15 0.000000000000
16 0.000000000000
17 0.000000000000
18 0.000000000000
19 -0.000000000000
20 0.000000000000
21 0.000000000000
22 0.000000000000
23 0.000000000000
24 0.000000000000
25 0.000000000000
26 -0.000000000000
27 -0.000000000000
28 0.000000000000
29 -0.000000000000
30 0.000000000000
31 0.000000000000
32 0.000000000000
33 0.000000000000
34 0.000000000000
35 -0.000000000000
36 -0.000000000000
37 -0.000000000000
38 -0.000000000000
39 -0.000000000000
40 -0.000000000000
41 -0.000000000000
42 0.000000000000
43 0.000000000000
44 0.000000000000
45 0.000000000000
46 0.000000000000
47 0.000000000000
48 0.000000000000
49 0.000000000000
50 0.000000000000
51 -0.000000000000
52 -0.000000000000
53 0.000000000000
54 0.000000000000
55 -0.000000000000
56 -0.000000000000
57 -0.000000000000
58 -0.000000000000
59 -0.000000000000
60 0.000000000000
61 0.000000000000
62 0.000000000000
63 0.000000000000
64 0.000000000000
65 0.000000000000
66 0.000000000000
67 0.000000010000
68 0.000000170000
69 0.000002690000
70 0.000042110000
71 0.000651260000
72 0.008193240000
73 0.039692470000
74 0.090182990000
75 0.147990510000
76 0.212465860000
77 0.284728260000
78 0.366804730000
79 0.403061830000
80 0.435391770000
81 0.463704740000
82 0.487693110000
83 0.506824380000
84 0.587095490000
85 0.576654040000
86 0.555019780000
87 0.530063600000
88 0.502267140000
89 0.458074980000
90 0.392248530000
91 0.312073790000
92 0.233637810000
93 0.164507500000
94 0.101507950000
95 0.048128240000

[left]
1 0.023104910000
2 0.023104910000
3 0.025793590000
4 0.039101570000
5 0.070444050000
6 0.119889780000
7 0.128516880000
8 0.109764500000
9 0.079546950000
10 0.039316370000
11 0.023100800000
12 0.071242290000
13 0.023094500000
14 0.020527930000
15 0.042855690000
16 0.072119060000
17 0.109703860000
18 0.154679860000
19 0.210940080000
20 0.263400660000
21 0.227733890000
22 0.173638800000
23 0.143389520000
24 0.130198790000
25 0.130837690000
26 0.098099920000
27 0.056814630000
28 0.023104910000
29 0.023105070000
30 0.035047580000
31 0.023391360000
32 0.023104630000
33 0.023104760000
34 0.023104900000
35 0.198392530000
36 0.317679040000
37 0.425626030000
38 0.524891890000
39 0.617417890000
40 0.704653200000
41 0.787697450000
42 0.782990670000
43 0.821233580000
44 0.884852960000
45 0.806254300000
46 0.722655970000
47 0.632794060000
48 0.534915140000
49 0.426528230000
50 0.303977710000
51 0.161669980000
52 0.023104920000
53 0.062639230000
54 0.108256700000
55 0.126318720000
56 0.072985610000
57 0.044618920000
58 0.020825410000
59 0.129905220000
60 0.240004220000
61 0.335956080000
62 0.420515120000
63 0.496196060000
64 0.521008080000
65 0.455460400000
66 0.390838090000
67 0.327141140000
68 0.228109720000
69 0.135417090000
70 0.072483290000
71 0.035766070000
72 0.023820770000
73 0.023104900000
74 0.031523150000
75 0.061676280000
76 0.115661940000
77 0.193937180000
78 0.302475110000
79 0.269736630000
80 0.224889380000
81 0.167656530000
82 0.097102590000
83 0.023104900000
84 0.053503660000
85 0.089324470000
86 0.118349800000
87 0.142201470000
88 0.161682500000
89 0.161579420000
90 0.137263150000
91 0.098250140000
92 0.062713880000
93 0.038422980000
94 0.023707290000
95 0.021256630000

[right]
1 0.023104910000
2 0.023104910000
3 0.021501900000
4 0.021577910000
5 0.029811430000
6 0.044721120000
7 0.047141620000
8 0.041258590000
9 0.032048830000
10 0.021332480000
11 0.023098730000
12 0.029288200000
13 0.023114900000
14 0.033851660000
15 0.119459680000
16 0.221210400000
17 0.354053630000
18 0.514181020000
19 0.716509430000
20 0.901544000000
21 0.769916940000
22 0.575766580000
23 0.469848310000
24 0.427474300000
25 0.440852310000
26 0.326294250000
27 0.177241300000
28 0.023104910000
29 0.023104740000
30 0.094798960000
31 0.022833280000
32 0.023105180000
33 0.023105050000
34 0.023104910000
35 0.062639290000
36 0.095698150000
37 0.125935010000
38 0.154025810000
39 0.180470020000
40 0.205645240000
41 0.229841790000
42 0.231434310000
43 0.242619920000
44 0.258451500000
45 0.235280640000
46 0.210871180000
47 0.184889940000
48 0.156878080000
49 0.126189070000
50 0.091882500000
51 0.052533530000
52 0.023104890000
53 0.198392330000
54 0.362649810000
55 0.426988620000
56 0.232381130000
57 0.129574560000
58 0.027429010000
59 0.045186920000
60 0.076942050000
61 0.105081680000
62 0.130324920000
63 0.153343370000
64 0.161710890000
65 0.143371380000
66 0.125031870000
67 0.106692370000
68 0.077337960000
69 0.049471930000
70 0.030456230000
71 0.021127910000
72 0.022687590000
73 0.023104910000
74 0.020910360000
75 0.028603180000
76 0.047372580000
77 0.075743770000
78 0.116247820000
79 0.106510430000
80 0.091705210000
81 0.071438340000
82 0.045057280000
83 0.023104910000
84 0.114526050000
85 0.205679670000
86 0.283504950000
87 0.351087640000
88 0.409912990000
89 0.418182670000
90 0.359748960000
91 0.257074460000
92 0.159761060000
93 0.091162470000
94 0.046174230000
95 0.026693870000
