  0.00000000
  0.00000000
  0.11157625
  0.22313229
  0.33466719
  0.44617435
  0.38964826
  0.27816713
  0.16667687
  0.05520033
  0.00000553
  0.10104046
 -0.00004442
 -0.02637114
 -0.13793960
 -0.24952285
 -0.35874486
 -0.47117231
 -0.58423488
 -0.69834717
 -0.66146140
 -0.56734567
 -0.48481067
 -0.40651888
 -0.32315378
 -0.21906989
 -0.11009634
  0.00000000
  0.00000043
 -0.07540753
  0.00068546
 -0.00000065
 -0.00000033
 -0.00000000
  0.12499998
  0.21252725
  0.29647776
  0.37708793
  0.45453571
  0.52895423
  0.60044161
  0.66906813
  0.69999992
  0.68405135
  0.61643948
  0.54441972
  0.46757322
  0.38538236
  0.29719669
  0.20218244
  0.09924506
  0.00000002
 -0.12499984
 -0.24698634
 -0.29756368
 -0.17256383
 -0.09965578
 -0.00840209
  0.11659786
  0.24159783
  0.36659780
  0.49159776
  0.61659771
  0.69999997
  0.69999998
  0.69999998
  0.69999997
  0.62499993
  0.49999998
  0.37500001
  0.25000004
  0.12500007
  0.00000009
 -0.12499989
 -0.24999986
 -0.37499984
 -0.49999980
 -0.62499974
 -0.49999988
 -0.37499992
 -0.24999995
 -0.12499997
  0.00000001
  0.12499943
  0.24999901
  0.37499876
  0.49999849
  0.62499816
  0.69999995
  0.69999995
  0.61985366
  0.49485381
  0.36985404
  0.24485628
  0.12156695
  0.00000000
