  0.01155245
  0.01155245
  0.00168504
  0.00018780
  0.00002013
  0.00000215
  0.00000023
  0.00000002
  0.00000000
  0.00000000
  0.00000000
  0.00000000
  0.00000000
  0.00000000
  0.00000000
  0.00000000
  0.00000000
  0.00000000
 -0.00000000
  0.00000000
  0.00000000
  0.00000000
  0.00000000
  0.00000000
  0.00000000
 -0.00000000
 -0.00000000
  0.00000000
 -0.00000000
  0.00000000
  0.00000000
  0.00000000
  0.00000000
  0.00000000
 -0.00000000
 -0.00000000
 -0.00000000
 -0.00000000
 -0.00000000
 -0.00000000
 -0.00000000
  0.00000000
  0.00000000
  0.00000000
  0.00000000
  0.00000000
  0.00000000
  0.00000000
  0.00000000
  0.00000000
 -0.00000000
 -0.00000000
  0.00000000
  0.00000000
 -0.00000000
 -0.00000000
 -0.00000000
 -0.00000000
 -0.00000000
  0.00000000
  0.00000000
  0.00000000
  0.00000000
  0.00000000
  0.00000000
  0.00000000
  0.00000001
  0.00000013
  0.00000213
  0.00003542
  0.00058016
  0.00772718
  0.03969247
  0.08505306
  0.13183258
  0.17870182
  0.22557646
  0.27245143
  0.31932642
  0.36620141
  0.41307640
  0.45995139
  0.50682437
  0.55369955
  0.51369386
  0.46681897
  0.41994407
  0.37306912
  0.32619491
  0.27931993
  0.23244503
  0.18557017
  0.13869688
  0.09063715
  0.04546227
