  0.00000000
  0.00000000
 -0.00000000
  0.00209204
  0.01056362
  0.03003295
  0.06573181
  0.10403892
  0.13600705
  0.15798054
  0.16622898
  0.16622992
  0.18514859
  0.18513947
  0.17923095
  0.14553956
  0.08034407
 -0.02530868
 -0.17937479
 -0.39400086
 -0.66509689
 -0.89780027
 -1.07227427
 -1.21418715
 -1.34190118
 -1.47030293
 -1.56346490
 -1.61218624
 -1.61218624
 -1.61218610
 -1.63744712
 -1.63721204
 -1.63721227
 -1.63721239
 -1.63721239
 -1.58222119
 -1.49164456
 -1.36852016
 -1.21515810
 -1.03333079
 -0.82440422
 -0.58943184
 -0.35274523
 -0.10401813
  0.16175049
  0.40257739
  0.61712931
  0.80371433
  0.96014665
  1.08354452
  1.17001388
  1.21412680
  1.21412681
  1.15913568
  1.05504069
  0.93150326
  0.86537500
  0.82978346
  0.82698949
  0.86319256
  0.93357963
  1.03425695
  1.16210675
  1.31473422
  1.47636871
  1.61826207
  1.74041430
  1.84282540
  1.91363854
  1.95445376
  1.97463667
  1.98174456
  1.98229735
  1.98229735
  1.98763464
  2.00446504
  2.03963584
  2.10125230
  2.19953698
  2.28676136
  2.35883465
  2.41157250
  2.44047012
  2.44047012
  2.40568268
  2.34009916
  2.24822332
  2.13351549
  1.99893422
  1.86155915
  1.74392519
  1.66097857
  1.61090818
  1.58402290
  1.57270822
  1.57000000
