  0.00000000
  0.00000000
  0.16737064
  0.33471204
  0.50202498
  0.66930810
  0.83656264
  1.00382841
  1.17110493
  1.33839543
  1.50569533
  1.67300183
  1.84030879
  2.00759321
  2.17495835
  2.34233832
  2.50617163
  2.67481298
  2.84440699
  3.01557561
  3.17621075
  3.31738460
  3.44118720
  3.55862495
  3.68367263
  3.83979846
  4.00325876
  4.16840323
  4.28083718
  4.39395086
  4.50809344
  4.62220893
  4.73630352
  4.85039799
  4.99999493
  4.99999651
  4.99999770
  4.99999845
  4.99999892
  4.99999923
  4.99999936
  4.99999926
  4.91098460
  4.82078987
  4.71937238
  4.61134296
  4.49607335
  4.37278716
  4.24050869
  4.09798732
  3.94358118
  3.77507023
  3.58757028
  3.40459021
  3.22269369
  3.03519376
  2.84769382
  2.66019386
  2.47269388
  2.28519390
  2.09769392
  1.91019394
  1.72269396
  1.53519397
  1.34769399
  1.16019400
  0.97269402
  0.78519403
  0.59769404
  0.41019406
  0.22269407
  0.03519409
 -0.15230589
 -0.33980588
 -0.52730586
 -0.71480584
 -0.90230582
 -1.08980580
 -1.27730578
 -1.46480575
 -1.65230572
 -1.83980568
 -2.02730563
 -2.21480479
 -2.05477881
 -1.86727920
 -1.67977958
 -1.49227997
 -1.30478043
 -1.11728056
 -0.92978071
 -0.74228085
 -0.55478115
 -0.36728448
 -0.18235044
  0.00000000
