  4.00000000
  4.00000000
  4.00000000
  4.03734405
  4.11201276
  4.22398026
  4.37317271
  4.55934087
  4.78201951
  5.04082687
  5.33566026
  5.66691388
  6.03497601
  6.43843391
  6.87877938
  7.35639657
  7.86265786
  8.42436563
  9.02901501
  9.66776382
 10.26415379
 10.73458725
 11.07592442
 11.33355597
 11.54068694
 11.71468013
 11.79863886
 11.80510137
 11.77924446
 11.75252957
 11.72485945
 11.67917583
 11.63250930
 11.58469068
 11.50421380
 11.44612442
 11.43653340
 11.50027115
 11.65586340
 11.91498029
 12.28096750
 12.74693821
 13.24456748
 13.79880158
 14.44716385
 15.11806704
 15.77013836
 16.37288383
 16.90814955
 17.37020543
 17.76521249
 18.11089468
 18.44041611
 18.74602194
 19.07641512
 19.47376698
 19.92648746
 20.38806630
 20.83699762
 21.25555930
 21.62691168
 21.93892300
 22.18302892
 22.35418164
 22.45138744
 22.48315507
 22.46939287
 22.42834377
 22.37560102
 22.32537003
 22.28698464
 22.26510758
 22.26159276
 22.27682280
 22.31080215
 22.36417493
 22.43926576
 22.54119278
 22.67903323
 22.86683763
 23.10719239
 23.40005166
 23.74278948
 24.13006338
 24.55315547
 24.93391576
 25.25865117
 25.52186802
 25.72089594
 25.85632473
 25.93640103
 25.97644324
 25.99315568
 25.99871741
 25.99991523
 26.00000000
