 22.00000000
 22.00000000
 22.00000000
 22.00000000
 22.00015621
 22.00133904
 22.00582107
 22.01807590
 22.04132710
 22.07674538
 22.12371473
 22.17929153
 22.24104432
 22.31660942
 22.39907917
 22.48561152
 22.55981724
 22.60504448
 22.58973834
 22.47391805
 22.22597517
 21.85701214
 21.42881113
 20.95555866
 20.39955690
 19.65273527
 18.82008438
 17.93861969
 17.31426108
 16.66918520
 16.00104147
 15.31663924
 14.61502969
 13.89610162
 12.68617569
 11.81283353
 10.97338380
 10.16980620
  9.41111875
  8.71350136
  8.09941825
  7.59560073
  7.26281957
  7.05878236
  6.99109664
  7.10057197
  7.37824653
  7.80594512
  8.36118699
  9.02137403
  9.76686272
 10.58269768
 11.46706905
 12.28725565
 13.04398468
 13.74485617
 14.35380522
 14.89581985
 15.38648275
 15.84139430
 16.27553635
 16.69704423
 17.10748890
 17.50269313
 17.87397779
 18.20940029
 18.49912210
 18.73880589
 18.92788604
 19.06861354
 19.16370696
 19.21490202
 19.22296800
 19.18807010
 19.11021026
 18.98967163
 18.82751252
 18.62627731
 18.39126711
 18.13300586
 17.85672147
 17.56540452
 17.25867000
 16.93172984
 16.57455164
 16.22972851
 15.89436771
 15.56715231
 15.25160761
 14.95485492
 14.68725931
 14.45828921
 14.27347338
 14.13489211
 14.04433550
 14.00000000
