  0.00000000
  0.74925099
  0.74923984
  0.74922803
  0.74921572
  0.74920291
  0.74918952
  0.74917552
  0.74916091
  0.74914555
  0.74912842
  0.74911392
  0.74909806
  0.74908142
  0.74906410
  0.74904609
  0.74902732
  0.74900767
  0.74898705
  0.74896536
  0.74894249
  0.74891835
  0.74889551
  0.74886716
  0.74883830
  0.74880735
  0.74878108
  0.74875040
  0.74871624
  0.74867891
  0.74864383
  0.74860591
  0.74856516
  0.74852112
  0.74848382
  0.74842204
  0.74836635
  0.74831219
  0.74825226
  0.74818773
  0.74811864
  0.74804390
  0.74796239
  0.74787315
  0.74777515
  0.74766774
  0.74754782
  0.74741434
  0.74726469
  0.74709555
  0.74690156
  0.74667990
  0.74642196
  0.74611690
  0.74575211
  0.74530755
  0.74475293
  0.74404220
  0.74309994
  0.74178703
  0.73982400
  0.73653159
  0.72996339
  0.71183221
  0.60791737
 -0.03482148
 -0.16366125
 -0.68831860
 -0.72564351
 -0.73505574
 -0.73940579
 -0.74182391
 -0.74240113
 -0.74192307
 -0.74179687
 -0.74208840
 -0.74290083
 -0.74422349
 -0.74572484
 -0.74622971
 -0.74659833
 -0.74691357
 -0.74717598
 -0.74739590
 -0.74758030
 -0.74842484
 -0.74857284
 -0.74870846
 -0.74883456
 -0.74884439
 -0.74854786
 -0.74879189
 -0.74912965
 -0.74918605
 -0.74923576
 -0.74907956
 -0.74911247
 -0.74914087
 -0.74916189
 -0.74918578
 -0.74920557
 -0.74922542
 -0.74924546
 -0.74926032
 -0.74926807
 -0.74928382
 -0.74932736
 -0.74934244
 -0.74934728
 -0.74935445
 -0.74935967
 -0.74936154
 -0.74936034
 -0.74935861
 -0.74935718
 -0.74935437
 -0.74934999
 -0.74918585
 -0.74918157
 -0.74917649
 -0.74916972
 -0.74916090
 -0.74915269
 -0.74914666
 -0.74914058
 -0.74912816
 -0.74912389
 -0.74911936
 -0.74911296
 -0.74925192
 -0.74924376
 -0.74923369
 -0.74922185
 -0.74920801
 -0.74919117
 -0.74917355
 -0.74915327
 -0.74912864
 -0.74910094
 -0.74908148
 -0.74903389
 -0.74900249
 -0.74897058
 -0.74893920
 -0.74890068
 -0.74885930
 -0.74881452
 -0.74875751
 -0.74869566
 -0.74861965
 -0.74853520
 -0.74843632
 -0.74832657
 -0.74819471
 -0.74804061
 -0.74785951
 -0.74764056
 -0.74740639
 -0.74708558
 -0.74668872
 -0.74619783
 -0.74556659
 -0.74457218
 -0.74338993
 -0.74241595
 -0.74131640
 -0.73786789
 -0.72711014
 -0.31864502
  0.71989865
  0.72472159
  0.72883558
  0.73437435
  0.73963813
  0.74135537
  0.74250685
  0.74335437
  0.74404361
  0.74461742
  0.74509925
  0.74552588
  0.74590496
  0.74624466
  0.74849542
  0.74875094
  0.74897099
  0.74915693
  0.74931175
  0.74943927
  0.74955306
  0.74963050
  0.74968035
  0.74971638
  0.74974448
  0.74978406
  0.74979442
  0.74979683
  0.74979491
  0.74978971
  0.74978089
  0.74976787
  0.74974878
  0.74972109
  0.74967975
  0.74961416
  0.74949819
  0.74924662
  0.74853108
 -0.47181109
 -0.74865184
 -0.74942638
 -0.74958684
 -0.74965939
 -0.74970019
 -0.74972527
 -0.74974096
  0.00000000
