  0.01107227
  0.10396386
  0.10372498
  0.10360563
  0.10353452
  0.10350335
  0.10351502
  0.10356547
  0.10365617
  0.10382483
  0.10444303
  0.10406863
  0.10390798
  0.10379819
  0.10371113
  0.10363856
  0.10358069
  0.10354439
  0.10353582
  0.10355311
  0.10359099
  0.10364834
  0.10368269
  0.10382527
  0.10402347
  0.10448978
  0.10376435
  0.10360103
  0.10381198
  0.10450810
  0.10400703
  0.10382120
  0.10372158
  0.10372702
  0.10350552
  0.10419571
  0.10484858
  0.10403908
  0.10383015
  0.10379914
  0.10389439
  0.10405313
  0.10423834
  0.10443796
  0.10464925
  0.10487893
  0.10508527
  0.10530616
  0.10554254
  0.10579451
  0.10606210
  0.10629589
  0.10654420
  0.10677175
  0.10702163
  0.10726421
  0.10749445
  0.10773091
  0.10799645
  0.10835556
  0.10871689
  0.10897541
  0.10918341
  0.10930372
  0.10936319
  0.10979003
  0.11059701
  0.11083205
  0.11151078
  0.11208833
  0.11330683
  0.11375798
  0.10346823
  0.08952362
  0.08168646
  0.07925490
  0.08250001
  0.09309888
  0.11127006
  0.11441411
  0.11529868
  0.11613752
  0.11677026
  0.11714276
  0.11743353
  0.16121533
  0.16096062
  0.16086083
  0.16080451
  0.14927826
  0.11676795
  0.13261286
  0.16625069
  0.16666086
  0.16617402
  0.13315935
  0.13244096
  0.13168127
  0.13091003
  0.13030180
  0.12971825
  0.12907270
  0.12842918
  0.12781480
  0.12723884
  0.12639200
  0.12983745
  0.12892337
  0.12826152
  0.12751855
  0.12680718
  0.12618364
  0.12557484
  0.12504535
  0.12459379
  0.12423282
  0.12401258
  0.09896970
  0.09859182
  0.09838278
  0.09818034
  0.09798697
  0.09806538
  0.09839915
  0.09888365
  0.09735240
  0.09733751
  0.09746705
  0.09760070
  0.11850207
  0.11827100
  0.11814415
  0.11806504
  0.11801664
  0.11792896
  0.11780881
  0.11764551
  0.11743560
  0.11715033
  0.11675296
  0.11700209
  0.11778889
  0.11833469
  0.11882144
  0.11933441
  0.11989231
  0.12015346
  0.12029046
  0.12075666
  0.12109443
  0.12129862
  0.12169536
  0.12223323
  0.12223264
  0.12227703
  0.12235443
  0.12248024
  0.12397008
  0.12410700
  0.12415336
  0.12424837
  0.12337346
  0.11604752
  0.10841785
  0.10931558
  0.11996852
  0.12443145
  0.12437305
  0.12280335
  0.11425331
  0.08988212
  0.08484211
  0.09314517
  0.10923890
  0.11025335
  0.11038780
  0.11037737
  0.11067617
  0.11088465
  0.11088913
  0.11105705
  0.11126326
  0.11157383
  0.23272289
  0.23317336
  0.23352596
  0.23370895
  0.23360187
  0.23298088
  0.23716739
  0.23922235
  0.23827396
  0.23664924
  0.23512496
  0.24816288
  0.24512399
  0.24084918
  0.23676032
  0.23333798
  0.23042131
  0.22700831
  0.22427174
  0.22155052
  0.21869287
  0.21554631
  0.21187513
  0.20767836
  0.21246382
  0.21263829
  0.22277851
  0.24530914
  0.23956652
  0.23439431
  0.23023664
  0.22684186
  0.22396875
