  0.00000000
  0.00000000
 -0.04377535
 -0.07770207
 -0.09905049
 -0.10361759
 -0.08170747
 -0.04981073
 -0.02560045
 -0.00898672
  0.01457152
  0.03029121
  0.03432703
  0.01641961
 -0.00295338
  0.05842099
 -0.00035642
 -0.00022912
 -0.00005821
  0.06271619
  0.04433845
 -0.00000141
  0.03033721
  0.09384050
  0.16000439
  0.23136434
  0.31111157
  0.33564258
  0.25200514
  0.21100184
  0.14122401
  0.07598559
  0.01291514
 -0.04974911
 -0.11400040
 -0.18204191
 -0.25660277
 -0.34144647
 -0.42114331
 -0.36929902
 -0.30766984
 -0.40149917
 -0.30816346
 -0.25898586
 -0.18458036
 -0.11640105
 -0.09446478
 -0.15965029
 -0.11291469
 -0.10146810
 -0.10801701
 -0.06273358
  0.00004548
  0.01674564
  0.07970767
  0.14505733
  0.12730574
  0.06265190
 -0.00008287
 -0.00027838
 -0.03645330
 -0.10001704
 -0.16690950
 -0.23965915
 -0.32170239
 -0.41807150
 -0.42104440
 -0.42105478
 -0.42106211
 -0.42106031
 -0.42103033
 -0.42097632
 -0.42087516
 -0.35900799
 -0.27204520
 -0.19606836
 -0.12718882
 -0.06257744
 -0.00002522
  0.06278031
  0.12759772
  0.19670622
  0.27299493
  0.36049908
  0.42110307
  0.42096507
  0.36043496
  0.27295556
  0.19667626
  0.12757252
  0.06275791
 -0.00004560
 -0.06281638
 -0.12758963
 -0.19660988
 -0.19657473
 -0.12753995
 -0.06275127
  0.00003807
  0.00031475
  0.00217764
  0.06424374
  0.12878644
  0.19769219
  0.27376482
  0.36066546
  0.35898855
  0.27205805
  0.19608607
  0.12722161
  0.06262812
