  0.02310491
  0.02310491
  0.02571264
  0.03620714
  0.05435952
  0.07103973
  0.07064563
  0.05554279
  0.03982639
  0.02822002
  0.02058321
  0.02523255
  0.02819774
  0.02170837
  0.02563019
  0.04716901
  0.02341191
  0.02331564
  0.02316154
  0.06071019
  0.04823647
  0.02310655
  0.03700049
  0.08568919
  0.13059884
  0.17328404
  0.21498717
  0.22670129
  0.18463667
  0.16166029
  0.11840852
  0.07258394
  0.02324535
  0.15746350
  0.32559966
  0.48097457
  0.64053981
  0.78620135
  0.90347501
  0.82914359
  0.73103017
  0.87612645
  0.36917074
  0.55813447
  0.43459385
  0.29829604
  0.25808456
  0.40051535
  0.26694575
  0.22196449
  0.21978758
  0.12228261
  0.02307909
  0.02097567
  0.04158230
  0.05988243
  0.04843228
  0.02727695
  0.02312429
  0.02315565
  0.03016062
  0.03736095
  0.03172899
  0.02227788
  0.03126759
  0.05652408
  0.07771639
  0.09950764
  0.12215161
  0.14238399
  0.12562364
  0.10276022
  0.08079227
  0.05268099
  0.03003802
  0.02160373
  0.02769476
  0.02991639
  0.02310802
  0.02252617
  0.03667344
  0.05879819
  0.08899719
  0.12949520
  0.14164596
  0.12045196
  0.09195100
  0.06055975
  0.03832308
  0.02417026
  0.02096056
  0.02310518
  0.02131842
  0.02361747
  0.03796258
  0.04793593
  0.04194082
  0.03015908
  0.02311398
  0.02316712
  0.02345165
  0.03532657
  0.03799767
  0.02852880
  0.02255950
  0.03745942
  0.05275524
  0.03382297
  0.02179832
  0.02422772
  0.02639372
