  0.00000000
  0.00000000
  0.07789535
  0.15561033
  0.23323454
  0.31080412
  0.38834899
  0.46590123
  0.54348987
  0.62114505
  0.69892519
  0.77716739
  0.85512716
  0.93296475
  1.01071823
  1.08840458
  1.16603460
  1.24361923
  1.32117457
  1.39872131
  1.47627876
  1.55386226
  1.63148631
  1.70913351
  1.78688495
  1.86478222
  1.94302627
  2.02072318
  2.09829433
  2.17602025
  2.25426461
  2.33212935
  2.40985067
  2.48749297
  2.56513478
  2.64260546
  2.72058863
  2.79905592
  2.87691021
  2.95460145
  3.03226259
  3.10998777
  3.18782394
  3.26579027
  3.34389670
  3.42215106
  3.50056605
  3.57912287
  3.65783093
  3.73670007
  3.81573986
  3.89495943
  3.97433023
  4.05385918
  4.13352564
  4.21333981
  4.29328749
  4.37334743
  4.45350725
  4.53376312
  4.61414411
  4.69457857
  4.77484292
  4.85454094
  4.93234138
  4.99882172
  4.99503982
  4.97688971
  4.90059704
  4.81968813
  4.73730056
  4.65352386
  4.56913732
  4.49232539
  4.42589560
  4.36529227
  4.30647113
  4.24517646
  4.17588761
  4.09291469
  4.00753675
  3.92145597
  3.83471218
  3.74746438
  3.65991138
  3.57211752
  3.45146021
  3.33096970
  3.21053208
  3.09011663
  2.97833073
  2.89092091
  2.79161910
  2.66707652
  2.54221659
  2.41771383
  2.31796658
  2.21875342
  2.12010586
  2.02203305
  1.92441305
  1.82722761
  1.73052341
  1.63429904
  1.53853278
  1.44319602
  1.34849195
  1.25120127
  1.15459400
  1.05848141
  0.96292464
  0.86790029
  0.77334276
  0.67924129
  0.58553662
  0.49217053
  0.39907525
  0.30614543
  0.23199812
  0.15813463
  0.08442839
  0.01087456
 -0.06253357
 -0.13599975
 -0.20971554
 -0.28379403
 -0.35672359
 -0.42964144
 -0.50265582
 -0.57576980
 -0.66455897
 -0.75317389
 -0.84169250
 -0.93015038
 -1.01857033
 -1.10692264
 -1.19518269
 -1.28331780
 -1.37129273
 -1.45905065
 -1.54650689
 -1.63414617
 -1.72237151
 -1.81100187
 -1.89999252
 -1.98936271
 -2.07914555
 -2.16911774
 -2.25918544
 -2.34959462
 -2.44024793
 -2.53104390
 -2.62212545
 -2.71359656
 -2.80505120
 -2.89652044
 -2.98802550
 -3.07959810
 -3.17225503
 -3.26497455
 -3.35767960
 -3.45039464
 -3.54237647
 -3.62878059
 -3.70937823
 -3.79053746
 -3.87946595
 -3.97128950
 -4.06174022
 -4.10092543
 -4.01871959
 -3.95356423
 -3.89170549
 -3.82328130
 -3.74248829
 -3.66075069
 -3.57878617
 -3.49673578
 -3.41438674
 -3.33181928
 -3.24919529
 -3.16639860
 -3.08340542
 -3.00014149
 -2.82594960
 -2.65136106
 -2.47645706
 -2.30137249
 -2.12633189
 -1.95172688
 -1.77395701
 -1.59462860
 -1.41599918
 -1.23857918
 -1.06229535
 -0.87622704
 -0.69243460
 -0.51184661
 -0.33432476
 -0.15937012
  0.01339567
  0.18359933
  0.35174692
  0.51784815
  0.68179792
  0.84337465
  1.00217489
  1.15777765
  1.31681381
  1.21651115
  1.04972779
  0.86588782
  0.68631228
  0.51059643
  0.33798791
  0.16791872
  0.00000000
