  0.00000000
  0.49912875
  0.49898603
  0.49857710
  0.49729999
  0.04324780
 -0.49673613
 -0.49673913
 -0.49499882
 -0.05038232
 -0.48894190
 -0.48416890
 -0.49895179
 -0.49948444
 -0.49964284
 -0.49952195
  0.49346640
  0.49989083
  0.49981865
  0.49959065
  0.49992677
  0.49996893
  0.49997682
  0.49997904
  0.49997840
  0.49997408
  0.49995779
  0.03035386
  0.00000274
  0.00000046
 -0.00000056
 -0.26925391
 -0.49995655
 -0.49997526
 -0.49998105
 -0.49998357
 -0.49998457
 -0.49998457
 -0.49998377
 -0.49998192
 -0.49997818
 -0.49996963
 -0.49993825
 -0.00010416
 -0.00000319
 -0.00000007
  0.00000694
  0.30105554
  0.49994503
  0.49996720
  0.49997413
  0.49997710
  0.49997828
  0.00000000
