 23.11836735
 23.11836735
 23.11836735
 23.09015639
 23.03358097
 22.94790336
 22.83160689
 22.68269247
 22.49986945
 22.28310422
 22.03301676
 21.75061078
 21.43897297
 21.10167451
 20.74129986
 20.35523194
 19.93855382
 19.51326049
 19.05946525
 18.57719964
 18.06653567
 17.56575568
 17.06963484
 16.59202266
 16.16188694
 15.81316640
 15.57478252
 15.47080248
 15.51955409
 15.73966600
 16.09912570
 16.59216020
 17.19105408
 17.86419726
 18.50955500
 19.09596781
 19.59632844
 19.99136222
 20.24428787
 20.33601140
 20.24955797
 19.98962264
 19.62286069
 19.34383377
 18.81295664
 18.18384985
 17.47826675
 16.71776756
 15.99304891
 15.30843449
 14.67628074
 14.08798095
 13.55055109
 13.06255860
 12.62032096
 12.22322643
 11.86982796
 11.56021421
 11.29605368
 11.07837012
 10.90739228
 10.78311850
 10.70557932
 10.67474495
 10.69054629
 10.75290976
 10.86204216
 11.01807678
 11.22050720
 11.46735275
 11.74808746
 11.98730215
 12.17367902
 12.31134885
 12.40498840
 12.45910926
 12.47637585
 12.45767778
 12.40293646
 12.31183515
 12.18458185
 12.02257970
 11.82930695
 11.61163456
 11.38203826
 11.19890754
 11.07950515
 11.00262377
 10.95679825
 10.92962955
 10.91397901
 10.90635487
 10.90552619
 10.91131918
 10.92350953
 10.94070555
 10.95910946
 10.97414446
 10.98423163
 10.98912117
 10.99310316
 10.99618114
 10.99837843
 11.00008742
 11.00066633
 10.99950379
 10.99718460
 10.99688511
 11.00056033
 11.00328530
 11.00293737
 11.00000000
