1 1 1 6.710204081633
1 1 2 23.106122448980
1 2 1 0.024489795918
1 2 2 17.228571428571
1 3 1 5.706122448980
1 3 2 12.967346938776
1 4 1 10.677551020408
1 4 2 17.816326530612
2 1 1 12.000000000000
2 1 2 29.938775510204
2 2 1 15.085714285714
2 2 2 20.608163265306
2 3 1 21.330612244898
2 3 2 29.938775510204
2 4 1 21.330612244898
2 4 2 29.938775510204
3 1 1 30.000000000000
3 1 2 24.575510204082
3 2 1 25.812244897959
3 2 2 19.138775510204
3 3 1 30.024489795918
3 3 2 5.081632653061
3 4 1 30.024489795918
3 4 2 5.081632653061
4 1 1 11.657142857143
4 1 2 -0.061224489796
4 2 1 20.963265306122
4 2 2 20.877551020408
4 3 1 19.934693877551
4 3 2 0.012244897959
4 4 1 19.934693877551
4 4 2 0.012244897959
