  0.00000000
  0.00000000
  0.04962354
  0.10012163
  0.15244922
  0.20714946
  0.15294435
  0.10036958
  0.04963712
 -0.00020002
 -0.00082077
 -0.00077545
 -0.00078703
 -0.00085232
 -0.00033608
  0.04833480
  0.09756715
  0.09772017
  0.04830878
 -0.00054625
 -0.00300599
 -0.00287440
  0.04121431
  0.06112277
  0.03317603
  0.01448200
  0.00961967
  0.00803563
  0.00715159
  0.00662449
  0.00636971
  0.00640446
  0.00680331
  0.00698069
 -0.01973104
 -0.01356944
 -0.04946530
 -0.09423587
 -0.13884037
 -0.18372014
 -0.22936352
 -0.21542437
 -0.19953058
 -0.23586409
 -0.28198956
 -0.24805355
 -0.19987929
 -0.15154272
 -0.10231431
 -0.05131219
  0.00001652
  0.00001733
 -0.04535456
 -0.09162336
 -0.13913853
 -0.13091779
 -0.09707459
 -0.04883391
 -0.00002061
  0.05968055
  0.12116813
  0.18634894
  0.25757903
  0.33798684
  0.42107640
  0.42111876
  0.42112103
  0.42112162
  0.42112073
  0.42111825
  0.42111352
  0.42110472
  0.34730926
  0.26365464
  0.19173934
  0.12722537
  0.06728599
  0.00989079
  0.00000771
 -0.06280920
 -0.12763959
 -0.19676431
 -0.27307548
 -0.36061677
 -0.36062614
 -0.27308144
 -0.19676830
 -0.12764229
 -0.06281024
  0.00000788
  0.00008030
  0.00008846
  0.00009939
  0.00011398
  0.00013448
  0.00016529
  0.00021616
  0.00031906
  0.00098989
