task_id 5

[x]
1 5.000000000000
2 5.000000000000
3 5.000000000000
4 5.016021410000
5 5.047920860000
6 5.095217630000
7 5.157078240000
8 5.231382400000
9 5.317135260000
10 5.414009630000
11 5.519111230000
12 5.636886950000
13 5.767383380000
14 5.910627150000
15 6.066674440000
16 6.237824610000
17 6.422057670000
18 6.611863790000
19 6.797808590000
20 6.974998270000
21 7.148648480000
22 7.331822990000
23 7.525381540000
24 7.729349770000
25 7.928500350000
26 8.112939010000
27 8.291156000000
28 8.469958380000
29 8.650953130000
30 8.834409850000
31 9.020313540000
32 9.208473080000
33 9.398506840000
34 9.589749760000
35 9.781022890000
36 9.968606840000
37 10.173783340000
38 10.382935460000
39 10.619564550000
40 10.908745200000
41 11.267705960000
42 11.705324210000
43 12.247416030000
44 12.871252520000
45 13.504391960000
46 14.193835740000
47 14.932284090000
48 15.701881840000
49 16.483827800000
50 17.268035610000
51 18.016435380000
52 18.504975850000
53 19.111299550000
54 19.697965130000
55 20.254496990000
56 20.656209340000
57 21.021086740000
58 21.476861930000
59 21.902166730000
60 22.382319220000
61 22.833421920000
62 23.271694640000
63 23.706589120000
64 24.140481080000
65 24.550407070000
66 24.892267770000
67 25.311741720000
68 25.688553510000
69 26.012524410000
70 26.280077470000
71 26.492280340000
72 26.653155320000
73 26.768093240000
74 26.841753990000
75 26.878996100000
76 26.884110770000
77 26.859080340000
78 26.804833890000
79 26.722051360000
80 26.598613680000
81 26.440101730000
82 26.248815410000
83 26.029784470000
84 25.792374440000
85 25.552984130000
86 25.339471040000
87 25.175909910000
88 25.066770750000
89 25.015852430000
90 25.001308220000
91 25.001095080000
92 25.000902190000
93 25.000721740000
94 25.000556130000
95 25.000407680000
96 25.000278660000
97 25.000171270000
98 25.000087640000
99 25.000029870000
100 25.000000000000

[y]
1 5.000000000000
2 5.000000000000
3 5.000000000000
4 5.024951870000
5 5.074793480000
6 5.149666110000
7 5.250586200000
8 5.378757620000
9 5.534717680000
10 5.718610080000
11 5.923212780000
12 6.152462270000
13 6.406339380000
14 6.684863170000
15 6.988096740000
16 7.320442420000
17 7.678082500000
18 8.064833210000
19 8.487786160000
20 8.945911290000
21 9.428618530000
22 9.937352990000
23 10.472200070000
24 11.032944130000
25 11.625405000000
26 12.252450460000
27 12.910747900000
28 13.598048680000
29 14.313808770000
30 15.057848000000
31 15.829990000000
32 16.629968020000
33 17.457313590000
34 18.311160760000
35 19.189628020000
36 20.077998380000
37 20.970273590000
38 21.830710680000
39 22.646687060000
40 23.409599150000
41 24.106581300000
42 24.720054230000
43 25.254536860000
44 25.694582450000
45 26.009857280000
46 26.219486630000
47 26.287593830000
48 26.216604360000
49 26.019885540000
50 25.716936170000
51 25.351098290000
52 25.085847560000
53 24.756654850000
54 24.438144100000
55 24.113805390000
56 23.846761490000
57 23.567184910000
58 23.172264490000
59 22.757774080000
60 22.261879750000
61 21.795975010000
62 21.377046790000
63 21.018571430000
64 20.731595540000
65 20.533400550000
66 20.428973520000
67 20.367318210000
68 20.379609170000
69 20.442376790000
70 20.534122230000
71 20.636484490000
72 20.734823060000
73 20.818286470000
74 20.878819830000
75 20.911549360000
76 20.916164130000
77 20.893519930000
78 20.844866930000
79 20.771349400000
80 20.661968170000
81 20.521507000000
82 20.347406580000
83 20.134418150000
84 19.874029070000
85 19.554538750000
86 19.162847230000
87 18.697805670000
88 18.169132450000
89 17.647792690000
90 17.171048310000
91 16.776231180000
92 16.420932260000
93 16.105124230000
94 15.828806120000
95 15.591975380000
96 15.394628540000
97 15.236761570000
98 15.118370230000
99 15.039450310000
100 15.000000000000

[theta]
1 1.000000000000
2 1.000000000000
3 1.000000000000
4 1.001471480000
5 1.007396310000
6 1.020897400000
7 1.045418440000
8 1.068077630000
9 1.085941490000
10 1.096258580000
11 1.096212390000
12 1.096000060000
13 1.095777790000
14 1.095530270000
15 1.095238460000
16 1.095112980000
17 1.114558390000
18 1.156592040000
19 1.201741540000
20 1.225471170000
21 1.225190560000
22 1.223564330000
23 1.221929340000
24 1.246521360000
25 1.284725400000
26 1.306409670000
27 1.316286280000
28 1.323117840000
29 1.329050310000
30 1.334530530000
31 1.339791450000
32 1.345025680000
33 1.350461750000
34 1.356414260000
35 1.362690920000
36 1.344772800000
37 1.332344390000
38 1.288543380000
39 1.208481010000
40 1.095203880000
41 0.951169560000
42 0.778329500000
43 0.614331630000
44 0.462006050000
45 0.295174020000
46 0.091970120000
47 -0.091981900000
48 -0.246461500000
49 -0.368652090000
50 -0.454666940000
51 -0.497410230000
52 -0.497400940000
53 -0.497389050000
54 -0.527665560000
55 -0.586684330000
56 -0.653802410000
57 -0.713982670000
58 -0.772522840000
59 -0.801523820000
60 -0.801537990000
61 -0.762834780000
62 -0.689372150000
63 -0.584347100000
64 -0.450352220000
65 -0.296458520000
66 -0.145942380000
67 0.032603520000
68 0.191371070000
69 0.330339120000
70 0.449451370000
71 0.548667440000
72 0.628068530000
73 0.687884490000
74 0.720997500000
75 0.734069270000
76 0.735390090000
77 0.731095850000
78 0.726192790000
79 0.725097500000
80 0.725096240000
81 0.738398690000
82 0.771413110000
83 0.831527360000
84 0.927751600000
85 1.071719500000
86 1.232596910000
87 1.367216940000
88 1.473436620000
89 1.540298230000
90 1.570256570000
91 1.570253460000
92 1.570224930000
93 1.570197000000
94 1.570169540000
95 1.570142550000
96 1.570116000000
97 1.570089900000
98 1.570064290000
99 1.570039080000
100 1.570000000000

[v]
1 0.000000000000
2 0.000000000000
3 0.149235620000
4 0.298253580000
5 0.447053570000
6 0.595620510000
7 0.744665650000
8 0.893872930000
9 1.043200820000
10 1.192626130000
11 1.337265700000
12 1.481804340000
13 1.626273480000
14 1.770704830000
15 1.915142120000
16 2.061528180000
17 2.207878800000
18 2.354212710000
19 2.501390990000
20 2.648655890000
21 2.793902600000
22 2.939036640000
23 3.084169420000
24 3.229254040000
25 3.374402070000
26 3.519654650000
27 3.664959000000
28 3.810266700000
29 3.955562450000
30 4.100831550000
31 4.246047820000
32 4.391164520000
33 4.536098410000
34 4.680698850000
35 4.824645990000
36 4.965558420000
37 4.999754850000
38 4.999719700000
39 4.999695260000
40 4.999669840000
41 4.999637920000
42 4.999737030000
43 4.947630580000
44 4.832323080000
45 4.722756820000
46 4.608448170000
47 4.487850250000
48 4.358758970000
49 4.220072670000
50 4.070706600000
51 3.917263330000
52 3.810863470000
53 3.675113000000
54 3.538909720000
55 3.402420860000
56 3.296114130000
57 3.191542610000
58 3.049843340000
59 2.903819760000
60 2.725556150000
61 2.547119910000
62 2.368612710000
63 2.190168720000
64 2.012040410000
65 1.842326190000
66 1.696819150000
67 1.509427230000
68 1.322106600000
69 1.134915390000
70 0.948005690000
71 0.761619780000
72 0.575952480000
73 0.390988450000
74 0.208105580000
75 0.029423370000
76 -0.146176930000
77 -0.319353680000
78 -0.490481570000
79 -0.659773860000
80 -0.847248970000
81 -1.034722600000
82 -1.222194230000
83 -1.409663070000
84 -1.597127700000
85 -1.784585360000
86 -1.972043000000
87 -2.159474880000
88 -2.095437550000
89 -1.908009420000
90 -1.720553040000
91 -1.548470440000
92 -1.376397730000
93 -1.204326700000
94 -1.032259240000
95 -0.860196530000
96 -0.688139330000
97 -0.516088220000
98 -0.344043870000
99 -0.172008080000
100 0.000000000000

[a]
1 0.000000000000
2 0.749969560000
3 0.749968600000
4 0.749967570000
5 0.749966480000
6 0.749965310000
7 0.749963990000
8 0.749962540000
9 0.749960940000
10 0.749959630000
11 0.749957810000
12 0.749955860000
13 0.749953790000
14 0.749951590000
15 0.749948560000
16 0.749946060000
17 0.749943310000
18 0.749939860000
19 0.749936100000
20 0.749932760000
21 0.749927920000
22 0.749922070000
23 0.749916010000
24 0.749908940000
25 0.749900540000
26 0.749890340000
27 0.749877860000
28 0.749862230000
29 0.749842040000
30 0.749814950000
31 0.749776740000
32 0.749718970000
33 0.749622140000
34 0.749426210000
35 0.748783710000
36 0.185459100000
37 -0.000198140000
38 -0.000143450000
39 -0.000155560000
40 -0.000203460000
41 0.000657560000
42 -0.342205620000
43 -0.747285650000
44 -0.748545560000
45 -0.749161590000
46 -0.749437040000
47 -0.749604120000
48 -0.749711520000
49 -0.749784670000
50 -0.749816350000
51 -0.749764840000
52 -0.749829290000
53 -0.749847570000
54 -0.749864630000
55 -0.749830090000
56 -0.749836000000
57 -0.749895510000
58 -0.749905430000
59 -0.749928950000
60 -0.749935290000
61 -0.749940870000
62 -0.749946000000
63 -0.749950840000
64 -0.749952700000
65 -0.749945250000
66 -0.749964080000
67 -0.749967480000
68 -0.749970250000
69 -0.749972480000
70 -0.749974260000
71 -0.749975680000
72 -0.749976870000
73 -0.749977230000
74 -0.749976750000
75 -0.749976090000
76 -0.749975150000
77 -0.749973830000
78 -0.749971990000
79 -0.749973340000
80 -0.749970770000
81 -0.749967030000
82 -0.749961400000
83 -0.749952250000
84 -0.749935280000
85 -0.749899650000
86 -0.749795420000
87 0.256169990000
88 0.749768530000
89 0.749882560000
90 0.749909810000
91 0.749930510000
92 0.749943460000
93 0.749952350000
94 0.749958820000
95 0.749963750000
96 0.749967640000
97 0.749970770000
98 0.749973370000
99 0.749975550000
100 0.000000000000

[phy]
1 0.000000000000
2 0.000000000000
3 0.098923140000
4 0.197629480000
5 0.295944920000
6 0.392773560000
7 0.296850520000
8 0.198106190000
9 0.098950030000
10 -0.000400050000
11 -0.001641550000
12 -0.001550910000
13 -0.001574060000
14 -0.001704640000
15 -0.000672160000
16 0.096370180000
17 0.192712810000
18 0.193007530000
19 0.096318610000
20 -0.001092500000
21 -0.006011930000
22 -0.005748750000
23 0.082242700000
24 0.121642140000
25 0.066255190000
26 0.028956010000
27 0.019237020000
28 0.016069900000
29 0.014302210000
30 0.013248210000
31 0.012738740000
32 0.012808220000
33 0.013605780000
34 0.013960480000
35 -0.039441830000
36 -0.027132450000
37 -0.098609740000
38 -0.186286530000
39 -0.270856770000
40 -0.352126560000
41 -0.430087730000
42 -0.406815240000
43 -0.379696890000
44 -0.440777210000
45 -0.513512700000
46 -0.460528730000
47 -0.380298280000
48 -0.294285070000
49 -0.201842180000
50 -0.102266390000
51 0.000033050000
52 0.000034660000
53 -0.090461550000
54 -0.181235980000
55 -0.271410490000
56 -0.256086780000
57 -0.191763730000
58 -0.097359030000
59 -0.000041220000
60 0.118799060000
61 0.237752830000
62 0.356750860000
63 0.475700390000
64 0.594418270000
65 0.699920730000
66 0.699970250000
67 0.699972910000
68 0.699973600000
69 0.699972560000
70 0.699969650000
71 0.699964130000
72 0.699953830000
73 0.607105710000
74 0.485256080000
75 0.366183390000
76 0.249163200000
77 0.133768350000
78 0.019779000000
79 0.000015410000
80 -0.124963840000
81 -0.249941100000
82 -0.374915200000
83 -0.499883350000
84 -0.624835100000
85 -0.624847400000
86 -0.499892510000
87 -0.374922100000
88 -0.249946180000
89 -0.124965880000
90 0.000015770000
91 0.000160600000
92 0.000176920000
93 0.000198780000
94 0.000227960000
95 0.000268950000
96 0.000330580000
97 0.000432320000
98 0.000638130000
99 0.001979810000
100 0.000000000000

[w]
1 0.000000000000
2 0.497120970000
3 0.496756310000
4 0.495513120000
5 0.488782760000
6 -0.482644740000
7 -0.496311010000
8 -0.497980440000
9 -0.498629130000
10 -0.006403380000
11 0.000470520000
12 -0.000121070000
13 -0.000679590000
14 0.005338840000
15 0.497152510000
16 0.493684510000
17 0.001511810000
18 -0.492660490000
19 -0.496051030000
20 -0.025385700000
21 0.001353020000
22 0.454664050000
23 0.203645930000
24 -0.286158530000
25 -0.192565760000
26 -0.050158260000
27 -0.016344870000
28 -0.009123400000
29 -0.005440820000
30 -0.002630850000
31 0.000358070000
32 0.004121410000
33 0.001825660000
34 -0.278049190000
35 0.065413820000
36 -0.387707340000
37 -0.495046980000
38 -0.497682030000
39 -0.498020280000
40 -0.497176760000
41 0.154403940000
42 0.178094760000
43 -0.395830260000
44 -0.496965360000
45 0.347248720000
46 0.498579800000
47 0.499459720000
48 0.499728630000
49 0.499848400000
50 0.499897280000
51 0.000011200000
52 -0.499863480000
53 -0.499745190000
54 -0.495417470000
55 0.108076520000
56 0.461235320000
57 0.499611630000
58 0.499777620000
59 0.499943670000
60 0.499941190000
61 0.499932110000
62 0.499908840000
63 0.499822610000
64 0.466206060000
65 0.000260940000
66 0.000010570000
67 0.000002720000
68 -0.000004140000
69 -0.000011590000
70 -0.000022080000
71 -0.000041430000
72 -0.376476390000
73 -0.499687170000
74 -0.499777670000
75 -0.499782390000
76 -0.499736680000
77 -0.499557740000
78 -0.087540300000
79 -0.499965620000
80 -0.499959920000
81 -0.499950050000
82 -0.499929990000
83 -0.499869540000
84 -0.000049180000
85 0.499865660000
86 0.499926840000
87 0.499948100000
88 0.499958490000
89 0.499964610000
90 0.000631580000
91 0.000071180000
92 0.000095310000
93 0.000127240000
94 0.000178740000
95 0.000268720000
96 0.000443540000
97 0.000897140000
98 0.005848370000
99 -0.008629150000
100 0.000000000000

[dt]
1 0.002309800000
2 0.198988820000
3 0.198698870000
4 0.198408510000
5 0.198098070000
6 0.198735980000
7 0.198952500000
8 0.199113680000
9 0.199243960000
10 0.192863370000
11 0.192729260000
12 0.192637070000
13 0.192587210000
14 0.192595690000
15 0.195194700000
16 0.195148120000
17 0.195126580000
18 0.196253240000
19 0.196369690000
20 0.193679810000
21 0.193530790000
22 0.193530500000
23 0.193467840000
24 0.193554230000
25 0.193695810000
26 0.193767450000
27 0.193775120000
28 0.193763210000
29 0.193732870000
30 0.193669340000
31 0.193546310000
32 0.193317170000
33 0.192896920000
34 0.192075260000
35 0.188191320000
36 0.184382330000
37 0.177107150000
38 0.169928440000
39 0.163185980000
40 0.156807930000
41 0.150723720000
42 0.152262470000
43 0.154300310000
44 0.146366850000
45 0.152582190000
46 0.160918020000
47 0.172212740000
48 0.184986450000
49 0.199212320000
50 0.204640250000
51 0.141911550000
52 0.181041580000
53 0.181641180000
54 0.182018050000
55 0.141773870000
56 0.139458630000
57 0.188959270000
58 0.194722850000
59 0.237707220000
60 0.237935470000
61 0.238028350000
62 0.237942440000
63 0.237519970000
64 0.226299890000
65 0.194023210000
66 0.249867940000
67 0.249771720000
68 0.249598250000
69 0.249222150000
70 0.248523130000
71 0.247564470000
72 0.246626340000
73 0.243851200000
74 0.238250240000
75 0.234141090000
76 0.230909890000
77 0.228178370000
78 0.225731360000
79 0.249975710000
80 0.249974580000
81 0.249973170000
82 0.249971320000
83 0.249968770000
84 0.249965130000
85 0.249976990000
86 0.249977410000
87 0.249977800000
88 0.249981350000
89 0.249981000000
90 0.229471040000
91 0.229451530000
92 0.229445330000
93 0.229437850000
94 0.229429540000
95 0.229420680000
96 0.229411380000
97 0.229401410000
98 0.229389200000
99 0.229351580000

[s]
1 0.000000000000
2 0.000000000000
3 0.029652680000
4 0.059175680000
5 0.088560120000
6 0.118370600000
7 0.148152020000
8 0.177980600000
9 0.207848640000
10 0.230018710000
11 0.257733290000
12 0.285452100000
13 0.313200060000
14 0.341029830000
15 0.373826150000
16 0.402303600000
17 0.430815950000
18 0.462022200000
19 0.491197160000
20 0.512991720000
21 0.540706380000
22 0.568793240000
23 0.596687580000
24 0.625035750000
25 0.653607530000
26 0.681994530000
27 0.710177900000
28 0.738289560000
29 0.766322500000
30 0.794205440000
31 0.821807010000
32 0.848887660000
33 0.874999550000
34 0.899046470000
35 0.907956500000
36 0.915560480000
37 0.885492280000
38 0.849594470000
39 0.815880080000
40 0.783987840000
41 0.753564030000
42 0.761272030000
43 0.763421310000
44 0.707293190000
45 0.720608520000
46 0.741582360000
47 0.772864910000
48 0.806311220000
49 0.840690290000
50 0.833030290000
51 0.555904430000
52 0.689924830000
53 0.667551950000
54 0.644145400000
55 0.482374600000
56 0.459672260000
57 0.603069760000
58 0.593874030000
59 0.690258910000
60 0.648506510000
61 0.606286770000
62 0.563593490000
63 0.520208830000
64 0.455324540000
65 0.357454410000
66 0.423980110000
67 0.377011840000
68 0.329995180000
69 0.282845960000
70 0.235601550000
71 0.188550340000
72 0.142045300000
73 0.095342500000
74 0.049580210000
75 0.006888820000
76 -0.033753250000
77 -0.072868310000
78 -0.110714830000
79 -0.164927600000
80 -0.211790870000
81 -0.258653060000
82 -0.305513680000
83 -0.352371930000
84 -0.399226430000
85 -0.446105390000
86 -0.492966330000
87 -0.539820890000
88 -0.523820290000
89 -0.476966100000
90 -0.394817110000
91 -0.355298920000
92 -0.315808030000
93 -0.276318140000
94 -0.236830770000
95 -0.197346880000
96 -0.157867000000
97 -0.118391360000
98 -0.078919940000
99 -0.039450320000

[splus]
1 0.011552450000
2 0.011552450000
3 0.032251890000
4 0.059647360000
5 0.088641970000
6 0.118384310000
7 0.148154320000
8 0.177980980000
9 0.207848700000
10 0.230018720000
11 0.257733290000
12 0.285452100000
13 0.313200060000
14 0.341029830000
15 0.373826150000
16 0.402303600000
17 0.430815950000
18 0.462022200000
19 0.491197160000
20 0.512991720000
21 0.540706380000
22 0.568793240000
23 0.596687580000
24 0.625035750000
25 0.653607530000
26 0.681994530000
27 0.710177900000
28 0.738289560000
29 0.766322500000
30 0.794205440000
31 0.821807010000
32 0.848887660000
33 0.874999550000
34 0.899046470000
35 0.907956500000
36 0.915560480000
37 0.885492280000
38 0.849594470000
39 0.815880080000
40 0.783987840000
41 0.753564030000
42 0.761272030000
43 0.763421310000
44 0.707293190000
45 0.720608520000
46 0.741582360000
47 0.772864910000
48 0.806311220000
49 0.840690290000
50 0.833030290000
51 0.555904430000
52 0.689924830000
53 0.667551950000
54 0.644145400000
55 0.482374600000
56 0.459672260000
57 0.603069760000
58 0.593874030000
59 0.690258910000
60 0.648506510000
61 0.606286770000
62 0.563593490000
63 0.520208830000
64 0.455324540000
65 0.357454410000
66 0.423980110000
67 0.377011840000
68 0.329995180000
69 0.282845960000
70 0.235601560000
71 0.188550550000
72 0.142048610000
73 0.095397020000
74 0.050409880000
75 0.015350190000
76 0.002065760000
77 0.000208950000
78 0.000021670000
79 0.000000840000
80 0.000000050000
81 0.000000000000
82 0.000000000000
83 0.000000000000
84 0.000000000000
85 0.000000000000
86 0.000000000000
87 0.000000000000
88 0.000000000000
89 0.000000000000
90 0.000000000000
91 0.000000000000
92 0.000000000000
93 0.000000000000
94 0.000000010000
95 0.000000120000
96 0.000001280000
97 0.000013700000
98 0.000145710000
99 0.001493680000

[sminus]
1 0.011552450000
2 0.011552450000
3 0.002599220000
4 0.000471670000
5 0.000081850000
6 0.000013710000
7 0.000002300000
8 0.000000380000
9 0.000000060000
10 0.000000020000
11 0.000000000000
12 0.000000000000
13 0.000000000000
14 0.000000000000
15 0.000000000000
16 0.000000000000
17 0.000000000000
18 0.000000000000
19 0.000000000000
20 0.000000000000
21 0.000000000000
22 0.000000000000
23 0.000000000000
24 -0.000000000000
25 -0.000000000000
26 0.000000000000
27 0.000000000000
28 0.000000000000
29 0.000000000000
30 0.000000000000
31 0.000000000000
32 0.000000000000
33 0.000000000000
34 0.000000000000
35 -0.000000000000
36 -0.000000000000
37 -0.000000000000
38 -0.000000000000
39 -0.000000000000
40 -0.000000000000
41 -0.000000000000
42 -0.000000000000
43 0.000000000000
44 0.000000000000
45 -0.000000000000
46 -0.000000000000
47 -0.000000000000
48 -0.000000000000
49 -0.000000000000
50 0.000000000000
51 0.000000000000
52 0.000000000000
53 0.000000000000
54 -0.000000000000
55 0.000000000000
56 0.000000000000
57 0.000000000000
58 0.000000000000
59 0.000000000000
60 0.000000000000
61 0.000000000000
62 0.000000000000
63 0.000000000000
64 0.000000000000
65 0.000000000000
66 0.000000000000
67 0.000000000000
68 0.000000000000
69 0.000000000000
70 0.000000010000
71 0.000000200000
72 0.000003310000
73 0.000054520000
74 0.000829670000
75 0.008461360000
76 0.035819010000
77 0.073077270000
78 0.110736490000
79 0.164928440000
80 0.211790920000
81 0.258653070000
82 0.305513680000
83 0.352371930000
84 0.399226430000
85 0.446105390000
86 0.492966330000
87 0.539820890000
88 0.523820290000
89 0.476966100000
90 0.394817110000
91 0.355298920000
92 0.315808030000
93 0.276318140000
94 0.236830780000
95 0.197347000000
96 0.157868280000
97 0.118405060000
98 0.079065650000
99 0.040944000000

[k]
1 0.000000000000
2 0.000000000000
3 0.049623540000
4 0.100121630000
5 0.152449220000
6 0.207149460000
7 0.152944350000
8 0.100369580000
9 0.049637120000
10 -0.000200020000
11 -0.000820770000
12 -0.000775450000
13 -0.000787030000
14 -0.000852320000
15 -0.000336080000
16 0.048334800000
17 0.097567150000
18 0.097720170000
19 0.048308780000
20 -0.000546250000
21 -0.003005990000
22 -0.002874400000
23 0.041214310000
24 0.061122770000
25 0.033176030000
26 0.014482000000
27 0.009619670000
28 0.008035630000
29 0.007151590000
30 0.006624490000
31 0.006369710000
32 0.006404460000
33 0.006803310000
34 0.006980690000
35 -0.019731040000
36 -0.013569440000
37 -0.049465300000
38 -0.094235870000
39 -0.138840370000
40 -0.183720140000
41 -0.229363520000
42 -0.215424370000
43 -0.199530580000
44 -0.235864090000
45 -0.281989560000
46 -0.248053550000
47 -0.199879290000
48 -0.151542720000
49 -0.102314310000
50 -0.051312190000
51 0.000016520000
52 0.000017330000
53 -0.045354560000
54 -0.091623360000
55 -0.139138530000
56 -0.130917790000
57 -0.097074590000
58 -0.048833910000
59 -0.000020610000
60 0.059680550000
61 0.121168130000
62 0.186348940000
63 0.257579030000
64 0.337986840000
65 0.421076400000
66 0.421118760000
67 0.421121030000
68 0.421121620000
69 0.421120730000
70 0.421118250000
71 0.421113520000
72 0.421104720000
73 0.347309260000
74 0.263654640000
75 0.191739340000
76 0.127225370000
77 0.067285990000
78 0.009890790000
79 0.000007710000
80 -0.062809200000
81 -0.127639590000
82 -0.196764310000
83 -0.273075480000
84 -0.360616770000
85 -0.360626140000
86 -0.273081440000
87 -0.196768300000
88 -0.127642290000
89 -0.062810240000
90 0.000007880000
91 0.000080300000
92 0.000088460000
93 0.000099390000
94 0.000113980000
95 0.000134480000
96 0.000165290000
97 0.000216160000
98 0.000319060000
99 0.000989890000

[up]
1 0.011552450000
2 0.011552450000
3 0.033788340000
4 0.065380520000
5 0.101615000000
6 0.141927240000
7 0.169907470000
8 0.195130330000
9 0.217753110000
10 0.230063070000
11 0.257937130000
12 0.285665480000
13 0.313437690000
14 0.341309970000
15 0.373946610000
16 0.420971190000
17 0.471168260000
18 0.505365730000
19 0.513977610000
20 0.513261110000
21 0.542267570000
22 0.570362830000
23 0.620295920000
24 0.661711640000
25 0.674424430000
26 0.691476080000
27 0.716736210000
28 0.743984730000
29 0.771583520000
30 0.799255920000
31 0.826831880000
32 0.854106280000
33 0.880713960000
34 0.905072060000
35 0.925157900000
36 0.927491750000
37 0.927541250000
38 0.926454340000
39 0.924626100000
40 0.922260760000
41 0.919490470000
42 0.918709420000
43 0.909653980000
44 0.867451900000
45 0.915684250000
46 0.918176310000
47 0.921165330000
48 0.923614180000
49 0.923264550000
50 0.874063860000
51 0.555913350000
52 0.689936250000
53 0.696617410000
54 0.700803420000
55 0.546807940000
56 0.517445310000
57 0.659268310000
58 0.621714980000
59 0.690272510000
60 0.685661600000
61 0.676810890000
62 0.664417540000
63 0.648843920000
64 0.603062490000
65 0.501949910000
66 0.595384170000
67 0.529428690000
68 0.463404500000
69 0.397193710000
70 0.330848990000
71 0.264775670000
72 0.199473270000
73 0.127203710000
74 0.063168810000
75 0.018175680000
76 0.002318070000
77 0.000222450000
78 0.000021870000
79 0.000000840000
80 0.000000050000
81 0.000000000000
82 0.000000000000
83 0.000000000000
84 0.000000000000
85 0.000000000000
86 0.000000000000
87 0.000000000000
88 0.000000000000
89 0.000000000000
90 0.000000000000
91 0.000000000000
92 0.000000000000
93 0.000000000000
94 0.000000010000
95 0.000000120000
96 0.000001280000
97 0.000013700000
98 0.000145750000
99 0.001495100000

[down]
1 0.011552450000
2 0.011552450000
3 0.002723040000
4 0.000517010000
5 0.000093830000
6 0.000016430000
7 0.000002630000
8 0.000000420000
9 0.000000070000
10 0.000000020000
11 0.000000000000
12 0.000000000000
13 0.000000000000
14 0.000000000000
15 0.000000000000
16 0.000000000000
17 0.000000000000
18 0.000000000000
19 0.000000000000
20 0.000000000000
21 0.000000000000
22 0.000000000000
23 0.000000000000
24 -0.000000000000
25 -0.000000000000
26 0.000000000000
27 0.000000000000
28 0.000000000000
29 0.000000000000
30 0.000000000000
31 0.000000000000
32 0.000000000000
33 0.000000000000
34 0.000000000000
35 -0.000000000000
36 -0.000000000000
37 -0.000000000000
38 -0.000000000000
39 -0.000000000000
40 -0.000000000000
41 -0.000000000000
42 -0.000000000000
43 0.000000000000
44 0.000000000000
45 -0.000000000000
46 -0.000000000000
47 -0.000000000000
48 -0.000000000000
49 -0.000000000000
50 0.000000000000
51 0.000000000000
52 0.000000000000
53 0.000000000000
54 -0.000000000000
55 0.000000000000
56 0.000000000000
57 0.000000000000
58 0.000000000000
59 0.000000000000
60 0.000000000000
61 0.000000000000
62 0.000000000000
63 0.000000000000
64 0.000000000000
65 0.000000000000
66 0.000000000000
67 0.000000000000
68 0.000000000000
69 0.000000000000
70 0.000000020000
71 0.000000290000
72 0.000004650000
73 0.000072700000
74 0.001039690000
75 0.010018870000
76 0.040193790000
77 0.077797710000
78 0.111788180000
79 0.164929650000
80 0.224561270000
81 0.290346910000
82 0.363223370000
83 0.444747200000
84 0.537435610000
85 0.600547700000
86 0.622201560000
87 0.641791790000
88 0.588007430000
89 0.505726110000
90 0.394820100000
91 0.355326310000
92 0.315834850000
93 0.276344500000
94 0.236856690000
95 0.197372480000
96 0.157893340000
97 0.118429650000
98 0.079089900000
99 0.040982940000

[left]
1 0.023104910000
2 0.023104910000
3 0.024905340000
4 0.033019890000
5 0.052811880000
6 0.085641820000
7 0.080378830000
8 0.066252010000
9 0.044514050000
10 0.023055380000
11 0.022877880000
12 0.022865370000
13 0.022837080000
14 0.022789200000
15 0.022966940000
16 0.073162770000
17 0.145027000000
18 0.155625220000
19 0.087666310000
20 0.022791720000
21 0.021557700000
22 0.021551740000
23 0.091716190000
24 0.136577000000
25 0.082892730000
26 0.045447250000
27 0.036876120000
28 0.034596420000
29 0.033519190000
30 0.033034030000
31 0.033025590000
32 0.033592650000
33 0.034995910000
34 0.035919660000
35 0.028349660000
36 0.023713490000
37 0.052243780000
38 0.085930380000
39 0.116786880000
40 0.145360310000
41 0.172120850000
42 0.163905920000
43 0.153063030000
44 0.166539380000
45 0.200328870000
46 0.182443890000
47 0.155064000000
48 0.125067510000
49 0.091460250000
50 0.051261240000
51 0.023115590000
52 0.023118910000
53 0.039687100000
54 0.066380890000
55 0.073905130000
56 0.067459920000
57 0.065936260000
58 0.038505800000
59 0.023087940000
60 0.138664550000
61 0.251271530000
62 0.352022310000
63 0.443029970000
64 0.502113600000
65 0.483980170000
66 0.577897980000
67 0.511432870000
68 0.445827100000
69 0.380969780000
70 0.316919710000
71 0.254065400000
72 0.192858900000
73 0.111190830000
74 0.051729650000
75 0.025725970000
76 0.021065050000
77 0.020866450000
78 0.022162590000
79 0.023103680000
80 0.051601110000
81 0.109280950000
82 0.189490670000
83 0.296376190000
84 0.437697430000
85 0.487749580000
86 0.410027750000
87 0.325962710000
88 0.209462810000
89 0.100239160000
90 0.023102050000
91 0.023077980000
92 0.023078260000
93 0.023078450000
94 0.023078640000
95 0.023078820000
96 0.023079000000
97 0.023079240000
98 0.023079400000
99 0.023065510000

[right]
1 0.023104910000
2 0.023104910000
3 0.021890780000
4 0.020808450000
5 0.024792230000
6 0.034387940000
7 0.032679510000
8 0.028380840000
9 0.022487910000
10 0.023154530000
11 0.023336580000
12 0.023348660000
13 0.023378730000
14 0.023431840000
15 0.023245200000
16 0.029757660000
17 0.050602250000
18 0.053496580000
19 0.033643480000
20 0.023433710000
21 0.025300480000
22 0.025337410000
23 0.034432940000
24 0.047045100000
25 0.031765420000
26 0.022019950000
27 0.020575430000
28 0.020357690000
29 0.020289120000
30 0.020260090000
31 0.020244270000
32 0.020244950000
33 0.020302330000
34 0.020349980000
35 0.072877190000
36 0.054647150000
37 0.160596290000
38 0.282547310000
39 0.393062910000
40 0.494354470000
41 0.588281970000
42 0.559407720000
43 0.520580710000
44 0.564373180000
45 0.686251110000
46 0.624258220000
47 0.528507940000
48 0.422498320000
49 0.302312230000
50 0.155874880000
51 0.023094110000
52 0.023090670000
53 0.111284270000
54 0.205256330000
55 0.226409740000
56 0.203517420000
57 0.202481500000
58 0.106018160000
59 0.023121590000
60 0.047508680000
61 0.079799230000
62 0.109120720000
63 0.136033700000
64 0.154519700000
65 0.151381960000
66 0.177421590000
67 0.159047510000
68 0.140653770000
69 0.122207730000
70 0.103724200000
71 0.085316230000
72 0.067124210000
73 0.042357970000
74 0.024845800000
75 0.023013940000
76 0.029704760000
77 0.030644930000
78 0.024326460000
79 0.023106130000
80 0.025992500000
81 0.046498290000
82 0.076581450000
83 0.117898110000
84 0.174036510000
85 0.196891690000
86 0.169796020000
87 0.138900330000
88 0.091178610000
89 0.046538310000
90 0.023107750000
91 0.023130850000
92 0.023130590000
93 0.023130430000
94 0.023130260000
95 0.023130110000
96 0.023129960000
97 0.023129740000
98 0.023129600000
99 0.023144060000
