  0.02310491
  0.02310491
  0.02189078
  0.02080845
  0.02479223
  0.03438794
  0.03267951
  0.02838084
  0.02248791
  0.02315453
  0.02333658
  0.02334866
  0.02337873
  0.02343184
  0.02324520
  0.02975766
  0.05060225
  0.05349658
  0.03364348
  0.02343371
  0.02530048
  0.02533741
  0.03443294
  0.04704510
  0.03176542
  0.02201995
  0.02057543
  0.02035769
  0.02028912
  0.02026009
  0.02024427
  0.02024495
  0.02030233
  0.02034998
  0.07287719
  0.05464715
  0.16059629
  0.28254731
  0.39306291
  0.49435447
  0.58828197
  0.55940772
  0.52058071
  0.56437318
  0.68625111
  0.62425822
  0.52850794
  0.42249832
  0.30231223
  0.15587488
  0.02309411
  0.02309067
  0.11128427
  0.20525633
  0.22640974
  0.20351742
  0.20248150
  0.10601816
  0.02312159
  0.04750868
  0.07979923
  0.10912072
  0.13603370
  0.15451970
  0.15138196
  0.17742159
  0.15904751
  0.14065377
  0.12220773
  0.10372420
  0.08531623
  0.06712421
  0.04235797
  0.02484580
  0.02301394
  0.02970476
  0.03064493
  0.02432646
  0.02310613
  0.02599250
  0.04649829
  0.07658145
  0.11789811
  0.17403651
  0.19689169
  0.16979602
  0.13890033
  0.09117861
  0.04653831
  0.02310775
  0.02313085
  0.02313059
  0.02313043
  0.02313026
  0.02313011
  0.02312996
  0.02312974
  0.02312960
  0.02314406
