  0.00000000
  0.00000000
  0.02965268
  0.05917568
  0.08856012
  0.11837060
  0.14815202
  0.17798060
  0.20784864
  0.23001871
  0.25773329
  0.28545210
  0.31320006
  0.34102983
  0.37382615
  0.40230360
  0.43081595
  0.46202220
  0.49119716
  0.51299172
  0.54070638
  0.56879324
  0.59668758
  0.62503575
  0.65360753
  0.68199453
  0.71017790
  0.73828956
  0.76632250
  0.79420544
  0.82180701
  0.84888766
  0.87499955
  0.89904647
  0.90795650
  0.91556048
  0.88549228
  0.84959447
  0.81588008
  0.78398784
  0.75356403
  0.76127203
  0.76342131
  0.70729319
  0.72060852
  0.74158236
  0.77286491
  0.80631122
  0.84069029
  0.83303029
  0.55590443
  0.68992483
  0.66755195
  0.64414540
  0.48237460
  0.45967226
  0.60306976
  0.59387403
  0.69025891
  0.64850651
  0.60628677
  0.56359349
  0.52020883
  0.45532454
  0.35745441
  0.42398011
  0.37701184
  0.32999518
  0.28284596
  0.23560155
  0.18855034
  0.14204530
  0.09534250
  0.04958021
  0.00688882
 -0.03375325
 -0.07286831
 -0.11071483
 -0.16492760
 -0.21179087
 -0.25865306
 -0.30551368
 -0.35237193
 -0.39922643
 -0.44610539
 -0.49296633
 -0.53982089
 -0.52382029
 -0.47696610
 -0.39481711
 -0.35529892
 -0.31580803
 -0.27631814
 -0.23683077
 -0.19734688
 -0.15786700
 -0.11839136
 -0.07891994
 -0.03945032
