  0.01155245
  0.01155245
  0.00259922
  0.00047167
  0.00008185
  0.00001371
  0.00000230
  0.00000038
  0.00000006
  0.00000002
  0.00000000
  0.00000000
  0.00000000
  0.00000000
  0.00000000
  0.00000000
  0.00000000
  0.00000000
  0.00000000
  0.00000000
  0.00000000
  0.00000000
  0.00000000
 -0.00000000
 -0.00000000
  0.00000000
  0.00000000
  0.00000000
  0.00000000
  0.00000000
  0.00000000
  0.00000000
  0.00000000
  0.00000000
 -0.00000000
 -0.00000000
 -0.00000000
 -0.00000000
 -0.00000000
 -0.00000000
 -0.00000000
 -0.00000000
  0.00000000
  0.00000000
 -0.00000000
 -0.00000000
 -0.00000000
 -0.00000000
 -0.00000000
  0.00000000
  0.00000000
  0.00000000
  0.00000000
 -0.00000000
  0.00000000
  0.00000000
  0.00000000
  0.00000000
  0.00000000
  0.00000000
  0.00000000
  0.00000000
  0.00000000
  0.00000000
  0.00000000
  0.00000000
  0.00000000
  0.00000000
  0.00000000
  0.00000001
  0.00000020
  0.00000331
  0.00005452
  0.00082967
  0.00846136
  0.03581901
  0.07307727
  0.11073649
  0.16492844
  0.21179092
  0.25865307
  0.30551368
  0.35237193
  0.39922643
  0.44610539
  0.49296633
  0.53982089
  0.52382029
  0.47696610
  0.39481711
  0.35529892
  0.31580803
  0.27631814
  0.23683078
  0.19734700
  0.15786828
  0.11840506
  0.07906565
  0.04094400
