  0.00000000
  0.74983467
  0.74982587
  0.74981609
  0.74980514
  0.74979279
  0.74977876
  0.74976266
  0.74974404
  0.74972223
  0.74969635
  0.74966517
  0.74962684
  0.74957861
  0.74951605
  0.74943164
  0.74931154
  0.74912721
  0.74880890
  0.74841895
  0.74771067
  0.74671778
  0.74523944
  0.74271304
  0.73801637
  0.72456428
 -0.24699648
 -0.70697636
 -0.71612753
 -0.69445947
  0.41848468
  0.71599310
  0.73508152
  0.74090138
  0.74359092
  0.73959214
  0.73430344
  0.71675373
  0.11159982
 -0.02058073
  0.00503286
  0.02547242
  0.04206468
 -0.00050231
  0.00188800
  0.00202802
  0.00171298
  0.00121635
  0.00079757
  0.00051391
  0.00038771
 -0.00021329
 -0.00022369
 -0.00034645
 -0.00100464
 -0.00707411
 -0.46637443
 -0.72187810
 -0.73779769
 -0.74198653
 -0.74276137
 -0.74404486
 -0.74494048
 -0.74560359
 -0.74611013
 -0.74651312
 -0.74700299
 -0.74736676
 -0.74814885
 -0.74834368
 -0.74851863
 -0.74867479
 -0.74881515
 -0.74870371
 -0.74862677
 -0.74873451
 -0.74907277
 -0.74918270
 -0.74937548
 -0.74942857
 -0.74947300
 -0.74951825
 -0.74956275
 -0.74960730
 -0.74965038
 -0.74968312
 -0.74970964
 -0.74972712
 -0.74973609
 -0.74973896
 -0.74973665
 -0.74972926
 -0.74972082
 -0.74970311
 -0.74967714
 -0.74963911
 -0.74958167
 -0.74948890
 -0.74933064
 -0.74905681
 -0.74847994
 -0.74638244
  0.73918884
  0.74778597
  0.74867968
  0.74907534
  0.74928957
  0.74942210
  0.74951298
  0.74957946
  0.74963236
  0.74967101
  0.74970166
  0.74972669
  0.00000000
