  0.00000000
  0.00000000
  0.04488396
  0.06354404
  0.05815518
  0.04576225
  0.03486685
  0.02779385
  0.02359538
  0.02159420
  0.02198224
  0.02441240
  0.01971295
 -0.02842459
 -0.03161464
 -0.02654150
 -0.01841720
  0.03089943
  0.06897170
  0.11724500
  0.18373237
  0.24870559
  0.31384879
  0.38048038
  0.42080883
  0.42093834
  0.42099804
  0.41561741
  0.35590625
  0.29841322
  0.24880368
  0.20096347
  0.15090592
  0.09963138
  0.04964811
 -0.00003922
 -0.04077222
 -0.08187200
 -0.12386719
 -0.16573873
 -0.19631769
 -0.22420603
 -0.25324784
 -0.28666222
 -0.29379794
 -0.24924886
 -0.20590779
 -0.16377507
 -0.12279022
 -0.08306788
 -0.04529476
 -0.02321949
 -0.05846449
 -0.09693891
 -0.13677300
 -0.17627687
 -0.14118622
 -0.11787883
 -0.08195113
 -0.04077673
  0.00045384
  0.00143922
  0.00136898
  0.00131424
  0.00127115
  0.00123719
  0.00063139
 -0.03620418
  0.00014554
 -0.04894716
 -0.09902699
 -0.15112836
 -0.20632940
 -0.23385709
 -0.18518086
 -0.14370780
 -0.10261948
 -0.05209084
 -0.00017004
  0.06230145
  0.12674898
  0.19526654
  0.27081134
  0.35714669
  0.42085955
  0.42084510
  0.42080390
  0.35636753
  0.27002559
  0.19454763
  0.12614457
  0.06206827
  0.00018289
 -0.06248798
 -0.12713803
 -0.19601766
 -0.27195839
 -0.35883115
 -0.42082291
 -0.35893565
 -0.27202697
 -0.19607338
 -0.12719334
 -0.06253403
  0.00013827
  0.00419493
  0.02754692
  0.08340665
  0.14247803
  0.20401186
  0.24693742
  0.18169343
  0.11884893
  0.05873116
