  0.02310491
  0.02310491
  0.02578591
  0.03309723
  0.03852920
  0.03973127
  0.03884707
  0.03809707
  0.03806212
  0.03915311
  0.04252946
  0.04899421
  0.04547927
  0.02668304
  0.02954761
  0.02790654
  0.02417026
  0.08871560
  0.19572300
  0.34077366
  0.49426604
  0.62540579
  0.74104880
  0.84541438
  0.90267194
  0.90285953
  0.90294692
  0.89559630
  0.80847516
  0.62268706
  0.52945064
  0.49384917
  0.42119654
  0.29651131
  0.16119747
  0.02306950
  0.04068440
  0.07125428
  0.10042643
  0.09540973
  0.09888355
  0.11143119
  0.13555882
  0.19843383
  0.20435098
  0.18081012
  0.15586113
  0.12927954
  0.10132360
  0.07289084
  0.04519822
  0.02910953
  0.05533576
  0.08385965
  0.11259818
  0.13893832
  0.10591466
  0.09221631
  0.07194336
  0.04107524
  0.02346831
  0.02430095
  0.02420278
  0.02412343
  0.02405656
  0.02400027
  0.02355615
  0.03141157
  0.02323317
  0.04335872
  0.07334546
  0.10192706
  0.12956993
  0.12065314
  0.08614604
  0.06902661
  0.06103091
  0.03637653
  0.02299286
  0.11770381
  0.20671368
  0.28150833
  0.34355357
  0.39420312
  0.40023442
  0.33670939
  0.27414281
  0.18183759
  0.10159824
  0.04980425
  0.02634609
  0.02176481
  0.02309130
  0.03657181
  0.07493167
  0.13618156
  0.22197881
  0.33859354
  0.45346273
  0.43817524
  0.37245954
  0.29876143
  0.21543266
  0.10326842
  0.02305132
  0.02193992
  0.02359072
  0.03878014
  0.05056566
  0.05715749
  0.05505677
  0.03505801
  0.02296820
  0.02132811
