task_id 22

[x]
1 2.179591840000
2 2.179591840000
3 2.179591840000
4 2.177500110000
5 2.173459390000
6 2.168175790000
7 2.163026320000
8 2.159410600000
9 2.158317820000
10 2.160336980000
11 2.166058030000
12 2.176376040000
13 2.191137330000
14 2.204284150000
15 2.214654910000
16 2.222292380000
17 2.226838860000
18 2.227096910000
19 2.217276230000
20 2.181073800000
21 2.130202620000
22 2.090938180000
23 2.098489600000
24 2.192105850000
25 2.394247500000
26 2.712369140000
27 3.139377560000
28 3.676204840000
29 4.289304840000
30 4.933736840000
31 5.583446680000
32 6.199369430000
33 6.675564570000
34 7.074842810000
35 7.446890590000
36 7.767391990000
37 8.014776560000
38 8.195057630000
39 8.331593690000
40 8.450061050000
41 8.582045870000
42 8.758237880000
43 8.955676150000
44 9.206278630000
45 9.587618320000
46 10.057416110000
47 10.605061980000
48 11.256711760000
49 11.983276750000
50 12.756838930000
51 13.556653930000
52 14.370426780000
53 15.194598020000
54 16.033614690000
55 16.856893490000
56 17.637198900000
57 18.380939320000
58 19.116632210000
59 19.836262900000
60 20.534259670000
61 21.182170060000
62 21.773388860000
63 22.324165830000
64 22.824845870000
65 23.289677590000
66 23.731564530000
67 24.171013210000
68 24.605359580000
69 25.014724000000
70 25.381505480000
71 25.689576940000
72 25.923624380000
73 26.063968400000
74 26.127031070000
75 26.143685190000
76 26.125703830000
77 26.091372670000
78 26.054770820000
79 26.026034910000
80 26.012033170000
81 26.017034420000
82 26.047508830000
83 26.105189200000
84 26.188911820000
85 26.292622440000
86 26.397035230000
87 26.486735900000
88 26.555193550000
89 26.599788030000
90 26.619868060000
91 26.615752320000
92 26.588151150000
93 26.537559090000
94 26.463862600000
95 26.365959620000
96 26.241467630000
97 26.086550140000
98 25.891866890000
99 25.653817040000
100 25.369403650000
101 25.032214410000
102 24.648330350000
103 24.222857190000
104 23.716997220000
105 23.252114200000
106 22.830198380000
107 22.450729180000
108 22.112470130000
109 21.814879080000
110 21.558236890000
111 21.343342520000
112 21.170130710000
113 21.041519500000
114 20.956512890000
115 20.914285710000

[y]
1 25.897959180000
2 25.897959180000
3 25.897959180000
4 25.859262200000
5 25.781877900000
6 25.665775360000
7 25.510900940000
8 25.317230020000
9 25.084772540000
10 24.813556600000
11 24.503617370000
12 24.154926050000
13 23.767689610000
14 23.341614080000
15 22.876660880000
16 22.372865180000
17 21.830256920000
18 21.248853470000
19 20.628652910000
20 19.969474130000
21 19.272012310000
22 18.534553190000
23 17.756402230000
24 16.995799990000
25 16.299556480000
26 15.691127150000
27 15.200494580000
28 14.842780660000
29 14.642197570000
30 14.613458940000
31 14.763575050000
32 15.083728850000
33 15.487675770000
34 15.964021930000
35 16.564712780000
36 17.284529680000
37 18.085460000000
38 18.939077760000
39 19.838134010000
40 20.738128890000
41 21.597517020000
42 22.412840140000
43 23.032784120000
44 23.606263370000
45 24.250273410000
46 24.797958400000
47 25.222626370000
48 25.522413180000
49 25.688668780000
50 25.723281510000
51 25.636381230000
52 25.443907160000
53 25.165903030000
54 24.825997820000
55 24.469932590000
56 24.102500120000
57 23.689338340000
58 23.201323670000
59 22.674746470000
60 22.123108580000
61 21.568802140000
62 20.979578610000
63 20.316618240000
64 19.630450200000
65 18.953239680000
66 18.296322180000
67 17.672658440000
68 17.081950230000
69 16.509852890000
70 15.944137200000
71 15.376773060000
72 14.805482250000
73 14.256039420000
74 13.739205210000
75 13.205275970000
76 12.699950190000
77 12.226177340000
78 11.784228560000
79 11.373072440000
80 10.992067520000
81 10.634112320000
82 10.261127340000
83 9.935159320000
84 9.648412560000
85 9.409677350000
86 9.227054820000
87 9.092387520000
88 8.997897500000
89 8.938889250000
90 8.912760660000
91 8.918098090000
92 8.953888170000
93 9.019090480000
94 9.112090470000
95 9.230213140000
96 9.369169580000
97 9.522401280000
98 9.683588730000
99 9.841305530000
100 9.983963360000
101 10.099821750000
102 10.177208140000
103 10.213047130000
104 10.206880600000
105 10.162627400000
106 10.102384570000
107 10.041580230000
108 9.989970740000
109 9.952824980000
110 9.931842970000
111 9.925875570000
112 9.931601970000
113 9.941638990000
114 9.950338130000
115 9.955102040000

[theta]
1 -1.624797830000
2 -1.624797830000
3 -1.624797830000
4 -1.622965190000
5 -1.616273020000
6 -1.604033330000
7 -1.589463510000
8 -1.575497230000
9 -1.563351550000
10 -1.552339730000
11 -1.541214240000
12 -1.532695150000
13 -1.539950460000
14 -1.548495050000
15 -1.555637630000
16 -1.562417610000
17 -1.570352400000
18 -1.586628360000
19 -1.625661900000
20 -1.643605070000
21 -1.623988990000
22 -1.561092230000
23 -1.448330770000
24 -1.288233200000
25 -1.089031110000
26 -0.854622420000
27 -0.587782130000
28 -0.316186210000
29 -0.044565760000
30 0.227066810000
31 0.479354730000
32 0.703493340000
33 0.873186270000
34 1.016258280000
35 1.151896240000
36 1.271220540000
37 1.362658460000
38 1.420081970000
39 1.439917620000
40 1.418407010000
41 1.357968210000
42 1.262474980000
43 1.158817190000
44 1.036181280000
45 0.861798120000
46 0.659586620000
47 0.431174000000
48 0.224951230000
49 0.044714720000
50 -0.108225960000
51 -0.232252530000
52 -0.325328450000
53 -0.384915160000
54 -0.408203240000
55 -0.440083870000
56 -0.507070410000
57 -0.585696110000
58 -0.631707000000
59 -0.668807870000
60 -0.707695120000
61 -0.783708620000
62 -0.877564560000
63 -0.940430260000
64 -0.969261930000
65 -0.978650930000
66 -0.956973510000
67 -0.936771320000
68 -0.949709990000
69 -0.995582290000
70 -1.073353160000
71 -1.181971540000
72 -1.320713890000
73 -1.449379300000
74 -1.539614820000
75 -1.606365000000
76 -1.643133230000
77 -1.653426970000
78 -1.640573370000
79 -1.607529290000
80 -1.556825520000
81 -1.489273280000
82 -1.395658260000
83 -1.286718940000
84 -1.160976550000
85 -1.051414690000
86 -0.983192440000
87 -0.943818430000
88 -0.923636260000
89 -0.915554880000
90 -0.913922060000
91 -0.913867050000
92 -0.910909080000
93 -0.900684920000
94 -0.878724800000
95 -0.840247390000
96 -0.779927520000
97 -0.691551180000
98 -0.585138030000
99 -0.464915750000
100 -0.330962380000
101 -0.198921930000
102 -0.084034900000
103 0.012189600000
104 0.094906130000
105 0.141825390000
106 0.158884610000
107 0.151406220000
108 0.124179220000
109 0.081574460000
110 0.027761900000
111 -0.033048090000
112 -0.077883680000
113 -0.101979860000
114 -0.112341320000
115 -0.114876610000

[v]
1 0.000000000000
2 0.000000000000
3 0.170496410000
4 0.340955260000
5 0.511394370000
6 0.681828170000
7 0.852264960000
8 1.022709040000
9 1.193164240000
10 1.363630440000
11 1.534105980000
12 1.704628040000
13 1.875103810000
14 2.045580150000
15 2.216067290000
16 2.386560100000
17 2.557053050000
18 2.727545820000
19 2.898063740000
20 3.068865250000
21 3.239716580000
22 3.410617150000
23 3.581662850000
24 3.742036800000
25 3.887223190000
26 4.019541340000
27 4.140714950000
28 4.257311000000
29 4.370599970000
30 4.480708140000
31 4.591181750000
32 4.701098750000
33 4.789782510000
34 4.872943530000
35 4.967379570000
36 4.994203680000
37 4.996670760000
38 4.998034670000
39 4.998504550000
40 4.998727110000
41 4.998932490000
42 4.998099430000
43 4.997950540000
44 4.998861490000
45 4.998908680000
46 4.998897000000
47 4.998930930000
48 4.998999080000
49 4.999077830000
50 4.999156990000
51 4.999230860000
52 4.999297030000
53 4.999354410000
54 4.999341400000
55 4.999288790000
56 4.999267830000
57 4.999319400000
58 4.967262770000
59 4.833304710000
60 4.695582840000
61 4.559610530000
62 4.422476660000
63 4.276435720000
64 4.127568480000
65 3.978404240000
66 3.829227460000
67 3.679862860000
68 3.530484940000
69 3.381095110000
70 3.231588250000
71 3.081797040000
72 2.931590770000
73 2.786549730000
74 2.646448070000
75 2.495093350000
76 2.343133180000
77 2.191118520000
78 2.039354360000
79 1.887804960000
80 1.736361220000
81 1.581757500000
82 1.404339070000
83 1.227570680000
84 1.045084720000
85 0.858308330000
86 0.674507610000
87 0.494608170000
88 0.317693500000
89 0.143099470000
90 -0.029594280000
91 -0.200386210000
92 -0.369528970000
93 -0.537009220000
94 -0.702711160000
95 -0.866433040000
96 -1.027902210000
97 -1.186858760000
98 -1.346540520000
99 -1.505545070000
100 -1.663992600000
101 -1.824607320000
102 -1.985427400000
103 -2.146167290000
104 -1.969657340000
105 -1.791951470000
106 -1.613641410000
107 -1.435068690000
108 -1.256279520000
109 -1.077270180000
110 -0.898025110000
111 -0.718506130000
112 -0.537623110000
113 -0.357678930000
114 -0.178517870000
115 0.000000000000

[a]
1 0.000000000000
2 0.749938580000
3 0.749935930000
4 0.749933050000
5 0.749929900000
6 0.749926440000
7 0.749922630000
8 0.749918400000
9 0.749913670000
10 0.749908370000
11 0.749902380000
12 0.749895510000
13 0.749887620000
14 0.749878450000
15 0.749867650000
16 0.749854730000
17 0.749839020000
18 0.749819510000
19 0.749794910000
20 0.749762310000
21 0.749717890000
22 0.749653960000
23 0.749542310000
24 0.749375990000
25 0.749152360000
26 0.748834450000
27 0.748408290000
28 0.747672860000
29 0.746023840000
30 0.742322860000
31 0.726993040000
32 0.667650280000
33 0.640848390000
34 0.651282670000
35 0.169129490000
36 0.014707370000
37 0.007811370000
38 0.002582510000
39 0.001225530000
40 0.001180760000
41 -0.004992430000
42 -0.001143800000
43 0.007274700000
44 0.000315210000
45 -0.000080960000
46 0.000244750000
47 0.000474950000
48 0.000528170000
49 0.000511040000
50 0.000459020000
51 0.000395590000
52 0.000329800000
53 -0.000071860000
54 -0.000293220000
55 -0.000121500000
56 0.000303050000
57 -0.181529560000
58 -0.746209840000
59 -0.748205000000
60 -0.748789700000
61 -0.749104380000
62 -0.749347640000
63 -0.749481250000
64 -0.749565000000
65 -0.749624990000
66 -0.749670900000
67 -0.749706490000
68 -0.749735070000
69 -0.749758740000
70 -0.749778900000
71 -0.749796420000
72 -0.749802910000
73 -0.749807380000
74 -0.749832860000
75 -0.749843020000
76 -0.749851110000
77 -0.749857650000
78 -0.749863190000
79 -0.749867940000
80 -0.749875140000
81 -0.749898580000
82 -0.749905650000
83 -0.749916280000
84 -0.749924540000
85 -0.749927190000
86 -0.749927800000
87 -0.749927500000
88 -0.749926370000
89 -0.749924370000
90 -0.749921280000
91 -0.749917050000
92 -0.749911290000
93 -0.749903470000
94 -0.749892740000
95 -0.749877670000
96 -0.749855710000
97 -0.749828270000
98 -0.749786240000
99 -0.749718740000
100 -0.749601090000
101 -0.749307110000
102 -0.747429490000
103 0.748807490000
104 0.749531590000
105 0.749710800000
106 0.749791780000
107 0.749838090000
108 0.749868200000
109 0.749889430000
110 0.749905300000
111 0.749917640000
112 0.749925910000
113 0.749932330000
114 0.749937480000
115 0.000000000000

[phy]
1 0.000000000000
2 0.000000000000
3 0.094298570000
4 0.171036850000
5 0.207590880000
6 0.185875950000
7 0.143214740000
8 0.104119080000
9 0.081023270000
10 0.071656210000
11 0.048803010000
12 -0.037427640000
13 -0.040067850000
14 -0.030706680000
15 -0.026906090000
16 -0.029237160000
17 -0.055929360000
18 -0.125217160000
19 -0.054305400000
20 0.056042430000
21 0.168716750000
22 0.282078270000
23 0.395775920000
24 0.502480610000
25 0.599111830000
26 0.687121210000
27 0.699854600000
28 0.699909530000
29 0.699935450000
30 0.647764730000
31 0.573406630000
32 0.497837970000
33 0.431443540000
34 0.366577120000
35 0.294091980000
36 0.214794480000
37 0.130885190000
38 0.043597630000
39 -0.047357360000
40 -0.138139950000
41 -0.225081500000
42 -0.308469640000
43 -0.373509480000
44 -0.436070070000
45 -0.510848720000
46 -0.582810520000
47 -0.521832180000
48 -0.450468600000
49 -0.376209390000
50 -0.299075500000
51 -0.219038140000
52 -0.136165240000
53 -0.051405560000
54 -0.070965010000
55 -0.154101890000
56 -0.182766130000
57 -0.103858930000
58 -0.083021250000
59 -0.087198210000
60 -0.176441160000
61 -0.221205080000
62 -0.144855090000
63 -0.067781980000
64 -0.022857240000
65 0.054706380000
66 0.052909630000
67 -0.035278690000
68 -0.129684680000
69 -0.226734330000
70 -0.324583310000
71 -0.422404130000
72 -0.425992360000
73 -0.333655920000
74 -0.244896100000
75 -0.144418360000
76 -0.043313590000
77 0.057904570000
78 0.158992840000
79 0.259959840000
80 0.360870650000
81 0.463895790000
82 0.582104200000
83 0.699759160000
84 0.699742110000
85 0.575398440000
86 0.452933980000
87 0.333047140000
88 0.215140700000
89 0.098776850000
90 -0.016322040000
91 -0.130152860000
92 -0.242882340000
93 -0.354499050000
94 -0.464921180000
95 -0.574002870000
96 -0.681516690000
97 -0.699854760000
98 -0.699844100000
99 -0.699820730000
100 -0.637509430000
101 -0.530617920000
102 -0.423453700000
103 -0.316047920000
104 -0.198304660000
105 -0.079883280000
106 0.038898930000
107 0.157818070000
108 0.276830710000
109 0.395896130000
110 0.514842960000
111 0.477481590000
112 0.357523090000
113 0.237920300000
114 0.118759820000
115 0.000000000000

[w]
1 0.000000000000
2 0.414777940000
3 0.337611340000
4 0.160838190000
5 -0.095548420000
6 -0.187710680000
7 -0.172014060000
8 -0.101610350000
9 -0.041207550000
10 -0.100529270000
11 -0.379215240000
12 -0.011613910000
13 0.041177580000
14 0.016716830000
15 -0.010251710000
16 -0.117390630000
17 -0.304753870000
18 0.311835870000
19 0.484411620000
20 0.494458890000
21 0.497301790000
22 0.498310650000
23 0.498707390000
24 0.498759690000
25 0.498287150000
26 0.078692390000
27 0.000352550000
28 0.000171080000
29 -0.353475770000
30 -0.499646230000
31 -0.499811970000
32 -0.499844680000
33 -0.499870130000
34 -0.499898410000
35 -0.499908900000
36 -0.499913650000
37 -0.499912310000
38 -0.499905260000
39 -0.499887620000
40 -0.499844720000
41 -0.499736130000
42 -0.499636160000
43 -0.499605370000
44 -0.499446830000
45 -0.498535920000
46 0.439857240000
47 0.497339420000
48 0.498054270000
49 0.497972780000
50 0.497337960000
51 0.495441650000
52 0.487170480000
53 -0.108019790000
54 -0.463366310000
55 -0.166148900000
56 0.463658460000
57 0.117999150000
58 -0.023267630000
59 -0.484831450000
60 -0.246518710000
61 0.417067020000
62 0.395467730000
63 0.226176230000
64 0.389764790000
65 -0.009028790000
66 -0.442623090000
67 -0.473810240000
68 -0.487058070000
69 -0.490700740000
70 -0.489641510000
71 -0.017911670000
72 0.477341720000
73 0.475031970000
74 0.497781030000
75 0.498898540000
76 0.499284410000
77 0.499471100000
78 0.499582550000
79 0.499656070000
80 0.499703300000
81 0.499634220000
82 0.499128380000
83 -0.000070070000
84 -0.499251370000
85 -0.499668480000
86 -0.499759600000
87 -0.499796260000
88 -0.499812710000
89 -0.499818130000
90 -0.499813690000
91 -0.499801220000
92 -0.499776160000
93 -0.499728210000
94 -0.499625170000
95 -0.499304070000
96 -0.086507310000
97 0.000050040000
98 0.000110220000
99 0.294835440000
100 0.498870810000
101 0.499308950000
102 0.499429540000
103 0.499501810000
104 0.499480210000
105 0.499423870000
106 0.499318100000
107 0.499136570000
108 0.498763740000
109 0.497625800000
110 -0.156069810000
111 -0.497332420000
112 -0.498450350000
113 -0.498781880000
114 -0.498899300000
115 0.000000000000

[dt]
1 0.002611300000
2 0.227347160000
3 0.227297880000
4 0.227272440000
5 0.227266310000
6 0.227271340000
7 0.227282220000
8 0.227298330000
9 0.227314440000
10 0.227328480000
11 0.227392350000
12 0.227332700000
13 0.227335850000
14 0.227353040000
15 0.227363860000
16 0.227367970000
17 0.227372500000
18 0.227411960000
19 0.227797640000
20 0.227873990000
21 0.227953170000
22 0.228166210000
23 0.213962510000
24 0.193743050000
25 0.176623820000
26 0.161816280000
27 0.155792030000
28 0.151522110000
29 0.147593370000
30 0.148821500000
31 0.151194170000
32 0.132830120000
33 0.129766550000
34 0.144999750000
35 0.158623900000
36 0.167847560000
37 0.174605750000
38 0.181944460000
39 0.181605990000
40 0.173937120000
41 0.166864330000
42 0.130174410000
43 0.125220020000
44 0.149722950000
45 0.144346260000
46 0.138631990000
47 0.143490700000
48 0.149098630000
49 0.154895790000
50 0.160931540000
51 0.167270760000
52 0.173983600000
53 0.181074140000
54 0.179419310000
55 0.172521860000
56 0.170183960000
57 0.176591570000
58 0.179517960000
59 0.184069700000
60 0.181589450000
61 0.183063760000
62 0.194890780000
63 0.198627030000
64 0.199001080000
65 0.199001880000
66 0.199240220000
67 0.199248530000
68 0.199256820000
69 0.199406630000
70 0.199780500000
71 0.200329410000
72 0.193438890000
73 0.186850200000
74 0.201851270000
75 0.202655980000
76 0.202726460000
77 0.202390630000
78 0.202102730000
79 0.201960540000
80 0.206172620000
81 0.236589900000
82 0.235720840000
83 0.243341780000
84 0.249060250000
85 0.245091430000
86 0.239889010000
87 0.235909030000
88 0.232814900000
89 0.230281550000
90 0.227746480000
91 0.225548630000
92 0.223333420000
93 0.220964360000
94 0.218327050000
95 0.215327360000
96 0.211982850000
97 0.212957770000
98 0.212066520000
99 0.211342630000
100 0.214266920000
101 0.214625070000
102 0.215056920000
103 0.235721400000
104 0.237089230000
105 0.237838460000
106 0.238163090000
107 0.238437030000
108 0.238721070000
109 0.239028670000
110 0.239388870000
111 0.241203850000
112 0.239949270000
113 0.238902970000
114 0.238043670000

[s]
1 0.000000000000
2 0.000000000000
3 0.038753470000
4 0.077489730000
5 0.116222700000
6 0.154960000000
7 0.193704660000
8 0.232460050000
9 0.271223450000
10 0.309992030000
11 0.348843940000
12 0.387517680000
13 0.426278300000
14 0.465068840000
15 0.503853600000
16 0.542627310000
17 0.581403500000
18 0.620276500000
19 0.660172070000
20 0.699314540000
21 0.738503650000
22 0.778187570000
23 0.766341650000
24 0.724993670000
25 0.686576260000
26 0.650427280000
27 0.645090400000
28 0.645076770000
29 0.645071590000
30 0.666825690000
31 0.694160070000
32 0.624447510000
33 0.621553490000
34 0.706575580000
35 0.787945110000
36 0.838265150000
37 0.872447430000
38 0.909364740000
39 0.907758380000
40 0.869464170000
41 0.834143520000
42 0.650624630000
43 0.625843470000
44 0.748444290000
45 0.721573790000
46 0.693007050000
47 0.717300090000
48 0.745343890000
49 0.774336120000
50 0.804522020000
51 0.836225160000
52 0.869795680000
53 0.905253800000
54 0.896978390000
55 0.862486590000
56 0.850795200000
57 0.882837660000
58 0.891712850000
59 0.889664930000
60 0.852668280000
61 0.834699450000
62 0.861899920000
63 0.849415730000
64 0.821390600000
65 0.791709910000
66 0.762936120000
67 0.733207270000
68 0.703473220000
69 0.674212790000
70 0.645608320000
71 0.617374590000
72 0.567083650000
73 0.520667360000
74 0.534188910000
75 0.505645590000
76 0.475015100000
77 0.443461850000
78 0.412159090000
79 0.381262110000
80 0.357990130000
81 0.374227860000
82 0.331031980000
83 0.298719230000
84 0.260289060000
85 0.210364010000
86 0.161806960000
87 0.116682530000
88 0.073963780000
89 0.032953170000
90 -0.006739990000
91 -0.045196830000
92 -0.082528170000
93 -0.118659900000
94 -0.153420860000
95 -0.186566730000
96 -0.217897640000
97 -0.252750790000
98 -0.285556160000
99 -0.318185850000
100 -0.356538570000
101 -0.391606470000
102 -0.426979910000
103 -0.505897550000
104 -0.466984550000
105 -0.426194970000
106 -0.384309830000
107 -0.342173520000
108 -0.299900390000
109 -0.257498460000
110 -0.214977210000
111 -0.173306440000
112 -0.129002270000
113 -0.085450560000
114 -0.042495050000

[splus]
1 0.011552450000
2 0.011552450000
3 0.040308050000
4 0.077648430000
5 0.116238310000
6 0.154961530000
7 0.193704810000
8 0.232460060000
9 0.271223450000
10 0.309992030000
11 0.348843940000
12 0.387517680000
13 0.426278300000
14 0.465068840000
15 0.503853600000
16 0.542627310000
17 0.581403500000
18 0.620276500000
19 0.660172070000
20 0.699314540000
21 0.738503650000
22 0.778187570000
23 0.766341650000
24 0.724993670000
25 0.686576260000
26 0.650427280000
27 0.645090400000
28 0.645076770000
29 0.645071590000
30 0.666825690000
31 0.694160070000
32 0.624447510000
33 0.621553490000
34 0.706575580000
35 0.787945110000
36 0.838265150000
37 0.872447430000
38 0.909364740000
39 0.907758380000
40 0.869464170000
41 0.834143520000
42 0.650624630000
43 0.625843470000
44 0.748444290000
45 0.721573790000
46 0.693007050000
47 0.717300090000
48 0.745343890000
49 0.774336120000
50 0.804522020000
51 0.836225160000
52 0.869795680000
53 0.905253800000
54 0.896978390000
55 0.862486590000
56 0.850795200000
57 0.882837660000
58 0.891712850000
59 0.889664930000
60 0.852668280000
61 0.834699450000
62 0.861899920000
63 0.849415730000
64 0.821390600000
65 0.791709910000
66 0.762936120000
67 0.733207270000
68 0.703473220000
69 0.674212790000
70 0.645608320000
71 0.617374590000
72 0.567083650000
73 0.520667360000
74 0.534188910000
75 0.505645590000
76 0.475015100000
77 0.443461850000
78 0.412159090000
79 0.381262110000
80 0.357990130000
81 0.374227860000
82 0.331031980000
83 0.298719230000
84 0.260289060000
85 0.210364070000
86 0.161807980000
87 0.116697710000
88 0.074159650000
89 0.035114410000
90 0.008520870000
91 0.001071730000
92 0.000117440000
93 0.000013480000
94 0.000001680000
95 0.000000230000
96 0.000000030000
97 0.000000000000
98 0.000000000000
99 0.000000000000
100 0.000000000000
101 0.000000000000
102 0.000000000000
103 0.000000000000
104 0.000000000000
105 0.000000000000
106 0.000000000000
107 0.000000000000
108 0.000000000000
109 0.000000000000
110 0.000000040000
111 0.000000510000
112 0.000007250000
113 0.000098610000
114 0.001253410000

[sminus]
1 0.011552450000
2 0.011552450000
3 0.001554580000
4 0.000158700000
5 0.000015600000
6 0.000001530000
7 0.000000150000
8 0.000000010000
9 0.000000000000
10 0.000000000000
11 0.000000000000
12 0.000000000000
13 0.000000000000
14 0.000000000000
15 0.000000000000
16 0.000000000000
17 0.000000000000
18 0.000000000000
19 0.000000000000
20 0.000000000000
21 0.000000000000
22 0.000000000000
23 -0.000000000000
24 -0.000000000000
25 -0.000000000000
26 -0.000000000000
27 -0.000000000000
28 -0.000000000000
29 -0.000000000000
30 0.000000000000
31 -0.000000000000
32 -0.000000000000
33 -0.000000000000
34 -0.000000000000
35 -0.000000000000
36 -0.000000000000
37 -0.000000000000
38 -0.000000000000
39 0.000000000000
40 0.000000000000
41 0.000000000000
42 -0.000000000000
43 -0.000000000000
44 -0.000000000000
45 0.000000000000
46 0.000000000000
47 -0.000000000000
48 -0.000000000000
49 -0.000000000000
50 -0.000000000000
51 -0.000000000000
52 -0.000000000000
53 -0.000000000000
54 0.000000000000
55 0.000000000000
56 0.000000000000
57 0.000000000000
58 0.000000000000
59 0.000000000000
60 0.000000000000
61 -0.000000000000
62 -0.000000000000
63 0.000000000000
64 0.000000000000
65 0.000000000000
66 0.000000000000
67 0.000000000000
68 0.000000000000
69 0.000000000000
70 0.000000000000
71 0.000000000000
72 0.000000000000
73 0.000000000000
74 0.000000000000
75 0.000000000000
76 0.000000000000
77 0.000000000000
78 0.000000000000
79 0.000000000000
80 0.000000000000
81 0.000000000000
82 0.000000000000
83 0.000000000000
84 0.000000000000
85 0.000000050000
86 0.000001010000
87 0.000015180000
88 0.000195870000
89 0.002161240000
90 0.015260860000
91 0.046268570000
92 0.082645610000
93 0.118673380000
94 0.153422530000
95 0.186566960000
96 0.217897680000
97 0.252750800000
98 0.285556160000
99 0.318185850000
100 0.356538570000
101 0.391606470000
102 0.426979910000
103 0.505897550000
104 0.466984550000
105 0.426194970000
106 0.384309830000
107 0.342173520000
108 0.299900390000
109 0.257498460000
110 0.214977250000
111 0.173306950000
112 0.129009520000
113 0.085549170000
114 0.043748460000

[k]
1 0.000000000000
2 0.000000000000
3 0.047289540000
4 0.086362190000
5 0.105312520000
6 0.094023260000
7 0.072100980000
8 0.052248480000
9 0.040600520000
10 0.035889550000
11 0.024420890000
12 -0.018722560000
13 -0.020044650000
14 -0.015358170000
15 -0.013456290000
16 -0.014622740000
17 -0.027992390000
18 -0.062931890000
19 -0.027179410000
20 0.028050570000
21 0.085167970000
22 0.144902800000
23 0.208911310000
24 0.274763720000
25 0.341416640000
26 0.410253640000
27 0.421019930000
28 0.421066870000
29 0.421089020000
30 0.378341550000
31 0.322892560000
32 0.271749230000
33 0.230184670000
34 0.191965280000
35 0.151437320000
36 0.109079950000
37 0.065818870000
38 0.021812640000
39 -0.023696400000
40 -0.069512700000
41 -0.114480570000
42 -0.159320470000
43 -0.195953050000
44 -0.232994210000
45 -0.280236740000
46 -0.329596380000
47 -0.287498560000
48 -0.241816530000
49 -0.197511980000
50 -0.154161760000
51 -0.111304820000
52 -0.068506520000
53 -0.025725440000
54 -0.035542180000
55 -0.077666690000
56 -0.092414340000
57 -0.052116980000
58 -0.041606250000
59 -0.043709940000
60 -0.089147480000
61 -0.112442330000
62 -0.072938300000
63 -0.033942960000
64 -0.011430610000
65 0.027380510000
66 0.026479530000
67 -0.017646660000
68 -0.065208310000
69 -0.115350630000
70 -0.168241900000
71 -0.224729600000
72 -0.226889660000
73 -0.173307420000
74 -0.124956140000
75 -0.072715420000
76 -0.021670350000
77 0.028984690000
78 0.080173120000
79 0.132989270000
80 0.188698590000
81 0.250155130000
82 0.329090010000
83 0.420938380000
84 0.420923810000
85 0.324305710000
86 0.243339410000
87 0.172966540000
88 0.109261310000
89 0.049549680000
90 -0.008161750000
91 -0.065446390000
92 -0.123886910000
93 -0.185067720000
94 -0.250796490000
95 -0.323315260000
96 -0.405586480000
97 -0.421020060000
98 -0.421010960000
99 -0.420990980000
100 -0.370339890000
101 -0.293373680000
102 -0.225360710000
103 -0.163504510000
104 -0.100472820000
105 -0.040026820000
106 0.019459280000
107 0.079570740000
108 0.142063050000
109 0.208982060000
110 0.282867140000
111 0.258707020000
112 0.186788820000
113 0.121256790000
114 0.059660660000

[up]
1 0.011553560000
2 0.011553560000
3 0.042137950000
4 0.084086080000
5 0.127989990000
6 0.168948700000
7 0.207112460000
8 0.244119940000
9 0.281794830000
10 0.320672540000
11 0.357022340000
12 0.394482890000
13 0.434481210000
14 0.471925860000
15 0.510362560000
16 0.550244880000
17 0.597028530000
18 0.657748770000
19 0.677397630000
20 0.718146100000
21 0.798884590000
22 0.886438590000
23 0.920035340000
24 0.916227690000
25 0.911608610000
26 0.906593960000
27 0.905822490000
28 0.905832410000
29 0.905838860000
30 0.909022100000
31 0.909333140000
32 0.787352740000
33 0.758902630000
34 0.836788040000
35 0.902496470000
36 0.926045600000
37 0.927574070000
38 0.928407160000
39 0.928408750000
40 0.927485480000
41 0.925817060000
42 0.750136130000
43 0.743573950000
44 0.915852130000
45 0.915696850000
46 0.912283180000
47 0.915273960000
48 0.918370950000
49 0.921159200000
50 0.923587550000
51 0.925578080000
52 0.926998980000
53 0.927610530000
54 0.927583920000
55 0.926793730000
56 0.926275910000
57 0.927008190000
58 0.927329800000
59 0.926996790000
60 0.925641290000
61 0.924801180000
62 0.922251040000
63 0.877094270000
64 0.830404380000
65 0.812520380000
66 0.782330360000
67 0.745628590000
68 0.747510680000
69 0.748872860000
70 0.749881970000
71 0.750567260000
72 0.690602450000
73 0.607293480000
74 0.598269110000
75 0.540943130000
76 0.484897200000
77 0.455801390000
78 0.443881430000
79 0.429937740000
80 0.422840290000
81 0.464098280000
82 0.435613740000
83 0.419431930000
84 0.365468460000
85 0.275857450000
86 0.199607270000
87 0.136075120000
88 0.081938320000
89 0.036784720000
90 0.008587630000
91 0.001139070000
92 0.000131410000
93 0.000015870000
94 0.000002080000
95 0.000000300000
96 0.000000050000
97 0.000000010000
98 0.000000000000
99 0.000000000000
100 0.000000000000
101 0.000000000000
102 0.000000000000
103 0.000000000000
104 0.000000000000
105 0.000000000000
106 0.000000000000
107 0.000000000000
108 0.000000000000
109 0.000000000000
110 0.000000050000
111 0.000000630000
112 0.000008550000
113 0.000110090000
114 0.001325200000

[down]
1 0.011553560000
2 0.011553560000
3 0.001625150000
4 0.000171860000
5 0.000017180000
6 0.000001670000
7 0.000000160000
8 0.000000020000
9 0.000000000000
10 0.000000000000
11 0.000000000000
12 0.000000000000
13 0.000000000000
14 0.000000000000
15 0.000000000000
16 0.000000000000
17 0.000000000000
18 0.000000000000
19 0.000000000000
20 0.000000000000
21 0.000000000000
22 0.000000000000
23 -0.000000000000
24 -0.000000000000
25 -0.000000000000
26 -0.000000000000
27 -0.000000000000
28 -0.000000000000
29 -0.000000000000
30 0.000000000000
31 -0.000000000000
32 -0.000000000000
33 -0.000000000000
34 -0.000000000000
35 -0.000000000000
36 -0.000000000000
37 -0.000000000000
38 -0.000000000000
39 0.000000000000
40 0.000000000000
41 0.000000000000
42 -0.000000000000
43 -0.000000000000
44 -0.000000000000
45 0.000000000000
46 0.000000000000
47 -0.000000000000
48 -0.000000000000
49 -0.000000000000
50 -0.000000000000
51 -0.000000000000
52 -0.000000000000
53 -0.000000000000
54 0.000000000000
55 0.000000000000
56 0.000000000000
57 0.000000000000
58 0.000000000000
59 0.000000000000
60 0.000000000000
61 -0.000000000000
62 -0.000000000000
63 0.000000000000
64 0.000000000000
65 0.000000000000
66 0.000000000000
67 0.000000000000
68 0.000000000000
69 0.000000000000
70 0.000000000000
71 0.000000000000
72 0.000000000000
73 0.000000000000
74 0.000000000000
75 0.000000000000
76 0.000000000000
77 0.000000000000
78 0.000000000000
79 0.000000000000
80 0.000000000000
81 0.000000000000
82 0.000000000000
83 0.000000000000
84 0.000000000000
85 0.000000070000
86 0.000001250000
87 0.000017700000
88 0.000216420000
89 0.002264050000
90 0.015380440000
91 0.049175560000
92 0.092474770000
93 0.139757490000
94 0.190361250000
95 0.244474110000
96 0.302738980000
97 0.354907430000
98 0.400969540000
99 0.446781090000
100 0.483297410000
101 0.501898020000
102 0.519355440000
103 0.585305440000
104 0.512027060000
105 0.442571880000
106 0.391489180000
107 0.368311460000
108 0.340800970000
109 0.309158530000
110 0.273354860000
111 0.216349250000
112 0.152143160000
113 0.095507650000
114 0.046254130000

[left]
1 0.023104910000
2 0.023104910000
3 0.025398800000
4 0.034768710000
5 0.049390030000
6 0.056320210000
7 0.054825650000
8 0.049791900000
9 0.046768590000
10 0.047292870000
11 0.040222440000
12 0.020896420000
13 0.021410060000
14 0.020818070000
15 0.020687500000
16 0.021075260000
17 0.026890030000
18 0.047815380000
19 0.028397890000
20 0.076587880000
21 0.220951580000
22 0.389201090000
23 0.546786030000
24 0.673400800000
25 0.785871930000
26 0.888179840000
27 0.903078330000
28 0.903157020000
29 0.903196070000
30 0.842440760000
31 0.752796180000
32 0.566825420000
33 0.479508930000
34 0.460959990000
35 0.411762820000
36 0.320533320000
37 0.206575540000
38 0.079379390000
39 0.031597010000
40 0.067700100000
41 0.100265660000
42 0.107850540000
43 0.125481210000
44 0.173554410000
45 0.199406940000
46 0.223747780000
47 0.203133410000
48 0.178992160000
49 0.153634350000
50 0.126773130000
51 0.098019980000
52 0.066908510000
53 0.033225650000
54 0.041173710000
55 0.073782950000
56 0.084595720000
57 0.054296680000
58 0.046020240000
59 0.047679380000
60 0.082169000000
61 0.098744620000
62 0.069954680000
63 0.038346600000
64 0.021691650000
65 0.084361930000
66 0.079151270000
67 0.024173800000
68 0.054167960000
69 0.083801600000
70 0.112458920000
71 0.140444100000
72 0.131082620000
73 0.095381250000
74 0.073563370000
75 0.045711930000
76 0.022370040000
77 0.053134740000
78 0.116177600000
79 0.171301390000
80 0.223598580000
81 0.306169580000
82 0.352044040000
83 0.402530760000
84 0.350114450000
85 0.220666100000
86 0.131286950000
87 0.072613820000
88 0.038119710000
89 0.025123790000
90 0.023162460000
91 0.027105320000
92 0.043271600000
93 0.076650670000
94 0.125448170000
95 0.190099430000
96 0.273146440000
97 0.326535390000
98 0.367410380000
99 0.408054440000
100 0.402392190000
101 0.351618060000
102 0.296376960000
103 0.256393390000
104 0.150433590000
105 0.062296150000
106 0.022413670000
107 0.041526450000
108 0.057521420000
109 0.068472680000
110 0.074581350000
111 0.057090520000
112 0.035549630000
113 0.023028530000
114 0.021329080000

[right]
1 0.023104910000
2 0.023104910000
3 0.021638250000
4 0.020916550000
5 0.023819770000
6 0.025600020000
7 0.025107470000
8 0.023712330000
9 0.022910240000
10 0.022972590000
11 0.021434260000
12 0.037037750000
13 0.040585300000
14 0.036985530000
15 0.036165710000
16 0.039343650000
17 0.064678290000
18 0.139197860000
19 0.070763290000
20 0.029888740000
21 0.069983550000
22 0.116307840000
23 0.160283100000
24 0.196611190000
25 0.229318130000
26 0.259447080000
27 0.263865060000
28 0.263887850000
29 0.263899110000
30 0.245927930000
31 0.219777220000
32 0.169197180000
33 0.144466350000
34 0.137560120000
35 0.122404730000
36 0.096498280000
37 0.064898900000
38 0.030074280000
39 0.085048270000
40 0.216726000000
41 0.334039930000
42 0.352100640000
43 0.412930140000
44 0.592984620000
45 0.683053760000
46 0.766799600000
47 0.695933670000
48 0.612221600000
49 0.523470640000
50 0.428562140000
51 0.325973410000
52 0.213843260000
53 0.091064560000
54 0.120221420000
55 0.238720150000
56 0.277731700000
57 0.168054900000
58 0.137913790000
59 0.143957710000
60 0.268959670000
61 0.328536930000
62 0.224726950000
63 0.109148780000
64 0.044616710000
65 0.031753970000
66 0.030414140000
67 0.055195600000
68 0.163469580000
69 0.267971300000
70 0.368125300000
71 0.465057810000
72 0.428884090000
73 0.302140930000
74 0.226961600000
75 0.129684050000
76 0.045721470000
77 0.024179030000
78 0.042255370000
79 0.058656320000
80 0.074308480000
81 0.098520810000
82 0.112757080000
83 0.128367130000
84 0.113335430000
85 0.074930960000
86 0.048132800000
87 0.030446070000
88 0.021405970000
89 0.021776870000
90 0.023051980000
91 0.021167780000
92 0.022929430000
93 0.033352860000
94 0.050252230000
95 0.073216620000
96 0.103282600000
97 0.123858280000
98 0.140404050000
99 0.157306170000
100 0.157756790000
101 0.140777760000
102 0.121487970000
103 0.109319160000
104 0.066095870000
105 0.031284140000
106 0.036165270000
107 0.092166310000
108 0.137663100000
109 0.170837660000
110 0.191550050000
111 0.144266440000
112 0.082934570000
113 0.043628940000
114 0.026421100000
