  0.00000000
  0.00000000
  0.09429857
  0.17103685
  0.20759088
  0.18587595
  0.14321474
  0.10411908
  0.08102327
  0.07165621
  0.04880301
 -0.03742764
 -0.04006785
 -0.03070668
 -0.02690609
 -0.02923716
 -0.05592936
 -0.12521716
 -0.05430540
  0.05604243
  0.16871675
  0.28207827
  0.39577592
  0.50248061
  0.59911183
  0.68712121
  0.69985460
  0.69990953
  0.69993545
  0.64776473
  0.57340663
  0.49783797
  0.43144354
  0.36657712
  0.29409198
  0.21479448
  0.13088519
  0.04359763
 -0.04735736
 -0.13813995
 -0.22508150
 -0.30846964
 -0.37350948
 -0.43607007
 -0.51084872
 -0.58281052
 -0.52183218
 -0.45046860
 -0.37620939
 -0.29907550
 -0.21903814
 -0.13616524
 -0.05140556
 -0.07096501
 -0.15410189
 -0.18276613
 -0.10385893
 -0.08302125
 -0.08719821
 -0.17644116
 -0.22120508
 -0.14485509
 -0.06778198
 -0.02285724
  0.05470638
  0.05290963
 -0.03527869
 -0.12968468
 -0.22673433
 -0.32458331
 -0.42240413
 -0.42599236
 -0.33365592
 -0.24489610
 -0.14441836
 -0.04331359
  0.05790457
  0.15899284
  0.25995984
  0.36087065
  0.46389579
  0.58210420
  0.69975916
  0.69974211
  0.57539844
  0.45293398
  0.33304714
  0.21514070
  0.09877685
 -0.01632204
 -0.13015286
 -0.24288234
 -0.35449905
 -0.46492118
 -0.57400287
 -0.68151669
 -0.69985476
 -0.69984410
 -0.69982073
 -0.63750943
 -0.53061792
 -0.42345370
 -0.31604792
 -0.19830466
 -0.07988328
  0.03889893
  0.15781807
  0.27683071
  0.39589613
  0.51484296
  0.47748159
  0.35752309
  0.23792030
  0.11875982
  0.00000000
