  0.01155245
  0.01155245
  0.00155458
  0.00015870
  0.00001560
  0.00000153
  0.00000015
  0.00000001
  0.00000000
  0.00000000
  0.00000000
  0.00000000
  0.00000000
  0.00000000
  0.00000000
  0.00000000
  0.00000000
  0.00000000
  0.00000000
  0.00000000
  0.00000000
  0.00000000
 -0.00000000
 -0.00000000
 -0.00000000
 -0.00000000
 -0.00000000
 -0.00000000
 -0.00000000
  0.00000000
 -0.00000000
 -0.00000000
 -0.00000000
 -0.00000000
 -0.00000000
 -0.00000000
 -0.00000000
 -0.00000000
  0.00000000
  0.00000000
  0.00000000
 -0.00000000
 -0.00000000
 -0.00000000
  0.00000000
  0.00000000
 -0.00000000
 -0.00000000
 -0.00000000
 -0.00000000
 -0.00000000
 -0.00000000
 -0.00000000
  0.00000000
  0.00000000
  0.00000000
  0.00000000
  0.00000000
  0.00000000
  0.00000000
 -0.00000000
 -0.00000000
  0.00000000
  0.00000000
  0.00000000
  0.00000000
  0.00000000
  0.00000000
  0.00000000
  0.00000000
  0.00000000
  0.00000000
  0.00000000
  0.00000000
  0.00000000
  0.00000000
  0.00000000
  0.00000000
  0.00000000
  0.00000000
  0.00000000
  0.00000000
  0.00000000
  0.00000000
  0.00000005
  0.00000101
  0.00001518
  0.00019587
  0.00216124
  0.01526086
  0.04626857
  0.08264561
  0.11867338
  0.15342253
  0.18656696
  0.21789768
  0.25275080
  0.28555616
  0.31818585
  0.35653857
  0.39160647
  0.42697991
  0.50589755
  0.46698455
  0.42619497
  0.38430983
  0.34217352
  0.29990039
  0.25749846
  0.21497725
  0.17330695
  0.12900952
  0.08554917
  0.04374846
