 -1.62479783
 -1.62479783
 -1.62479783
 -1.62296519
 -1.61627302
 -1.60403333
 -1.58946351
 -1.57549723
 -1.56335155
 -1.55233973
 -1.54121424
 -1.53269515
 -1.53995046
 -1.54849505
 -1.55563763
 -1.56241761
 -1.57035240
 -1.58662836
 -1.62566190
 -1.64360507
 -1.62398899
 -1.56109223
 -1.44833077
 -1.28823320
 -1.08903111
 -0.85462242
 -0.58778213
 -0.31618621
 -0.04456576
  0.22706681
  0.47935473
  0.70349334
  0.87318627
  1.01625828
  1.15189624
  1.27122054
  1.36265846
  1.42008197
  1.43991762
  1.41840701
  1.35796821
  1.26247498
  1.15881719
  1.03618128
  0.86179812
  0.65958662
  0.43117400
  0.22495123
  0.04471472
 -0.10822596
 -0.23225253
 -0.32532845
 -0.38491516
 -0.40820324
 -0.44008387
 -0.50707041
 -0.58569611
 -0.63170700
 -0.66880787
 -0.70769512
 -0.78370862
 -0.87756456
 -0.94043026
 -0.96926193
 -0.97865093
 -0.95697351
 -0.93677132
 -0.94970999
 -0.99558229
 -1.07335316
 -1.18197154
 -1.32071389
 -1.44937930
 -1.53961482
 -1.60636500
 -1.64313323
 -1.65342697
 -1.64057337
 -1.60752929
 -1.55682552
 -1.48927328
 -1.39565826
 -1.28671894
 -1.16097655
 -1.05141469
 -0.98319244
 -0.94381843
 -0.92363626
 -0.91555488
 -0.91392206
 -0.91386705
 -0.91090908
 -0.90068492
 -0.87872480
 -0.84024739
 -0.77992752
 -0.69155118
 -0.58513803
 -0.46491575
 -0.33096238
 -0.19892193
 -0.08403490
  0.01218960
  0.09490613
  0.14182539
  0.15888461
  0.15140622
  0.12417922
  0.08157446
  0.02776190
 -0.03304809
 -0.07788368
 -0.10197986
 -0.11234132
 -0.11487661
