  0.00000000
  0.00000000
  0.18731391
  0.37462540
  0.56193441
  0.74924072
  0.93654402
  1.12384392
  1.31113991
  1.49843132
  1.68571733
  1.87299693
  2.06026868
  2.24753121
  2.43478132
  2.62201584
  2.80922943
  2.99641344
  3.18355095
  3.37060831
  3.55529773
  3.72014039
  3.86889199
  4.00411547
  4.12757156
  4.24291954
  4.35307658
  4.31647690
  4.21038795
  4.09495687
  3.98883922
  4.05546491
  4.18303776
  4.32486149
  4.46970666
  4.61706267
  4.73761333
  4.85679935
  4.97263877
  4.98997194
  4.98772567
  4.98820885
  4.99065754
  4.99510018
  4.99502964
  4.99529663
  4.99559339
  4.99585209
  4.99604048
  4.99616611
  4.99624787
  4.99630992
  4.99627543
  4.99623934
  4.99618366
  4.99602375
  4.99492236
  4.92774894
  4.81984362
  4.69841937
  4.57536319
  4.46876242
  4.36214414
  4.25552376
  4.14886107
  4.04222949
  3.93558481
  3.82364298
  3.70869501
  3.56197156
  3.41503075
  3.26780694
  3.12033088
  2.97257544
  2.84609064
  2.73203775
  2.61405523
  2.46533174
  2.30958193
  2.12308899
  1.93655971
  1.75037229
  1.56406691
  1.37780739
  1.19163927
  1.00473748
  0.81788000
  0.63106521
  0.44424335
  0.25765222
  0.07139108
 -0.11438454
 -0.29945067
 -0.48660503
 -0.67373408
 -0.86083107
 -1.04788396
 -1.23487110
 -1.42175162
 -1.60873060
 -1.79569855
 -1.98252505
 -2.16883257
 -1.98426799
 -1.79755363
 -1.61830084
 -1.43896205
 -1.25928132
 -1.07963340
 -0.90003177
 -0.72046868
 -0.54000287
 -0.35979638
 -0.17982807
  0.00000000
