  2.17959184
  2.17959184
  2.17959184
  2.17706621
  2.17221127
  2.16576267
  2.15869117
  2.15185459
  2.14594012
  2.14159531
  2.13952255
  2.14059454
  2.14611665
  2.15806868
  2.17680102
  2.18739059
  2.18620021
  2.17272567
  2.14868218
  2.14152674
  2.17965327
  2.29164776
  2.50170444
  2.82069663
  3.24539798
  3.76836204
  4.37340986
  5.01624855
  5.65244227
  6.26109214
  6.73977221
  7.14123354
  7.50420425
  7.80435915
  8.02113188
  8.17538298
  8.27373430
  8.37425228
  8.50120219
  8.67480091
  8.84735098
  9.03938231
  9.27207076
  9.57581668
 10.05294307
 10.62703442
 11.29611751
 12.03026482
 12.80174872
 13.58774173
 14.37408256
 15.15565851
 15.93860018
 16.71606548
 17.47958034
 18.21438537
 18.89660161
 19.47439245
 20.01841411
 20.55568512
 21.04510911
 21.44111006
 21.82743313
 22.20455180
 22.57268611
 22.93162271
 23.28153467
 23.63923751
 23.99609914
 24.42504573
 24.83758504
 25.21497783
 25.54045154
 25.79870086
 25.94988161
 26.03106917
 26.07749791
 26.10146271
 26.09783980
 26.07843531
 26.06054387
 26.06009037
 26.08619492
 26.14234987
 26.22708878
 26.33520359
 26.45471413
 26.57027373
 26.67020648
 26.74513828
 26.78990579
 26.80243431
 26.78239285
 26.72942546
 26.64336463
 26.52332742
 26.36680390
 26.16895499
 25.92220048
 25.61622929
 25.24353589
 24.80787288
 24.31629488
 23.77486007
 23.28004236
 22.85109304
 22.46493563
 22.12097035
 21.81984831
 21.56140577
 21.34580903
 21.17247435
 21.04306773
 20.95714704
 20.91428571
