Ipopt 3.13.4: option_file_name=../public/solver/ipopt.opt

Using option file "../public/solver/ipopt.opt".


******************************************************************************
This program contains Ipopt, a library for large-scale nonlinear optimization.
 Ipopt is released as open source code under the Eclipse Public License (EPL).
         For more information visit https://github.com/coin-or/Ipopt
******************************************************************************

This is Ipopt version 3.13.4, running with linear solver ma27.

Number of nonzeros in equality constraint Jacobian...:    28508
Number of nonzeros in inequality constraint Jacobian.:    15208
Number of nonzeros in Lagrangian Hessian.............:    15162

Total number of variables............................:    11886
                     variables with only lower bounds:     6670
                variables with lower and upper bounds:     1885
                     variables with only upper bounds:        0
Total number of equality constraints.................:     6525
Total number of inequality constraints...............:     2465
        inequality constraints with only lower bounds:      870
   inequality constraints with lower and upper bounds:        0
        inequality constraints with only upper bounds:     1595

iter    objective    inf_pr   inf_du lg(mu)  ||d||  lg(rg) alpha_du alpha_pr  ls
   0  7.7718888e+00 1.22e+00 1.24e+00   0.0 0.00e+00    -  0.00e+00 0.00e+00   0
   1  7.7721633e+00 1.22e+00 9.86e+02   0.3 1.99e+00   4.0 9.88e-01 4.22e-03h  1
   2  7.7370150e+00 1.20e+00 3.48e+03   2.3 5.09e+00   3.5 4.41e-02 1.63e-02f  1
   3  7.7194621e+00 1.15e+00 3.31e+03   1.8 4.06e+01    -  4.37e-02 4.09e-02f  1
   4  7.7300853e+00 9.91e-01 2.92e+03   1.6 2.18e+01    -  1.16e-01 1.37e-01f  1
   5  7.7632091e+00 8.59e-01 2.49e+03   1.1 6.59e+00    -  1.50e-01 1.33e-01f  1
   6  7.8108681e+00 7.04e-01 2.24e+03   1.1 6.99e+00    -  9.16e-02 1.81e-01f  1
   7  7.8401522e+00 6.43e-01 1.95e+03  -4.8 1.47e+00    -  1.23e-01 8.66e-02h  1
   8  7.8591028e+00 5.97e-01 4.14e+03  -4.9 2.04e+00    -  1.03e-01 7.15e-02h  1
   9  7.8675584e+00 5.67e-01 6.47e+05   2.0 4.35e+00   3.0 4.50e-01 5.09e-02f  1
iter    objective    inf_pr   inf_du lg(mu)  ||d||  lg(rg) alpha_du alpha_pr  ls
  10  7.8852936e+00 4.53e-01 5.35e+05   1.5 4.95e+00    -  1.42e-01 2.01e-01f  1
  11  7.8844515e+00 4.40e-01 4.82e+05   2.0 1.48e+01    -  1.52e-01 2.85e-02f  1
  12  7.9175743e+00 3.60e-01 3.98e+05   1.3 2.41e+00    -  2.24e-01 1.82e-01f  1
  13  7.9823122e+00 2.85e-01 2.79e+05   1.6 4.42e+00    -  1.55e-01 2.09e-01f  1
  14  8.0567167e+00 2.30e-01 1.74e+05   1.5 2.96e+00    -  1.36e-01 1.90e-01f  1
  15  8.1364941e+00 2.05e-01 1.93e+05   1.6 5.33e+00    -  1.53e-01 1.11e-01f  1
  16  8.1541988e+00 1.87e-01 2.00e+05   0.6 2.04e+00    -  1.51e-01 8.64e-02h  1
  17  8.1959604e+00 1.58e-01 1.01e+06   1.9 3.46e+00   2.6 4.30e-01 1.54e-01f  1
  18  8.2059466e+00 1.52e-01 1.64e+07   2.4 3.56e+00   3.0 1.00e+00 4.15e-02f  1
  19  8.1819140e+00 1.41e-01 1.55e+07   3.0 1.49e+01    -  1.00e-01 7.20e-02f  1
iter    objective    inf_pr   inf_du lg(mu)  ||d||  lg(rg) alpha_du alpha_pr  ls
  20  8.1833231e+00 1.38e-01 1.52e+07   2.4 3.23e+01   3.4 1.77e-02 2.25e-02h  1
  21  8.1834538e+00 1.37e-01 1.52e+07   2.4 3.91e+01   3.8 1.33e-02 4.16e-03h  1
  22  8.1831543e+00 1.36e-01 1.48e+07   2.4 4.35e+00    -  2.31e-02 7.38e-03f  1
  23  8.1826970e+00 1.35e-01 1.47e+07   2.4 4.40e+00    -  5.53e-03 5.97e-03f  1
  24  8.1738097e+00 1.22e-01 1.51e+07   2.4 4.41e+00    -  3.12e-03 9.91e-02f  1
  25  8.1696337e+00 1.18e-01 1.68e+07   2.4 4.28e+00    -  1.00e-01 3.24e-02f  1
  26  8.1632423e+00 1.04e-01 1.45e+07   2.4 4.64e+00    -  1.11e-01 1.19e-01f  1
  27  8.1543412e+00 9.14e-02 1.71e+07   2.1 2.89e+00    -  1.93e-01 1.20e-01f  1
  28  8.1444630e+00 8.23e-02 8.00e+06  -3.6 1.79e+00   3.4 6.11e-04 9.94e-02h  1
  29  8.1444839e+00 8.23e-02 9.32e+06   3.5 1.07e+00   7.4 3.06e-03 4.70e-04h  1
iter    objective    inf_pr   inf_du lg(mu)  ||d||  lg(rg) alpha_du alpha_pr  ls
  30  8.1448996e+00 8.14e-02 1.95e+07  -3.6 2.26e-01   6.9 3.60e-02 1.14e-02h  1
  31  8.1449137e+00 8.13e-02 2.45e+07   2.1 1.02e+00   7.4 5.27e-03 9.07e-04h  1
  32  8.1456737e+00 7.98e-02 1.64e+08   2.4 2.14e-01   6.9 1.43e-01 1.87e-02h  1
  33  8.1460650e+00 7.91e-02 1.99e+08   0.9 2.10e-01   6.4 3.60e-02 8.08e-03h  1
  34  8.1470354e+00 7.75e-02 1.92e+08   0.3 2.16e-01   5.9 1.56e-02 2.08e-02h  1
  35  8.1496912e+00 7.26e-02 1.78e+08   2.6 3.55e-01   5.4 4.16e-02 6.33e-02h  1
  36  8.1542619e+00 6.62e-02 1.66e+08   3.2 7.00e-01   5.0 3.22e-01 8.71e-02f  1
  37  8.1721921e+00 5.63e-02 1.48e+08   1.3 7.83e-01   4.5 6.39e-02 1.50e-01h  1
  38  8.1778983e+00 5.19e-02 1.51e+08   0.7 4.16e-01   4.9 2.52e-01 7.74e-02h  1
  39  8.1858641e+00 4.31e-02 4.56e+08   2.8 5.52e-01   5.3 5.61e-01 1.69e-01h  1
iter    objective    inf_pr   inf_du lg(mu)  ||d||  lg(rg) alpha_du alpha_pr  ls
  40  8.1911238e+00 4.02e-02 3.94e+08   3.5 2.17e+00   4.9 3.22e-01 6.86e-02f  1
  41  8.2155873e+00 2.45e-02 3.44e+08  -2.9 2.24e+00    -  2.16e-01 3.89e-01h  1
  42  8.2144262e+00 1.08e-02 2.07e+08   0.9 4.10e-01    -  4.49e-01 5.61e-01h  1
  43  8.1788050e+00 3.12e-02 1.63e+08   2.6 3.55e+00    -  2.87e-01 4.92e-01f  1
  44  8.1847023e+00 7.19e-04 1.13e+08  -3.3 3.55e-01    -  5.81e-01 1.00e+00h  1
  45  8.1846309e+00 9.19e-06 6.72e+06  -3.6 1.19e-02    -  9.46e-01 1.00e+00h  1
  46  8.1846200e+00 6.86e-05 3.87e+05  -4.9 6.81e-04   6.2 7.79e-01 1.00e+00h  1
  47  8.1846200e+00 7.10e-05 6.27e+04  -5.6 2.73e-04   6.6 8.65e-01 1.00e+00h  1
  48  8.1846198e+00 6.13e-08 8.81e+02  -1.6 6.78e-05   6.1 1.00e+00 1.00e+00h  1
  49  8.1846193e+00 3.80e-11 3.70e-01  -3.4 7.92e-07   5.7 1.00e+00 1.00e+00h  1
iter    objective    inf_pr   inf_du lg(mu)  ||d||  lg(rg) alpha_du alpha_pr  ls
  50  8.1846179e+00 3.07e-10 1.35e+00  -3.5 2.66e-06   5.2 1.00e+00 1.00e+00h  1
  51  8.1846137e+00 2.64e-09 1.35e+00  -3.5 7.63e-06   4.7 1.00e+00 1.00e+00h  1
  52  8.1846011e+00 2.12e-08 1.34e+00  -3.5 2.04e-05   4.2 1.00e+00 1.00e+00h  1
  53  8.1845636e+00 2.83e-11 3.49e-01  -5.4 6.06e-05   3.8 1.00e+00 1.00e+00h  1
  54  8.1844509e+00 9.90e-11 3.49e-01  -7.1 1.82e-04   3.3 1.00e+00 1.00e+00f  1
  55  8.1841132e+00 8.90e-10 3.49e-01  -8.6 5.45e-04   2.8 1.00e+00 1.00e+00f  1
  56  8.1831024e+00 7.97e-09 3.50e-01 -10.1 1.64e-03   2.3 1.00e+00 1.00e+00f  1
  57  8.1800904e+00 7.06e-08 3.50e-01 -11.0 4.92e-03   1.9 1.00e+00 1.00e+00f  1
  58  8.1712210e+00 6.07e-07 3.51e-01 -11.0 1.48e-02   1.4 1.00e+00 1.00e+00f  1
  59  8.1650153e+00 7.44e-07 3.52e-01 -11.0 4.47e-02   0.9 1.00e+00 2.42e-01f  1
iter    objective    inf_pr   inf_du lg(mu)  ||d||  lg(rg) alpha_du alpha_pr  ls
  60  8.1649520e+00 7.43e-07 3.52e-01 -11.0 1.35e-01   0.4 1.00e+00 8.58e-04h  1
  61  8.1643988e+00 7.43e-07 3.52e-01  -9.0 4.03e-01  -0.1 1.00e+00 2.66e-03f  1
  62  8.1602362e+00 8.07e-07 3.52e-01  -7.9 1.16e+00  -0.5 1.00e+00 7.21e-03f  1
  63  8.1511059e+00 1.02e-06 3.52e-01  -6.9 3.06e+00  -1.0 1.00e+00 6.15e-03f  1
  64  8.1118834e+00 1.34e-04 4.09e+00  -5.0 6.73e+00  -1.5 1.00e+00 1.22e-02f  1
  65  7.9609984e+00 3.66e-03 3.67e+00  -4.0 1.11e+01  -2.0 4.54e-02 2.97e-02f  1
  66  7.8520422e+00 3.70e-03 2.95e+00  -4.9 5.75e+00  -1.5 5.04e-02 4.14e-02f  1
  67  7.7317279e+00 5.84e-03 2.85e+00  -3.9 9.48e+00  -2.0 2.34e-02 2.90e-02f  1
  68  7.6644807e+00 5.63e-03 3.99e+00  -4.1 4.30e+00  -1.6 2.45e-01 3.60e-02f  1
  69  7.6029718e+00 5.51e-03 6.51e+00  -3.9 7.18e+00  -2.1 5.05e-02 2.10e-02f  1
iter    objective    inf_pr   inf_du lg(mu)  ||d||  lg(rg) alpha_du alpha_pr  ls
  70  7.4856507e+00 5.05e-03 1.07e+01  -3.8 3.48e+00  -1.6 1.00e+00 8.39e-02f  1
  71  7.5128829e+00 5.00e-03 8.57e+01  -1.8 2.54e+01  -2.1 2.26e-01 9.82e-03f  1
  72  7.2466403e+00 2.43e-02 6.37e+01  -2.6 5.36e+00    -  2.35e-01 3.16e-01f  1
  73  6.7980236e+00 4.63e-02 4.62e+01  -3.0 2.65e+00    -  2.31e-01 6.07e-01h  1
  74  6.8427329e+00 4.03e-02 7.22e+01  -2.3 1.18e+01    -  5.03e-01 1.30e-01f  1
  75  6.7844625e+00 1.93e-02 3.46e+01  -2.5 5.31e+00    -  3.30e-01 5.05e-01h  1
  76  7.0656760e+00 1.73e-02 1.16e+02  -1.8 1.37e+01    -  5.28e-01 1.49e-01f  1
  77  7.1485789e+00 9.13e-01 7.98e+01  -2.1 1.07e+00  -1.7 2.91e-01 1.00e+00h  1
  78  7.2434732e+00 8.99e-02 6.09e-01  -1.8 3.30e-01  -0.4 1.00e+00 1.00e+00h  1
  79  7.1870768e+00 2.45e-02 2.70e+00  -2.1 8.63e-01    -  6.02e-01 6.20e-01h  1
iter    objective    inf_pr   inf_du lg(mu)  ||d||  lg(rg) alpha_du alpha_pr  ls
  80  7.1664457e+00 1.56e-02 7.12e-02  -2.1 7.07e-02  -0.8 1.00e+00 1.00e+00h  1
  81  6.9936907e+00 2.59e-03 2.90e+01  -8.1 4.56e-01  -1.3 6.94e-01 1.00e+00h  1
  82  6.6910903e+00 3.79e-03 1.30e-01  -2.9 7.76e-01  -1.8 1.00e+00 1.00e+00h  1
  83  6.4699099e+00 7.52e-03 8.36e-01  -3.1 8.14e-01  -2.3 8.66e-01 7.70e-01h  1
  84  6.5656992e+00 3.62e-02 5.27e+00  -2.6 8.97e-01  -2.7 9.33e-01 6.36e-01h  1
  85  6.3945367e+00 4.71e-02 5.21e+00  -2.7 2.17e+00  -3.2 4.03e-01 3.01e-01h  1
  86  6.2544750e+00 5.07e-02 3.57e+00  -4.3 1.48e+01    -  2.19e-02 4.60e-02h  1
  87  6.2369066e+00 4.88e-02 6.51e+00  -2.0 7.05e+00    -  9.23e-02 5.25e-02f  1
  88  6.2298451e+00 7.67e-02 1.27e+01  -1.7 1.69e+01  -3.7 9.09e-02 5.64e-02f  1
  89  6.0549375e+00 5.11e-01 2.01e+00  -2.4 8.84e-01  -2.4 4.30e-01 1.00e+00h  1
iter    objective    inf_pr   inf_du lg(mu)  ||d||  lg(rg) alpha_du alpha_pr  ls
  90  5.9030071e+00 2.37e-02 2.91e-01  -2.4 9.65e-01  -1.0 8.02e-01 9.35e-01h  1
  91  5.8183638e+00 2.34e-02 3.03e-01  -8.4 2.81e+01    -  1.88e-02 1.74e-02h  1
  92  5.6632539e+00 1.98e-02 1.98e+00  -8.4 2.90e+00    -  1.57e-01 1.98e-01h  1
  93  5.4702281e+00 1.58e-02 6.27e+00  -4.0 2.45e+00    -  1.09e-01 2.37e-01h  1
  94  5.3696086e+00 2.24e-02 5.92e+00  -2.6 3.09e+01    -  6.51e-02 4.21e-02f  1
  95  5.4572109e+00 2.18e-02 4.22e+01  -1.7 3.36e+01    -  2.36e-01 3.95e-02f  1
  96  5.3827307e+00 1.68e-02 2.39e+01  -2.2 4.12e+00    -  6.21e-01 3.20e-01h  1
  97  5.8049093e+00 1.83e-01 1.93e+02  -1.6 5.73e+00    -  9.78e-01 2.18e-01f  1
  98  5.8347926e+00 7.22e-03 1.68e-01  -1.7 2.69e-01    -  1.00e+00 1.00e+00h  1
  99  5.5657758e+00 4.13e-02 1.09e+02  -7.7 1.19e+00    -  4.49e-01 9.17e-01h  1
iter    objective    inf_pr   inf_du lg(mu)  ||d||  lg(rg) alpha_du alpha_pr  ls
 100  5.4167897e+00 3.99e-03 1.50e-01  -2.3 5.69e-01    -  1.00e+00 1.00e+00h  1
 101  5.0434786e+00 3.17e-02 2.47e+01  -3.2 1.58e+00    -  2.31e-01 7.69e-01h  1
 102  5.0702994e+00 8.85e-04 2.05e-02  -2.5 5.45e-01    -  1.00e+00 1.00e+00h  1
 103  4.9262676e+00 7.89e-03 2.74e-02  -2.7 5.72e-01    -  1.00e+00 1.00e+00h  1
 104  4.7663607e+00 3.88e-03 7.78e-01  -3.0 4.60e-01    -  9.92e-01 9.21e-01h  1
 105  4.6768280e+00 1.67e-03 3.03e-02  -3.1 4.43e-01    -  9.92e-01 1.00e+00h  1
 106  4.5635544e+00 1.37e-01 2.14e+00  -3.3 7.28e-01    -  4.73e-01 1.00e+00h  1
 107  4.6182194e+00 2.37e-02 2.44e+00  -2.9 2.58e-01  -1.5 7.43e-01 5.02e-01h  1
 108  4.6127832e+00 7.22e-03 3.23e+00  -3.3 6.58e-01    -  1.00e+00 9.98e-02h  1
 109  4.6258234e+00 6.60e-03 1.62e+00  -3.0 2.32e+00    -  3.89e-01 9.83e-02h  1
iter    objective    inf_pr   inf_du lg(mu)  ||d||  lg(rg) alpha_du alpha_pr  ls
 110  4.6180595e+00 6.14e-03 1.65e+00  -3.3 1.70e+00    -  2.07e-01 8.67e-02h  2
 111  4.6153807e+00 5.97e-03 1.90e+00  -3.3 2.62e+00    -  2.90e-01 3.18e-02h  2
 112  4.5595611e+00 7.10e-03 2.27e-02  -3.3 4.88e-01    -  1.00e+00 1.00e+00h  1
 113  4.4925779e+00 2.77e-03 5.32e-01  -3.5 3.91e-01    -  7.65e-01 9.97e-01h  1
 114  4.4591392e+00 3.03e-04 6.14e-02  -3.7 1.26e-01  -2.0 1.00e+00 1.00e+00h  1
 115  4.4724281e+00 1.57e-03 9.02e-02  -3.5 4.20e-01  -2.5 5.07e-01 5.09e-01h  1
 116  4.4289535e+00 5.55e-03 4.04e-01  -3.7 7.09e-01    -  1.54e-01 8.99e-01h  1
 117  4.4286121e+00 5.03e-03 3.44e-01  -3.6 5.19e-01    -  7.42e-01 1.11e-01h  1
 118  4.4338142e+00 2.40e-03 1.42e-01  -3.6 1.32e-01    -  1.00e+00 5.70e-01h  1
 119  4.4012585e+00 3.48e-03 3.18e-01  -4.0 6.01e-01    -  3.86e-01 5.42e-01h  1
iter    objective    inf_pr   inf_du lg(mu)  ||d||  lg(rg) alpha_du alpha_pr  ls
 120  4.3792514e+00 6.48e-03 1.36e-01  -3.9 4.53e-01    -  8.07e-01 1.00e+00h  1
 121  4.3910249e+00 1.00e-04 6.23e+00  -3.5 1.88e-02   0.7 3.84e-01 1.00e+00h  1
 122  4.3838488e+00 6.20e-06 2.44e-02  -3.9 1.04e-02   0.2 1.00e+00 1.00e+00h  1
 123  4.3735458e+00 5.66e-05 9.15e-01  -4.2 1.89e-02  -0.3 9.99e-01 8.31e-01h  1
 124  4.3729601e+00 6.29e-05 5.07e+00  -4.5 2.27e-02   0.1 4.99e-01 5.49e-02h  1
 125  4.3720256e+00 3.44e-05 1.36e+00  -4.7 2.62e-03   1.5 8.81e-01 4.54e-01h  1
 126  4.3814758e+00 3.01e-04 3.79e+02  -2.8 6.16e-02   1.9 9.69e-01 2.81e-01f  1
 127  4.3880670e+00 2.91e-05 1.38e+02  -2.9 1.98e-02   1.4 7.35e-01 1.00e+00f  1
 128  4.4001573e+00 4.19e-05 6.51e+01  -2.9 2.72e-02   0.9 6.64e-01 9.84e-01f  1
 129  4.4177949e+00 3.00e-05 5.75e+00  -2.9 4.36e-02   0.5 6.44e-01 1.00e+00f  1
iter    objective    inf_pr   inf_du lg(mu)  ||d||  lg(rg) alpha_du alpha_pr  ls
 130  4.4444213e+00 3.01e-04 2.85e+01  -2.9 6.82e-02  -0.0 4.22e-01 1.00e+00f  1
 131  4.4745048e+00 2.53e-03 2.06e+00  -2.9 1.48e-01  -0.5 7.17e-01 1.00e+00f  1
 132  4.4850959e+00 3.24e-03 1.22e+00  -2.9 2.46e-01  -1.0 9.09e-01 4.11e-01h  1
 133  4.5361534e+00 2.12e-03 2.16e-01  -2.9 2.11e-01  -1.5 6.92e-01 8.21e-01f  1
 134  4.5637735e+00 2.00e-03 6.19e-01  -2.9 2.34e-01  -1.9 1.00e+00 6.12e-01f  1
 135  4.6002299e+00 1.06e-02 1.17e+00  -2.9 2.18e+00    -  5.73e-01 2.92e-01h  1
 136  4.6536891e+00 1.82e-02 8.29e-01  -2.9 3.09e+00    -  3.33e-01 2.84e-01h  1
 137  4.7490599e+00 3.14e-02 4.39e-01  -2.9 1.18e+00    -  6.36e-01 9.34e-01h  1
 138  4.7561652e+00 1.37e+00 1.08e+00  -2.9 1.36e+00  -2.4 4.86e-01 1.00e+00h  1
 139  4.7538123e+00 1.53e-02 8.80e-03  -2.9 6.71e-01  -2.9 1.00e+00 1.00e+00h  1
iter    objective    inf_pr   inf_du lg(mu)  ||d||  lg(rg) alpha_du alpha_pr  ls
 140  4.7513542e+00 2.21e-03 1.18e-02  -2.9 4.22e-01    -  1.00e+00 1.00e+00h  1
 141  4.7516495e+00 1.12e-04 1.90e-03  -2.9 1.14e-01    -  1.00e+00 1.00e+00h  1
 142  4.7513991e+00 6.53e-06 4.68e-06  -2.9 1.76e-02    -  1.00e+00 1.00e+00h  1
 143  4.5822185e+00 4.24e-03 2.16e+00  -4.3 7.98e-01    -  4.46e-01 6.07e-01f  1
 144  4.4808020e+00 8.20e-03 2.35e+00  -4.3 1.04e+00    -  3.17e-01 4.84e-01h  1
 145  4.4583257e+00 5.90e-03 4.79e-01  -4.3 4.98e-01  -2.5 5.74e-01 2.83e-01h  1
 146  4.4074373e+00 9.63e-02 5.92e-01  -4.3 9.97e-01  -2.9 3.20e-01 5.50e-01h  1
 147  4.4034309e+00 8.46e-02 5.17e-01  -4.3 1.69e+01    -  6.00e-02 1.52e-02h  1
 148  4.3851158e+00 3.95e-01 4.11e-01  -4.3 2.42e+00    -  1.68e-01 1.47e-01h  1
 149  4.3625331e+00 1.64e-02 3.45e-01  -4.3 1.68e+00    -  5.66e-01 2.39e-01h  1
iter    objective    inf_pr   inf_du lg(mu)  ||d||  lg(rg) alpha_du alpha_pr  ls
 150  4.3633199e+00 4.07e-03 2.90e-01  -3.8 6.06e-01    -  6.98e-01 5.16e-01h  1
 151  4.3458684e+00 5.19e-03 2.34e-01  -3.9 4.53e-01    -  1.00e+00 1.00e+00h  1
 152  4.3420994e+00 1.48e-05 7.20e-01  -4.6 3.29e-02   1.1 4.67e-01 1.00e+00h  1
 153  4.3406204e+00 1.49e-05 9.44e-01  -4.6 1.90e-03   1.5 1.00e+00 1.00e+00h  1
 154  4.3365840e+00 2.05e-06 6.34e-02  -5.3 5.64e-03   1.1 1.00e+00 1.00e+00h  1
 155  4.3343016e+00 5.11e-06 2.07e-01  -5.0 9.49e-03   0.6 1.00e+00 4.33e-01h  1
 156  4.3338498e+00 1.31e-05 5.19e-02  -5.4 6.49e-04   1.9 1.00e+00 1.00e+00h  1
 157  4.3361365e+00 8.89e-06 6.79e-01  -4.4 3.12e-03   1.4 1.00e+00 1.00e+00h  1
 158  4.3346087e+00 6.63e-05 6.38e-01  -4.5 2.61e-03   0.9 5.90e-01 1.00e+00h  1
 159  4.3313607e+00 8.97e-05 5.26e+00  -4.5 6.05e-03   0.5 1.59e-01 1.00e+00h  1
iter    objective    inf_pr   inf_du lg(mu)  ||d||  lg(rg) alpha_du alpha_pr  ls
 160  4.3259424e+00 4.78e-05 2.29e+00  -5.2 1.86e-02  -0.0 5.01e-01 5.60e-01h  1
 161  4.3302378e+00 4.56e-04 3.89e+00  -3.9 1.90e-02   0.4 1.00e+00 5.21e-01f  1
 162  4.3288301e+00 4.01e-05 6.23e-01  -4.0 1.35e-02  -0.1 8.52e-01 1.00e+00h  1
 163  4.3130308e+00 3.12e-04 5.78e-01  -4.4 3.65e-02  -0.5 1.00e+00 1.00e+00h  1
 164  4.3232704e+00 5.90e-04 7.15e-01  -3.3 5.24e-01  -1.0 3.12e-01 1.68e-01f  1
 165  4.3061308e+00 1.21e-02 7.07e-01  -3.8 3.84e+01    -  9.48e-03 1.29e-02f  1
 166  4.2980177e+00 1.19e-02 6.58e-01  -9.7 5.70e+00    -  3.43e-02 1.51e-02h  1
 167  4.2862329e+00 1.16e-02 6.22e-01  -9.8 8.92e+00    -  3.31e-02 2.17e-02h  1
 168  4.2647886e+00 6.61e-03 2.35e-01  -4.3 1.55e-01  -1.5 5.78e-01 4.24e-01h  1
 169  4.2509519e+00 6.26e-03 2.22e-01 -10.0 2.40e+00    -  7.56e-02 5.36e-02h  1
iter    objective    inf_pr   inf_du lg(mu)  ||d||  lg(rg) alpha_du alpha_pr  ls
 170  4.2383371e+00 5.75e-03 2.04e-01  -5.3 1.40e+00    -  1.07e-01 8.12e-02h  1
 171  4.2321050e+00 5.48e-03 1.99e-01  -4.2 7.05e+00    -  8.14e-02 4.53e-02h  1
 172  4.2165069e+00 6.38e-02 2.61e-01  -4.2 1.24e+00    -  3.94e-01 2.66e-01h  1
 173  4.2346972e+00 4.16e-03 4.50e-01  -3.8 1.79e-01  -2.0 8.09e-01 1.00e+00h  1
 174  4.2323718e+00 3.33e-03 3.12e-01  -3.8 5.10e-01    -  5.10e-01 3.88e-01h  1
 175  4.2125079e+00 9.19e-03 1.22e-01  -3.9 2.69e-01    -  1.00e+00 9.08e-01h  1
 176  4.2129803e+00 1.26e-05 5.68e+00  -3.7 2.39e-02   2.1 1.00e+00 1.00e+00h  1
 177  4.2201247e+00 7.09e-06 7.01e+00  -2.9 2.20e-02   1.6 9.92e-01 4.36e-01f  1
 178  4.2195728e+00 5.90e-07 4.36e-02  -3.8 2.20e-03   1.1 1.00e+00 1.00e+00h  1
 179  4.2028390e+00 5.79e-04 3.00e-01  -4.0 1.16e-01    -  9.95e-01 8.94e-01f  1
iter    objective    inf_pr   inf_du lg(mu)  ||d||  lg(rg) alpha_du alpha_pr  ls
 180  4.2018711e+00 4.05e-04 3.45e+00  -4.2 6.17e-03   0.6 1.00e+00 3.01e-01h  1
 181  4.2000240e+00 2.20e-04 1.41e+00  -4.9 6.07e-03   1.1 9.31e-01 4.56e-01h  1
 182  4.2005736e+00 1.57e-04 1.50e+02  -3.5 1.81e-02   2.4 1.00e+00 2.89e-01f  1
 183  4.1999818e+00 9.45e-06 4.01e+01  -9.5 1.80e-03   1.9 8.30e-01 1.00e+00h  1
 184  4.2108121e+00 1.26e-05 3.88e+01  -2.6 9.48e-02   1.4 1.00e+00 1.40e-01f  1
 185  4.2233784e+00 5.72e-05 1.25e+01  -2.7 3.41e-02   1.0 6.23e-01 1.00e+00f  1
 186  4.2361375e+00 3.02e-05 5.90e+00  -2.7 5.61e-02   0.5 5.12e-01 5.67e-01f  1
 187  4.2715845e+00 1.48e-04 3.95e+00  -2.7 9.13e-02   0.0 4.22e-01 1.00e+00f  1
 188  4.3159206e+00 1.38e-03 3.99e+00  -2.7 1.22e-01  -0.5 4.22e-01 1.00e+00f  1
 189  4.3293210e+00 5.59e-03 3.19e+00  -2.7 2.06e+00    -  1.32e-01 1.91e-01f  1
iter    objective    inf_pr   inf_du lg(mu)  ||d||  lg(rg) alpha_du alpha_pr  ls
 190  4.3898417e+00 1.29e-02 2.45e+00  -2.7 1.38e+00    -  3.00e-01 4.96e-01h  1
 191  4.4306994e+00 1.23e-02 2.17e+00  -2.7 1.24e+00    -  2.77e-01 3.29e-01h  1
 192  4.4551323e+00 4.82e-03 4.19e-01  -2.7 1.38e-01  -0.9 1.00e+00 6.18e-01h  1
 193  4.5317567e+00 8.72e-03 3.12e-01  -2.7 2.27e-01  -1.4 7.24e-01 1.00e+00h  1
 194  4.5560792e+00 4.71e-01 1.15e+00  -2.7 6.93e+00    -  3.83e-02 1.23e-01h  2
 195  4.6001085e+00 2.60e-02 2.01e-01  -2.7 4.03e-01  -1.9 1.00e+00 8.05e-01h  1
 196  4.6546638e+00 1.04e-01 5.40e-01  -2.7 1.39e+00    -  6.23e-01 4.25e-01h  1
 197  4.6993596e+00 5.64e-01 4.43e-01  -2.7 1.82e+00    -  1.86e-01 5.07e-01h  1
 198  4.7097131e+00 3.89e-01 1.98e-01  -2.7 2.27e+00    -  3.47e-01 2.76e-01h  1
 199  4.7370014e+00 1.01e-01 5.76e-02  -2.7 4.72e-01    -  1.00e+00 8.26e-01h  1
iter    objective    inf_pr   inf_du lg(mu)  ||d||  lg(rg) alpha_du alpha_pr  ls
 200  4.7332508e+00 7.50e-02 8.75e-02  -2.7 1.48e+00    -  9.72e-01 8.64e-01H  1
 201  4.7361782e+00 1.76e-03 1.50e-02  -2.7 7.21e-01    -  1.00e+00 1.00e+00h  1
 202  4.7375102e+00 6.55e-04 6.89e-03  -2.7 1.33e-01    -  1.00e+00 1.00e+00h  1
 203  4.5538113e+00 4.39e-03 2.33e-01  -4.0 1.05e+00    -  4.96e-01 4.86e-01f  1
 204  4.3655633e+00 6.84e-01 6.04e+00  -4.0 1.59e+00    -  6.58e-02 6.30e-01h  1
 205  4.2870994e+00 1.76e-01 3.40e+00  -4.0 8.81e-01    -  4.85e-01 5.56e-01h  1
 206  4.2183169e+00 1.18e+00 3.77e+00  -4.0 1.90e+00    -  1.33e-01 5.85e-01h  1
 207  4.2114534e+00 1.00e+00 8.21e-01  -4.0 8.42e-01    -  6.70e-01 1.11e-01h  1
 208  4.1718268e+00 5.37e-01 7.68e-01  -4.0 1.87e+00    -  3.04e-01 5.96e-01h  1
 209  4.1826233e+00 1.07e-01 6.47e-02  -3.7 8.59e-01  -2.4 1.00e+00 9.26e-01h  1
iter    objective    inf_pr   inf_du lg(mu)  ||d||  lg(rg) alpha_du alpha_pr  ls
 210  4.2140357e+00 1.97e-03 2.51e-01  -3.5 4.07e-01  -2.9 4.76e-01 6.40e-01h  1
 211  4.1889134e+00 5.29e-04 5.14e-01  -3.7 2.06e-01    -  8.59e-02 1.00e+00h  1
 212  4.1839001e+00 7.17e-04 1.64e-01  -3.7 2.10e-01  -2.4 1.00e+00 6.27e-01h  1
 213  4.1593709e+00 1.92e-03 4.68e-02  -3.8 3.69e-01    -  1.00e+00 1.00e+00h  1
 214  4.1392059e+00 4.48e-03 3.31e-02  -4.0 3.48e-01    -  1.00e+00 9.97e-01h  1
 215  4.1264693e+00 5.12e-04 2.03e-01  -4.1 1.72e-01    -  9.98e-01 1.00e+00h  1
 216  4.1252871e+00 3.85e-07 1.45e-01  -4.5 3.54e-03   1.6 1.00e+00 1.00e+00h  1
 217  4.1216465e+00 1.56e-05 6.95e-02  -5.0 5.08e-03   1.1 1.00e+00 1.00e+00h  1
 218  4.1203981e+00 6.44e-07 6.51e-02  -5.5 1.79e-03   1.6 1.00e+00 1.00e+00h  1
 219  4.1193310e+00 1.71e-05 5.79e-02  -6.2 3.99e-03   1.1 1.00e+00 4.32e-01h  1
iter    objective    inf_pr   inf_du lg(mu)  ||d||  lg(rg) alpha_du alpha_pr  ls
 220  4.1180878e+00 1.28e-05 3.16e-01  -5.9 9.15e-03   0.6 1.00e+00 2.60e-01h  1
 221  4.1164786e+00 1.09e-05 5.31e-01  -5.3 1.98e-02   0.1 1.00e+00 1.84e-01h  1
 222  4.1168780e+00 4.51e-05 9.55e-01  -4.2 3.48e-02  -0.3 1.00e+00 2.32e-01f  1
 223  4.1103092e+00 4.19e-04 2.11e-01  -4.3 5.36e-02  -0.8 4.00e-01 7.96e-01h  1
 224  4.1089870e+00 4.14e-07 6.66e-02  -4.9 1.80e-03   1.4 1.00e+00 1.00e+00h  1
 225  4.1063155e+00 7.56e-05 1.02e-01  -5.4 4.39e-03   0.9 1.00e+00 9.47e-01h  1
 226  4.1048061e+00 4.61e-05 9.71e-02 -11.0 8.02e-03   0.5 3.26e-01 3.90e-01h  1
 227  4.1033857e+00 2.92e-05 3.79e-01  -5.0 1.05e-02  -0.0 1.00e+00 3.54e-01h  1
 228  4.1042464e+00 3.03e-05 1.51e-01  -4.7 1.51e-03   1.3 1.00e+00 1.00e+00h  1
 229  4.1035631e+00 6.15e-07 7.51e-02  -5.5 9.35e-04   1.7 1.00e+00 1.00e+00h  1
iter    objective    inf_pr   inf_du lg(mu)  ||d||  lg(rg) alpha_du alpha_pr  ls
 230  4.1025410e+00 8.01e-07 3.97e-02  -6.5 2.03e-03   1.3 1.00e+00 7.73e-01h  1
 231  4.1020071e+00 1.42e-06 2.00e-01  -6.1 3.07e-03   0.8 1.00e+00 3.65e-01h  1
 232  4.1014641e+00 7.10e-05 3.97e-01  -6.1 6.20e-03   0.3 1.00e+00 2.02e-01h  1
 233  4.1005292e+00 5.99e-05 3.53e-01  -8.0 1.70e-02  -0.2 2.56e-01 1.57e-01h  1
 234  4.1001094e+00 1.42e-05 2.69e-02  -6.7 9.58e-04   1.2 1.00e+00 9.55e-01h  1
 235  4.1000523e+00 7.78e-06 3.79e-01  -5.4 2.24e-03   0.7 1.00e+00 4.53e-01h  1
 236  4.0995459e+00 1.01e-05 2.40e-02  -4.9 6.30e-03   0.2 1.00e+00 8.78e-01h  1
 237  4.1003519e+00 3.68e-05 8.58e-02  -4.4 2.08e-02  -0.3 9.74e-01 7.98e-01h  1
 238  4.1000491e+00 1.12e-04 1.72e+00  -4.5 4.05e-02   0.1 5.24e-02 2.98e-01h  1
 239  4.0958259e+00 7.11e-05 2.19e-02  -4.5 2.22e-02  -0.3 9.29e-01 1.00e+00f  1
iter    objective    inf_pr   inf_du lg(mu)  ||d||  lg(rg) alpha_du alpha_pr  ls
 240  4.0826080e+00 4.63e-04 1.73e-01  -4.8 5.89e-02  -0.8 9.99e-01 1.00e+00h  1
 241  4.0819911e+00 6.03e-05 1.17e-01  -5.1 8.68e-04   1.4 9.99e-01 1.00e+00h  1
 242  4.0809615e+00 1.44e-05 3.48e-02  -5.9 2.24e-03   0.9 1.00e+00 7.62e-01h  1
 243  4.0800365e+00 1.74e-05 1.01e-01  -6.6 4.05e-03   0.5 1.00e+00 4.86e-01h  1
 244  4.0796277e+00 1.51e-05 2.85e-01  -6.2 1.03e-02  -0.0 1.00e+00 1.32e-01h  1
 245  4.0788989e+00 1.84e-05 3.86e-01  -6.0 2.84e-02  -0.5 1.00e+00 1.07e-01h  1
 246  4.0758038e+00 8.92e-05 3.56e-01  -4.7 9.43e-02  -1.0 1.00e+00 3.60e-01f  1
 247  4.0746313e+00 1.51e-05 4.92e-01  -5.2 3.70e-03   0.4 1.00e+00 1.00e+00h  1
 248  4.0717936e+00 2.27e-05 1.35e-01  -6.3 1.10e-02  -0.1 9.61e-01 8.65e-01h  1
 249  4.0723040e+00 1.08e-04 5.24e-01  -5.0 6.18e-03   0.3 1.00e+00 1.00e+00h  1
iter    objective    inf_pr   inf_du lg(mu)  ||d||  lg(rg) alpha_du alpha_pr  ls
 250  4.0718028e+00 6.44e-06 5.66e-02  -5.1 1.53e-03   0.7 8.36e-01 1.00e+00h  1
 251  4.0711978e+00 6.40e-05 2.15e-02  -5.6 9.02e-04   1.2 1.00e+00 1.00e+00h  1
 252  4.0703325e+00 1.04e-05 1.34e-02  -6.3 1.85e-03   0.7 1.00e+00 8.38e-01h  1
 253  4.0697590e+00 9.23e-06 1.51e-01  -7.0 5.64e-03   0.2 1.00e+00 3.79e-01h  1
 254  4.0689471e+00 4.60e-05 2.05e-01  -5.9 1.53e-02  -0.3 1.00e+00 2.57e-01h  1
 255  4.0667361e+00 3.23e-05 1.39e-01  -5.3 4.13e-02  -0.7 3.85e-01 3.28e-01h  1
 256  4.0661822e+00 5.48e-06 3.17e-02  -5.9 2.14e-03   0.6 1.00e+00 1.00e+00h  1
 257  4.0648688e+00 3.48e-05 8.20e-03  -6.3 6.32e-03   0.1 1.00e+00 9.49e-01h  1
 258  4.0640660e+00 3.46e-04 3.65e-01  -5.1 2.47e-02  -0.4 3.62e-01 6.27e-01h  1
 259  4.0629834e+00 1.28e-04 3.18e-01  -5.2 6.68e-03   0.1 1.00e+00 1.00e+00h  1
iter    objective    inf_pr   inf_du lg(mu)  ||d||  lg(rg) alpha_du alpha_pr  ls
 260  4.0640722e+00 2.69e-07 4.24e-02  -4.7 1.73e-03   1.4 1.00e+00 1.00e+00h  1
 261  4.0634157e+00 1.10e-07 7.12e-03  -5.1 8.69e-04   0.9 1.00e+00 1.00e+00h  1
 262  4.0619588e+00 3.48e-06 1.83e-02  -5.6 2.53e-03   0.4 1.00e+00 9.10e-01h  1
 263  4.0613479e+00 2.38e-05 1.82e-02  -6.1 1.11e-03   0.9 1.00e+00 1.00e+00h  1
 264  4.0608705e+00 1.14e-05 8.36e-02  -6.7 3.54e-03   0.4 1.00e+00 5.23e-01h  1
 265  4.0604233e+00 8.87e-06 1.41e-01  -7.0 9.97e-03  -0.1 1.00e+00 2.20e-01h  1
 266  4.0596903e+00 1.47e-04 1.08e-01  -6.3 2.86e-02  -0.6 1.00e+00 1.41e-01h  1
 267  4.0591191e+00 1.14e-04 7.51e-01  -4.5 1.22e-01  -1.0 9.21e-01 2.23e-01f  1
 268  4.0503816e+00 1.59e-04 3.97e-01  -4.8 1.66e-01  -1.5 4.99e-01 2.99e-01h  1
 269  4.0320209e+00 6.87e-04 2.57e-01  -4.4 5.09e-01  -2.0 3.72e-01 2.60e-01h  1
iter    objective    inf_pr   inf_du lg(mu)  ||d||  lg(rg) alpha_du alpha_pr  ls
 270  4.0219280e+00 2.10e-03 4.46e-01  -3.5 3.43e+00  -2.5 1.74e-01 7.43e-02f  1
 271  4.0164265e+00 7.82e-03 4.45e-01 -10.1 1.83e+02    -  3.50e-03 3.61e-03h  1
 272  4.0103552e+00 8.28e-03 4.54e-01  -3.5 2.21e+01    -  1.42e-02 8.62e-03f  1
 273  4.0003634e+00 7.75e-03 1.34e+00  -3.2 3.51e+00  -3.0 2.16e-01 6.84e-02f  1
 274  3.9897315e+00 1.60e-02 1.54e+00  -2.8 7.94e+01    -  2.88e-02 1.36e-02f  1
 275  3.9700455e+00 1.50e-02 1.43e+00  -9.6 3.68e+00    -  6.63e-02 6.53e-02h  1
 276  3.9451485e+00 1.41e-02 1.41e+00  -5.0 1.54e+01    -  3.67e-02 6.41e-02h  1
 277  3.9350146e+00 1.36e-02 1.30e+00  -9.7 4.08e+00    -  5.82e-02 3.15e-02h  1
 278  3.9072222e+00 1.27e-02 1.20e+00  -4.3 1.49e+01    -  7.13e-02 6.71e-02h  1
 279  3.9094651e+00 1.54e-02 1.48e+00  -3.0 9.29e+00    -  9.40e-02 5.89e-02f  1
iter    objective    inf_pr   inf_du lg(mu)  ||d||  lg(rg) alpha_du alpha_pr  ls
 280  3.8958860e+00 1.53e-02 1.29e+00  -3.6 3.25e+00    -  1.72e-01 9.35e-02h  1
 281  3.8628795e+00 2.56e-02 1.20e+00  -5.7 4.29e+00    -  1.13e-01 1.48e-01h  1
 282  3.8684677e+00 2.65e-02 2.48e+00  -2.9 9.87e+00    -  1.32e-01 2.43e-02h  1
 283  3.8575990e+00 7.57e-01 2.03e+00  -3.5 3.34e+00    -  5.55e-02 2.57e-01h  1
 284  3.8529294e+00 7.25e-01 1.43e+00  -3.8 3.04e+00    -  2.38e-01 4.34e-02h  1
 285  3.8250823e+00 5.75e-01 1.61e+00  -4.2 3.37e+00  -3.4 7.34e-02 2.60e-01h  1
 286  3.8905554e+00 5.31e-01 3.31e+00  -3.0 4.39e+00    -  4.09e-01 1.74e-01h  1
 287  3.9132512e+00 1.60e-01 1.47e+00  -3.3 1.15e+00    -  3.92e-01 6.86e-01h  1
 288  3.9176578e+00 2.05e-02 6.92e-01  -3.3 6.81e-01    -  5.20e-01 5.40e-01h  1
 289  3.9159391e+00 3.59e-02 4.06e-01  -3.3 2.45e+00    -  4.76e-01 3.15e-01h  1
iter    objective    inf_pr   inf_du lg(mu)  ||d||  lg(rg) alpha_du alpha_pr  ls
 290  3.9173035e+00 2.35e-02 2.11e-01  -3.3 6.97e-01    -  5.84e-01 3.56e-01h  1
 291  3.9185657e+00 2.37e-02 1.03e-01  -3.3 2.45e+00    -  4.69e-01 5.43e-01H  1
 292  3.9197766e+00 8.11e-03 4.39e-03  -3.3 4.43e-01    -  1.00e+00 1.00e+00h  1
 293  3.8088736e+00 9.10e-03 2.08e+00  -3.8 6.22e-01    -  4.07e-01 1.00e+00h  1
 294  3.7931829e+00 1.65e-03 1.44e-03  -3.7 3.05e-01    -  1.00e+00 1.00e+00h  1
 295  3.7623765e+00 3.50e-03 9.70e-02  -3.9 5.40e-01    -  7.77e-01 9.63e-01h  1
 296  3.7457498e+00 7.17e-04 2.48e-02  -4.0 2.95e-01    -  9.96e-01 1.00e+00h  1
 297  3.7314122e+00 1.96e-03 1.57e-01  -4.1 4.94e-01    -  1.00e+00 9.83e-01h  1
 298  3.7281140e+00 1.09e-04 6.81e-01  -4.5 6.40e-03   0.6 9.99e-01 1.00e+00h  1
 299  3.7277906e+00 1.64e-04 2.28e+01  -5.1 1.61e-02   0.1 1.00e+00 5.23e-02h  1
iter    objective    inf_pr   inf_du lg(mu)  ||d||  lg(rg) alpha_du alpha_pr  ls
 300  3.7210991e+00 5.50e-04 2.28e+01  -4.6 2.10e-02  -0.3 1.00e+00 9.33e-01h  1
 301  3.7209685e+00 3.38e-04 1.40e+01  -4.9 2.43e-03   1.9 6.54e-01 3.87e-01h  1
 302  3.7202099e+00 1.32e-04 5.11e+00  -5.7 2.03e-03   1.4 8.06e-01 6.10e-01h  1
 303  3.7200578e+00 1.47e-04 5.25e+00 -11.0 2.02e-03   1.8 7.49e-02 2.40e-01h  1
 304  3.7203712e+00 8.98e-05 8.26e-01  -4.7 7.33e-04   1.4 1.00e+00 1.00e+00h  1
 305  3.7198439e+00 2.28e-05 4.24e-01  -6.8 1.05e-03   1.8 8.15e-01 7.47e-01h  1
 306  3.7187728e+00 3.15e-06 4.29e-02  -6.1 2.10e-03   1.3 1.00e+00 8.61e-01h  1
 307  3.7181799e+00 1.83e-06 1.68e-01  -6.5 3.30e-03   0.8 1.00e+00 4.18e-01h  1
 308  3.7177248e+00 2.19e-06 3.84e-01  -6.9 6.80e-03   0.4 1.00e+00 1.88e-01h  1
 309  3.7173818e+00 3.86e-05 6.33e-01  -6.2 1.27e-02  -0.1 1.00e+00 7.80e-02h  1
iter    objective    inf_pr   inf_du lg(mu)  ||d||  lg(rg) alpha_du alpha_pr  ls
 310  3.7169069e+00 2.61e-05 4.56e-01  -6.0 4.92e-03   0.3 1.00e+00 3.27e-01h  1
 311  3.7156537e+00 6.12e-04 3.14e-01  -5.4 1.08e-02  -0.2 6.39e-01 3.97e-01h  1
 312  3.7160427e+00 5.30e-04 2.56e+00  -4.6 9.81e-03   1.2 1.00e+00 1.34e-01h  1
 313  3.7195810e+00 3.07e-06 1.24e-01  -4.2 6.46e-03   0.7 1.00e+00 1.00e+00h  1
 314  3.7203383e+00 5.43e-06 2.80e-02  -4.3 6.17e-03   0.2 9.43e-01 1.00e+00h  1
 315  3.7193394e+00 3.87e-05 2.60e-02  -4.3 1.76e-02  -0.3 9.04e-01 1.00e+00h  1
 316  3.7082490e+00 7.57e-04 3.01e-02  -4.3 1.78e+00    -  5.27e-02 7.90e-02f  1
 317  3.6994622e+00 2.55e-03 2.49e-02  -4.0 1.16e+01    -  3.38e-02 1.87e-02f  1
 318  3.6944785e+00 2.55e-03 2.52e-02 -10.3 5.67e+01    -  2.89e-03 4.03e-03h  1
 319  3.6936063e+00 2.25e-03 1.81e-01  -4.5 4.15e-02  -0.8 9.29e-01 1.17e-01h  1
iter    objective    inf_pr   inf_du lg(mu)  ||d||  lg(rg) alpha_du alpha_pr  ls
 320  3.6801813e+00 5.16e-04 4.06e-02  -4.7 6.49e-02  -1.2 1.00e+00 8.59e-01h  1
 321  3.6778268e+00 1.08e-03 2.57e-01  -4.2 2.78e-01  -1.7 1.00e+00 4.25e-01h  1
 322  3.6634308e+00 1.47e-03 2.17e-01  -4.4 1.66e+00    -  1.49e-01 1.30e-01h  1
 323  3.6589344e+00 1.58e-03 2.31e-01  -4.6 1.05e+00    -  2.21e-01 7.18e-02h  1
 324  3.6563747e+00 1.52e-03 2.84e-01  -4.3 1.15e+00    -  2.93e-01 9.61e-02h  1
 325  3.6594136e+00 7.14e-03 2.98e-01  -4.0 8.18e-01    -  1.00e+00 4.66e-01h  1
 326  3.6588908e+00 1.13e-03 9.34e-02  -4.1 1.41e-01    -  9.31e-01 1.00e+00h  1
 327  3.6587882e+00 5.26e-04 2.21e+00  -4.1 2.04e-01    -  1.00e+00 5.45e-01h  1
 328  3.6413786e+00 2.66e-03 9.57e-01  -4.4 5.11e-01    -  7.33e-01 9.41e-01h  1
 329  3.6417183e+00 2.60e-03 3.67e+01  -3.4 2.37e-02   1.4 1.00e+00 2.19e-02h  1
iter    objective    inf_pr   inf_du lg(mu)  ||d||  lg(rg) alpha_du alpha_pr  ls
 330  3.6405090e+00 1.76e-04 3.06e+00  -4.6 1.78e-02    -  9.94e-01 1.00e+00h  1
 331  3.6397899e+00 4.10e-05 4.16e+00  -5.6 1.15e-03   1.8 4.94e-01 8.79e-01h  1
 332  3.6386258e+00 6.07e-06 3.86e-01  -5.0 1.85e-03   1.4 1.00e+00 1.00e+00h  1
 333  3.6368169e+00 1.55e-05 1.20e-01  -6.2 4.53e-03   0.9 7.83e-01 7.37e-01h  1
 334  3.6361111e+00 1.26e-05 9.82e-02 -11.0 8.41e-03   0.4 5.01e-01 2.04e-01h  1
 335  3.6352296e+00 5.17e-06 5.87e-02  -7.1 3.22e-03   0.8 1.00e+00 6.33e-01h  1
 336  3.6350916e+00 8.06e-06 3.38e-01  -5.5 6.63e-03   0.4 1.00e+00 6.58e-02h  1
 337  3.6349274e+00 7.79e-06 3.58e-01 -11.0 1.45e-02  -0.1 2.31e-01 3.41e-02h  1
 338  3.6340201e+00 5.61e-05 2.13e-01  -6.2 6.28e-03   0.3 7.21e-01 4.60e-01h  1
 339  3.6332651e+00 4.55e-05 1.85e-01  -6.3 1.22e-02  -0.2 2.59e-01 1.92e-01h  1
iter    objective    inf_pr   inf_du lg(mu)  ||d||  lg(rg) alpha_du alpha_pr  ls
 340  3.6320686e+00 3.95e-05 1.61e-01  -7.7 2.54e-02  -0.6 1.52e-01 1.42e-01h  1
 341  3.6306716e+00 3.75e-05 3.09e-01  -5.7 6.15e-02  -1.1 1.00e+00 8.29e-02h  1
 342  3.6338186e+00 8.30e-04 7.65e-01  -4.0 2.34e-01  -0.7 4.41e-01 1.31e-01f  1
 343  3.6303718e+00 8.21e-04 7.09e+00  -4.4 8.09e-02  -1.2 4.51e-02 1.00e+00h  1
 344  3.6415864e+00 9.89e-04 2.17e+00  -3.8 1.44e-01  -0.7 5.58e-01 6.77e-01h  1
 345  3.6311715e+00 1.56e-03 1.83e-01  -4.1 1.19e-01  -1.2 7.44e-01 1.00e+00h  1
 346  3.6203862e+00 2.00e-03 1.85e-01  -4.1 9.83e+00    -  5.76e-02 2.53e-02h  1
 347  3.6134348e+00 1.92e-03 1.75e-01 -10.0 3.09e+00    -  6.21e-02 4.38e-02h  1
 348  3.6099171e+00 1.79e-03 1.98e-01  -3.6 1.82e+00    -  1.72e-01 8.56e-02f  1
 349  3.6018722e+00 2.58e-03 1.74e-01  -3.7 5.49e+00    -  9.14e-02 9.65e-02h  1
iter    objective    inf_pr   inf_du lg(mu)  ||d||  lg(rg) alpha_du alpha_pr  ls
 350  3.5959105e+00 2.64e-03 1.30e-01  -5.2 1.11e+00    -  1.76e-01 6.88e-02h  1
 351  3.5883399e+00 2.85e-03 1.19e-01  -4.7 4.04e+00    -  1.08e-01 7.51e-02h  1
 352  3.5741709e+00 6.99e-05 6.15e-03  -4.6 3.80e-02  -0.8 1.00e+00 1.00e+00h  1
 353  3.5651537e+00 6.10e-05 1.31e-01  -5.3 4.23e-02  -1.3 9.97e-01 6.22e-01h  1
 354  3.5647478e+00 6.58e-06 3.68e-01  -5.0 9.14e-04   1.0 1.00e+00 1.00e+00h  1
 355  3.5630559e+00 1.60e-06 7.81e-02  -6.1 4.32e-03   0.5 8.73e-01 1.00e+00h  1
 356  3.5623198e+00 2.51e-06 1.30e-01  -6.4 6.11e-03   0.0 1.00e+00 4.73e-01h  1
 357  3.5618672e+00 2.22e-06 3.24e-02  -6.9 2.33e-03   0.4 1.00e+00 7.71e-01h  1
 358  3.5615410e+00 4.76e-05 4.00e-02  -6.5 4.78e-03  -0.0 1.00e+00 3.04e-01h  1
 359  3.5610527e+00 3.71e-05 2.88e-02  -5.9 1.32e-02  -0.5 1.00e+00 2.17e-01h  1
iter    objective    inf_pr   inf_du lg(mu)  ||d||  lg(rg) alpha_du alpha_pr  ls
 360  3.5601408e+00 3.62e-05 5.63e-02  -5.3 3.01e-02  -1.0 1.00e+00 2.50e-01h  1
 361  3.5575725e+00 2.75e-05 3.03e-02 -11.0 8.00e-02  -1.5 1.67e-01 2.65e-01h  1
 362  3.5572218e+00 3.09e-04 4.68e-02  -5.8 4.00e-03  -0.1 1.00e+00 7.46e-01h  1
 363  3.5563230e+00 1.57e-04 2.71e-02 -11.0 1.18e-02  -0.6 6.41e-01 4.91e-01h  1
 364  3.5562724e+00 1.55e-04 2.68e-02 -11.0 3.33e-02  -1.1 4.20e-02 1.27e-02h  1
 365  3.5542110e+00 1.93e-04 1.24e-01 -11.0 9.65e-02  -1.6 2.03e-04 1.91e-01h  1
 366  3.5509344e+00 1.71e-04 1.32e-01  -5.2 2.56e-01  -2.1 1.00e+00 1.54e-01h  1
 367  3.5527395e+00 5.60e-04 3.63e-01  -3.7 3.10e+00  -2.5 2.04e-01 6.26e-02f  1
 368  3.5465083e+00 7.99e-04 3.52e-01  -4.4 6.73e+00    -  3.84e-02 2.71e-02h  1
 369  3.5459722e+00 6.35e-04 1.31e+00  -3.8 1.46e+00  -3.0 1.00e+00 8.15e-02f  1
iter    objective    inf_pr   inf_du lg(mu)  ||d||  lg(rg) alpha_du alpha_pr  ls
 370  3.5429406e+00 2.70e-03 1.11e+00  -3.8 4.06e+00    -  1.81e-01 1.53e-01h  1
 371  3.5631886e+00 3.92e-03 1.05e+00  -3.6 2.27e+00    -  6.39e-01 3.60e-01h  1
 372  3.5641171e+00 3.15e-03 3.13e+00  -3.8 8.44e-02   0.1 1.59e-02 1.96e-01h  1
 373  3.5693799e+00 1.14e-05 7.54e-03  -3.8 1.68e-02  -0.3 1.00e+00 1.00e+00h  1
 374  3.5716208e+00 9.29e-06 1.41e-03  -3.8 9.46e-03  -0.8 1.00e+00 1.00e+00h  1
 375  3.5415956e+00 2.01e-04 4.92e-01  -5.0 9.34e-02  -1.3 7.21e-01 1.00e+00h  1
 376  3.5323019e+00 1.18e-04 1.10e-01  -5.1 1.06e-01  -1.8 1.00e+00 6.07e-01h  1
 377  3.5326988e+00 1.50e-04 2.43e+00  -4.5 9.62e-03  -0.5 1.00e+00 1.56e-01h  1
 378  3.5313457e+00 1.37e-04 1.94e-01  -4.7 1.53e-02  -0.9 1.00e+00 1.00e+00h  1
 379  3.5180792e+00 2.14e-03 1.79e-01  -4.4 5.47e+00    -  9.58e-02 1.33e-01h  1
iter    objective    inf_pr   inf_du lg(mu)  ||d||  lg(rg) alpha_du alpha_pr  ls
 380  3.5185505e+00 5.63e-03 4.22e-01  -4.2 1.28e+00    -  3.98e-01 1.76e-01h  1
 381  3.5206308e+00 4.35e-03 2.54e-01  -4.1 3.07e-01    -  6.38e-01 2.45e-01h  1
 382  3.5457593e+00 8.69e-04 1.20e-02  -4.0 1.87e-01    -  1.00e+00 1.00e+00h  1
 383  3.5337034e+00 1.80e-03 1.69e-02  -4.1 1.82e-01    -  1.00e+00 1.00e+00h  1
 384  3.5338833e+00 1.90e-05 2.91e-04  -4.1 1.43e-01    -  1.00e+00 1.00e+00h  1
 385  3.5146137e+00 4.49e-04 2.48e-01  -5.0 4.47e-01    -  5.68e-01 5.26e-01h  1
 386  3.5145849e+00 5.23e-04 1.24e+00  -4.5 3.19e-03   1.3 1.00e+00 5.61e-02h  1
 387  3.5137954e+00 1.28e-05 5.44e-01  -4.9 1.23e-03   1.7 1.00e+00 1.00e+00h  1
 388  3.5117682e+00 2.57e-07 5.96e-02  -5.4 3.33e-03   1.3 1.00e+00 1.00e+00h  1
 389  3.5110819e+00 2.19e-07 5.38e-02  -6.0 6.01e-03   0.8 1.00e+00 2.45e-01h  1
iter    objective    inf_pr   inf_du lg(mu)  ||d||  lg(rg) alpha_du alpha_pr  ls
 390  3.5092629e+00 1.65e-06 1.14e-01  -6.5 1.33e-02   0.3 1.00e+00 3.68e-01h  1
 391  3.5084548e+00 3.38e-06 3.72e-01  -7.1 2.53e-02  -0.2 1.00e+00 1.04e-01h  1
 392  3.5079089e+00 3.10e-04 6.68e-01  -5.0 2.95e-02  -0.7 1.00e+00 6.74e-02h  1
 393  3.5085771e+00 1.98e-04 3.73e-01  -4.5 8.84e-03  -1.1 4.38e-01 3.60e-01h  1
 394  3.5037165e+00 6.70e-05 1.37e+00  -4.8 2.55e-02  -1.6 9.26e-02 8.65e-01h  1
 395  3.5034671e+00 2.01e-06 9.11e-02  -5.0 2.72e-03   1.5 1.00e+00 1.00e+00f  1
 396  3.5025535e+00 2.97e-05 5.98e-02  -5.4 1.68e-03   1.0 1.00e+00 1.00e+00h  1
 397  3.5020547e+00 1.97e-06 2.59e-02  -6.0 8.69e-04   1.5 1.00e+00 1.00e+00h  1
 398  3.5019886e+00 1.34e-07 2.71e-02  -5.7 1.63e-04   1.9 1.00e+00 1.00e+00h  1
 399  3.5016461e+00 2.33e-07 2.60e-01  -6.4 7.28e-04   1.4 1.00e+00 9.49e-01h  1
iter    objective    inf_pr   inf_du lg(mu)  ||d||  lg(rg) alpha_du alpha_pr  ls
 400  3.5014101e+00 2.50e-07 1.63e-01  -7.2 1.58e-03   0.9 1.00e+00 3.75e-01h  1
 401  3.5012112e+00 2.75e-07 3.19e-01  -6.8 3.38e-03   0.5 1.00e+00 1.82e-01h  1
 402  3.5009316e+00 4.98e-07 3.56e-01  -7.0 7.83e-03  -0.0 1.00e+00 1.35e-01h  1
 403  3.5004085e+00 3.57e-06 3.53e-01  -6.1 1.33e-02  -0.5 1.00e+00 1.66e-01h  1
 404  3.5024643e+00 7.52e-05 9.92e-01  -4.3 2.03e-01  -1.0 6.60e-01 1.17e-01f  1
 405  3.5015687e+00 4.10e-04 1.02e+00  -4.5 1.64e-01  -1.4 1.50e-01 7.27e-01h  1
 406  3.4909037e+00 3.58e-03 5.09e-01  -4.5 2.36e-01  -1.9 3.31e-01 1.00e+00f  1
 407  3.4901213e+00 3.60e-03 4.79e-01  -3.4 2.94e+00    -  6.57e-02 3.23e-02f  1
 408  3.4877522e+00 3.50e-03 4.35e-01  -5.5 3.19e+00    -  9.02e-02 2.74e-02h  1
 409  3.4923443e+00 2.19e-03 2.81e-01  -3.8 7.19e-01  -2.4 4.54e-01 3.17e-01f  1
iter    objective    inf_pr   inf_du lg(mu)  ||d||  lg(rg) alpha_du alpha_pr  ls
 410  3.4873735e+00 1.99e-03 2.54e-01  -4.1 2.35e+00    -  1.49e-01 9.63e-02h  1
 411  3.4894944e+00 4.06e-03 2.31e-01  -3.5 5.64e+00    -  1.08e-01 1.30e-01f  1
 412  3.4853344e+00 4.29e-03 2.00e-01  -4.0 2.11e+00    -  2.67e-01 1.39e-01h  1
 413  3.4906899e+00 4.37e-03 6.44e-01  -3.6 1.85e+00    -  4.93e-01 1.19e-01f  1
 414  3.4959029e+00 4.06e-03 1.92e-01  -3.8 1.04e+00    -  7.91e-01 5.51e-01h  1
 415  3.5013159e+00 2.62e-03 1.17e+01  -3.8 2.48e-01    -  5.05e-03 1.00e+00h  1
 416  3.5009720e+00 2.28e-03 1.02e+01  -3.8 3.13e-01  -2.9 6.06e-01 1.31e-01h  1
 417  3.5026910e+00 7.49e-03 7.06e+00  -3.8 2.63e+00    -  1.48e-01 3.02e-01h  1
 418  3.5008461e+00 1.91e-02 3.94e+00  -3.8 1.90e+00    -  1.30e-01 4.48e-01h  1
 419  3.5011299e+00 2.93e-03 8.04e-03  -3.8 3.98e-01    -  1.00e+00 1.00e+00h  1
iter    objective    inf_pr   inf_du lg(mu)  ||d||  lg(rg) alpha_du alpha_pr  ls
 420  3.5008625e+00 6.19e-04 7.39e-04  -3.8 2.26e-01    -  1.00e+00 1.00e+00h  1
 421  3.4688631e+00 1.44e-03 9.18e-02  -5.0 8.40e-01    -  4.39e-01 5.03e-01h  1
 422  3.4535181e+00 1.22e-03 3.94e-01  -4.4 2.29e-01    -  1.00e+00 9.95e-01h  1
 423  3.4553455e+00 3.89e-05 7.85e-01  -4.2 3.35e-03   1.2 1.00e+00 1.00e+00h  1
 424  3.4538856e+00 1.60e-06 2.19e-02  -4.6 2.87e-03   0.7 1.00e+00 1.00e+00h  1
 425  3.4495323e+00 1.86e-05 1.38e-01  -5.2 1.02e-02   0.2 1.00e+00 1.00e+00h  1
 426  3.4492636e+00 3.48e-05 4.35e-02  -5.3 5.80e-04   1.5 1.00e+00 1.00e+00h  1
 427  3.4483341e+00 1.28e-06 2.40e-02  -5.9 2.07e-03   1.1 1.00e+00 1.00e+00h  1
 428  3.4476787e+00 2.32e-06 1.36e-01  -6.4 4.15e-03   0.6 1.00e+00 4.76e-01h  1
 429  3.4475275e+00 1.34e-05 3.77e-01  -6.1 7.97e-03   0.1 1.00e+00 6.59e-02h  1
iter    objective    inf_pr   inf_du lg(mu)  ||d||  lg(rg) alpha_du alpha_pr  ls
 430  3.4473693e+00 1.10e-05 3.01e-01  -7.1 3.39e-03   0.5 8.09e-01 1.79e-01h  1
 431  3.4472067e+00 1.01e-05 2.76e-01  -8.8 7.95e-03   0.1 7.56e-02 8.20e-02h  1
 432  3.4471302e+00 1.44e-05 2.69e-01  -5.7 1.73e-01   0.5 2.99e-03 1.50e-02h  1
 433  3.4467736e+00 1.16e-05 2.80e-01  -6.0 1.85e-02   0.0 1.00e+00 1.97e-01h  1
 434  3.4461412e+00 4.63e-05 1.99e-01  -5.1 1.20e-02  -0.5 1.00e+00 3.73e-01h  1
 435  3.4505853e+00 2.29e-04 3.72e-02  -4.5 3.40e-02  -0.9 1.00e+00 1.00e+00h  1
 436  3.4442633e+00 9.03e-04 3.81e-02  -4.6 8.21e-02  -1.4 6.69e-01 1.00e+00h  1
 437  3.4417894e+00 1.21e-03 1.05e-01  -3.6 4.75e+00    -  6.68e-02 2.86e-02f  1
 438  3.4365755e+00 1.33e-03 1.17e-02  -4.5 1.83e-01  -1.9 1.00e+00 6.84e-01h  1
 439  3.4342598e+00 1.29e-03 1.71e-02  -5.8 1.68e+00    -  7.34e-02 3.18e-02h  1
iter    objective    inf_pr   inf_du lg(mu)  ||d||  lg(rg) alpha_du alpha_pr  ls
 440  3.4323530e+00 1.25e-03 2.43e-02  -4.8 3.02e+00    -  7.11e-02 3.13e-02h  1
 441  3.4258906e+00 7.33e-04 1.39e-01  -5.0 1.62e-01  -2.4 9.99e-01 4.07e-01h  1
 442  3.4250056e+00 1.37e-03 9.84e-02  -4.5 2.12e+00    -  1.95e-01 7.87e-02h  1
 443  3.4229366e+00 6.92e-04 1.46e-01  -4.6 1.38e-01  -2.9 1.00e+00 7.66e-01h  1
 444  3.4256779e+00 9.21e-04 1.51e-01  -4.3 4.88e-01    -  1.00e+00 3.98e-01h  1
 445  3.4260696e+00 1.16e-03 8.69e-02  -4.4 2.13e-01    -  1.00e+00 1.00e+00h  1
 446  3.4260293e+00 4.61e-04 1.28e+00  -4.4 3.60e-02    -  1.00e+00 6.09e-01h  1
 447  3.4261278e+00 7.82e-05 4.33e+00  -4.4 1.27e-02    -  2.93e-01 1.00e+00h  1
 448  3.4224097e+00 3.18e-04 3.29e+00  -4.9 1.54e-01    -  1.00e+00 3.31e-01h  1
 449  3.4203530e+00 2.65e-04 3.89e+00  -5.7 3.16e-01    -  7.81e-01 1.68e-01h  1
iter    objective    inf_pr   inf_du lg(mu)  ||d||  lg(rg) alpha_du alpha_pr  ls
 450  3.4159466e+00 3.87e-04 1.47e+00  -6.2 3.93e-01    -  6.82e-01 4.23e-01h  1
 451  3.4159617e+00 3.86e-04 4.06e+02  -4.6 1.68e+00    -  7.44e-01 2.75e-03h  1
 452  3.4158440e+00 3.79e-04 1.44e+02  -6.1 2.09e-01    -  7.85e-01 1.70e-02h  1
 453  3.4155018e+00 3.54e-04 6.43e+01  -6.0 1.81e-01    -  9.10e-01 7.16e-02h  1
 454  3.4152137e+00 3.36e-04 6.74e+02  -5.8 8.11e-01    -  5.36e-01 5.30e-02h  1
 455  3.4115224e+00 3.32e-04 3.62e+02  -6.0 1.64e-01    -  1.00e+00 7.56e-01h  1
 456  3.4115002e+00 2.97e-04 3.17e+02 -11.0 2.07e-03   2.1 1.04e-01 1.07e-01h  1
 457  3.4114514e+00 2.50e-04 2.41e+02  -7.1 2.68e-03   1.6 6.76e-02 1.58e-01h  1
 458  3.4120531e+00 2.26e-04 2.38e+03  -4.3 2.52e-02   1.1 7.19e-01 9.49e-02h  1
 459  3.4160044e+00 5.20e-04 5.44e+03  -4.0 2.36e-02   0.7 7.12e-01 5.98e-01h  1
iter    objective    inf_pr   inf_du lg(mu)  ||d||  lg(rg) alpha_du alpha_pr  ls
 460  3.4182780e+00 3.26e-04 3.14e+03  -3.8 1.71e-02   1.1 7.70e-01 3.86e-01h  1
 461  3.4182227e+00 1.40e-04 2.18e+03  -4.4 4.20e-03   0.6 9.58e-01 1.00e+00h  1
 462  3.4165926e+00 1.69e-04 1.01e+03  -4.8 6.63e-03   0.1 1.00e+00 5.76e-01h  1
 463  3.4164529e+00 1.55e-04 1.46e+04  -4.8 5.91e-03  -0.3 1.00e+00 8.19e-02h  1
 464  3.4171098e+00 1.85e-04 1.08e+06  -4.1 8.27e-02  -0.8 1.00e+00 3.89e-02h  1
 465  3.4175624e+00 2.40e-04 3.15e+05  -4.2 4.47e-02  -1.3 7.29e-01 4.47e-02h  1
 466  3.4178400e+00 2.46e-04 1.70e+05  -4.2 3.16e-01  -1.8 5.55e-01 2.76e-02h  1
 467  3.4299090e+00 1.51e-03 3.31e+05  -4.2 3.08e-01  -2.3 3.82e-01 1.00e+00f  1
 468  3.4295455e+00 1.33e-03 2.91e+05  -4.2 1.29e+00    -  1.51e-01 1.16e-01h  1
 469  3.4293031e+00 1.28e-03 2.13e+05  -4.2 1.18e+00    -  2.32e-01 2.30e-01f  1
iter    objective    inf_pr   inf_du lg(mu)  ||d||  lg(rg) alpha_du alpha_pr  ls
 470  3.4293831e+00 1.88e-03 1.87e+05  -4.2 1.01e+00    -  2.22e-01 9.99e-02h  1
 471  3.4325762e+00 6.68e-03 5.76e+05  -4.2 7.06e-01    -  2.11e-02 1.00e+00f  1
 472  3.4325562e+00 2.50e-03 9.76e+04  -4.2 2.78e-01    -  7.91e-01 5.83e-01h  1
 473  3.4325553e+00 2.49e-03 9.57e+04  -4.2 1.62e-02   5.6 3.69e-03 5.15e-03h  1
 474  3.4325596e+00 2.43e-03 1.93e+06  -4.2 3.19e-02   5.1 6.23e-03 2.43e-02h  1
 475  3.4325588e+00 2.10e-03 7.34e+07  -4.2 2.11e-02   4.6 4.73e-02 1.35e-01h  1
 476  3.4325318e+00 1.59e-03 5.53e+07  -4.2 1.37e-02   4.2 1.99e-03 2.42e-01h  1
 477  3.4324278e+00 1.33e-03 2.49e+08  -4.2 1.05e-02   3.7 2.85e-01 7.81e-01f  1
 478  3.4324289e+00 1.27e-03 2.38e+08  -4.2 6.63e-03   3.2 3.63e-01 4.61e-02h  1
 479  3.4324314e+00 1.24e-03 5.71e+09  -4.2 3.86e-02   2.7 2.32e-01 1.97e-02h  1
iter    objective    inf_pr   inf_du lg(mu)  ||d||  lg(rg) alpha_du alpha_pr  ls
 480  3.4324265e+00 1.55e-04 1.69e+09  -4.2 6.17e-03   2.2 1.00e+00 9.39e-01f  1
 481  3.4324264e+00 1.54e-04 1.67e+09  -4.2 3.50e-03   1.8 1.00e+00 9.31e-03h  2
 482  3.4324253e+00 2.93e-04 8.62e+08  -4.2 3.92e-03   1.3 1.00e+00 3.21e-01h  2
 483  3.4324103e+00 2.12e-04 2.44e+09  -4.2 3.03e-03   0.8 1.00e+00 2.78e-01h  1
 484  3.4323874e+00 1.87e-04 1.17e+10  -4.2 4.51e-03   0.3 4.12e-01 3.66e-01f  1
 485  3.4323878e+00 1.87e-04 1.23e+11  -4.2 4.94e-02  -0.1 1.00e+00 5.71e-04h  1
 486  3.4303953e+00 1.41e-02 1.21e+13  -4.2 8.28e-01  -0.6 1.15e-01 1.88e-01f  1
 487  3.4306784e+00 9.68e-03 8.35e+12  -4.2 9.94e-02  -0.2 7.56e-01 3.12e-01h  1
 488  3.4309013e+00 5.43e-03 4.69e+12  -4.2 9.06e-02  -0.7 9.19e-01 4.39e-01h  1
 489  3.4312336e+00 2.76e-03 2.38e+12  -4.2 6.45e-02  -1.1 6.57e-01 4.91e-01h  1
iter    objective    inf_pr   inf_du lg(mu)  ||d||  lg(rg) alpha_du alpha_pr  ls
 490  3.4312247e+00 2.74e-03 5.56e+12  -4.2 1.67e-01  -1.6 4.89e-01 6.39e-03h  1
In iteration 490, 1 Slack too small, adjusting variable bound
 491  3.4312517e+00 2.74e-03 1.03e+15  -4.2 9.48e-02  -1.2 1.15e-01 7.90e-04H  1
 492  3.4303735e+00 2.57e-03 1.92e+14  -4.2 1.96e-01  -1.7 8.14e-01 1.00e+00h  1
 493  3.4302407e+00 2.56e-03 1.57e+14  -4.2 1.57e+00    -  1.81e-01 6.29e-03h  1
 494  3.4272201e+00 3.29e-03 1.20e+14  -4.2 1.80e+00    -  2.40e-01 1.47e-01h  1
 495  3.4261096e+00 2.49e-03 8.89e+12  -4.2 7.35e-01    -  1.00e+00 2.37e-01h  1
In iteration 495, 1 Slack too small, adjusting variable bound
 496  3.4261081e+00 2.48e-03 6.16e+15  -4.2 1.84e-01    -  1.00e+00 2.86e-03h  1
In iteration 496, 1 Slack too small, adjusting variable bound
 497  3.4253690e+00 1.85e-03 1.83e+16  -4.2 2.00e-01    -  1.00e+00 3.46e-01h  1
 498  3.4250753e+00 8.63e-04 2.52e+13  -4.2 1.31e-01    -  1.00e+00 1.00e+00h  1
In iteration 498, 1 Slack too small, adjusting variable bound
 499  3.4250688e+00 8.38e-04 5.94e+15  -4.2 2.15e-02    -  1.00e+00 2.97e-02h  1
iter    objective    inf_pr   inf_du lg(mu)  ||d||  lg(rg) alpha_du alpha_pr  ls
 500  3.4252494e+00 4.39e-04 1.54e+16  -4.2 1.38e-02    -  1.00e+00 5.18e-01h  1
 501  3.4250049e+00 1.08e-04 4.73e+14  -4.2 8.81e-03    -  1.00e+00 1.00e+00h  1
In iteration 501, 1 Slack too small, adjusting variable bound
 502  3.4232142e+00 9.76e-05 4.43e+15  -4.6 1.63e-01    -  1.00e+00 1.01e-01h  1
In iteration 502, 1 Slack too small, adjusting variable bound
 503  3.4230500e+00 9.67e-05 6.33e+17  -4.7 2.00e-01    -  1.00e+00 8.56e-03h  1
In iteration 503, 1 Slack too small, adjusting variable bound
 504  3.4100356e+00 1.11e-03 4.68e+17  -4.7 2.26e-01    -  1.00e+00 7.42e-01h  1
 505  3.4024795e+00 7.40e-04 5.29e+15  -4.8 9.10e-02    -  1.00e+00 9.81e-01h  1
In iteration 505, 1 Slack too small, adjusting variable bound
 506  3.4024811e+00 7.27e-04 4.95e+17  -4.8 6.71e-03   0.6 1.00e+00 1.74e-02h  1
In iteration 506, 1 Slack too small, adjusting variable bound
 507  3.4024908e+00 7.06e-04 1.68e+19  -4.9 3.10e-02   1.0 1.00e+00 2.94e-02h  1
In iteration 507, 1 Slack too small, adjusting variable bound
 508  3.4057122e+00 6.88e-04 9.67e+17  -3.0 3.16e-01   0.5 1.00e+00 2.52e-02f  1
 509  3.4055842e+00 4.82e-04 2.80e+17  -9.0 1.39e-02    -  9.23e-01 2.99e-01h  1
In iteration 509, 1 Slack too small, adjusting variable bound
iter    objective    inf_pr   inf_du lg(mu)  ||d||  lg(rg) alpha_du alpha_pr  ls
 510  3.4055205e+00 4.68e-04 9.44e+18  -5.1 7.40e-03   0.0 3.45e-01 2.98e-02h  1
In iteration 510, 1 Slack too small, adjusting variable bound
 511  3.4054822e+00 4.61e-04 3.50e+20  -5.4 1.98e-02  -0.4 8.37e-01 1.36e-02h  1
In iteration 511, 1 Slack too small, adjusting variable bound
 512  3.3996619e+00 7.91e-04 7.57e+20  -5.8 1.68e-02  -0.9 9.53e-01 1.00e+00h  1
In iteration 512, 1 Slack too small, adjusting variable bound
 513  3.3994831e+00 5.02e-04 4.78e+20  -5.3 1.63e-02  -1.4 1.00e+00 3.65e-01h  1
In iteration 513, 1 Slack too small, adjusting variable bound
 514  3.3994655e+00 4.84e-04 4.61e+20  -5.2 2.67e-02  -1.9 1.00e+00 3.51e-02h  1
In iteration 514, 1 Slack too small, adjusting variable bound
 515  3.3991516e+00 4.78e-04 3.63e+20  -5.8 5.66e-02  -2.4 8.02e-01 2.11e-01h  1
In iteration 515, 1 Slack too small, adjusting variable bound
 516  3.3991251e+00 3.52e-04 2.65e+20  -5.5 4.20e-03   0.8 3.19e-01 2.63e-01h  1
In iteration 516, 2 Slacks too small, adjusting variable bounds
 517  3.3995633e+00 3.25e-04 2.44e+20  -4.0 8.88e-03   2.1 1.00e+00 7.72e-02f  1
In iteration 517, 1 Slack too small, adjusting variable bound
 518  3.4000645e+00 2.38e-04 1.47e+20  -3.9 4.41e-03   1.6 7.22e-01 3.49e-01h  1
In iteration 518, 2 Slacks too small, adjusting variable bounds
 519  3.4014594e+00 4.18e-04 4.86e+19  -3.8 1.21e-02   1.2 1.00e+00 3.62e-01h  1
In iteration 519, 1 Slack too small, adjusting variable bound
iter    objective    inf_pr   inf_du lg(mu)  ||d||  lg(rg) alpha_du alpha_pr  ls
 520  3.4015542e+00 3.96e-04 1.37e+21  -4.4 5.48e-03   0.7 1.00e+00 5.27e-02h  1
In iteration 520, 1 Slack too small, adjusting variable bound
 521  3.4015891e+00 3.93e-04 6.86e+22  -4.2 5.77e-02   0.2 2.87e-01 6.22e-03h  1
In iteration 521, 2 Slacks too small, adjusting variable bounds
 522  3.4082529e+00 3.93e-04 6.86e+22  -1.2 3.24e+01  -0.3 1.49e-03 6.51e-04f  1
In iteration 522, 2 Slacks too small, adjusting variable bounds
 523  3.4327352e+00 3.92e-04 6.83e+22  -1.2 2.65e+01  -0.8 3.04e-03 2.96e-03f  1
In iteration 523, 2 Slacks too small, adjusting variable bounds
 524  3.4554591e+00 3.93e-04 6.81e+22  -1.2 2.34e+01  -1.2 5.83e-03 3.25e-03f  1
In iteration 524, 2 Slacks too small, adjusting variable bounds
 525  3.5278965e+00 8.88e-04 6.66e+22  -1.2 1.78e+01  -0.8 4.35e-02 1.32e-02f  1
In iteration 525, 2 Slacks too small, adjusting variable bounds
 526  3.5677289e+00 2.73e-02 6.62e+22  -1.2 6.22e+01    -  8.13e-03 7.49e-03f  1
In iteration 526, 2 Slacks too small, adjusting variable bounds
 527  3.7369404e+00 2.86e-02 1.45e+23  -1.2 1.04e+01  -1.3 5.77e-02 5.14e-02f  1
In iteration 527, 2 Slacks too small, adjusting variable bounds
 528  3.7382898e+00 2.86e-02 1.45e+23  -1.2 6.91e+00  -0.9 8.64e-02 6.02e-04f  1
In iteration 528, 2 Slacks too small, adjusting variable bounds
 529  3.8793120e+00 2.80e-02 1.38e+23  -1.2 1.02e+01    -  2.49e-02 4.55e-02f  1
In iteration 529, 2 Slacks too small, adjusting variable bounds
iter    objective    inf_pr   inf_du lg(mu)  ||d||  lg(rg) alpha_du alpha_pr  ls
 530  3.9759632e+00 2.74e-02 1.32e+23  -1.2 7.78e+00    -  4.42e-02 3.69e-02f  1
In iteration 530, 2 Slacks too small, adjusting variable bounds
 531  4.1921257e+00 2.64e-02 1.16e+23  -1.2 6.87e+00    -  3.69e-02 8.59e-02f  1
In iteration 531, 2 Slacks too small, adjusting variable bounds
 532  4.2666018e+00 2.40e-02 9.17e+22  -1.2 2.21e+00  -0.4 6.22e-02 9.38e-02f  1
In iteration 532, 2 Slacks too small, adjusting variable bounds
 533  4.5724365e+00 5.06e-02 9.25e+22  -1.2 9.42e+00    -  1.16e-01 1.45e-01f  1
In iteration 533, 2 Slacks too small, adjusting variable bounds
 534  4.5938616e+00 4.94e-02 9.03e+24  -1.2 2.62e+00  -0.9 1.00e+00 2.41e-02h  1
In iteration 534, 2 Slacks too small, adjusting variable bounds
 535  4.5989597e+00 4.91e-02 3.52e+25  -1.2 3.27e+00    -  2.53e-01 5.04e-03h  1
In iteration 535, 2 Slacks too small, adjusting variable bounds
 536  5.0925850e+00 6.63e-02 1.04e+26  -1.2 3.66e+00    -  4.99e-01 4.14e-01f  1
In iteration 536, 2 Slacks too small, adjusting variable bounds
 537  5.1788754e+00 4.16e-02 9.26e+25  -1.2 3.46e+00    -  2.14e-01 9.77e-02f  1
In iteration 537, 2 Slacks too small, adjusting variable bounds
 538  5.1823569e+00 4.14e-02 9.22e+25  -1.2 4.28e+00    -  3.96e-01 3.49e-03h  1
In iteration 538, 2 Slacks too small, adjusting variable bounds
 539  5.2039489e+00 4.11e-02 9.02e+25  -1.2 4.96e+00    -  2.35e-01 2.10e-02h  1
In iteration 539, 2 Slacks too small, adjusting variable bounds
iter    objective    inf_pr   inf_du lg(mu)  ||d||  lg(rg) alpha_du alpha_pr  ls
 540  5.6612151e+00 2.85e-01 6.53e+24  -1.2 4.35e+00    -  4.12e-01 4.49e-01f  1
In iteration 540, 2 Slacks too small, adjusting variable bounds
 541  5.6617438e+00 2.85e-01 5.11e+25  -1.2 3.44e+01    -  3.86e-02 2.84e-04h  1
In iteration 541, 2 Slacks too small, adjusting variable bounds
 542  5.6617444e+00 2.85e-01 9.57e+25  -1.2 7.12e-01  -1.4 6.32e-01 2.78e-06h  1
In iteration 542, 2 Slacks too small, adjusting variable bounds
 543  5.6617449e+00 2.85e-01 1.40e+26  -1.2 1.13e+01    -  1.27e-01 5.45e-07h  1
In iteration 543, 2 Slacks too small, adjusting variable bounds
 544  5.6617449e+00 2.85e-01 1.85e+26  -1.2 1.42e+00  -1.9 7.67e-01 1.93e-07h  1
In iteration 544, 2 Slacks too small, adjusting variable bounds
 545  5.6617450e+00 2.85e-01 2.29e+26  -1.2 4.92e+00    -  2.97e-01 8.99e-08h  1
In iteration 545, 1 Slack too small, adjusting variable bound
 546  5.6617450e+00 2.85e-01 2.74e+26  -1.2 3.46e+01    -  3.30e-02 4.89e-08h  1
 547r 5.6617450e+00 2.85e-01 1.00e+03  -0.0 0.00e+00  -2.3 0.00e+00 1.48e-08R  2
 548r 5.7473238e+00 1.64e-01 1.30e+03   1.3 8.82e+02    -  2.42e-02 1.00e-03f  1
 549  5.7931693e+00 1.17e-01 5.86e+02  -1.2 7.46e-01    -  2.56e-03 2.85e-01f  1
iter    objective    inf_pr   inf_du lg(mu)  ||d||  lg(rg) alpha_du alpha_pr  ls
 550  5.7932099e+00 1.12e-01 5.62e+02  -1.2 5.87e-01   0.8 5.41e-02 4.10e-02h  1
 551  5.7993271e+00 9.15e-02 4.51e+02  -1.2 9.27e-02   1.2 9.87e-01 1.86e-01f  1
 552  5.8265658e+00 4.86e-04 4.63e+01  -1.2 8.17e-02   0.7 1.00e+00 1.00e+00h  1
 553  5.8221822e+00 1.70e-03 7.11e-01  -1.2 9.31e-02   0.3 1.00e+00 1.00e+00f  1
 554  5.9830257e+00 4.16e-02 1.20e+00  -1.2 3.67e+00    -  4.00e-01 3.29e-01f  1
 555  6.1158699e+00 4.57e-02 1.24e+00  -1.2 3.22e+00    -  3.28e-01 3.12e-01f  1
 556  6.2276659e+00 2.58e-02 3.96e+00  -1.2 1.12e+00    -  1.00e+00 7.08e-01f  1
 557  6.2523555e+00 1.39e-03 4.26e-01  -1.2 1.55e-01    -  1.00e+00 1.00e+00f  1
 558  6.0493983e+00 1.38e-03 1.86e+01  -1.9 5.86e-01    -  9.65e-01 1.00e+00h  1
 559  5.5329299e+00 1.74e-02 2.50e-01  -1.9 1.51e+00    -  1.00e+00 1.00e+00h  1
iter    objective    inf_pr   inf_du lg(mu)  ||d||  lg(rg) alpha_du alpha_pr  ls
 560  5.5396518e+00 7.20e-03 8.74e-02  -1.9 6.41e-02    -  1.00e+00 1.00e+00h  1
 561  5.0224807e+00 1.26e-02 3.67e+01  -2.9 1.63e+00    -  6.89e-01 1.00e+00f  1
 562  4.5388667e+00 2.24e-02 1.28e+01  -2.9 1.45e+00    -  6.50e-01 1.00e+00h  1
 563  4.2847633e+00 4.46e-02 2.05e+00  -2.9 1.46e+00    -  8.40e-01 7.33e-01h  1
 564  4.1403850e+00 4.51e-02 1.67e+00  -2.9 1.75e+00    -  1.86e-01 5.03e-01h  1
 565  4.0355871e+00 5.06e-02 8.35e-01  -2.9 2.63e+00    -  5.01e-01 2.88e-01h  1
 566  3.9741239e+00 3.96e-02 6.02e-01  -2.9 1.14e+00    -  2.79e-01 5.28e-01h  1
 567  3.9133595e+00 4.08e-02 7.91e-02  -2.9 1.16e+00    -  9.55e-01 5.60e-01h  1
 568  3.9013682e+00 1.01e-02 2.37e-02  -2.9 3.88e-01    -  8.56e-01 8.83e-01h  1
 569  3.8838578e+00 1.04e-02 7.96e-02  -2.9 6.61e-01    -  1.00e+00 5.00e-01h  2
iter    objective    inf_pr   inf_du lg(mu)  ||d||  lg(rg) alpha_du alpha_pr  ls
 570  3.8827358e+00 1.04e-02 3.32e-01  -2.9 1.47e+01    -  7.67e-02 1.94e-03h  7
 571  3.8851744e+00 5.94e-06 9.32e-03  -2.9 1.50e-02  -0.2 1.00e+00 1.00e+00h  1
 572  3.6691816e+00 4.45e-02 2.55e+00  -4.3 1.78e+00    -  3.90e-01 5.69e-01f  1
 573  3.5810650e+00 2.64e-02 7.35e-02  -4.3 8.86e-01    -  5.74e-01 4.08e-01h  1
 574  3.5426778e+00 2.02e-02 2.77e-01  -4.3 7.94e-01    -  3.30e-01 2.39e-01h  1
 575  3.5120615e+00 7.88e-04 1.30e+00  -4.3 9.24e-02  -0.7 4.29e-01 9.61e-01h  1
 576  3.4751809e+00 3.44e-02 5.35e-01  -4.3 1.18e+00    -  5.66e-01 2.79e-01h  1
 577  3.4473703e+00 2.15e-02 2.91e-01  -4.3 1.03e+00    -  4.44e-01 3.55e-01h  1
 578  3.4396109e+00 1.33e-02 1.83e-01  -4.3 8.93e-01    -  3.37e-01 1.40e-01h  1
 579  3.4207184e+00 8.26e-03 6.19e-02  -4.3 1.21e+00    -  1.00e+00 4.90e-01h  1
iter    objective    inf_pr   inf_du lg(mu)  ||d||  lg(rg) alpha_du alpha_pr  ls
 580  3.4153646e+00 8.69e-03 5.30e-02  -4.3 7.42e-01    -  6.32e-01 3.33e-01h  1
 581  3.4076349e+00 4.67e-03 2.72e-02  -4.3 3.87e-01    -  6.58e-01 9.88e-01h  1
 582  3.4076820e+00 6.30e-04 1.20e-02  -4.3 1.75e-01  -1.2 1.00e+00 1.00e+00h  1
 583  3.3969931e+00 1.33e-04 7.89e-01  -5.0 3.73e-02  -1.6 9.97e-01 9.07e-01h  1
 584  3.3992366e+00 4.08e-05 8.99e-01  -4.1 5.30e-03   1.5 1.00e+00 6.93e-01h  1
 585  3.3990005e+00 4.22e-07 2.44e-01  -4.6 7.34e-04   1.9 1.00e+00 1.00e+00h  1
 586  3.3986763e+00 2.57e-06 1.45e-01  -4.6 4.44e-04   1.4 1.00e+00 1.00e+00h  1
 587  3.4001419e+00 2.11e-05 6.06e-01  -4.3 4.37e-03   1.0 1.00e+00 1.00e+00h  1
 588  3.4003026e+00 1.72e-06 7.11e-03  -4.4 2.31e-03   0.5 1.00e+00 1.00e+00h  1
 589  3.4007924e+00 3.91e-06 9.43e-03  -4.4 4.71e-03   0.0 9.50e-01 1.00e+00h  1
iter    objective    inf_pr   inf_du lg(mu)  ||d||  lg(rg) alpha_du alpha_pr  ls
 590  3.4010184e+00 1.93e-05 3.65e-03  -4.4 1.06e-02  -0.5 9.60e-01 1.00e+00h  1
 591  3.4004669e+00 1.16e-04 1.71e-02  -4.4 2.37e-02  -0.9 7.70e-01 1.00e+00h  1
 592  3.3983993e+00 3.63e-04 1.09e-02  -4.4 6.32e-02  -1.4 7.40e-01 1.00e+00h  1
 593  3.3939727e+00 9.49e-04 9.79e-03  -4.4 1.41e-01  -1.9 7.31e-01 1.00e+00h  1
 594  3.3913604e+00 7.94e-04 1.39e-02  -4.4 2.61e-01  -2.4 8.66e-01 3.08e-01h  1
 595  3.3869355e+00 1.04e-02 2.84e-02 -10.4 2.68e+00  -2.8 8.20e-02 1.52e-01h  1
 596  3.3869594e+00 1.44e-02 5.24e-02  -4.1 1.31e+00    -  1.97e-01 1.39e-01h  1
 597  3.3857201e+00 9.19e-03 7.84e-02  -4.5 4.60e+00    -  6.78e-02 1.88e-02h  1
 598  3.3868502e+00 8.05e-03 1.85e-01  -4.1 1.03e+00    -  7.09e-01 2.94e-01h  1
 599  3.3840508e+00 7.10e-03 1.28e-01  -4.3 4.35e-01    -  6.52e-01 1.00e+00h  1
iter    objective    inf_pr   inf_du lg(mu)  ||d||  lg(rg) alpha_du alpha_pr  ls
 600  3.3747944e+00 6.41e-05 1.36e-01  -4.6 4.55e-02  -2.4 1.00e+00 9.93e-01h  1
 601  3.3732988e+00 3.54e-05 1.73e-02  -5.0 3.36e-03   0.7 1.00e+00 1.00e+00h  1
 602  3.3724189e+00 4.70e-06 1.49e-01  -5.2 1.78e-03   1.1 1.00e+00 1.00e+00h  1
 603  3.3710991e+00 5.94e-06 1.29e-01  -5.9 4.38e-03   0.7 1.00e+00 7.65e-01h  1
 604  3.3702250e+00 4.01e-06 1.49e-01  -6.1 7.57e-03   0.2 8.68e-01 4.36e-01h  1
 605  3.3699786e+00 1.07e-05 9.12e-02  -6.7 5.77e-04   1.5 1.00e+00 1.00e+00h  1
 606  3.3701451e+00 9.61e-06 1.23e+00  -5.0 2.87e-03   1.0 1.00e+00 1.03e-01h  1
 607  3.3696644e+00 4.69e-05 5.49e-01 -11.0 2.43e-03   0.6 4.89e-01 9.39e-01h  1
 608  3.3691627e+00 2.24e-05 3.99e-02  -5.5 3.47e-03   0.1 1.00e+00 9.75e-01h  1
 609  3.3744159e+00 1.00e-04 1.79e-01  -4.4 2.56e-02  -0.4 1.00e+00 6.89e-01f  1
iter    objective    inf_pr   inf_du lg(mu)  ||d||  lg(rg) alpha_du alpha_pr  ls
 610  3.3738963e+00 2.30e-05 8.94e-02  -4.5 1.36e-02  -0.9 7.70e-01 1.00e+00h  1
 611  3.3718405e+00 2.35e-04 2.37e-02  -4.5 3.98e-02  -1.4 6.81e-01 1.00e+00h  1
 612  3.3695445e+00 2.71e-04 9.08e-03  -4.5 1.14e-01  -1.8 7.52e-01 5.99e-01h  1
 613  3.3668744e+00 4.53e-04 5.55e-03  -4.5 2.32e-01  -2.3 3.97e-01 4.41e-01f  1
 614  3.3602539e+00 6.83e-04 3.40e-03  -5.1 3.15e-01  -2.8 3.88e-01 3.89e-01h  1
 615  3.3588265e+00 5.10e-04 6.01e-03  -4.7 1.78e-01  -2.4 8.76e-01 3.48e-01h  1
 616  3.3601517e+00 4.16e-04 1.91e-01  -4.3 1.99e-01  -2.8 9.42e-01 2.93e-01h  1
 617  3.3613589e+00 6.39e-04 5.47e-01  -4.4 7.22e-02  -2.4 1.68e-01 1.00e+00h  1
 618  3.3702949e+00 3.31e-03 5.00e-01  -4.0 5.10e-01  -2.9 1.00e+00 3.90e-01h  1
 619  3.3749884e+00 1.07e-02 9.98e-02  -4.1 4.16e-01    -  6.33e-01 9.29e-01h  1
iter    objective    inf_pr   inf_du lg(mu)  ||d||  lg(rg) alpha_du alpha_pr  ls
 620  3.3756864e+00 3.88e-03 1.13e-02  -4.1 2.40e-01  -3.4 8.67e-01 1.00e+00h  1
 621  3.3754917e+00 1.19e-03 6.01e-04  -4.1 9.62e-02    -  1.00e+00 1.00e+00h  1
 622  3.3752811e+00 4.72e-05 2.75e-04  -4.1 4.96e-02    -  1.00e+00 1.00e+00h  1

Number of Iterations....: 622

                                   (scaled)                 (unscaled)
Objective...............:   3.3752811189929788e+00    3.3752811189929788e+00
Dual infeasibility......:   2.7489642046658923e-04    2.7489642046658923e-04
Constraint violation....:   4.7242384805024074e-05    4.7242384805024074e-05
Complementarity.........:   9.0649663543224265e-05    9.0649663543224265e-05
Overall NLP error.......:   2.7489642046658923e-04    2.7489642046658923e-04


Number of objective function evaluations             = 648
Number of objective gradient evaluations             = 623
Number of equality constraint evaluations            = 648
Number of inequality constraint evaluations          = 648
Number of equality constraint Jacobian evaluations   = 624
Number of inequality constraint Jacobian evaluations = 624
Number of Lagrangian Hessian evaluations             = 622
Total CPU secs in IPOPT (w/o function evaluations)   =      4.379
Total CPU secs in NLP function evaluations           =      2.875

EXIT: Optimal Solution Found.
 
Ipopt 3.13.4: Optimal Solution Found

suffix ipopt_zU_out OUT;
suffix ipopt_zL_out OUT;
sum{i in 1 .. Nfe - 1} dt[i] = 21.4676

tf = 21.4676

