Ipopt 3.13.4: option_file_name=../public/solver/ipopt.opt

Using option file "../public/solver/ipopt.opt".


******************************************************************************
This program contains Ipopt, a library for large-scale nonlinear optimization.
 Ipopt is released as open source code under the Eclipse Public License (EPL).
         For more information visit https://github.com/coin-or/Ipopt
******************************************************************************

This is Ipopt version 3.13.4, running with linear solver ma27.

Number of nonzeros in equality constraint Jacobian...:    19601
Number of nonzeros in inequality constraint Jacobian.:     9699
Number of nonzeros in Lagrangian Hessian.............:    10200

Total number of variables............................:     7880
                     variables with only lower bounds:     4212
                variables with lower and upper bounds:     1404
                     variables with only upper bounds:        0
Total number of equality constraints.................:     4428
Total number of inequality constraints...............:     1615
        inequality constraints with only lower bounds:      540
   inequality constraints with lower and upper bounds:        0
        inequality constraints with only upper bounds:     1075

iter    objective    inf_pr   inf_du lg(mu)  ||d||  lg(rg) alpha_du alpha_pr  ls
   0  5.0133076e+00 1.27e+00 1.22e+00   0.0 0.00e+00    -  0.00e+00 0.00e+00   0
   1  5.0123468e+00 1.23e+00 2.40e+01  -0.5 5.52e+00    -  1.93e-02 3.04e-02f  1
   2  5.0535727e+00 1.18e+00 2.29e+01  -0.7 3.41e+00    -  4.37e-02 4.52e-02f  1
   3  5.0836260e+00 1.12e+00 2.47e+01  -0.9 2.85e+00    -  5.31e-02 4.69e-02f  1
   4  5.1345152e+00 1.01e+00 2.43e+01  -1.0 2.57e+00    -  9.09e-02 9.88e-02f  1
   5  5.1835359e+00 9.35e-01 2.32e+01  -0.6 3.59e+00    -  6.31e-02 7.62e-02f  1
   6  5.2262760e+00 9.08e-01 3.50e+01  -0.0 9.50e+00    -  7.85e-02 2.91e-02f  1
   7  5.2606177e+00 8.87e-01 9.43e+01   0.3 1.79e+01    -  6.10e-02 2.37e-02f  1
   8  5.3161834e+00 8.42e-01 2.82e+02   0.3 7.29e+00    -  1.51e-01 5.00e-02f  1
   9  5.3939583e+00 7.41e-01 1.78e+03   0.3 4.96e+00    -  4.68e-01 1.20e-01f  1
iter    objective    inf_pr   inf_du lg(mu)  ||d||  lg(rg) alpha_du alpha_pr  ls
  10  5.4241814e+00 6.66e-01 2.69e+03   0.3 5.45e+00    -  1.60e-01 1.02e-01f  1
  11  5.4255526e+00 6.32e-01 1.85e+03   0.3 1.39e+00   2.0 4.13e-02 5.04e-02h  1
  12  5.4252206e+00 6.11e-01 1.45e+03   0.3 1.57e+00   2.4 2.35e-02 3.37e-02h  1
  13  5.4249244e+00 5.94e-01 1.50e+03   0.3 1.63e+00   2.9 2.68e-02 2.74e-02h  1
  14  5.4251424e+00 5.80e-01 2.77e+04   0.3 1.31e+00   3.3 5.02e-02 2.38e-02h  1
  15  5.4242156e+00 5.70e-01 3.57e+04   0.3 2.98e+00   2.8 6.54e-02 1.83e-02h  1
  16  5.4235803e+00 5.52e-01 1.57e+05   0.3 2.04e+00   3.2 1.84e-01 3.16e-02h  1
  17  5.4234324e+00 5.47e-01 7.30e+05   0.3 2.13e+00   3.7 2.30e-01 8.28e-03h  1
  18  5.4192225e+00 5.11e-01 7.19e+05   0.3 2.58e+00   3.2 1.93e-01 6.62e-02h  1
  19  5.4190388e+00 5.05e-01 1.38e+06   0.3 2.16e+00   3.6 2.84e-01 1.11e-02h  1
iter    objective    inf_pr   inf_du lg(mu)  ||d||  lg(rg) alpha_du alpha_pr  ls
  20  5.4194068e+00 4.84e-01 1.22e+06   0.3 4.27e+00   3.1 1.71e-01 4.13e-02h  1
  21  5.4190447e+00 4.81e-01 1.01e+06   0.3 4.26e+00   2.6 1.78e-01 6.86e-03h  1
  22  5.4197122e+00 4.66e-01 9.79e+05   0.3 2.91e+00   3.1 1.21e-02 3.13e-02h  1
  23  5.4215996e+00 4.56e-01 9.63e+05   0.3 1.03e+01   2.6 1.82e-03 2.22e-02h  1
  24  5.4233919e+00 4.50e-01 1.03e+06   0.3 4.13e+00   3.0 8.06e-02 1.16e-02h  1
  25  5.4393373e+00 4.34e-01 1.00e+06   0.3 6.73e+00   2.5 1.96e-02 3.56e-02h  1
  26  5.4451664e+00 4.30e-01 1.04e+06   0.3 7.30e+00   3.0 3.46e-02 9.76e-03h  1
  27  5.4578313e+00 4.21e-01 3.84e+06   2.4 5.20e+00   3.4 1.39e-01 2.20e-02f  1
  28  5.4602479e+00 4.20e-01 3.69e+06   2.4 1.58e+01   2.9 3.75e-02 1.84e-03f  1
  29  5.4589716e+00 4.18e-01 3.03e+07   2.9 1.29e+01   3.3 1.00e+00 5.19e-03f  1
iter    objective    inf_pr   inf_du lg(mu)  ||d||  lg(rg) alpha_du alpha_pr  ls
  30  5.5140308e+00 3.83e-01 2.87e+07   3.4 7.68e+00    -  1.30e-01 8.40e-02f  1
  31  5.5369852e+00 3.66e-01 2.78e+07  -3.0 1.00e+01    -  1.96e-02 4.40e-02h  1
  32  5.5242803e+00 3.46e-01 2.67e+07   3.1 1.00e+01   3.8 5.24e-02 5.54e-02h  1
  33  5.5554229e+00 3.29e-01 2.57e+07  -3.0 8.38e+00    -  3.30e-02 4.75e-02h  1
  34  5.5534196e+00 3.26e-01 2.42e+07   3.5 4.94e+01   3.3 3.17e-02 1.01e-02f  1
  35  5.5569762e+00 3.23e-01 2.16e+07   3.5 2.26e+01    -  1.20e-01 9.83e-03f  1
  36  5.6170296e+00 2.99e-01 2.06e+07   2.6 9.25e+00    -  4.75e-02 7.18e-02h  1
  37  5.7042286e+00 2.54e-01 2.01e+07   3.0 2.42e+00    -  5.57e-02 1.52e-01h  1
  38  5.7060896e+00 2.53e-01 5.50e+07   2.5 1.11e+00   4.6 1.44e-01 4.45e-03h  1
  39  5.7198897e+00 2.45e-01 4.38e+07   3.5 1.58e+01   4.1 2.11e-03 3.03e-02h  1
iter    objective    inf_pr   inf_du lg(mu)  ||d||  lg(rg) alpha_du alpha_pr  ls
  40  5.7463913e+00 2.34e-01 2.46e+08   3.2 1.91e+00   4.6 3.92e-01 4.45e-02h  1
  41  5.7553856e+00 2.31e-01 2.42e+08   2.5 6.36e+01   4.1 9.40e-03 1.37e-02h  1
  42  5.7671597e+00 2.28e-01 2.51e+08   3.5 7.51e+00   3.6 6.66e-02 1.36e-02h  1
  43  5.8656809e+00 2.06e-01 2.32e+08   3.4 6.20e+00    -  1.18e-01 9.70e-02h  1
  44  5.8760157e+00 2.03e-01 2.28e+08  -2.8 3.92e+01    -  1.08e-02 1.26e-02h  1
  45  5.9510586e+00 1.93e-01 2.24e+08   3.5 1.44e+01    -  5.36e-02 4.81e-02h  1
  46  5.9610332e+00 1.86e-01 2.16e+08   3.5 1.54e+01    -  3.95e-02 3.87e-02h  1
  47  5.9574376e+00 1.84e-01 2.12e+08   3.5 2.23e+00   5.9 8.79e-03 9.94e-03h  1
  48  5.9508873e+00 1.83e-01 1.99e+08  -2.8 4.89e+00   5.4 1.02e-02 7.44e-03h  1
  49  5.8827491e+00 1.70e-01 3.82e+08   3.0 9.08e+00   4.9 1.38e-02 6.84e-02f  1
iter    objective    inf_pr   inf_du lg(mu)  ||d||  lg(rg) alpha_du alpha_pr  ls
  50  5.8630276e+00 1.66e-01 3.80e+08  -2.8 2.23e+01    -  1.42e-02 2.15e-02h  1
  51  5.8589396e+00 1.65e-01 3.57e+08  -2.8 1.34e+01    -  3.90e-02 6.18e-03h  1
  52  5.8519578e+00 1.46e-01 3.30e+08   3.5 2.27e+00   5.3 1.49e-01 1.17e-01h  1
  53  5.8471010e+00 1.42e-01 3.73e+08   3.5 1.81e+00   4.8 1.44e-01 2.74e-02h  1
  54  5.8381248e+00 1.41e-01 3.69e+08   2.9 6.99e+01    -  1.11e-02 1.01e-02h  1
  55  5.8756880e+00 1.29e-01 2.90e+08   3.5 8.11e+00    -  4.73e-02 8.58e-02h  1
  56  5.8962898e+00 1.23e-01 2.81e+08  -2.7 7.80e+00    -  4.78e-02 4.51e-02h  1
  57  5.8749448e+00 1.18e-01 3.57e+08   3.5 1.54e+01    -  6.07e-02 3.62e-02h  1
  58  5.8802382e+00 1.14e-01 3.01e+08  -2.7 2.71e+00    -  3.02e-02 3.99e-02h  1
  59  5.8871984e+00 1.11e-01 6.77e+08   3.5 5.48e+00    -  7.47e-02 2.60e-02h  1
iter    objective    inf_pr   inf_du lg(mu)  ||d||  lg(rg) alpha_du alpha_pr  ls
  60  5.9026654e+00 1.08e-01 8.88e+08   2.3 1.62e+01    -  4.15e-02 2.08e-02h  1
  61  5.9161766e+00 1.05e-01 3.89e+09   3.5 5.84e+00   4.4 1.95e-01 3.50e-02h  1
  62  5.9419253e+00 9.92e-02 3.78e+09   3.5 7.59e+00   4.8 5.30e-02 5.16e-02h  1
  63  5.9469290e+00 9.81e-02 3.78e+09  -2.6 1.62e+01   5.2 1.16e-02 1.13e-02h  1
  64  5.9506592e+00 9.66e-02 2.98e+09   3.5 2.54e+01   5.6 8.42e-03 1.45e-02h  1
  65  5.9515705e+00 9.64e-02 2.94e+09   3.5 3.51e+00   5.2 1.66e-02 2.63e-03h  1
  66  5.9524473e+00 9.62e-02 5.01e+09   3.5 9.38e+00   4.7 6.92e-02 1.61e-03h  1
  67  5.9529306e+00 9.61e-02 1.18e+10   3.5 7.13e+00   5.1 1.08e-02 9.83e-04h  1
  68  5.9530175e+00 9.61e-02 1.90e+11  -2.6 2.93e+01   5.5 2.94e-03 2.12e-04h  1
  69  5.9470607e+00 9.59e-02 8.69e+10   3.5 5.98e+01   5.1 9.10e-05 2.03e-03h  1
iter    objective    inf_pr   inf_du lg(mu)  ||d||  lg(rg) alpha_du alpha_pr  ls
  70  5.9467568e+00 9.59e-02 1.91e+11   3.5 4.95e+01   5.5 1.16e-03 2.09e-04h  1
  71  5.9464280e+00 9.59e-02 1.72e+11  -2.6 1.30e+02   5.0 2.13e-04 4.29e-04h  1
  72  5.9434973e+00 9.58e-02 1.48e+11   3.5 8.68e+01   5.4 8.42e-05 3.24e-04h  1
  73  5.9430434e+00 9.58e-02 2.00e+11   3.5 5.39e+02   5.0 6.95e-04 9.77e-05h  3
  74  5.9419932e+00 9.58e-02 4.94e+11   3.5 1.28e+02   5.4 2.35e-03 5.33e-04h  1
  75  5.9447315e+00 9.56e-02 2.05e+10   3.5 1.16e+02   5.8 9.78e-06 1.72e-03h  1
  76  5.9458672e+00 9.54e-02 9.38e+10  -2.6 3.43e+01   6.2 8.92e-04 1.72e-03h  1
  77  5.9462057e+00 9.54e-02 1.10e+11  -2.6 2.32e+02   5.8 1.62e-05 3.17e-04h  4
  78  5.9508155e+00 9.54e-02 1.65e+11   3.5 9.29e+01   6.2 1.23e-05 2.31e-04f  1
  79r 5.9508155e+00 9.54e-02 1.00e+03   3.5 0.00e+00   6.6 0.00e+00 4.75e-07R  5
iter    objective    inf_pr   inf_du lg(mu)  ||d||  lg(rg) alpha_du alpha_pr  ls
  80r 5.9538013e+00 7.97e-02 3.71e+01  -2.6 3.45e+00    -  9.63e-01 9.72e-01f  1
  81  5.9537637e+00 7.97e-02 1.81e+01   0.5 8.30e+02    -  1.01e-05 1.34e-06f  1
  82  5.9528692e+00 7.97e-02 1.27e+01  -0.2 9.47e+01    -  5.49e-05 7.75e-05f  1
  83  5.9519319e+00 7.97e-02 5.74e+01  -0.2 6.16e+01    -  5.97e-05 1.38e-04f  1
  84  5.9492566e+00 7.96e-02 3.63e+02  -0.2 4.60e+01    -  1.70e-04 6.28e-04f  1
  85  5.9460123e+00 7.95e-02 5.54e+02  -0.2 2.98e+01    -  8.58e-04 1.44e-03f  1
  86  5.9322609e+00 7.91e-02 3.72e+02  -0.2 2.45e+01    -  2.44e-03 5.37e-03f  1
  87  5.9365506e+00 7.32e-02 3.25e+02  -5.4 4.72e-01    -  8.58e-02 7.36e-02h  1
  88  5.9406955e+00 6.65e-02 4.83e+02  -1.6 2.14e+00    -  4.41e-02 9.19e-02f  1
  89  5.9440537e+00 6.34e-02 1.08e+02  -1.6 2.15e+00    -  1.64e-01 4.75e-02h  1
iter    objective    inf_pr   inf_du lg(mu)  ||d||  lg(rg) alpha_du alpha_pr  ls
  90  5.9405696e+00 6.05e-02 5.97e+02  -0.9 1.24e+01    -  6.94e-03 4.57e-02f  1
  91  5.9377540e+00 5.84e-02 4.00e+02  -1.7 2.64e+00    -  8.19e-02 3.48e-02h  1
  92  5.9365944e+00 5.80e-02 9.62e+02  -1.2 3.10e+00    -  1.26e-01 5.61e-03h  1
  93  5.9309546e+00 5.33e-02 1.35e+03  -1.2 4.19e+00    -  1.13e-01 8.15e-02h  1
  94  5.9309910e+00 5.32e-02 2.58e+05   0.1 2.13e-01   6.1 1.00e+00 1.77e-03h  1
  95  5.9311932e+00 5.30e-02 6.22e+06   1.5 2.14e-01   5.7 1.00e+00 4.75e-03h  1
  96  5.9310470e+00 5.27e-02 5.62e+06  -4.5 6.71e+00    -  1.10e-01 4.41e-03h  1
  97  5.9285121e+00 7.43e-02 5.56e+06   1.4 8.71e+00    -  1.43e-01 6.23e-02h  1
  98  5.9236865e+00 6.92e-02 5.23e+06  -4.6 5.29e+00    -  1.70e-02 2.95e-02h  1
  99  5.9003231e+00 5.93e-02 5.34e+06   1.3 1.49e+01    -  3.49e-02 2.63e-02h  1
iter    objective    inf_pr   inf_du lg(mu)  ||d||  lg(rg) alpha_du alpha_pr  ls
 100  5.8757402e+00 4.65e-02 3.05e+07   3.0 4.61e+01    -  6.62e-02 3.77e-03f  1
 101  5.8822402e+00 4.53e-02 3.17e+07   1.1 4.66e+00    -  3.57e-02 2.70e-02h  1
 102  5.8492472e+00 4.46e-02 3.23e+07   3.5 4.07e+01    -  1.48e-02 1.44e-02f  1
 103  5.8499763e+00 4.40e-02 2.47e+09   2.7 3.79e-01   5.2 1.00e+00 1.48e-02h  1
 104  5.8500113e+00 4.40e-02 2.46e+09  -3.3 3.20e+02    -  2.00e-03 1.15e-04h  6
 105  5.8445437e+00 4.39e-02 2.46e+09   3.5 1.19e+03    -  9.55e-04 9.24e-04f  1
 106  5.8472616e+00 4.37e-02 2.45e+09   3.5 5.87e+00    -  1.03e-02 4.56e-03h  1
 107  5.8659098e+00 4.31e-02 2.46e+09   2.6 7.26e+00    -  3.41e-02 1.33e-02h  1
 108  5.8682530e+00 4.29e-02 2.46e+09   2.6 6.21e+00    -  2.68e-03 4.69e-03h  1
 109  5.8775770e+00 4.20e-02 2.39e+09   2.6 7.39e+00    -  2.68e-02 2.16e-02h  1
iter    objective    inf_pr   inf_du lg(mu)  ||d||  lg(rg) alpha_du alpha_pr  ls
 110  5.8775351e+00 4.20e-02 2.10e+09   2.6 1.23e+01   4.7 2.81e-02 3.95e-04h  1
 111  5.8718489e+00 4.13e-02 2.11e+09   2.6 2.29e+01   4.2 1.35e-02 1.66e-02h  1
 112  5.8718800e+00 4.11e-02 1.98e+09   2.6 2.49e+00   6.5 1.32e-02 5.66e-03h  1
 113  5.8712414e+00 4.08e-02 2.06e+09   3.5 9.48e+00   6.0 1.06e-04 7.31e-03h  1
 114  5.8738376e+00 4.05e-02 1.69e+09  -3.3 6.21e+01   5.5 7.85e-04 7.21e-03h  1
 115  5.8740654e+00 4.05e-02 1.70e+09   2.6 8.91e+01   5.9 3.51e-04 3.18e-04f  1
 116  5.8740692e+00 4.05e-02 2.49e+09   2.6 4.14e+00   6.4 6.47e-03 3.99e-05h  1
 117  5.8758404e+00 4.03e-02 2.48e+09   2.6 1.31e+01    -  1.17e-04 3.36e-03h  1
 118  5.8756548e+00 4.00e-02 2.33e+09   2.6 1.27e+01    -  8.64e-02 8.70e-03h  1
 119  5.8762595e+00 3.99e-02 2.20e+09   3.5 5.04e+01    -  3.19e-04 2.03e-03h  1
iter    objective    inf_pr   inf_du lg(mu)  ||d||  lg(rg) alpha_du alpha_pr  ls
 120  5.8770853e+00 3.97e-02 3.49e+09   3.5 4.06e+01    -  7.60e-03 3.60e-03h  1
 121  5.8734865e+00 3.97e-02 2.04e+09   3.5 7.17e+01   5.9 3.90e-04 9.83e-04h  1
 122  5.8673412e+00 3.97e-02 3.15e+09   3.5 1.00e+02   5.4 2.09e-03 1.11e-03f  1
 123  5.8608027e+00 3.96e-02 5.08e+09   3.2 9.77e+01   4.9 1.92e-03 9.58e-04f  1
 124  5.8597254e+00 3.96e-02 5.94e+09   3.5 1.05e+04   4.5 6.07e-06 1.58e-05f  1
 125  5.8592716e+00 3.96e-02 1.21e+10   3.5 2.36e+02   4.9 7.63e-04 6.80e-05h  1
 126  5.8577246e+00 3.96e-02 1.95e+10   2.2 5.93e+01   5.3 8.25e-04 4.20e-04h  1
 127  5.8552224e+00 3.96e-02 1.47e+10  -3.3 3.45e+02   4.8 8.77e-06 3.69e-04f  1
 128  5.8538512e+00 3.96e-02 3.59e+10   3.1 5.60e+01   6.2 1.55e-03 7.58e-04h  1
 129  5.8537171e+00 3.96e-02 3.59e+10   3.5 2.35e+02   5.7 4.12e-05 4.49e-05h  1
iter    objective    inf_pr   inf_du lg(mu)  ||d||  lg(rg) alpha_du alpha_pr  ls
 130  5.8509801e+00 3.95e-02 1.76e+10   3.5 4.75e+01   6.1 1.10e-04 1.29e-03h  1
 131  5.8506115e+00 3.95e-02 1.73e+10   3.5 2.41e+02   5.6 9.83e-04 1.02e-04h  1
 132  5.8462737e+00 3.94e-02 8.79e+10   3.5 6.39e+01   6.1 4.02e-03 1.46e-03h  1
 133  5.8449776e+00 3.94e-02 9.28e+10   3.5 2.31e+02   5.6 9.09e-04 2.88e-04f  2
 134  5.8405114e+00 3.94e-02 1.39e+11   3.5 5.72e+01   6.0 2.31e-03 1.24e-03h  1
 135  5.8400410e+00 3.94e-02 1.77e+11   3.5 2.19e+02   5.5 1.96e-03 9.77e-05h  4
 136  5.8379055e+00 6.94e-01 2.01e+11   3.5 2.76e+03   5.0 1.79e-04 3.08e-04f  1
 137  5.8357138e+00 7.09e-01 1.83e+11   3.5 4.34e+01   6.4 6.71e-04 8.09e-04h  1
 138  5.8358318e+00 7.12e-01 2.00e+11  -3.2 2.09e+02   5.9 1.21e-04 3.34e-05h  1
 139  5.8352776e+00 7.91e-01 1.75e+11   3.5 2.57e+02   5.4 4.24e-06 3.03e-04h  2
iter    objective    inf_pr   inf_du lg(mu)  ||d||  lg(rg) alpha_du alpha_pr  ls
 140  5.8348224e+00 8.33e-01 1.75e+11  -3.2 7.21e+02   4.9 6.82e-05 5.81e-05h  3
 141  5.8323213e+00 9.60e-01 2.59e+11   3.5 2.32e+02   5.4 1.52e-06 5.43e-04f  1
 142  5.8322869e+00 9.62e-01 6.18e+09   3.5 1.84e+02   4.9 3.73e-03 1.33e-05h  1
 143  5.8221151e+00 9.55e-01 5.26e+11   3.5 3.66e+01   5.3 4.03e-05 7.21e-03f  1
 144  5.8220443e+00 9.54e-01 5.30e+11   3.5 1.40e+01   7.6 5.77e-05 2.47e-04f  1
 145  5.8220325e+00 9.54e-01 5.25e+11  -3.2 4.12e+00   8.0 9.02e-04 3.49e-04h  1
 146  5.8217015e+00 9.54e-01 5.50e+11   3.5 5.05e+01   7.5 3.93e-06 4.29e-04f  1
 147  5.8216512e+00 9.53e-01 5.53e+11  -3.2 9.31e+00   7.9 2.71e-04 3.90e-04h  1
 148  5.8216425e+00 9.53e-01 5.54e+11  -3.2 4.14e+00   8.4 3.50e-04 4.47e-04h  1
 149  5.8215823e+00 9.52e-01 5.58e+11   3.5 6.10e+00   8.8 2.95e-04 5.56e-04h  1
iter    objective    inf_pr   inf_du lg(mu)  ||d||  lg(rg) alpha_du alpha_pr  ls
 150  5.8215899e+00 9.52e-01 5.52e+11  -3.2 1.85e+00   9.2 1.79e-03 7.06e-04h  1
 151  5.8216578e+00 9.49e-01 5.55e+11   3.5 6.97e-01   9.6 1.88e-04 2.51e-03h  1
 152  5.8216293e+00 9.47e-01 5.58e+11   3.5 3.20e+00   9.2 2.39e-03 2.78e-03h  1
 153  5.8216597e+00 9.45e-01 5.32e+11   3.5 1.13e+00   9.6 7.98e-03 1.87e-03h  1
 154  5.8212992e+00 9.42e-01 5.99e+11  -3.1 7.46e+00   9.1 8.36e-04 3.61e-03h  1
 155  5.8212793e+00 9.41e-01 6.09e+11  -3.1 4.52e+00   9.5 9.52e-06 4.58e-04h  1
 156  5.8212953e+00 9.41e-01 6.08e+11   3.5 6.88e-01  10.9 9.74e-05 5.95e-04h  1
 157  5.8213174e+00 9.40e-01 6.08e+11   3.5 6.97e-01  10.4 8.42e-06 1.08e-03h  1
 158  5.8213266e+00 9.39e-01 1.90e+12   3.5 6.88e-01  10.8 1.76e-02 3.83e-04h  1
 159  5.8213029e+00 9.38e-01 1.71e+12   3.5 2.52e+00  10.3 1.22e-04 1.16e-03h  1
iter    objective    inf_pr   inf_du lg(mu)  ||d||  lg(rg) alpha_du alpha_pr  ls
 160  5.8213012e+00 9.38e-01 2.08e+12   3.5 1.59e+00  10.8 1.11e-03 2.61e-04h  1
 161  5.8212782e+00 9.37e-01 2.19e+12   3.5 3.13e+00  10.3 1.52e-03 9.27e-04h  1
 162  5.8212758e+00 9.37e-01 3.95e+12   3.5 1.78e+00  10.7 4.28e-03 3.74e-04h  1
 163  5.8211803e+00 9.34e-01 3.89e+12   3.5 4.24e+00  10.2 2.18e-03 2.47e-03h  1
 164  5.8211724e+00 9.34e-01 8.17e+12   3.5 1.97e+00  10.7 1.03e-02 6.43e-04h  1
 165  5.8211714e+00 9.34e-01 9.44e+12   3.5 3.89e+00  10.2 8.07e-03 2.86e-05h  1
 166  5.8212073e+00 9.31e-01 9.36e+12   3.5 3.54e+00   9.7 1.25e-03 2.42e-03h  1
 167  5.8212372e+00 9.30e-01 9.51e+12   3.5 3.86e+00   9.2 1.29e-02 1.93e-03h  1
 168  5.8213267e+00 9.25e-01 9.47e+12   3.5 3.96e+00   8.7 6.76e-03 5.01e-03h  1
 169  5.8213851e+00 9.22e-01 9.45e+12  -2.5 3.89e+00   8.3 2.84e-05 3.56e-03h  1
iter    objective    inf_pr   inf_du lg(mu)  ||d||  lg(rg) alpha_du alpha_pr  ls
 170  5.8213815e+00 9.22e-01 9.42e+12   3.5 2.54e+00  10.5 4.47e-05 1.22e-04h  1
 171r 5.8213815e+00 9.22e-01 1.00e+03   3.5 0.00e+00  10.9 0.00e+00 4.00e-07R  3
 172r 5.1802780e+00 2.90e-01 1.18e+02   1.2 4.29e+00    -  8.86e-01 9.07e-01f  1
 173  5.3357500e+00 2.88e-01 8.04e+00   0.5 4.27e+01    -  3.43e-02 8.51e-03f  1
 174  5.6175015e+00 2.49e-01 1.05e+02  -0.2 4.63e+00    -  1.66e-01 1.39e-01f  1
 175  5.7439441e+00 2.12e-01 8.88e+01  -0.2 2.35e+00    -  9.93e-02 1.53e-01h  1
 176  5.7723574e+00 1.97e-01 8.67e+01  -0.2 2.56e+00    -  2.04e-01 7.44e-02h  1
 177  5.7962798e+00 1.54e-01 6.75e+01  -0.2 1.93e+00    -  1.47e-01 2.25e-01h  1
 178  5.7756603e+00 1.26e-01 9.90e+01  -0.2 1.01e+00    -  3.01e-01 1.81e-01h  1
 179  5.7490374e+00 9.42e-02 7.98e+02  -0.2 9.41e-01    -  9.89e-01 2.53e-01h  1
iter    objective    inf_pr   inf_du lg(mu)  ||d||  lg(rg) alpha_du alpha_pr  ls
 180  5.7524697e+00 5.36e-02 1.54e+03  -0.3 9.45e-01    -  1.00e+00 4.31e-01h  1
 181  5.7974420e+00 3.73e-02 9.62e+03   0.3 1.76e+00    -  1.00e+00 3.05e-01h  1
 182  5.8275965e+00 2.82e-02 5.50e+04   0.8 1.37e+00    -  1.00e+00 2.43e-01h  1
 183  5.9082766e+00 1.19e-02 8.08e+04   1.1 5.48e-01    -  1.00e+00 5.80e-01h  1
 184  5.9427382e+00 8.77e-03 1.35e+06   1.8 2.47e+00    -  1.00e+00 2.62e-01h  1
 185  5.9943014e+00 3.30e-03 3.47e+05   1.5 3.91e-01    -  1.00e+00 8.09e-01h  1
 186  5.9945184e+00 3.07e-03 3.17e+07   1.3 4.77e-03  10.4 1.00e+00 6.86e-02h  1
 187  5.9945225e+00 3.07e-03 2.58e+10   0.4 8.74e-03  10.0 1.00e+00 1.40e-03h  1
 188  5.9949171e+00 2.66e-03 1.60e+10   1.9 1.86e-02   9.5 1.00e+00 1.32e-01h  1
 189  5.9949572e+00 2.62e-03 4.18e+09   1.6 1.73e-02   9.0 1.00e+00 1.53e-02h  1
iter    objective    inf_pr   inf_du lg(mu)  ||d||  lg(rg) alpha_du alpha_pr  ls
 190  5.9952835e+00 2.31e-03 8.07e+08   1.9 1.94e-02   8.5 1.00e+00 1.20e-01h  1
 191  5.9957956e+00 1.92e-03 5.65e+08   2.6 2.24e-02   8.1 1.00e+00 1.69e-01h  1
 192  5.9964740e+00 1.57e-03 1.19e+09   2.6 1.56e-02   7.6 1.00e+00 1.83e-01h  1
 193  5.9979007e+00 1.08e-03 1.54e+09   2.5 2.81e-02   7.1 1.00e+00 3.13e-01h  1
 194  5.9989469e+00 9.83e-04 1.42e+09   3.5 6.52e-02   6.6 5.29e-01 9.29e-02f  1
 195  5.9993616e+00 9.11e-04 1.02e+09   3.5 2.48e-02   6.2 7.78e-01 7.37e-02h  1
 196  6.0021611e+00 2.43e-04 1.12e+08   2.6 1.77e-01    -  7.72e-01 8.81e-01h  1
 197  6.0027407e+00 5.04e-05 6.60e+07   1.9 2.65e-03   5.7 1.00e+00 7.92e-01h  1
 198  6.0028279e+00 7.03e-06 9.79e+06   0.4 3.33e-04   5.2 1.00e+00 8.60e-01h  1
 199  6.0028540e+00 9.39e-10 2.80e+02  -0.9 9.20e-05   4.7 1.00e+00 1.00e+00h  1
iter    objective    inf_pr   inf_du lg(mu)  ||d||  lg(rg) alpha_du alpha_pr  ls
 200  5.9976565e+00 9.75e-06 4.10e+07  -3.0 2.22e-02    -  9.06e-01 1.00e+00f  1
 201  5.9712726e+00 8.30e-04 1.91e+04  -2.3 2.07e-01    -  1.00e+00 1.00e+00f  1
 202  5.9298609e+00 6.88e-03 1.22e+05  -2.8 9.72e-01    -  5.37e-01 6.27e-01h  1
 203  5.9000373e+00 1.25e-03 3.15e+03  -2.8 3.37e-01    -  1.00e+00 1.00e+00h  1
 204  5.8495741e+00 8.86e-03 8.88e+02  -2.9 7.22e-01    -  1.00e+00 1.00e+00h  1
 205  5.8248847e+00 8.70e-04 1.78e+02  -3.0 2.65e-01    -  1.00e+00 1.00e+00h  1
 206  5.7935505e+00 9.72e-04 1.10e+03  -3.1 2.28e-01    -  1.00e+00 9.81e-01h  1
 207  5.7582854e+00 2.92e-03 8.79e+03  -3.3 3.90e-01    -  1.00e+00 8.13e-01h  1
 208  5.7291735e+00 2.48e-03 2.90e+02  -3.4 5.38e-01    -  1.00e+00 1.00e+00h  1
 209  5.7293093e+00 1.82e-07 2.02e+01  -4.0 1.14e-03   4.2 1.00e+00 1.00e+00h  1
iter    objective    inf_pr   inf_du lg(mu)  ||d||  lg(rg) alpha_du alpha_pr  ls
 210  5.7292801e+00 4.21e-11 1.93e-01  -5.6 3.28e-05   3.8 1.00e+00 1.00e+00h  1
 211  5.7291904e+00 4.02e-10 1.97e-01  -6.9 1.01e-04   3.3 1.00e+00 1.00e+00f  1
 212  5.7289211e+00 3.64e-09 1.98e-01  -8.0 3.02e-04   2.8 1.00e+00 1.00e+00f  1
 213  5.7281158e+00 3.25e-08 1.98e-01  -8.7 9.09e-04   2.3 1.00e+00 1.00e+00f  1
 214  5.7277711e+00 3.38e-08 1.98e-01  -8.9 2.74e-03   1.9 1.00e+00 1.44e-01h  1
 215  5.7276998e+00 3.37e-08 3.14e-01  -8.5 7.97e-03   1.4 1.00e+00 1.05e-02h  1
 216  5.7271664e+00 4.14e-08 1.17e+00  -8.1 2.11e-02   0.9 1.00e+00 3.20e-02f  1
 217  5.7264050e+00 4.06e-08 8.97e+00  -7.3 5.11e-02   0.4 1.00e+00 2.18e-02f  1
 218  5.7250199e+00 5.55e-08 9.57e+01  -6.3 1.21e-01  -0.0 1.00e+00 2.00e-02f  1
 219  5.7214414e+00 3.30e-07 7.58e+02  -5.4 2.45e-01  -0.5 1.00e+00 2.97e-02f  1
iter    objective    inf_pr   inf_du lg(mu)  ||d||  lg(rg) alpha_du alpha_pr  ls
 220  5.7135154e+00 5.71e-06 5.58e+03  -4.5 3.44e-01  -1.0 1.00e+00 5.19e-02f  1
 221  5.6987411e+00 5.36e-05 1.46e+04  -4.0 2.07e-01  -1.5 1.00e+00 1.83e-01f  1
 222  5.6835685e+00 2.22e-04 1.46e+04  -3.8 2.01e-01  -2.0 1.00e+00 5.03e-01h  1
 223  5.7082045e+00 3.37e-04 5.81e+04  -3.1 7.26e-01  -2.4 4.23e-01 1.30e-01f  1
 224  5.7132162e+00 1.40e-03 7.77e+03  -3.4 5.30e-01    -  8.91e-01 8.46e-01h  1
 225  5.7159723e+00 3.47e-04 1.03e+01  -3.4 2.53e-01    -  1.00e+00 1.00e+00f  1
 226  5.7140072e+00 8.19e-05 4.60e-03  -3.4 1.32e-01    -  1.00e+00 1.00e+00h  1
 227  5.6867029e+00 1.81e-03 5.10e+03  -5.0 1.24e+00    -  4.50e-01 3.76e-01h  1
 228  5.6508936e+00 9.02e-04 1.68e+04  -5.0 5.59e-01    -  1.57e-01 6.42e-01h  1
 229  5.6603828e+00 1.14e-04 2.13e+02  -3.9 9.97e-02    -  1.00e+00 1.00e+00f  1
iter    objective    inf_pr   inf_du lg(mu)  ||d||  lg(rg) alpha_du alpha_pr  ls
 230  5.6510480e+00 8.55e-05 1.69e+02  -4.0 8.61e-02    -  1.00e+00 1.00e+00h  1
 231  5.6457007e+00 1.44e-05 3.04e+01  -4.4 1.30e-02  -0.2 1.00e+00 1.00e+00h  1
 232  5.6495373e+00 1.18e-06 3.47e+03  -3.7 5.68e-03   1.1 1.00e+00 8.88e-01h  1
 233  5.6437602e+00 5.41e-05 4.71e+03  -4.2 1.12e-01    -  1.00e+00 7.85e-01h  1
 234  5.6410413e+00 9.06e-07 2.54e+05  -5.4 4.81e-03   0.7 1.55e-01 1.00e+00h  1
 235  5.6410154e+00 1.35e-09 5.44e+00  -5.5 2.85e-05   3.8 1.00e+00 1.00e+00h  1
 236  5.6409283e+00 3.73e-10 1.89e-01  -6.7 9.24e-05   3.3 1.00e+00 1.00e+00h  1
 237  5.6406648e+00 3.41e-09 1.90e-01  -7.4 2.80e-04   2.8 1.00e+00 1.00e+00f  1
 238  5.6405262e+00 3.78e-09 1.26e+00  -7.5 8.27e-04   2.4 1.00e+00 1.79e-01h  1
 239  5.6402327e+00 7.81e-09 9.89e+00  -7.0 2.26e-03   1.9 1.00e+00 1.41e-01f  1
iter    objective    inf_pr   inf_du lg(mu)  ||d||  lg(rg) alpha_du alpha_pr  ls
 240  5.6399528e+00 7.84e-09 6.03e+01  -6.4 4.78e-03   1.4 1.00e+00 6.70e-02f  1
 241  5.6393964e+00 9.40e-09 1.98e+02  -5.9 8.81e-03   0.9 1.00e+00 8.17e-02f  1
 242  5.6381595e+00 6.18e-08 5.89e+02  -5.4 1.49e-02   0.4 1.00e+00 1.35e-01f  1
 243  5.6366373e+00 4.63e-07 9.77e+02  -5.2 2.03e-02  -0.0 1.00e+00 1.64e-01f  1
 244  5.6334154e+00 2.74e-06 5.55e+02  -5.2 2.77e-02  -0.5 1.00e+00 3.10e-01f  1
 245  5.6306494e+00 4.70e-06 5.49e+01  -5.5 4.78e-02  -1.0 1.00e+00 1.99e-01h  1
 246  5.6272678e+00 4.48e-05 8.64e+01  -5.6 9.78e-02  -1.5 1.00e+00 1.91e-01h  1
 247  5.6242812e+00 1.03e-04 5.70e+02  -5.2 2.05e-01  -1.9 1.00e+00 1.49e-01h  1
 248  5.6224192e+00 1.13e-04 1.39e+03  -4.9 2.76e-01  -2.4 1.00e+00 1.07e-01h  1
 249  5.6204019e+00 3.81e-04 8.88e+02  -5.0 3.99e-01  -2.9 1.00e+00 2.11e-01h  1
iter    objective    inf_pr   inf_du lg(mu)  ||d||  lg(rg) alpha_du alpha_pr  ls
 250  5.6180357e+00 4.17e-04 8.52e+02  -5.4 2.72e-01  -3.4 1.00e+00 3.75e-01h  1
 251  5.6181787e+00 3.44e-04 5.96e+02  -4.9 1.02e-01  -3.8 1.00e+00 6.62e-01h  1
 252  5.6216267e+00 6.41e-05 8.17e+00  -4.6 2.91e-02  -1.6 1.00e+00 1.00e+00h  1
 253  5.6207101e+00 4.65e-05 2.10e+03  -5.0 1.65e-02  -1.2 1.00e+00 2.81e-01h  1
 254  5.6226762e+00 2.43e-04 1.48e+03  -4.5 1.68e-01    -  1.00e+00 3.93e-01h  1
 255  5.6226580e+00 2.11e-05 5.45e+00  -4.6 9.21e-03    -  1.00e+00 1.00e+00h  1
 256  5.6175891e+00 2.41e-04 1.86e+01  -4.9 8.69e-02    -  1.00e+00 1.00e+00h  1
 257  5.6151845e+00 3.48e-04 7.91e+00  -5.3 9.83e-02    -  1.00e+00 1.00e+00h  1
 258  5.6138058e+00 8.09e-05 8.10e-01  -6.1 4.52e-02    -  1.00e+00 1.00e+00h  1
 259  5.6135712e+00 1.36e-06 1.22e-02  -6.9 8.22e-03    -  1.00e+00 1.00e+00h  1
iter    objective    inf_pr   inf_du lg(mu)  ||d||  lg(rg) alpha_du alpha_pr  ls
 260  5.6135377e+00 5.80e-08 8.84e+00  -7.5 1.17e-03    -  1.00e+00 9.93e-01h  1
 261  5.6135303e+00 1.95e-08 1.46e+01 -11.0 3.81e-04    -  4.29e-01 6.75e-01h  1
 262  5.6135326e+00 1.44e-10 1.55e+01  -7.9 2.11e-04    -  1.84e-01 1.00e+00h  1
 263  5.6135313e+00 4.93e-09 1.08e+01  -7.9 9.68e-05    -  3.01e-01 3.07e-01h  1
 264  5.6135289e+00 2.50e-11 1.78e+01  -7.9 4.94e-05    -  9.50e-02 1.00e+00f  1
 265  5.6135249e+00 9.16e-10 1.68e+01  -7.9 1.61e-03    -  3.03e-02 5.63e-02h  1
 266  5.6133318e+00 1.20e-06 1.67e+01 -11.0 4.09e-01  -1.7 3.49e-04 1.40e-02f  1
 267  5.6132444e+00 1.30e-06 1.90e+01  -7.9 2.25e-01  -1.2 7.60e-02 1.17e-02h  1
 268  5.6108030e+00 2.27e-04 1.58e+01  -5.8 1.64e+00  -1.7 3.72e-04 4.21e-02f  1
 269  5.6106190e+00 2.24e-04 1.56e+01  -5.8 3.94e-01  -1.3 5.92e-03 1.24e-02h  1
iter    objective    inf_pr   inf_du lg(mu)  ||d||  lg(rg) alpha_du alpha_pr  ls
 270  5.6102435e+00 2.05e-04 1.43e+01  -6.0 1.18e-01  -0.9 9.96e-02 8.41e-02h  1
 271  5.6097117e+00 2.00e-04 2.13e+01  -5.0 6.38e-01  -1.3 1.66e-02 2.37e-02f  1
 272  5.6078453e+00 1.33e-04 1.15e+02  -5.8 1.46e-01  -0.9 9.57e-02 3.39e-01h  1
 273  5.6072415e+00 1.29e-04 1.11e+02  -6.5 4.59e-01  -1.4 3.01e-02 3.01e-02h  1
 274  5.6069130e+00 1.23e-04 8.28e+02  -4.7 1.47e-01  -1.0 2.96e-01 4.79e-02f  1
 275  5.6060127e+00 1.17e-04 7.50e+02  -5.6 5.27e-01  -1.4 1.07e-01 4.14e-02h  1
 276  5.6053979e+00 1.09e-04 6.92e+02  -5.3 1.62e-01  -1.0 1.10e-01 7.62e-02h  1
 277  5.5952900e+00 1.17e-03 6.37e+02  -5.6 6.45e-01  -1.5 3.42e-02 2.89e-01h  1
 278  5.5949800e+00 1.13e-03 3.74e+02  -5.9 1.56e-01  -1.1 3.32e-01 3.05e-02h  1
 279  5.5903779e+00 1.29e-03 5.67e+02  -4.8 5.37e-01  -1.5 2.37e-01 1.42e-01h  1
iter    objective    inf_pr   inf_du lg(mu)  ||d||  lg(rg) alpha_du alpha_pr  ls
 280  5.5900409e+00 1.30e-03 5.64e+02 -11.0 1.65e+00  -2.0 3.62e-03 2.44e-03h  1
 281  5.5885817e+00 6.30e-04 3.10e+02  -5.3 2.18e-02  -0.7 4.02e-01 5.55e-01h  1
 282  5.5838935e+00 1.11e-03 7.96e+02  -4.6 1.60e-01  -1.2 3.54e-01 6.01e-01h  1
 283  5.5694079e+00 4.86e-03 2.20e+03  -4.3 2.17e-01  -1.6 4.83e-01 7.71e-01h  1
 284  5.5594688e+00 4.14e-03 3.13e+03 -10.5 3.67e-01  -2.1 5.27e-02 1.51e-01h  1
 285  5.5505495e+00 4.02e-03 3.19e+03  -4.7 4.65e+00    -  6.59e-02 3.59e-02h  1
 286  5.5594108e+00 3.83e-03 1.23e+04  -2.9 8.63e+00    -  8.69e-02 3.10e-02f  1
 287  5.5243694e+00 6.62e-03 1.08e+04  -4.0 2.46e+00    -  1.37e-01 2.65e-01h  1
 288  5.5056025e+00 7.85e-03 9.20e+03  -4.5 2.15e+00    -  1.37e-01 1.31e-01h  1
 289  5.5039425e+00 7.32e-03 7.98e+03  -5.3 1.28e-01  -1.7 1.16e-01 6.71e-02h  1
iter    objective    inf_pr   inf_du lg(mu)  ||d||  lg(rg) alpha_du alpha_pr  ls
 290  5.5027111e+00 4.37e-04 1.28e+04  -5.4 5.62e-03   1.4 2.95e-01 9.40e-01h  1
 291  5.5003498e+00 5.09e-05 8.69e+03 -10.2 4.18e-03   1.0 3.59e-01 8.84e-01h  1
 292  5.4971608e+00 8.76e-06 1.04e+03  -4.9 7.16e-03   0.5 8.65e-01 9.32e-01h  1
 293  5.4954373e+00 7.47e-06 1.15e+02  -5.8 1.74e-02   0.0 4.76e-01 2.37e-01h  1
 294  5.4905683e+00 7.01e-04 2.63e+03  -4.4 4.83e-02  -0.5 1.00e+00 5.75e-01f  1
 295  5.4829455e+00 6.56e-04 1.27e+03  -4.9 1.29e-01  -1.0 3.92e-01 2.69e-01h  1
 296  5.4756242e+00 7.66e-03 6.15e+03  -3.6 4.07e-01  -1.4 4.40e-01 3.21e-01f  1
 297  5.3791379e+00 7.57e-03 1.93e+03  -3.5 3.11e+00    -  1.16e-01 2.67e-01f  1
 298  5.3756482e+00 7.49e-03 6.75e+03  -3.1 5.93e+00    -  7.04e-02 1.12e-02h  1
 299  5.3665012e+00 6.90e-03 3.87e+04  -3.0 7.45e+00    -  2.41e-01 7.69e-02h  1
iter    objective    inf_pr   inf_du lg(mu)  ||d||  lg(rg) alpha_du alpha_pr  ls
 300  5.3593438e+00 6.30e-03 1.75e+04  -9.4 5.18e-01  -1.9 2.42e-01 8.72e-02h  1
 301  5.3546083e+00 3.96e-03 6.01e+04  -4.1 8.29e-02  -0.6 1.00e+00 3.71e-01h  1
 302  5.3614614e+00 3.81e-03 2.53e+04  -3.2 3.17e+00    -  2.59e-01 3.81e-02h  1
 303  5.3493861e+00 3.35e-03 6.69e+03  -3.7 1.13e+00    -  4.83e-01 1.20e-01h  1
 304  5.3280058e+00 9.94e-03 1.38e+04  -3.7 2.87e+00    -  8.18e-01 4.43e-01f  1
 305  5.3284647e+00 9.33e-03 9.85e+05  -3.4 4.55e-02   0.8 1.00e+00 6.19e-02h  1
 306  5.3289606e+00 5.45e-03 1.10e+05  -3.6 1.39e-01    -  9.78e-01 4.16e-01h  1
 307  5.3214193e+00 4.02e-06 2.08e+07  -4.3 1.44e-02   0.3 1.36e-02 1.00e+00h  1
 308  5.3214238e+00 2.99e-12 2.72e+01  -5.1 2.06e-05   6.1 1.00e+00 1.00e+00h  1
 309  5.3214234e+00 1.42e-14 1.89e-01  -6.8 4.30e-07   5.6 1.00e+00 1.00e+00h  1
iter    objective    inf_pr   inf_du lg(mu)  ||d||  lg(rg) alpha_du alpha_pr  ls
 310  5.3214222e+00 7.02e-14 1.89e-01  -6.9 1.29e-06   5.2 1.00e+00 1.00e+00h  1
 311  5.3214188e+00 6.32e-13 1.89e-01  -6.9 3.87e-06   4.7 1.00e+00 1.00e+00f  1
 312  5.3214085e+00 5.71e-12 1.89e-01  -8.4 1.16e-05   4.2 1.00e+00 1.00e+00f  1
 313  5.3213774e+00 5.13e-11 1.89e-01  -9.4 3.49e-05   3.7 1.00e+00 1.00e+00f  1
 314  5.3212844e+00 4.62e-10 1.89e-01 -10.2 1.05e-04   3.3 1.00e+00 1.00e+00f  1
 315  5.3211073e+00 1.84e-09 1.89e-01 -10.5 3.14e-04   2.8 1.00e+00 6.35e-01f  1
 316  5.3207867e+00 6.61e-09 1.90e-01 -10.9 9.44e-04   2.3 1.00e+00 3.84e-01f  1
 317  5.3205191e+00 9.69e-09 5.75e-01  -9.0 2.85e-03   1.8 1.00e+00 1.07e-01f  1
 318  5.3205156e+00 9.69e-09 3.19e+00  -8.3 8.55e-03   1.3 1.00e+00 4.76e-04h  1
 319  5.3202495e+00 1.37e-08 1.47e+00  -8.4 2.51e-02   0.9 6.89e-01 1.33e-02f  1
iter    objective    inf_pr   inf_du lg(mu)  ||d||  lg(rg) alpha_du alpha_pr  ls
 320  5.3195530e+00 2.61e-08 1.73e+00  -8.1 6.17e-02   0.4 1.00e+00 1.64e-02f  1
 321  5.3184068e+00 5.47e-08 1.29e+01  -7.3 1.18e-01  -0.1 1.00e+00 1.72e-02f  1
 322  5.3167593e+00 1.06e-07 6.87e+01  -6.4 2.21e-01  -0.6 1.00e+00 1.56e-02f  1
 323  5.3134613e+00 1.20e-06 3.25e+02  -5.8 3.28e-01  -1.0 1.00e+00 2.31e-02f  1
 324  5.3112050e+00 1.94e-06 9.40e+03  -4.3 2.55e-01  -1.5 1.00e+00 2.21e-02f  1
 325  5.3050292e+00 6.82e-05 1.41e+04  -4.1 2.59e-01  -2.0 1.00e+00 1.73e-01f  1
 326  5.2849646e+00 1.16e-03 9.25e+03  -5.4 4.85e-01  -2.5 3.48e-01 3.81e-01h  1
 327  5.2836977e+00 4.90e-04 1.44e+03  -5.8 4.61e-03   0.7 8.38e-01 5.77e-01h  1
 328  5.2816406e+00 2.31e-04 4.21e+02  -5.7 9.91e-03   0.2 1.00e+00 5.28e-01h  1
 329  5.2791452e+00 1.25e-04 3.98e+02  -5.4 1.61e-02  -0.3 1.00e+00 4.59e-01h  1
iter    objective    inf_pr   inf_du lg(mu)  ||d||  lg(rg) alpha_du alpha_pr  ls
 330  5.2774249e+00 9.36e-05 2.49e+02  -5.7 3.05e-02  -0.8 1.00e+00 2.52e-01h  1
 331  5.2745075e+00 7.23e-05 3.68e+02  -6.0 6.59e-02  -1.2 1.00e+00 2.27e-01h  1
 332  5.2725677e+00 6.36e-05 3.95e+02  -6.2 1.58e-01  -1.7 1.00e+00 1.21e-01h  1
 333  5.2710497e+00 7.34e-05 2.68e+02  -5.9 3.64e-01  -2.2 1.00e+00 6.20e-02h  1
 334  5.2689420e+00 8.11e-05 1.02e+03  -5.2 5.38e-01  -2.7 1.00e+00 6.42e-02h  1
 335  5.2640450e+00 8.68e-05 7.60e+02  -5.2 8.39e-01  -3.1 2.94e-01 1.03e-01h  1
 336  5.2580893e+00 3.88e-04 6.65e+02  -5.2 1.01e+00  -3.6 2.68e-01 1.03e-01h  1
 337  5.2573851e+00 5.59e-04 4.83e+02  -5.8 1.42e+00  -4.1 1.99e-01 4.18e-02h  1
 338  5.2565509e+00 4.83e-04 7.02e+02  -4.6 1.21e+00  -4.6 1.54e-01 8.12e-02h  1
 339  5.2550689e+00 1.73e-03 5.60e+02  -5.1 1.18e+00    -  2.25e-01 1.98e-01h  1
iter    objective    inf_pr   inf_du lg(mu)  ||d||  lg(rg) alpha_du alpha_pr  ls
 340  5.2542631e+00 1.55e-03 3.61e+02 -11.0 6.35e-01    -  1.97e-01 1.15e-01h  1
 341  5.2542245e+00 1.52e-03 3.39e+02 -11.0 8.01e-03  -0.5 3.21e-02 2.03e-02h  1
 342  5.2540040e+00 1.26e-03 5.11e+02  -7.1 7.58e-03   0.8 2.73e-02 2.29e-01h  1
 343  5.2540279e+00 5.89e-04 3.08e+02  -5.2 5.77e-03   1.2 7.68e-01 4.47e-01h  1
 344  5.2536748e+00 3.14e-04 8.49e+01 -11.0 3.30e-03   0.7 4.83e-01 4.03e-01h  1
 345  5.2537368e+00 1.61e-04 8.41e+02  -5.0 1.25e-02   0.3 1.00e+00 4.33e-01h  1
 346  5.2525907e+00 8.43e-05 8.36e+02 -11.0 1.06e-02  -0.2 2.83e-01 4.78e-01h  1
 347  5.2520645e+00 1.01e-04 7.27e+02  -5.9 1.78e-01  -0.7 8.32e-02 3.43e-02h  1
 348  5.2475354e+00 5.76e-03 2.64e+02  -4.8 1.17e-01  -1.2 6.81e-01 6.68e-01h  1
 349  5.2459173e+00 4.28e-03 1.08e+03  -5.7 1.03e-01  -1.7 8.38e-01 2.59e-01h  1
iter    objective    inf_pr   inf_du lg(mu)  ||d||  lg(rg) alpha_du alpha_pr  ls
 350  5.2443555e+00 2.41e-03 2.92e+02 -11.0 2.58e-02  -0.3 8.04e-02 4.45e-01h  1
 351  5.2438509e+00 2.48e-05 4.66e-01  -5.2 1.13e-02   0.1 1.00e+00 1.00e+00h  1
 352  5.2433742e+00 2.16e-04 1.14e+02  -4.8 3.32e-02  -0.4 9.35e-01 1.00e+00h  1
 353  5.2426586e+00 2.33e-04 7.89e+02  -4.5 9.17e-02  -0.8 5.83e-01 3.59e-01h  1
 354  5.2326506e+00 1.43e-03 6.30e+02  -4.3 2.48e-01  -1.3 8.53e-01 1.00e+00h  1
 355  5.2306757e+00 1.49e-03 6.45e+03  -3.5 5.73e+00    -  1.35e-01 1.84e-02h  1
 356  5.2366374e+00 1.36e-03 2.83e+04  -3.6 2.53e+00    -  6.47e-01 9.11e-02h  1
 357  5.2506309e+00 7.43e-04 1.59e+04  -3.8 4.51e-01    -  2.62e-01 4.52e-01h  1
 358  5.2593451e+00 3.39e-04 3.98e+03  -3.8 3.29e-01    -  9.02e-01 6.20e-01f  1
 359  5.2661758e+00 1.32e-04 1.21e+01  -3.8 1.28e-01    -  1.00e+00 1.00e+00f  1
iter    objective    inf_pr   inf_du lg(mu)  ||d||  lg(rg) alpha_du alpha_pr  ls
 360  5.2662894e+00 2.48e-06 2.53e-02  -3.8 2.19e-02    -  1.00e+00 1.00e+00h  1
 361  5.2662895e+00 1.40e-07 9.34e-04  -3.8 1.02e-03    -  1.00e+00 1.00e+00h  1
 362  5.2332307e+00 4.94e-04 4.88e+03  -4.2 2.01e-01    -  7.30e-01 9.97e-01f  1
 363  5.2356092e+00 9.97e-05 4.29e+00  -4.2 9.01e-02    -  1.00e+00 1.00e+00h  1
 364  5.2231514e+00 2.85e-04 7.77e+01  -4.5 2.07e-01    -  1.00e+00 1.00e+00h  1
 365  5.2200948e+00 4.53e-04 3.01e+03  -5.1 6.15e-01    -  1.00e+00 3.71e-01h  1
 366  5.2188937e+00 2.23e-04 1.51e+00  -4.7 2.51e-01    -  1.00e+00 1.00e+00h  1
 367  5.2159197e+00 5.57e-04 5.33e+00  -5.0 3.13e-01    -  1.00e+00 1.00e+00h  1
 368  5.2145066e+00 1.07e-04 2.55e+00  -5.2 6.11e-02    -  1.00e+00 1.00e+00h  1
 369  5.2138842e+00 9.48e-05 3.43e+02  -5.6 6.68e-02    -  1.00e+00 5.14e-01h  1
iter    objective    inf_pr   inf_du lg(mu)  ||d||  lg(rg) alpha_du alpha_pr  ls
 370  5.2126878e+00 4.58e-04 9.85e+01  -7.0 1.35e-01    -  5.64e-01 8.77e-01h  1
 371  5.2125167e+00 2.17e-04 6.59e-02  -6.8 1.25e-01    -  1.00e+00 1.00e+00h  1
 372  5.2124709e+00 9.85e-05 1.05e+01  -7.3 8.63e-02    -  1.00e+00 1.00e+00h  1
 373  5.2124614e+00 4.62e-05 4.60e+00 -11.0 1.86e-02    -  4.54e-01 5.61e-01h  1
 374  5.2124673e+00 2.17e-05 5.10e+01  -7.2 1.88e-02    -  7.76e-02 1.00e+00h  1
 375  5.2123962e+00 2.14e-05 5.04e+01 -11.0 1.22e+00    -  1.80e-03 1.90e-02h  1
 376  5.2122930e+00 2.13e-05 5.00e+01  -5.5 2.39e-01  -0.9 9.84e-04 7.16e-03h  1
 377  5.2114959e+00 1.78e-05 4.16e+01  -5.8 7.88e-02  -0.5 7.03e-02 1.69e-01h  1
 378  5.2106099e+00 1.73e-05 4.04e+01  -5.6 5.20e-01  -1.0 2.85e-02 2.72e-02h  1
 379  5.2096193e+00 1.53e-05 5.08e+01  -5.2 9.47e-02  -0.5 1.08e-01 1.26e-01h  1
iter    objective    inf_pr   inf_du lg(mu)  ||d||  lg(rg) alpha_du alpha_pr  ls
 380  5.2068346e+00 5.44e-05 5.08e+01  -5.8 4.87e-01  -1.0 3.95e-02 6.61e-02h  1
 381  5.2015050e+00 1.69e-04 1.76e+01  -6.2 6.90e-02  -0.6 7.50e-02 5.50e-01h  1
 382  5.1971383e+00 3.09e-04 1.82e+02  -4.8 2.17e-01  -1.1 8.35e-02 1.40e-01f  1
 383  5.1956061e+00 2.91e-04 4.99e+02  -4.7 6.41e-02  -0.6 3.69e-01 2.09e-01h  1
 384  5.1639753e+00 7.85e-03 1.11e+03  -4.8 1.99e-01  -1.1 1.75e-01 9.50e-01h  1
 385  5.1556802e+00 6.78e-03 2.66e+03  -4.3 4.38e-01  -1.6 6.05e-01 1.46e-01h  1
 386  5.1375730e+00 5.20e-03 1.04e+04  -4.0 1.04e+00  -2.1 5.24e-01 1.65e-01h  1
 387  5.1300434e+00 4.27e-03 1.38e+04  -4.2 4.53e-01  -1.6 4.08e-01 1.66e-01h  1
 388  5.1302121e+00 3.07e-03 2.74e+04  -4.2 2.16e-02  -0.3 1.00e+00 2.79e-01h  1
 389  5.1197274e+00 1.49e-04 6.44e+02  -4.7 6.73e-02  -0.8 9.92e-01 9.41e-01h  1
iter    objective    inf_pr   inf_du lg(mu)  ||d||  lg(rg) alpha_du alpha_pr  ls
 390  5.0981786e+00 1.21e-03 7.52e+02  -4.4 1.94e-01  -1.3 1.00e+00 1.00e+00h  1
 391  5.0989163e+00 1.45e-03 1.13e+04  -3.0 1.15e+01    -  1.20e-01 5.30e-02f  1
 392  5.0934474e+00 1.17e-03 1.62e+04  -4.0 4.15e-01  -1.7 6.14e-01 1.74e-01h  1
 393  5.0843533e+00 1.07e-03 4.24e+04  -4.0 6.65e-01  -2.2 9.03e-01 1.50e-01h  1
 394  5.0797935e+00 3.22e-04 1.32e+04  -4.8 1.47e-02   0.0 6.95e-01 6.99e-01h  1
 395  5.0773059e+00 9.21e-05 3.83e+03  -5.3 7.10e-03   0.4 9.26e-01 7.14e-01h  1
 396  5.0735011e+00 3.25e-05 1.10e+03  -5.7 1.50e-02  -0.0 1.00e+00 6.59e-01h  1
 397  5.0708145e+00 2.48e-05 7.84e+02  -5.8 3.27e-02  -0.5 1.00e+00 2.88e-01h  1
 398  5.0687001e+00 2.39e-05 6.84e+02  -5.8 9.15e-02  -1.0 8.47e-01 1.13e-01h  1
 399  5.0672338e+00 1.97e-05 6.03e+02  -6.9 3.35e-02  -0.6 7.31e-01 2.13e-01h  1
iter    objective    inf_pr   inf_du lg(mu)  ||d||  lg(rg) alpha_du alpha_pr  ls
 400  5.0663208e+00 1.32e-05 3.75e+02  -8.1 1.20e-02  -0.1 1.33e-01 3.41e-01h  1
 401  5.0656960e+00 1.26e-05 1.81e+02  -6.5 6.92e-03   0.3 4.84e-01 5.15e-01h  1
 402  5.0652979e+00 2.91e-07 5.69e-02  -6.1 1.78e-03   0.7 1.00e+00 1.00e+00h  1
 403  5.0645457e+00 3.37e-06 1.26e+01  -6.3 5.24e-03   0.2 1.00e+00 7.42e-01h  1
 404  5.0635138e+00 2.10e-05 7.39e+01  -5.9 1.52e-02  -0.2 1.00e+00 4.16e-01h  1
 405  5.0620958e+00 1.12e-04 8.69e+02  -5.2 4.32e-02  -0.7 1.00e+00 2.72e-01h  1
 406  5.0634224e+00 1.22e-03 3.96e+03  -4.2 1.24e-01  -1.2 5.91e-01 2.98e-01f  1
 407  5.0537231e+00 6.10e-03 3.50e+03  -4.5 2.73e+00    -  1.41e-01 8.44e-02h  1
 408  5.0547846e+00 6.68e-03 3.52e+04  -3.4 4.14e+00    -  4.78e-01 3.28e-02f  1
 409  5.0541631e+00 4.26e-03 2.82e+04  -3.8 1.29e+00    -  1.85e-01 1.92e-01h  1
iter    objective    inf_pr   inf_du lg(mu)  ||d||  lg(rg) alpha_du alpha_pr  ls
 410  5.0553382e+00 3.81e-03 2.51e+04  -3.8 5.95e-01    -  7.94e-01 1.07e-01h  1
 411  5.0698705e+00 2.69e-03 1.89e+03  -3.8 6.63e-01    -  1.00e+00 1.00e+00f  1
 412  5.0709292e+00 1.64e-04 5.82e+02  -3.8 1.64e-01    -  1.00e+00 1.00e+00h  1
 413  5.0709869e+00 2.15e-06 9.31e+01  -3.8 2.57e-02    -  1.00e+00 1.00e+00h  1
 414  5.0709910e+00 4.11e-08 1.63e-01  -3.8 1.06e-03    -  1.00e+00 1.00e+00h  1
 415  5.0530591e+00 1.87e-04 2.05e+02  -4.0 9.24e-02    -  1.00e+00 1.00e+00f  1
 416  5.0353240e+00 6.74e-04 1.95e+02  -4.3 1.44e-01    -  1.00e+00 1.00e+00h  1
 417  5.0286072e+00 1.94e-04 5.97e+01  -4.6 1.79e-01    -  1.00e+00 1.00e+00h  1
 418  5.0243592e+00 1.88e-04 2.63e+01  -5.0 1.67e-01    -  1.00e+00 1.00e+00h  1
 419  5.0221985e+00 2.84e-04 6.04e+00  -5.4 1.42e-01    -  1.00e+00 1.00e+00h  1
iter    objective    inf_pr   inf_du lg(mu)  ||d||  lg(rg) alpha_du alpha_pr  ls
 420  5.0213308e+00 6.51e-04 2.29e+00  -5.9 9.21e-02    -  1.00e+00 1.00e+00h  1
 421  5.0210886e+00 7.56e-04 1.34e-01  -6.3 1.54e-01    -  1.00e+00 1.00e+00h  1
 422  5.0209649e+00 3.92e-04 3.29e-02  -6.8 1.23e-01    -  1.00e+00 1.00e+00h  1
 423  5.0209317e+00 3.33e-04 3.09e-03  -7.3 1.25e-01    -  1.00e+00 1.00e+00h  1
 424  5.0209177e+00 1.45e-04 5.23e-04  -7.9 7.23e-02    -  1.00e+00 1.00e+00h  1
 425  5.0209149e+00 5.25e-05 3.57e+00  -8.5 2.20e-02    -  1.00e+00 1.00e+00h  1
 426  5.0209237e+00 1.61e-04 1.55e+00  -7.3 6.30e-02    -  5.46e-01 5.65e-01h  1
 427  5.0209232e+00 1.43e-04 2.20e+01  -7.6 1.65e-02    -  1.00e+00 1.12e-01h  1
 428  5.0209212e+00 3.13e-05 1.22e-03  -7.6 1.86e-02    -  1.00e+00 1.00e+00f  1
 429  5.0209148e+00 3.74e-05 8.76e-05  -8.4 1.85e-02    -  1.00e+00 1.00e+00h  1

Number of Iterations....: 429

                                   (scaled)                 (unscaled)
Objective...............:   5.0209148088409554e+00    5.0209148088409554e+00
Dual infeasibility......:   8.7615451576067427e-05    8.7615451576067427e-05
Constraint violation....:   3.7446869055594856e-05    3.7446869055594856e-05
Complementarity.........:   7.9063105422725519e-09    7.9063105422725519e-09
Overall NLP error.......:   8.7615451576067427e-05    8.7615451576067427e-05


Number of objective function evaluations             = 462
Number of objective gradient evaluations             = 430
Number of equality constraint evaluations            = 462
Number of inequality constraint evaluations          = 462
Number of equality constraint Jacobian evaluations   = 432
Number of inequality constraint Jacobian evaluations = 432
Number of Lagrangian Hessian evaluations             = 429
Total CPU secs in IPOPT (w/o function evaluations)   =      2.282
Total CPU secs in NLP function evaluations           =      0.934

EXIT: Optimal Solution Found.
 
Ipopt 3.13.4: Optimal Solution Found

suffix ipopt_zU_out OUT;
suffix ipopt_zL_out OUT;

"option abs_boundtol 2.963463696659119e-09;"
or "option rel_boundtol 1.1853854786636475e-08;"
will change deduced dual values.

sum{i in 1 .. Nfe - 1} dt[i] = 22.8864

tf = 22.8864

