  0.00000000
  0.74995313
  0.74995162
  0.74995002
  0.74994832
  0.74994649
  0.74994452
  0.74994241
  0.74994013
  0.74993768
  0.74993499
  0.74993206
  0.74992886
  0.74992535
  0.74992149
  0.74991715
  0.74991235
  0.74990697
  0.74990088
  0.74989393
  0.74988593
  0.74987663
  0.74986567
  0.74985258
  0.74983667
  0.74981690
  0.74979244
  0.74975981
  0.74971109
  0.74964328
  0.74953746
  0.74933645
  0.74893930
  0.74810025
  0.74535350
  0.03642991
 -0.00009626
 -0.00027725
 -0.00193849
 -0.00048397
  0.00087104
  0.00168113
 -0.14810887
 -0.74500795
 -0.74779078
 -0.74870668
 -0.74915896
 -0.74942510
 -0.74943382
 -0.74952666
 -0.74959338
 -0.74964428
 -0.74968362
 -0.74971508
 -0.74974086
 -0.74976237
 -0.74979489
 -0.74981067
 -0.74982455
 -0.74983697
 -0.74985170
 -0.74984505
 -0.74984304
 -0.74985867
 -0.74986865
 -0.74987814
 -0.74988671
 -0.74989298
 -0.74989800
 -0.74990252
 -0.74992778
 -0.74993251
 -0.74993739
 -0.74994238
 -0.74994740
 -0.74995480
 -0.74995678
 -0.74995805
 -0.74995876
 -0.74996112
 -0.74996087
 -0.74996012
 -0.74995883
 -0.74995689
 -0.74995416
 -0.74995229
 -0.74994878
 -0.74994484
 -0.74994291
 -0.74993870
 -0.74991184
 -0.74993133
 -0.74992474
 -0.74991544
 -0.74990336
 -0.74988715
 -0.74986436
 -0.74982999
 -0.74977238
 -0.74965547
 -0.74929162
  0.73865771
  0.74937362
  0.74967783
  0.74978319
  0.74983661
  0.74986891
  0.74989055
  0.74990605
  0.74991771
  0.74992680
  0.74993408
  0.74994003
  0.74994500
  0.74994921
  0.74995282
  0.74995595
  0.74995869
  0.74996112
  0.74996327
  0.74996518
  0.74996690
  0.00000000
