  0.01024081
  0.19871597
  0.19869637
  0.19869288
  0.19869382
  0.19869581
  0.19869687
  0.19869635
  0.19869700
  0.19875818
  0.19871396
  0.19870059
  0.19870270
  0.19871174
  0.19876435
  0.19866021
  0.19865869
  0.19866706
  0.19867226
  0.19867578
  0.19867785
  0.19867844
  0.19867837
  0.19867768
  0.19867623
  0.19867254
  0.19950516
  0.20051346
  0.19838412
  0.19836328
  0.19994033
  0.19414771
  0.17975937
  0.16723276
  0.15625666
  0.14649777
  0.14054820
  0.13488262
  0.12878239
  0.11450730
  0.11477973
  0.12324747
  0.14488184
  0.15121567
  0.16078531
  0.17150968
  0.18368832
  0.19772960
  0.16155755
  0.16166033
  0.16171816
  0.16198546
  0.16205267
  0.16207950
  0.16210017
  0.16211569
  0.17258711
  0.17264713
  0.17272783
  0.17288357
  0.17691783
  0.16077851
  0.15202176
  0.16081550
  0.16464596
  0.16867838
  0.17233168
  0.17351514
  0.17357081
  0.17354518
  0.22162668
  0.22272576
  0.22373468
  0.22470299
  0.22571063
  0.24068304
  0.23638073
  0.23303341
  0.23029660
  0.24022596
  0.23772612
  0.23520653
  0.23249997
  0.22945310
  0.22591782
  0.23115634
  0.22977206
  0.22826952
  0.23723322
  0.23747982
  0.16878933
  0.23724390
  0.24027149
  0.24055707
  0.24075363
  0.24082599
  0.24085373
  0.24082099
  0.24090483
  0.24091201
  0.24091072
  0.24211441
  0.24231666
  0.24228590
  0.24230236
  0.24230594
  0.24230246
  0.24229710
  0.24228988
  0.24229134
  0.24231511
  0.24231305
  0.24225521
  0.24225389
  0.24225784
  0.24225342
  0.24225003
  0.24225588
  0.24230114
  0.24229332
  0.24224002
  0.24220517
