  0.00000000
  0.00000000
  0.00092242
  0.00233650
  0.00309774
  0.00343863
  0.00374697
  0.00423299
  0.00473951
  0.00282878
  0.02381982
  0.04735893
  0.05173795
  0.05381492
  0.03907585
  0.00336871
  0.00338983
  0.00241125
  0.00186773
  0.00152879
  0.00129542
  0.00112476
  0.00099378
  0.00088983
  0.00080559
  0.00073567
  0.00040041
  0.12680714
  0.00037728
  0.00041613
  0.01542478
  0.05598572
  0.09223768
  0.12421136
  0.15306536
  0.17958477
  0.20431675
  0.22813978
  0.25021995
  0.21526918
  0.19169325
  0.18192132
  0.18584739
  0.16131858
  0.13540225
  0.10720269
  0.07600432
  0.04077319
  0.00005409
  0.00320841
  0.02129132
  0.00278872
  0.00099356
  0.00063645
  0.00047335
  0.00037961
  0.00005406
  0.07783834
  0.15028515
  0.21825865
  0.28925312
  0.18131904
  0.11070389
  0.07941881
  0.06611297
  0.06251503
  0.02062762
  0.00053040
  0.00027738
  0.00019271
  0.00002413
  0.01631406
  0.02935748
  0.03922048
  0.04587288
  0.04235149
  0.02263844
  0.00990542
  0.00263851
  0.00000090
  0.00189436
  0.00880075
  0.02110911
  0.03945091
  0.06473517
  0.10284912
  0.12198281
  0.14127057
  0.16843051
  0.14965681
  0.08566679
  0.10985832
  0.08262068
  0.04822688
  0.00771403
  0.00187100
  0.00329206
  0.07717269
  0.02691805
  0.02065216
  0.02744702
  0.02008988
  0.02198854
  0.02168895
  0.01342673
  0.01100895
  0.01056688
  0.01142955
  0.01420622
  0.01918762
  0.01505316
  0.03451803
  0.00763495
  0.00721880
  0.00832469
  0.01949194
  0.03107032
  0.03841529
  0.04029526
  0.02346231
  0.01010622
  0.00244962
