  0.00000000
  0.00000000
  0.02961126
  0.05921849
  0.08882608
  0.11843465
  0.14804335
  0.17765102
  0.20725961
  0.23694056
  0.26650740
  0.29610034
  0.32571255
  0.35533798
  0.38505172
  0.41446179
  0.44405455
  0.47367000
  0.50328095
  0.53288948
  0.56249520
  0.59209712
  0.62169689
  0.65129413
  0.68088797
  0.71047251
  0.74316993
  0.77692020
  0.79849420
  0.82791305
  0.86422668
  0.86828405
  0.83008703
  0.79475639
  0.76214239
  0.73160547
  0.70264357
  0.67431775
  0.64381611
  0.57242272
  0.57377823
  0.61612037
  0.72430171
  0.75272134
  0.78224351
  0.81379785
  0.84799687
  0.88560851
  0.69965782
  0.68052964
  0.66117789
  0.64263440
  0.62322273
  0.60363518
  0.58401481
  0.56436829
  0.57984446
  0.55770471
  0.53560532
  0.51369714
  0.50274969
  0.43555715
  0.39350709
  0.39793784
  0.38756184
  0.37622829
  0.36257885
  0.34264557
  0.32017085
  0.29753487
  0.35112537
  0.31584873
  0.27990924
  0.24341843
  0.20647453
  0.17943024
  0.13355580
  0.09035348
  0.04904449
  0.00966894
 -0.03326045
 -0.07484179
 -0.11499253
 -0.15349425
 -0.19000523
 -0.23357537
 -0.27200903
 -0.30956507
 -0.36233294
 -0.40495993
 -0.31788679
 -0.47683930
 -0.52567279
 -0.56964248
 -0.61353929
 -0.65720291
 -0.70077492
 -0.74417377
 -0.78793419
 -0.83147213
 -0.87497638
 -0.92305279
 -0.88048801
 -0.83638061
 -0.79242649
 -0.74841746
 -0.70438279
 -0.66034302
 -0.61630018
 -0.57228085
 -0.52830869
 -0.48427140
 -0.44013348
 -0.39611915
 -0.35211291
 -0.30809363
 -0.26407766
 -0.22007175
 -0.17609113
 -0.13205678
 -0.08801003
 -0.04399557
