 -0.00499996
 -0.00499996
 -0.00499996
 -0.00599288
 -0.00850795
 -0.01184243
 -0.01554386
 -0.01957719
 -0.02413369
 -0.02923543
 -0.03228040
 -0.02457983
 -0.00934233
  0.00722518
  0.02437642
  0.03677151
  0.03314535
  0.02949645
  0.02690092
  0.02489044
  0.02324481
  0.02185038
  0.02063966
  0.01956993
  0.01861209
  0.01774493
  0.01695303
  0.01652202
  0.05439230
  0.05398619
  0.05353826
  0.03693462
 -0.02332988
 -0.12261693
 -0.25632131
 -0.42108488
 -0.61439464
 -0.83432655
 -1.07990221
 -1.34924553
 -1.58096693
 -1.78731058
 -1.98313546
 -2.18318648
 -2.35683403
 -2.50258457
 -2.61798036
 -2.69979341
 -2.74368274
 -2.74366640
 -2.74269423
 -2.76561277
 -2.76861462
 -2.76968412
 -2.77036921
 -2.77087873
 -2.77128736
 -2.77134554
 -2.74731285
 -2.70075327
 -2.63290467
 -2.54283325
 -2.48577482
 -2.45070592
 -2.42556518
 -2.40460210
 -2.38474417
 -2.37817756
 -2.37800817
 -2.37791927
 -2.37785728
 -2.37784958
 -2.39541047
 -2.42701163
 -2.46922959
 -2.51860836
 -2.56419662
 -2.58856523
 -2.59922768
 -2.60206785
 -2.60206882
 -2.60407209
 -2.61317863
 -2.63457670
 -2.67380217
 -2.73701995
 -2.83536603
 -2.94990340
 -3.08025295
 -3.23196939
 -3.36423582
 -3.44297777
 -3.53708131
 -3.60640348
 -3.64613493
 -3.65237721
 -3.65386497
 -3.65643812
 -3.63036627
 -3.62127233
 -3.61429525
 -3.60502261
 -3.61947028
 -3.63552917
 -3.62820183
 -3.62366577
 -3.61994653
 -3.61637664
 -3.61251530
 -3.60771590
 -3.60123360
 -3.61384987
 -3.60218837
 -3.60883286
 -3.61523784
 -3.62277111
 -3.64076843
 -3.67005136
 -3.70702341
 -3.74664333
 -3.77022287
 -3.78060947
 -3.78318531
