1 1 1 -0.048979591837
1 1 2 23.008163265306
1 2 1 4.946938775510
1 2 2 22.959183673469
1 3 1 5.020408163265
1 3 2 17.963265306122
1 4 1 0.024489795918
1 4 2 18.036734693878
2 1 1 9.746938775510
2 1 2 22.812244897959
2 2 1 9.746938775510
2 2 2 17.865306122449
2 3 1 30.073469387755
2 3 2 17.938775510204
2 4 1 30.024489795918
2 4 2 22.861224489796
3 1 1 -0.048979591837
3 1 2 11.130612244898
3 2 1 23.926530612245
3 2 2 11.130612244898
3 3 1 23.926530612245
3 3 2 5.987755102041
3 4 1 0.024489795918
3 4 2 6.134693877551
