1 1 1 9.007263922518
1 1 2 20.901937046005
1 2 1 17.978208232446
1 2 2 20.974576271186
1 3 1 18.014527845036
1 3 2 18.940677966102
1 4 1 8.970944309927
1 4 2 19.049636803874
2 1 1 18.014527845036
2 1 2 20.938256658596
2 2 1 20.012106537530
2 2 2 20.901937046005
2 3 1 20.121065375303
2 3 2 8.880145278450
2 4 1 17.978208232446
2 4 2 8.952784503632
3 1 1 9.007263922518
3 1 2 19.013317191283
3 2 1 9.043583535109
3 2 2 0.018159806295
3 3 1 7.009685230024
3 3 2 0.018159806295
3 4 1 7.009685230024
3 4 2 19.013317191283
4 1 1 9.007263922518
4 1 2 13.819612590799
4 2 1 14.055690072639
4 2 2 8.916464891041
4 3 1 9.079903147700
4 3 2 0.018159806295
4 4 1 9.079903147700
4 4 2 0.018159806295
5 1 1 4.939467312349
5 1 2 29.872881355932
5 2 1 3.595641646489
5 2 2 24.279661016949
5 3 1 19.903147699758
5 3 2 27.003631961259
5 4 1 20.048426150121
5 4 2 30.018159806295
