  0.01247890
  0.20295998
  0.20085097
  0.19887300
  0.19684407
  0.19472842
  0.20555152
  0.20722589
  0.20888545
  0.21073761
  0.15162001
  0.15135585
  0.15140984
  0.15146642
  0.15152772
  0.15159533
  0.21249623
  0.21113247
  0.20976082
  0.20836608
  0.20703191
  0.22500968
  0.22658437
  0.22802232
  0.22928244
  0.17026938
  0.17071533
  0.17105394
  0.17887607
  0.17965886
  0.17640617
  0.17569764
  0.17815528
  0.17867509
  0.16852775
  0.23184272
  0.23227535
  0.23275430
  0.23338495
  0.23358932
  0.23382268
  0.24665661
  0.24512572
  0.24328999
  0.24145178
  0.23980905
  0.20776309
  0.20590305
  0.20420504
  0.20249268
  0.20065893
  0.19860888
  0.19627142
  0.20096044
  0.20049749
  0.19986757
  0.19917627
  0.19853502
  0.20753592
  0.17317772
  0.20181609
  0.20253523
  0.20287510
  0.20325583
  0.20377983
  0.24939543
  0.24940074
  0.24872887
  0.24927727
  0.24653385
  0.18752167
  0.19231333
  0.24901645
  0.24927811
  0.24916476
  0.24965683
  0.24967347
  0.24967975
  0.24967821
  0.24967758
  0.24968012
  0.24968342
  0.24967575
  0.24967528
  0.24967528
  0.24967521
  0.24967512
  0.24967501
  0.24967489
  0.24967476
  0.24967463
  0.24967448
  0.24967431
  0.24967409
  0.24967381
  0.24967339
  0.24967327
