  0.02310491
  0.02310491
  0.02184177
  0.02083641
  0.02493331
  0.03421518
  0.04270812
  0.03942199
  0.03325881
  0.02463483
  0.02316318
  0.02345446
  0.02347059
  0.02348876
  0.02351001
  0.02353457
  0.02320156
  0.03454180
  0.06088786
  0.09117514
  0.12609315
  0.15525358
  0.12339213
  0.08929396
  0.05222920
  0.02327628
  0.02437519
  0.02438355
  0.02377476
  0.03307793
  0.02142539
  0.03485917
  0.04702306
  0.02886344
  0.02386635
  0.02323570
  0.03708657
  0.05910210
  0.07802026
  0.09394437
  0.10708196
  0.10418584
  0.07027981
  0.04567551
  0.02869198
  0.02078746
  0.02313226
  0.02444157
  0.02244409
  0.02131299
  0.02700193
  0.03901920
  0.05581313
  0.07988144
  0.09380089
  0.10784058
  0.12205732
  0.13649472
  0.15676241
  0.11787304
  0.12535831
  0.10872448
  0.08932333
  0.06702741
  0.04135467
  0.02316056
  0.06690022
  0.13341974
  0.21515140
  0.31162376
  0.30910659
  0.39158069
  0.54124911
  0.44556636
  0.35255014
  0.24091232
  0.13574671
  0.04677284
  0.09857521
  0.22536515
  0.22376670
  0.12242179
  0.02188570
  0.02212630
  0.02169451
  0.02158995
  0.02158016
  0.02159693
  0.02161897
  0.02163875
  0.02165353
  0.02166229
  0.02166446
  0.02165875
  0.02164077
  0.02162968
  0.02199103
