  0.00000000
  0.00000000
 -0.10072007
 -0.20029419
 -0.29864232
 -0.39519564
 -0.41276291
 -0.31144573
 -0.20852812
 -0.10452847
  0.00052284
  0.00280938
  0.00271448
  0.00264475
  0.00260134
  0.00258088
  0.00039131
 -0.10561058
 -0.21084488
 -0.31522396
 -0.41840482
 -0.45178718
 -0.34027485
 -0.22751303
 -0.11387187
  0.00048497
  0.00340952
  0.00356707
  0.00194647
 -0.08538854
 -0.03420813
 -0.10368105
 -0.16280954
 -0.08318769
  0.00324069
  0.00043941
 -0.11523484
 -0.23108063
 -0.34709050
 -0.46326340
 -0.57907988
 -0.60468516
 -0.48230050
 -0.36026607
 -0.23901544
 -0.11862080
  0.00098654
  0.10420050
  0.20650578
  0.30794344
  0.40845300
  0.50787061
  0.60576371
  0.69822711
  0.69877515
  0.69884062
  0.69885594
  0.69882199
  0.69146339
  0.58910538
  0.50379865
  0.40374298
  0.30314644
  0.20228778
  0.10118830
 -0.00019958
  0.12437504
  0.24895374
  0.37318546
  0.49762279
  0.62037691
  0.69933018
  0.67210514
  0.54824505
  0.42415016
  0.30028170
  0.17657962
  0.05392153
 -0.06614439
 -0.17013937
 -0.17862250
 -0.09987140
  0.01258385
  0.01654315
  0.01368175
  0.01224463
  0.01158853
  0.01142900
  0.01165021
  0.01223562
  0.01323664
  0.01478709
  0.01716376
  0.02096295
  0.02767506
  0.04087856
  0.05625857
  0.00000000
