  0.02310491
  0.02310491
  0.02500454
  0.03342948
  0.05333364
  0.08505301
  0.11337454
  0.10311565
  0.08314324
  0.05352310
  0.02304733
  0.02277893
  0.02276495
  0.02274919
  0.02273088
  0.02270975
  0.02301001
  0.09047919
  0.18192301
  0.28777454
  0.41069141
  0.51872359
  0.40883386
  0.28950095
  0.15792004
  0.02293887
  0.02208479
  0.02208142
  0.02251119
  0.08626587
  0.04123007
  0.09177151
  0.13344144
  0.07040803
  0.02244090
  0.02297739
  0.09938652
  0.17419047
  0.23748498
  0.28981788
  0.33210258
  0.32109090
  0.20630386
  0.12385132
  0.06704757
  0.03383542
  0.02307771
  0.02217655
  0.02466256
  0.03454437
  0.05786472
  0.09447988
  0.14343296
  0.21187383
  0.24917475
  0.28579886
  0.32195089
  0.35777000
  0.40590520
  0.30382886
  0.31386936
  0.26603633
  0.21243221
  0.15288806
  0.08639518
  0.02305026
  0.13994902
  0.28941490
  0.46732463
  0.67393617
  0.71077708
  0.88930963
  1.12879591
  0.91180515
  0.70773168
  0.48219811
  0.27055201
  0.08620080
  0.05191602
  0.10902963
  0.10662803
  0.06035024
  0.02929703
  0.03134690
  0.02887260
  0.02760015
  0.02686395
  0.02639671
  0.02607970
  0.02585660
  0.02569676
  0.02558240
  0.02550327
  0.02545557
  0.02544594
  0.02542245
  0.02463174
