  0.00000000
  0.00000000
  0.03054812
  0.06017908
  0.08889826
  0.11666267
  0.15313440
  0.18629264
  0.22021011
  0.25513494
  0.20749387
  0.22430966
  0.24154170
  0.25879496
  0.27607439
  0.29338501
  0.43534934
  0.46613973
  0.49625680
  0.52565895
  0.55455625
  0.63753064
  0.68006955
  0.72290261
  0.76570936
  0.59701922
  0.57889769
  0.55863902
  0.56152886
  0.54008489
  0.50668559
  0.48152434
  0.46488571
  0.44245566
  0.39481646
  0.51393177
  0.47458204
  0.43508387
  0.39558431
  0.35509911
  0.31453923
  0.28859300
  0.24149606
  0.19499704
  0.14950089
  0.10508931
  0.05370482
  0.02116633
 -0.01051697
 -0.04141545
 -0.07148856
 -0.10062168
 -0.12864701
 -0.16127464
 -0.19109276
 -0.22051619
 -0.24957759
 -0.27839733
 -0.32188318
 -0.29551600
 -0.37055684
 -0.40249041
 -0.43393697
 -0.46562930
 -0.49784243
 -0.64733149
 -0.69392126
 -0.73849519
 -0.78654025
 -0.82388118
 -0.66124948
 -0.70508626
 -0.94873372
 -0.99604668
 -1.04170489
 -1.02699510
 -0.98073069
 -0.93420717
 -0.88758235
 -0.84092684
 -0.79426118
 -0.74758274
 -0.70086194
 -0.65415715
 -0.60744816
 -0.56073455
 -0.51401729
 -0.46729700
 -0.42057421
 -0.37384928
 -0.32712250
 -0.28039412
 -0.23366433
 -0.18693331
 -0.14020121
 -0.09346817
 -0.04673448
