  0.01155245
  0.01155245
  0.00247292
  0.00044451
  0.00008021
  0.00001519
  0.00000170
  0.00000023
  0.00000003
  0.00000000
  0.00000007
  0.00000002
  0.00000001
  0.00000000
  0.00000000
  0.00000000
  0.00000000
  0.00000000
  0.00000000
  0.00000000
  0.00000000
  0.00000000
  0.00000000
  0.00000000
  0.00000000
  0.00000000
  0.00000000
  0.00000000
  0.00000000
  0.00000000
  0.00000000
  0.00000000
  0.00000000
  0.00000000
  0.00000000
  0.00000000
  0.00000000
  0.00000000
  0.00000000
  0.00000000
  0.00000000
  0.00000000
  0.00000001
  0.00000014
  0.00000212
  0.00003041
  0.00065136
  0.00412501
  0.01762701
  0.04274947
  0.07171557
  0.10066143
  0.12865441
  0.16127568
  0.19109293
  0.22051622
  0.24957760
  0.27839733
  0.32188318
  0.29551600
  0.37055684
  0.40249041
  0.43393697
  0.46562930
  0.49784243
  0.64733149
  0.69392126
  0.73849519
  0.78654025
  0.82388118
  0.66124948
  0.70508626
  0.94873372
  0.99604668
  1.04170489
  1.02699510
  0.98073069
  0.93420717
  0.88758235
  0.84092684
  0.79426118
  0.74758274
  0.70086194
  0.65415715
  0.60744816
  0.56073455
  0.51401729
  0.46729700
  0.42057421
  0.37384928
  0.32712250
  0.28039412
  0.23366435
  0.18693354
  0.14020491
  0.09352919
  0.04771448
