  0.01155245
  0.01155245
  0.03462287
  0.06653114
  0.10212641
  0.14003957
  0.18532513
  0.21507905
  0.24257668
  0.26798271
  0.20754603
  0.22461228
  0.24185652
  0.25912360
  0.27641922
  0.29374861
  0.43543111
  0.48985803
  0.54723846
  0.60793858
  0.67291909
  0.78602696
  0.79564123
  0.80323829
  0.80774322
  0.59715826
  0.57984524
  0.55959560
  0.56205357
  0.56227502
  0.51500855
  0.50557433
  0.50153865
  0.46016381
  0.39543055
  0.51404015
  0.50094905
  0.48422015
  0.46427010
  0.44024039
  0.41325648
  0.38431749
  0.30218311
  0.23025624
  0.16698934
  0.11113326
  0.05438193
  0.02656090
  0.00782500
  0.00153768
  0.00027418
  0.00005037
  0.00000987
  0.00000147
  0.00000025
  0.00000004
  0.00000001
  0.00000000
  0.00000000
  0.00000000
  0.00000000
  0.00000000
  0.00000000
  0.00000000
  0.00000000
 -0.00000000
 -0.00000000
 -0.00000000
 -0.00000000
  0.00000000
  0.00000000
  0.00000000
 -0.00000000
 -0.00000000
  0.00000000
 -0.00000000
 -0.00000000
 -0.00000000
 -0.00000000
  0.00000000
  0.00000000
  0.00000000
  0.00000000
  0.00000000
  0.00000000
  0.00000000
  0.00000000
  0.00000000
  0.00000000
  0.00000000
  0.00000000
  0.00000000
  0.00000001
  0.00000023
  0.00000375
  0.00006222
  0.00100649
