  0.00000000
  0.00000000
  0.15209402
  0.30260162
  0.45161931
  0.59910658
  0.74499537
  0.89898641
  1.05421795
  1.21067922
  1.36851556
  1.48200508
  1.59528714
  1.70859954
  1.82194328
  1.93532082
  2.04873566
  2.20780447
  2.36582035
  2.52276485
  2.67860108
  2.83334020
  3.00138896
  3.17030746
  3.33958260
  3.50632517
  3.39101147
  3.26586410
  3.13920520
  3.00616861
  2.87226647
  2.74064183
  2.60943954
  2.47631348
  2.34273816
  2.21673065
  2.04319035
  1.86928576
  1.69498735
  1.52018542
  1.34520311
  1.17002149
  0.98519363
  0.80150007
  0.61917380
  0.43821967
  0.25849327
  0.10279912
 -0.05150105
 -0.20452768
 -0.35626889
 -0.50663250
 -0.65545497
 -0.80251919
 -0.95309289
 -1.10331140
 -1.25304874
 -1.40225799
 -1.55097564
 -1.70643153
 -1.83611261
 -1.98726064
 -2.13893556
 -2.29085196
 -2.44303919
 -2.59560291
 -2.78235460
 -2.96908247
 -3.15528394
 -3.34184088
 -3.52625381
 -3.66634024
 -3.80992418
 -3.99572520
 -4.18078521
 -4.11362701
 -3.92805309
 -3.74162166
 -3.55490511
 -3.36805100
 -3.18111498
 -2.99412243
 -2.80708860
 -2.62003167
 -2.43295272
 -2.24585589
 -2.05874451
 -1.87162105
 -1.68448741
 -1.49734506
 -1.31019518
 -1.12303875
 -0.93587656
 -0.74870928
 -0.56153751
 -0.37436176
 -0.18718255
  0.00000000
