  0.00000000
 -0.49625711
 -0.49576246
 -0.49452886
 -0.49050944
 -0.09021035
  0.49290540
  0.49664523
  0.49787928
  0.49849375
  0.01507939
 -0.00062654
 -0.00046059
 -0.00028665
 -0.00013551
 -0.01444222
 -0.49884098
 -0.49842757
 -0.49760968
 -0.49518969
 -0.16124564
  0.49558675
  0.49765790
  0.49837619
  0.49875861
  0.01717162
  0.00092333
 -0.00947350
 -0.48824648
  0.28488134
 -0.39382384
 -0.33654117
  0.44694582
  0.48372068
 -0.01662082
 -0.49893399
 -0.49874328
 -0.49842190
 -0.49777356
 -0.49581213
 -0.10947924
  0.49617413
  0.49784418
  0.49837904
  0.49862813
  0.49876081
  0.49678584
  0.49686083
  0.49674364
  0.49636103
  0.49545521
  0.49289321
  0.47109601
  0.00272723
  0.00032654
  0.00007662
 -0.00017054
 -0.03706553
 -0.49320626
 -0.49259053
 -0.49577506
 -0.49668718
 -0.49714760
 -0.49740150
 -0.49753793
  0.49950645
  0.49951218
  0.49946754
  0.49919258
  0.49791711
  0.42103750
 -0.14156661
 -0.49739738
 -0.49781728
 -0.49713168
 -0.49548826
 -0.49127363
 -0.48087912
 -0.41651493
 -0.03398262
  0.31541104
  0.45039190
  0.01585825
 -0.01146043
 -0.00575595
 -0.00262782
 -0.00063897
  0.00088600
  0.00234471
  0.00400932
  0.00620988
  0.00951909
  0.01521662
  0.02688359
  0.05288313
  0.06160037
 -0.22532912
  0.00000000
