  0.00000000
  0.74962638
  0.74961739
  0.74960794
  0.74959800
  0.74958752
  0.74957643
  0.74956469
  0.74955223
  0.74953901
  0.74952496
  0.74951007
  0.74949421
  0.74947731
  0.74945926
  0.74943999
  0.74941935
  0.74939717
  0.74937328
  0.74934747
  0.74931948
  0.74928921
  0.74925622
  0.74922005
  0.74918014
  0.74913398
  0.74908439
  0.74902961
  0.74896600
  0.74889538
  0.74881454
  0.74872041
  0.74861025
  0.74847930
  0.74832264
  0.74812999
  0.74788642
  0.74756362
  0.74711467
  0.74645957
  0.74542138
  0.74351590
  0.73915082
  0.72329491
  0.37563543
 -0.74358323
 -0.74519687
 -0.74648726
 -0.74719326
 -0.74767777
 -0.74791207
 -0.74803767
 -0.74835217
 -0.74862069
 -0.74879282
 -0.74895586
 -0.74907565
 -0.74918037
 -0.74924080
 -0.74926312
 -0.74933402
 -0.74938271
 -0.74942125
 -0.74945406
 -0.74948360
 -0.74950753
 -0.74952700
 -0.74954564
 -0.74955203
 -0.74957995
 -0.74961685
 -0.74959603
 -0.74961436
 -0.74961373
 -0.74962459
 -0.74963782
 -0.74964381
 -0.74964859
 -0.74964742
 -0.74964774
 -0.74964633
 -0.74964390
 -0.74964104
 -0.74963822
 -0.74963573
 -0.74963367
 -0.74963196
 -0.74963035
 -0.74962841
 -0.74962556
 -0.74962120
 -0.74961470
 -0.74960568
 -0.74959418
 -0.74958198
 -0.74955670
 -0.74954197
 -0.74952511
 -0.74950862
 -0.74948986
 -0.74945855
 -0.74943532
 -0.74940194
 -0.74936331
 -0.74931083
 -0.74924170
 -0.74916710
 -0.74907523
 -0.74896321
 -0.74882552
 -0.74866209
 -0.74851329
 -0.74827311
 -0.74794627
 -0.74747921
 -0.74676431
 -0.74553892
 -0.74297087
 -0.73438544
  0.00509322
  0.73335458
  0.74269557
  0.74538921
  0.74664806
  0.74737233
  0.74784368
  0.74817321
  0.74841065
  0.74859721
  0.74874514
  0.74886522
  0.74896576
  0.74904929
  0.74912050
  0.74918205
  0.74923587
  0.74928337
  0.74932555
  0.74936363
  0.74939773
  0.74942895
  0.74945758
  0.74948348
  0.74950713
  0.74952850
  0.74954774
  0.74956500
  0.74958046
  0.74959449
  0.74960801
  0.74962072
  0.74963275
  0.74964418
  0.74965510
  0.74966557
  0.00000000
