  0.00000000
  0.00000000
  0.00767389
  0.01477653
  0.02082988
  0.02545311
  0.02837127
  0.02942418
  0.02856981
  0.02587799
  0.02151327
  0.01570926
  0.00881185
  0.00118936
 -0.00679707
 -0.01481541
 -0.02248112
 -0.02946434
 -0.03550357
 -0.04041373
 -0.04409001
 -0.04651218
 -0.04759447
 -0.04741768
 -0.04624698
 -0.04474779
 -0.04140816
 -0.03672142
 -0.03169784
 -0.02454283
 -0.01595227
 -0.00600629
  0.00496108
  0.01691939
  0.02905735
  0.03944579
  0.04425887
  0.03720700
  0.01323785
 -0.02544777
 -0.07389214
 -0.12830121
 -0.18625773
 -0.24646598
 -0.30820322
 -0.37102815
 -0.43681975
 -0.50368043
 -0.57128750
 -0.63901261
 -0.69899446
 -0.69407466
 -0.63435829
 -0.56992606
 -0.50384027
 -0.43704837
 -0.37145594
 -0.30888477
 -0.25259297
 -0.21167422
 -0.21458713
 -0.27327882
 -0.33875311
 -0.40637568
 -0.47481261
 -0.54340447
 -0.61134482
 -0.67611633
 -0.69474521
 -0.69583642
 -0.69665288
 -0.69673415
 -0.69704635
 -0.69710395
 -0.69728738
 -0.65387797
 -0.58406166
 -0.51334037
 -0.44268542
 -0.37242170
 -0.30253506
 -0.23304327
 -0.16392674
 -0.09514205
 -0.02663084
  0.04167217
  0.10983132
  0.17790185
  0.24592119
  0.31389942
  0.38180795
  0.44956207
  0.51698865
  0.58371131
  0.64848669
  0.69612706
  0.69577086
  0.69514659
  0.69420721
  0.69254160
  0.67064363
  0.61225634
  0.54961918
  0.48561653
  0.42105364
  0.35644450
  0.29225742
  0.22880847
  0.16680936
  0.10764658
  0.05454811
  0.01436178
 -0.00948861
 -0.01790184
 -0.01708984
 -0.01236802
 -0.00701192
 -0.00283726
 -0.00032193
  0.00114516
  0.00204303
  0.00313897
  0.00511168
  0.00784834
  0.01127903
  0.01525822
  0.01928834
  0.02265209
  0.02550022
  0.02771832
  0.02837078
  0.02553051
  0.02085501
  0.01319540
  0.00202064
 -0.01274392
 -0.03083815
 -0.05175207
 -0.07478234
 -0.09935580
 -0.12468501
 -0.15019721
 -0.17513436
 -0.19845095
 -0.21883978
 -0.23458883
 -0.24362114
 -0.24389337
 -0.23428644
 -0.21524940
 -0.18871000
 -0.15659354
 -0.12050482
 -0.08171780
 -0.04125896
  0.00000000
