  0.00000000
  0.00000000
  0.00000000
  0.00004810
  0.00023335
  0.00062506
  0.00126331
  0.00215259
  0.00325930
  0.00451287
  0.00581037
  0.00702368
  0.00800792
  0.00861512
  0.00870452
  0.00815111
  0.00685213
  0.00474020
  0.00178752
 -0.00199316
 -0.00655053
 -0.01179956
 -0.01762932
 -0.02389372
 -0.03043238
 -0.03709997
 -0.04383007
 -0.05031751
 -0.05630074
 -0.06166275
 -0.06596826
 -0.06886684
 -0.06999595
 -0.06903208
 -0.06563783
 -0.05962427
 -0.05120923
 -0.04148247
 -0.03306448
 -0.02998290
 -0.03608012
 -0.05430064
 -0.08690443
 -0.13580309
 -0.20274294
 -0.28967497
 -0.40106814
 -0.53304415
 -0.68657057
 -0.86283462
 -1.06327421
 -1.28319967
 -1.48516234
 -1.66255101
 -1.81601928
 -1.94671568
 -2.05481879
 -2.14247929
 -2.21213757
 -2.26651860
 -2.31003926
 -2.35227853
 -2.40422346
 -2.46656563
 -2.53909397
 -2.62150910
 -2.71347208
 -2.81461924
 -2.92437384
 -3.03210428
 -3.13282881
 -3.22711404
 -3.31329256
 -3.39255226
 -3.46445128
 -3.52942461
 -3.58280898
 -3.62326878
 -3.65312628
 -3.67438377
 -3.68882884
 -3.69797003
 -3.70313606
 -3.70551630
 -3.70619726
 -3.70619634
 -3.70649341
 -3.70806038
 -3.71188864
 -3.71901386
 -3.73053766
 -3.74764561
 -3.77162272
 -3.80386651
 -3.84589527
 -3.89931286
 -3.96469295
 -4.03593762
 -4.11297597
 -4.19576252
 -4.28414670
 -4.37469192
 -4.46011899
 -4.53921068
 -4.61135707
 -4.67594286
 -4.73238057
 -4.78027567
 -4.81911811
 -4.84847504
 -4.86812373
 -4.87843842
 -4.88124145
 -4.87932958
 -4.87560943
 -4.87194983
 -4.86922291
 -4.86763248
 -4.86697122
 -4.86689425
 -4.86717460
 -4.86768673
 -4.86845135
 -4.86965942
 -4.87145718
 -4.87395886
 -4.87723239
 -4.88123139
 -4.88576179
 -4.89067843
 -4.89582322
 -4.90088522
 -4.90525791
 -4.90868055
 -4.91075197
 -4.91105481
 -4.90923498
 -4.90504813
 -4.89838343
 -4.88927231
 -4.87785406
 -4.86438461
 -4.84919394
 -4.83268926
 -4.81536278
 -4.79778610
 -4.78060515
 -4.76451439
 -4.75018786
 -4.73815964
 -4.72871171
 -4.72183228
 -4.71728148
 -4.71466342
 -4.71348285
 -4.71318531
