  0.00000000
  0.00000000
  0.09694125
  0.19388017
  0.29081660
  0.38775023
  0.48468051
  0.58160668
  0.67852780
  0.77544286
  0.87235088
  0.96925097
  1.06614202
  1.16302371
  1.25989620
  1.35676021
  1.45361588
  1.55046498
  1.64730986
  1.74415342
  1.84099897
  1.93784992
  2.03470737
  2.13156982
  2.22843420
  2.32530512
  2.42214925
  2.51900022
  2.61585625
  2.71269215
  2.80953561
  2.90638620
  3.00324317
  3.10010247
  3.19696606
  3.29382556
  3.39068519
  3.48757275
  3.58452350
  3.68156267
  3.77871397
  3.87583746
  3.97281788
  4.06940096
  4.16404193
  4.21332667
  4.11218435
  4.00969136
  3.90593895
  3.80100697
  3.69486462
  3.58892970
  3.48775436
  3.38429291
  3.27834595
  3.17004597
  3.06070771
  2.95056121
  2.83971615
  2.72854644
  2.61731226
  2.50634217
  2.39552374
  2.28481707
  2.17424993
  2.06371639
  1.95313458
  1.84237718
  1.73105663
  1.61910433
  1.50743916
  1.39535190
  1.28469172
  1.17421774
  1.06458669
  0.95535346
  0.84603497
  0.73756575
  0.62990827
  0.52317438
  0.41719626
  0.31192601
  0.20729008
  0.10319376
 -0.00047270
 -0.10382622
 -0.20698189
 -0.31004337
 -0.41309306
 -0.51618282
 -0.61932637
 -0.72249353
 -0.82561494
 -0.92859152
 -1.03131978
 -1.13378202
 -1.23722422
 -1.34059392
 -1.44388006
 -1.54712811
 -1.65034820
 -1.75401305
 -1.85796038
 -1.96211331
 -2.06652734
 -2.17110899
 -2.27572034
 -2.38052571
 -2.48548734
 -2.59056496
 -2.69568677
 -2.80063190
 -2.90495180
 -3.00874961
 -3.11205658
 -3.21491543
 -3.31734169
 -3.41929902
 -3.52060068
 -3.62041995
 -3.61974969
 -3.51812987
 -3.41526260
 -3.31208924
 -3.20880748
 -3.10548621
 -3.00216086
 -2.89883400
 -2.79557855
 -2.69233886
 -2.58912650
 -2.48594038
 -2.38275963
 -2.27959050
 -2.17642220
 -2.07324186
 -1.97003597
 -1.86679183
 -1.76349871
 -1.66014852
 -1.55673649
 -1.45326437
 -1.34973459
 -1.24614704
 -1.14250416
 -1.03880863
 -0.93506448
 -0.83127642
 -0.72744899
 -0.62358649
 -0.51969503
 -0.41577999
 -0.31184737
 -0.20790327
 -0.10395288
  0.00000000
