 26.64425428
 26.64425428
 26.64425428
 26.64425428
 26.64425548
 26.64426426
 26.64429560
 26.64437477
 26.64453665
 26.64482260
 26.64527504
 26.64593032
 26.64681036
 26.64791393
 26.64920898
 26.65062636
 26.65205559
 26.65334278
 26.65429256
 26.65467310
 26.65422383
 26.65266514
 26.64970947
 26.64507249
 26.63848846
 26.62972104
 26.61857134
 26.60484981
 26.58846707
 26.56943585
 26.54781909
 26.52386525
 26.49799367
 26.47081772
 26.44314501
 26.41600433
 26.39059365
 26.36811050
 26.34935455
 26.33396432
 26.31960099
 26.30184311
 26.27441017
 26.22936545
 26.15731896
 26.04734877
 25.88377701
 25.66307259
 25.37994223
 25.03229780
 24.62242447
 24.16512431
 23.69971706
 23.21933264
 22.74240558
 22.28244897
 21.85197699
 21.45361228
 21.08646493
 20.74883435
 20.43790502
 20.15147148
 19.88836313
 19.65043519
 19.43978507
 19.25806508
 19.10675143
 18.98692868
 18.89904587
 18.84332741
 18.81697202
 18.81499629
 18.83259327
 18.86494266
 18.90758851
 18.95680646
 19.00949271
 19.06176814
 19.11083613
 19.15473436
 19.19229668
 19.22277389
 19.24576106
 19.26108388
 19.26870937
 19.26867552
 19.26103480
 19.24580776
 19.22294307
 19.19228109
 19.15351912
 19.10617767
 19.04956513
 18.98274317
 18.90448855
 18.81320393
 18.70567108
 18.58055919
 18.43650231
 18.27227592
 18.08701089
 17.87935146
 17.64980826
 17.39975699
 17.13044573
 16.84348326
 16.54054231
 16.22223598
 15.88943653
 15.54271267
 15.18241401
 14.80913478
 14.42418537
 14.02695628
 13.61716930
 13.19462995
 12.75929451
 12.31123428
 11.85071257
 11.37811627
 10.89429558
 10.39891126
  9.91760127
  9.45067896
  8.99821695
  8.56023688
  8.13677461
  7.72779259
  7.33354921
  6.95379683
  6.58855526
  6.23779010
  5.90138641
  5.57928912
  5.27137722
  4.97751186
  4.69754576
  4.43133737
  4.17876613
  3.93974518
  3.71423099
  3.50223199
  3.30379370
  3.11898769
  2.94791449
  2.79068922
  2.64743297
  2.51826128
  2.40327461
  2.30255305
  2.21615668
  2.14412484
  2.08648217
  2.04324296
  2.01441455
  2.00000000
