param dmin := 0.010000000000;
param Nedge :=
1 4
2 4
3 4
4 4
;
param ObsA :=
1 1 1 -0.999997563469
1 1 2 -0.002207500140
1 2 1 0.012344738282
1 2 2 -0.999923800815
1 3 1 0.999950225200
1 3 2 -0.009977330407
1 4 1 0.032591372612
1 4 2 0.999468760108
2 1 1 -0.015165091052
2 1 2 0.999885003395
2 2 1 1.000000000000
2 2 2 0.000000000000
2 3 1 -0.000000000000
2 3 2 -1.000000000000
2 4 1 -0.999200958722
2 4 2 0.039968038349
3 1 1 0.999800059980
3 1 2 0.019996001200
3 2 1 -0.000000000000
3 2 2 -1.000000000000
3 3 1 -1.000000000000
3 3 2 0.000000000000
3 4 1 -0.000000000000
3 4 2 1.000000000000
4 1 1 -0.999800059980
4 1 2 -0.019996001200
4 2 1 -0.005780250256
4 2 2 -0.999983294214
4 3 1 0.999914573723
4 3 2 0.013070778741
4 4 1 0.000000000000
4 4 2 1.000000000000
;
param Obsb :=
1 1 -3.715168674573
1 2 -7.753755308060
1 3 5.603282330976
1 4 30.090749663782
2 1 9.572465445325
2 2 30.000000000000
2 3 -7.824489795918
2 4 -5.388833513381
3 1 10.015058413068
3 2 -0.036734693878
3 3 0.048979591837
3 4 3.710204081633
4 1 -17.287073543209
4 2 -0.136673427472
4 3 29.996957060626
4 4 3.710204081633
;
