  1.51440457
  1.51440457
  1.51440457
  1.51440476
  1.51440495
  1.51440516
  1.51440539
  1.51440565
  1.51440596
  1.51440613
  1.49084617
  1.43698598
  1.37435282
  1.33903539
  1.28684189
  1.18975039
  1.03787919
  0.81820928
  0.64180911
  0.50980263
  0.39028539
  0.28625911
  0.17455313
  0.08245892
  0.03430327
  0.03430315
  0.03430317
  0.03430313
  0.03430310
  0.03430307
  0.03430304
  0.03059285
 -0.02697328
 -0.12267341
 -0.25416119
 -0.41979627
 -0.61850334
 -0.81227096
 -1.02132152
 -1.19941933
 -1.34569212
 -1.45884237
 -1.53704784
 -1.57782340
 -1.57782344
 -1.57782346
 -1.57782349
 -1.57782351
 -1.57782354
 -1.57782356
 -1.63281468
 -1.72473987
 -1.85131153
 -2.01089248
 -2.20078012
 -2.35917022
 -2.48430834
 -2.59745850
 -2.67566393
 -2.71643947
 -2.71643951
 -2.77143069
 -2.84981800
 -2.89069036
 -2.89069039
 -2.89069042
 -2.89069054
 -2.94568182
 -3.04074433
 -3.17334313
 -3.34175158
 -3.54488862
 -3.78220738
 -4.01681045
 -4.21633288
 -4.37708360
 -4.48773791
 -4.54413319
 -4.55412947
 -4.52393800
 -4.45854145
 -4.35181912
 -4.18909848
 -3.98266147
 -3.74576785
 -3.52861536
 -3.33120399
 -3.15353372
 -2.00499069
 -1.86680273
 -1.74835591
 -1.66380694
 -1.61259107
 -1.58491420
 -1.57294504
 -1.57000000
