  0.01155245
  0.01155245
  0.04784719
  0.09381018
  0.14062880
  0.18750042
  0.23437523
  0.28125026
  0.32812512
  0.39761751
  0.47358072
  0.52887777
  0.54952966
  0.61260568
  0.70258274
  0.80204625
  0.91400799
  0.91934397
  0.92359756
  0.92457239
  0.92564654
  0.92513269
  0.92637216
  0.92828193
  1.05455461
  1.10142949
  1.14830448
  1.19517943
  1.24205434
  1.24999986
  1.20668688
  0.92797370
  0.92616222
  0.92364000
  0.92048872
  0.91674063
  0.91734399
  0.91542730
  0.91915690
  0.92236500
  0.92503199
  0.92710535
  0.92848531
  1.24999966
  1.24999997
  1.24999997
  1.24999997
  1.24999997
  1.24999997
  0.92806349
  0.92638181
  0.92403373
  0.92110058
  0.91780731
  0.92121824
  0.92414564
  0.92503198
  0.92710534
  0.92848528
  1.24999993
  0.92806348
  0.92709651
  0.92848282
  1.24696027
  1.20008534
  1.15321047
  0.92806351
  0.92619994
  0.92354893
  0.92020077
  0.91618641
  0.91149366
  0.91189350
  0.91663957
  0.92098416
  0.87727547
  0.77831185
  0.68689385
  0.65940628
  0.64632820
  0.69547653
  0.79610983
  0.80755453
  0.78991789
  0.72409140
  0.65826491
  0.59243842
  0.52661193
  0.46078545
  0.39495895
  0.31554204
  0.23666751
  0.16719910
  0.10530775
  0.05073288
