Ipopt 3.13.4: option_file_name=../public/solver/ipopt.opt

Using option file "../public/solver/ipopt.opt".


******************************************************************************
This program contains Ipopt, a library for large-scale nonlinear optimization.
 Ipopt is released as open source code under the Eclipse Public License (EPL).
         For more information visit https://github.com/coin-or/Ipopt
******************************************************************************

This is Ipopt version 3.13.4, running with linear solver ma27.

Number of nonzeros in equality constraint Jacobian...:    26699
Number of nonzeros in inequality constraint Jacobian.:    13356
Number of nonzeros in Lagrangian Hessian.............:    13905

Total number of variables............................:    10874
                     variables with only lower bounds:     5880
                variables with lower and upper bounds:     1911
                     variables with only upper bounds:        0
Total number of equality constraints.................:     6027
Total number of inequality constraints...............:     2200
        inequality constraints with only lower bounds:      735
   inequality constraints with lower and upper bounds:        0
        inequality constraints with only upper bounds:     1465

iter    objective    inf_pr   inf_du lg(mu)  ||d||  lg(rg) alpha_du alpha_pr  ls
   0  7.7688636e+00 1.26e+00 1.27e+00   0.0 0.00e+00    -  0.00e+00 0.00e+00   0
   1  7.6438145e+00 1.23e+00 1.89e+01  -0.4 1.23e+01    -  1.62e-02 2.13e-02f  1
   2  7.6321764e+00 1.16e+00 2.16e+01  -0.9 2.72e+00    -  5.38e-02 5.95e-02f  1
   3  7.5560349e+00 1.13e+00 2.10e+01  -0.2 1.23e+01    -  5.03e-02 2.59e-02f  1
   4  7.3756587e+00 1.02e+00 5.47e+01  -0.3 6.89e+00    -  8.95e-02 9.67e-02f  1
   5  7.3130659e+00 9.65e-01 8.38e+01  -0.4 3.61e+00    -  1.40e-01 5.20e-02f  1
   6  7.2223127e+00 9.10e-01 1.55e+02  -0.3 4.74e+00    -  1.32e-01 5.68e-02f  1
   7  7.0592283e+00 8.55e-01 3.27e+02   0.0 7.65e+00    -  1.95e-01 6.04e-02f  1
   8  6.7817879e+00 8.22e-01 4.10e+03   0.8 2.65e+01    -  5.09e-01 3.47e-02f  1
   9  6.7941021e+00 7.61e-01 8.07e+03   0.5 7.07e+00    -  2.55e-01 7.38e-02f  1
iter    objective    inf_pr   inf_du lg(mu)  ||d||  lg(rg) alpha_du alpha_pr  ls
  10  6.8108022e+00 6.95e-01 1.16e+04   1.0 1.48e+01    -  1.33e-01 8.62e-02f  1
  11  6.8258885e+00 6.58e-01 1.58e+04   1.1 9.71e+00    -  1.57e-01 5.35e-02f  1
  12  6.8580228e+00 6.26e-01 1.80e+04   1.3 7.68e+00    -  6.66e-02 4.84e-02f  1
  13  6.8864125e+00 6.02e-01 2.31e+04   1.4 7.76e+00    -  5.86e-02 3.80e-02f  1
  14  6.8784444e+00 5.86e-01 3.02e+04   2.0 4.63e+00   2.0 3.34e-02 2.59e-02h  1
  15  6.8791175e+00 5.67e-01 3.17e+04   1.0 5.30e+00   2.4 4.59e-02 3.25e-02h  1
  16  6.8844536e+00 5.38e-01 1.02e+05   1.6 2.90e+00   2.9 1.40e-01 5.05e-02h  1
  17  6.8903342e+00 5.17e-01 2.92e+05   1.9 2.59e+00   3.3 1.22e-01 4.04e-02h  1
  18  6.8948277e+00 5.00e-01 3.14e+05   2.2 4.69e+00   2.8 4.99e-02 3.15e-02h  1
  19  6.9000503e+00 4.95e-01 2.58e+07   3.2 1.61e+01   3.2 8.69e-01 1.05e-02f  1
iter    objective    inf_pr   inf_du lg(mu)  ||d||  lg(rg) alpha_du alpha_pr  ls
  20  6.9367737e+00 4.69e-01 2.63e+07   3.5 1.03e+01    -  6.81e-02 5.18e-02h  1
  21  6.9637758e+00 4.49e-01 2.37e+07  -2.8 1.73e+01   3.7 2.56e-02 4.30e-02h  1
  22  6.9799743e+00 4.36e-01 2.49e+07  -2.8 4.12e+00   4.1 5.18e-02 2.88e-02h  1
  23  7.0006393e+00 4.17e-01 1.86e+07   3.5 3.22e+00   4.5 2.26e-02 4.34e-02h  1
  24  7.0055831e+00 4.06e-01 1.47e+07  -2.8 2.56e+00   4.9 1.34e-02 2.65e-02h  1
  25  7.0067084e+00 3.99e-01 1.59e+07   3.5 3.37e+00   5.4 3.52e-02 1.81e-02h  1
  26  7.0066379e+00 3.95e-01 1.66e+07   2.5 4.24e+00   4.9 2.92e-02 8.52e-03h  1
  27  7.0087468e+00 3.86e-01 1.75e+07   3.5 3.58e+00   5.3 2.87e-02 2.29e-02h  1
  28  7.0101997e+00 3.81e-01 1.71e+07  -2.8 6.82e+00   4.8 1.93e-02 1.37e-02h  1
  29  7.0187428e+00 3.59e-01 1.71e+07   3.5 3.98e+00   5.3 6.10e-02 5.66e-02h  1
iter    objective    inf_pr   inf_du lg(mu)  ||d||  lg(rg) alpha_du alpha_pr  ls
  30  7.0202782e+00 3.57e-01 2.24e+07   3.5 3.96e+00   5.7 1.69e-02 7.67e-03h  1
  31  7.0239805e+00 3.52e-01 1.62e+07   1.9 1.41e+01   5.2 6.21e-02 1.17e-02h  1
  32  7.0268881e+00 3.49e-01 1.75e+08   3.5 4.09e+00   5.6 1.50e-01 1.02e-02h  1
  33  7.0489621e+00 3.28e-01 1.68e+08   3.5 6.20e+00   5.2 2.75e-02 5.96e-02h  1
  34  7.0736918e+00 3.12e-01 1.61e+08   3.5 2.56e+00   4.7 6.76e-02 5.00e-02h  1
  35  7.0893140e+00 3.00e-01 1.82e+08   3.5 3.12e+00   5.1 9.20e-02 3.69e-02h  1
  36  7.1082620e+00 2.89e-01 1.67e+08  -2.7 9.09e+00   4.6 8.63e-03 3.69e-02h  1
  37  7.1236007e+00 2.78e-01 1.47e+08   3.5 9.94e+00   5.0 2.65e-02 3.77e-02h  1
  38  7.1247343e+00 2.78e-01 5.89e+08   3.5 3.90e+00   5.5 1.21e-01 2.49e-03h  1
  39  7.1285495e+00 2.75e-01 7.51e+08   3.5 1.10e+01   5.0 7.07e-02 8.41e-03h  1
iter    objective    inf_pr   inf_du lg(mu)  ||d||  lg(rg) alpha_du alpha_pr  ls
  40  7.1311741e+00 2.74e-01 7.59e+08   3.5 1.68e+02   4.5 2.24e-03 3.65e-03h  1
  41  7.1421065e+00 2.66e-01 7.33e+08   3.5 1.40e+01   4.9 3.12e-02 2.92e-02h  1
  42  7.1459818e+00 2.63e-01 7.35e+08  -2.6 1.70e+01   4.5 2.22e-03 1.02e-02h  1
  43  7.1460150e+00 2.63e-01 6.46e+08   2.7 7.26e+00   4.9 4.93e-02 5.03e-04h  1
  44  7.1503353e+00 2.57e-01 3.01e+09   2.8 3.08e+00   5.3 1.66e-01 2.22e-02h  1
  45  7.1608793e+00 2.51e-01 5.32e+08  -2.7 5.01e+00   4.8 9.15e-04 2.38e-02h  1
  46  7.1625549e+00 2.44e-01 2.64e+09  -2.7 2.03e+01   5.3 4.13e-03 3.01e-02h  1
  47  7.1635339e+00 2.43e-01 9.44e+09   3.0 1.08e+01   4.8 1.11e-01 3.69e-03h  1
  48  7.1722868e+00 2.33e-01 1.40e+09   3.5 9.21e+00   5.2 7.39e-04 3.86e-02h  1
  49  7.1725854e+00 2.33e-01 2.34e+09   3.5 9.96e+00   4.7 4.30e-03 1.28e-03h  1
iter    objective    inf_pr   inf_du lg(mu)  ||d||  lg(rg) alpha_du alpha_pr  ls
  50  7.1841590e+00 2.27e-01 9.79e+09   3.5 9.96e+00   5.2 1.99e-03 2.64e-02h  1
  51  7.1851293e+00 2.27e-01 7.78e+08   2.9 8.64e+00   5.6 1.31e-02 2.23e-03h  1
  52  7.1927370e+00 2.22e-01 5.48e+09   3.5 1.55e+01   5.1 2.19e-03 2.04e-02h  1
  53  7.1951361e+00 2.20e-01 7.54e+08  -2.7 3.18e+01   5.5 1.57e-02 6.44e-03h  1
  54  7.1990437e+00 2.18e-01 3.50e+09   3.5 2.28e+01   6.0 8.98e-03 1.22e-02h  1
  55  7.2006736e+00 2.16e-01 7.22e+09  -2.7 8.42e+00   6.4 3.56e-03 6.49e-03h  1
  56  7.2016712e+00 2.15e-01 7.24e+09   3.5 6.61e+00   5.9 2.10e-03 4.16e-03h  1
  57  7.2030499e+00 2.15e-01 1.31e+10   3.5 1.66e+01   5.4 2.38e-02 2.90e-03h  1
  58  7.2033626e+00 2.14e-01 1.33e+10   3.5 7.65e+00   5.9 9.69e-04 2.27e-03h  1
  59  7.2040219e+00 2.13e-01 1.47e+10   3.5 7.14e+00   6.3 2.95e-03 4.69e-03h  1
iter    objective    inf_pr   inf_du lg(mu)  ||d||  lg(rg) alpha_du alpha_pr  ls
  60  7.2041321e+00 2.13e-01 9.42e+09  -2.7 2.14e+01   6.7 6.63e-06 2.87e-04h  1
  61  7.2045855e+00 2.13e-01 2.25e+09   3.5 6.57e+00   8.0 2.25e-03 3.32e-03h  1
  62  7.2052786e+00 2.12e-01 1.85e+09   3.5 3.53e+00   7.6 4.44e-03 4.66e-03h  1
  63  7.2066167e+00 2.10e-01 4.67e+09   3.5 5.37e+00   7.1 2.63e-02 7.29e-03h  1
  64  7.2122374e+00 2.05e-01 5.75e+09   3.5 5.69e+00   6.6 1.32e-02 2.51e-02h  1
  65  7.2129881e+00 2.04e-01 6.32e+09   2.0 3.56e+00   6.1 5.77e-02 2.91e-03h  1
  66  7.2195546e+00 2.01e-01 5.97e+09   3.5 1.02e+01   5.7 1.66e-03 1.66e-02h  1
  67  7.2248105e+00 1.97e-01 8.03e+09   3.5 4.96e+00   6.1 6.19e-02 2.06e-02h  1
  68  7.2311560e+00 1.93e-01 8.24e+09   3.5 3.23e+00   5.6 3.48e-02 2.01e-02h  1
  69  7.2352326e+00 1.89e-01 1.48e+10   3.0 5.29e+00   6.0 9.15e-02 1.85e-02h  1
iter    objective    inf_pr   inf_du lg(mu)  ||d||  lg(rg) alpha_du alpha_pr  ls
  70  7.2357597e+00 1.89e-01 2.93e+10   3.5 2.60e+00   6.5 5.02e-02 2.30e-03h  1
  71  7.2448080e+00 1.84e-01 2.69e+10   3.5 4.26e+00   6.0 1.21e-02 2.59e-02h  1
  72  7.2455307e+00 1.83e-01 3.56e+10  -2.7 4.26e+00   6.4 2.72e-02 2.20e-03h  1
  73  7.2585927e+00 1.78e-01 3.17e+10   3.5 7.65e+00   5.9 4.05e-03 2.71e-02h  1
  74  7.2597742e+00 1.78e-01 4.14e+10  -2.7 8.57e+00   6.4 2.61e-02 2.74e-03h  1
  75  7.2683918e+00 1.76e-01 3.90e+10   3.5 1.72e+01   5.9 3.05e-03 1.24e-02h  1
  76  7.2693756e+00 1.75e-01 5.46e+10  -2.7 1.34e+01   6.3 2.03e-02 1.98e-03h  1
  77  7.2800598e+00 1.73e-01 5.15e+10   3.5 2.04e+01   5.8 1.16e-03 1.24e-02h  1
  78  7.2845447e+00 1.72e-01 5.28e+10   3.5 1.80e+01   6.3 9.14e-03 6.04e-03h  1
  79  7.2866917e+00 1.72e-01 9.99e+10   2.3 1.58e+01   6.7 3.52e-02 3.42e-03h  1
iter    objective    inf_pr   inf_du lg(mu)  ||d||  lg(rg) alpha_du alpha_pr  ls
  80  7.2877273e+00 1.71e-01 1.01e+11   3.5 4.40e+01   6.2 5.09e-03 1.55e-03h  1
  81  7.2880033e+00 1.71e-01 1.23e+11   2.7 2.13e+01   6.6 9.80e-03 6.36e-04h  1
  82  7.2897557e+00 1.70e-01 1.04e+11   3.5 1.96e+01   7.1 1.14e-03 4.44e-03h  1
  83  7.2899955e+00 1.70e-01 1.00e+11   3.5 1.44e+02   6.6 2.53e-03 1.47e-03h  1
  84  7.2913858e+00 1.70e-01 1.02e+11   3.5 3.42e+01   7.0 5.47e-03 3.73e-03h  1
  85  7.2918831e+00 1.69e-01 4.82e+11   3.5 3.14e+01   7.4 1.47e-03 4.93e-04h  1
  86  7.2963902e+00 1.69e-01 3.50e+11   3.5 4.61e+01   7.0 8.65e-05 3.66e-03h  1
  87  7.2966183e+00 1.69e-01 3.56e+11   3.5 1.79e+02   6.5 1.61e-04 2.42e-04f  1
  88  7.2998327e+00 1.68e-01 3.90e+11   3.5 5.21e+01   6.9 5.35e-03 2.08e-03h  1
  89  7.2998676e+00 1.68e-01 9.32e+11   3.5 4.74e+01   6.4 3.18e-03 2.29e-05h  1
iter    objective    inf_pr   inf_du lg(mu)  ||d||  lg(rg) alpha_du alpha_pr  ls
  90  7.3002911e+00 1.68e-01 1.30e+12   3.0 7.33e+01   6.9 9.74e-04 3.90e-04h  1
  91  7.3012410e+00 1.68e-01 1.11e+12   3.5 2.26e+02   6.4 8.73e-05 8.68e-04h  2
  92  7.3023969e+00 1.68e-01 1.32e+12   3.5 1.34e+02   6.8 1.63e-03 1.18e-03h  1
  93  7.3026102e+00 1.68e-01 2.51e+12  -2.7 1.63e+02   7.2 2.03e-03 2.51e-04h  1
  94  7.3026986e+00 1.68e-01 2.44e+12   3.5 5.17e+01   7.7 3.22e-05 7.32e-05h  1
  95  7.3029390e+00 1.68e-01 2.08e+12   3.5 3.65e+01   8.1 1.02e-04 1.97e-04h  1
  96  7.3040071e+00 1.68e-01 3.44e+12   3.5 6.23e+01   7.6 1.98e-03 8.72e-04h  1
  97  7.3041825e+00 1.67e-01 4.66e+12   3.5 3.58e+01   8.0 1.46e-05 3.23e-03h  1
  98  7.3038962e+00 1.67e-01 4.77e+12   3.5 3.44e+01   8.5 2.49e-04 2.89e-04h  1
  99  7.3038122e+00 1.67e-01 6.71e+12   3.5 2.04e+01   8.9 1.67e-05 1.89e-04h  1
iter    objective    inf_pr   inf_du lg(mu)  ||d||  lg(rg) alpha_du alpha_pr  ls
 100  7.3037941e+00 1.67e-01 6.41e+12   3.5 4.22e+01   8.4 1.75e-04 1.57e-05h  1
 101  7.3034913e+00 1.67e-01 1.20e+13   3.5 2.04e+01   8.8 2.68e-06 5.85e-04h  1
 102  7.3030215e+00 1.67e-01 1.20e+13   3.5 6.79e+01   8.4 1.29e-04 2.41e-04h  1
 103  7.3027844e+00 1.67e-01 5.05e+12   3.5 2.47e+01   8.8 1.34e-03 4.22e-04h  1
 104r 7.3027844e+00 1.67e-01 1.00e+03   3.5 0.00e+00   8.3 0.00e+00 3.85e-07R  3
 105r 7.3071985e+00 1.34e-01 4.00e+01  -2.6 3.47e+00    -  9.60e-01 9.71e-01f  1
 106  7.3072244e+00 1.34e-01 2.38e+02   0.5 5.76e+02    -  6.32e-05 3.96e-07f  1
 107  7.3079643e+00 1.34e-01 2.39e+03   0.5 2.76e+02    -  4.61e-04 3.65e-05f  1
 108  7.3175497e+00 1.34e-01 9.09e+03   0.5 7.16e+01    -  1.72e-03 7.74e-04f  1
 109  7.3250742e+00 1.34e-01 2.74e+05   0.5 4.25e+01    -  1.37e-02 8.49e-04f  1
iter    objective    inf_pr   inf_du lg(mu)  ||d||  lg(rg) alpha_du alpha_pr  ls
 110  7.3421968e+00 1.34e-01 5.58e+05   0.5 4.55e+01    -  9.03e-03 4.21e-03f  1
 111  7.3486599e+00 1.33e-01 6.09e+05   0.5 2.95e+01    -  4.84e-03 3.85e-03h  1
 112  7.3428087e+00 1.33e-01 7.69e+05   0.5 1.46e+02    -  4.29e-04 1.44e-03f  1
 113  7.3422958e+00 1.33e-01 1.09e+06   0.5 5.25e+01    -  3.01e-03 1.42e-03f  1
 114  7.3418368e+00 1.33e-01 2.88e+06   0.5 1.85e+02    -  1.15e-03 9.10e-05h  1
 115  7.3271100e+00 1.32e-01 1.58e+06   0.5 1.13e+02    -  5.98e-05 4.32e-03f  1
 116  7.3333824e+00 1.32e-01 1.51e+06   0.5 3.69e+01    -  2.88e-03 3.82e-03h  1
 117  7.3342401e+00 1.32e-01 1.66e+06   0.5 4.22e+01    -  2.94e-03 5.07e-04h  1
 118  7.3369775e+00 1.31e-01 1.51e+06   0.5 7.65e+01    -  7.60e-04 1.59e-03f  1
 119  7.3417692e+00 1.31e-01 1.37e+06   0.5 8.51e+01    -  2.51e-03 3.24e-03f  1
iter    objective    inf_pr   inf_du lg(mu)  ||d||  lg(rg) alpha_du alpha_pr  ls
 120  7.3421924e+00 1.31e-01 1.47e+06   0.5 1.10e+02    -  2.59e-04 1.43e-04h  1
 121  7.3438567e+00 1.31e-01 1.90e+06   0.5 1.12e+02    -  9.94e-04 6.32e-04h  1
 122  7.3439640e+00 1.30e-01 1.61e+06   0.5 2.06e+02    -  6.08e-04 2.30e-03h  1
 123  7.3471936e+00 1.30e-01 3.41e+06   0.5 1.60e+02    -  4.09e-04 1.01e-03h  1
 124  7.3497897e+00 1.30e-01 8.68e+06   0.5 1.86e+02    -  2.29e-03 4.41e-04h  1
 125  7.3504159e+00 1.30e-01 1.34e+07   0.5 4.18e+02    -  2.91e-04 3.78e-05h  1
 126  7.3740017e+00 1.30e-01 1.48e+07   0.5 5.57e+02    -  8.50e-04 7.89e-04h  1
 127r 7.3740017e+00 1.30e-01 1.00e+03   0.5 0.00e+00   7.8 0.00e+00 3.13e-07R  5
 128r 7.4286427e+00 9.75e-02 2.08e+03   0.4 8.91e+00    -  5.85e-02 2.19e-02f  1
 129  7.4306790e+00 9.62e-02 1.39e+01  -5.4 3.00e-01    -  1.86e-01 1.31e-02h  1
iter    objective    inf_pr   inf_du lg(mu)  ||d||  lg(rg) alpha_du alpha_pr  ls
 130  7.4316596e+00 9.58e-02 5.53e+01  -1.6 2.03e+00    -  3.12e-02 4.42e-03f  1
 131  7.4370139e+00 9.34e-02 3.01e+02  -1.6 1.12e+00    -  1.36e-01 2.52e-02f  1
 132  7.4477811e+00 8.74e-02 3.36e+02  -1.7 1.11e+00    -  7.21e-02 6.44e-02h  1
 133  7.4488376e+00 8.65e-02 1.26e+04  -1.7 1.91e+00    -  1.78e-01 9.83e-03h  1
 134  7.4485345e+00 8.62e-02 2.74e+04  -1.6 7.52e+00    -  7.97e-03 3.83e-03h  1
 135  7.4436743e+00 8.61e-02 2.50e+05  -0.5 1.15e+02    -  7.07e-03 1.51e-03h  1
 136  7.4133462e+00 8.54e-02 2.59e+04  -1.1 1.28e+02    -  2.07e-03 7.76e-03h  1
 137  7.4113677e+00 8.53e-02 6.07e+06   0.5 2.70e+02    -  2.35e-02 9.02e-04f  1
 138  7.4141350e+00 8.52e-02 1.14e+07   0.5 1.89e+02    -  2.94e-03 1.43e-03h  1
 139  7.4154663e+00 8.52e-02 3.21e+07   0.1 4.31e+02    -  9.99e-04 2.50e-04h  1
iter    objective    inf_pr   inf_du lg(mu)  ||d||  lg(rg) alpha_du alpha_pr  ls
 140  7.4163337e+00 8.52e-02 3.20e+07   2.3 4.41e+04    -  2.39e-05 2.00e-05f  1
 141  7.4160451e+00 8.52e-02 3.38e+07   0.2 4.28e+02    -  1.35e-04 1.49e-05h  1
 142  7.4156146e+00 8.52e-02 3.64e+07   0.2 2.06e+02    -  9.88e-05 4.38e-05h  1
 143  7.4150850e+00 8.52e-02 3.83e+07   0.2 2.96e+02    -  1.44e-04 1.17e-04h  1
 144  7.4156653e+00 8.52e-02 1.21e+08   0.2 4.41e+02    -  5.55e-04 7.10e-05h  1
 145  7.4168402e+00 8.51e-02 2.72e+08   0.2 1.09e+03    -  3.93e-04 1.09e-04h  1
 146  7.4175343e+00 8.51e-02 7.05e+08   0.2 3.00e+03    -  2.80e-04 6.71e-05h  1
 147  7.4161347e+00 8.51e-02 1.50e+09   0.2 1.21e+03    -  1.11e-04 1.63e-05h  1
 148r 7.4161347e+00 8.51e-02 1.00e+03   0.2 0.00e+00    -  0.00e+00 2.80e-07R  9
 149r 7.4238325e+00 7.93e-02 2.21e+03   0.2 1.21e+02    -  6.56e-02 3.50e-03f  1
iter    objective    inf_pr   inf_du lg(mu)  ||d||  lg(rg) alpha_du alpha_pr  ls
 150  7.4239917e+00 7.92e-02 2.74e+01  -5.4 4.47e-01    -  3.65e-02 1.32e-03h  1
 151  7.4244148e+00 7.89e-02 3.47e+01  -5.5 9.32e-01    -  5.44e-03 4.10e-03h  1
 152  7.4245688e+00 7.88e-02 4.53e+01  -5.5 9.44e-01    -  3.08e-03 1.34e-03h  1
 153  7.4245842e+00 7.87e-02 4.79e+01  -5.5 1.04e+00    -  2.60e-03 1.33e-04h  1
 154  7.4252212e+00 7.83e-02 4.55e+01  -5.5 1.05e+00    -  3.20e-03 5.42e-03h  1
 155  7.4253144e+00 7.83e-02 9.22e+01  -5.5 1.06e+00    -  3.24e-03 7.82e-04h  1
 156  7.4253136e+00 7.82e-02 1.86e+04  -1.6 7.61e+00    -  1.28e-02 1.68e-04f  1
 157  7.4254122e+00 7.82e-02 9.19e+06  -1.4 3.69e+00    -  6.95e-02 1.43e-04h  1
 158  7.4268668e+00 7.82e-02 1.73e+08   1.6 4.78e+02    -  1.26e-03 2.56e-05h  1
 159  7.4266684e+00 7.82e-02 4.92e+08  -0.5 9.12e+02    -  2.26e-04 2.22e-05h  3
iter    objective    inf_pr   inf_du lg(mu)  ||d||  lg(rg) alpha_du alpha_pr  ls
 160  7.4342254e+00 7.82e-02 4.91e+08   2.5 5.44e+03    -  8.47e-05 8.47e-05s  9
 161  7.4313736e+00 7.82e-02 1.11e+09   0.4 4.35e+03    -  4.95e-05 1.53e-05h  2
 162r 7.4313736e+00 7.82e-02 1.00e+03   0.4 0.00e+00    -  0.00e+00 2.91e-07R  7
 163r 7.5158450e+00 3.59e-02 3.47e+03   0.1 3.77e+00    -  1.84e-01 5.99e-02f  1
 164  7.5168866e+00 3.54e-02 4.86e+00  -5.4 1.45e-01    -  7.70e-02 1.55e-02h  1
 165  7.5176226e+00 3.50e-02 4.29e+01  -5.5 5.42e-01    -  7.32e-02 9.53e-03h  1
 166  7.5188210e+00 3.44e-02 4.49e+01  -5.5 7.46e-01    -  2.76e-02 1.77e-02h  1
 167  7.5189794e+00 3.43e-02 6.32e+01  -5.5 7.86e-01    -  3.90e-02 2.89e-03h  1
 168  7.5205546e+00 3.31e-02 6.31e+01  -5.5 8.17e-01    -  3.74e-02 3.51e-02h  1
 169  7.5208886e+00 3.29e-02 7.28e+01  -1.7 2.71e+00    -  1.31e-02 6.01e-03f  1
iter    objective    inf_pr   inf_du lg(mu)  ||d||  lg(rg) alpha_du alpha_pr  ls
 170  7.5214939e+00 3.23e-02 1.42e+02  -1.7 1.69e+00    -  5.55e-02 1.99e-02f  1
 171  7.5256125e+00 3.12e-02 3.89e+02  -1.7 2.23e+00    -  6.53e-02 3.29e-02f  1
 172  7.5279810e+00 3.08e-02 2.53e+03  -1.7 1.96e+00    -  6.22e-02 1.35e-02h  1
 173  7.5288770e+00 3.06e-02 1.74e+04  -1.7 4.09e+00    -  2.92e-02 5.52e-03h  1
 174  7.5294147e+00 3.06e-02 6.31e+05  -0.4 3.50e+01    -  2.75e-02 1.09e-03h  1
 175  7.5274621e+00 3.05e-02 8.07e+05  -5.7 3.73e+01    -  1.75e-03 1.06e-03h  1
 176  7.5262213e+00 3.05e-02 3.72e+06   0.6 1.15e+02    -  4.10e-03 8.77e-04h  1
 177  7.5246888e+00 3.05e-02 1.25e+07   0.2 9.26e+01    -  2.77e-03 5.45e-04h  1
 178  7.5281654e+00 3.05e-02 1.61e+07   1.0 4.31e+02    -  4.55e-04 3.11e-04h  1
 179  7.5358771e+00 3.05e-02 4.18e+07   1.3 1.23e+03    -  5.09e-04 1.79e-04h  1
iter    objective    inf_pr   inf_du lg(mu)  ||d||  lg(rg) alpha_du alpha_pr  ls
 180  7.5472701e+00 3.05e-02 9.93e+07   2.0 2.35e+03    -  2.66e-04 1.08e-04h  1
 181  7.5498696e+00 3.05e-02 9.85e+08   2.3 7.39e+02    -  5.60e-04 6.78e-05h  1
 182r 7.5498696e+00 3.05e-02 1.00e+03   2.4 0.00e+00    -  0.00e+00 2.95e-07R  8
 183r 7.6059132e+00 1.80e-02 4.33e+02  -3.9 2.58e-01    -  5.80e-01 9.45e-01f  1
 184  7.6059092e+00 1.80e-02 1.48e+01  -5.4 9.99e-01    -  2.68e-03 1.80e-04h  1
 185  7.6059163e+00 1.80e-02 2.05e+02  -5.4 1.48e+00    -  1.13e-03 8.04e-05h  1
 186  7.6059199e+00 1.80e-02 1.73e+02  -5.4 1.53e+00    -  2.75e-05 3.23e-05h  1
 187  7.6059141e+00 1.80e-02 1.02e+04  -1.5 4.84e+01    -  1.38e-04 2.39e-06f  1
 188r 7.6059141e+00 1.80e-02 1.00e+03  -1.3 0.00e+00    -  0.00e+00 2.90e-07R  4
 189r 7.6059512e+00 1.77e-02 1.04e+03  -5.8 6.61e+00    -  2.72e-03 5.04e-05f  1
iter    objective    inf_pr   inf_du lg(mu)  ||d||  lg(rg) alpha_du alpha_pr  ls
 190r 7.6084164e+00 9.58e-03 1.00e+03  -1.1 1.67e+01    -  7.63e-04 2.85e-03f  1
 191  7.6084105e+00 9.58e-03 4.44e+02  -5.4 2.19e-01    -  1.65e-01 3.71e-04h  1
 192  7.6083844e+00 9.58e-03 2.71e+04  -1.4 3.45e+00    -  7.97e-03 1.76e-04h  1
 193  7.6079155e+00 9.57e-03 1.49e+04  -1.4 1.94e+01    -  7.25e-04 1.20e-03h  1
 194  7.6056759e+00 9.55e-03 2.20e+04  -0.6 4.82e+01    -  1.18e-03 2.12e-03f  1
 195  7.6056125e+00 9.53e-03 2.35e+04  -0.9 3.95e+01    -  2.83e-03 1.51e-03h  1
 196  7.6063322e+00 9.53e-03 3.68e+04  -5.5 3.28e+01    -  8.42e-04 4.65e-04h  1
 197  7.6073281e+00 9.51e-03 6.36e+03  -1.6 3.45e+01    -  7.17e-04 1.80e-03h  1
 198  7.6087473e+00 9.50e-03 4.83e+03   0.3 1.37e+02    -  7.43e-04 8.22e-04f  1
 199  7.6194407e+00 1.13e-02 2.46e+04   0.4 9.73e+01    -  2.48e-03 2.88e-03f  1
iter    objective    inf_pr   inf_du lg(mu)  ||d||  lg(rg) alpha_du alpha_pr  ls
 200  7.6207968e+00 1.15e-02 2.83e+05   0.4 5.30e+01    -  7.48e-03 6.83e-04f  1
 201  7.6407234e+00 6.48e-01 1.35e+05   0.4 9.86e+01    -  4.98e-03 8.40e-03f  1
 202  7.6533929e+00 6.36e-01 7.13e+04   0.4 3.27e+01    -  2.96e-03 3.84e-03f  2
 203  7.6682850e+00 6.19e-01 1.12e+05   0.4 4.17e+01    -  5.63e-03 4.86e-03f  1
 204  7.6732878e+00 6.05e-01 5.91e+05   0.4 1.86e+01    -  2.20e-04 4.98e-03f  1
 205  7.6741570e+00 5.71e-01 6.90e+05   0.4 1.29e+01    -  6.51e-03 1.05e-02f  1
 206  7.6781948e+00 5.66e-01 7.38e+05   0.4 1.17e+02    -  6.77e-04 2.50e-03f  1
 207  7.6782114e+00 5.66e-01 3.66e+06   0.4 2.06e-01   7.3 6.66e-03 1.20e-03h  1
 208  7.6782163e+00 5.65e-01 3.53e+06   0.4 6.78e-01   6.9 1.27e-04 3.41e-04h  1
 209  7.6783093e+00 5.62e-01 2.72e+07   0.4 7.71e-01   6.4 1.33e-03 6.34e-03f  1
iter    objective    inf_pr   inf_du lg(mu)  ||d||  lg(rg) alpha_du alpha_pr  ls
 210  7.6783490e+00 5.61e-01 2.34e+07   0.4 6.72e-01   5.9 5.93e-03 2.44e-03h  1
 211  7.6784241e+00 5.59e-01 3.19e+07   0.4 5.81e-01   5.4 2.59e-02 4.03e-03h  1
 212  7.6785499e+00 5.57e-01 3.70e+07   0.4 6.33e-01   5.0 1.34e-02 5.45e-03h  1
 213  7.6787757e+00 5.52e-01 3.00e+07   0.4 1.02e+00   4.5 1.77e-03 1.14e-02h  1
 214  7.6787775e+00 5.52e-01 3.41e+07   0.4 2.03e-01   5.8 4.38e-01 1.17e-04h  1
 215  7.6790551e+00 5.44e-01 3.47e+07   0.4 4.61e-01   5.3 3.80e-02 1.66e-02h  1
 216  7.6794367e+00 5.35e-01 2.23e+07   0.4 4.92e-01   4.9 9.80e-02 2.09e-02h  1
 217  7.6797771e+00 5.27e-01 7.94e+06   0.4 1.04e+00   4.4 1.84e-01 2.16e-02h  1
 218  7.6803340e+00 5.19e-01 7.71e+06   0.4 2.13e+00   3.9 2.99e-02 2.25e-02h  1
 219  7.6804643e+00 5.16e-01 7.64e+06   0.4 1.36e+00   4.3 8.11e-03 7.49e-03h  1
iter    objective    inf_pr   inf_du lg(mu)  ||d||  lg(rg) alpha_du alpha_pr  ls
 220  7.6807829e+00 5.08e-01 7.53e+06   0.4 1.99e+00   3.9 7.17e-03 2.55e-02h  1
 221  7.6809076e+00 5.06e-01 8.08e+06   0.4 1.40e+00   4.3 6.38e-02 6.91e-03h  1
 222  7.6811758e+00 5.05e-01 7.99e+06   0.4 2.46e+01   3.8 2.17e-03 3.19e-03f  1
 223  7.6816015e+00 4.96e-01 9.87e+06   0.4 1.54e+00   4.2 1.61e-01 2.59e-02h  1
 224  7.6820014e+00 4.89e-01 1.89e+07   1.5 2.00e+00   3.8 3.51e-01 2.15e-02f  1
 225  7.6822272e+00 4.72e-01 1.80e+07   1.1 1.69e+00   4.2 6.88e-02 4.70e-02h  1
 226  7.6822593e+00 4.70e-01 1.70e+07  -4.9 5.24e+00   3.7 8.47e-04 3.94e-03h  1
 227  7.6821953e+00 4.70e-01 8.05e+08   2.7 1.70e+00   5.0 1.00e+00 2.22e-03f  1
 228  7.6825671e+00 4.68e-01 8.79e+08  -3.3 8.21e+00    -  3.06e-02 2.72e-03h  1
 229  7.6665658e+00 4.46e-01 9.62e+08   3.5 1.32e+01    -  6.49e-02 2.96e-02f  1
iter    objective    inf_pr   inf_du lg(mu)  ||d||  lg(rg) alpha_du alpha_pr  ls
 230  7.6548249e+00 4.22e-01 8.58e+08   3.5 1.07e+01    -  1.46e-02 3.02e-02f  1
 231  7.6531345e+00 4.13e-01 7.48e+08   3.5 8.55e+00    -  2.02e-02 1.33e-02f  1
 232  7.6505615e+00 4.08e-01 1.22e+09   3.5 2.68e+00    -  8.19e-02 7.97e-03f  1
 233  7.6471813e+00 4.01e-01 1.24e+09   3.5 1.01e+01    -  1.59e-02 9.73e-03f  1
 234  7.6466148e+00 3.95e-01 1.79e+09   3.5 5.67e+00   4.6 2.67e-02 9.51e-03f  1
 235  7.6488981e+00 3.88e-01 1.64e+09  -3.0 2.32e+01    -  3.09e-03 1.58e-02h  2
 236  7.6491506e+00 3.83e-01 1.66e+09   3.2 5.42e+01    -  1.24e-02 7.38e-03f  2
 237  7.6497943e+00 3.79e-01 1.79e+09   2.9 3.09e+01    -  2.57e-02 8.00e-03h  2
 238  7.6501434e+00 3.74e-01 1.77e+09   2.9 1.11e+01    -  8.57e-03 1.05e-02f  2
 239  7.6338643e+00 3.55e-01 2.09e+09   3.5 1.34e+01    -  7.76e-03 2.79e-02f  1
iter    objective    inf_pr   inf_du lg(mu)  ||d||  lg(rg) alpha_du alpha_pr  ls
 240  7.6311400e+00 3.33e-01 1.81e+09   2.1 2.37e+00    -  9.19e-02 4.95e-02h  1
 241  7.6023674e+00 2.63e-01 1.27e+09   2.9 1.70e+00    -  2.55e-01 1.48e-01f  1
 242  7.6212148e+00 2.11e-01 1.07e+09  -3.0 2.14e+00    -  1.59e-01 1.53e-01h  1
 243  7.6365255e+00 2.11e-01 1.06e+09  -3.1 3.93e+02    -  7.13e-04 1.75e-04h  3
 244  7.6815813e+00 2.02e-01 1.01e+09   2.0 5.74e+00    -  4.39e-02 2.82e-02f  1
 245  7.7101919e+00 1.95e-01 9.87e+08   2.9 1.42e+01    -  1.80e-02 1.71e-02f  1
 246  7.7285355e+00 9.21e-02 6.34e+08   2.6 6.11e-01   4.1 3.58e-01 3.61e-01h  1
 247  7.8658796e+00 5.49e-02 5.26e+08   2.9 3.44e+00    -  1.62e-01 1.36e-01f  1
 248  7.8957501e+00 2.42e-01 4.57e+08   2.6 5.96e+00    -  1.28e-01 1.21e-01f  1
 249  7.9059183e+00 1.66e-02 4.34e+08   2.7 4.37e+00    -  6.32e-02 1.15e-01f  1
iter    objective    inf_pr   inf_du lg(mu)  ||d||  lg(rg) alpha_du alpha_pr  ls
 250  7.9228931e+00 1.07e-02 3.33e+08   1.1 1.04e+00    -  2.56e-01 3.59e-01h  1
 251  7.9364920e+00 8.12e-03 3.35e+08  -3.3 1.45e+00    -  9.88e-02 6.25e-01h  1
 252  7.9371267e+00 4.88e-03 1.76e+08  -3.4 2.86e-01   3.6 4.72e-01 4.01e-01h  1
 253  7.9418407e+00 1.63e-03 1.65e+08  -3.7 2.49e-01    -  1.03e-01 6.83e-01h  1
 254  7.9419626e+00 1.02e-03 1.46e+07   0.2 7.88e-02   3.1 9.14e-01 3.72e-01h  1
 255  7.9431432e+00 3.62e-04 8.71e+06   0.4 9.49e-02   2.6 8.91e-01 7.82e-01h  1
 256  7.9432602e+00 8.63e-05 6.70e+07  -5.4 1.29e-02   2.2 7.01e-01 8.96e-01h  1
 257  7.9426620e+00 1.93e-05 5.58e+07  -5.9 2.00e-03   1.7 9.67e-01 7.77e-01h  1
 258  7.9374652e+00 2.49e-06 2.35e+04  -2.6 1.20e-02   1.2 1.00e+00 1.00e+00h  1
 259  7.7392526e+00 3.67e-03 6.01e+04  -2.6 1.61e+00    -  2.98e-01 3.06e-01f  1
iter    objective    inf_pr   inf_du lg(mu)  ||d||  lg(rg) alpha_du alpha_pr  ls
 260  7.7213882e+00 5.20e-05 4.47e+02  -3.3 3.95e-02   0.7 1.00e+00 1.00e+00h  1
 261  7.6730543e+00 1.98e-04 1.69e+01  -3.7 1.11e-01   0.3 1.00e+00 1.00e+00f  1
 262  7.6062539e+00 3.48e-04 1.69e+04  -4.1 2.75e-01  -0.2 1.00e+00 6.08e-01f  1
 263  7.5548708e+00 4.22e-04 1.15e+04  -4.1 5.16e-01  -0.7 1.00e+00 2.71e-01f  1
 264  7.4655180e+00 8.99e-04 5.59e+03  -3.9 8.35e-01  -1.2 1.00e+00 3.11e-01f  1
 265  7.4449013e+00 8.98e-05 9.40e+02  -4.3 6.63e-02   0.2 1.00e+00 9.45e-01h  1
 266  7.4419925e+00 2.42e-07 8.47e-01  -5.2 5.09e-03   1.5 1.00e+00 1.00e+00h  1
 267  7.4369191e+00 9.47e-07 3.65e+02  -5.9 1.38e-02   1.0 1.00e+00 7.24e-01f  1
 268  7.4337416e+00 7.66e-07 2.70e+02  -6.0 3.09e-02   0.5 1.00e+00 2.70e-01h  1
 269  7.4290664e+00 2.56e-06 5.88e+01  -5.7 7.69e-02   0.1 1.00e+00 1.82e-01f  1
iter    objective    inf_pr   inf_du lg(mu)  ||d||  lg(rg) alpha_du alpha_pr  ls
 270  7.4196796e+00 1.22e-05 2.62e+02  -5.4 1.94e-01  -0.4 1.00e+00 1.48e-01f  1
 271  7.4001636e+00 4.63e-05 1.07e+03  -5.1 4.61e-01  -0.9 1.00e+00 1.27e-01f  1
 272  7.3886690e+00 4.80e-05 6.21e+02  -5.1 1.86e-01  -0.5 1.00e+00 2.00e-01h  1
 273  7.3732740e+00 4.54e-05 1.06e+02  -5.6 7.57e-02  -0.0 1.00e+00 6.85e-01h  1
 274  7.3654778e+00 1.18e-05 4.27e+01  -6.3 2.87e-02   0.4 1.00e+00 9.06e-01h  1
 275  7.3639156e+00 6.35e-06 9.47e+01  -7.4 1.06e-02   0.8 1.00e+00 4.90e-01h  1
 276  7.3606783e+00 5.47e-06 4.53e+01  -7.4 3.02e-02   0.3 1.00e+00 3.60e-01h  1
 277  7.3589404e+00 3.06e-06 2.36e+01  -7.7 1.14e-02   0.8 1.00e+00 5.16e-01h  1
 278  7.3579106e+00 2.89e-06 9.71e+02  -7.8 3.26e-02   0.3 1.00e+00 1.07e-01h  1
 279  7.3553275e+00 3.54e-06 1.35e+02  -7.2 9.16e-02  -0.2 5.64e-01 9.35e-02h  1
iter    objective    inf_pr   inf_du lg(mu)  ||d||  lg(rg) alpha_du alpha_pr  ls
 280  7.3522706e+00 3.90e-06 6.89e+01 -11.0 3.59e-02   0.2 2.00e-02 2.91e-01h  1
 281  7.3516729e+00 3.37e-06 1.57e+02  -7.7 1.37e-02   0.7 1.00e+00 1.51e-01h  1
 282  7.3500090e+00 3.30e-06 1.21e+02  -7.4 3.95e-02   0.2 1.00e+00 1.43e-01h  1
 283  7.3484004e+00 3.49e-06 1.29e+02  -7.1 1.11e-01  -0.3 1.00e+00 4.77e-02h  1
 284  7.3399588e+00 1.08e-05 1.81e+02  -6.8 2.98e-01  -0.8 1.00e+00 9.01e-02f  1
 285  7.3300552e+00 2.10e-05 1.21e+02  -6.0 7.49e-01  -1.3 2.59e-01 4.00e-02f  1
 286  7.3087453e+00 9.21e-05 1.06e+02  -5.9 1.86e+00  -1.7 1.07e-01 3.29e-02f  1
 287  7.3043202e+00 9.36e-05 5.87e+01  -6.4 8.02e-01  -1.3 4.53e-01 1.69e-02h  1
 288  7.2850805e+00 1.74e-04 5.75e+01  -5.1 1.96e+00  -1.8 1.98e-02 2.87e-02f  1
 289  7.2825334e+00 1.74e-04 9.84e+01  -5.9 8.45e-01  -1.4 4.15e-01 9.35e-03h  1
iter    objective    inf_pr   inf_du lg(mu)  ||d||  lg(rg) alpha_du alpha_pr  ls
 290  7.2572198e+00 3.30e-04 9.20e+01  -4.8 2.09e+00  -1.8 3.52e-02 3.62e-02f  1
 291  7.2296470e+00 4.21e-04 1.81e+02  -5.6 9.17e-01  -1.4 5.19e-01 9.58e-02h  1
 292  7.1949863e+00 6.88e-04 1.69e+02  -4.5 2.20e+00  -1.9 5.02e-02 5.06e-02f  1
 293  7.1835679e+00 6.77e-04 4.64e+02  -5.1 9.69e-01  -1.5 3.86e-01 3.99e-02h  1
 294  7.1533617e+00 8.23e-04 7.92e+02  -4.5 2.16e+00  -1.9 1.10e-01 4.72e-02h  1
 295  7.1362529e+00 8.05e-04 1.16e+03  -4.8 9.19e-01  -1.5 3.98e-01 6.80e-02h  1
 296  7.1036472e+00 1.12e-03 1.43e+03  -4.2 1.82e+00  -2.0 9.98e-02 6.54e-02h  1
 297  7.0690078e+00 9.66e-04 1.22e+03  -4.8 9.28e-01  -1.6 7.51e-01 1.48e-01h  1
 298  7.0521939e+00 1.42e-03 9.50e+02  -3.6 1.40e+00  -2.0 5.58e-02 5.99e-02f  1
 299  7.0272981e+00 1.18e-03 8.50e+02  -4.5 8.60e-01  -1.6 5.50e-01 1.27e-01h  1
iter    objective    inf_pr   inf_du lg(mu)  ||d||  lg(rg) alpha_du alpha_pr  ls
 300  7.0176427e+00 4.52e-03 1.89e+03  -3.4 3.41e+00  -2.1 7.36e-02 6.00e-02f  1
 301  6.9994825e+00 3.46e-03 2.54e+04  -3.7 6.51e-01  -1.7 1.00e+00 2.19e-01h  1
 302  6.9984469e+00 3.73e-03 3.82e+04  -3.0 1.72e+00  -2.1 2.03e-01 9.40e-02f  1
 303  6.9417257e+00 6.28e-03 4.51e+03  -3.6 5.76e-01  -1.7 1.00e+00 7.91e-01h  1
 304  6.9369941e+00 4.93e-03 2.67e+04  -3.2 1.01e+00  -2.2 5.45e-01 2.14e-01h  1
 305  6.9412482e+00 4.36e-03 7.04e+04  -3.1 1.33e+00    -  8.50e-01 1.78e-01h  1
 306  6.9335247e+00 1.44e-01 2.08e+04  -3.2 1.25e+00    -  8.90e-01 5.51e-01h  1
 307  6.8815655e+00 1.39e-03 1.16e+02  -3.3 8.24e-01    -  1.00e+00 9.91e-01h  1
 308  6.8370965e+00 2.78e-03 3.39e+02  -3.5 8.97e-01    -  1.00e+00 9.87e-01h  1
 309  6.8218564e+00 9.06e-04 5.66e+03  -3.6 1.54e+00    -  1.00e+00 5.29e-01h  1
iter    objective    inf_pr   inf_du lg(mu)  ||d||  lg(rg) alpha_du alpha_pr  ls
 310  6.8034470e+00 4.32e-04 1.21e+04  -3.8 1.91e-01  -1.8 1.00e+00 5.41e-01h  1
 311  6.8184754e+00 2.17e-04 2.53e+01  -3.5 7.58e-02  -2.2 1.00e+00 1.00e+00h  1
 312  6.8167388e+00 6.86e-05 6.71e+02  -3.5 2.75e-01  -2.7 1.00e+00 5.00e-01h  2
 313  6.8072300e+00 5.21e-04 6.56e+03  -3.6 8.92e-01  -2.3 1.00e+00 4.07e-01h  2
 314  6.7782539e+00 7.90e-04 2.42e+01  -3.8 2.97e-01  -1.9 1.00e+00 1.00e+00h  1
 315  6.7577790e+00 1.30e-03 8.03e+02  -3.8 5.42e-01  -2.3 1.00e+00 7.40e-01h  1
 316  6.7415243e+00 1.06e-03 7.32e+00  -3.9 1.33e-01  -1.9 1.00e+00 1.00e+00h  1
 317  6.7218854e+00 4.21e-04 2.68e+01  -4.1 1.02e-01  -1.5 1.00e+00 1.00e+00h  1
 318  6.7266255e+00 5.93e-04 6.94e+03  -3.9 3.17e-01  -2.0 1.00e+00 3.87e-01h  1
 319  6.7232596e+00 2.40e-04 7.67e+00  -4.0 8.74e-02  -1.5 1.00e+00 1.00e+00h  1
iter    objective    inf_pr   inf_du lg(mu)  ||d||  lg(rg) alpha_du alpha_pr  ls
 320  6.7282281e+00 6.11e-04 1.22e+04  -3.7 4.58e-01  -2.0 9.83e-01 2.29e-01h  1
 321  6.7214646e+00 8.39e-03 1.01e+04  -3.8 1.12e+00    -  1.15e-01 2.62e-01h  1
 322  6.7288225e+00 1.92e-03 1.13e+03  -3.8 1.72e-01    -  9.84e-01 8.84e-01h  1
 323  6.7153421e+00 7.56e-04 3.05e+03  -3.9 1.04e-01  -2.5 5.64e-01 1.00e+00h  1
 324  6.7488824e+00 1.13e-03 8.65e+02  -3.5 2.00e-01  -2.1 6.94e-01 6.96e-01h  1
 325  6.7469198e+00 1.09e-03 1.54e+02  -3.7 2.78e+00  -2.6 9.84e-02 2.64e-02h  2
 326  6.7309062e+00 5.31e-04 7.00e+00  -3.7 1.60e-01  -2.1 1.00e+00 1.00e+00h  1
 327  6.7230132e+00 8.76e-04 4.07e+00  -3.7 4.48e-01  -2.6 9.33e-01 4.18e-01H  1
 328  6.7169264e+00 6.52e-04 2.48e+00  -3.7 3.48e-01    -  3.25e-01 3.92e-01h  1
 329  6.7095179e+00 6.56e-04 5.24e+00  -3.7 2.01e-01    -  1.00e+00 6.12e-01f  1
iter    objective    inf_pr   inf_du lg(mu)  ||d||  lg(rg) alpha_du alpha_pr  ls
 330  6.6939292e+00 9.81e-04 7.90e+00  -3.8 2.99e-01    -  1.00e+00 1.00e+00f  1
 331  6.6920301e+00 5.39e-03 2.29e-02  -3.8 4.45e-01  -3.1 1.00e+00 1.00e+00h  1
 332  6.6845428e+00 3.67e-03 9.27e+03  -4.0 8.87e-02  -1.8 9.94e-01 3.18e-01h  1
 333  6.6877751e+00 3.20e-03 3.93e+03  -3.7 3.70e-01  -2.2 3.97e-01 1.81e-01h  1
 334  6.6751914e+00 6.20e-05 5.60e+00  -3.9 7.29e-02  -1.8 1.00e+00 1.00e+00h  1
 335  6.6520760e+00 8.12e-04 8.69e+00  -4.0 9.08e-02  -2.3 1.00e+00 1.00e+00h  1
 336  6.6431553e+00 2.22e-04 1.75e+00  -4.1 9.84e-02  -1.9 1.00e+00 1.00e+00h  1
 337  6.6240224e+00 6.86e-04 1.18e+01  -4.5 1.15e-01  -1.4 1.00e+00 1.00e+00h  1
 338  6.6262762e+00 6.17e-04 1.23e+04  -4.0 2.47e-01  -1.9 1.00e+00 1.02e-01h  1
 339  6.6853794e+00 1.54e-03 1.40e+03  -3.7 2.82e-01  -2.4 1.00e+00 9.49e-01f  1
iter    objective    inf_pr   inf_du lg(mu)  ||d||  lg(rg) alpha_du alpha_pr  ls
 340  6.6741562e+00 7.76e-04 9.17e+00  -3.8 1.28e-01  -2.0 1.00e+00 1.00e+00h  1
 341  6.6660133e+00 4.48e-04 8.13e+03  -4.1 8.95e-02  -1.5 1.00e+00 3.92e-01h  1
 342  6.6474314e+00 1.62e-04 2.77e+01  -4.3 7.25e-02  -1.1 1.00e+00 1.00e+00h  1
 343  6.6483975e+00 9.08e-05 4.03e+03  -4.1 8.71e-02  -1.6 1.00e+00 4.79e-01h  1
 344  6.6682700e+00 1.27e-03 4.78e+03  -3.8 3.23e-01  -2.1 7.92e-01 5.70e-01h  1
 345  6.6629254e+00 1.56e-04 2.72e+00  -3.9 2.91e-02  -1.6 1.00e+00 1.00e+00h  1
 346  6.6473234e+00 3.41e-04 4.14e+00  -4.0 7.97e-02  -2.1 1.00e+00 1.00e+00h  1
 347  6.6429516e+00 4.01e-04 1.13e+02  -4.1 4.00e+00    -  5.55e-02 2.44e-02h  1
 348  6.6397108e+00 1.69e-03 5.43e+01  -4.1 9.55e+00  -2.6 1.12e-02 2.87e-02h  2
 349  6.6278573e+00 6.23e-05 1.41e+00  -4.1 5.18e-02  -1.3 1.00e+00 1.00e+00h  1
iter    objective    inf_pr   inf_du lg(mu)  ||d||  lg(rg) alpha_du alpha_pr  ls
 350  6.6018133e+00 4.53e-04 1.30e+01  -4.4 6.53e-02  -1.7 1.00e+00 1.00e+00h  1
 351  6.6438306e+00 9.43e-04 7.93e+03  -2.9 3.24e+00  -2.2 7.31e-02 4.27e-02f  1
 352  6.6405019e+00 2.68e-03 1.56e+00  -4.0 2.62e-01  -1.8 1.00e+00 1.00e+00h  1
 353  6.6343050e+00 1.41e-02 1.35e+00  -4.0 7.84e+00  -2.3 5.80e-02 1.32e-01h  1
 354  6.6163880e+00 9.72e-04 1.04e-02  -4.0 7.11e-01  -1.8 1.00e+00 1.00e+00f  1
 355  6.5935877e+00 8.19e-03 7.46e+00  -4.0 1.36e+00  -2.3 3.96e-01 4.29e-01h  1
 356  6.6869787e+00 4.14e-03 1.19e+04  -3.5 3.82e-01  -1.9 1.00e+00 7.31e-01h  1
 357  6.6844383e+00 3.27e-03 8.52e+03  -3.6 1.72e+00    -  2.80e-01 2.19e-01h  1
 358  6.6853467e+00 2.40e-03 1.18e+03  -3.6 2.27e+00    -  8.23e-01 2.63e-01h  1
 359  6.6950176e+00 1.19e-03 5.49e-01  -3.6 1.42e-01  -2.4 1.00e+00 1.00e+00h  1
iter    objective    inf_pr   inf_du lg(mu)  ||d||  lg(rg) alpha_du alpha_pr  ls
 360  6.7183138e+00 1.57e-04 4.14e-02  -3.6 2.47e-01    -  1.00e+00 1.00e+00H  1
 361  6.7262920e+00 4.24e-04 8.87e+00  -3.6 5.88e-01    -  8.17e-01 2.45e-01h  2
 362  6.7306428e+00 1.13e-04 2.56e-04  -3.6 1.78e-01  -2.8 1.00e+00 1.00e+00h  1
 363  6.7036022e+00 8.28e-04 4.42e+03  -5.0 8.49e-01    -  5.89e-02 1.46e-01h  1
 364  6.6723563e+00 2.93e-03 3.07e+03  -5.0 1.19e+01    -  7.23e-02 4.84e-02h  1
 365  6.6256137e+00 3.16e-03 9.42e+03  -5.0 9.40e-01    -  2.71e-02 1.83e-01h  1
 366  6.6153699e+00 3.05e-03 7.38e+03  -5.0 3.86e+00    -  8.10e-02 4.27e-02h  1
 367  6.5716598e+00 2.01e-03 9.64e+03  -5.0 2.81e-01  -1.5 3.81e-01 5.38e-01h  1
 368  6.5690196e+00 2.03e-03 8.11e+03  -3.9 8.24e-01  -2.0 6.71e-01 1.09e-01f  1
 369  6.5663353e+00 1.86e-03 5.37e+03  -4.0 1.03e+00    -  6.52e-01 8.60e-02h  1
iter    objective    inf_pr   inf_du lg(mu)  ||d||  lg(rg) alpha_du alpha_pr  ls
 370  6.5561747e+00 3.52e-03 3.04e+03  -3.9 1.52e+00    -  8.73e-01 4.35e-01h  1
 371  6.5322081e+00 1.53e-03 5.62e+03  -4.4 1.58e-01  -1.6 1.00e+00 5.66e-01h  1
 372  6.5422591e+00 2.92e-04 2.11e+03  -3.9 1.01e-01  -2.0 1.00e+00 8.09e-01h  1
 373  6.5124747e+00 7.78e-04 1.93e+01  -4.2 1.13e-01  -1.6 1.00e+00 1.00e+00h  1
 374  6.4933681e+00 2.39e-04 1.26e+03  -4.7 9.03e-02  -1.2 1.00e+00 8.34e-01h  1
 375  6.4884144e+00 7.75e-04 3.31e+01  -4.4 4.58e-01  -1.7 6.14e-01 3.53e-01h  1
 376  6.4756609e+00 4.37e-04 1.62e+03  -5.2 1.65e-01  -1.2 1.00e+00 6.54e-01h  1
 377  6.4755701e+00 2.20e-04 8.42e+02  -4.6 1.13e-01  -1.7 9.17e-01 5.39e-01h  1
 378  6.4692303e+00 4.96e-03 1.67e+03 -10.6 1.31e+00  -2.2 7.27e-02 2.89e-01h  1
 379  6.4910260e+00 3.08e-03 8.51e+02  -4.1 4.28e-01  -1.8 9.11e-01 1.00e+00h  1
iter    objective    inf_pr   inf_du lg(mu)  ||d||  lg(rg) alpha_du alpha_pr  ls
 380  6.4877828e+00 2.20e-03 2.44e+03  -4.3 1.60e-01  -1.3 1.00e+00 2.92e-01h  1
 381  6.4754255e+00 5.02e-03 3.30e+02  -4.3 4.25e-01  -1.8 6.50e-01 8.65e-01f  1
 382  6.4650728e+00 1.28e-03 3.55e+00  -4.4 1.33e-01  -1.4 1.00e+00 1.00e+00f  1
 383  6.4701017e+00 1.02e-03 1.91e+03  -4.0 1.78e-01  -1.9 4.12e-01 2.26e-01h  1
 384  6.4687427e+00 4.59e-04 2.28e-01  -4.3 1.09e-01  -1.4 1.00e+00 1.00e+00h  1
 385  6.4843641e+00 3.44e-04 9.86e+03  -3.8 2.70e-01  -1.9 6.77e-01 2.45e-01f  1
 386  6.4948572e+00 1.15e-04 1.30e+00  -4.0 1.03e-01  -1.5 1.00e+00 1.00e+00h  1
 387  6.4942027e+00 1.47e-04 8.08e+00  -4.0 5.70e-01  -2.0 8.68e-01 1.04e-01h  2
 388  6.4937885e+00 5.25e-04 1.14e+01  -4.0 2.18e+00    -  1.65e-01 1.12e-01h  2
 389  6.4941688e+00 3.26e-04 1.90e-02  -4.0 1.82e-01  -2.5 1.00e+00 1.00e+00h  1
iter    objective    inf_pr   inf_du lg(mu)  ||d||  lg(rg) alpha_du alpha_pr  ls
 390  6.4935149e+00 3.41e-04 1.49e+01  -4.0 5.01e-01    -  1.00e+00 3.48e-01h  2
 391  6.4936060e+00 3.82e-04 1.27e+01  -4.0 2.81e+00    -  1.67e-01 5.38e-02h  4
 392  6.4934485e+00 5.19e-05 1.69e-04  -4.0 7.93e-02  -2.9 1.00e+00 1.00e+00h  1
 393  6.4718804e+00 3.47e-04 7.54e+02 -10.0 1.26e+00    -  3.19e-01 2.83e-01f  1
 394  6.4636745e+00 3.20e-03 9.09e+02  -4.2 1.04e+00    -  8.99e-01 6.65e-01h  1
 395  6.4556373e+00 4.00e-04 3.46e-01  -4.3 2.20e-01    -  1.00e+00 1.00e+00f  1
 396  6.4516034e+00 4.76e-04 3.22e+03  -4.5 8.41e-01    -  1.00e+00 2.61e-01h  1
 397  6.4375452e+00 3.06e-04 1.42e+00  -4.7 8.42e-02  -2.5 1.00e+00 1.00e+00h  1
 398  6.4296352e+00 8.69e-05 2.54e+01  -5.3 4.41e-02  -1.2 1.00e+00 9.91e-01h  1
 399  6.4459462e+00 1.38e-03 2.52e+00  -4.4 1.73e-01  -1.7 1.00e+00 1.00e+00f  1
iter    objective    inf_pr   inf_du lg(mu)  ||d||  lg(rg) alpha_du alpha_pr  ls
 400  6.4388579e+00 6.15e-04 2.23e+02  -4.5 1.32e-01  -1.2 8.40e-01 1.00e+00h  1
 401  6.4357377e+00 8.67e-05 1.01e-02  -4.5 6.38e-02  -0.8 1.00e+00 1.00e+00h  1
 402  6.4363881e+00 9.52e-05 3.77e+03  -4.3 2.40e-01  -1.3 1.00e+00 1.91e-01h  1
 403  6.4358759e+00 2.04e-03 1.55e+03  -4.4 3.91e-01  -1.8 5.92e-01 5.83e-01h  1
 404  6.4353497e+00 2.96e-03 1.11e+03  -4.4 1.23e+00  -2.2 3.31e-01 2.25e-01f  1
 405  6.4340620e+00 3.91e-03 7.66e+02  -4.4 1.38e+00    -  2.40e-01 3.90e-01f  1
 406  6.4327972e+00 2.40e-03 1.47e+02  -4.4 1.95e-01  -1.8 1.00e+00 5.28e-01f  1
 407  6.4307925e+00 3.43e-03 1.24e+02  -4.4 2.05e+00    -  9.12e-02 1.54e-01H  1
 408  6.4293343e+00 8.50e-03 1.19e+02  -4.4 2.70e+01    -  1.49e-02 3.55e-02f  1
 409  6.4272236e+00 5.41e-03 8.27e+02  -4.5 6.17e-01  -1.4 1.00e+00 3.57e-01f  1
iter    objective    inf_pr   inf_du lg(mu)  ||d||  lg(rg) alpha_du alpha_pr  ls
 410  6.4392282e+00 2.30e-03 3.65e+03  -4.2 1.97e-01  -1.9 3.66e-01 1.00e+00h  1
 411  6.4330673e+00 1.95e-03 2.75e+03  -4.4 3.02e-01  -1.4 4.45e-01 3.08e-01h  1
 412  6.4215662e+00 3.57e-04 7.21e-01  -4.4 9.00e-02  -1.0 1.00e+00 1.00e+00f  1
 413  6.4216138e+00 3.89e-04 4.80e+03  -4.2 5.25e-01  -1.5 1.00e+00 1.91e-01h  1
 414  6.4374925e+00 4.73e-03 1.20e+03  -3.9 1.30e+00    -  2.08e-01 3.79e-01h  1
 415  6.4331582e+00 2.42e-03 1.14e+02  -4.2 2.56e-01  -2.0 7.23e-01 4.87e-01h  1
 416  6.4288783e+00 3.86e-04 7.00e+02  -4.2 7.27e-02  -1.5 1.80e-01 1.00e+00f  1
 417  6.4287304e+00 1.31e-03 3.08e+02  -4.2 2.95e-01  -2.0 7.82e-01 5.56e-01h  1
 418  6.4277649e+00 1.55e-03 1.55e+02  -4.3 2.68e+00  -2.5 9.39e-02 4.01e-02h  1
 419  6.4217670e+00 1.70e-04 2.45e-01  -4.3 3.77e-02  -1.2 1.00e+00 1.00e+00f  1
iter    objective    inf_pr   inf_du lg(mu)  ||d||  lg(rg) alpha_du alpha_pr  ls
 420  6.4063918e+00 1.05e-04 3.19e+00  -4.8 7.35e-02  -0.7 1.00e+00 1.00e+00h  1
 421  6.4084395e+00 4.32e-04 1.78e+02  -4.4 9.57e-02  -1.2 1.00e+00 9.56e-01H  1
 422  6.3979542e+00 1.17e-04 1.46e+00  -5.1 5.96e-02  -0.8 1.00e+00 1.00e+00h  1
 423  6.3943636e+00 4.95e-05 5.40e+02  -5.8 3.27e-02  -0.4 1.00e+00 6.20e-01h  1
 424  6.3918338e+00 4.41e-06 5.12e-02  -5.8 1.35e-02   0.1 1.00e+00 1.00e+00h  1
 425  6.3913734e+00 8.52e-06 1.24e+02  -6.2 2.84e-02  -0.4 1.00e+00 1.99e-01h  1
 426  6.3903478e+00 1.04e-05 4.22e+01  -6.9 1.18e-02   0.0 1.00e+00 8.04e-01h  1
 427  6.3898886e+00 6.09e-05 1.21e+01  -6.6 4.37e-02  -0.5 1.00e+00 2.07e-01h  1
 428  6.3905226e+00 7.07e-05 2.28e+02  -5.1 6.89e-02  -0.9 3.80e-01 2.20e-01f  1
 429  6.3896598e+00 1.59e-04 4.66e+01  -5.6 2.53e-02  -0.5 1.00e+00 6.71e-01h  1
iter    objective    inf_pr   inf_du lg(mu)  ||d||  lg(rg) alpha_du alpha_pr  ls
 430  6.3901683e+00 1.54e-04 2.49e+03  -4.6 1.09e-01  -1.0 6.72e-01 8.46e-02f  1
 431  6.3895741e+00 1.66e-04 2.25e+03  -4.9 4.62e-01  -1.5 1.54e-01 7.28e-02h  1
 432  6.3895930e+00 1.64e-04 2.11e+03  -4.8 9.81e-02  -1.0 9.25e-01 1.35e-02f  1
 433  6.3924057e+00 2.01e-03 1.47e+03  -4.3 1.46e+00  -1.5 7.77e-02 1.35e-01f  1
 434  6.3866859e+00 5.17e-04 2.37e+02  -4.8 8.76e-02  -1.1 9.36e-01 7.32e-01h  1
 435  6.3975873e+00 3.41e-04 1.73e+03  -4.1 4.21e-01  -1.6 4.57e-01 3.28e-01f  1
 436  6.3944149e+00 6.23e-04 3.79e+00  -4.5 1.18e-01  -1.1 1.00e+00 7.87e-01h  1
 437  6.3918272e+00 3.23e-03 3.06e+00  -4.5 2.85e-01  -1.6 6.77e-01 1.00e+00f  1
 438  6.3910059e+00 2.91e-03 5.85e+00  -4.5 6.13e-01  -2.1 4.12e-01 1.24e-01h  1
 439  6.3897004e+00 2.89e-04 5.75e-03  -4.5 1.62e-01  -1.7 1.00e+00 1.00e+00f  1
iter    objective    inf_pr   inf_du lg(mu)  ||d||  lg(rg) alpha_du alpha_pr  ls
 440  6.3887388e+00 1.72e-04 9.42e+00  -4.5 9.86e-01  -2.1 3.52e-01 9.87e-02h  1
 441  6.3883331e+00 1.47e-04 8.19e+00  -4.5 6.81e-01  -2.6 1.62e-01 1.41e-01f  3
 442  6.3778166e+00 1.53e-04 1.76e+03  -5.2 1.06e-01  -1.3 1.00e+00 6.84e-01h  1
 443  6.3716653e+00 1.03e-04 2.77e+02  -5.6 6.85e-02  -0.9 6.53e-01 7.88e-01h  1
 444  6.3694429e+00 3.40e-05 1.32e+02  -5.7 3.03e-02  -0.4 1.00e+00 7.80e-01h  1
 445  6.3791033e+00 9.46e-05 9.69e+02  -4.3 1.23e-01  -0.9 3.05e-01 4.05e-01f  1
 446  6.3750323e+00 3.01e-05 2.59e-01  -4.9 2.77e-02  -0.5 1.00e+00 1.00e+00h  1
 447  6.3709363e+00 1.34e-05 8.20e+01  -5.4 1.79e-02  -0.1 1.00e+00 9.53e-01h  1
 448  6.3684264e+00 9.98e-05 6.64e+01  -5.6 5.74e-02  -0.5 8.23e-01 6.91e-01h  1
 449  6.3678927e+00 8.38e-05 3.61e+02  -6.0 2.93e-02  -0.1 1.00e+00 1.80e-01h  1
iter    objective    inf_pr   inf_du lg(mu)  ||d||  lg(rg) alpha_du alpha_pr  ls
 450  6.3693997e+00 6.38e-04 1.56e+03  -4.7 1.40e-01  -0.6 9.36e-02 4.31e-01f  1
 451  6.3686408e+00 6.03e-04 1.50e+03  -5.6 7.16e-02  -0.2 4.76e-01 5.58e-02h  1
 452  6.3676570e+00 5.76e-04 1.43e+03  -5.6 4.44e-01  -0.6 4.36e-02 4.39e-02f  1
 453  6.3662049e+00 4.80e-04 7.74e+02  -5.3 4.92e-02  -0.2 1.00e+00 1.65e-01f  1
 454  6.3632331e+00 6.82e-04 1.02e+03  -4.8 1.55e-01  -0.7 1.00e+00 3.25e-01h  1
 455  6.3617449e+00 7.66e-04 1.06e+03  -4.5 5.95e-01  -1.2 7.75e-02 4.33e-02h  1
 456  6.3664410e+00 7.17e-04 3.57e+03  -4.0 7.08e-01  -1.7 2.12e-01 5.36e-02f  1
 457  6.3591996e+00 2.91e-03 1.89e+03  -4.6 2.33e-01  -1.2 5.22e-01 4.31e-01h  1
 458  6.3620909e+00 2.66e-03 2.97e+03  -4.3 6.00e-01  -1.7 1.00e+00 5.59e-01f  1
 459  6.3562140e+00 5.62e-04 1.23e+03  -4.4 9.72e-02  -1.3 4.59e-01 1.00e+00h  1
iter    objective    inf_pr   inf_du lg(mu)  ||d||  lg(rg) alpha_du alpha_pr  ls
 460  6.3535584e+00 5.75e-04 5.56e+02  -4.3 1.58e-01  -0.9 6.45e-01 5.42e-01h  1
 461  6.3486627e+00 2.34e-04 6.51e+02  -4.4 4.05e-02  -0.4 1.00e+00 6.99e-01h  1
 462  6.3387263e+00 5.55e-04 5.66e-01  -4.4 8.65e-02  -0.9 9.18e-01 1.00e+00h  1
 463  6.3434919e+00 1.12e-03 5.60e+02  -4.2 3.89e-01  -1.4 2.83e-01 1.86e-01h  1
 464  6.3432229e+00 1.10e-03 3.66e+02  -4.5 2.37e-01  -1.0 1.16e-01 1.39e-02h  1
 465  6.3369416e+00 1.28e-03 6.68e+02  -4.5 3.17e-01  -1.4 8.51e-02 3.49e-01f  1
 466  6.3491442e+00 1.20e-03 2.46e+03  -4.1 1.54e-01  -1.0 1.00e+00 6.59e-01f  1
 467  6.3451674e+00 3.15e-04 1.02e-01  -4.2 3.52e-02  -0.6 1.00e+00 1.00e+00h  1
 468  6.3405111e+00 3.44e-04 4.13e+02  -4.3 1.04e-01  -1.1 1.00e+00 7.62e-01h  1
 469  6.3352353e+00 1.88e-04 6.20e-01  -4.4 4.59e-02  -0.6 1.00e+00 1.00e+00h  1
iter    objective    inf_pr   inf_du lg(mu)  ||d||  lg(rg) alpha_du alpha_pr  ls
 470  6.3413322e+00 1.60e-03 6.03e+02  -4.1 1.40e-01  -1.1 1.00e+00 9.05e-01h  1
 471  6.3376903e+00 3.09e-04 4.70e+02  -4.2 1.14e-01  -0.7 8.02e-01 9.61e-01H  1
 472  6.3343704e+00 6.22e-04 1.59e-02  -4.2 1.55e-01  -1.2 1.00e+00 1.00e+00f  1
 473  6.3453990e+00 8.96e-04 2.38e+03  -3.7 4.85e-01  -1.6 3.12e-01 2.13e-01h  1
 474  6.3423128e+00 4.30e-03 2.48e+03  -4.1 1.33e+00  -2.1 1.11e-01 3.56e-01h  1
 475  6.3423636e+00 3.22e-03 6.38e+02  -4.1 2.97e-01  -0.8 1.00e+00 3.31e-01f  1
 476  6.3320120e+00 1.11e-03 5.70e+00  -4.1 1.43e-01  -1.3 6.01e-01 1.00e+00f  1
 477  6.3320314e+00 1.11e-03 9.81e+03  -3.9 8.44e-01  -1.7 8.23e-01 1.07e-03h  1
 478  6.3311098e+00 1.11e-03 7.19e+03  -5.8 2.78e+00  -2.2 1.17e-01 1.65e-02h  1
 479  6.3331216e+00 2.93e-04 1.04e+03  -4.1 6.06e-01  -1.8 1.00e+00 4.58e-01f  1
iter    objective    inf_pr   inf_du lg(mu)  ||d||  lg(rg) alpha_du alpha_pr  ls
 480  6.3368592e+00 6.11e-04 8.06e+03  -3.8 3.46e-01  -1.4 8.50e-01 2.92e-01h  1
 481  6.3349359e+00 3.07e-03 4.60e+03  -3.9 1.14e+00  -1.8 4.15e-01 4.63e-01h  1
 482  6.3313389e+00 1.21e-03 2.57e+03  -3.9 5.02e-01  -1.4 4.25e-01 4.86e-01f  1
 483  6.3570268e+00 1.05e-02 8.04e+03  -3.7 5.51e-01  -1.9 3.12e-01 7.63e-01f  1
 484  6.3480332e+00 1.47e-03 6.62e+00  -3.9 1.05e-01  -0.6 1.00e+00 1.00e+00h  1
 485  6.3428417e+00 2.99e-04 3.40e+00  -3.9 2.95e-01  -1.0 1.00e+00 4.86e-01h  1
 486  6.3302668e+00 1.02e-02 4.98e-02  -3.9 4.64e-01  -1.5 1.00e+00 1.00e+00f  1
 487  6.3205356e+00 4.97e-04 4.56e+01  -4.0 2.60e-01  -1.1 9.89e-01 1.00e+00h  1
 488  6.3183088e+00 4.90e-04 4.63e+03  -3.7 1.77e-01  -0.7 4.75e-01 1.93e-01h  1
 489  6.3166020e+00 2.27e-05 1.37e-01  -4.1 7.36e-03   0.7 1.00e+00 1.00e+00h  1
iter    objective    inf_pr   inf_du lg(mu)  ||d||  lg(rg) alpha_du alpha_pr  ls
 490  6.3092278e+00 2.27e-04 1.44e+00  -4.1 3.34e-02   0.2 9.48e-01 1.00e+00h  1
 491  6.3076620e+00 8.66e-05 7.59e+02  -4.1 1.35e-02   0.6 1.00e+00 6.86e-01h  1
 492  6.3072506e+00 7.67e-05 9.48e+03  -3.9 6.11e-02   0.1 1.00e+00 1.28e-01h  1
 493  6.3070024e+00 3.24e-04 2.73e+04  -3.3 3.01e-01  -0.3 2.97e-01 5.44e-02f  1
 494  6.3026773e+00 8.17e-04 1.21e+04  -3.9 8.83e-02  -0.8 6.05e-01 3.50e-01h  1
 495  6.2991277e+00 2.77e-04 9.55e-01  -4.0 3.48e-02  -0.4 1.00e+00 1.00e+00h  1
 496  6.2875295e+00 3.28e-03 3.23e+01  -4.1 1.98e-01  -0.9 1.00e+00 9.91e-01h  1
 497  6.2828714e+00 2.10e-03 6.02e+03  -4.4 6.74e-02  -0.4 1.00e+00 3.59e-01h  1
 498  6.2809934e+00 3.56e-05 4.61e-02  -4.2 2.28e-02  -0.0 1.00e+00 1.00e+00h  1
 499  6.2764905e+00 1.55e-04 1.75e+03  -4.4 5.99e-02  -0.5 9.94e-01 6.22e-01h  1
iter    objective    inf_pr   inf_du lg(mu)  ||d||  lg(rg) alpha_du alpha_pr  ls
 500  6.2702806e+00 3.47e-04 4.24e+03  -4.7 2.04e-01  -1.0 1.00e+00 3.00e-01h  1
 501  6.2588330e+00 3.54e-04 7.21e+00  -4.9 5.04e-02  -0.5 1.00e+00 1.00e+00h  1
 502  6.2579587e+00 7.35e-04 2.66e+03  -4.6 4.95e-01  -1.0 1.00e+00 1.37e-01h  1
 503  6.2550242e+00 4.60e-04 1.12e+02  -4.7 6.19e-02  -0.6 1.00e+00 9.08e-01h  1
 504  6.2556853e+00 1.38e-03 1.57e+04  -3.6 3.69e+00  -1.1 3.52e-01 2.16e-02f  1
 505  6.2562773e+00 1.14e-03 1.17e+04  -4.1 7.11e-01  -1.5 4.47e-01 1.72e-01h  1
 506  6.2557151e+00 1.87e-03 1.10e+04  -4.1 4.66e+00    -  9.71e-02 5.48e-02h  1
 507  6.2562752e+00 1.44e-03 8.36e+03  -4.1 2.63e-01  -2.0 3.22e-01 2.19e-01f  1
 508  6.2564720e+00 5.37e-03 6.22e+03  -4.1 7.30e-01  -0.7 2.29e-01 2.61e-01F  1
 509  6.2590591e+00 1.02e-03 1.57e+00  -4.1 8.53e-02  -1.2 1.00e+00 1.00e+00f  1
iter    objective    inf_pr   inf_du lg(mu)  ||d||  lg(rg) alpha_du alpha_pr  ls
 510  6.2575304e+00 1.58e-03 5.50e-01  -4.1 1.08e-01  -1.7 7.20e-01 7.87e-01h  1
 511  6.2565377e+00 6.09e-04 8.21e+00  -4.1 2.54e-01  -2.1 1.00e+00 6.15e-01h  1
 512  6.2552509e+00 4.72e-04 1.85e+00  -4.1 2.11e+00  -2.6 9.10e-02 2.92e-01f  1
 513  6.2534293e+00 4.66e-04 3.64e+00  -4.1 5.28e+01    -  1.27e-02 1.53e-02f  1
 514  6.2481504e+00 2.44e-04 2.03e+03  -4.6 1.53e-01  -1.3 6.61e-01 4.76e-01h  1
 515  6.2446987e+00 2.08e-04 1.14e+03  -5.2 2.19e-01  -1.8 1.36e-01 2.00e-01h  1
 516  6.2403365e+00 3.83e-04 1.73e+03  -4.8 5.87e-01  -2.2 3.73e-01 1.88e-01h  1
 517  6.2405691e+00 3.81e-04 2.51e+02  -3.4 3.08e+00  -0.9 3.08e-02 9.59e-03f  1
 518  6.2391285e+00 5.48e-04 3.13e+02  -4.5 2.67e-01  -1.4 2.03e-01 1.43e-01h  1
 519  6.2415430e+00 9.18e-04 4.16e+03  -4.0 4.80e-01  -1.9 8.15e-01 3.97e-01f  1
iter    objective    inf_pr   inf_du lg(mu)  ||d||  lg(rg) alpha_du alpha_pr  ls
 520  6.2403657e+00 8.14e-04 1.75e+03  -4.2 5.41e-01  -2.3 6.57e-01 2.57e-01h  1
 521  6.2403557e+00 1.92e-04 5.24e-02  -4.2 4.30e-02  -0.1 1.00e+00 1.00e+00h  1
 522  6.2377859e+00 7.45e-05 2.35e+01  -4.4 2.17e-02  -0.6 9.95e-01 1.00e+00h  1
 523  6.2346550e+00 2.04e-04 3.58e-01  -4.4 6.55e-02  -1.1 1.00e+00 1.00e+00h  1
 524  6.2332961e+00 7.00e-05 7.66e-03  -4.5 3.26e-02  -0.6 1.00e+00 1.00e+00h  1
 525  6.2318708e+00 8.26e-05 1.85e+01  -4.5 1.78e-02  -0.2 9.82e-01 1.00e+00h  1
 526  6.2345198e+00 1.54e-04 1.34e+04  -3.9 2.09e-01  -0.7 8.98e-01 1.05e-01f  1
 527  6.2378626e+00 2.58e-04 4.93e+00  -4.1 4.79e-02  -0.3 1.00e+00 1.00e+00h  1
 528  6.2383624e+00 1.67e-04 3.25e-02  -4.1 2.28e-02   0.2 1.00e+00 1.00e+00h  1
 529  6.2383110e+00 1.70e-04 5.25e+00  -4.1 6.41e-02  -0.3 1.00e+00 2.00e-01H  1
iter    objective    inf_pr   inf_du lg(mu)  ||d||  lg(rg) alpha_du alpha_pr  ls
 530  6.2396123e+00 9.11e-05 3.52e-03  -4.1 2.22e-02  -0.8 1.00e+00 1.00e+00f  1
 531  6.2404493e+00 6.09e-05 1.74e-03  -4.1 3.16e-02  -1.3 1.00e+00 1.00e+00h  1
 532  6.2410736e+00 9.84e-05 7.74e-02  -4.1 1.36e-01  -1.7 8.26e-01 1.00e+00h  1
 533  6.2397654e+00 2.56e-03 8.07e-01  -4.1 5.89e-01  -0.4 4.65e-01 1.82e-01H  1
 534  6.2396714e+00 1.08e-04 5.48e-03  -4.1 4.21e-02  -0.9 1.00e+00 1.00e+00f  1
 535  6.2392322e+00 1.23e-03 4.36e-01  -4.1 2.52e-01    -  9.07e-01 5.09e-01h  1
 536  6.2393754e+00 1.53e-04 1.04e-03  -4.1 8.96e-02    -  1.00e+00 1.00e+00f  1
 537  6.2393628e+00 1.71e-06 1.83e-06  -4.1 1.11e-02    -  1.00e+00 1.00e+00h  1

Number of Iterations....: 537

                                   (scaled)                 (unscaled)
Objective...............:   6.2393627513297139e+00    6.2393627513297139e+00
Dual infeasibility......:   1.8301928179396759e-06    1.8301928179396759e-06
Constraint violation....:   1.7064872236960404e-06    1.7064872236960404e-06
Complementarity.........:   8.5285018328359766e-05    8.5285018328359766e-05
Overall NLP error.......:   8.5285018328359766e-05    8.5285018328359766e-05


Number of objective function evaluations             = 649
Number of objective gradient evaluations             = 537
Number of equality constraint evaluations            = 649
Number of inequality constraint evaluations          = 649
Number of equality constraint Jacobian evaluations   = 544
Number of inequality constraint Jacobian evaluations = 544
Number of Lagrangian Hessian evaluations             = 537
Total CPU secs in IPOPT (w/o function evaluations)   =      3.800
Total CPU secs in NLP function evaluations           =      1.972

EXIT: Optimal Solution Found.
 
Ipopt 3.13.4: Optimal Solution Found

suffix ipopt_zU_out OUT;
suffix ipopt_zL_out OUT;

"option abs_boundtol 4.622282445243542e-06;"
will change deduced dual values.

sum{i in 1 .. Nfe - 1} dt[i] = 27.9557

tf = 27.9557

