task_id 4

[x]
1 21.894865530000
2 21.894865530000
3 21.894865530000
4 21.863094410000
5 21.790106880000
6 21.676298470000
7 21.522757020000
8 21.330619170000
9 21.094085280000
10 20.812913060000
11 20.487108310000
12 20.116289200000
13 19.763244380000
14 19.384342240000
15 18.976830600000
16 18.541136120000
17 18.077141290000
18 17.566734190000
19 17.062988990000
20 16.371537820000
21 15.633697380000
22 14.852591270000
23 14.094815360000
24 13.460008800000
25 13.060624320000
26 12.776666280000
27 12.525808800000
28 12.291759160000
29 12.066721520000
30 11.849292870000
31 11.694237670000
32 11.654028510000
33 11.711620950000
34 11.843527480000
35 11.904554110000
36 11.955331590000
37 12.006207470000
38 12.057842360000
39 12.110872000000
40 12.167710340000
41 12.321394050000
42 12.475793110000
43 12.708364300000
44 12.871234380000
45 13.072430580000
46 13.335439430000
47 13.675916380000
48 14.093811130000
49 14.508469070000
50 14.985332420000
51 15.647922650000
52 16.385611790000
53 17.173471650000
54 17.993791220000
55 18.836979030000
56 19.701733010000
57 20.902806400000
58 22.104024080000
59 22.945313370000
60 23.738646100000
61 24.474014480000
62 25.180891410000
63 25.844574920000
64 26.444786100000
65 26.958886380000
66 27.387673950000
67 27.735415180000
68 28.006050100000
69 28.193047370000
70 28.282263880000
71 28.283427520000
72 28.217824200000
73 28.123121210000
74 28.029530500000
75 27.888373940000
76 27.789501580000
77 27.640536700000
78 27.629878180000
79 27.619251230000
80 27.608618860000
81 27.353933130000
82 27.173464220000
83 26.955967340000
84 26.677305350000
85 26.320771290000
86 25.879492240000
87 25.325173650000
88 24.665791140000
89 23.922937970000
90 23.113419880000
91 22.248194810000
92 21.764404790000
93 21.319288490000
94 20.098697270000
95 19.238524800000
96 18.406271860000
97 17.589205070000
98 16.740533360000
99 15.863197090000
100 14.754099890000
101 13.690833220000
102 12.673433020000
103 11.701915290000
104 10.837603840000
105 9.964288700000
106 9.136576090000
107 8.345230110000
108 7.598897790000
109 7.371923760000
110 7.334849520000
111 7.304435860000
112 6.614848470000
113 5.971831890000
114 5.373334930000
115 4.820477470000
116 4.318186530000
117 3.874330250000
118 3.498548720000
119 3.196491460000
120 2.971831350000
121 2.793755960000
122 2.659402900000
123 2.559362870000
124 2.487924920000
125 2.442266790000
126 2.421402720000
127 2.425342330000
128 2.454115830000
129 2.506801540000
130 2.580368900000
131 2.668194120000
132 2.759195670000
133 2.840278950000
134 2.895075790000
135 2.914363490000
136 2.894245250000
137 2.835157440000
138 2.755447730000
139 2.675226640000
140 2.606090090000
141 2.554152230000
142 2.521271980000
143 2.505988230000
144 2.501052950000
145 2.500061590000
146 2.500011180000
147 2.500000000000

[y]
1 19.602689490000
2 19.602689490000
3 19.602689490000
4 19.595629240000
5 19.579349280000
6 19.553938970000
7 19.520702950000
8 19.482719630000
9 19.444309870000
10 19.414529040000
11 19.396188820000
12 19.389156120000
13 19.389717400000
14 19.389929930000
15 19.387448360000
16 19.380895360000
17 19.367898900000
18 19.343657680000
19 19.310821460000
20 19.268672690000
21 19.223882780000
22 19.140387460000
23 18.982226320000
24 18.745764140000
25 18.508677880000
26 18.275081150000
27 18.003017320000
28 17.672417360000
29 17.249010460000
30 16.660792270000
31 15.903486780000
32 15.095267310000
33 14.250705970000
34 13.375026450000
35 13.060953970000
36 12.799525800000
37 12.536503240000
38 12.268483280000
39 11.992177960000
40 11.694964750000
41 10.888633980000
42 10.076152380000
43 8.849115410000
44 7.989819040000
45 7.175389430000
46 6.413928160000
47 5.718732480000
48 5.118787500000
49 4.705082680000
50 4.368675780000
51 4.057121940000
52 3.870757500000
53 3.806090540000
54 3.851718180000
55 3.990426010000
56 4.200341780000
57 4.542777440000
58 4.885254260000
59 5.125112610000
60 5.399055760000
61 5.729730090000
62 6.158127000000
63 6.659520660000
64 7.211980050000
65 7.804958690000
66 8.471789890000
67 9.217688810000
68 10.006691420000
69 10.786437550000
70 11.603254160000
71 12.457765120000
72 13.345238960000
73 14.176707340000
74 14.998762670000
75 16.239692970000
76 17.108895780000
77 17.986408720000
78 18.036960710000
79 18.087363880000
80 18.137805110000
81 19.346358280000
82 20.202732280000
83 21.011615030000
84 21.763303680000
85 22.444319680000
86 23.035734260000
87 23.544143160000
88 23.964967010000
89 24.298608250000
90 24.555309870000
91 24.754438330000
92 24.844480270000
93 24.927326760000
94 25.154572050000
95 25.314715860000
96 25.422793550000
97 25.454406800000
98 25.392346430000
99 25.257925950000
100 25.039622740000
101 24.830340360000
102 24.630085900000
103 24.438862410000
104 24.268740380000
105 24.052216240000
106 23.846182630000
107 23.692511070000
108 23.561708180000
109 23.536697710000
110 23.532800220000
111 23.529605680000
112 23.457160720000
113 23.389593060000
114 23.351164720000
115 23.358007870000
116 23.419132420000
117 23.536814510000
118 23.706712540000
119 23.912589700000
120 24.122793820000
121 24.330411170000
122 24.512994500000
123 24.662457990000
124 24.774669680000
125 24.847724770000
126 24.881107620000
127 24.874838700000
128 24.828956710000
129 24.742924840000
130 24.615030570000
131 24.441685400000
132 24.218496920000
133 23.942450700000
134 23.612523480000
135 23.231887650000
136 22.804580510000
137 22.333900400000
138 21.893381060000
139 21.500454790000
140 21.152932560000
141 20.849739520000
142 20.590946520000
143 20.377331410000
144 20.210026480000
145 20.089427230000
146 20.015986520000
147 20.000000000000

[theta]
1 -2.922923710000
2 -2.922923710000
3 -2.922923710000
4 -2.922133770000
5 -2.921922980000
6 -2.928418640000
7 -2.946421290000
8 -2.980611960000
9 -3.036069400000
10 -3.085359930000
11 -3.122629630000
12 -3.143182480000
13 -3.142153570000
14 -3.135503140000
15 -3.126553440000
16 -3.113590060000
17 -3.094134410000
18 -3.076500550000
19 -3.080711020000
20 -3.080962990000
21 -3.035103320000
22 -2.935829050000
23 -2.785020080000
24 -2.605870800000
25 -2.453195360000
26 -2.315663070000
27 -2.186840770000
28 -2.059319480000
29 -1.924859080000
30 -1.772751060000
31 -1.620505640000
32 -1.502709600000
33 -1.421287040000
34 -1.378880280000
35 -1.378953870000
36 -1.379728090000
37 -1.380474930000
38 -1.381178030000
39 -1.381840160000
40 -1.382458870000
41 -1.383001630000
42 -1.383479490000
43 -1.383479470000
44 -1.328606040000
45 -1.238225220000
46 -1.115376650000
47 -0.962386110000
48 -0.784247540000
49 -0.614379440000
50 -0.439529530000
51 -0.247455010000
52 -0.081895680000
53 0.055564530000
54 0.163043800000
55 0.238140030000
56 0.277739060000
57 0.277739080000
58 0.277739090000
59 0.332487650000
60 0.422580860000
61 0.544850100000
62 0.646993380000
63 0.743994740000
64 0.856527050000
65 0.999341750000
66 1.134548970000
67 1.240363180000
68 1.335423310000
69 1.462002940000
70 1.569434560000
71 1.644583530000
72 1.684206080000
73 1.684157870000
74 1.684060080000
75 1.684060100000
76 1.738951320000
77 1.778595500000
78 1.778592020000
79 1.778542370000
80 1.778493390000
81 1.778493410000
82 1.833469150000
83 1.925804690000
84 2.053092280000
85 2.211823510000
86 2.399367520000
87 2.573551070000
88 2.719458430000
89 2.834518690000
90 2.915385200000
91 2.957580280000
92 2.957575020000
93 2.957523640000
94 2.957523660000
95 3.012453760000
96 3.102920800000
97 3.214589200000
98 3.293624690000
99 3.335937950000
100 3.335937920000
101 3.335937890000
102 3.335937940000
103 3.335937860000
104 3.384625500000
105 3.385553890000
106 3.333395590000
107 3.315091470000
108 3.251340790000
109 3.246334510000
110 3.246245240000
111 3.246264220000
112 3.246287640000
113 3.205712720000
114 3.129215500000
115 3.020496550000
116 2.882420240000
117 2.716977830000
118 2.543334160000
119 2.389424820000
120 2.279749200000
121 2.205176590000
122 2.160638830000
123 2.137719080000
124 2.129382770000
125 2.129391080000
126 2.131862190000
127 2.130918500000
128 2.120281830000
129 2.092796040000
130 2.039749260000
131 1.957952180000
132 1.856491700000
133 1.735381590000
134 1.621425320000
135 1.523749630000
136 1.445912530000
137 1.391788350000
138 1.369400900000
139 1.374418870000
140 1.401140080000
141 1.444421120000
142 1.499369980000
143 1.541306140000
144 1.562576210000
145 1.570110040000
146 1.570096740000
147 1.570000000000

[v]
1 0.000000000000
2 0.000000000000
3 0.156308300000
4 0.312429010000
5 0.491900380000
6 0.669650550000
7 0.845549740000
8 1.019223580000
9 1.195505450000
10 1.372830260000
11 1.551046500000
12 1.730324900000
13 1.883286010000
14 2.034112240000
15 2.184297620000
16 2.333838880000
17 2.482926010000
18 2.637189260000
19 2.780663940000
20 2.967408180000
21 3.154126980000
22 3.340795500000
23 3.514441640000
24 3.658852240000
25 3.753891600000
26 3.827178230000
27 3.899510910000
28 3.977215250000
29 4.067414230000
30 4.182797720000
31 4.321102570000
32 4.461181890000
33 4.603004170000
34 4.746578780000
35 4.796271740000
36 4.836879670000
37 4.877119520000
38 4.917347830000
39 4.957599030000
40 4.997699840000
41 4.998343050000
42 4.998905400000
43 4.997852930000
44 4.997925340000
45 4.998011360000
46 4.998113100000
47 4.998072470000
48 4.997660590000
49 4.997616010000
50 4.998027360000
51 4.998043060000
52 4.998087010000
53 4.998146730000
54 4.998211230000
55 4.998273140000
56 4.999168150000
57 4.999169150000
58 4.998352780000
59 4.998320510000
60 4.998299650000
61 4.998342110000
62 4.998352240000
63 4.998294430000
64 4.998253830000
65 4.998251500000
66 4.998334760000
67 4.998331530000
68 4.998290290000
69 4.998243270000
70 4.998130600000
71 4.997854480000
72 4.998362390000
73 4.998343980000
74 4.998905670000
75 4.998433270000
76 4.997444850000
77 4.944303930000
78 4.943603930000
79 4.942447030000
80 4.940837340000
81 4.754527590000
82 4.627844930000
83 4.760853640000
84 4.884864880000
85 4.996801040000
86 4.900400630000
87 4.787757240000
88 4.667548450000
89 4.544395890000
90 4.682751410000
91 4.824306710000
92 4.899973100000
93 4.968130150000
94 4.997824520000
95 4.998322200000
96 4.920552170000
97 4.798025410000
98 4.666195260000
99 4.524420710000
100 4.337461990000
101 4.150358410000
102 3.963184310000
103 3.775968300000
104 3.601145260000
105 3.413877400000
106 3.226592120000
107 3.039305650000
108 2.852414260000
109 2.792457620000
110 2.782528780000
111 2.774369170000
112 2.587004580000
113 2.399634310000
114 2.212258100000
115 2.024875830000
116 1.837515680000
117 1.650143810000
118 1.462750320000
119 1.275365630000
120 1.094480810000
121 0.907086050000
122 0.719693140000
123 0.532302640000
124 0.344914950000
125 0.157624560000
126 -0.029648940000
127 -0.216901880000
128 -0.404125260000
129 -0.591301760000
130 -0.778390020000
131 -0.965561520000
132 -1.152699160000
133 -1.339789780000
134 -1.526863200000
135 -1.713848320000
136 -1.900597170000
137 -1.792882790000
138 -1.606051170000
139 -1.418991310000
140 -1.231850790000
141 -1.044667590000
142 -0.857456730000
143 -0.670198420000
144 -0.482946020000
145 -0.295702110000
146 -0.109476860000
147 0.000000000000

[a]
1 0.000000000000
2 0.749802840000
3 0.749796140000
4 0.749815670000
5 0.749806210000
6 0.749795710000
7 0.749783780000
8 0.749776690000
9 0.749766760000
10 0.749755560000
11 0.749743320000
12 0.749684070000
13 0.749662930000
14 0.749643010000
15 0.749620860000
16 0.749596590000
17 0.749583940000
18 0.749522980000
19 0.749598720000
20 0.749556160000
21 0.749502520000
22 0.749402100000
23 0.749202700000
24 0.748695670000
25 0.748201880000
26 0.748057650000
27 0.748054860000
28 0.748163900000
29 0.748364940000
30 0.748369010000
31 0.748001550000
32 0.747404590000
33 0.746279860000
34 0.737221860000
35 0.731342730000
36 0.726528220000
37 0.718810750000
38 0.703502590000
39 0.656987020000
40 0.003916170000
41 0.003398680000
42 -0.004212730000
43 0.000413830000
44 0.000512470000
45 0.000631210000
46 -0.000262380000
47 -0.002815570000
48 -0.000380340000
49 0.003522670000
50 0.000107150000
51 0.000288690000
52 0.000377580000
53 0.000392420000
54 0.000362110000
55 0.005027160000
56 0.000004010000
57 -0.003267350000
58 -0.000184390000
59 -0.000124190000
60 0.000263220000
61 0.000061210000
62 -0.000347350000
63 -0.000248810000
64 -0.000014840000
65 0.000524940000
66 -0.000019600000
67 -0.000247100000
68 -0.000293120000
69 -0.000685390000
70 -0.001615010000
71 0.002852520000
72 -0.000109960000
73 0.003393340000
74 -0.001890810000
75 -0.005647580000
76 -0.298369470000
77 -0.066991330000
78 -0.111029160000
79 -0.154332670000
80 -0.745306530000
81 -0.688217420000
82 0.734878010000
83 0.736454120000
84 0.711322150000
85 -0.652788720000
86 -0.733880750000
87 -0.735759630000
88 -0.705874060000
89 0.740355310000
90 0.746604640000
91 0.741799260000
92 0.737625570000
93 0.118822200000
94 0.002842830000
95 -0.463179930000
96 -0.737330870000
97 -0.743326230000
98 -0.745343690000
99 -0.748316390000
100 -0.748896440000
101 -0.749179200000
102 -0.749346500000
103 -0.749381430000
104 -0.749512430000
105 -0.749579570000
106 -0.749628550000
107 -0.749655640000
108 -0.748950380000
109 -0.743748580000
110 -0.742433940000
111 -0.749685320000
112 -0.749706350000
113 -0.749728770000
114 -0.749752340000
115 -0.749770170000
116 -0.749792270000
117 -0.749813710000
118 -0.749828730000
119 -0.749822240000
120 -0.749840510000
121 -0.749848020000
122 -0.749852110000
123 -0.749853350000
124 -0.749851860000
125 -0.749847650000
126 -0.749840270000
127 -0.749828710000
128 -0.749810890000
129 -0.749782750000
130 -0.749739740000
131 -0.749676780000
132 -0.749576080000
133 -0.749413830000
134 -0.749101500000
135 -0.748185610000
136 0.431561250000
137 0.748241150000
138 0.749136930000
139 0.749439390000
140 0.749592650000
141 0.749685970000
142 0.749743230000
143 0.749778850000
144 0.749802700000
145 0.749818290000
146 0.749705300000
147 0.000000000000

[phy]
1 0.000000000000
2 0.000000000000
3 0.048504350000
4 0.005637520000
5 -0.110950120000
6 -0.225299840000
7 -0.335908760000
8 -0.433492320000
9 -0.335478010000
10 -0.224570900000
11 -0.110380690000
12 0.005828720000
13 0.035089230000
14 0.043894640000
15 0.059429960000
16 0.083633070000
17 0.068910150000
18 -0.016679720000
19 -0.000727450000
20 0.123448480000
21 0.247564320000
22 0.371538500000
23 0.486514120000
24 0.581587680000
25 0.642269970000
26 0.608180640000
27 0.561927340000
28 0.511128980000
29 0.451658700000
30 0.375236530000
31 0.283304160000
32 0.190047860000
33 0.095482790000
34 -0.000460010000
35 -0.005814240000
36 -0.005575520000
37 -0.005151840000
38 -0.004706770000
39 -0.004089340000
40 -0.001322440000
41 -0.001155600000
42 0.000000030000
43 0.124830560000
44 0.212226490000
45 0.296024080000
46 0.376427660000
47 0.453426330000
48 0.525591760000
49 0.539852920000
50 0.483182590000
51 0.410467050000
52 0.334692440000
53 0.255901750000
54 0.173985160000
55 0.088765970000
56 0.000000030000
57 0.000000030000
58 0.124518580000
59 0.211476950000
60 0.294469180000
61 0.242297520000
62 0.229139400000
63 0.269198570000
64 0.349046550000
65 0.328715550000
66 0.251696880000
67 0.224098790000
68 0.305812860000
69 0.255767280000
70 0.174106670000
71 0.088815650000
72 -0.000115230000
73 -0.000236380000
74 0.000000030000
75 0.124840530000
76 0.088846820000
77 -0.000134620000
78 -0.001927990000
79 -0.001900220000
80 0.000000030000
81 0.124977760000
82 0.217001360000
83 0.307481430000
84 0.391651080000
85 0.470279300000
86 0.433738720000
87 0.357065810000
88 0.275404900000
89 0.188189990000
90 0.094765990000
91 -0.000021380000
92 -0.000226950000
93 0.000000030000
94 0.124907580000
95 0.212342380000
96 0.266631840000
97 0.183667390000
98 0.095058500000
99 -0.000000050000
100 -0.000000060000
101 0.000000090000
102 -0.000000160000
103 0.110094330000
104 0.002063640000
105 -0.121693740000
106 -0.045381230000
107 -0.166710640000
108 -0.043819780000
109 -0.004789340000
110 0.001241710000
111 0.000067540000
112 -0.124857880000
113 -0.249778290000
114 -0.374689640000
115 -0.499582100000
116 -0.624405090000
117 -0.699892480000
118 -0.699877420000
119 -0.619367160000
120 -0.499205500000
121 -0.374408360000
122 -0.249557900000
123 -0.124687160000
124 0.000192860000
125 0.124890310000
126 0.249596340000
127 0.374286140000
128 0.498925010000
129 0.623407600000
130 0.699751040000
131 0.699772020000
132 0.699770060000
133 0.598175210000
134 0.473649960000
135 0.349013940000
136 0.224350360000
137 0.099685470000
138 -0.025020080000
139 -0.149697260000
140 -0.274308800000
141 -0.398705710000
142 -0.373271700000
143 -0.248886790000
144 -0.124291720000
145 0.000362100000
146 0.012102540000
147 0.000000000000

[w]
1 0.000000000000
2 0.232672860000
3 -0.205875180000
4 -0.487092970000
5 -0.482363160000
6 -0.471486490000
7 -0.421287210000
8 0.416882590000
9 0.468938700000
10 0.480398140000
11 0.485988400000
12 0.143409900000
13 0.043766210000
14 0.077543780000
15 0.121325400000
16 -0.074025460000
17 -0.415891660000
18 0.083335910000
19 0.498447080000
20 0.498245440000
21 0.497775190000
22 0.496198600000
23 0.493241990000
24 0.478039450000
25 -0.348026600000
26 -0.478347230000
27 -0.489032660000
28 -0.493281830000
29 -0.495665950000
30 -0.497447040000
31 -0.497974010000
32 -0.498358670000
33 -0.498696720000
34 -0.079432760000
35 0.004299260000
36 0.007649450000
37 0.007952600000
38 0.010791450000
39 0.045331140000
40 0.001015800000
41 0.006984310000
42 0.499659260000
43 0.499421870000
44 0.499234070000
45 0.498828560000
46 0.497159280000
47 0.493320870000
48 0.121679060000
49 -0.485307010000
50 -0.496370950000
51 -0.497754920000
52 -0.498163300000
53 -0.498341490000
54 -0.498459000000
55 -0.498587070000
56 -0.000000000000
57 0.498356090000
58 0.496846850000
59 0.494248290000
60 -0.323416990000
61 -0.079569400000
62 0.240722170000
63 0.489241400000
64 -0.129483350000
65 -0.485572060000
66 -0.167616650000
67 0.489654270000
68 -0.311954420000
69 -0.496741270000
70 -0.498876310000
71 -0.499456060000
72 -0.000723580000
73 0.001428190000
74 0.499679330000
75 -0.205659000000
76 -0.499602570000
77 -0.171630120000
78 0.002665120000
79 0.182191460000
80 0.499956220000
81 0.499928250000
82 0.499905750000
83 0.499850500000
84 0.499659620000
85 -0.247439520000
86 -0.499530230000
87 -0.499820310000
88 -0.499890170000
89 -0.499921890000
90 -0.499936730000
91 -0.002015290000
92 0.002456460000
93 0.499818420000
94 0.499436860000
95 0.323335180000
96 -0.499256210000
97 -0.499622540000
98 -0.499746150000
99 -0.000000060000
100 0.000000600000
101 -0.000001000000
102 0.440661690000
103 -0.463074940000
104 -0.495320930000
105 0.305428730000
106 -0.485630350000
107 0.492937810000
108 0.487549990000
109 0.451773570000
110 -0.106837150000
111 -0.499852980000
112 -0.499831860000
113 -0.499794680000
114 -0.499718650000
115 -0.499511500000
116 -0.302072350000
117 0.000060240000
118 0.322165640000
119 0.498106380000
120 0.499362680000
121 0.499586000000
122 0.499676260000
123 0.499721750000
124 0.499249400000
125 0.499325950000
126 0.499310930000
127 0.499178030000
128 0.498665160000
129 0.305957190000
130 0.000084030000
131 -0.000007850000
132 -0.407038430000
133 -0.498846610000
134 -0.499317970000
135 -0.499448850000
136 -0.499474020000
137 -0.499432720000
138 -0.499306920000
139 -0.499030330000
140 -0.498159070000
141 0.101850500000
142 0.498011270000
143 0.498892100000
144 0.499165890000
145 0.047271750000
146 -0.082879010000
147 0.000000000000

[dt]
1 0.010054850000
2 0.208465860000
3 0.208217550000
4 0.239353980000
5 0.237061480000
6 0.234596160000
7 0.231631890000
8 0.235112500000
9 0.236506630000
10 0.237699120000
11 0.239119710000
12 0.204034100000
13 0.201192060000
14 0.200342530000
15 0.199489190000
16 0.198889830000
17 0.205798490000
18 0.191421330000
19 0.249125620000
20 0.249105820000
21 0.249056550000
22 0.231712920000
23 0.192752370000
24 0.126939910000
25 0.097950350000
26 0.096693990000
27 0.103875190000
28 0.120560460000
29 0.154180780000
30 0.184808360000
31 0.187271430000
32 0.189753020000
33 0.192387080000
34 0.067405710000
35 0.055525170000
36 0.055386490000
37 0.055965100000
38 0.057215420000
39 0.061037450000
40 0.164244740000
41 0.165459240000
42 0.249831320000
43 0.174994200000
44 0.167852300000
45 0.161184800000
46 0.154877260000
47 0.146284980000
48 0.117203100000
49 0.116772130000
50 0.146494350000
51 0.152232770000
52 0.158162380000
53 0.164378430000
54 0.170965300000
55 0.178034980000
56 0.249828630000
57 0.249858590000
58 0.175020480000
59 0.167916070000
60 0.161313920000
61 0.165366520000
62 0.166412460000
63 0.163207730000
64 0.157016330000
65 0.158614310000
66 0.164650000000
67 0.166881150000
68 0.160425930000
69 0.164392660000
70 0.170966270000
71 0.178055460000
72 0.167423690000
73 0.165527990000
74 0.249841240000
75 0.175016470000
76 0.178104440000
77 0.010449080000
78 0.010419780000
79 0.010429980000
80 0.249977340000
81 0.184073620000
82 0.180994260000
83 0.168389640000
84 0.157363570000
85 0.147674750000
86 0.153490040000
87 0.163380530000
88 0.174468150000
89 0.186877190000
90 0.189598740000
91 0.102003860000
92 0.092400610000
93 0.249905870000
94 0.175066770000
95 0.167904580000
96 0.166176090000
97 0.177351670000
98 0.190213670000
99 0.249839130000
100 0.249839060000
101 0.249838890000
102 0.249839030000
103 0.233289800000
104 0.249852920000
105 0.249853760000
106 0.249839030000
107 0.249302980000
108 0.080054230000
109 0.013349730000
110 0.010990350000
111 0.249924320000
112 0.249924880000
113 0.249925330000
114 0.249925540000
115 0.249890110000
116 0.249898380000
117 0.249920060000
118 0.249903320000
119 0.241236940000
120 0.249912820000
121 0.249907850000
122 0.249903270000
123 0.249899120000
124 0.249769860000
125 0.249748740000
126 0.249723770000
127 0.249688200000
128 0.249631610000
129 0.249523280000
130 0.249648630000
131 0.249624440000
132 0.249595230000
133 0.249626320000
134 0.249612540000
135 0.249602290000
136 0.249592330000
137 0.249694400000
138 0.249700490000
139 0.249707350000
140 0.249713220000
141 0.249719040000
142 0.249763240000
143 0.249743510000
144 0.249724240000
145 0.248360500000
146 0.146026530000

[s]
1 0.000000000000
2 0.000000000000
3 0.032546130000
4 0.074781130000
5 0.116610630000
6 0.157097450000
7 0.195856290000
8 0.239632200000
9 0.282744960000
10 0.326320550000
11 0.370885790000
12 0.353045280000
13 0.378902200000
14 0.407519200000
15 0.435743750000
16 0.464176810000
17 0.510982430000
18 0.504814260000
19 0.692734610000
20 0.739198650000
21 0.785556000000
22 0.774105470000
23 0.677416950000
24 0.464454370000
25 0.367694980000
26 0.370065140000
27 0.405062420000
28 0.479494890000
29 0.627117090000
30 0.773015990000
31 0.809219060000
32 0.846522740000
33 0.885558550000
34 0.319946510000
35 0.266313800000
36 0.267897780000
37 0.272948460000
38 0.281348130000
39 0.302599230000
40 0.820845900000
41 0.827022020000
42 1.248883140000
43 0.874595290000
44 0.838913290000
45 0.805603440000
46 0.774094040000
47 0.731142940000
48 0.585741320000
49 0.583582260000
50 0.732182780000
51 0.760865930000
52 0.790509310000
53 0.821587530000
54 0.854520660000
55 0.889867450000
56 1.248935330000
57 1.249085380000
58 0.874814100000
59 0.839298320000
60 0.806295330000
61 0.826558470000
62 0.831788080000
63 0.815760280000
64 0.784807470000
65 0.792794190000
66 0.822975800000
67 0.834127310000
68 0.801855350000
69 0.821674480000
70 0.854511750000
71 0.889895290000
72 0.836844270000
73 0.827365810000
74 1.248932810000
75 0.874808140000
76 0.890067120000
77 0.051663420000
78 0.051511280000
79 0.051549630000
80 1.235097400000
81 0.875183100000
82 0.837613400000
83 0.801678440000
84 0.768699760000
85 0.737901360000
86 0.752162690000
87 0.782226310000
88 0.814338570000
89 0.849243930000
90 0.887843770000
91 0.492097900000
92 0.452760490000
93 1.241564880000
94 0.874952980000
95 0.839241180000
96 0.817678130000
97 0.850937820000
98 0.887574100000
99 1.130377320000
100 1.083667440000
101 1.036920930000
102 0.990158140000
103 0.880894880000
104 0.899756650000
105 0.852970120000
106 0.806128650000
107 0.757707950000
108 0.228347830000
109 0.037278540000
110 0.030580970000
111 0.693382310000
112 0.646556810000
113 0.599729400000
114 0.552899810000
115 0.505996450000
116 0.459192190000
117 0.412404050000
118 0.365546160000
119 0.307665300000
120 0.273524790000
121 0.226687930000
122 0.179853670000
123 0.133021960000
124 0.086149360000
125 0.039366540000
126 -0.007404050000
127 -0.054157840000
128 -0.100882440000
129 -0.147543560000
130 -0.194324000000
131 -0.241027750000
132 -0.287708210000
133 -0.334446800000
134 -0.381124200000
135 -0.427780470000
136 -0.474374470000
137 -0.447672790000
138 -0.401031770000
139 -0.354332560000
140 -0.307609430000
141 -0.260873390000
142 -0.214161170000
143 -0.167377710000
144 -0.120603330000
145 -0.073440720000
146 -0.015986530000

[splus]
1 0.011552450000
2 0.011552450000
3 0.034757410000
4 0.074967680000
5 0.116625870000
6 0.157098790000
7 0.195856420000
8 0.239632210000
9 0.282744960000
10 0.326320550000
11 0.370885790000
12 0.353045280000
13 0.378902200000
14 0.407519200000
15 0.435743750000
16 0.464176810000
17 0.510982430000
18 0.504814260000
19 0.692734610000
20 0.739198650000
21 0.785556000000
22 0.774105470000
23 0.677416950000
24 0.464454370000
25 0.367694980000
26 0.370065140000
27 0.405062420000
28 0.479494890000
29 0.627117090000
30 0.773015990000
31 0.809219060000
32 0.846522740000
33 0.885558550000
34 0.319946520000
35 0.266313800000
36 0.267897780000
37 0.272948470000
38 0.281348130000
39 0.302599230000
40 0.820845900000
41 0.827022020000
42 1.248883140000
43 0.874595290000
44 0.838913290000
45 0.805603440000
46 0.774094040000
47 0.731142940000
48 0.585741320000
49 0.583582260000
50 0.732182780000
51 0.760865930000
52 0.790509310000
53 0.821587530000
54 0.854520660000
55 0.889867450000
56 1.248935330000
57 1.249085380000
58 0.874814100000
59 0.839298320000
60 0.806295330000
61 0.826558470000
62 0.831788080000
63 0.815760280000
64 0.784807470000
65 0.792794190000
66 0.822975800000
67 0.834127310000
68 0.801855350000
69 0.821674480000
70 0.854511750000
71 0.889895290000
72 0.836844270000
73 0.827365810000
74 1.248932810000
75 0.874808140000
76 0.890067120000
77 0.052397960000
78 0.052252400000
79 0.052289090000
80 1.235097400000
81 0.875183100000
82 0.837613400000
83 0.801678440000
84 0.768699760000
85 0.737901360000
86 0.752162690000
87 0.782226310000
88 0.814338570000
89 0.849243930000
90 0.887843770000
91 0.492097900000
92 0.452760490000
93 1.241564880000
94 0.874952980000
95 0.839241180000
96 0.817678130000
97 0.850937820000
98 0.887574100000
99 1.130377320000
100 1.083667440000
101 1.036920930000
102 0.990158140000
103 0.880894880000
104 0.899756650000
105 0.852970120000
106 0.806128650000
107 0.757707950000
108 0.228347850000
109 0.038969900000
110 0.033049410000
111 0.693382310000
112 0.646556810000
113 0.599729400000
114 0.552899810000
115 0.505996450000
116 0.459192190000
117 0.412404050000
118 0.365546160000
119 0.307665300000
120 0.273524790000
121 0.226687950000
122 0.179854020000
123 0.133027660000
124 0.086243930000
125 0.040867420000
126 0.008258240000
127 0.000634350000
128 0.000039140000
129 0.000002380000
130 0.000000140000
131 0.000000010000
132 0.000000000000
133 0.000000000000
134 0.000000000000
135 0.000000000000
136 0.000000000000
137 0.000000000000
138 0.000000000000
139 0.000000000000
140 0.000000000000
141 0.000000000000
142 0.000000040000
143 0.000000730000
144 0.000012000000
145 0.000202080000
146 0.005406690000

[sminus]
1 0.011552450000
2 0.011552450000
3 0.002211280000
4 0.000186550000
5 0.000015240000
6 0.000001340000
7 0.000000130000
8 0.000000010000
9 0.000000000000
10 0.000000000000
11 0.000000000000
12 0.000000000000
13 0.000000000000
14 0.000000000000
15 0.000000000000
16 0.000000000000
17 0.000000000000
18 0.000000000000
19 -0.000000000000
20 -0.000000000000
21 -0.000000000000
22 -0.000000000000
23 0.000000000000
24 0.000000000000
25 0.000000000000
26 0.000000000000
27 0.000000000000
28 0.000000000000
29 -0.000000000000
30 -0.000000000000
31 -0.000000000000
32 -0.000000000000
33 -0.000000000000
34 0.000000000000
35 0.000000000000
36 0.000000000000
37 0.000000000000
38 0.000000000000
39 0.000000000000
40 0.000000000000
41 -0.000000000000
42 -0.000000000000
43 -0.000000000000
44 -0.000000000000
45 -0.000000000000
46 -0.000000000000
47 0.000000000000
48 0.000000000000
49 0.000000000000
50 -0.000000000000
51 -0.000000000000
52 -0.000000000000
53 -0.000000000000
54 -0.000000000000
55 -0.000000000000
56 -0.000000000000
57 -0.000000000000
58 -0.000000000000
59 -0.000000000000
60 -0.000000000000
61 -0.000000000000
62 0.000000000000
63 0.000000000000
64 0.000000000000
65 -0.000000000000
66 -0.000000000000
67 -0.000000000000
68 -0.000000000000
69 -0.000000000000
70 -0.000000000000
71 -0.000000000000
72 0.000000000000
73 0.000000000000
74 -0.000000000000
75 -0.000000000000
76 -0.000000000000
77 0.000734540000
78 0.000741130000
79 0.000739460000
80 0.000000000000
81 -0.000000000000
82 0.000000000000
83 0.000000000000
84 0.000000000000
85 0.000000000000
86 -0.000000000000
87 -0.000000000000
88 -0.000000000000
89 -0.000000000000
90 -0.000000000000
91 0.000000000000
92 0.000000000000
93 -0.000000000000
94 0.000000000000
95 0.000000000000
96 0.000000000000
97 0.000000000000
98 0.000000000000
99 0.000000000000
100 0.000000000000
101 0.000000000000
102 0.000000000000
103 0.000000000000
104 -0.000000000000
105 -0.000000000000
106 -0.000000000000
107 -0.000000000000
108 0.000000020000
109 0.001691350000
110 0.002468440000
111 0.000000000000
112 0.000000000000
113 0.000000000000
114 0.000000000000
115 0.000000000000
116 0.000000000000
117 0.000000000000
118 0.000000000000
119 0.000000000000
120 0.000000000000
121 0.000000020000
122 0.000000340000
123 0.000005700000
124 0.000094570000
125 0.001500880000
126 0.015662290000
127 0.054792190000
128 0.100921580000
129 0.147545940000
130 0.194324150000
131 0.241027760000
132 0.287708210000
133 0.334446800000
134 0.381124200000
135 0.427780470000
136 0.474374470000
137 0.447672790000
138 0.401031770000
139 0.354332560000
140 0.307609430000
141 0.260873400000
142 0.214161220000
143 0.167378430000
144 0.120615330000
145 0.073642800000
146 0.021393220000

[k]
1 0.000000000000
2 0.000000000000
3 0.024271210000
4 0.002818790000
5 -0.055703820000
6 -0.114595470000
7 -0.174570170000
8 -0.231427350000
9 -0.174328570000
10 -0.114211920000
11 -0.055415590000
12 0.002914390000
13 0.017551820000
14 0.021961430000
15 0.029750010000
16 0.041914300000
17 0.034509720000
18 -0.008340630000
19 -0.000363730000
20 0.062039710000
21 0.126374520000
22 0.194817080000
23 0.264459410000
24 0.328720000000
25 0.374039060000
26 0.348107100000
27 0.314818850000
28 0.280420930000
29 0.242551220000
30 0.196949890000
31 0.145567560000
32 0.096184730000
33 0.047887010000
34 -0.000230010000
35 -0.002907150000
36 -0.002787790000
37 -0.002575940000
38 -0.002353400000
39 -0.002044680000
40 -0.000661220000
41 -0.000577800000
42 0.000000010000
43 0.062741510000
44 0.107735600000
45 0.152492600000
46 0.197638190000
47 0.243643960000
48 0.290005320000
49 0.299614860000
50 0.262331380000
51 0.217593300000
52 0.173888160000
53 0.130819010000
54 0.087881120000
55 0.044499920000
56 0.000000010000
57 0.000000010000
58 0.062583070000
59 0.107343490000
60 0.151643240000
61 0.123576590000
62 0.116617880000
63 0.137947760000
64 0.181974190000
65 0.170545180000
66 0.128575110000
67 0.113963580000
68 0.157858440000
69 0.130747180000
70 0.087943750000
71 0.044524960000
72 -0.000057620000
73 -0.000118190000
74 0.000000010000
75 0.062746580000
76 0.044540670000
77 -0.000067310000
78 -0.000964000000
79 -0.000950110000
80 0.000000010000
81 0.062816270000
82 0.110236470000
83 0.158776370000
84 0.206493140000
85 0.254158650000
86 0.231576960000
87 0.186528320000
88 0.141292900000
89 0.095221770000
90 0.047525350000
91 -0.000010690000
92 -0.000113470000
93 0.000000010000
94 0.062780630000
95 0.107796230000
96 0.136567680000
97 0.092880450000
98 0.047672930000
99 -0.000000020000
100 -0.000000030000
101 0.000000040000
102 -0.000000080000
103 0.055270650000
104 0.001031820000
105 -0.061149030000
106 -0.022706200000
107 -0.084136220000
108 -0.021923920000
109 -0.002394690000
110 0.000620860000
111 0.000033770000
112 -0.062755390000
113 -0.127552890000
114 -0.196634090000
115 -0.272880000000
116 -0.360290120000
117 -0.421052290000
118 -0.421039430000
119 -0.356477030000
120 -0.272635660000
121 -0.196471710000
122 -0.127435520000
123 -0.062668690000
124 0.000096430000
125 0.062771860000
126 0.127455990000
127 0.196401170000
128 0.272453750000
129 0.359532950000
130 0.420931440000
131 0.420949360000
132 0.420947690000
133 0.340730640000
134 0.256283100000
135 0.181955720000
136 0.114095900000
137 0.050008490000
138 -0.012512650000
139 -0.075412790000
140 -0.140701270000
141 -0.210634200000
142 -0.195815920000
143 -0.127078230000
144 -0.062467870000
145 0.000181050000
146 0.006051560000

[up]
1 0.011552450000
2 0.011552450000
3 0.035567270000
4 0.075170540000
5 0.122862520000
6 0.174381490000
7 0.228679480000
8 0.292871360000
9 0.330063860000
10 0.362099460000
11 0.390616530000
12 0.354033030000
13 0.385286600000
14 0.416110910000
15 0.448188600000
16 0.482854230000
17 0.527910940000
18 0.508856320000
19 0.692976500000
20 0.783223940000
21 0.880859290000
22 0.918882080000
23 0.849400260000
24 0.611022790000
25 0.499725980000
26 0.493734550000
27 0.527482850000
28 0.608576880000
29 0.773140790000
30 0.919171590000
31 0.922303260000
32 0.924688400000
33 0.926269040000
34 0.320017160000
35 0.267057050000
36 0.268614750000
37 0.273623440000
38 0.281983770000
39 0.303193200000
40 0.821366950000
41 0.827480760000
42 1.248883150000
43 0.927273780000
44 0.925678880000
45 0.923538070000
46 0.920964960000
47 0.902155960000
48 0.748814690000
49 0.751438180000
50 0.916574310000
51 0.919802890000
52 0.922471120000
53 0.924767630000
54 0.926613040000
55 0.927882520000
56 1.248935350000
57 1.249085390000
58 0.927372710000
59 0.925787800000
60 0.923673800000
61 0.924616010000
62 0.924909390000
63 0.923791290000
64 0.921909590000
65 0.922593120000
66 0.924557440000
67 0.925385040000
68 0.923371800000
69 0.924808840000
70 0.926654760000
71 0.927932940000
72 0.836890550000
73 0.827459690000
74 1.248932830000
75 0.927503710000
76 0.928125540000
77 0.052401340000
78 0.052300760000
79 0.052336790000
80 1.235097410000
81 0.927959810000
82 0.926255520000
83 0.923874530000
84 0.921081740000
85 0.917943610000
86 0.919378890000
87 0.922297380000
88 0.924796410000
89 0.926875780000
90 0.928351060000
91 0.492102950000
92 0.452809810000
93 1.241564900000
94 0.927685880000
95 0.926089530000
96 0.924879790000
97 0.926811890000
98 0.928194830000
99 1.130377350000
100 1.083667480000
101 1.036920980000
102 0.990158210000
103 0.927635010000
104 0.900647900000
105 0.903042080000
106 0.823700610000
107 0.818908600000
108 0.233153880000
109 0.039059480000
110 0.033069110000
111 0.693404790000
112 0.685508730000
113 0.673166730000
114 0.657270000000
115 0.638549700000
116 0.618016900000
117 0.579101970000
118 0.513299130000
119 0.412953890000
120 0.345114490000
121 0.269444210000
122 0.201857010000
123 0.141030860000
124 0.086251910000
125 0.043330130000
126 0.009268700000
127 0.000753960000
128 0.000049370000
129 0.000003210000
130 0.000000200000
131 0.000000010000
132 0.000000000000
133 0.000000000000
134 0.000000000000
135 0.000000000000
136 0.000000000000
137 0.000000000000
138 0.000000000000
139 0.000000000000
140 0.000000000000
141 0.000000000000
142 0.000000050000
143 0.000000810000
144 0.000012720000
145 0.000202110000
146 0.005438100000

[down]
1 0.011552450000
2 0.011552450000
3 0.002262800000
4 0.000187050000
5 0.000016060000
6 0.000001490000
7 0.000000150000
8 0.000000010000
9 0.000000000000
10 0.000000000000
11 0.000000000000
12 0.000000000000
13 0.000000000000
14 0.000000000000
15 0.000000000000
16 0.000000000000
17 0.000000000000
18 0.000000000000
19 -0.000000000000
20 -0.000000000000
21 -0.000000000000
22 -0.000000000000
23 0.000000000000
24 0.000000000000
25 0.000000000000
26 0.000000000000
27 0.000000000000
28 0.000000000000
29 -0.000000000000
30 -0.000000000000
31 -0.000000000000
32 -0.000000000000
33 -0.000000000000
34 0.000000000000
35 0.000000000000
36 0.000000000000
37 0.000000000000
38 0.000000000000
39 0.000000000000
40 0.000000000000
41 -0.000000000000
42 -0.000000000000
43 -0.000000000000
44 -0.000000000000
45 -0.000000000000
46 -0.000000000000
47 0.000000000000
48 0.000000000000
49 0.000000000000
50 -0.000000000000
51 -0.000000000000
52 -0.000000000000
53 -0.000000000000
54 -0.000000000000
55 -0.000000000000
56 -0.000000000000
57 0.000000000000
58 -0.000000000000
59 -0.000000000000
60 -0.000000000000
61 -0.000000000000
62 0.000000000000
63 0.000000000000
64 0.000000000000
65 -0.000000000000
66 -0.000000000000
67 -0.000000000000
68 -0.000000000000
69 -0.000000000000
70 -0.000000000000
71 -0.000000000000
72 0.000000000000
73 0.000000000000
74 0.000000000000
75 -0.000000000000
76 -0.000000000000
77 0.000734590000
78 0.000741810000
79 0.000740140000
80 -0.000000000000
81 -0.000000000000
82 0.000000000000
83 0.000000000000
84 0.000000000000
85 0.000000000000
86 -0.000000000000
87 -0.000000000000
88 -0.000000000000
89 -0.000000000000
90 -0.000000000000
91 0.000000000000
92 0.000000000000
93 -0.000000000000
94 0.000000000000
95 0.000000000000
96 0.000000000000
97 0.000000000000
98 0.000000000000
99 0.000000000000
100 -0.000000000000
101 0.000000000000
102 0.000000000000
103 0.000000000000
104 -0.000000000000
105 -0.000000000000
106 -0.000000000000
107 -0.000000000000
108 0.000000020000
109 0.001695240000
110 0.002469910000
111 0.000000000000
112 0.000000000000
113 0.000000000000
114 0.000000000000
115 0.000000000000
116 0.000000000000
117 0.000000000000
118 0.000000000000
119 0.000000000000
120 0.000000000000
121 0.000000020000
122 0.000000380000
123 0.000006040000
124 0.000094580000
125 0.001591330000
126 0.017578690000
127 0.065122990000
128 0.127318180000
129 0.198471660000
130 0.272849410000
131 0.338429820000
132 0.403973920000
133 0.443844820000
134 0.474892860000
135 0.502504090000
136 0.526333680000
137 0.469164740000
138 0.405849020000
139 0.379984910000
140 0.349159220000
141 0.313624300000
142 0.254419950000
143 0.187797780000
144 0.127848530000
145 0.073655600000
146 0.021517500000

[left]
1 0.023104910000
2 0.023104910000
3 0.023996090000
4 0.023328090000
5 0.020829860000
6 0.028505070000
7 0.043320300000
8 0.063072450000
9 0.057343460000
10 0.046177940000
11 0.030755280000
12 0.024371470000
13 0.035486790000
14 0.041622310000
15 0.053418020000
16 0.073791750000
17 0.068460410000
18 0.020481240000
19 0.022813940000
20 0.164246930000
21 0.344397020000
22 0.516318030000
23 0.602513720000
24 0.498927140000
25 0.443932980000
26 0.416702790000
27 0.414842500000
28 0.441791790000
29 0.509486960000
30 0.521042960000
31 0.407890140000
32 0.287026270000
33 0.155853550000
34 0.023024960000
35 0.022339770000
36 0.022364080000
37 0.022402940000
38 0.022439280000
39 0.022476620000
40 0.022483160000
41 0.022552530000
42 0.023104930000
43 0.197973840000
44 0.316990530000
45 0.424667830000
46 0.523618990000
47 0.603964980000
48 0.564111410000
49 0.580127860000
50 0.650409850000
51 0.564592290000
52 0.472766460000
53 0.373842900000
54 0.265922940000
55 0.146385090000
56 0.023104930000
57 0.023104930000
58 0.197555590000
59 0.316035900000
60 0.422761960000
61 0.356110260000
62 0.339018790000
63 0.390547760000
64 0.490325000000
65 0.465361590000
66 0.368303760000
67 0.332576570000
68 0.436977460000
69 0.373686960000
70 0.266101240000
71 0.146465720000
72 0.023046180000
73 0.022986710000
74 0.023104930000
75 0.198040110000
76 0.146542790000
77 0.023101330000
78 0.023054110000
79 0.023054800000
80 0.023104930000
81 0.198337570000
82 0.323536400000
83 0.439345590000
84 0.542405210000
85 0.635877230000
86 0.592642940000
87 0.500504520000
88 0.398979820000
89 0.285255010000
90 0.155181520000
91 0.023098920000
92 0.023047250000
93 0.023104930000
94 0.198176190000
95 0.317296720000
96 0.387745330000
97 0.279124650000
98 0.155578050000
99 0.023104870000
100 0.023104860000
101 0.023104970000
102 0.023104810000
103 0.177112280000
104 0.024377620000
105 0.060007530000
106 0.028705830000
107 0.070776840000
108 0.020581840000
109 0.023014340000
110 0.023124410000
111 0.023132820000
112 0.049247140000
113 0.082618370000
114 0.112552360000
115 0.139825340000
116 0.165248450000
117 0.172867420000
118 0.154534230000
119 0.113441100000
120 0.080830410000
121 0.052928420000
122 0.032914900000
123 0.021456070000
124 0.023113530000
125 0.026384810000
126 0.022731990000
127 0.023251770000
128 0.038520060000
129 0.064748110000
130 0.095489640000
131 0.118036640000
132 0.141485930000
133 0.136473980000
134 0.120906460000
135 0.100511720000
136 0.074671410000
137 0.037427840000
138 0.030674510000
139 0.090671790000
140 0.139664780000
141 0.174201100000
142 0.135684240000
143 0.074616400000
144 0.036438460000
145 0.023091670000
146 0.023009430000

[right]
1 0.023104910000
2 0.023104910000
3 0.022377010000
4 0.022892050000
5 0.034401370000
6 0.066482580000
7 0.116109770000
8 0.182351220000
9 0.164420840000
10 0.127953620000
11 0.076309500000
12 0.022100120000
13 0.020719850000
14 0.021621880000
15 0.024265030000
16 0.029761900000
17 0.028140740000
18 0.030095460000
19 0.023412950000
20 0.054156230000
21 0.103778250000
22 0.151653990000
23 0.177982140000
24 0.153387940000
25 0.139319950000
26 0.131228370000
27 0.130019730000
28 0.136466170000
29 0.152860800000
30 0.152988440000
31 0.120984980000
32 0.087194010000
33 0.050948600000
34 0.023186190000
35 0.024015290000
36 0.023980960000
37 0.023926890000
38 0.023877200000
39 0.023826840000
40 0.023808270000
41 0.023720650000
42 0.023104880000
43 0.062529880000
44 0.095516240000
45 0.125678770000
46 0.153680670000
47 0.177043180000
48 0.169359920000
49 0.173988030000
50 0.189989680000
51 0.165357070000
52 0.139252990000
53 0.111400690000
54 0.081316850000
55 0.048340520000
56 0.023104880000
57 0.023104880000
58 0.062413870000
59 0.095249050000
60 0.125140580000
61 0.106443560000
62 0.101666720000
63 0.116094960000
64 0.144227310000
65 0.137159960000
66 0.109853850000
67 0.099863310000
68 0.129144940000
69 0.111356430000
70 0.081365850000
71 0.048362360000
72 0.023164280000
73 0.023225760000
74 0.023104880000
75 0.062546400000
76 0.048382460000
77 0.023108480000
78 0.023156280000
79 0.023155580000
80 0.023104880000
81 0.062624920000
82 0.097332170000
83 0.129802630000
84 0.159013760000
85 0.185780840000
86 0.173368970000
87 0.147100390000
88 0.118443430000
89 0.086677440000
90 0.050751970000
91 0.023110900000
92 0.023163230000
93 0.023104880000
94 0.062582530000
95 0.095596330000
96 0.115292400000
97 0.084976420000
98 0.050861750000
99 0.023104940000
100 0.023104950000
101 0.023104850000
102 0.023105010000
103 0.056783330000
104 0.022074400000
105 0.188185760000
106 0.073259240000
107 0.224406670000
108 0.031321190000
109 0.023197470000
110 0.023085500000
111 0.023077140000
112 0.144771810000
113 0.260923030000
114 0.363415890000
115 0.455191390000
116 0.539246920000
117 0.561343390000
118 0.495254600000
119 0.353063960000
120 0.242486110000
121 0.148432710000
122 0.081526010000
123 0.038941620000
124 0.023096300000
125 0.021313490000
126 0.024628650000
127 0.044559980000
128 0.092956220000
129 0.168572620000
130 0.253671940000
131 0.311875480000
132 0.370038370000
133 0.348863010000
134 0.300672500000
135 0.241950280000
136 0.171760060000
137 0.077885610000
138 0.021489200000
139 0.041135110000
140 0.058417820000
141 0.069767320000
142 0.055002440000
143 0.033196980000
144 0.021591640000
145 0.023118180000
146 0.023204450000
