 19.60268949
 19.60268949
 19.60268949
 19.59562924
 19.57934928
 19.55393897
 19.52070295
 19.48271963
 19.44430987
 19.41452904
 19.39618882
 19.38915612
 19.38971740
 19.38992993
 19.38744836
 19.38089536
 19.36789890
 19.34365768
 19.31082146
 19.26867269
 19.22388278
 19.14038746
 18.98222632
 18.74576414
 18.50867788
 18.27508115
 18.00301732
 17.67241736
 17.24901046
 16.66079227
 15.90348678
 15.09526731
 14.25070597
 13.37502645
 13.06095397
 12.79952580
 12.53650324
 12.26848328
 11.99217796
 11.69496475
 10.88863398
 10.07615238
  8.84911541
  7.98981904
  7.17538943
  6.41392816
  5.71873248
  5.11878750
  4.70508268
  4.36867578
  4.05712194
  3.87075750
  3.80609054
  3.85171818
  3.99042601
  4.20034178
  4.54277744
  4.88525426
  5.12511261
  5.39905576
  5.72973009
  6.15812700
  6.65952066
  7.21198005
  7.80495869
  8.47178989
  9.21768881
 10.00669142
 10.78643755
 11.60325416
 12.45776512
 13.34523896
 14.17670734
 14.99876267
 16.23969297
 17.10889578
 17.98640872
 18.03696071
 18.08736388
 18.13780511
 19.34635828
 20.20273228
 21.01161503
 21.76330368
 22.44431968
 23.03573426
 23.54414316
 23.96496701
 24.29860825
 24.55530987
 24.75443833
 24.84448027
 24.92732676
 25.15457205
 25.31471586
 25.42279355
 25.45440680
 25.39234643
 25.25792595
 25.03962274
 24.83034036
 24.63008590
 24.43886241
 24.26874038
 24.05221624
 23.84618263
 23.69251107
 23.56170818
 23.53669771
 23.53280022
 23.52960568
 23.45716072
 23.38959306
 23.35116472
 23.35800787
 23.41913242
 23.53681451
 23.70671254
 23.91258970
 24.12279382
 24.33041117
 24.51299450
 24.66245799
 24.77466968
 24.84772477
 24.88110762
 24.87483870
 24.82895671
 24.74292484
 24.61503057
 24.44168540
 24.21849692
 23.94245070
 23.61252348
 23.23188765
 22.80458051
 22.33390040
 21.89338106
 21.50045479
 21.15293256
 20.84973952
 20.59094652
 20.37733141
 20.21002648
 20.08942723
 20.01598652
 20.00000000
