  0.00000000
  0.74999973
  0.74999971
  0.74999970
  0.74999969
  0.74999968
  0.74999966
  0.74999964
  0.74999963
  0.74999961
  0.74999958
  0.74999956
  0.74999953
  0.74999950
  0.74999947
  0.74999942
  0.74999938
  0.74999933
  0.74999926
  0.74999917
  0.74999894
  0.74999877
  0.74999869
  0.74999863
  0.74999859
  0.74999851
  0.74999827
  0.74999792
  0.74999736
  0.74999629
  0.74999397
  0.74998672
  0.63969928
 -0.00000196
 -0.00000214
 -0.00000216
 -0.00000185
 -0.00000108
 -0.00000231
 -0.00001153
 -0.37108683
 -0.74994468
 -0.74997741
 -0.74998672
 -0.74999057
 -0.74999381
 -0.74999555
 -0.74999675
 -0.74999760
 -0.74999824
 -0.74999870
 -0.74999892
 -0.74999907
 -0.74999919
 -0.74999926
 -0.74999919
 -0.74999942
 -0.74999947
 -0.74999950
 -0.74999954
 -0.74999958
 -0.74999961
 -0.74999964
 -0.74999965
 -0.74999969
 -0.74999971
 -0.74999973
 -0.74999974
 -0.74999975
 -0.74999975
 -0.74999974
 -0.74999973
 -0.74999971
 -0.74999968
 -0.74999965
 -0.74999960
 -0.74999953
 -0.74999946
 -0.74999932
 -0.74999913
 -0.74999882
 -0.74999821
 -0.74999640
  0.58975457
  0.74999660
  0.74999835
  0.74999894
  0.74999924
  0.74999944
  0.74999955
  0.74999961
  0.74999964
  0.74999966
  0.74999967
  0.74999968
  0.00000000
