  0.00000000
  0.00000000
 -0.03201326
 -0.05979124
 -0.08154783
 -0.09151141
 -0.08334729
 -0.06544937
 -0.04246491
 -0.01506234
  0.01966307
  0.05130952
  0.07792247
  0.06932290
  0.03515745
 -0.00149935
 -0.00170433
 -0.00121837
 -0.00091795
 -0.00070657
 -0.00055640
 -0.00044661
 -0.00036425
 -0.00030122
 -0.00025212
 -0.00021327
 -0.00018215
 -0.00015693
 -0.00013627
 -0.00011919
 -0.00010493
 -0.00009293
 -0.00008277
 -0.00007395
 -0.00868495
 -0.04726143
 -0.08643837
 -0.12671411
 -0.16867772
 -0.21305277
 -0.26076972
 -0.31307250
 -0.36914182
 -0.42111194
 -0.42111427
 -0.39446073
 -0.35904698
 -0.32406978
 -0.28677085
 -0.24349473
 -0.19924959
 -0.15699772
 -0.11635961
 -0.07691280
 -0.03825716
  0.00000428
 -0.02524354
 -0.04267457
 -0.05791644
 -0.02788506
  0.00339713
  0.03495248
  0.06679740
  0.09977345
  0.13364391
  0.16876977
  0.20557500
  0.24456567
  0.28634993
  0.29513877
  0.27314365
  0.26300051
  0.26558139
  0.28278803
  0.29911733
  0.26040379
  0.22198510
  0.18540498
  0.15033741
  0.11648564
  0.08357865
  0.05137247
  0.01945663
  0.04825576
  0.07998849
  0.11235278
  0.08158517
  0.08817871
  0.14219758
  0.20143127
  0.26590637
  0.33803270
  0.42113459
  0.42113811
  0.42113872
  0.42113894
  0.42113889
  0.42113861
  0.35145403
  0.27752817
  0.21306667
  0.15493292
  0.10101485
  0.04976861
 -0.00001497
 -0.04753740
 -0.09573445
 -0.14538250
 -0.19743538
 -0.25301828
 -0.31350728
 -0.38066505
 -0.42113528
 -0.42113526
 -0.42113491
 -0.42113420
 -0.42113303
 -0.40547164
 -0.33323951
 -0.26939308
 -0.21156180
 -0.15802780
 -0.10357724
 -0.05126025
  0.00000460
  0.04381257
  0.08903821
  0.13582622
  0.18497385
  0.23749617
  0.29467310
  0.35814260
  0.29532746
  0.23807882
  0.18553304
  0.13641352
  0.08968094
  0.04446499
