task_id 24

[x]
1 5.000000000000
2 5.000000000000
3 5.000000000000
4 5.017460040000
5 5.052379010000
6 5.104756030000
7 5.174589840000
8 5.261876740000
9 5.366608940000
10 5.488778370000
11 5.628389230000
12 5.785433430000
13 5.959942730000
14 6.151951480000
15 6.361484170000
16 6.588500510000
17 6.832821610000
18 7.094587670000
19 7.373800590000
20 7.670460520000
21 7.984567540000
22 8.316121840000
23 8.665123560000
24 9.031572840000
25 9.415469520000
26 9.816813700000
27 10.235605440000
28 10.671844870000
29 11.125532110000
30 11.596667350000
31 12.085250240000
32 12.591280860000
33 13.114759430000
34 13.655686200000
35 14.214062170000
36 14.794984400000
37 15.393953300000
38 16.011087920000
39 16.645545640000
40 17.294063710000
41 17.948791610000
42 18.593980120000
43 19.176125380000
44 19.637230150000
45 19.886493590000
46 20.018065210000
47 20.063416670000
48 20.027350650000
49 19.894506770000
50 19.617135040000
51 19.189218860000
52 18.653022560000
53 18.039696710000
54 17.374646280000
55 16.677430230000
56 15.962257570000
57 15.366112560000
58 14.769990610000
59 14.170628780000
60 13.565690360000
61 12.954172060000
62 12.340172010000
63 11.726487230000
64 11.106421090000
65 10.505172160000
66 9.927268090000
67 9.378947270000
68 8.868693090000
69 8.407650330000
70 8.018105300000
71 7.770348690000
72 7.585891000000
73 7.447716290000
74 7.349383910000
75 7.292050480000
76 7.283207720000
77 7.340908150000
78 7.455628160000
79 7.614272120000
80 7.805044360000
81 8.017761050000
82 8.243865160000
83 8.476271040000
84 8.709266180000
85 8.937834970000
86 9.165218580000
87 9.394487510000
88 9.625724870000
89 10.000834040000
90 10.385485510000
91 10.772409600000
92 11.162881920000
93 11.553541120000
94 11.957262360000
95 12.340076170000
96 12.687941470000
97 12.993482900000
98 13.254237150000
99 13.471013600000
100 13.646190280000
101 13.783127870000
102 13.887990880000
103 13.964795250000
104 14.016041390000
105 14.043209210000
106 14.047041600000
107 14.029864410000
108 13.992050500000
109 13.934240730000
110 13.857457030000
111 13.763309900000
112 13.654246480000
113 13.533867940000
114 13.402723380000
115 13.269985860000
116 13.142168990000
117 13.026875980000
118 12.932778760000
119 12.867636120000
120 12.844729780000
121 12.865934110000
122 12.931170140000
123 13.046877310000
124 13.187316890000
125 13.335929980000
126 13.462521190000
127 13.580041840000
128 13.684887280000
129 13.774729230000
130 13.848361060000
131 13.905553200000
132 13.946941140000
133 13.973972320000
134 13.988599320000
135 13.995750390000
136 13.998771820000
137 13.999781140000
138 13.999993990000
139 14.000000000000

[y]
1 26.644254280000
2 26.644254280000
3 26.644254280000
4 26.644254280000
5 26.644234760000
6 26.644096120000
7 26.643612970000
8 26.642451130000
9 26.640294790000
10 26.636941260000
11 26.632383700000
12 26.626926240000
13 26.621401610000
14 26.617044340000
15 26.615425860000
16 26.616969910000
17 26.620582090000
18 26.624356320000
19 26.628257560000
20 26.632301710000
21 26.636498210000
22 26.640854280000
23 26.645375240000
24 26.650065150000
25 26.654927170000
26 26.659963800000
27 26.665177060000
28 26.670568600000
29 26.676139770000
30 26.681891700000
31 26.687825320000
32 26.693941400000
33 26.700240620000
34 26.706723510000
35 26.713390570000
36 26.720302770000
37 26.724407220000
38 26.711163710000
39 26.663609430000
40 26.561988650000
41 26.383492430000
42 26.102504630000
43 25.709132550000
44 25.220659900000
45 24.773590150000
46 24.337573820000
47 23.891319680000
48 23.415526010000
49 22.888633050000
50 22.272612060000
51 21.669156350000
52 21.145200400000
53 20.703182670000
54 20.334851930000
55 20.025728830000
56 19.757624720000
57 19.553799310000
58 19.349980000000
59 19.155641600000
60 18.977316260000
61 18.821084120000
62 18.675680540000
63 18.528961830000
64 18.366181240000
65 18.180489080000
66 17.961422180000
67 17.699972350000
68 17.388918310000
69 17.023428310000
70 16.610779760000
71 16.244019960000
72 15.874951360000
73 15.497338710000
74 15.104097110000
75 14.689384120000
76 14.223702470000
77 13.746508290000
78 13.288643110000
79 12.854415170000
80 12.444941250000
81 12.059155690000
82 11.694657220000
83 11.348357100000
84 11.016759410000
85 10.696853310000
86 10.391042300000
87 10.101557930000
88 9.833251530000
89 9.422624570000
90 9.040938640000
91 8.712066930000
92 8.443675860000
93 8.242180340000
94 8.104973890000
95 8.047885840000
96 8.053091600000
97 8.102863700000
98 8.181202060000
99 8.274522680000
100 8.371569980000
101 8.460562720000
102 8.535681140000
103 8.593958880000
104 8.634063620000
105 8.655614340000
106 8.658665100000
107 8.644990980000
108 8.614824250000
109 8.568265780000
110 8.505048130000
111 8.424381490000
112 8.324835630000
113 8.204288220000
114 8.054715940000
115 7.874966300000
116 7.662685490000
117 7.416266370000
118 7.135188450000
119 6.810860420000
120 6.453911080000
121 6.069533800000
122 5.662226760000
123 5.201562690000
124 4.779387190000
125 4.393051940000
126 4.083718400000
127 3.796548070000
128 3.530072560000
129 3.283453520000
130 3.056484210000
131 2.849482400000
132 2.663139820000
133 2.498064570000
134 2.355724220000
135 2.236966300000
136 2.142038310000
137 2.070947670000
138 2.023627030000
139 2.000000000000

[theta]
1 0.000000000000
2 0.000000000000
3 -0.000000000000
4 -0.000558960000
5 -0.002646860000
6 -0.006918260000
7 -0.013309290000
8 -0.020585350000
9 -0.027441700000
10 -0.032631790000
11 -0.034735970000
12 -0.031646350000
13 -0.022688190000
14 -0.007722950000
15 0.006802740000
16 0.014784270000
17 0.014417980000
18 0.013971980000
19 0.013631910000
20 0.013359690000
21 0.013137850000
22 0.012953460000
23 0.012797670000
24 0.012664270000
25 0.012548700000
26 0.012447570000
27 0.012358310000
28 0.012278900000
29 0.012207750000
30 0.012143590000
31 0.012085390000
32 0.012032330000
33 0.011983710000
34 0.011938960000
35 0.011897700000
36 0.006852060000
37 -0.021456690000
38 -0.074813010000
39 -0.155433160000
40 -0.266158410000
41 -0.410740820000
42 -0.594249560000
43 -0.814211390000
44 -1.062175480000
45 -1.277727000000
46 -1.469517280000
47 -1.646453700000
48 -1.817776090000
49 -1.993869700000
50 -2.187608210000
51 -2.367739820000
52 -2.517115400000
53 -2.635806950000
54 -2.724267780000
55 -2.782926950000
56 -2.812146800000
57 -2.812144110000
58 -2.828046920000
59 -2.854932780000
60 -2.891461700000
61 -2.909062650000
62 -2.906919230000
63 -2.884864980000
64 -2.842042600000
65 -2.779258030000
66 -2.696661830000
67 -2.594140420000
68 -2.471290900000
69 -2.327403340000
70 -2.164908090000
71 -2.034277910000
72 -1.921579730000
73 -1.815827490000
74 -1.708174240000
75 -1.589782840000
76 -1.450464310000
77 -1.325296030000
78 -1.220515010000
79 -1.134802160000
80 -1.066889710000
81 -1.015572640000
82 -0.979723080000
83 -0.958297810000
84 -0.950412970000
85 -0.931440160000
86 -0.900957850000
87 -0.859468200000
88 -0.830570570000
89 -0.781528440000
90 -0.704473440000
91 -0.602185400000
92 -0.476194460000
93 -0.327608000000
94 -0.148036460000
95 0.014963830000
96 0.161479780000
97 0.291851240000
98 0.406513740000
99 0.505906700000
100 0.576289750000
101 0.621614110000
102 0.649098090000
103 0.664035430000
104 0.670608820000
105 0.672334670000
106 0.672334600000
107 0.673378300000
108 0.678009240000
109 0.688800560000
110 0.708437390000
111 0.739806310000
112 0.786099540000
113 0.850949740000
114 0.934723630000
115 1.028825600000
116 1.133178940000
117 1.247751290000
118 1.372579420000
119 1.506711540000
120 1.625905750000
121 1.729611710000
122 1.816880500000
123 1.891938970000
124 1.938022480000
125 1.959240690000
126 1.959239160000
127 1.945644690000
128 1.920147660000
129 1.884496680000
130 1.840359100000
131 1.789354810000
132 1.733106260000
133 1.673197810000
134 1.630939310000
135 1.602614310000
136 1.584993090000
137 1.575294380000
138 1.571050580000
139 1.570000000000

[v]
1 0.000000000000
2 0.000000000000
3 0.114434580000
4 0.228865890000
5 0.343295170000
6 0.457722880000
7 0.572150260000
8 0.686578500000
9 0.801007650000
10 0.915438430000
11 1.029877250000
12 1.144309660000
13 1.258740030000
14 1.373170920000
15 1.487612750000
16 1.602065070000
17 1.716452190000
18 1.830839120000
19 1.945226780000
20 2.059615020000
21 2.174003720000
22 2.288392850000
23 2.402782370000
24 2.517172230000
25 2.631562320000
26 2.745952620000
27 2.860343070000
28 2.974733680000
29 3.089124420000
30 3.203515290000
31 3.317906140000
32 3.432296950000
33 3.546687700000
34 3.661078380000
35 3.775469100000
36 3.890872330000
37 4.006325310000
38 4.121874820000
39 4.237633800000
40 4.353802920000
41 4.470692620000
42 4.588732150000
43 4.703542820000
44 4.810612240000
45 4.890345150000
46 4.960046440000
47 4.999863910000
48 4.999891000000
49 4.999927710000
50 4.999938960000
51 4.999938760000
52 4.999939030000
53 4.999939400000
54 4.999939660000
55 4.999939780000
56 4.999926880000
57 4.999926890000
58 4.999926920000
59 4.999927010000
60 4.999926990000
61 4.999926870000
62 4.999926510000
63 4.992298250000
64 4.896057860000
65 4.799698840000
66 4.703149180000
67 4.606296440000
68 4.509010850000
69 4.411162180000
70 4.314689020000
71 4.237763280000
72 4.164750540000
73 4.092347640000
74 4.018067390000
75 3.939929310000
76 3.851273400000
77 3.757673460000
78 3.663468250000
79 3.568829450000
80 3.473901270000
81 3.378794360000
82 3.283587590000
83 3.188332270000
84 3.093003370000
85 2.997669910000
86 2.902328870000
87 2.806906190000
88 2.712267250000
89 2.558478020000
90 2.399630260000
91 2.240918670000
92 2.082341700000
93 1.924025750000
94 1.757813630000
95 1.592675150000
96 1.428846400000
97 1.266355360000
98 1.105105830000
99 0.944934460000
100 0.785986080000
101 0.630150000000
102 0.476625280000
103 0.324916510000
104 0.174709430000
105 0.025845960000
106 -0.116297620000
107 -0.257885530000
108 -0.398565130000
109 -0.538240690000
110 -0.676829180000
111 -0.814209900000
112 -0.950225960000
113 -1.084687370000
114 -1.222230170000
115 -1.359343160000
116 -1.496056010000
117 -1.632439960000
118 -1.768617500000
119 -1.908893920000
120 -2.049419870000
121 -2.190286790000
122 -2.331478260000
123 -2.178707830000
124 -2.025556490000
125 -1.872295730000
126 -1.738413140000
127 -1.604550170000
128 -1.470702670000
129 -1.336853890000
130 -1.202989040000
131 -1.069101150000
132 -0.935193500000
133 -0.801045900000
134 -0.667075580000
135 -0.533314210000
136 -0.399750470000
137 -0.266359950000
138 -0.133117030000
139 0.000000000000

[a]
1 0.000000000000
2 0.749992550000
3 0.749992360000
4 0.749992170000
5 0.749991970000
6 0.749991760000
7 0.749991530000
8 0.749991300000
9 0.749991050000
10 0.749990780000
11 0.749990500000
12 0.749990200000
13 0.749989890000
14 0.749989550000
15 0.749989180000
16 0.749988790000
17 0.749988370000
18 0.749987920000
19 0.749987430000
20 0.749986900000
21 0.749986330000
22 0.749985700000
23 0.749985010000
24 0.749984260000
25 0.749983420000
26 0.749982490000
27 0.749981450000
28 0.749980280000
29 0.749978940000
30 0.749977420000
31 0.749975660000
32 0.749973600000
33 0.749971160000
34 0.749968230000
35 0.749964930000
36 0.749960510000
37 0.749954940000
38 0.749947680000
39 0.749937770000
40 0.749923180000
41 0.749898740000
42 0.749846720000
43 0.749712990000
44 0.749349680000
45 0.748434450000
46 0.440297360000
47 0.000284140000
48 0.000338220000
49 0.000083390000
50 -0.000001340000
51 0.000001830000
52 0.000002430000
53 0.000001740000
54 0.000000770000
55 -0.000084490000
56 0.000000090000
57 0.000000200000
58 0.000000740000
59 -0.000000150000
60 -0.000000950000
61 -0.000002910000
62 -0.060448280000
63 -0.749459540000
64 -0.749724350000
65 -0.749815000000
66 -0.749861170000
67 -0.749889430000
68 -0.749908750000
69 -0.749921000000
70 -0.749908190000
71 -0.749910290000
72 -0.749915010000
73 -0.749922330000
74 -0.749930800000
75 -0.749943890000
76 -0.749951180000
77 -0.749955170000
78 -0.749958560000
79 -0.749961470000
80 -0.749963980000
81 -0.749966180000
82 -0.749968120000
83 -0.749969840000
84 -0.749971380000
85 -0.749972780000
86 -0.749974060000
87 -0.749975000000
88 -0.749986480000
89 -0.749988390000
90 -0.749989550000
91 -0.749990520000
92 -0.749991370000
93 -0.749992560000
94 -0.749993150000
95 -0.749993630000
96 -0.749994030000
97 -0.749994370000
98 -0.749994660000
99 -0.749994850000
100 -0.749994880000
101 -0.749994860000
102 -0.749994790000
103 -0.749994680000
104 -0.749994520000
105 -0.749994050000
106 -0.749993890000
107 -0.749993650000
108 -0.749993320000
109 -0.749992900000
110 -0.749992360000
111 -0.749991640000
112 -0.749990680000
113 -0.749989750000
114 -0.749988260000
115 -0.749986310000
116 -0.749983630000
117 -0.749979700000
118 -0.749974010000
119 -0.749962410000
120 -0.749933100000
121 -0.749700110000
122 0.749897290000
123 0.749957140000
124 0.749972850000
125 0.749976280000
126 0.749980860000
127 0.749983950000
128 0.749986180000
129 0.749987860000
130 0.749989180000
131 0.749990250000
132 0.749991140000
133 0.749991850000
134 0.749992450000
135 0.749992950000
136 0.749993390000
137 0.749993770000
138 0.749994100000
139 0.000000000000

[phy]
1 0.000000000000
2 0.000000000000
3 -0.063939660000
4 -0.119025910000
5 -0.161722370000
6 -0.181144060000
7 -0.165256840000
8 -0.130188350000
9 -0.084736650000
10 -0.030117680000
11 0.039309570000
12 0.102270010000
13 0.154606910000
14 0.137780400000
15 0.070201920000
16 -0.002998770000
17 -0.003409350000
18 -0.002436990000
19 -0.001836010000
20 -0.001413190000
21 -0.001112820000
22 -0.000893240000
23 -0.000728500000
24 -0.000602440000
25 -0.000504240000
26 -0.000426550000
27 -0.000364310000
28 -0.000313860000
29 -0.000272550000
30 -0.000238380000
31 -0.000209850000
32 -0.000185870000
33 -0.000165550000
34 -0.000147900000
35 -0.017368150000
36 -0.094242860000
37 -0.171184770000
38 -0.248202640000
39 -0.325366110000
40 -0.402806740000
41 -0.480730380000
42 -0.559422380000
43 -0.635960550000
44 -0.699962270000
45 -0.699965000000
46 -0.667949190000
47 -0.622766660000
48 -0.575066270000
49 -0.520737660000
50 -0.453185140000
51 -0.379211900000
52 -0.304246680000
53 -0.228649440000
54 -0.152629240000
55 -0.076365530000
56 0.000008560000
57 -0.050444550000
58 -0.085150750000
59 -0.115327850000
60 -0.055712900000
61 0.006794170000
62 0.069791460000
63 0.132808460000
64 0.196959860000
65 0.261182220000
66 0.325531350000
67 0.390081330000
68 0.454914950000
69 0.520104000000
70 0.533242130000
71 0.499988350000
72 0.484231590000
73 0.488265970000
74 0.514723330000
75 0.539120480000
76 0.480154790000
77 0.417828290000
78 0.355092260000
79 0.292075930000
80 0.228888770000
81 0.165626330000
82 0.102386100000
83 0.038894700000
84 0.096213640000
85 0.158634130000
86 0.221040280000
87 0.161744930000
88 0.174562480000
89 0.277079700000
90 0.382971680000
91 0.488772740000
92 0.594481240000
93 0.699988770000
94 0.699992890000
95 0.699993600000
96 0.699993860000
97 0.699993800000
98 0.699993470000
99 0.612675020000
100 0.506716950000
101 0.402830220000
102 0.300483260000
103 0.199346420000
104 0.099210440000
105 -0.000029950000
106 -0.094789880000
107 -0.189179290000
108 -0.282962960000
109 -0.376076860000
110 -0.468465260000
111 -0.560046780000
112 -0.650713180000
113 -0.699989570000
114 -0.699989550000
115 -0.699989150000
116 -0.699988320000
117 -0.699986950000
118 -0.681378940000
119 -0.587873260000
120 -0.494193410000
121 -0.400280530000
122 -0.306121040000
123 -0.204265370000
124 -0.102163580000
125 0.000009200000
126 0.087401900000
127 0.176229180000
128 0.265251650000
129 0.354334610000
130 0.443443410000
131 0.532551360000
132 0.621576910000
133 0.533520030000
134 0.444392500000
135 0.355317320000
136 0.266344900000
137 0.177474780000
138 0.088696650000
139 0.000000000000

[w]
1 0.000000000000
2 -0.419049990000
3 -0.361032260000
4 -0.279831120000
5 -0.127287100000
6 0.104125820000
7 0.229840810000
8 0.297894590000
9 0.357975400000
10 0.455000750000
11 0.412642980000
12 0.343020760000
13 -0.110285870000
14 -0.442871190000
15 -0.479671580000
16 -0.002693390000
17 0.006375960000
18 0.003941010000
19 0.002772830000
20 0.001969810000
21 0.001440040000
22 0.001080480000
23 0.000826810000
24 0.000644030000
25 0.000509630000
26 0.000408260000
27 0.000330890000
28 0.000271010000
29 0.000224120000
30 0.000187140000
31 0.000157330000
32 0.000133300000
33 0.000115810000
34 -0.112898750000
35 -0.499581560000
36 -0.499799970000
37 -0.499871680000
38 -0.499905630000
39 -0.499923290000
40 -0.499930660000
41 -0.499926020000
42 -0.499882980000
43 -0.448147960000
44 -0.000025650000
45 0.343777350000
46 0.499623150000
47 0.499824180000
48 0.499901060000
49 0.499947500000
50 0.499963540000
51 0.499968160000
52 0.499970270000
53 0.499971240000
54 0.499971650000
55 0.499971810000
56 -0.400417560000
57 -0.275492690000
58 -0.239336050000
59 0.472577970000
60 0.495154730000
61 0.499191630000
62 0.499350560000
63 0.499571030000
64 0.499684250000
65 0.499742470000
66 0.499764310000
67 0.499745860000
68 0.499606980000
69 0.102149830000
70 -0.324135560000
71 -0.161834840000
72 0.041786490000
73 0.267110590000
74 0.234154420000
75 -0.498793370000
76 -0.499379190000
77 -0.499433530000
78 -0.499368820000
79 -0.499198190000
80 -0.498855530000
81 -0.498159110000
82 -0.499885960000
83 0.450923990000
84 0.491046730000
85 0.490895280000
86 -0.466017270000
87 0.101574320000
88 0.499947460000
89 0.499961470000
90 0.499961620000
91 0.499948860000
92 0.499821830000
93 0.000018590000
94 0.000003230000
95 0.000001180000
96 -0.000000260000
97 -0.000001520000
98 -0.408864450000
99 -0.499961140000
100 -0.499977380000
101 -0.499982580000
102 -0.499984960000
103 -0.499986130000
104 -0.499986640000
105 -0.499983060000
106 -0.499982540000
107 -0.499981170000
108 -0.499978650000
109 -0.499974000000
110 -0.499964170000
111 -0.499933840000
112 -0.274849330000
113 0.000000130000
114 0.000002190000
115 0.000004560000
116 0.000007540000
117 0.102482320000
118 0.499918940000
119 0.499952950000
120 0.499963880000
121 0.499969040000
122 0.499974180000
123 0.499975750000
124 0.499976740000
125 0.489551480000
126 0.497662540000
127 0.498816180000
128 0.499151970000
129 0.499238030000
130 0.499148080000
131 0.498613200000
132 -0.492297540000
133 -0.498951110000
134 -0.499438360000
135 -0.499600970000
136 -0.499675050000
137 -0.499711110000
138 -0.499724860000
139 0.000000000000

[dt]
1 0.010023320000
2 0.152580950000
3 0.152576640000
4 0.152573960000
5 0.152571910000
6 0.152571520000
7 0.152572700000
8 0.152573970000
9 0.152576190000
10 0.152586970000
11 0.152578480000
12 0.152575820000
13 0.152576570000
14 0.152591230000
15 0.152605300000
16 0.152518440000
17 0.152518270000
18 0.152519330000
19 0.152520210000
20 0.152520940000
21 0.152521620000
22 0.152522260000
23 0.152522860000
24 0.152523320000
25 0.152523760000
26 0.152524170000
27 0.152524580000
28 0.152525000000
29 0.152525430000
30 0.152525730000
31 0.152526030000
32 0.152526370000
33 0.152526770000
34 0.152527420000
35 0.153878170000
36 0.153945400000
37 0.154075280000
38 0.154356070000
39 0.154905020000
40 0.155868900000
41 0.157407300000
42 0.153112210000
43 0.142813870000
44 0.106402830000
45 0.093129470000
46 0.090433150000
47 0.095434310000
48 0.108678690000
49 0.135119200000
50 0.147957330000
51 0.149940000000
52 0.151203470000
53 0.152049150000
54 0.152536070000
55 0.152756770000
56 0.126007180000
57 0.126002420000
58 0.126018000000
59 0.126135900000
60 0.126233820000
61 0.126198240000
62 0.126197780000
63 0.128413140000
64 0.128525990000
65 0.128764670000
66 0.129160920000
67 0.129733260000
68 0.130480790000
69 0.128644470000
70 0.102580160000
71 0.097361970000
72 0.096548150000
73 0.099050600000
74 0.104193700000
75 0.118216730000
76 0.124808050000
77 0.125614470000
78 0.126192030000
79 0.126577420000
80 0.126815300000
81 0.126948080000
82 0.127012490000
83 0.127110310000
84 0.127116130000
85 0.127126000000
86 0.127234630000
87 0.126189460000
88 0.205056000000
89 0.211800300000
90 0.211618390000
91 0.211438640000
92 0.211090370000
93 0.221618350000
94 0.220186660000
95 0.218440180000
96 0.216656440000
97 0.215000990000
98 0.213563350000
99 0.211932630000
100 0.207782860000
101 0.204701030000
102 0.202279770000
103 0.200277520000
104 0.198486090000
105 0.189526280000
106 0.188785410000
107 0.187574390000
108 0.186235740000
109 0.184786400000
110 0.183176160000
111 0.181356760000
112 0.179284100000
113 0.183392910000
114 0.182820170000
115 0.182287130000
116 0.181849240000
117 0.181574960000
118 0.187041710000
119 0.187377340000
120 0.187839330000
121 0.188330670000
122 0.203721900000
123 0.204213510000
124 0.204355100000
125 0.178515760000
126 0.178488520000
127 0.178467140000
128 0.178468340000
129 0.178489340000
130 0.178519770000
131 0.178545850000
132 0.178865580000
133 0.178629020000
134 0.178350290000
135 0.178086660000
136 0.177855590000
137 0.177658690000
138 0.177490770000

[s]
1 0.000000000000
2 0.000000000000
3 0.017460040000
4 0.034918970000
5 0.052377200000
6 0.069835470000
7 0.087294510000
8 0.104754010000
9 0.122214690000
10 0.139683970000
11 0.157137110000
12 0.174593990000
13 0.192054240000
14 0.209533830000
15 0.227017580000
16 0.244344460000
17 0.261790320000
18 0.279238360000
19 0.296686390000
20 0.314134410000
21 0.331582570000
22 0.349030860000
23 0.366479240000
24 0.383927460000
25 0.401375780000
26 0.418824140000
27 0.436272620000
28 0.453721240000
29 0.471170040000
30 0.488618490000
31 0.506067030000
32 0.523515780000
33 0.540964810000
34 0.558414830000
35 0.580962260000
36 0.598981890000
37 0.617275680000
38 0.636236410000
39 0.656430730000
40 0.678622450000
41 0.703719680000
42 0.702590920000
43 0.671731170000
44 0.511862780000
45 0.455435240000
46 0.448552610000
47 0.477158580000
48 0.543381630000
49 0.675586260000
50 0.739777570000
51 0.749690810000
52 0.756008110000
53 0.760236540000
54 0.762671170000
55 0.763774670000
56 0.630026720000
57 0.630002930000
58 0.630080810000
59 0.630670290000
60 0.631159920000
61 0.630981980000
62 0.630979610000
63 0.641076640000
64 0.629270610000
65 0.618031590000
66 0.607463050000
67 0.597589840000
68 0.588339280000
69 0.567471570000
70 0.442601480000
71 0.412596990000
72 0.402098940000
73 0.405349470000
74 0.418657330000
75 0.465765550000
76 0.480669900000
77 0.472018140000
78 0.462300510000
79 0.451733230000
80 0.440543840000
81 0.428931470000
82 0.417056650000
83 0.405269880000
84 0.393170620000
85 0.381081790000
86 0.369276740000
87 0.354201980000
88 0.556166680000
89 0.541886430000
90 0.507805930000
91 0.473816830000
92 0.439562340000
93 0.426399400000
94 0.387047100000
95 0.347904250000
96 0.309568770000
97 0.272267640000
98 0.236010090000
99 0.200262440000
100 0.163314430000
101 0.128992350000
102 0.096411640000
103 0.065073470000
104 0.034677420000
105 0.004898400000
106 -0.021955340000
107 -0.048372750000
108 -0.074227090000
109 -0.099459560000
110 -0.123978970000
111 -0.147662460000
112 -0.170360390000
113 -0.198923960000
114 -0.223448320000
115 -0.247790740000
116 -0.272056630000
117 -0.296410200000
118 -0.330805280000
119 -0.357683490000
120 -0.384961670000
121 -0.412498200000
122 -0.474973190000
123 -0.444921780000
124 -0.413933190000
125 -0.334234210000
126 -0.310286710000
127 -0.286359410000
128 -0.262473790000
129 -0.238614100000
130 -0.214757260000
131 -0.190883510000
132 -0.167273790000
133 -0.143089920000
134 -0.118973020000
135 -0.094976070000
136 -0.071097800000
137 -0.047321120000
138 -0.023627030000

[splus]
1 0.000000000000
2 0.000000000000
3 0.017460040000
4 0.034918970000
5 0.052377200000
6 0.069835470000
7 0.087294510000
8 0.104754010000
9 0.122214690000
10 0.139683970000
11 0.157137110000
12 0.174593990000
13 0.192054240000
14 0.209533830000
15 0.227017580000
16 0.244344460000
17 0.261790320000
18 0.279238360000
19 0.296686390000
20 0.314134410000
21 0.331582570000
22 0.349030860000
23 0.366479240000
24 0.383927460000
25 0.401375780000
26 0.418824140000
27 0.436272620000
28 0.453721240000
29 0.471170040000
30 0.488618490000
31 0.506067030000
32 0.523515780000
33 0.540964810000
34 0.558414830000
35 0.580962260000
36 0.598981890000
37 0.617275680000
38 0.636236410000
39 0.656430730000
40 0.678622450000
41 0.703719680000
42 0.702590920000
43 0.671731170000
44 0.511862780000
45 0.455435240000
46 0.448552610000
47 0.477158580000
48 0.543381630000
49 0.675586260000
50 0.739777570000
51 0.749690810000
52 0.756008110000
53 0.760236540000
54 0.762671170000
55 0.763774670000
56 0.630026720000
57 0.630002930000
58 0.630080810000
59 0.630670290000
60 0.631159920000
61 0.630981980000
62 0.630979610000
63 0.641076640000
64 0.629270610000
65 0.618031590000
66 0.607463050000
67 0.597589840000
68 0.588339280000
69 0.567471570000
70 0.442601480000
71 0.412596990000
72 0.402098940000
73 0.405349470000
74 0.418657330000
75 0.465765550000
76 0.480669900000
77 0.472018140000
78 0.462300510000
79 0.451733230000
80 0.440543840000
81 0.428931470000
82 0.417056650000
83 0.405269880000
84 0.393170620000
85 0.381081790000
86 0.369276740000
87 0.354201980000
88 0.556166680000
89 0.541886430000
90 0.507805930000
91 0.473816830000
92 0.439562340000
93 0.426399400000
94 0.387047100000
95 0.347904250000
96 0.309568770000
97 0.272267640000
98 0.236010090000
99 0.200262440000
100 0.163314430000
101 0.128992350000
102 0.096411640000
103 0.065073470000
104 0.034677420000
105 0.004898400000
106 0.000000000000
107 0.000000000000
108 0.000000000000
109 0.000000000000
110 0.000000000000
111 0.000000000000
112 0.000000000000
113 0.000000000000
114 0.000000000000
115 0.000000000000
116 0.000000000000
117 0.000000000000
118 0.000000000000
119 0.000000000000
120 0.000000000000
121 0.000000000000
122 0.000000000000
123 0.000000000000
124 0.000000000000
125 0.000000000000
126 0.000000000000
127 0.000000000000
128 0.000000000000
129 0.000000000000
130 0.000000000000
131 0.000000000000
132 0.000000000000
133 0.000000000000
134 0.000000000000
135 0.000000000000
136 0.000000000000
137 0.000000000000
138 0.000000000000

[sminus]
1 0.000000000000
2 0.000000000000
3 0.000000000000
4 0.000000000000
5 0.000000000000
6 0.000000000000
7 0.000000000000
8 0.000000000000
9 0.000000000000
10 0.000000000000
11 0.000000000000
12 0.000000000000
13 0.000000000000
14 0.000000000000
15 0.000000000000
16 0.000000000000
17 0.000000000000
18 0.000000000000
19 0.000000000000
20 0.000000000000
21 0.000000000000
22 0.000000000000
23 0.000000000000
24 0.000000000000
25 0.000000000000
26 0.000000000000
27 0.000000000000
28 0.000000000000
29 0.000000000000
30 0.000000000000
31 0.000000000000
32 0.000000000000
33 0.000000000000
34 0.000000000000
35 0.000000000000
36 0.000000000000
37 0.000000000000
38 0.000000000000
39 0.000000000000
40 0.000000000000
41 0.000000000000
42 0.000000000000
43 0.000000000000
44 0.000000000000
45 0.000000000000
46 0.000000000000
47 0.000000000000
48 0.000000000000
49 0.000000000000
50 0.000000000000
51 0.000000000000
52 0.000000000000
53 0.000000000000
54 0.000000000000
55 0.000000000000
56 0.000000000000
57 0.000000000000
58 0.000000000000
59 0.000000000000
60 0.000000000000
61 0.000000000000
62 0.000000000000
63 0.000000000000
64 0.000000000000
65 0.000000000000
66 0.000000000000
67 0.000000000000
68 0.000000000000
69 0.000000000000
70 0.000000000000
71 0.000000000000
72 0.000000000000
73 0.000000000000
74 0.000000000000
75 0.000000000000
76 0.000000000000
77 0.000000000000
78 0.000000000000
79 0.000000000000
80 0.000000000000
81 0.000000000000
82 0.000000000000
83 0.000000000000
84 0.000000000000
85 0.000000000000
86 0.000000000000
87 0.000000000000
88 0.000000000000
89 0.000000000000
90 0.000000000000
91 0.000000000000
92 0.000000000000
93 0.000000000000
94 0.000000000000
95 0.000000000000
96 0.000000000000
97 0.000000000000
98 0.000000000000
99 0.000000000000
100 0.000000000000
101 0.000000000000
102 0.000000000000
103 0.000000000000
104 0.000000000000
105 0.000000000000
106 0.021955340000
107 0.048372750000
108 0.074227090000
109 0.099459560000
110 0.123978970000
111 0.147662460000
112 0.170360390000
113 0.198923960000
114 0.223448320000
115 0.247790740000
116 0.272056630000
117 0.296410200000
118 0.330805280000
119 0.357683490000
120 0.384961670000
121 0.412498200000
122 0.474973190000
123 0.444921780000
124 0.413933190000
125 0.334234210000
126 0.310286710000
127 0.286359410000
128 0.262473790000
129 0.238614100000
130 0.214757260000
131 0.190883510000
132 0.167273790000
133 0.143089920000
134 0.118973020000
135 0.094976070000
136 0.071097800000
137 0.047321120000
138 0.023627030000

[k]
1 0.000000000000
2 0.000000000000
3 -0.032013260000
4 -0.059791240000
5 -0.081547830000
6 -0.091511410000
7 -0.083347290000
8 -0.065449370000
9 -0.042464910000
10 -0.015062340000
11 0.019663070000
12 0.051309520000
13 0.077922470000
14 0.069322900000
15 0.035157450000
16 -0.001499350000
17 -0.001704330000
18 -0.001218370000
19 -0.000917950000
20 -0.000706570000
21 -0.000556400000
22 -0.000446610000
23 -0.000364250000
24 -0.000301220000
25 -0.000252120000
26 -0.000213270000
27 -0.000182150000
28 -0.000156930000
29 -0.000136270000
30 -0.000119190000
31 -0.000104930000
32 -0.000092930000
33 -0.000082770000
34 -0.000073950000
35 -0.008684950000
36 -0.047261430000
37 -0.086438370000
38 -0.126714110000
39 -0.168677720000
40 -0.213052770000
41 -0.260769720000
42 -0.313072500000
43 -0.369141820000
44 -0.421111940000
45 -0.421114270000
46 -0.394460730000
47 -0.359046980000
48 -0.324069780000
49 -0.286770850000
50 -0.243494730000
51 -0.199249590000
52 -0.156997720000
53 -0.116359610000
54 -0.076912800000
55 -0.038257160000
56 0.000004280000
57 -0.025243540000
58 -0.042674570000
59 -0.057916440000
60 -0.027885060000
61 0.003397130000
62 0.034952480000
63 0.066797400000
64 0.099773450000
65 0.133643910000
66 0.168769770000
67 0.205575000000
68 0.244565670000
69 0.286349930000
70 0.295138770000
71 0.273143650000
72 0.263000510000
73 0.265581390000
74 0.282788030000
75 0.299117330000
76 0.260403790000
77 0.221985100000
78 0.185404980000
79 0.150337410000
80 0.116485640000
81 0.083578650000
82 0.051372470000
83 0.019456630000
84 0.048255760000
85 0.079988490000
86 0.112352780000
87 0.081585170000
88 0.088178710000
89 0.142197580000
90 0.201431270000
91 0.265906370000
92 0.338032700000
93 0.421134590000
94 0.421138110000
95 0.421138720000
96 0.421138940000
97 0.421138890000
98 0.421138610000
99 0.351454030000
100 0.277528170000
101 0.213066670000
102 0.154932920000
103 0.101014850000
104 0.049768610000
105 -0.000014970000
106 -0.047537400000
107 -0.095734450000
108 -0.145382500000
109 -0.197435380000
110 -0.253018280000
111 -0.313507280000
112 -0.380665050000
113 -0.421135280000
114 -0.421135260000
115 -0.421134910000
116 -0.421134200000
117 -0.421133030000
118 -0.405471640000
119 -0.333239510000
120 -0.269393080000
121 -0.211561800000
122 -0.158027800000
123 -0.103577240000
124 -0.051260250000
125 0.000004600000
126 0.043812570000
127 0.089038210000
128 0.135826220000
129 0.184973850000
130 0.237496170000
131 0.294673100000
132 0.358142600000
133 0.295327460000
134 0.238078820000
135 0.185533040000
136 0.136413520000
137 0.089680940000
138 0.044464990000

[up]
1 0.000000000000
2 0.000000000000
3 0.017996650000
4 0.036923360000
5 0.056477740000
6 0.075970860000
7 0.094279530000
8 0.111336100000
9 0.127197180000
10 0.141703990000
11 0.160103140000
12 0.183193820000
13 0.206420880000
14 0.223478490000
15 0.234679850000
16 0.244696090000
17 0.262218490000
18 0.279564820000
19 0.296947720000
20 0.314347380000
21 0.331759580000
22 0.349180410000
23 0.366607310000
24 0.384038410000
25 0.401472860000
26 0.418909830000
27 0.436348860000
28 0.453789550000
29 0.471231630000
30 0.488674360000
31 0.506117970000
32 0.523562460000
33 0.541007760000
34 0.558454450000
35 0.585806070000
36 0.626158300000
37 0.668497750000
38 0.713631750000
39 0.762726980000
40 0.817421560000
41 0.879888060000
42 0.913754280000
43 0.909776700000
44 0.718792240000
45 0.639553900000
46 0.618411580000
47 0.641628060000
48 0.712431500000
49 0.861575230000
50 0.912703910000
51 0.893091360000
52 0.869952000000
53 0.845158930000
54 0.818983970000
55 0.791825730000
56 0.630029300000
57 0.645269630000
58 0.655891230000
59 0.665738070000
60 0.648056830000
61 0.633039660000
62 0.652151690000
63 0.682186120000
64 0.689543800000
65 0.697323940000
66 0.705883610000
67 0.715525380000
68 0.726471330000
69 0.723467010000
70 0.568006460000
71 0.520787240000
72 0.503621090000
73 0.508696590000
74 0.532313070000
75 0.599511340000
76 0.600831450000
77 0.572607920000
78 0.544584850000
79 0.516929170000
80 0.489808230000
81 0.463347050000
82 0.437624910000
83 0.412839330000
84 0.411384520000
85 0.410344810000
86 0.409106820000
87 0.381943710000
88 0.603247130000
89 0.615859230000
90 0.606002440000
91 0.594768130000
92 0.582205340000
93 0.598788080000
94 0.543527380000
95 0.488559560000
96 0.434725380000
97 0.382343640000
98 0.331427330000
99 0.267830170000
100 0.206825820000
101 0.155376970000
102 0.110751490000
103 0.071383920000
104 0.036334240000
105 0.004898470000
106 0.000000000000
107 0.000000000000
108 0.000000000000
109 0.000000000000
110 0.000000000000
111 0.000000000000
112 0.000000000000
113 0.000000000000
114 0.000000000000
115 0.000000000000
116 0.000000000000
117 0.000000000000
118 0.000000000000
119 -0.000000000000
120 0.000000000000
121 0.000000000000
122 0.000000000000
123 0.000000000000
124 0.000000000000
125 0.000000000000
126 0.000000000000
127 0.000000000000
128 0.000000000000
129 0.000000000000
130 0.000000000000
131 0.000000000000
132 0.000000000000
133 0.000000000000
134 0.000000000000
135 -0.000000000000
136 0.000000000000
137 0.000000000000
138 0.000000000000

[down]
1 0.000000000000
2 0.000000000000
3 0.000000000000
4 0.000000000000
5 0.000000000000
6 0.000000000000
7 0.000000000000
8 0.000000000000
9 -0.000000000000
10 0.000000000000
11 0.000000000000
12 0.000000000000
13 0.000000000000
14 0.000000000000
15 0.000000000000
16 0.000000000000
17 0.000000000000
18 0.000000000000
19 0.000000000000
20 0.000000000000
21 0.000000000000
22 0.000000000000
23 -0.000000000000
24 0.000000000000
25 -0.000000000000
26 0.000000000000
27 -0.000000000000
28 0.000000000000
29 -0.000000000000
30 0.000000000000
31 -0.000000000000
32 0.000000000000
33 -0.000000000000
34 0.000000000000
35 -0.000000000000
36 0.000000000000
37 0.000000000000
38 0.000000000000
39 -0.000000000000
40 0.000000000000
41 -0.000000000000
42 0.000000000000
43 0.000000000000
44 0.000000000000
45 0.000000000000
46 0.000000000000
47 -0.000000000000
48 0.000000000000
49 0.000000000000
50 0.000000000000
51 0.000000000000
52 0.000000000000
53 0.000000000000
54 0.000000000000
55 0.000000000000
56 0.000000000000
57 -0.000000000000
58 0.000000000000
59 -0.000000000000
60 0.000000000000
61 -0.000000000000
62 0.000000000000
63 0.000000000000
64 0.000000000000
65 0.000000000000
66 0.000000000000
67 -0.000000000000
68 0.000000000000
69 0.000000000000
70 0.000000000000
71 -0.000000000000
72 0.000000000000
73 0.000000000000
74 0.000000000000
75 0.000000000000
76 0.000000000000
77 -0.000000000000
78 0.000000000000
79 0.000000000000
80 0.000000000000
81 0.000000000000
82 0.000000000000
83 -0.000000000000
84 0.000000000000
85 -0.000000000000
86 0.000000000000
87 -0.000000000000
88 0.000000000000
89 0.000000000000
90 0.000000000000
91 0.000000000000
92 0.000000000000
93 -0.000000000000
94 0.000000000000
95 0.000000000000
96 0.000000000000
97 0.000000000000
98 0.000000000000
99 0.000000000000
100 0.000000000000
101 0.000000000000
102 0.000000000000
103 0.000000000000
104 0.000000000000
105 0.000000000000
106 0.022957300000
107 0.052818450000
108 0.084586750000
109 0.118310920000
110 0.154093130000
111 0.192103950000
112 0.232616580000
113 0.279346900000
114 0.313786210000
115 0.347969950000
116 0.382046090000
117 0.416245210000
118 0.459572110000
119 0.472109940000
120 0.484519390000
121 0.496276240000
122 0.547029330000
123 0.489161950000
124 0.434302680000
125 0.334235680000
126 0.323337400000
127 0.310836560000
128 0.296698730000
129 0.280986180000
130 0.263721370000
131 0.244882130000
132 0.224785910000
133 0.183658080000
134 0.146165020000
135 0.111892440000
136 0.080408560000
137 0.051395180000
138 0.024635580000

[left]
1 0.000000000000
2 0.000000000000
3 0.000519280000
4 0.001939660000
5 0.003968130000
6 0.005937270000
7 0.006759460000
8 0.006369550000
9 0.004821590000
10 0.001954780000
11 0.009388010000
12 0.027298160000
13 0.045734180000
14 0.044517860000
15 0.024531310000
16 0.000340280000
17 0.000414340000
18 0.000315920000
19 0.000252890000
20 0.000206090000
21 0.000171300000
22 0.000144730000
23 0.000123930000
24 0.000107360000
25 0.000093950000
26 0.000082920000
27 0.000073770000
28 0.000066100000
29 0.000059610000
30 0.000054060000
31 0.000049290000
32 0.000045170000
33 0.000041570000
34 0.000038330000
35 0.004687400000
36 0.026298830000
37 0.049568020000
38 0.074896120000
39 0.102863760000
40 0.134317050000
41 0.170479620000
42 0.204344540000
43 0.230358640000
44 0.200247370000
45 0.178173170000
46 0.164373940000
47 0.159158490000
48 0.163590970000
49 0.179983080000
50 0.167342260000
51 0.138769910000
52 0.110264450000
53 0.082180110000
54 0.054494370000
55 0.027145240000
56 0.000008810000
57 0.014773720000
58 0.024976960000
59 0.033935370000
60 0.016351280000
61 0.007020710000
62 0.072238450000
63 0.140480480000
64 0.205596590000
65 0.270008280000
66 0.334602370000
67 0.400341380000
68 0.468234490000
69 0.527091430000
70 0.415574050000
71 0.356836040000
72 0.334288050000
73 0.340472210000
74 0.375221270000
75 0.444827760000
76 0.400580420000
77 0.334881100000
78 0.273522590000
79 0.216359990000
80 0.163202260000
81 0.113803210000
82 0.067886590000
83 0.024936810000
84 0.059889310000
85 0.096035790000
86 0.130470050000
87 0.090654790000
88 0.158802520000
89 0.248960330000
90 0.328743830000
91 0.402781500000
92 0.472472430000
93 0.569816350000
94 0.514025240000
95 0.459173970000
96 0.406079000000
97 0.355010430000
98 0.305932040000
99 0.215381370000
100 0.137861170000
101 0.083125180000
102 0.044934600000
103 0.019671110000
104 0.005138440000
105 0.000000070000
106 0.003089360000
107 0.013707580000
108 0.031942300000
109 0.058125010000
110 0.092852020000
111 0.137027940000
112 0.191956590000
113 0.247970740000
114 0.278541820000
115 0.308885870000
116 0.339134170000
117 0.369491270000
118 0.397031060000
119 0.352814880000
120 0.306969610000
121 0.258315620000
122 0.222173090000
123 0.136407180000
124 0.062805910000
125 0.000001680000
126 0.014738350000
127 0.027337410000
128 0.037798500000
129 0.046269760000
130 0.052859770000
131 0.057623390000
132 0.060665550000
133 0.042281530000
134 0.027998880000
135 0.017206910000
136 0.009354880000
137 0.004042910000
138 0.000988400000

[right]
1 0.000000000000
2 0.000000000000
3 0.001659410000
4 0.006216650000
5 0.012755210000
6 0.019140620000
7 0.021854740000
8 0.020653930000
9 0.015679840000
10 0.006375340000
11 0.002870260000
12 0.008322130000
13 0.013902710000
14 0.013494360000
15 0.007414840000
16 0.001128930000
17 0.001378550000
18 0.001054060000
19 0.000846120000
20 0.000691480000
21 0.000576340000
22 0.000488310000
23 0.000419310000
24 0.000364260000
25 0.000319620000
26 0.000282900000
27 0.000252370000
28 0.000226740000
29 0.000205020000
30 0.000186470000
31 0.000170480000
32 0.000156630000
33 0.000144540000
34 0.000133660000
35 0.016400750000
36 0.092272130000
37 0.174402490000
38 0.264282380000
39 0.364088490000
40 0.477022360000
41 0.607755190000
42 0.728358590000
43 0.817256320000
44 0.693198910000
45 0.611373240000
46 0.563414470000
47 0.547988220000
48 0.569080110000
49 0.638909530000
50 0.599817560000
51 0.498144450000
52 0.396192870000
53 0.295469620000
54 0.195999970000
55 0.097649450000
56 0.000002500000
57 0.052081520000
58 0.088051440000
59 0.119645340000
60 0.057653640000
61 0.001991240000
62 0.020488400000
63 0.039781990000
64 0.058326870000
65 0.076731870000
66 0.095242390000
67 0.114127210000
68 0.133671540000
69 0.150958080000
70 0.121355440000
71 0.104696610000
72 0.098243830000
73 0.100009870000
74 0.109985610000
75 0.129426920000
76 0.116281330000
77 0.097341570000
78 0.079627240000
79 0.063090660000
80 0.047673560000
81 0.033304240000
82 0.019904080000
83 0.007325020000
84 0.017625740000
85 0.028318070000
86 0.038543890000
87 0.026845900000
88 0.045560140000
89 0.071584090000
90 0.095025590000
91 0.117045580000
92 0.138036820000
93 0.166821960000
94 0.151427270000
95 0.136113320000
96 0.121115090000
97 0.106521460000
98 0.092336060000
99 0.065385850000
100 0.042106330000
101 0.025532610000
102 0.013876790000
103 0.006106680000
104 0.001603320000
105 0.000000210000
106 0.000981060000
107 0.004414150000
108 0.010425640000
109 0.019219150000
110 0.031086270000
111 0.046424290000
112 0.065769780000
113 0.086158270000
114 0.097934190000
115 0.109873140000
116 0.122022800000
117 0.134465500000
118 0.146794530000
119 0.132048320000
120 0.116304220000
121 0.099071800000
122 0.087554480000
123 0.053063250000
124 0.024103140000
125 0.000004540000
126 0.040239630000
127 0.075471200000
128 0.105526910000
129 0.130647240000
130 0.150972680000
131 0.166495720000
132 0.177329040000
133 0.125085160000
134 0.083842000000
135 0.052158810000
136 0.028708180000
137 0.012561670000
138 0.003109710000
