  0.00000000
  0.00000000
  0.03610095
  0.07219765
  0.10829981
  0.14441033
  0.18052594
  0.21665986
  0.25280459
  0.28871628
  0.32478871
  0.36086037
  0.39697907
  0.43410994
  0.47045608
  0.50693822
  0.54390134
  0.58202374
  0.62244543
  0.65404851
  0.58205111
  0.55418877
  0.57951081
  0.62224615
  0.69154074
  0.77686892
  0.81705061
  0.85858471
  0.90230128
  0.92899777
  0.92900015
  0.92899815
  0.90803692
  0.86874866
  0.83345019
  0.80040001
  0.76904125
  0.73894567
  0.70977755
  0.68126796
  0.59052231
  0.58889327
  0.65155079
  0.67638117
  0.66958929
  0.73610551
  0.76775500
  0.80169842
  0.83872585
  0.87998597
  0.91772349
  0.87540377
  0.83051325
  0.78357665
  0.73255857
  0.58411765
  0.69461944
  0.65148971
  0.60354611
  0.56227637
  0.51569294
  0.46881832
  0.42194336
  0.36177835
  0.32985642
  0.28298149
  0.23610809
  0.18923300
  0.14235780
  0.09548131
  0.04826697
  0.00202930
 -0.04256759
 -0.08569118
 -0.12731625
 -0.16727093
 -0.20527592
 -0.25734963
 -0.30125067
 -0.34519570
 -0.38921146
 -0.43324227
 -0.47716555
 -0.52083494
 -0.49379370
 -0.44866243
 -0.40335645
 -0.35776942
 -0.31819533
 -0.27131937
 -0.22438078
 -0.17279960
 -0.12575676
 -0.08186455
 -0.04012521
