  0.00000000
  0.00000000
  0.01746004
  0.03491897
  0.05237720
  0.06983547
  0.08729451
  0.10475401
  0.12221469
  0.13968397
  0.15713711
  0.17459399
  0.19205424
  0.20953383
  0.22701758
  0.24434446
  0.26179032
  0.27923836
  0.29668639
  0.31413441
  0.33158257
  0.34903086
  0.36647924
  0.38392746
  0.40137578
  0.41882414
  0.43627262
  0.45372124
  0.47117004
  0.48861849
  0.50606703
  0.52351578
  0.54096481
  0.55841483
  0.58096226
  0.59898189
  0.61727568
  0.63623641
  0.65643073
  0.67862245
  0.70371968
  0.70259092
  0.67173117
  0.51186278
  0.45543524
  0.44855261
  0.47715858
  0.54338163
  0.67558626
  0.73977757
  0.74969081
  0.75600811
  0.76023654
  0.76267117
  0.76377467
  0.63002672
  0.63000293
  0.63008081
  0.63067029
  0.63115992
  0.63098198
  0.63097961
  0.64107664
  0.62927061
  0.61803159
  0.60746305
  0.59758984
  0.58833928
  0.56747157
  0.44260148
  0.41259699
  0.40209894
  0.40534947
  0.41865733
  0.46576555
  0.48066990
  0.47201814
  0.46230051
  0.45173323
  0.44054384
  0.42893147
  0.41705665
  0.40526988
  0.39317062
  0.38108179
  0.36927674
  0.35420198
  0.55616668
  0.54188643
  0.50780593
  0.47381683
  0.43956234
  0.42639940
  0.38704710
  0.34790425
  0.30956877
  0.27226764
  0.23601009
  0.20026244
  0.16331443
  0.12899235
  0.09641164
  0.06507347
  0.03467742
  0.00489840
  0.00000000
  0.00000000
  0.00000000
  0.00000000
  0.00000000
  0.00000000
  0.00000000
  0.00000000
  0.00000000
  0.00000000
  0.00000000
  0.00000000
  0.00000000
  0.00000000
  0.00000000
  0.00000000
  0.00000000
  0.00000000
  0.00000000
  0.00000000
  0.00000000
  0.00000000
  0.00000000
  0.00000000
  0.00000000
  0.00000000
  0.00000000
  0.00000000
  0.00000000
  0.00000000
  0.00000000
  0.00000000
  0.00000000
