  0.00000000
 -0.41904999
 -0.36103226
 -0.27983112
 -0.12728710
  0.10412582
  0.22984081
  0.29789459
  0.35797540
  0.45500075
  0.41264298
  0.34302076
 -0.11028587
 -0.44287119
 -0.47967158
 -0.00269339
  0.00637596
  0.00394101
  0.00277283
  0.00196981
  0.00144004
  0.00108048
  0.00082681
  0.00064403
  0.00050963
  0.00040826
  0.00033089
  0.00027101
  0.00022412
  0.00018714
  0.00015733
  0.00013330
  0.00011581
 -0.11289875
 -0.49958156
 -0.49979997
 -0.49987168
 -0.49990563
 -0.49992329
 -0.49993066
 -0.49992602
 -0.49988298
 -0.44814796
 -0.00002565
  0.34377735
  0.49962315
  0.49982418
  0.49990106
  0.49994750
  0.49996354
  0.49996816
  0.49997027
  0.49997124
  0.49997165
  0.49997181
 -0.40041756
 -0.27549269
 -0.23933605
  0.47257797
  0.49515473
  0.49919163
  0.49935056
  0.49957103
  0.49968425
  0.49974247
  0.49976431
  0.49974586
  0.49960698
  0.10214983
 -0.32413556
 -0.16183484
  0.04178649
  0.26711059
  0.23415442
 -0.49879337
 -0.49937919
 -0.49943353
 -0.49936882
 -0.49919819
 -0.49885553
 -0.49815911
 -0.49988596
  0.45092399
  0.49104673
  0.49089528
 -0.46601727
  0.10157432
  0.49994746
  0.49996147
  0.49996162
  0.49994886
  0.49982183
  0.00001859
  0.00000323
  0.00000118
 -0.00000026
 -0.00000152
 -0.40886445
 -0.49996114
 -0.49997738
 -0.49998258
 -0.49998496
 -0.49998613
 -0.49998664
 -0.49998306
 -0.49998254
 -0.49998117
 -0.49997865
 -0.49997400
 -0.49996417
 -0.49993384
 -0.27484933
  0.00000013
  0.00000219
  0.00000456
  0.00000754
  0.10248232
  0.49991894
  0.49995295
  0.49996388
  0.49996904
  0.49997418
  0.49997575
  0.49997674
  0.48955148
  0.49766254
  0.49881618
  0.49915197
  0.49923803
  0.49914808
  0.49861320
 -0.49229754
 -0.49895111
 -0.49943836
 -0.49960097
 -0.49967505
 -0.49971111
 -0.49972486
  0.00000000
