  5.00000000
  5.00000000
  5.00000000
  5.01746004
  5.05237901
  5.10475603
  5.17458984
  5.26187674
  5.36660894
  5.48877837
  5.62838923
  5.78543343
  5.95994273
  6.15195148
  6.36148417
  6.58850051
  6.83282161
  7.09458767
  7.37380059
  7.67046052
  7.98456754
  8.31612184
  8.66512356
  9.03157284
  9.41546952
  9.81681370
 10.23560544
 10.67184487
 11.12553211
 11.59666735
 12.08525024
 12.59128086
 13.11475943
 13.65568620
 14.21406217
 14.79498440
 15.39395330
 16.01108792
 16.64554564
 17.29406371
 17.94879161
 18.59398012
 19.17612538
 19.63723015
 19.88649359
 20.01806521
 20.06341667
 20.02735065
 19.89450677
 19.61713504
 19.18921886
 18.65302256
 18.03969671
 17.37464628
 16.67743023
 15.96225757
 15.36611256
 14.76999061
 14.17062878
 13.56569036
 12.95417206
 12.34017201
 11.72648723
 11.10642109
 10.50517216
  9.92726809
  9.37894727
  8.86869309
  8.40765033
  8.01810530
  7.77034869
  7.58589100
  7.44771629
  7.34938391
  7.29205048
  7.28320772
  7.34090815
  7.45562816
  7.61427212
  7.80504436
  8.01776105
  8.24386516
  8.47627104
  8.70926618
  8.93783497
  9.16521858
  9.39448751
  9.62572487
 10.00083404
 10.38548551
 10.77240960
 11.16288192
 11.55354112
 11.95726236
 12.34007617
 12.68794147
 12.99348290
 13.25423715
 13.47101360
 13.64619028
 13.78312787
 13.88799088
 13.96479525
 14.01604139
 14.04320921
 14.04704160
 14.02986441
 13.99205050
 13.93424073
 13.85745703
 13.76330990
 13.65424648
 13.53386794
 13.40272338
 13.26998586
 13.14216899
 13.02687598
 12.93277876
 12.86763612
 12.84472978
 12.86593411
 12.93117014
 13.04687731
 13.18731689
 13.33592998
 13.46252119
 13.58004184
 13.68488728
 13.77472923
 13.84836106
 13.90555320
 13.94694114
 13.97397232
 13.98859932
 13.99575039
 13.99877182
 13.99978114
 13.99999399
 14.00000000
