  0.00000000
  0.74999715
  0.74999697
  0.74999673
  0.74999640
  0.74999593
  0.74999566
  0.74999509
  0.74999448
  0.74999385
  0.74998997
  0.74998923
  0.74998839
  0.74998740
  0.74998622
  0.74998480
  0.74998306
  0.74998087
  0.74998145
  0.74997656
  0.74996748
  0.74994568
  0.74982745
 -0.74986812
 -0.74995342
 -0.74997192
 -0.74998642
 -0.74999009
 -0.74999231
 -0.74999381
 -0.74999490
 -0.74999574
 -0.74999639
 -0.74999687
 -0.74999723
 -0.74999748
 -0.74999765
 -0.74999776
 -0.74999784
 -0.74999786
 -0.74999790
 -0.74999789
 -0.74999783
 -0.74999775
 -0.74999764
 -0.74999748
 -0.74999740
 -0.74999721
 -0.74999700
 -0.74999683
 -0.74999592
 -0.74999629
 -0.74999616
 -0.74999579
 -0.74999533
 -0.74999475
 -0.74999400
 -0.74999300
 -0.74999159
 -0.74998948
 -0.74998594
 -0.74997884
 -0.74995728
  0.74757286
  0.74995881
  0.74997920
  0.74998609
  0.74998955
  0.74999164
  0.74999303
  0.74999402
  0.74999477
  0.74999535
  0.74999582
  0.74999620
  0.74999651
  0.74999678
  0.74999704
  0.74999725
  0.74999743
  0.74999758
  0.74999772
  0.74999785
  0.74999797
  0.74999807
  0.74999816
  0.00000000
