  0.01001856
  0.23257386
  0.23002839
  0.22745692
  0.22471363
  0.22165668
  0.22465327
  0.22600057
  0.22727877
  0.22857610
  0.22995634
  0.14969623
  0.14969446
  0.14969464
  0.14969484
  0.14969505
  0.14969518
  0.17511128
  0.17464262
  0.17415408
  0.17372414
  0.17349023
  0.18469378
  0.18551334
  0.18595597
  0.23226085
  0.23253903
  0.23281179
  0.23313936
  0.23342067
  0.23591399
  0.24981343
  0.24954693
  0.24859159
  0.24732527
  0.24371539
  0.23923296
  0.23590940
  0.23330133
  0.23112603
  0.23884353
  0.23683199
  0.23477626
  0.23254672
  0.23001944
  0.22707143
  0.23181994
  0.23074633
  0.22965902
  0.22868523
  0.20740065
  0.21654260
  0.23400666
  0.23465188
  0.23515891
  0.23455314
  0.23619427
  0.23620422
  0.23620513
  0.23620546
  0.23621918
  0.23622185
  0.23579569
  0.23579493
  0.24749004
  0.24762291
  0.24766578
  0.24766523
  0.24766492
  0.24766471
  0.24766458
  0.24766427
  0.24766396
  0.24766368
  0.24766339
  0.24766302
  0.24766288
  0.24766140
  0.24766495
  0.24771885
  0.24787925
  0.24789701
  0.24791798
  0.24805004
  0.24798578
  0.24792851
