  0.00000000
  0.00000000
  0.10520182
  0.20918914
  0.31196320
  0.41346798
  0.43583967
  0.32821618
  0.21969974
  0.11030546
 -0.00000196
 -0.00001194
 -0.00001175
 -0.00001169
 -0.00001178
 -0.00001201
 -0.00001242
 -0.00001306
 -0.00000317
  0.08860743
  0.17691337
  0.26489653
  0.35257293
  0.27699944
  0.18503021
  0.09263364
  0.00000236
 -0.12423784
 -0.24869421
 -0.37332043
 -0.49808010
 -0.62291724
 -0.69999637
 -0.69999631
 -0.69999607
 -0.62394645
 -0.49895724
 -0.37396962
 -0.24899055
 -0.12407497
 -0.00002387
  0.12493575
  0.24958748
  0.37309363
  0.49525827
  0.61587802
  0.69999559
  0.69999539
  0.69999478
  0.69998752
  0.57663560
  0.47758148
  0.41251360
  0.28983120
  0.16680226
  0.04365932
  0.00083496
 -0.04642012
 -0.00502862
 -0.00338981
 -0.00330399
 -0.00516637
 -0.06286123
 -0.03790480
 -0.05442419
  0.00015468
  0.00010644
  0.00008440
  0.00007219
  0.00006482
  0.00006024
  0.00005749
  0.00005608
  0.00005574
  0.00005637
  0.00005794
  0.00006053
  0.00003286
 -0.12454043
 -0.12489711
  0.00001989
 -0.12489626
 -0.24980846
 -0.37465409
 -0.24982923
 -0.12491877
  0.00000000
