  0.02310491
  0.02310491
  0.02208892
  0.02075615
  0.02298898
  0.03015533
  0.04108837
  0.05541599
  0.07354541
  0.08211195
  0.07712021
  0.07049690
  0.06236604
  0.05273589
  0.04164675
  0.02948390
  0.02057802
  0.02084055
  0.05875796
  0.11729138
  0.16530201
  0.14282188
  0.08477670
  0.10700397
  0.02308079
  0.12417293
  0.22219281
  0.30836558
  0.38481777
  0.45529995
  0.51601169
  0.45059908
  0.38610813
  0.31579396
  0.19817179
  0.11569201
  0.06051133
  0.03110124
  0.02332603
  0.02452445
  0.03808001
  0.07521691
  0.13520404
  0.21906646
  0.33047584
  0.40131882
  0.46352291
  0.32647649
  0.31664201
  0.35142023
  0.30812888
  0.22394447
  0.12908350
  0.03598699
  0.05751124
  0.02732404
  0.02489244
  0.02401410
  0.02506272
  0.03247628
  0.04860892
  0.03412855
  0.03863552
  0.05426878
  0.03283320
  0.02963205
  0.02816123
  0.02753440
  0.02731604
  0.02735598
  0.02762729
  0.02814222
  0.02903496
  0.03039157
  0.02693145
  0.03750701
  0.05295505
  0.03129280
  0.02390865
  0.02616869
  0.03397575
  0.03558211
  0.02348097
  0.02123765
