  0.01155245
  0.01155245
  0.00217741
  0.00034403
  0.00005565
  0.00000966
  0.00000080
  0.00000009
  0.00000001
  0.00000000
  0.00000007
  0.00000003
  0.00000001
  0.00000000
  0.00000000
  0.00000000
  0.00000000
  0.00000000
  0.00000000
  0.00000000
  0.00000000
  0.00000000
  0.00000000
  0.00000000
  0.00000000
  0.00000000
  0.00000000
  0.00000000
  0.00000000
  0.00000000
  0.00000000
  0.00000000
  0.00000000
  0.00000000
  0.00000000
  0.00000005
  0.00000078
  0.00001304
  0.00021616
  0.00329871
  0.02516099
  0.06796263
  0.11326192
  0.15728130
  0.19950350
  0.23948688
  0.29076800
  0.33405878
  0.37666610
  0.42802010
  0.38064696
  0.48278954
  0.55095088
  0.59790025
  0.64461283
  0.69083875
  0.73679649
  0.78255561
  0.82844803
  0.87422843
  0.92000702
  0.96578378
  1.01154002
  1.05830987
  1.01215222
  0.96583652
  0.92006680
  0.87428672
  0.82851007
  0.78273432
  0.73695898
  0.69118332
  0.64540779
  0.59963244
  0.55385720
  0.50808201
  0.46230683
  0.42017869
  0.37387079
  0.32789263
  0.28101354
  0.23420841
  0.18738492
  0.14056681
  0.09376397
  0.04782246
