  0.01155245
  0.01155245
  0.02901073
  0.05224676
  0.07728747
  0.10267933
  0.12805272
  0.15331548
  0.17846343
  0.20428826
  0.23006263
  0.25597283
  0.28202990
  0.30818420
  0.33437784
  0.36044665
  0.38610016
  0.41196815
  0.43758100
  0.46382717
  0.48947416
  0.51466529
  0.58932824
  0.57122882
  0.62084250
  0.57844559
  0.53636181
  0.49440435
  0.45228148
  0.41157609
  0.38029401
  0.33345877
  0.28662423
  0.23984765
  0.19298911
  0.14614167
  0.09934630
  0.05318639
  0.01464059
  0.00136102
  0.00008590
  0.00000528
  0.00000034
  0.00000002
  0.00000000
  0.00000000
  0.00000000
  0.00000000
  0.00000000
  0.00000000
  0.00000000
  0.00000000
 -0.00000000
 -0.00000000
 -0.00000000
 -0.00000000
 -0.00000000
  0.00000000
  0.00000000
  0.00000000
  0.00000000
  0.00000000
 -0.00000000
 -0.00000000
 -0.00000000
 -0.00000000
 -0.00000000
 -0.00000000
 -0.00000000
 -0.00000000
 -0.00000000
  0.00000000
  0.00000000
  0.00000000
  0.00000000
  0.00000000
  0.00000000
  0.00000000
  0.00000000
  0.00000001
  0.00000024
  0.00000383
  0.00006245
  0.00099110
