  0.00000000
  0.00000000
  0.15780639
  0.31379145
  0.46795788
  0.62022468
  0.77043261
  0.93187475
  1.09465213
  1.25874476
  1.42420631
  1.53262652
  1.64104553
  1.74946450
  1.85788341
  1.96630224
  2.07472094
  2.18313948
  2.29155779
  2.42447367
  2.55693334
  2.68891076
  2.82043579
  2.95162715
  2.81365907
  2.67503863
  2.53603360
  2.34967479
  2.16299057
  1.97605058
  1.78890911
  1.60164837
  1.41434992
  1.22685929
  1.03936929
  0.85188025
  0.66438957
  0.47690431
  0.28943283
  0.10205693
 -0.08402215
 -0.27146365
 -0.45844356
 -0.64370558
 -0.82695645
 -1.00789350
 -1.18610135
 -1.36996020
 -1.55284372
 -1.73476700
 -1.91981417
 -2.06851796
 -2.24356618
 -2.42774218
 -2.61244988
 -2.79750859
 -2.98271819
 -3.16798308
 -3.35324645
 -3.53853825
 -3.72383005
 -3.90912109
 -4.09441016
 -4.27969003
 -4.09482522
 -3.90945162
 -3.72416801
 -3.53888171
 -3.35359552
 -3.16830913
 -2.98302251
 -2.79773567
 -2.61244873
 -2.42716171
 -2.24187459
 -2.05658734
 -1.87129994
 -1.68601237
 -1.49910225
 -1.31205558
 -1.12462553
 -0.93722137
 -0.74979950
 -0.56236522
 -0.37490323
 -0.18744771
  0.00000000
