 25.00000000
 25.00000000
 25.00000000
 24.97420371
 24.92269831
 24.84557377
 24.74294180
 24.61497620
 24.46200647
 24.28470632
 24.08375362
 23.86124138
 23.61887218
 23.35812012
 23.08003310
 22.78499399
 22.47261261
 22.14174593
 21.79001945
 21.41711977
 21.01832589
 20.58943333
 20.12709297
 19.58756081
 19.05956480
 18.47899170
 17.93806969
 17.43021747
 16.95271842
 16.50693471
 16.09592692
 15.71709130
 15.39381376
 15.12851268
 14.91905353
 14.76060976
 14.64594371
 14.57018519
 14.53069515
 14.52642690
 14.55717331
 14.62281157
 14.72251926
 14.85371076
 15.01058812
 15.18252805
 15.35803596
 15.52042320
 15.62086007
 15.70213474
 15.75018303
 15.74346883
 15.67896800
 15.56535551
 15.41744294
 15.25426996
 15.06939042
 14.88225209
 14.69175097
 14.49766342
 14.30164920
 14.11041910
 13.93681718
 13.77908286
 13.64663704
 13.54835655
 13.44958421
 13.35216542
 13.25715248
 13.16517300
 13.07664513
 12.99186899
 12.91106497
 12.83439945
 12.76197984
 12.69387616
 12.63133613
 12.58412651
 12.55483781
 12.53470846
 12.51775459
 12.50667112
 12.50140500
 12.50012758
 12.50000000
