 27.00000000
 27.00000000
 27.00000000
 27.00005227
 27.00004323
 26.99937944
 26.99660884
 26.98839358
 26.97058330
 26.94129145
 26.89997046
 26.86620799
 26.82987570
 26.79097353
 26.74950151
 26.70545973
 26.65884824
 26.60966714
 26.55791653
 26.49132281
 26.42110813
 26.33889701
 26.23416213
 26.09403529
 25.89325076
 25.66427360
 25.42457897
 25.10731150
 24.81284598
 24.55859428
 24.35635349
 24.21327853
 24.13200373
 24.11046302
 24.13740023
 24.19336848
 24.26167738
 24.32684062
 24.37852441
 24.41139074
 24.42310640
 24.41336113
 24.38195300
 24.32897282
 24.25339178
 24.15218097
 24.01974748
 23.83902744
 23.60098961
 23.29818636
 22.91820661
 22.55434572
 22.07887153
 21.52859188
 20.93220568
 20.29586105
 19.62086958
 18.90342429
 18.14147653
 17.33154456
 16.47647515
 15.57634773
 14.63113020
 13.64061556
 12.59799580
 11.59756622
 10.63923838
  9.72633299
  8.85885669
  8.03680426
  7.26017372
  6.52896388
  5.84317452
  5.20280505
  4.60785495
  4.05832380
  3.55421129
  3.09551718
  2.67862272
  2.30767454
  1.98147669
  1.70138754
  1.46794962
  1.28097827
  1.14054219
  1.04684877
  1.00000000
