  0.00000000
  0.00000000
 -0.05320645
 -0.10755797
 -0.10443320
 -0.05094854
 -0.00350252
 -0.00229388
 -0.00223923
 -0.00311730
  0.00311859
  0.00160476
  0.00129462
  0.00157421
  0.02826860
 -0.00001659
 -0.00000726
 -0.00000433
 -0.00000293
 -0.00000212
 -0.00000161
 -0.00000126
 -0.00000101
 -0.00000082
 -0.00000068
 -0.02533691
 -0.07920747
 -0.13495879
 -0.18961781
 -0.24780083
 -0.31105562
 -0.27476901
 -0.24662380
 -0.23514409
 -0.24358799
 -0.27768504
 -0.34237844
 -0.26712825
 -0.25483960
 -0.33137525
 -0.42114366
 -0.42114409
 -0.42114413
 -0.42114415
 -0.42114415
 -0.42114416
 -0.42114416
 -0.42114399
 -0.32724100
 -0.24857186
 -0.17960846
 -0.11686953
 -0.05794023
 -0.00097584
  0.05558411
  0.11320790
  0.17343137
  0.23802369
  0.30919990
  0.38993745
  0.42114415
  0.42114415
  0.42114414
  0.42114412
  0.42114409
  0.37020302
  0.29237201
  0.22359581
  0.16098739
  0.10245876
  0.04638220
 -0.00862424
 -0.06385264
 -0.01563139
 -0.02737589
  0.00000294
  0.00000176
  0.00000077
 -0.00783631
 -0.01758706
 -0.00749890
 -0.00116531
  0.01154128
 -0.00001591
 -0.00000884
 -0.00000647
 -0.00000537
 -0.00000481
 -0.00000057
 -0.05810046
 -0.11789084
 -0.18105974
 -0.24980045
 -0.32704835
 -0.24974647
 -0.18098887
 -0.11784214
 -0.05810819
