  0.01155245
  0.01155245
  0.00496540
  0.00189479
  0.00068235
  0.00024011
  0.00008379
  0.00002913
  0.00001010
  0.00000350
  0.00000122
  0.00000043
  0.00000015
  0.00000005
  0.00000002
  0.00000001
  0.00000000
  0.00000000
  0.00000000
  0.00000000
  0.00000000
  0.00000000
  0.00000000
  0.00000000
  0.00000000
  0.00000000
  0.00000000
  0.00000000
  0.00000000
  0.00000000
  0.00000000
  0.00000000
  0.00000000
  0.00000000
  0.00000000
  0.00000000
 -0.00000000
 -0.00000000
 -0.00000000
  0.00000000
 -0.00000000
 -0.00000000
  0.00000000
  0.00000000
  0.00000000
  0.00000000
  0.00000000
  0.00000000
  0.00000000
  0.00000000
  0.00000000
  0.00000000
  0.00000000
  0.00000000
  0.00000000
  0.00000000
  0.00000000
  0.00000000
  0.00000000
  0.00000000
  0.00000000
  0.00000000
  0.00000000
  0.00000000
  0.00000000
  0.00000000
  0.00000000
  0.00000000
  0.00000000
  0.00000001
  0.00000001
  0.00000003
  0.00000008
  0.00000017
  0.00000037
  0.00000084
  0.00000186
  0.00000411
  0.00000898
  0.00001921
  0.00004279
  0.00009168
  0.00019606
  0.00040138
  0.00087854
  0.00186476
  0.00377182
  0.00713186
  0.01244098
  0.01983598
  0.02900853
  0.03942250
  0.05057648
  0.06211581
  0.07437447
  0.08646493
  0.09858884
  0.11072298
  0.12285158
  0.13499063
  0.14716843
  0.15945766
  0.17206361
  0.18551509
  0.24621282
  0.26638117
  0.28552982
  0.30410392
  0.32233813
  0.34032856
  0.36248942
  0.38287393
  0.40310624
  0.42318485
  0.44295922
  0.46174913
  0.41559842
  0.42843475
  0.44247946
  0.46248026
  0.47699863
  0.49117922
  0.52160153
  0.50725825
  0.49216321
  0.47685775
  0.46128559
  0.44554773
  0.42976402
  0.41395740
  0.39814069
  0.38234532
  0.36663735
  0.35257675
  0.33651188
  0.32055726
  0.30523009
  0.28935445
  0.27174677
  0.25812486
  0.24206729
  0.22592539
  0.20977403
  0.19399167
  0.17779193
  0.16147356
  0.14503856
  0.12784558
  0.11206144
  0.09608448
  0.08017202
  0.06441834
  0.04895574
  0.03430255
  0.02139943
