  0.00000000
  0.00000000
 -0.00000000
 -0.00180094
 -0.00908211
 -0.01968655
 -0.02658450
 -0.02717726
 -0.02764312
 -0.02817367
 -0.02901778
 -0.02806776
 -0.02752459
 -0.02704257
 -0.02640316
 -0.01396433
 -0.01397219
 -0.01397588
 -0.01397823
 -0.01397992
 -0.01398121
 -0.01398225
 -0.01398310
 -0.01398382
 -0.01398443
 -0.01398496
 -0.03461734
 -0.10184110
 -0.21238461
 -0.36032289
 -0.54418986
 -0.76014191
 -0.92562086
 -1.06631895
 -1.20034205
 -1.34306650
 -1.51166878
 -1.72926858
 -1.89308849
 -2.04188143
 -2.22370599
 -2.44081878
 -2.64249351
 -2.82735397
 -2.99459801
 -3.14391458
 -3.27533344
 -3.38907670
 -3.49003768
 -3.55300050
 -3.58988932
 -3.60902305
 -3.61674929
 -3.61829937
 -3.61828789
 -3.62104044
 -3.63083830
 -3.65213144
 -3.68975682
 -3.74920031
 -3.83695732
 -3.94737346
 -4.07221496
 -4.21139685
 -4.36493987
 -4.53302901
 -4.69471998
 -4.83320215
 -4.94745344
 -5.03573746
 -5.09573669
 -5.12460338
 -5.11892277
 -5.07455696
 -5.06312203
 -5.04210316
 -5.04210552
 -5.04210708
 -5.04210773
 -5.03579577
 -5.02233746
 -5.01690016
 -5.01610214
 -5.02354075
 -5.02353114
 -5.02352615
 -5.02352276
 -5.02352016
 -5.02351803
 -5.02351780
 -5.00245498
 -4.96446429
 -4.91340285
 -4.85300881
 -4.78707740
 -4.74683734
 -4.72499152
 -4.71551882
 -4.71318531
