  0.00000000
  0.00000000
  0.16558473
  0.32937860
  0.49528908
  0.65827730
  0.81991897
  0.98091247
  1.14178231
  1.30315942
  1.46654897
  1.62725010
  1.78588683
  1.94269788
  2.09775833
  2.25079636
  2.40159436
  2.54966730
  2.69438370
  2.83522427
  2.97265427
  3.09929453
  3.21249115
  3.31050716
  3.39116751
  3.43768374
  3.45155327
  3.44445774
  3.41844501
  3.37732633
  3.32901159
  3.27742398
  3.22644603
  3.17648468
  3.13391964
  3.09892184
  3.07180112
  3.04971306
  3.03158254
  3.01583390
  3.00059611
  2.98597647
  2.97038763
  2.95141888
  2.92656296
  2.89181784
  2.84948418
  2.79932227
  2.74415024
  2.68677430
  2.63479564
  2.59486016
  2.58024801
  2.57863942
  2.58063481
  2.58329834
  2.58635162
  2.58993784
  2.59427036
  2.59973717
  2.60686109
  2.61557151
  2.62608966
  2.63872939
  2.65485742
  2.67667553
  2.70823468
  2.75343956
  2.81121681
  2.87754641
  2.94938763
  3.02749613
  3.15707797
  3.26664773
  3.37729831
  3.42279984
  3.52157138
  3.54595226
  3.54588711
  3.48556924
  3.29816623
  3.15908559
  2.99939554
  2.81192638
  2.62444367
  2.52686958
  2.33938852
  2.15191071
  1.96443124
  1.77695033
  1.59186954
  1.57502482
  1.76245177
  1.89618354
  1.91727576
  1.87660997
  1.68911596
  1.50161915
  1.31412174
  1.12662417
  0.93914798
  0.79889439
  0.68808694
  0.59180208
  0.50192224
  0.41230629
  0.31606788
  0.19385066
  0.17117539
  0.11221704
  0.02397378
 -0.03629280
  0.04678420
 -0.08314189
 -0.27062658
 -0.45811621
 -0.64560673
 -0.83309642
 -1.02058226
 -1.20806037
 -1.39550314
 -1.27640941
 -1.08904819
 -0.90166048
 -0.71428519
 -0.52694615
 -0.39626926
 -0.27207014
 -0.14087010
 -0.05966059
  0.00000000
