  0.00000000
 -0.49902854
 -0.49837629
  0.02797494
  0.49141362
  0.44504570
  0.01138312
  0.00051481
 -0.00826756
  0.05871005
 -0.01425269
 -0.00291986
  0.00263223
  0.25103244
 -0.26600906
  0.00008782
  0.00002759
  0.00001322
  0.00000758
  0.00000483
  0.00000330
  0.00000237
  0.00000177
  0.00000138
 -0.23833296
 -0.49999721
 -0.49999861
 -0.49999912
 -0.49999909
 -0.49999451
  0.28826764
  0.26186692
  0.11225304
 -0.07984056
 -0.29130358
 -0.46874691
  0.49999597
  0.08601048
 -0.49999677
 -0.49999716
 -0.00000214
 -0.00000021
 -0.00000008
 -0.00000004
 -0.00000002
 -0.00000000
  0.00000087
  0.49999977
  0.49999988
  0.49999991
  0.49999992
  0.49999993
  0.49999993
  0.49999993
  0.49999993
  0.49999992
  0.49999990
  0.49999985
  0.49999972
  0.17543502
 -0.00000002
 -0.00000004
 -0.00000008
 -0.00000017
 -0.29156942
 -0.49999893
 -0.49999920
 -0.49999913
 -0.49999883
 -0.49999799
 -0.49999500
 -0.49997040
  0.43618888
 -0.10670167
  0.24895230
 -0.00001072
 -0.00000855
 -0.06764234
 -0.08410582
  0.08701390
  0.05465251
  0.10963552
 -0.09971666
  0.00006100
  0.00002043
  0.00000950
  0.00000489
  0.00003654
 -0.49912422
 -0.49997088
 -0.49998560
 -0.49998739
 -0.49997932
  0.49999735
  0.49999313
  0.49999578
  0.49999673
  0.49999707
  0.00000000
