  5.00000000
  5.00000000
  5.00000000
  5.01763765
  5.05291969
  5.10583778
  5.17638550
  5.26455733
  5.37036341
  5.49382602
  5.63494816
  5.79358257
  5.96980932
  6.16368010
  6.37517815
  6.60448784
  6.84996152
  7.11494713
  7.39458442
  7.69408431
  8.00950537
  8.34398637
  8.69633097
  9.06615859
  9.45433341
  9.86117003
 10.28351351
 10.72342222
 11.18096945
 11.65608562
 12.14891994
 12.65939391
 13.18752382
 13.73337843
 14.29712864
 14.88143546
 15.48395897
 16.10478401
 16.74264018
 17.39327689
 18.04414540
 18.67587375
 19.22350682
 19.63206045
 19.83948348
 19.94465061
 19.97371413
 19.93505378
 19.81503228
 19.60085717
 19.32269893
 19.00435686
 18.66440046
 18.31794932
 18.07853458
 17.84676410
 17.62202070
 17.40143562
 17.18293180
 16.96491351
 16.74613028
 16.52567343
 16.30298226
 16.07783176
 15.85041858
 15.61496974
 15.34509297
 15.07718609
 14.80600931
 14.54622838
 14.29806714
 14.06544092
 13.85009732
 13.65611868
 13.47959890
 13.32178732
 13.18206604
 13.05951916
 12.95304465
 12.86143231
 12.78326207
 12.71782924
 12.66355211
 12.61937467
 12.58395731
 12.55719477
 12.53814896
 12.52613628
 12.52069440
 12.52159244
 12.52874705
 12.54217696
 12.56195352
 12.58815162
 12.62080869
 12.66018730
 12.70604007
 12.75835804
 12.81713452
 12.88236125
 12.95404186
 13.03219663
 13.11688533
 13.20827719
 13.30682277
 13.43762087
 13.57913528
 13.72823457
 13.88101128
 14.03245436
 14.17606901
 14.30502003
 14.40696205
 14.48231922
 14.53330462
 14.56367350
 14.57873531
 14.58456171
 14.59058180
 14.59704083
 14.60412464
 14.61164410
 14.61159269
 14.59447065
 14.55316927
 14.49549713
 14.42923346
 14.35999814
 14.29019861
 14.22064056
 14.15174181
 14.08379377
 14.01701696
 13.95158347
 13.88740944
 13.82580192
 13.77045272
 13.72392841
 13.68547119
 13.65183962
 13.61969810
 13.58944837
 13.56305965
 13.54183477
 13.52645663
 13.51706868
 13.51156235
 13.50825199
 13.50596676
 13.50393991
 13.50217074
 13.50093871
 13.50028307
 13.50006364
 13.50001141
 13.50000000
