  0.00000000
  0.00000000
 -0.06751012
 -0.12149640
 -0.14070431
 -0.11425257
 -0.06990343
 -0.02936512
 -0.00276432
  0.00663327
  0.00505895
  0.00117897
 -0.00168606
 -0.00291242
  0.00159291
  0.01704621
  0.02293404
 -0.02137336
 -0.12132422
 -0.22903036
 -0.29017682
 -0.17899928
 -0.06735414
  0.04416161
  0.15500192
  0.10727353
 -0.00507514
 -0.11775078
 -0.23054895
 -0.34601982
 -0.46223503
 -0.57992809
 -0.69979785
 -0.69999428
 -0.69999595
 -0.69999662
 -0.69999686
 -0.69999689
 -0.69999679
 -0.69999659
 -0.69999629
 -0.69999588
 -0.69999534
 -0.69999466
 -0.69999378
 -0.69999265
 -0.69999117
 -0.66524712
 -0.55181188
 -0.43975278
 -0.32869092
 -0.21843563
 -0.10888831
  0.00000000
