  0.00000000
  0.00000000
  0.03399237
  0.06800788
  0.10210875
  0.13624433
  0.17038016
  0.20449322
  0.23856403
  0.27257302
  0.30649479
  0.34030062
  0.37963504
  0.41236570
  0.44725185
  0.48353946
  0.52004517
  0.55568600
  0.59091869
  0.62587670
  0.66047371
  0.69693899
  0.72811550
  0.76315366
  0.79696699
  0.83110011
  0.85134361
  0.89517441
  0.88941899
  1.12357677
  0.88967877
  0.86106066
  0.83438685
  0.80908993
  0.78403990
  0.56628724
  0.47151904
  0.43118245
  0.42296176
  0.47330953
  0.55943049
  0.69659331
  0.70952396
  0.70737557
  0.59290438
  0.53210089
  0.51904422
  0.55739551
  0.67079247
  0.82374520
  0.84844075
  0.87388258
  0.90043713
  0.05701649
  0.05656646
  0.32125399
  0.26425807
  0.22995013
  0.20376211
  0.18113072
  0.16055749
  0.14215298
  0.12919777
  0.13110245
  0.17514050
  0.28101756
  0.39932684
  0.54174781
  0.78892034
  0.74018101
  0.88766614
  1.24927789
  0.88957539
  0.86275688
  0.83696096
  0.81181115
  0.63695287
  0.48640110
  0.41995495
  0.39492120
  0.39685595
  0.42141755
  0.50374497
  0.65647688
  0.70944840
  0.72663177
  0.60186598
  0.54141764
  0.53698152
  0.59552429
  0.75712717
  0.84826246
  0.87370038
  0.90024989
  0.24376078
  0.91004970
  0.89696541
  1.22316370
  1.24527927
  0.75618125
  0.89236749
  1.13454091
  0.90635661
  0.88300036
  0.85651914
  0.87594313
  0.90865978
  0.24022574
  0.23395030
  0.28045466
  0.40688414
  0.75370350
  0.77910706
  0.73237772
  0.68610791
  0.63927873
  0.02404433
  0.02396734
  0.02389035
  0.02381338
  0.02373642
  0.02365953
  0.02358369
  0.57912190
  0.02163734
  0.53033686
  0.48343836
  0.43651837
  0.38957108
  0.34258586
  0.29553805
  0.01030129
  0.01022225
  0.01014467
  0.24439546
  0.19751484
  0.15063539
  0.10372349
  0.05474920
  0.00821856
 -0.01751941
 -0.05563823
 -0.08033870
 -0.09767115
 -0.11038971
 -0.11981682
 -0.12672293
 -0.13164433
 -0.18716699
 -0.20758549
 -0.22836161
 -0.25004790
 -0.40524997
 -0.35846911
 -0.31165933
 -0.26484271
 -0.21799488
 -0.17115038
 -0.12432265
 -0.07752063
 -0.02029016
