  0.00000000
  0.00000000
  0.17022046
  0.33815697
  0.50377163
  0.66672928
  0.82651059
  0.98278617
  1.13669625
  1.29470809
  1.45406794
  1.61435105
  1.77542267
  1.93729835
  2.09853742
  2.25962844
  2.42406478
  2.58939978
  2.75667771
  2.92598067
  3.09988688
  3.28156334
  3.46756012
  3.53434737
  3.60185947
  3.66999885
  3.74019740
  3.81486119
  3.86991940
  3.93061021
  3.99095548
  4.04981415
  4.10690810
  4.16205184
  4.21506746
  4.26579895
  4.31411990
  4.35991828
  4.40309570
  4.44363586
  4.48168518
  4.51753286
  4.55151871
  4.58396670
  4.61516818
  4.64538705
  4.67486582
  4.70382567
  4.73246010
  4.76092403
  4.78932301
  4.81770866
  4.84608479
  4.87442416
  4.90269217
  4.93086557
  4.95885859
  4.98551169
  4.99984619
  4.99934966
  4.99982345
  4.99981855
  4.99981921
  4.99982244
  4.99936999
  4.99939472
  4.99942976
  4.99947750
  4.99951932
  4.99951868
  4.99958010
  4.99962944
  4.99967854
  4.99972017
  4.99974369
  4.99969324
  4.99959679
  4.99945604
  4.99963973
  4.99982119
  4.99982149
  4.99506997
  4.99984616
  4.99982379
  4.99102577
  4.99221632
  4.99495384
  4.99986729
  4.99611070
  4.99984624
  4.99982524
  4.99956388
  4.99961118
  4.99966574
  4.99971989
  4.99980120
  4.90392519
  4.90001129
  4.89312761
  4.88387828
  4.87299418
  4.86102552
  4.84827272
  4.83486144
  4.82082971
  4.80617630
  4.79088100
  4.77491125
  4.75822084
  4.74075356
  4.72228297
  4.70353375
  4.68011596
  4.66581167
  4.47864143
  4.29149600
  4.10436825
  3.91726402
  3.73021518
  3.54326816
  3.35625220
  3.16928735
  2.98240898
  2.79563462
  2.60897796
  2.42158731
  2.23472102
  2.04825414
  1.86084165
  1.67344174
  1.48605632
  1.29868602
  1.11132960
  0.92398504
  0.73657385
  0.54920603
  0.36192832
  0.17495254
 -0.00323037
 -0.18425939
 -0.33206999
 -0.46218951
 -0.58080051
 -0.69035741
 -0.79227555
 -0.88741118
 -0.97668771
 -1.06090287
 -1.14099484
 -1.27505799
 -1.40847692
 -1.54094643
 -1.67250223
 -1.80339842
 -1.93366658
 -2.06336944
 -2.19216593
 -2.00532344
 -1.81818227
 -1.63096703
 -1.44370473
 -1.25640543
 -1.06908241
 -0.88168736
 -0.69430433
 -0.50694988
 -0.31963667
 -0.13238561
  0.00000000
