  0.00000000
 -0.49569330
 -0.49526014
 -0.49429649
 -0.49229275
 -0.48757162
 -0.47094351
  0.02469948
  0.45961277
  0.47242971
  0.47314695
  0.46843811
  0.45541764
  0.42669255
  0.23887776
 -0.42752120
 -0.47684770
 -0.49047273
 -0.49517328
 -0.49708289
 -0.49747320
  0.48153911
  0.48076370
  0.48612814
  0.48750201
  0.48769416
  0.48746189
  0.48233369
  0.48218127
  0.48049384
  0.47789593
  0.47431886
  0.46927009
  0.46172001
  0.44949099
  0.42845404
  0.39258286
  0.33582399
  0.25843473
  0.17172792
  0.08890353
  0.01578169
 -0.04825515
 -0.10588434
 -0.15925411
 -0.20930355
 -0.25589756
 -0.29819550
 -0.33512146
 -0.36588633
 -0.39038345
 -0.40923453
 -0.42350298
 -0.43435090
 -0.44285119
 -0.44994715
 -0.45628817
 -0.46474508
 -0.49799745
 -0.49482926
 -0.49918040
 -0.49944539
 -0.49942150
  0.38687475
  0.48946578
  0.49387120
  0.49530432
  0.49597659
  0.49617548
  0.49588705
  0.49571534
  0.49514230
  0.49396418
  0.49156159
  0.48558621
  0.46655789
  0.41404879
  0.28773908
 -0.24968874
 -0.48308487
 -0.49522750
 -0.43292490
 -0.49813109
 -0.49901864
 -0.47961602
 -0.48115311
 -0.48146050
 -0.49936082
 -0.48348530
 -0.49933425
  0.44184282
  0.49328350
  0.49595196
  0.49654048
  0.49615327
  0.49328368
  0.39912317
  0.40390931
  0.40494825
  0.40434426
  0.40300766
  0.40137295
  0.39965480
  0.39793835
  0.39625426
  0.39462027
  0.39306426
  0.39164679
  0.39044501
  0.39018301
  0.38735518
  0.40007018
  0.36044381
  0.45735682
 -0.28050430
 -0.45821252
 -0.48067263
 -0.48572895
  0.29120113
  0.49685874
  0.49902613
  0.49953863
  0.49973077
  0.49982477
  0.49981202
  0.49970742
  0.49292129
  0.00001170
  0.00001016
  0.00000203
 -0.00000444
 -0.00001121
 -0.00013798
 -0.49960484
 -0.49984597
 -0.49989120
 -0.49990786
 -0.49990510
 -0.49991129
 -0.49988103
 -0.49985729
 -0.49983000
 -0.49979308
 -0.49973975
 -0.49965629
 -0.49951334
 -0.49921242
 -0.49814574
  0.49907257
  0.49963790
  0.49976078
  0.49981298
  0.49984109
  0.49985728
  0.49986672
  0.49987085
  0.49990914
  0.49990022
  0.49988119
  0.49983947
  0.49970966
  0.20589259
 -0.44964778
 -0.49964731
 -0.49979842
 -0.49984472
 -0.49986381
 -0.49980362
  0.00000000
