 17.10880196
 17.10880196
 17.10880196
 17.14685750
 17.22140669
 17.33064532
 17.47226679
 17.64360931
 17.84336883
 18.07844736
 18.34462954
 18.64016808
 18.96386222
 19.31531367
 19.69159064
 20.09469447
 20.53604779
 21.01227376
 21.52237643
 22.05966198
 22.62013378
 23.19163771
 23.72043038
 23.86451423
 23.99436462
 24.10958444
 24.21237504
 24.30512319
 24.36139013
 24.41452464
 24.45842922
 24.49357422
 24.52141044
 24.54343133
 24.56104428
 24.57552778
 24.58799202
 24.59934464
 24.61027154
 24.62124582
 24.63256426
 24.64439368
 24.65681259
 24.66984564
 24.68349055
 24.69773627
 24.71257182
 24.72798668
 24.74396384
 24.76046760
 24.77742973
 24.79473997
 24.81224598
 24.82976496
 24.84710631
 24.86410473
 24.88065761
 24.89666487
 24.91284632
 24.99567947
 24.99892579
 24.97099354
 24.78213447
 24.36000773
 23.64740725
 23.36135534
 23.05042335
 22.70546276
 22.31766844
 21.88924264
 21.44662999
 20.93895308
 20.35991074
 19.69033756
 18.91848614
 18.07715205
 17.37106674
 16.83153691
 16.42645281
 15.82658884
 14.61213220
 13.40433933
 13.31774312
 12.10248474
 10.87197524
 10.81021321
 10.74551463
 10.67995356
  9.44848194
  9.39924762
  8.22065123
  7.18357252
  6.87879645
  6.58930060
  6.31610511
  6.06885232
  5.85008392
  5.84286454
  5.83501352
  5.82699526
  5.81901664
  5.81116866
  5.80349034
  5.79599783
  5.78870018
  5.78160503
  5.77471958
  5.76804969
  5.76159787
  5.75536424
  5.74929396
  5.74363236
  5.73713659
  5.73352899
  5.68918661
  5.67221862
  5.63063153
  5.59510237
  5.60616863
  5.69772573
  5.89573599
  6.16009417
  6.44764686
  6.72692346
  6.97492329
  7.17573116
  7.31557668
  7.38707013
  7.38694206
  7.31551902
  7.19432178
  7.04298153
  6.87853990
  6.71518289
  6.56421802
  6.43452898
  6.33382024
  6.26612734
  6.23465693
  6.23524939
  6.26282699
  6.30659170
  6.36225364
  6.42718806
  6.49955955
  6.57792833
  6.66141994
  6.74949334
  6.84213425
  7.01224323
  7.20841795
  7.42999984
  7.67641578
  7.94734129
  8.24197755
  8.55950182
  8.89797877
  9.42143074
  9.89969705
 10.32966148
 10.70906820
 11.03630204
 11.31053081
 11.53209711
 11.70434513
 11.83411427
 11.92620396
 11.98337133
 12.00000000
