  0.00263283
  0.22863687
  0.22859523
  0.22858516
  0.22858847
  0.22859990
  0.22861937
  0.22864058
  0.22865915
  0.22867384
  0.22868681
  0.22869899
  0.22871048
  0.22872118
  0.22873085
  0.22873920
  0.22874580
  0.22875003
  0.22876288
  0.22996521
  0.23012862
  0.23018528
  0.21188483
  0.19201551
  0.17517472
  0.16057868
  0.15513187
  0.15091672
  0.14703719
  0.15013923
  0.13118402
  0.11850259
  0.11955176
  0.13635364
  0.14562268
  0.16691175
  0.17353504
  0.18076794
  0.18275839
  0.17500028
  0.16785351
  0.12715596
  0.12218325
  0.15068977
  0.14547884
  0.13974813
  0.14329795
  0.14889654
  0.15468206
  0.16070192
  0.16701808
  0.17369410
  0.18072286
  0.17712512
  0.17012972
  0.16354393
  0.16499961
  0.17085105
  0.17554071
  0.18640152
  0.18365230
  0.18361834
  0.18361148
  0.18360842
  0.18411314
  0.18516929
  0.18460600
  0.18457035
  0.18464398
  0.18486996
  0.18527693
  0.18581070
  0.18199721
  0.17394514
  0.17510511
  0.18554196
  0.18680925
  0.21064111
  0.21043350
  0.21033557
  0.20571219
  0.23242300
  0.23157043
  0.23052991
  0.23900678
  0.23649699
  0.24599151
  0.23887077
  0.23372507
  0.22996034
  0.22702528
  0.22458287
  0.24712291
  0.24503903
  0.24256743
  0.23975253
  0.23655084
  0.23295082
  0.24157239
  0.24062359
  0.24313043
  0.24402433
  0.24477032
  0.24966323
  0.24968318
  0.24712121
  0.24720738
  0.24729941
  0.24741073
  0.24753786
  0.24855937
  0.24817824
  0.24775835
  0.24735331
