  0.00000000
  0.00000000
  0.04292816
  0.06468528
  0.05704618
  0.03890257
  0.02337402
  0.01431356
  0.00953105
  0.00684081
  0.00512779
  0.00395375
  0.00311687
  0.00250281
  0.00204130
  0.00168730
  0.00141095
  0.00119190
  0.00102717
  0.02974029
  0.08764337
  0.14821656
  0.21316933
  0.27885296
  0.34542378
  0.41426024
  0.42103331
  0.42107264
  0.42108792
  0.36263816
  0.30825319
  0.26470965
  0.22790524
  0.19273453
  0.15453443
  0.11546930
  0.07225618
  0.02841403
 -0.01680604
 -0.06280613
 -0.10784222
 -0.15265090
 -0.18811276
 -0.22381812
 -0.27065483
 -0.31954918
 -0.28900093
 -0.24327630
 -0.19893976
 -0.15557146
 -0.11270921
 -0.06990736
 -0.02701827
 -0.04879814
 -0.09255661
 -0.13608628
 -0.12578983
 -0.08524232
 -0.07790279
 -0.04633584
  0.00020490
  0.00053668
  0.00067790
  0.00089650
  0.00098232
 -0.04306233
  0.00140980
 -0.04206779
 -0.08481702
 -0.13038775
 -0.17912672
 -0.23109081
 -0.19798712
 -0.14902841
 -0.12144556
 -0.09372362
 -0.04675712
 -0.00009459
  0.05272641
  0.10668626
  0.16310773
  0.22216919
  0.29584084
  0.38006127
  0.42105766
  0.42105243
  0.42088980
  0.32537040
  0.24620167
  0.17729528
  0.11487968
  0.05643126
  0.00007896
 -0.06199787
 -0.12545928
 -0.19225070
 -0.26469240
 -0.34576440
 -0.42103954
 -0.42102344
 -0.35299266
 -0.26886025
 -0.19478206
 -0.12724177
 -0.06255190
  0.00014509
  0.06209574
  0.12597530
  0.19392432
  0.26850544
  0.26911772
  0.19415479
  0.12597284
  0.06197658
