  0.02310491
  0.02310491
  0.02517883
  0.03116025
  0.03485231
  0.03352674
  0.03030843
  0.02804530
  0.02673534
  0.02596901
  0.02547035
  0.02510511
  0.02482431
  0.02460250
  0.02442362
  0.02427685
  0.02415466
  0.02405164
  0.02397392
  0.08160798
  0.23077203
  0.40433844
  0.55557134
  0.68073950
  0.79219686
  0.89375261
  0.90309765
  0.90316461
  0.90319663
  0.81888602
  0.61934841
  0.48896470
  0.43137384
  0.42770155
  0.37736628
  0.33644092
  0.22416539
  0.09915630
  0.02611656
  0.06259308
  0.09561650
  0.10167753
  0.11826710
  0.16817890
  0.19440711
  0.21893551
  0.20387498
  0.17977386
  0.15446334
  0.12766035
  0.09897837
  0.06794626
  0.03425917
  0.05169563
  0.08468489
  0.11491596
  0.10794702
  0.07919169
  0.07362575
  0.04970634
  0.02332196
  0.02366893
  0.02379879
  0.02400221
  0.02405752
  0.04065053
  0.02439958
  0.03789353
  0.06264522
  0.08709300
  0.11128535
  0.13504704
  0.11052158
  0.07946603
  0.06468885
  0.05288308
  0.03127355
  0.02305363
  0.08652083
  0.15106464
  0.20214245
  0.28033656
  0.32840492
  0.36676672
  0.36372062
  0.30263519
  0.25639963
  0.15041570
  0.08268315
  0.04204213
  0.02543394
  0.02201315
  0.02309954
  0.03520130
  0.06981407
  0.12437955
  0.19813838
  0.29386986
  0.42064613
  0.47334253
  0.44858955
  0.38104614
  0.30586409
  0.20388044
  0.09747200
  0.02305068
  0.03699254
  0.05570419
  0.06862857
  0.07604906
  0.06237484
  0.03839248
  0.02391328
  0.02120394
