  0.02310491
  0.02310491
  0.02172591
  0.02066386
  0.02083726
  0.02066372
  0.02055729
  0.02081262
  0.02106411
  0.02127433
  0.02147555
  0.02165205
  0.02180334
  0.02193288
  0.02204426
  0.02214054
  0.02222426
  0.02229749
  0.02235416
  0.03124069
  0.07261837
  0.12031655
  0.16278486
  0.19873203
  0.23116987
  0.26109888
  0.26387076
  0.26389012
  0.26389919
  0.23899698
  0.18463853
  0.14850548
  0.13178143
  0.12912115
  0.11401160
  0.10093776
  0.06975636
  0.03542173
  0.06431020
  0.19821000
  0.31736300
  0.32953742
  0.38664132
  0.57409901
  0.66573857
  0.75029441
  0.69848269
  0.61493408
  0.52637501
  0.43170124
  0.32939879
  0.21759154
  0.09486584
  0.15858876
  0.27804598
  0.38637550
  0.36148233
  0.25816026
  0.23798635
  0.15131914
  0.02289577
  0.02259159
  0.02248652
  0.02233044
  0.02228931
  0.11564004
  0.02205257
  0.10500090
  0.19217624
  0.27759629
  0.36149387
  0.44326777
  0.35555168
  0.24587027
  0.19432594
  0.15379950
  0.07896624
  0.02315668
  0.03346710
  0.05248349
  0.06783776
  0.09077420
  0.10556484
  0.11765137
  0.11725590
  0.09956411
  0.08600357
  0.05412391
  0.03358127
  0.02230434
  0.02208721
  0.02475946
  0.02311028
  0.02136440
  0.03148037
  0.05074327
  0.07761861
  0.11331287
  0.16263051
  0.18539066
  0.17959571
  0.15649691
  0.12930026
  0.08850467
  0.04526004
  0.02315999
  0.07912626
  0.13147156
  0.16989963
  0.19440987
  0.15882839
  0.09108566
  0.04691609
  0.02691135
