  0.00000000
  0.37460370
  0.18821214
 -0.06584222
 -0.15732342
 -0.13535202
 -0.07916445
 -0.04181411
 -0.02352463
 -0.01497997
 -0.01026654
 -0.00731796
 -0.00536941
 -0.00403531
 -0.00309521
 -0.00241622
 -0.00191518
 -0.00144021
  0.25072428
  0.49622040
  0.49823235
  0.49882886
  0.49902753
  0.49900568
  0.49855569
  0.04968861
  0.00029671
  0.00011843
 -0.49269487
 -0.49967687
 -0.49978090
 -0.49981838
 -0.49985155
 -0.49988648
 -0.49989680
 -0.49990996
 -0.49990934
 -0.49990300
 -0.49988610
 -0.49984195
 -0.49974191
 -0.49962994
 -0.49959220
 -0.49943812
 -0.49853708
  0.31904405
  0.49725357
  0.49802981
  0.49798289
  0.49741403
  0.49574558
  0.48896487
 -0.23962282
 -0.48413999
 -0.48606936
  0.11780470
  0.47032544
  0.08368591
  0.35406892
  0.49794461
  0.00361423
  0.00153854
  0.00238152
  0.00093491
 -0.47730030
  0.47919579
 -0.46997059
 -0.45563210
 -0.47149780
 -0.48095628
 -0.47998616
  0.30088931
  0.47999522
  0.29547651
  0.30256356
  0.49613651
  0.49812239
  0.49968248
  0.49970919
  0.49972959
  0.49975267
  0.49971464
  0.49949326
  0.21666669
 -0.00002563
 -0.00080471
 -0.49923072
 -0.49961735
 -0.49970374
 -0.49973277
 -0.49973677
 -0.49972206
 -0.49984845
 -0.49982631
 -0.49978494
 -0.49969721
 -0.49942667
 -0.40720843
  0.00007800
  0.35377491
  0.49917707
  0.49949571
  0.49958554
  0.49962028
  0.49962271
  0.49881852
  0.49858872
  0.49807502
  0.49645663
  0.00383796
 -0.49637385
 -0.49794448
 -0.49840873
 -0.49857460
  0.00000000
