 25.89795918
 25.89795918
 25.89795918
 25.85882059
 25.78054712
 25.66311104
 25.50647882
 25.31062745
 25.07554634
 24.80123099
 24.48767964
 24.13488866
 23.74285352
 23.31157004
 22.84103473
 22.33124521
 21.78220055
 21.19390199
 20.56635369
 19.89952971
 19.18975366
 18.43978104
 17.65211022
 16.90251961
 16.22504652
 15.64395791
 15.18893668
 14.87446857
 14.72263549
 14.74457731
 14.94773436
 15.26391118
 15.63811270
 16.07730458
 16.63461953
 17.28315872
 18.07404084
 18.91944274
 19.81115957
 20.71627063
 21.58107797
 22.40240924
 23.01018684
 23.57414605
 24.23213399
 24.79896147
 25.24735714
 25.57413001
 25.77027664
 25.83638140
 25.78160140
 25.62127083
 25.37518829
 25.06705160
 24.74482273
 24.40139090
 24.01345823
 23.54387200
 22.98751449
 22.38296984
 21.71764517
 21.05890267
 20.41999538
 19.80095766
 19.20181388
 18.62101864
 18.05705653
 17.50112078
 16.96599814
 16.43999885
 15.91483271
 15.38554952
 14.85154523
 14.32992864
 13.84429134
 13.37441917
 12.89976425
 12.44807741
 11.96870163
 11.52298755
 11.11020602
 10.73878138
 10.35598721
 10.01823288
  9.72784723
  9.47633512
  9.27761268
  9.11864578
  9.00765289
  8.93483279
  8.89462555
  8.88413312
  8.90190950
  8.95216451
  9.03545953
  9.15001683
  9.29249604
  9.45720057
  9.63504779
  9.82182630
  9.98868183
 10.11671075
 10.19225409
 10.21195580
 10.18091512
 10.12270075
 10.05902052
 10.00240309
  9.96009014
  9.93490018
  9.92617176
  9.93057706
  9.94074757
  9.94997225
  9.95510204
