  0.01009088
  0.24999957
  0.24999957
  0.24999957
  0.24999957
  0.24999957
  0.24999957
  0.24999957
  0.24999957
  0.24999957
  0.24999957
  0.24999957
  0.24999957
  0.24999957
  0.24999957
  0.24999957
  0.24999957
  0.24999957
  0.24999957
  0.24999958
  0.24999095
  0.24883943
  0.22152339
  0.19960064
  0.18132502
  0.18901469
  0.20672053
  0.22755932
  0.22925782
  0.23119794
  0.14849906
  0.14848506
  0.24997866
  0.19954289
  0.18399352
  0.17076112
  0.15924936
  0.14905761
  0.14819518
  0.15398344
  0.16000624
  0.16632735
  0.16990650
  0.16315202
  0.16438212
  0.17098301
  0.17807455
  0.24998657
  0.24998656
  0.24998657
  0.24999761
  0.18186446
  0.17662281
  0.16465612
  0.15417224
  0.14813054
  0.14744826
  0.15690972
  0.16744961
  0.17933155
  0.18679520
  0.18945145
  0.22808621
  0.23230597
  0.23230793
  0.23230882
  0.23230801
  0.24995940
  0.17505480
  0.16790365
  0.16122751
  0.15491745
  0.15415738
  0.15852104
  0.15237156
  0.14643175
  0.14702532
  0.15277513
  0.14363694
  0.16437185
  0.17097957
  0.17807229
  0.23979959
  0.23978974
  0.23978482
  0.23978652
  0.24343241
  0.24343157
  0.24343026
  0.20818671
  0.24312428
  0.24308906
  0.24973357
  0.24047856
  0.23893349
  0.24996580
  0.24997987
  0.18648777
  0.18648296
  0.24999689
  0.24999693
  0.24999697
  0.24999699
  0.24999700
  0.24999700
  0.24999447
  0.24999747
  0.24999755
  0.24999743
  0.24999734
  0.24999726
  0.24999718
  0.24999602
  0.24999588
  0.24999572
  0.24999553
  0.24999528
  0.24999492
  0.24999595
  0.24999599
  0.24999603
  0.24999606
  0.24999610
  0.24668208
  0.24668485
  0.24722925
  0.24708262
  0.24689029
  0.24918547
  0.24919842
  0.24919772
  0.24919990
  0.24918998
  0.24918626
  0.24918194
  0.24919807
  0.24919255
  0.24920855
  0.24923441
  0.24916740
  0.24831268
  0.24830574
  0.24830033
