  0.00000000
  0.00000000
  0.00063128
  0.00002911
 -0.05665322
 -0.11449413
 -0.17504299
 -0.24008565
 -0.17494895
 -0.11431095
 -0.05651389
  0.00002014
  0.00008850
  0.00008834
  0.00008980
  0.00009318
  0.00005036
 -0.04992518
 -0.01873983
  0.03157197
  0.08261340
  0.13546905
  0.19142674
  0.25212232
  0.31974825
  0.39254668
  0.34864423
  0.30076358
  0.25246389
  0.19827832
  0.14649926
  0.09682120
  0.04829306
 -0.00000736
 -0.00006294
 -0.00005975
 -0.00005657
 -0.00005467
 -0.00005294
 -0.00005132
 -0.00004979
 -0.00000003
  0.05468451
  0.09985668
  0.14468517
  0.18983056
  0.23588637
  0.27736009
  0.32099039
  0.27509049
  0.22966119
  0.18552814
  0.14220904
  0.09919478
  0.05594338
  0.01191636
  0.00082795
  0.03136830
  0.07636392
  0.12077852
  0.10696701
  0.09420657
  0.10600391
  0.15072040
  0.18232835
  0.13910207
  0.12255890
  0.16739723
  0.13120261
  0.08813742
  0.04462419
 -0.00000614
 -0.00001767
 -0.00000008
  0.05027907
  0.04808245
 -0.00000489
 -0.00001314
 -0.00001266
 -0.00000003
  0.06282629
  0.11835975
  0.17614554
  0.23470241
  0.29334213
  0.27679176
  0.22168410
  0.16666664
  0.11060788
  0.05493167
 -0.00000108
 -0.00000962
 -0.00000003
  0.06279523
  0.11200845
  0.09160826
  0.04691457
 -0.00000010
  0.00000032
 -0.01808451
 -0.07163059
 -0.05560581
  0.00001738
  0.00002449
  0.00000908
 -0.05402940
 -0.10933917
 -0.12764638
 -0.06281504
  0.00000443
  0.00002030
  0.00000108
 -0.06282496
 -0.12766652
 -0.19680639
 -0.27314060
 -0.36072447
 -0.42113981
 -0.42113477
 -0.36068462
 -0.27310906
 -0.19677973
 -0.12764303
 -0.06280356
  0.00002115
  0.06284613
  0.12768722
  0.19682707
  0.27316148
  0.36074457
  0.42113687
  0.36071436
  0.27313458
  0.19680235
  0.12766372
  0.06282304
 -0.00000231
 -0.00005475
 -0.05210868
 -0.11638624
 -0.18452471
 -0.19666358
 -0.12758901
 -0.06277793
  0.00002809
  0.00029621
