  0.01155356
  0.01155356
  0.04421851
  0.09112670
  0.14420377
  0.20298102
  0.26823024
  0.30950667
  0.34226614
  0.37101356
  0.39606454
  0.43268241
  0.47616755
  0.52130231
  0.58454107
  0.61522229
  0.67037539
  0.75572097
  0.84952135
  0.91923107
  0.91426753
  0.91461000
  0.83561964
  0.85425192
  0.90310142
  0.92005979
  0.92244036
  0.92518195
  0.92726653
  0.92857497
  0.92896856
  0.92899126
  0.92899860
  0.92885816
  0.92797205
  0.92635266
  0.92418580
  0.92158350
  0.91861511
  0.92139867
  0.92361190
  0.92344488
  0.92104405
  0.92294904
  0.92525511
  0.92711732
  0.92841117
  0.92894219
  0.92857796
  0.92734822
  0.92547689
  0.92311343
  0.92034931
  0.92298243
  0.92353343
  0.92557967
  0.92451961
  0.92217785
  0.92460161
  0.92660814
  0.92808925
  0.92887272
  0.92896726
  0.92897033
  0.92897337
  0.92897657
  0.92897996
  0.92898318
  0.92873950
  0.92768082
  0.92593551
  0.92367078
  0.92098756
  0.91794936
  0.92072111
  0.92301255
  0.92282531
  0.92022882
  0.92291426
  0.92522613
  0.92709449
  0.92839584
  0.92893522
  0.92897212
  0.92898080
  0.92897939
  0.92896452
  0.92894562
  0.92891927
  0.92887640
  0.92878375
  0.92775228
  0.90940056
  0.86680804
  0.84006978
  0.77639863
  0.73349901
  0.69108177
  0.68352452
  0.67545596
  0.66377408
  0.65026178
  0.58605263
  0.63775694
  0.56469357
  0.43313545
  0.42741730
  0.40079736
  0.33654459
  0.25233179
  0.17668618
  0.11259501
  0.05839406
  0.01771157
  0.00231297
  0.00023008
  0.00002310
  0.00000249
  0.00000029
  0.00000004
  0.00000000
  0.00000000
  0.00000000
  0.00000000
  0.00000000
  0.00000000
  0.00000000
  0.00000000
  0.00000000
 -0.00000000
  0.00000000
  0.00000000
  0.00000000
  0.00000000
  0.00000000
  0.00000000
  0.00000000
  0.00000000
  0.00000001
  0.00000025
  0.00000430
  0.00006775
  0.00103410
