  0.00000000
  0.00000000
  0.17922517
  0.35910356
  0.53890567
  0.71863281
  0.89828286
  1.07787582
  1.25749743
  1.43715012
  1.61683415
  1.79654274
  1.97626686
  2.15598983
  2.33571304
  2.51543509
  2.69528878
  2.87518021
  3.05513713
  3.23539476
  3.40953837
  3.56477325
  3.71387333
  3.85117663
  3.99134152
  4.13544127
  4.27294776
  4.41044398
  4.54977388
  4.69097278
  4.83415166
  4.97813168
  4.99989353
  4.99988881
  4.99987745
  4.99986551
  4.99985361
  4.99984297
  4.99983222
  4.99984596
  4.99985602
  4.99985509
  4.99984426
  4.99985061
  4.99986162
  4.99987272
  4.99988330
  4.99989306
  4.99988474
  4.99987354
  4.99986196
  4.99985081
  4.99984085
  4.99984549
  4.99986317
  4.99986561
  4.99986005
  4.99984668
  4.99985775
  4.99986914
  4.99988009
  4.99989030
  4.99989353
  4.99989354
  4.99989354
  4.99989355
  4.99989355
  4.99989355
  4.99988669
  4.99987519
  4.99986314
  4.99985122
  4.99984073
  4.99982852
  4.99984336
  4.99985355
  4.99985234
  4.99983999
  4.99984984
  4.99986100
  4.99987226
  4.99988300
  4.99989298
  4.99989354
  4.99989327
  4.89478062
  4.75256870
  4.60605225
  4.45486543
  4.29855243
  4.13657539
  3.96831028
  3.79390210
  3.61560973
  3.43721406
  3.25877874
  3.08037068
  2.90194833
  2.72347958
  2.54501102
  2.36625292
  2.18734086
  2.00812730
  1.84247121
  1.65760622
  1.47566534
  1.31890440
  1.14582718
  0.95901470
  0.77159067
  0.58451891
  0.40051970
  0.21935128
  0.04038370
 -0.13676505
 -0.31226803
 -0.48620024
 -0.65851348
 -0.82906582
 -0.99764052
 -1.16397719
 -1.33580376
 -1.50735466
 -1.67865730
 -1.84793892
 -1.99704825
 -2.16527077
 -2.33340873
 -2.50145542
 -2.62221795
 -2.43494681
 -2.24765353
 -2.06035482
 -1.87305321
 -1.68575059
 -1.49844674
 -1.31114216
 -1.12383712
 -0.93653152
 -0.74922588
 -0.56191998
 -0.37461222
 -0.18730545
  0.00000000
