  0.00000000
  0.00202492
 -0.00097214
 -0.00030624
 -0.00013465
 -0.00005808
 -0.00000590
  0.00005302
 -0.00009988
 -0.49928790
 -0.33314966
  0.49454366
  0.00602386
  0.33324476
 -0.00103203
 -0.00033678
 -0.00016256
 -0.00009368
  0.02291781
  0.49990358
  0.49998961
  0.49999610
  0.49999322
  0.49998480
 -0.26952683
 -0.49998159
 -0.49999099
 -0.49999417
 -0.49999537
 -0.49999609
 -0.00009498
  0.00010618
  0.49998751
  0.49997574
  0.49995539
  0.49990483
  0.49971518
 -0.12699645
 -0.49917007
 -0.49918846
 -0.49846171
 -0.26721343
  0.49641135
 -0.09499429
 -0.49931183
 -0.49979997
 -0.49991302
 -0.00000000
  0.00000000
  0.00000000
  0.49999412
  0.49999044
  0.49998764
  0.49998139
  0.49996301
  0.33777044
 -0.49996274
 -0.49997324
 -0.49998589
 -0.49999054
 -0.49999277
 -0.49999399
  0.00000006
  0.00000034
 -0.00000034
 -0.00000000
  0.00000005
  0.49995434
  0.49987697
  0.49970241
  0.49886898
  0.06276174
 -0.36155238
  0.49574145
  0.49753092
 -0.05152212
 -0.49937073
 -0.49977872
 -0.49577137
 -0.49982973
 -0.49991704
 -0.49994498
 -0.00000000
 -0.00000000
 -0.00000000
 -0.00000000
  0.00000032
 -0.00000040
  0.22396915
 -0.26188475
 -0.00000044
  0.00000241
 -0.49981194
 -0.49966862
 -0.02072109
  0.49990123
  0.49996807
  0.00008108
 -0.00012381
 -0.49999486
 -0.49999384
 -0.49999216
 -0.49998883
 -0.49997892
 -0.30005593
 -0.00001161
  0.30013096
  0.49996807
  0.49998190
  0.49998634
  0.49998839
  0.49998942
  0.49998052
  0.49998051
  0.49997868
  0.49997339
  0.49995542
 -0.00001326
 -0.49996182
 -0.49998033
 -0.49998645
 -0.49998948
 -0.49999124
 -0.00013871
 -0.00087702
  0.00287751
  0.00270791
 -0.00618249
 -0.00052022
 -0.00027029
 -0.00013826
 -0.00077805
 -0.00171421
 -0.00366898
 -0.32349125
 -0.49095702
 -0.49088816
  0.32425684
  0.49509941
  0.49770681
  0.00929427
  0.01089624
 -0.02328931
  0.00000000
