1 1 1 9.987893462470
1 1 2 25.006053268765
1 2 1 9.951573849879
1 2 2 20.938256658596
1 3 1 16.053268765133
1 3 2 20.938256658596
1 4 1 16.016949152542
1 4 2 24.933414043584
2 1 1 9.878934624697
2 1 2 20.974576271186
2 2 1 6.355932203390
2 2 2 13.347457627119
2 3 1 30.000000000000
2 3 2 20.974576271186
2 4 1 30.000000000000
2 4 2 20.974576271186
3 1 1 21.719128329298
3 1 2 0.054479418886
3 2 1 21.973365617433
3 2 2 6.555690072639
3 3 1 25.024213075061
3 3 2 6.773607748184
3 4 1 24.951573849879
3 4 2 0.054479418886
4 1 1 25.096852300242
4 1 2 24.824455205811
4 2 1 24.951573849879
4 2 2 21.010895883777
4 3 1 29.963680387409
4 3 2 20.938256658596
4 4 1 29.963680387409
4 4 2 24.969733656174
