  0.00000000
 -0.74990277
 -0.74990052
 -0.74989817
 -0.74989570
 -0.74989311
 -0.74989039
 -0.74988753
 -0.74988452
 -0.74988135
 -0.74987800
 -0.74987443
 -0.74987063
 -0.74986658
 -0.74986225
 -0.74985761
 -0.74985264
 -0.74984731
 -0.74984157
 -0.74983539
 -0.74982870
 -0.74982145
 -0.74981356
 -0.74980494
 -0.74979549
 -0.74978508
 -0.74977355
 -0.74976072
 -0.74974635
 -0.74973014
 -0.74971172
 -0.74969058
 -0.74966609
 -0.74963735
 -0.74960306
 -0.74956137
 -0.74951015
 -0.74944581
 -0.74936216
 -0.74924933
 -0.74909023
 -0.74885062
 -0.74844814
 -0.74761768
 -0.74484883
 -0.66743708
  0.00052932
  0.00099070
  0.00020545
 -0.00006308
 -0.00018135
 -0.00020094
 -0.00017871
 -0.00013005
 -0.00008601
 -0.00004572
 -0.00001726
 -0.00000476
 -0.00001334
 -0.00001933
 -0.00000091
  0.00000450
  0.00000376
  0.00002348
  0.00004355
  0.00005272
  0.00005310
  0.00007794
 -0.00002296
  0.00053963
  0.00004555
 -0.00000259
 -0.00006651
 -0.00008058
  0.00002913
 -0.00004646
 -0.00002387
 -0.00013637
  0.00395408
  0.70305434
  0.74674424
  0.74810565
  0.74866831
  0.74897932
  0.74918015
  0.74932016
  0.74942340
  0.74955793
  0.74958880
  0.74955611
  0.74958109
  0.74960334
  0.74962340
  0.74964141
  0.74965768
  0.74967266
  0.74968651
  0.74969974
  0.74971233
  0.74972440
  0.74973608
  0.74974742
  0.74975858
  0.74976964
  0.74978053
  0.74979129
  0.74980831
  0.74981744
  0.74982613
  0.74983394
  0.74984100
  0.74984744
  0.74985329
  0.74985873
  0.74986375
  0.74986829
  0.74987132
  0.74987307
  0.74987417
  0.74987472
  0.74987475
  0.74987430
  0.74987337
  0.74987196
  0.74987009
  0.74986971
  0.74986828
  0.74986639
  0.74986396
  0.74986094
  0.74985725
  0.74985280
  0.74984746
  0.74984104
  0.74983332
  0.74982647
  0.74981695
  0.74980653
  0.74979497
  0.74978207
  0.74976756
  0.74975118
  0.74973242
  0.74971079
  0.74968548
  0.74965538
  0.74961875
  0.74957528
  0.74951423
  0.74944017
  0.74933579
  0.74917729
  0.74890798
  0.74836895
  0.74671641
  0.45061003
 -0.74718397
 -0.74862889
 -0.74893621
 -0.74919345
 -0.74935292
 -0.74946127
 -0.74953884
 -0.74959681
 -0.74964170
 -0.74967746
 -0.74970666
 -0.74973101
 -0.74975169
 -0.74976952
 -0.74978508
 -0.74979877
 -0.74981086
 -0.74982157
 -0.74983104
 -0.74983939
 -0.74984669
 -0.74985321
 -0.74985932
 -0.74986494
 -0.74987014
 -0.74987496
 -0.74987944
 -0.74988359
 -0.74988746
 -0.74989106
  0.00000000
