 -1.57000000
 -1.57000000
 -1.57000000
 -1.57043216
 -1.57214235
 -1.57591419
 -1.58240169
 -1.59202396
 -1.60482809
 -1.62038932
 -1.63786764
 -1.65622720
 -1.67445480
 -1.69167244
 -1.70717483
 -1.72044403
 -1.73116278
 -1.73922745
 -1.74475147
 -1.74804805
 -1.74958491
 -1.74991764
 -1.74962112
 -1.74924136
 -1.74917489
 -1.74970316
 -1.75097292
 -1.75302492
 -1.75574475
 -1.75875577
 -1.76123863
 -1.76172802
 -1.75806075
 -1.74760673
 -1.72777981
 -1.69685633
 -1.65599349
 -1.62123549
 -1.60511234
 -1.61052160
 -1.63927227
 -1.69315523
 -1.77426799
 -1.88528410
 -2.02976804
 -2.21266379
 -2.44097390
 -2.73007077
 -3.08558527
 -3.40119308
 -3.66819343
 -3.89999814
 -4.09848172
 -4.26401981
 -4.39653952
 -4.49602635
 -4.56271547
 -4.59699427
 -4.59942049
 -4.57127333
 -4.52593368
 -4.50416796
 -4.50701135
 -4.52946746
 -4.52912224
 -4.49771334
 -4.43382178
 -4.33645880
 -4.20437217
 -4.03645716
 -3.83256708
 -3.63705353
 -3.47481594
 -3.34379715
 -3.24235025
 -3.16966540
 -3.12584488
 -3.10963750
 -3.12069933
 -3.11987554
 -3.09124090
 -3.03507326
 -2.95183537
 -2.84166383
 -2.70423846
 -2.53844038
 -2.34285369
 -2.11569778
 -1.83172734
 -1.60987381
 -1.45398192
 -1.32669702
 -1.22476518
 -1.14582186
 -1.08793104
 -1.04943222
 -1.02887185
 -1.02495807
 -1.03656047
 -1.06269796
 -1.10252706
 -1.15533126
 -1.22051123
 -1.29757007
 -1.38614675
 -1.48595762
 -1.59683894
 -1.72176497
 -1.83979902
 -1.95093467
 -2.05515114
 -2.15245300
 -2.24286504
 -2.32639225
 -2.40306980
 -2.47289983
 -2.53603782
 -2.58480165
 -2.62123247
 -2.64771970
 -2.66624236
 -2.67847629
 -2.68587627
 -2.68973653
 -2.69123642
 -2.69147629
 -2.69150712
 -2.69236332
 -2.69507916
 -2.70070657
 -2.71033612
 -2.72511896
 -2.74629067
 -2.77519879
 -2.81333543
 -2.86237611
 -2.92508533
 -2.99367537
 -3.06806563
 -3.14823057
 -3.23415804
 -3.32584880
 -3.42333148
 -3.52663718
 -3.63579772
 -3.75088054
 -3.87198946
 -3.99928585
 -4.13178141
 -4.25195682
 -4.36054899
 -4.45763126
 -4.54301022
 -4.61641249
 -4.69341448
 -4.79008985
 -4.90942705
 -5.06124658
 -5.23579587
 -5.36754215
 -5.47721436
 -5.56654385
 -5.63730833
 -5.69132371
 -5.73030961
 -5.75588282
 -5.76954663
 -5.77267181
 -5.76647558
 -5.75201409
 -5.73020094
 -5.70184587
 -5.66770261
 -5.62851613
 -5.58506930
 -5.53823470
 -5.48908288
 -5.43926132
 -5.39441696
 -5.35879418
 -5.33183527
 -5.31231378
 -5.29894425
 -5.29049023
 -5.28578074
 -5.28370254
 -5.28318531
