  0.00000000
  0.74961669
  0.74960643
  0.74959546
  0.74958353
  0.74957049
  0.74955792
  0.74954473
  0.74953091
  0.74951673
  0.74950240
  0.74946675
  0.74944974
  0.74943209
  0.74941327
  0.74939315
  0.74937160
  0.74934844
  0.74932350
  0.74929658
  0.74926743
  0.74923575
  0.74920122
  0.74916342
  0.74912187
  0.74907599
  0.74902506
  0.74896819
  0.74890429
  0.74883197
  0.74874946
  0.74867660
  0.74856256
  0.74842753
  0.74826476
  0.74806535
  0.74781640
  0.74749171
  0.74705079
  0.74641872
  0.74543805
  0.74371426
  0.73991912
  0.72840330
 -0.69697361
 -0.73865755
 -0.74340391
 -0.74534489
 -0.74640427
 -0.74707302
 -0.74754609
 -0.74787758
 -0.74813131
 -0.74833044
 -0.74848868
 -0.74857370
 -0.74874753
 -0.74884087
 -0.74892028
 -0.74898950
 -0.74905072
 -0.74910566
 -0.74915545
 -0.74920164
 -0.74925372
 -0.74929183
 -0.74932539
 -0.74935541
 -0.74938241
 -0.74940686
 -0.74942911
 -0.74944948
 -0.74946826
 -0.74948571
 -0.74950192
 -0.74951707
 -0.74953125
 -0.74954458
 -0.74955712
 -0.74956938
 -0.74958009
 -0.74958590
 -0.74959008
 -0.74959286
 -0.74959438
 -0.74959472
 -0.74959394
 -0.74959209
 -0.74958919
 -0.74958525
 -0.74958040
 -0.74956617
 -0.74959287
 -0.74958461
 -0.74957504
 -0.74956390
 -0.74955669
 -0.74954719
 -0.74953800
 -0.74952973
 -0.74946819
 -0.74949787
 -0.74948625
 -0.74947342
 -0.74945915
 -0.74945734
 -0.74944398
 -0.74940857
 -0.74942383
 -0.74939393
 -0.74937251
 -0.74934989
 -0.74932558
 -0.74929941
 -0.74927108
 -0.74924028
 -0.74920701
 -0.74917243
 -0.74913451
 -0.74908160
 -0.74903299
 -0.74897947
 -0.74891963
 -0.74885214
 -0.74877557
 -0.74868799
 -0.74858685
 -0.74846637
 -0.74832410
 -0.74815261
 -0.74794223
 -0.74767754
 -0.74733555
 -0.74687604
 -0.74622164
 -0.74540074
 -0.74355784
 -0.73895011
 -0.16790236
 -0.00069054
 -0.00063267
  0.00163251
  0.00004954
 -0.00224828
  0.27447032
  0.74691998
  0.74848884
  0.74897257
  0.74919798
  0.74928314
  0.74939541
  0.74949131
  0.74942465
  0.74952187
  0.74962590
  0.74967815
  0.74971474
  0.74974280
  0.74976512
  0.74976430
  0.74978010
  0.74979395
  0.74980615
  0.74981718
  0.74982682
  0.74983556
  0.74984350
  0.74985071
  0.74985727
  0.74986328
  0.74986880
  0.74987389
  0.74987861
  0.74988304
  0.00000000
