  0.01069005
  0.12115186
  0.12091089
  0.12072652
  0.12055445
  0.12037878
  0.12068043
  0.12092954
  0.12111214
  0.12130034
  0.12154600
  0.11684742
  0.11675625
  0.11675931
  0.11676278
  0.11676553
  0.11676767
  0.11676668
  0.11676512
  0.11676252
  0.11675914
  0.11675531
  0.11675104
  0.11674631
  0.11674111
  0.11673536
  0.11672898
  0.11672179
  0.11671358
  0.11670398
  0.11669489
  0.11882264
  0.11864911
  0.11853874
  0.11846277
  0.11845887
  0.11860853
  0.11873454
  0.11883441
  0.11892193
  0.11900180
  0.11909499
  0.11948252
  0.11926958
  0.12139974
  0.12190598
  0.12151407
  0.12149556
  0.12154490
  0.12164472
  0.12229673
  0.12218603
  0.12215803
  0.12210754
  0.12193943
  0.11874726
  0.12416360
  0.12417010
  0.12413771
  0.12413499
  0.12415046
  0.12418022
  0.12419541
  0.12423732
  0.12587136
  0.12585426
  0.12570508
  0.12549949
  0.12525321
  0.12498378
  0.12470121
  0.12441661
  0.12414832
  0.12390748
  0.12368547
  0.12348698
  0.12330743
  0.12315393
  0.12301861
  0.12301889
  0.12319511
  0.12259140
  0.12206623
  0.12161346
  0.12121855
  0.12086932
  0.12055643
  0.12027390
  0.12001806
  0.11979320
  0.11963816
  0.11716300
  0.12657797
  0.12615033
  0.12577020
  0.12538897
  0.12664338
  0.12706114
  0.12736546
  0.12772053
  0.11483195
  0.12389678
  0.12361804
  0.12339238
  0.12317663
  0.12619537
  0.12658504
  0.12221333
  0.12965792
  0.12739418
  0.12733458
  0.12734369
  0.12735649
  0.12737411
  0.12738696
  0.12738338
  0.12742377
  0.12776183
  0.12810251
  0.12679733
  0.12678630
  0.12684959
  0.12692350
  0.12699725
  0.12708512
  0.12719696
  0.12734876
  0.12731179
  0.12731753
  0.12731232
  0.12731353
  0.12728919
  0.12728885
  0.12730104
  0.12707686
  0.13338402
  0.13646900
  0.12614182
  0.21699474
  0.21754019
  0.21725425
  0.21722051
  0.17824181
  0.17091034
  0.21273074
  0.24137033
  0.24701577
  0.24807200
  0.24802688
  0.23613515
  0.23686432
  0.23719656
  0.19095013
  0.20555071
  0.22884570
  0.23511250
  0.23768007
  0.23888813
  0.23934257
  0.22129013
  0.22123002
  0.22121903
  0.22120542
  0.22140395
  0.22132388
  0.22133489
  0.22138663
  0.22142907
  0.22145310
  0.22146361
  0.22146572
  0.22146572
  0.22148354
  0.22156991
