  0.00000000
  0.00000000
 -0.02932170
 -0.05863020
 -0.08802246
 -0.11731857
 -0.14453090
 -0.11875870
 -0.08906279
 -0.05911389
 -0.02919999
  0.00075106
  0.00333378
  0.00315895
  0.00298818
  0.00284952
  0.00273820
  0.00265023
  0.00258285
  0.00253431
  0.00250396
  0.00249159
  0.00249772
  0.00252373
  0.00257203
  0.00264648
  0.00275299
  0.00290064
  0.00310375
  0.00338523
  0.00373770
  0.00122970
 -0.02766116
 -0.05615639
 -0.08379819
 -0.10818563
 -0.10953197
 -0.09070558
 -0.07020326
 -0.05122652
 -0.03575909
 -0.02361376
 -0.00813563
  0.01774281
  0.03534860
  0.01873956
 -0.00756184
 -0.01867627
 -0.02034231
 -0.01760066
 -0.00535170
  0.02227286
  0.04720490
  0.06435796
  0.06379415
  0.07783582
  0.10772448
  0.14016263
  0.17385576
  0.20906409
  0.24614679
  0.28553188
  0.32771541
  0.37325434
  0.41952780
  0.42026527
  0.42037391
  0.42044596
  0.42049366
  0.42052399
  0.42054101
  0.42054707
  0.42054361
  0.42053114
  0.42050912
  0.42047651
  0.42043113
  0.42036974
  0.42028657
  0.42012054
  0.38417507
  0.33833895
  0.29592230
  0.25649206
  0.21952215
  0.18455248
  0.15119321
  0.11911276
  0.08802576
  0.05768448
  0.02787428
 -0.00158717
  0.00031741
 -0.03117722
 -0.06275074
 -0.09459278
 -0.12657789
 -0.09548467
 -0.06338480
 -0.03150909
  0.00028329
  0.00030472
 -0.03050684
 -0.06138268
 -0.09241587
 -0.12226474
 -0.09036515
 -0.05848594
 -0.02989903
  0.00149562
  0.00538082
  0.00635212
  0.00764996
  0.01036723
  0.01894203
  0.03593296
  0.05478593
  0.05479877
  0.02790397
 -0.00222443
 -0.00365031
 -0.00286785
 -0.00231615
 -0.00192214
 -0.00162719
 -0.00139694
 -0.00122211
 -0.00107990
 -0.00096297
 -0.00086628
 -0.00078481
 -0.00071521
 -0.00065541
 -0.00060347
 -0.00055847
 -0.00026249
  0.03285016
 -0.00036051
 -0.00003399
  0.05440797
  0.11029345
  0.16884631
  0.23182805
  0.28827561
  0.34060925
  0.26790720
  0.19469457
  0.12655415
  0.06228293
 -0.00001964
  0.05926838
  0.12043107
  0.18526897
  0.24163772
  0.30839313
  0.25639761
  0.18635227
  0.12141820
  0.05979929
 -0.00020743
 -0.00384999
 -0.00545985
 -0.00832192
 -0.00820001
  0.03914707
  0.06088488
  0.05191291
  0.04356951
  0.04167933
  0.04509563
  0.05209011
  0.05951266
  0.05991779
  0.04034980
