  0.00000000
  0.00000000
  0.00029912
  0.00119318
  0.00268090
  0.00475356
  0.00733294
  0.00724465
  0.00634961
  0.00482570
  0.00268831
  0.00023967
  0.00116768
  0.00120592
  0.00123514
  0.00126816
  0.00130570
  0.00134829
  0.00139664
  0.00145173
  0.00151494
  0.00158790
  0.00167269
  0.00177207
  0.00188978
  0.00203094
  0.00220286
  0.00241630
  0.00268773
  0.00304327
  0.00348392
  0.00120984
  0.00836875
  0.01752327
  0.02695015
  0.03584754
  0.03740888
  0.03189926
  0.02539752
  0.01904822
  0.01365653
  0.00925704
  0.00327975
  0.02504983
  0.05213554
  0.02710191
  0.00310052
  0.00746643
  0.00792761
  0.00668434
  0.00198794
  0.02728546
  0.05605226
  0.07399325
  0.07087796
  0.08130427
  0.11401681
  0.14303071
  0.17078102
  0.19747445
  0.22327618
  0.24836309
  0.27284504
  0.29695803
  0.32254680
  0.30709288
  0.29089246
  0.27464950
  0.25843818
  0.24232062
  0.22633069
  0.21049583
  0.19484702
  0.17939255
  0.16410640
  0.14898460
  0.13400987
  0.11917951
  0.10447358
  0.08995901
  0.06917552
  0.04907529
  0.03277017
  0.01975963
  0.00962680
  0.00205155
  0.00101229
  0.00201464
  0.00239279
  0.00216381
  0.00133584
  0.00028042
  0.00002320
  0.00805858
  0.01837972
  0.03093208
  0.04626502
  0.03842431
  0.02784380
  0.01501715
  0.00004443
  0.00005545
  0.01713833
  0.03649815
  0.05797049
  0.08278924
  0.06458006
  0.04236102
  0.02402591
  0.00044608
  0.00168340
  0.00208210
  0.00262303
  0.00371294
  0.00707512
  0.01397800
  0.02217857
  0.02312032
  0.01225919
  0.00262667
  0.00444013
  0.00359238
  0.00298565
  0.00254786
  0.00221659
  0.00195465
  0.00175593
  0.00158995
  0.00145244
  0.00133765
  0.00124003
  0.00115551
  0.00108239
  0.00101835
  0.00096074
  0.00048381
  0.02680949
  0.00065544
  0.00010835
  0.08713425
  0.17632421
  0.26988443
  0.28390864
  0.33400226
  0.52911557
  0.48731172
  0.34729446
  0.21497322
  0.09991380
  0.00005770
  0.07948175
  0.15236016
  0.16620818
  0.22637844
  0.31320690
  0.25207828
  0.17276470
  0.10486915
  0.04769922
  0.00033833
  0.00585953
  0.00771620
  0.01085653
  0.00981573
  0.01600844
  0.02204085
  0.01643020
  0.01186311
  0.00955973
  0.00846762
  0.00768416
  0.00646385
  0.00425825
  0.00140732
