  0.00000000
  0.00000000
 -0.05857632
 -0.11672735
 -0.17425939
 -0.23046817
 -0.28139230
 -0.23319633
 -0.17627676
 -0.11768150
 -0.05833373
  0.00150212
  0.00666746
  0.00631782
  0.00597629
  0.00569898
  0.00547634
  0.00530042
  0.00516565
  0.00506858
  0.00500788
  0.00498314
  0.00499540
  0.00504741
  0.00514402
  0.00529292
  0.00550592
  0.00580121
  0.00620741
  0.00677036
  0.00747526
  0.00245939
 -0.05526598
 -0.11184409
 -0.16605321
 -0.21308679
 -0.21565744
 -0.17946023
 -0.13949579
 -0.10209800
 -0.07139727
 -0.04719255
 -0.01626982
  0.03547073
  0.07057979
  0.03746160
 -0.01512253
 -0.03733520
 -0.04066223
 -0.03518682
 -0.01070300
  0.04451630
  0.09413087
  0.12801211
  0.12690267
  0.15443216
  0.21220559
  0.27331107
  0.33463614
  0.39603835
  0.45746752
  0.51887715
  0.58019247
  0.64127929
  0.69810604
  0.69897080
  0.69909812
  0.69918253
  0.69923842
  0.69927395
  0.69929388
  0.69930098
  0.69929693
  0.69928232
  0.69925652
  0.69921832
  0.69916516
  0.69909324
  0.69899577
  0.69880115
  0.65514219
  0.59490157
  0.53440139
  0.47398093
  0.41370596
  0.35359247
  0.29364475
  0.23386648
  0.17426577
  0.11486115
  0.05569091
 -0.00317434
  0.00063482
 -0.06227381
 -0.12484874
 -0.18697576
 -0.24794660
 -0.18869735
 -0.12609700
 -0.06293495
  0.00056658
  0.00060944
 -0.06093815
 -0.12215414
 -0.18276907
 -0.23982356
 -0.17880039
 -0.11644282
 -0.05972693
  0.00299123
  0.01076123
  0.01270355
  0.01529876
  0.02073171
  0.03786602
  0.07174463
  0.10915145
  0.10916199
  0.05575013
 -0.00444883
 -0.00730049
 -0.00573565
 -0.00463227
 -0.00384426
 -0.00325437
 -0.00279386
 -0.00244422
 -0.00215980
 -0.00192594
 -0.00173256
 -0.00156962
 -0.00143042
 -0.00131081
 -0.00120695
 -0.00111695
 -0.00052498
  0.06560602
 -0.00072103
 -0.00006799
  0.10838948
  0.21711004
  0.32566877
  0.43415213
  0.52299928
  0.59800941
  0.49188697
  0.37132576
  0.24790199
  0.12392751
 -0.00003927
  0.11798621
  0.23636001
  0.35485301
  0.45017867
  0.55267100
  0.47383130
  0.35675669
  0.23822517
  0.11903319
 -0.00041486
 -0.00769983
 -0.01091928
 -0.01664234
 -0.01639859
  0.07813511
  0.12117380
  0.10345519
  0.08691987
  0.08316690
  0.08994846
  0.10380633
  0.11846838
  0.11926697
  0.08052509
  0.00000000
