  0.00000000
  0.00000000
  0.00095482
  0.00381579
  0.00858925
  0.01525749
  0.02357993
  0.02333909
  0.02049352
  0.01560398
  0.00870893
  0.00007390
  0.00035943
  0.00037057
  0.00037891
  0.00038839
  0.00039921
  0.00041154
  0.00042559
  0.00044163
  0.00046009
  0.00048145
  0.00050631
  0.00053551
  0.00057013
  0.00061170
  0.00066239
  0.00072538
  0.00080553
  0.00091060
  0.00104074
  0.00036049
  0.02813155
  0.05900093
  0.09089057
  0.12109980
  0.12659494
  0.10813741
  0.08624523
  0.06479534
  0.04653431
  0.03159741
  0.01121599
  0.00731375
  0.01517783
  0.00790036
  0.01061546
  0.02551900
  0.02704898
  0.02276848
  0.00676184
  0.00803635
  0.01653850
  0.02187140
  0.02098945
  0.02415457
  0.03385028
  0.04254253
  0.05089120
  0.05895477
  0.06678116
  0.07442207
  0.08191025
  0.08931472
  0.09714203
  0.09266646
  0.08795125
  0.08320522
  0.07845000
  0.07370391
  0.06897713
  0.06427809
  0.05961638
  0.05499494
  0.05040641
  0.04584998
  0.04132079
  0.03681832
  0.03233681
  0.02789695
  0.02149222
  0.01527693
  0.01022078
  0.00617456
  0.00301386
  0.00064348
  0.00321297
  0.00635741
  0.00750753
  0.00675072
  0.00414425
  0.00009084
  0.00007104
  0.00264807
  0.00607572
  0.01028530
  0.01548535
  0.01294192
  0.00943682
  0.00512159
  0.00013060
  0.00016117
  0.00592833
  0.01269345
  0.02026928
  0.02918264
  0.02290233
  0.01504598
  0.00864233
  0.00123567
  0.00463706
  0.00570302
  0.00714435
  0.01005649
  0.01905682
  0.03744278
  0.05908103
  0.06122749
  0.03227337
  0.00100139
  0.00170175
  0.00138427
  0.00115668
  0.00099238
  0.00086799
  0.00076955
  0.00069508
  0.00063260
  0.00058087
  0.00053769
  0.00050100
  0.00046919
  0.00044172
  0.00041768
  0.00039585
  0.00020273
  0.06326617
  0.00027371
  0.00005371
  0.17512986
  0.35455958
  0.54271969
  0.61140361
  0.72900050
  1.07218990
  0.94569492
  0.67766908
  0.42519647
  0.20072427
  0.00002778
  0.16733872
  0.32549389
  0.38448921
  0.51877643
  0.70494562
  0.57153016
  0.39682161
  0.24456521
  0.11309139
  0.00013768
  0.00234794
  0.00304406
  0.00421559
  0.00375121
  0.04258374
  0.05961382
  0.04519572
  0.03319884
  0.02722571
  0.02454965
  0.02268682
  0.01944057
  0.01305085
  0.00439692
