  0.00000000
  0.00000000
  0.01128991
  0.02313918
  0.03555503
  0.04852718
  0.06219121
  0.07315162
  0.08330372
  0.09285953
  0.10187932
  0.10599144
  0.11642859
  0.12665992
  0.13688941
  0.14711982
  0.15735124
  0.16758002
  0.17780913
  0.18803786
  0.19826675
  0.20849653
  0.21872767
  0.22896081
  0.23919682
  0.24943694
  0.25968292
  0.26993739
  0.28020448
  0.29049086
  0.30080095
  0.31594518
  0.33431480
  0.35400003
  0.37403594
  0.39371920
  0.40629377
  0.41152232
  0.41566893
  0.41995191
  0.42521240
  0.43155278
  0.43733200
  0.45127158
  0.47786999
  0.46196090
  0.44460012
  0.43806943
  0.42771430
  0.41573840
  0.40196265
  0.39668043
  0.39421456
  0.38841018
  0.37585192
  0.35901536
  0.37323422
  0.37069083
  0.36769040
  0.36447575
  0.36105847
  0.35747664
  0.35369630
  0.34988072
  0.34963269
  0.33310526
  0.31609744
  0.29900369
  0.28189270
  0.26482505
  0.24783415
  0.23094817
  0.21420014
  0.19759958
  0.18111952
  0.16475653
  0.14849281
  0.13232625
  0.11623591
  0.10030495
  0.08242900
  0.06439058
  0.04774052
  0.03229381
  0.01789316
  0.00441836
  0.00000000
  0.00000000
  0.00000000
  0.00000000
  0.00000000
  0.00000000
  0.00000000
  0.00000000
  0.00000000
  0.00000000
  0.00000000
  0.00000000
  0.00000000
  0.00000000
  0.00000000
  0.00000000
  0.00000000
  0.00000000
  0.00000000
  0.00000000
  0.00000000
  0.00000000
  0.00000000
  0.00000000
  0.00000000
  0.00000000
  0.00000000
  0.00000000
  0.00000000
  0.00000000
  0.00000000
  0.00000000
  0.00000000
  0.00000000
  0.00000000
  0.00000000
  0.00000000
  0.00000000
  0.00000000
  0.00000000
  0.00000000
  0.00000000
  0.00000000
  0.00000000
  0.00000000
  0.00000000
  0.00000000
  0.00000000
  0.00000000
  0.00000000
  0.00000000
  0.00000000
  0.00000000
  0.00000000
  0.00000000
  0.00000000
  0.00000000
  0.00000000
  0.00000000
  0.00000000
  0.00000000
  0.00000000
  0.00000000
  0.00000000
  0.00000000
  0.00000000
  0.00000000
  0.00000000
  0.00000000
  0.00000000
  0.00000000
  0.00000000
  0.00000000
  0.00000000
  0.00000000
  0.00000000
  0.00000000
  0.00000000
  0.00000000
  0.00000000
  0.00000000
  0.00000000
  0.00000000
  0.00000000
  0.00000000
  0.00000000
 -0.00000000
  0.00000000
