  3.37772397
  3.37772397
  3.37772397
  3.37772397
  3.37773102
  3.37778369
  3.37797961
  3.37850439
  3.37965363
  3.38159506
  3.38441842
  3.38811703
  3.39237620
  3.39703398
  3.40205311
  3.40742408
  3.41313742
  3.41918318
  3.42555072
  3.43222885
  3.43920561
  3.44646814
  3.45400253
  3.46179359
  3.46982454
  3.47807668
  3.48652889
  3.49515694
  3.50393260
  3.51282224
  3.52178480
  3.53076867
  3.53987430
  3.54914486
  3.56173066
  3.58122485
  3.61163048
  3.65707819
  3.71896089
  3.79577139
  3.88541763
  3.98568491
  4.09461199
  4.21079686
  4.33110654
  4.45292013
  4.56535592
  4.67107882
  4.77555061
  4.88066023
  4.98646460
  5.09273605
  5.19674366
  5.29459101
  5.38319841
  5.46087156
  5.52675386
  5.58482078
  5.62914655
  5.65755924
  5.66833730
  5.66017698
  5.63221438
  5.58406238
  5.51582730
  5.42701525
  5.31976098
  5.19849055
  5.06732978
  4.93002119
  4.78987681
  4.64977068
  4.51214468
  4.37902369
  4.25205878
  4.13258829
  4.02166417
  3.92010186
  3.82850886
  3.74733409
  3.67682604
  3.61715294
  3.56885192
  3.53184176
  3.50602046
  3.49128621
  3.48754317
  3.49470277
  3.51268361
  3.54141168
  3.58082334
  3.63088382
  3.69037368
  3.76572253
  3.85274476
  3.95137860
  4.06154918
  4.18478093
  4.32057480
  4.46888995
  4.62984988
  4.78557444
  4.96425240
  5.15400490
  5.35486150
  5.56677967
  5.79550874
  6.03670506
  6.28085568
  6.55144011
  6.82944567
  7.11944004
  7.42160028
  7.73595005
  8.06252114
  8.40133538
  8.75243279
  9.11607759
  9.49324215
  9.88390724
 10.28282016
 10.69373680
 11.11689781
 11.55235702
 12.00013423
 12.46030068
 12.93296945
 13.41832348
 13.91566721
 14.42515909
 14.94675364
 15.48047353
 16.02620624
 16.58404566
 17.15404229
 17.73511137
 18.35766262
 19.00817617
 19.62238040
 20.69918860
 21.78662945
 22.87069218
 23.93901297
 24.77175912
 25.49097018
 26.21928224
 26.67506437
 26.76044909
 26.58379726
 26.26213116
 25.90526238
 25.56237496
 25.18652248
 24.82954521
 24.38250051
 23.80777752
 23.14448717
 22.45726150
 21.78614449
 21.14945777
 20.59901069
 20.08538364
 19.60848260
 19.16831671
 18.76450904
 18.39760439
 18.06711647
 17.77306758
 17.51565323
 17.29497594
 17.11107836
 16.96397527
 16.85366398
 16.78012590
 16.74334140
